0,0,0.0
0,1,0.0
0,10,0.0
0,11,0.0
0,12,0.0
0,13,0.0
0,14,0.0
0,15,30.0
0,2,0.0
0,3,0.0
0,4,0.0
0,5,0.0
0,6,0.0
0,7,0.0
0,8,0.0
0,9,0.0
1,0,0.0
1,1,0.6922815
1,10,5.265724
1,11,6.0085497
1,12,7.2769327
1,13,9.760479
1,14,15.353139
1,15,30.0
1,2,1.3630311
1,3,1.9938982
1,4,2.5707712
1,5,3.0876565
1,6,3.5457761
1,7,3.957618
1,8,4.3473763
1,9,4.7584505
10,0,0.0
10,1,10.878932
10,10,47.837166
10,11,46.385063
10,12,43.85511
10,13,40.183453
10,14,35.442566
10,15,30.0
10,2,20.710197
10,3,28.940989
10,4,35.467083
10,5,40.419838
10,6,44.01008
10,7,46.43461
10,8,47.839615
10,9,48.30464
11,0,0.0
11,1,14.289184
11,10,55.481857
11,11,53.51799
11,12,50.141033
11,13,45.078033
11,14,38.218754
11,15,30.0
11,2,26.606874
11,3,36.311172
11,4,43.567635
11,5,48.802723
11,6,52.43163
11,7,54.771935
11,8,56.023327
11,9,56.269287
12,0,0.0
12,1,19.705807
12,10,64.563
12,11,62.30127
12,12,58.303474
12,13,51.906975
12,14,42.424423
12,15,30.0
12,2,35.189796
12,3,46.237686
12,4,53.8393
12,5,58.97758
12,6,62.363747
12,7,64.44827
12,8,65.47936
12,9,65.54164
13,0,0.0
13,1,29.379646
13,10,75.1652
13,11,73.02959
13,12,69.038246
13,13,61.942314
13,14,49.635666
13,15,30.0
13,2,48.27851
13,3,59.71782
13,4,66.71573
13,5,71.0818
13,6,73.80431
13,7,75.408516
13,8,76.15023
13,9,76.101006
14,0,0.0
14,1,49.561806
14,10,87.14451
14,11,85.77378
14,12,83.00566
14,13,77.28055
14,14,64.222664
14,15,30.0
14,2,68.8831
14,3,77.722626
14,4,82.336006
14,5,84.966446
14,6,86.523094
14,7,87.40852
14,8,87.79828
14,9,87.73577
15,0,0.0
15,1,100.0
15,10,100.0
15,11,100.0
15,12,100.0
15,13,100.0
15,14,100.0
15,15,30.0
15,2,100.0
15,3,100.0
15,4,100.0
15,5,100.0
15,6,100.0
15,7,100.0
15,8,100.0
15,9,100.0
2,0,0.0
2,1,1.3881505
2,10,10.254343
2,11,11.459065
2,12,13.314333
2,13,16.396301
2,14,21.644173
2,15,30.0
2,2,2.7324977
2,3,3.993905
2,4,5.1452103
2,5,6.1709423
2,6,7.0744047
2,7,7.8751945
2,8,8.616916
2,9,9.371089
3,0,0.0
3,1,2.0956914
3,10,14.84927
3,11,16.20173
3,12,18.084167
3,13,20.838875
3,14,24.81431
3,15,30.0
3,2,4.1217
3,3,6.0183735
3,4,7.7397594
3,5,9.263847
3,6,10.588866
3,7,11.741367
3,8,12.772456
3,9,13.766764
4,0,0.0
4,1,2.8299236
4,10,19.088596
4,11,20.350132
4,12,21.934464
4,13,24.031853
4,14,26.759495
4,15,30.0
4,2,5.560695
4,3,8.104602
4,4,10.3997755
4,5,12.409455
4,6,14.13153
4,7,15.590152
4,8,16.841549
4,9,17.969185
5,0,0.0
5,1,3.6187072
5,10,23.112747
5,11,24.121254
5,12,25.23704
5,13,26.572119
5,14,28.182343
5,15,30.0
5,2,7.0988617
5,3,10.32292
5,4,13.203276
5,5,15.695425
5,6,17.788916
5,7,19.511494
5,8,20.916498
5,9,22.08348
6,0,0.0
6,1,4.503783
6,10,27.118294
6,11,27.765442
6,12,28.309664
6,13,28.835835
6,14,29.396978
6,15,30.0
6,2,8.81686
6,3,12.777201
6,4,16.275414
6,5,19.251945
6,6,21.699982
6,7,23.646317
6,8,25.147575
6,9,26.27671
7,0,0.0
7,1,5.54951
7,10,31.337706
7,11,31.539082
7,12,31.432713
7,13,31.088564
7,14,30.584782
7,15,30.0
7,2,10.828568
7,3,15.620639
7,4,19.784546
7,5,23.260775
7,6,26.046432
7,7,28.182606
7,8,29.72952
7,9,30.757275
8,0,0.0
8,1,6.8487034
8,10,36.021057
8,11,35.7104
8,12,34.869675
8,13,33.560966
8,14,31.883972
8,15,30.0
8,2,13.30097
8,3,19.057602
8,4,23.955868
8,5,27.94412
8,6,31.050644
8,7,33.33899
8,8,34.885906
8,9,35.761482
9,0,0.0
9,1,8.546032
9,10,41.433517
9,11,40.557625
9,12,38.902657
9,13,36.491447
9,14,33.439228
9,15,30.0
9,2,16.472473
9,3,23.370192
9,4,29.067595
9,5,33.567177
9,6,36.95575
9,7,39.34912
9,8,40.85038
9,9,41.532482
