0,0,0.0
0,1,0.0
0,10,0.0
0,11,0.0
0,12,0.0
0,13,0.0
0,14,0.0
0,15,30.0
0,2,0.0
0,3,0.0
0,4,0.0
0,5,0.0
0,6,0.0
0,7,0.0
0,8,0.0
0,9,0.0
1,0,0.0
1,1,0.629529
1,10,5.14913
1,11,5.921898
1,12,7.2169657
1,13,9.723457
1,14,15.33557
1,15,30.0
1,2,1.2435148
1,3,1.828284
1,4,2.3737493
1,5,2.874851
1,6,3.3330107
1,7,3.757936
1,8,4.170846
1,9,4.610873
10,0,0.0
10,1,11.088428
10,10,49.310043
10,11,47.704376
10,12,44.93541
10,13,40.949184
10,14,35.840065
10,15,30.0
10,2,21.13256
10,3,29.581717
10,4,36.326973
10,5,41.49245
10,6,45.27379
10,7,47.85131
10,8,49.352512
10,9,49.839783
11,0,0.0
11,1,14.516092
11,10,56.942154
11,11,54.819687
11,12,51.201275
11,13,45.82807
11,14,38.606964
11,15,30.0
11,2,27.062073
11,3,36.994297
11,4,44.474766
11,5,49.91971
11,6,53.732277
11,7,56.21367
11,8,57.547348
11,9,57.803192
12,0,0.0
12,1,19.91646
12,10,65.847855
12,11,63.441463
12,12,59.230385
12,13,52.560722
12,14,42.762756
12,15,30.0
12,2,35.61041
12,3,46.86606
12,4,54.667553
12,5,59.990578
12,6,63.534447
12,7,65.73705
12,8,66.83353
12,9,66.8966
13,0,0.0
13,1,29.541464
13,10,76.12114
13,11,73.876564
13,12,69.72496
13,13,62.426506
13,14,49.885803
13,15,30.0
13,2,48.601234
13,3,60.19805
13,4,67.346634
13,5,71.84978
13,6,74.68815
13,7,76.37746
13,8,77.1642
13,9,77.112595
14,0,0.0
14,1,49.649666
14,10,87.654594
14,11,86.224815
14,12,83.37129
14,13,77.53793
14,14,64.355705
14,15,30.0
14,2,69.05799
14,3,77.98261
14,4,82.67667
14,5,85.38031
14,6,86.998215
14,7,87.92818
14,8,88.341095
14,9,88.27608
15,0,0.0
15,1,100.0
15,10,100.0
15,11,100.0
15,12,100.0
15,13,100.0
15,14,100.0
15,15,30.0
15,2,100.0
15,3,100.0
15,4,100.0
15,5,100.0
15,6,100.0
15,7,100.0
15,8,100.0
15,9,100.0
2,0,0.0
2,1,1.2749863
2,10,10.065723
2,11,11.323225
2,12,13.223903
2,13,16.342266
2,14,21.619328
2,15,30.0
2,2,2.516994
2,3,3.6969886
2,4,4.793286
2,5,5.794367
2,6,6.701184
2,7,7.5299797
2,8,8.316719
2,9,9.125629
3,0,0.0
3,1,1.9541881
3,10,14.668877
3,11,16.084858
3,12,18.01595
3,13,20.80434
3,14,24.800488
3,15,30.0
3,2,3.854025
3,3,5.6516185
3,4,7.3109527
3,5,8.811591
3,6,10.1513
3,7,11.348273
3,8,12.444755
3,9,13.513452
4,0,0.0
4,1,2.6889281
4,10,19.017464
4,11,20.336617
4,12,21.954922
4,13,24.061611
4,14,26.779802
4,15,30.0
4,2,5.2956095
4,3,7.747943
4,4,9.991695
4,5,11.995025
4,6,13.750058
4,7,15.273442
4,8,16.607113
4,9,17.82097
5,0,0.0
5,1,3.507497
5,10,23.251396
5,11,24.296234
5,12,25.411127
5,13,26.711327
5,14,28.259136
5,15,30.0
5,2,6.894704
5,3,10.057432
5,4,12.91883
5,5,15.433803
5,6,17.588457
5,7,19.396854
5,8,20.898067
5,9,22.154446
6,0,0.0
6,1,4.4483695
6,10,27.547388
6,11,28.194466
6,12,28.689009
6,13,29.118298
6,14,29.547932
6,15,30.0
6,2,8.722207
6,3,12.674067
6,4,16.199799
6,5,19.24179
6,6,21.78304
6,7,23.838135
6,8,25.44476
6,9,26.65804
7,0,0.0
7,1,5.566144
7,10,32.097305
7,11,32.255432
7,12,32.040295
7,13,31.530642
7,14,30.817219
7,15,30.0
7,2,10.876399
7,3,15.723662
7,4,19.973362
7,5,23.56097
7,6,26.475557
7,7,28.740438
7,8,30.397667
7,9,31.498125
8,0,0.0
8,1,6.9425087
8,10,37.101334
8,11,36.701004
8,12,35.69523
8,13,34.15311
8,14,32.193584
8,15,30.0
8,2,13.498867
8,3,19.378601
8,4,24.418938
8,5,28.565002
8,6,31.830982
8,7,34.26453
8,8,35.921753
8,9,36.85356
9,0,0.0
9,1,8.707912
9,10,42.767365
9,11,41.76417
9,12,39.896187
9,13,37.19978
9,14,33.807472
9,15,30.0
9,2,16.80369
9,3,23.88124
9,4,29.769506
9,5,34.46176
9,6,38.03304
9,7,40.580036
9,8,42.18667
9,9,42.90803
