0,0,0.0
0,1,0.0
0,10,0.0
0,11,0.0
0,12,0.0
0,13,0.0
0,14,0.0
0,15,30.0
0,2,0.0
0,3,0.0
0,4,0.0
0,5,0.0
0,6,0.0
0,7,0.0
0,8,0.0
0,9,0.0
1,0,0.0
1,1,0.6288961
1,10,5.132716
1,11,5.906465
1,12,7.203888
1,13,9.713948
1,14,15.33057
1,15,30.0
1,2,1.2419779
1,3,1.8254191
1,4,2.368983
1,5,2.8677397
1,6,3.323226
1,7,3.745533
1,8,4.1562023
1,9,4.5947886
10,0,0.0
10,1,11.040004
10,10,49.051025
10,11,47.476585
10,12,44.751526
10,13,40.8201
10,14,35.77346
10,15,30.0
10,2,21.036688
10,3,29.44035
10,4,36.143623
10,5,41.272163
10,6,45.02376
10,7,47.580738
10,8,49.07264
10,9,49.56349
11,0,0.0
11,1,14.470051
11,10,56.70118
11,11,54.608047
11,12,51.0308
11,13,45.70845
11,14,38.545326
11,15,30.0
11,2,26.970957
11,3,36.86029
11,4,44.301292
11,5,49.711945
11,6,53.49711
11,7,55.95994
11,8,57.285652
11,9,57.545456
12,0,0.0
12,1,19.877085
12,10,65.644936
12,11,63.263573
12,12,59.087166
12,13,52.460373
12,14,42.711037
12,15,30.0
12,2,35.532593
12,3,46.7517
12,4,54.519836
12,5,59.813942
12,6,63.334957
12,7,65.52226
12,8,66.61243
12,9,66.67929
13,0,0.0
13,1,29.512695
13,10,75.974396
13,11,73.747986
13,12,69.621574
13,13,62.35405
13,14,49.848503
13,15,30.0
13,2,48.54439
13,3,60.11462
13,4,67.238945
13,5,71.721214
13,6,74.54313
13,7,76.221535
13,8,77.003914
13,9,76.955215
14,0,0.0
14,1,49.634476
14,10,87.57756
14,11,86.15738
14,12,83.31706
14,13,77.49997
14,14,64.33615
14,15,30.0
14,2,69.028
14,3,77.9386
14,4,82.6199
14,5,85.312584
14,6,86.92188
14,7,87.846176
14,8,88.25685
14,9,88.19344
15,0,0.0
15,1,100.0
15,10,100.0
15,11,100.0
15,12,100.0
15,13,100.0
15,14,100.0
15,15,30.0
15,2,100.0
15,3,100.0
15,4,100.0
15,5,100.0
15,6,100.0
15,7,100.0
15,8,100.0
15,9,100.0
2,0,0.0
2,1,1.2727962
2,10,10.0297
2,11,11.289697
2,12,13.195656
2,13,16.321842
2,14,21.608603
2,15,30.0
2,2,2.512182
2,3,3.6886985
2,4,4.780652
2,5,5.776512
2,6,6.6777873
2,7,7.5012097
2,8,8.2836
2,9,9.089876
3,0,0.0
3,1,1.9488523
3,10,14.607704
3,11,16.02855
3,12,17.968952
3,13,20.770523
3,14,24.782806
3,15,30.0
3,2,3.8427439
3,3,5.6334925
3,4,7.2848043
3,5,8.776712
3,6,10.107419
3,7,11.296244
3,8,12.3863945
3,9,13.451756
4,0,0.0
4,1,2.678446
4,10,18.924648
4,11,20.252197
4,12,21.884983
4,13,24.01162
4,14,26.753723
4,15,30.0
4,2,5.2741365
4,3,7.7144747
4,4,9.945442
4,5,11.9354105
4,6,13.67766
4,7,15.189879
4,8,16.515598
4,9,17.726004
5,0,0.0
5,1,3.4900808
5,10,23.12148
5,11,24.179121
5,12,25.314882
5,13,26.642807
5,14,28.223534
5,15,30.0
5,2,6.859396
5,3,10.003714
5,4,12.846161
5,5,15.342617
5,6,17.48011
5,7,19.274494
5,8,20.766392
5,9,22.019842
6,0,0.0
6,1,4.422724
6,10,27.377645
6,11,28.04271
6,12,28.564919
6,13,29.030394
6,14,29.50232
6,15,30.0
6,2,8.670792
6,3,12.596655
6,4,16.096876
6,5,19.11455
6,6,21.634422
6,7,23.672688
6,8,25.26912
6,9,26.480556
7,0,0.0
7,1,5.5320845
7,10,31.889572
7,11,32.070694
7,12,31.890036
7,13,31.424456
7,14,30.762278
7,15,30.0
7,2,10.808357
7,3,15.622229
7,4,19.839676
7,5,23.397697
7,6,26.286842
7,7,28.532677
7,8,30.179226
7,9,31.279247
8,0,0.0
8,1,6.900984
8,10,36.862564
8,11,36.489754
8,12,35.52388
8,13,34.03242
8,14,32.13118
8,15,30.0
8,2,13.416325
8,3,19.256073
8,4,24.258732
8,5,28.37069
8,6,31.608288
8,7,34.021175
8,8,35.667725
8,9,36.600693
9,0,0.0
9,1,8.661265
9,10,42.51009
9,11,41.537193
9,12,39.712708
9,13,37.070698
9,14,33.74086
9,15,30.0
9,2,16.71109
9,3,23.744446
9,4,29.591358
9,5,34.246994
9,6,37.788197
9,7,40.314026
9,8,41.91046
9,9,42.63433
