0,0,0.0
0,1,0.0
0,10,0.0
0,11,0.0
0,12,0.0
0,13,0.0
0,14,0.0
0,15,30.0
0,2,0.0
0,3,0.0
0,4,0.0
0,5,0.0
0,6,0.0
0,7,0.0
0,8,0.0
0,9,0.0
1,0,0.0
1,1,0.63568926
1,10,5.1765566
1,11,5.945606
1,12,7.2358313
1,13,9.73657
1,14,15.342293
1,15,30.0
1,2,1.2556007
1,3,1.8458369
1,4,2.3960829
1,5,2.9010825
1,6,3.3620663
1,7,3.7886024
1,8,4.2017984
1,9,4.640742
10,0,0.0
10,1,11.119976
10,10,49.448822
10,11,47.824196
10,12,45.03064
10,13,41.015335
10,14,35.873955
10,15,30.0
10,2,21.194439
10,3,29.67148
10,4,36.441067
10,5,41.626255
10,6,45.42178
10,7,48.00723
10,8,49.509632
10,9,49.991154
11,0,0.0
11,1,14.543744
11,10,57.06366
11,11,54.92456
11,12,51.284637
11,13,45.885963
11,14,38.636627
11,15,30.0
11,2,27.116293
11,3,37.07296
11,4,44.574738
11,5,50.03694
11,6,53.861916
11,7,56.350235
11,8,57.68494
11,9,57.935726
12,0,0.0
12,1,19.93871
12,10,65.945526
12,11,63.525764
12,12,59.29738
12,13,52.607254
12,14,42.786594
12,15,30.0
12,2,35.654037
12,3,46.929344
12,4,54.747982
12,5,60.08487
12,6,63.63871
12,7,65.84688
12,8,66.94417
12,9,67.00316
13,0,0.0
13,1,29.557053
13,10,76.189545
13,11,73.93559
13,12,69.77187
13,13,62.45908
13,14,49.902493
13,15,30.0
13,2,48.631805
13,3,60.2424
13,4,67.402985
13,5,71.91585
13,6,74.76119
13,7,76.454384
13,8,77.2417
13,9,77.187225
14,0,0.0
14,1,49.657696
14,10,87.68982
14,11,86.25522
14,12,83.39545
14,13,77.5547
14,14,64.364296
14,15,30.0
14,2,69.07374
14,3,78.005455
14,4,82.705696
14,5,85.41434
14,6,87.03583
14,7,87.967804
14,8,88.381
14,9,88.31451
15,0,0.0
15,1,100.0
15,10,100.0
15,11,100.0
15,12,100.0
15,13,100.0
15,14,100.0
15,15,30.0
15,2,100.0
15,3,100.0
15,4,100.0
15,5,100.0
15,6,100.0
15,7,100.0
15,8,100.0
15,9,100.0
2,0,0.0
2,1,1.2871568
2,10,10.119882
2,11,11.370038
2,12,13.26115
2,13,16.368156
2,14,21.632599
2,15,30.0
2,2,2.5408773
2,3,3.7316651
2,4,4.8374133
2,5,5.846183
2,6,6.758582
2,7,7.5905476
2,8,8.377851
2,9,9.184614
3,0,0.0
3,1,1.9720612
3,10,14.74832
3,11,16.153517
3,12,18.070578
3,13,20.842308
3,14,24.819948
3,15,30.0
3,2,3.8890882
3,3,5.702535
3,4,7.375727
3,5,8.887655
3,6,10.235537
3,7,11.437157
3,8,12.53445
3,9,13.599985
4,0,0.0
4,1,2.7120008
4,10,19.1199
4,11,20.425137
4,12,22.02534
4,13,24.11055
4,14,26.804884
4,15,30.0
4,2,5.3408813
4,3,7.8136635
4,4,10.075309
4,5,12.093178
4,6,13.858753
4,7,15.388105
4,8,16.722805
4,9,17.932566
5,0,0.0
5,1,3.5350626
5,10,23.373579
5,11,24.401798
5,12,25.495098
5,13,26.769672
5,14,28.28904
5,15,30.0
5,2,6.948776
5,3,10.135935
5,4,13.018671
5,5,15.551004
5,6,17.718203
5,7,19.533707
5,8,21.036112
5,9,22.287579
6,0,0.0
6,1,4.479475
6,10,27.685045
6,11,28.313389
6,12,28.783583
6,13,29.184013
6,14,29.581604
6,15,30.0
6,2,8.783229
6,3,12.762631
6,4,16.312439
6,5,19.373974
6,6,21.929356
6,7,23.99242
6,8,25.60036
6,9,26.808067
7,0,0.0
7,1,5.5996094
7,10,32.24516
7,11,32.383125
7,12,32.14184
7,13,31.601189
7,14,30.85337
7,15,30.0
7,2,10.942037
7,3,15.81893
7,4,20.09449
7,5,23.703102
7,6,26.63284
7,7,28.906258
7,8,30.564856
7,9,31.659296
8,0,0.0
8,1,6.9769297
8,10,37.253174
8,11,36.832134
8,12,35.79948
8,13,34.225536
8,14,32.23069
8,15,30.0
8,2,13.566382
8,3,19.476566
8,4,24.543493
8,5,28.711117
8,6,31.99265
8,7,34.43492
8,8,36.09352
8,9,37.019108
9,0,0.0
9,1,8.741727
9,10,42.916298
9,11,41.892757
9,12,39.998417
9,13,37.270782
9,14,33.843857
9,15,30.0
9,2,16.870003
9,3,23.977463
9,4,29.891813
9,5,34.605225
9,6,38.19173
9,7,40.747272
9,8,42.355213
9,9,43.070442
