0,0,0.0
0,1,0.0
0,2,0.0
0,3,0.0
0,4,0.0
0,5,0.0
0,6,0.0
0,7,30.0
1,0,0.0
1,1,2.9546041
1,2,5.5685425
1,3,7.7091603
1,4,9.561412
1,5,11.841178
1,6,16.58297
1,7,30.0
2,0,0.0
2,1,6.255971
2,2,11.621616
2,3,15.720718
2,4,18.709558
2,5,21.231913
2,6,24.49714
2,7,30.0
3,0,0.0
3,1,10.459095
3,2,18.961777
3,3,24.868622
3,4,28.350552
3,5,29.901083
3,6,30.185677
3,7,30.0
4,0,0.0
4,1,16.633265
4,2,28.92458
4,3,36.475056
4,4,39.956985
4,5,39.863888
4,6,36.359844
4,7,30.0
5,0,0.0
5,1,27.164757
5,2,43.655933
5,3,52.185074
5,4,55.173912
5,5,53.266228
5,6,45.40593
5,7,30.0
6,0,0.0
6,1,48.38249
6,2,66.372444
6,3,73.464424
6,4,75.31667
6,5,72.64508
6,6,62.010857
6,7,30.0
7,0,0.0
7,1,100.0
7,2,100.0
7,3,100.0
7,4,100.0
7,5,100.0
7,6,100.0
7,7,30.0
