0,0,0.0
0,1,0.0
0,10,0.0
0,11,0.0
0,12,0.0
0,13,0.0
0,14,0.0
0,15,30.0
0,2,0.0
0,3,0.0
0,4,0.0
0,5,0.0
0,6,0.0
0,7,0.0
0,8,0.0
0,9,0.0
1,0,0.0
1,1,0.63565385
1,10,5.1764097
1,11,5.9454803
1,12,7.235731
1,13,9.736501
1,14,15.342257
1,15,30.0
1,2,1.2555315
1,3,1.845737
1,4,2.3959565
1,5,2.9009352
1,6,3.3619044
1,7,3.7884336
1,8,4.201629
1,9,4.64058
10,0,0.0
10,1,11.119829
10,10,49.448215
10,11,47.823677
10,12,45.030235
10,13,41.015045
10,14,35.87381
10,15,30.0
10,2,21.19415
10,3,29.67107
10,4,36.440544
10,5,41.62564
10,6,45.421112
10,7,48.006523
10,8,49.50893
10,9,49.990486
11,0,0.0
11,1,14.543619
11,10,57.06314
11,11,54.924118
11,12,51.284283
11,13,45.88572
11,14,38.636497
11,15,30.0
11,2,27.11605
11,3,37.07261
11,4,44.57429
11,5,50.03642
11,6,53.86134
11,7,56.34964
11,8,57.68434
11,9,57.935154
12,0,0.0
12,1,19.93861
12,10,65.94512
12,11,63.525414
12,12,59.297108
12,13,52.607063
12,14,42.7865
12,15,30.0
12,2,35.653843
12,3,46.929066
12,4,54.747623
12,5,60.084457
12,6,63.63826
12,7,65.846405
12,8,66.94369
12,9,67.00271
13,0,0.0
13,1,29.556984
13,10,76.189255
13,11,73.935356
13,12,69.77168
13,13,62.458954
13,14,49.902428
13,15,30.0
13,2,48.631676
13,3,60.2422
13,4,67.40274
13,5,71.91556
13,6,74.76089
13,7,76.45407
13,8,77.24137
13,9,77.18691
14,0,0.0
14,1,49.65766
14,10,87.689674
14,11,86.25509
14,12,83.395355
14,13,77.55464
14,14,64.364265
14,15,30.0
14,2,69.07367
14,3,78.005356
14,4,82.70557
14,5,85.4142
14,6,87.035675
14,7,87.96764
14,8,88.38084
14,9,88.31435
15,0,0.0
15,1,100.0
15,10,100.0
15,11,100.0
15,12,100.0
15,13,100.0
15,14,100.0
15,15,30.0
15,2,100.0
15,3,100.0
15,4,100.0
15,5,100.0
15,6,100.0
15,7,100.0
15,8,100.0
15,9,100.0
2,0,0.0
2,1,1.2870877
2,10,10.119594
2,11,11.369791
2,12,13.260954
2,13,16.368021
2,14,21.632528
2,15,30.0
2,2,2.540742
2,3,3.7314699
2,4,4.837167
2,5,5.8458943
2,6,6.758266
2,7,7.590216
2,8,8.377521
2,9,9.184298
3,0,0.0
3,1,1.9719614
3,10,14.747904
3,11,16.15316
3,12,18.070293
3,13,20.842112
3,14,24.819847
3,15,30.0
3,2,3.888893
3,3,5.702253
3,4,7.37537
3,5,8.8872385
3,6,10.235079
3,7,11.43668
3,8,12.53397
3,9,13.599528
4,0,0.0
4,1,2.7118745
4,10,19.119373
4,11,20.424686
4,12,22.024984
4,13,24.110302
4,14,26.804756
4,15,30.0
4,2,5.3406343
4,3,7.8133063
4,4,10.074858
4,5,12.092653
4,6,13.858177
4,7,15.3875
4,8,16.722202
4,9,17.931988
5,0,0.0
5,1,3.5349154
5,10,23.372967
5,11,24.401274
5,12,25.494682
5,13,26.769386
5,14,28.288893
5,15,30.0
5,2,6.9484878
5,3,10.135519
5,4,13.018145
5,5,15.550392
5,6,17.717531
5,7,19.533005
5,8,21.035406
5,9,22.286907
6,0,0.0
6,1,4.479313
6,10,27.684374
6,11,28.312809
6,12,28.78313
6,13,29.183693
6,14,29.581444
6,15,30.0
6,2,8.782913
6,3,12.762176
6,4,16.311863
6,5,19.3733
6,6,21.928617
6,7,23.991646
6,8,25.59959
6,9,26.807327
7,0,0.0
7,1,5.5994406
7,10,32.244453
7,11,32.382526
7,12,32.141365
7,13,31.60086
7,14,30.853199
7,15,30.0
7,2,10.941707
7,3,15.818453
7,4,20.093885
7,5,23.7024
7,6,26.632069
7,7,28.905449
7,8,30.564049
7,9,31.658524
8,0,0.0
8,1,6.9767604
8,10,37.252472
8,11,36.831528
8,12,35.799004
8,13,34.225204
8,14,32.230522
8,15,30.0
8,2,13.5660515
8,3,19.47609
8,4,24.54289
8,5,28.710415
8,6,31.991879
8,7,34.434113
8,8,36.092716
8,9,37.01833
9,0,0.0
9,1,8.741566
9,10,42.915627
9,11,41.892185
9,12,39.997963
9,13,37.270473
9,14,33.843697
9,15,30.0
9,2,16.869686
9,3,23.977009
9,4,29.891237
9,5,34.604553
9,6,38.190994
9,7,40.746502
9,8,42.354446
9,9,43.069702
