0,0,0.0
0,1,0.0
0,10,0.0
0,11,0.0
0,12,0.0
0,13,0.0
0,14,0.0
0,15,30.0
0,2,0.0
0,3,0.0
0,4,0.0
0,5,0.0
0,6,0.0
0,7,0.0
0,8,0.0
0,9,0.0
1,0,0.0
1,1,0.63540757
1,10,5.175383
1,11,5.9445987
1,12,7.2350345
1,13,9.736018
1,14,15.3420105
1,15,30.0
1,2,1.2550495
1,3,1.8450404
1,4,2.3950758
1,5,2.899909
1,6,3.3607774
1,7,3.7872546
1,8,4.2004504
1,9,4.639453
10,0,0.0
10,1,11.118801
10,10,49.443928
10,11,47.819992
10,12,45.027325
10,13,41.01304
10,14,35.87278
10,15,30.0
10,2,21.192142
10,3,29.66816
10,4,36.43687
10,5,41.621357
10,6,45.416405
10,7,48.00161
10,8,49.504013
10,9,49.98578
11,0,0.0
11,1,14.542738
11,10,57.059456
11,11,54.92096
11,12,51.281784
11,13,45.883995
11,14,38.63562
11,15,30.0
11,2,27.114323
11,3,37.070114
11,4,44.571136
11,5,50.032745
11,6,53.857304
11,7,56.345417
11,8,57.68011
11,9,57.931114
12,0,0.0
12,1,19.937912
12,10,65.94221
12,11,63.52292
12,12,59.29513
12,13,52.605694
12,14,42.785797
12,15,30.0
12,2,35.65248
12,3,46.927094
12,4,54.74513
12,5,60.08155
12,6,63.635063
12,7,65.84306
12,8,66.94035
12,9,66.99951
13,0,0.0
13,1,29.556503
13,10,76.18725
13,11,73.93363
13,12,69.770325
13,13,62.458004
13,14,49.901943
13,15,30.0
13,2,48.63073
13,3,60.240837
13,4,67.40101
13,5,71.91354
13,6,74.75867
13,7,76.45175
13,8,77.23906
13,9,77.18471
14,0,0.0
14,1,49.657417
14,10,87.68864
14,11,86.25421
14,12,83.39465
14,13,77.55416
14,14,64.36401
14,15,30.0
14,2,69.07319
14,3,78.00466
14,4,82.70468
14,5,85.41318
14,6,87.034546
14,7,87.96646
14,8,88.379654
14,9,88.31322
15,0,0.0
15,1,100.0
15,10,100.0
15,11,100.0
15,12,100.0
15,13,100.0
15,14,100.0
15,15,30.0
15,2,100.0
15,3,100.0
15,4,100.0
15,5,100.0
15,6,100.0
15,7,100.0
15,8,100.0
15,9,100.0
2,0,0.0
2,1,1.2866056
2,10,10.117585
2,11,11.368067
2,12,13.259592
2,13,16.367077
2,14,21.632048
2,15,30.0
2,2,2.5397992
2,3,3.7301066
2,4,4.8354435
2,5,5.843886
2,6,6.7560606
2,7,7.58791
2,8,8.375214
2,9,9.182093
3,0,0.0
3,1,1.9712646
3,10,14.745001
3,11,16.15067
3,12,18.068325
3,13,20.840748
3,14,24.819149
3,15,30.0
3,2,3.8875299
3,3,5.700283
3,4,7.372879
3,5,8.884336
3,6,10.231892
3,7,11.433347
3,8,12.530638
3,9,13.59634
4,0,0.0
4,1,2.7109935
4,10,19.115704
4,11,20.421535
4,12,22.022491
4,13,24.10858
4,14,26.803879
4,15,30.0
4,2,5.338911
4,3,7.810816
4,4,10.071708
4,5,12.088984
4,6,13.854146
4,7,15.383285
4,8,16.717987
4,9,17.927958
5,0,0.0
5,1,3.5338886
5,10,23.368687
5,11,24.397602
5,12,25.491777
5,13,26.767376
5,14,28.287867
5,15,30.0
5,2,6.946479
5,3,10.132614
5,4,13.014473
5,5,15.546115
5,6,17.712831
5,7,19.528091
5,8,21.030495
5,9,22.282207
6,0,0.0
6,1,4.478185
6,10,27.679672
6,11,28.308777
6,12,28.779934
6,13,29.18149
6,14,29.580315
6,15,30.0
6,2,8.780706
6,3,12.758986
6,4,16.30783
6,5,19.368603
6,6,21.923458
6,7,23.986248
6,8,25.594193
6,9,26.802166
7,0,0.0
7,1,5.598261
7,10,32.239536
7,11,32.378304
7,12,32.13803
7,13,31.598549
7,14,30.852024
7,15,30.0
7,2,10.939399
7,3,15.815117
7,4,20.089668
7,5,23.697485
7,6,26.626669
7,7,28.899805
7,8,30.558403
7,9,31.653126
8,0,0.0
8,1,6.97558
8,10,37.24755
8,11,36.82731
8,12,35.795662
8,13,34.222897
8,14,32.22934
8,15,30.0
8,2,13.563744
8,3,19.472752
8,4,24.538673
8,5,28.705496
8,6,31.98648
8,7,34.42847
8,8,36.08707
8,9,37.01293
9,0,0.0
9,1,8.740437
9,10,42.91092
9,11,41.888145
9,12,39.994766
9,13,37.268257
9,14,33.842567
9,15,30.0
9,2,16.867477
9,3,23.97382
9,4,29.887197
9,5,34.599854
9,6,38.18583
9,7,40.7411
9,8,42.349045
9,9,43.064537
