0,0,0.0
0,1,0.0
0,10,0.0
0,11,0.0
0,12,0.0
0,13,0.0
0,14,0.0
0,15,0.0
0,16,0.0
0,17,0.0
0,18,0.0
0,19,0.0
0,2,0.0
0,20,0.0
0,21,0.0
0,22,0.0
0,23,0.0
0,24,0.0
0,25,0.0
0,26,0.0
0,27,0.0
0,28,0.0
0,29,30.0
0,3,0.0
0,4,0.0
0,5,0.0
0,6,0.0
0,7,0.0
0,8,0.0
0,9,0.0
1,0,0.0
1,1,0.5342659
1,10,3.6381109
1,11,3.7527304
1,12,3.8371103
1,13,3.8982866
1,14,3.9422033
1,15,3.9746912
1,16,4.0009108
1,17,4.0260315
1,18,4.0557704
1,19,4.0969663
1,2,1.0536911
1,20,4.159426
1,21,4.2571836
1,22,4.413152
1,23,4.664734
1,24,5.079589
1,25,5.787541
1,26,7.068488
1,27,9.60093
1,28,15.267127
1,29,30.0
1,3,1.5450402
1,4,1.9965519
1,5,2.4005394
1,6,2.751379
1,7,3.0482595
1,8,3.2918901
1,9,3.4868634
10,0,0.0
10,1,3.6376514
10,10,24.736143
10,11,25.507912
10,12,26.074303
10,13,26.478397
10,14,26.760414
10,15,26.953892
10,16,27.087118
10,17,27.182846
10,18,27.259293
10,19,27.332027
10,2,7.1747684
10,20,27.413687
10,21,27.516876
10,22,27.652023
10,23,27.83039
10,24,28.059864
10,25,28.347353
10,26,28.693302
10,27,29.093542
10,28,29.53526
10,29,30.0
10,3,10.518073
10,4,13.591635
10,5,16.337355
10,6,18.723534
10,7,20.737873
10,8,22.392391
10,9,23.711939
11,0,0.0
11,1,3.751833
11,10,25.506994
11,11,26.302631
11,12,26.88543
11,13,27.301338
11,14,27.590454
11,15,27.787788
11,16,27.921648
11,17,28.01474
11,18,28.085104
11,19,28.146648
11,2,7.3994484
11,20,28.211357
11,21,28.288506
11,22,28.387285
11,23,28.514347
11,24,28.676306
11,25,28.87595
11,26,29.114332
11,27,29.387047
11,28,29.686396
11,29,30.0
11,3,10.847988
11,4,14.01692
11,5,16.849136
11,6,19.308704
11,7,21.386414
11,8,23.091248
11,9,24.452127
12,0,0.0
12,1,3.83538
12,10,26.071898
12,11,26.884102
12,12,27.4794
12,13,27.903376
12,14,28.197792
12,15,28.397583
12,16,28.531567
12,17,28.62238
12,18,28.687366
12,19,28.740156
12,2,7.564554
12,20,28.790802
12,21,28.84798
12,22,28.917877
12,23,29.00645
12,24,29.117062
12,25,29.252554
12,26,29.412334
12,27,29.594267
12,28,29.792616
12,29,30.0
12,3,11.08939
12,4,14.329294
12,5,17.22361
12,6,19.738216
12,7,21.860954
12,8,23.603798
12,9,24.993725
13,0,0.0
13,1,3.8950572
13,10,26.473444
13,11,27.297964
13,12,27.901587
13,13,28.331537
13,14,28.629389
13,15,28.830868
13,16,28.964733
13,17,29.053522
13,18,29.114471
13,19,29.1602
13,2,7.681917
13,20,29.200502
13,21,29.24221
13,22,29.291155
13,23,29.350979
13,24,29.424984
13,25,29.514183
13,26,29.618977
13,27,29.737244
13,28,29.865896
13,29,30.0
13,3,11.261759
13,4,14.551341
13,5,17.490822
13,6,20.043533
13,7,22.199291
13,8,23.968136
13,9,25.379526
14,0,0.0
14,1,3.9362624
14,10,26.751213
14,11,27.583715
14,12,28.19338
14,13,28.627138
14,14,28.927439
14,15,29.129915
14,16,29.26356
14,17,29.350853
14,18,29.408617
14,19,29.449368
14,2,7.7633705
14,20,29.48185
14,21,29.512737
14,22,29.546345
14,23,29.586262
14,24,29.634277
14,25,29.69183
14,26,29.75861
14,27,29.833845
14,28,29.915226
14,29,30.0
14,3,11.380774
14,4,14.70536
14,5,17.675325
14,6,20.255135
14,7,22.4329
14,8,24.220404
14,9,25.64591
15,0,0.0
15,1,3.9640522
15,10,26.937477
15,11,27.775627
15,12,28.389044
15,13,28.82549
15,14,29.127275
15,15,29.330408
15,16,29.463833
15,17,29.549961
15,18,29.60556
15,19,29.642633
15,2,7.8179917
15,20,29.669855
15,21,29.692991
15,22,29.716328
15,23,29.74237
15,24,29.773098
15,25,29.809134
15,26,29.850832
15,27,29.897385
15,28,29.947712
15,29,30.0
15,3,11.461007
15,4,14.808643
15,5,17.79961
15,6,20.39703
15,7,22.59011
15,8,24.389568
15,9,25.824987
16,0,0.0
16,1,3.9821477
16,10,27.059025
16,11,27.900589
16,12,28.516603
16,13,28.954645
16,14,29.257439
16,15,29.460934
16,16,29.594166
16,17,29.679516
16,18,29.733555
16,19,29.768248
16,2,7.853771
16,20,29.791782
16,21,29.809914
16,22,29.826235
16,23,29.843334
16,24,29.862522
16,25,29.884739
16,26,29.910023
16,27,29.938221
16,28,29.968521
16,29,30.0
16,3,11.513252
16,4,14.876255
16,5,17.880539
16,6,20.489826
16,7,22.692478
16,8,24.500078
16,9,25.941593
17,0,0.0
17,1,3.993663
17,10,27.13586
17,11,27.979729
17,12,28.597244
17,13,29.036362
17,14,29.339725
17,15,29.543446
17,16,29.676537
17,17,29.761337
17,18,29.8144
17,19,29.847462
17,2,7.8763914
17,20,29.868706
17,21,29.883486
17,22,29.89544
17,23,29.906685
17,24,29.91869
17,25,29.932041
17,26,29.94711
17,27,29.963707
17,28,29.981535
17,29,30.0
17,3,11.546481
17,4,14.918998
17,5,17.931965
17,6,20.548492
17,7,22.757454
17,8,24.569939
17,9,26.015522
18,0,0.0
18,1,4.0007296
18,10,27.183132
18,11,28.02829
18,12,28.646795
18,13,29.086506
18,14,29.390242
18,15,29.594078
18,16,29.727064
18,17,29.811531
18,18,29.86394
18,19,29.896029
18,2,7.8903666
18,20,29.91577
18,21,29.928541
18,22,29.937689
18,23,29.945415
18,24,29.952896
18,25,29.9609
18,26,29.969648
18,27,29.979229
18,28,29.989433
18,29,30.0
18,3,11.566874
18,4,14.945385
18,5,17.963526
18,6,20.584671
18,7,22.797329
18,8,24.612965
18,9,26.060886
19,0,0.0
19,1,4.0049696
19,10,27.211277
19,11,28.05727
19,12,28.676304
19,13,29.1164
19,14,29.420324
19,15,29.624235
19,16,29.757153
19,17,29.8414
19,18,29.893435
19,19,29.924896
19,2,7.8986893
19,20,29.943775
19,21,29.95528
19,22,29.962807
19,23,29.968357
19,24,29.973204
19,25,29.977962
19,26,29.983006
19,27,29.988396
19,28,29.994112
19,29,30.0
19,3,11.579101
19,4,14.961101
19,5,17.982428
19,6,20.606213
19,7,22.82118
19,8,24.63859
19,9,26.08799
2,0,0.0
2,1,1.0536909
2,10,7.1756325
2,11,7.4011555
2,12,7.56781
2,13,7.6880417
2,14,7.77455
2,15,7.83809
2,16,7.889018
2,17,7.937254
2,18,7.993344
2,19,8.0704975
2,2,2.0785031
2,20,8.185732
2,21,8.36481
2,22,8.645688
2,23,9.090339
2,24,9.799299
2,25,10.947239
2,26,12.842537
2,27,16.039217
2,28,21.452728
2,29,30.0
2,3,3.0471625
2,4,3.9383035
2,5,4.7343965
2,6,5.427078
2,7,6.0118423
2,8,6.493005
2,9,6.8768554
20,0,0.0
20,1,4.0074186
20,10,27.227585
20,11,28.07401
20,12,28.693378
20,13,29.133669
20,14,29.437717
20,15,29.641657
20,16,29.774536
20,17,29.85866
20,18,29.910458
20,19,29.941574
20,2,7.9035354
20,20,29.959915
20,21,29.970722
20,22,29.977262
20,23,29.981594
20,24,29.98487
20,25,29.987797
20,26,29.990673
20,27,29.993675
20,28,29.996796
20,29,30.0
20,3,11.586165
20,4,14.9702425
20,5,17.993351
20,6,20.61873
20,7,22.83496
20,8,24.653454
20,9,26.103645
21,0,0.0
21,1,4.0088034
21,10,27.236723
21,11,28.083414
21,12,28.70295
21,13,29.14336
21,14,29.447468
21,15,29.651428
21,16,29.784279
21,17,29.868328
21,18,29.920002
21,19,29.950909
21,2,7.906251
21,20,29.968971
21,21,29.979355
21,22,29.985367
21,23,29.988983
21,24,29.99141
21,25,29.99328
21,26,29.994965
21,27,29.996613
21,28,29.998297
21,29,30.0
21,3,11.590157
21,4,14.975367
21,5,17.999514
21,6,20.625746
21,7,22.842728
21,8,24.661785
21,9,26.112453
22,0,0.0
22,1,4.009556
22,10,27.241705
22,11,28.088526
22,12,28.708158
22,13,29.148626
22,14,29.45277
22,15,29.656734
22,16,29.789576
22,17,29.873583
22,18,29.925184
22,19,29.955986
22,2,7.90774
22,20,29.973877
22,21,29.98405
22,22,29.989756
22,23,29.993006
22,24,29.994947
22,25,29.996265
22,26,29.997288
22,27,29.998213
22,28,29.999107
22,29,30.0
22,3,11.592324
22,4,14.978171
22,5,18.002861
22,6,20.629583
22,7,22.846943
22,8,24.666336
22,9,26.117237
23,0,0.0
23,1,4.0099564
23,10,27.24433
23,11,28.091225
23,12,28.710903
23,13,29.151405
23,14,29.455563
23,15,29.659534
23,16,29.792362
23,17,29.876354
23,18,29.927916
23,19,29.958658
23,2,7.9085245
23,20,29.976469
23,21,29.986519
23,22,29.992077
23,23,29.995117
23,24,29.996819
23,25,29.997828
23,26,29.998512
23,27,29.999054
23,28,29.999537
23,29,30.0
23,3,11.593478
23,4,14.9796505
23,5,18.004639
23,6,20.631603
23,7,22.849182
23,8,24.66873
23,9,26.119774
24,0,0.0
24,1,4.0101604
24,10,27.245676
24,11,28.0926
24,12,28.71231
24,13,29.152822
24,14,29.456991
24,15,29.660965
24,16,29.793789
24,17,29.877768
24,18,29.929312
24,19,29.960022
24,2,7.908929
24,20,29.977793
24,21,29.987782
24,22,29.993256
24,23,29.996199
24,24,29.99777
24,25,29.998629
24,26,29.999136
24,27,29.99948
24,28,29.999754
24,29,30.0
24,3,11.594066
24,4,14.980412
24,5,18.005547
24,6,20.632645
24,7,22.850323
24,8,24.669962
24,9,26.121063
25,0,0.0
25,1,4.0102625
25,10,27.246338
25,11,28.093285
25,12,28.713003
25,13,29.153526
25,14,29.457697
25,15,29.661674
25,16,29.794497
25,17,29.878468
25,18,29.93
25,19,29.960701
25,2,7.909129
25,20,29.978443
25,21,29.988407
25,22,29.993841
25,23,29.996733
25,24,29.99824
25,25,29.999027
25,26,29.999445
25,27,29.999695
25,28,29.999859
25,29,30.0
25,3,11.59436
25,4,14.980789
25,5,18.006
25,6,20.633158
25,7,22.850891
25,8,24.670568
25,9,26.121708
26,0,0.0
26,1,4.0103116
26,10,27.246658
26,11,28.093613
26,12,28.713337
26,13,29.153862
26,14,29.458038
26,15,29.66201
26,16,29.794832
26,17,29.878805
26,18,29.930334
26,19,29.961021
26,2,7.9092255
26,20,29.978762
26,21,29.988707
26,22,29.994123
26,23,29.996988
26,24,29.998466
26,25,29.999216
26,26,29.999598
26,27,29.999796
26,28,29.999914
26,29,30.0
26,3,11.5945015
26,4,14.98097
26,5,18.006218
26,6,20.633408
26,7,22.851162
26,8,24.670862
26,9,26.122015
27,0,0.0
27,1,4.010334
27,10,27.246807
27,11,28.093765
27,12,28.71349
27,13,29.154018
27,14,29.458193
27,15,29.662169
27,16,29.79499
27,17,29.878958
27,18,29.930487
27,19,29.961174
27,2,7.909271
27,20,29.978907
27,21,29.988848
27,22,29.994253
27,23,29.997107
27,24,29.99857
27,25,29.999306
27,26,29.999664
27,27,29.999844
27,28,29.999935
27,29,30.0
27,3,11.594566
27,4,14.981056
27,5,18.006319
27,6,20.633522
27,7,22.851292
27,8,24.670998
27,9,26.122158
28,0,0.0
28,1,4.0103445
28,10,27.246874
28,11,28.093834
28,12,28.71356
28,13,29.15409
28,14,29.458263
28,15,29.66224
28,16,29.795061
28,17,29.879028
28,18,29.930555
28,19,29.961239
28,2,7.9092913
28,20,29.978971
28,21,29.98891
28,22,29.994312
28,23,29.997162
28,24,29.99862
28,25,29.999342
28,26,29.999697
28,27,29.999863
28,28,29.999949
28,29,30.0
28,3,11.594597
28,4,14.981094
28,5,18.006367
28,6,20.633574
28,7,22.851349
28,8,24.671062
28,9,26.122223
29,0,0.0
29,1,4.0103493
29,10,27.246902
29,11,28.093863
29,12,28.713593
29,13,29.15412
29,14,29.458296
29,15,29.66227
29,16,29.79509
29,17,29.879059
29,18,29.930584
29,19,29.96127
29,2,7.9093
29,20,29.978998
29,21,29.988937
29,22,29.994337
29,23,29.997187
29,24,29.99864
29,25,29.999363
29,26,29.999708
29,27,29.999876
29,28,29.999954
29,29,30.0
29,3,11.59461
29,4,14.981112
29,5,18.006386
29,6,20.633598
29,7,22.851374
29,8,24.671087
29,9,26.12225
3,0,0.0
3,1,1.5450389
3,10,10.519262
3,11,10.850308
3,12,11.093859
3,13,11.270082
3,14,11.39605
3,15,11.488269
3,16,11.561136
3,17,11.628641
3,18,11.705639
3,19,11.808982
3,2,3.047161
3,20,11.961619
3,21,12.194102
3,22,12.5527935
3,23,13.104656
3,24,13.953341
3,25,15.2530775
3,26,17.233885
3,27,20.20449
3,28,24.47649
3,29,30.0
3,3,4.4680085
3,4,5.773658
3,5,6.9417458
3,6,7.9561605
3,7,8.814407
3,8,9.518703
3,9,10.082189
30,0,0.0
30,1,4.010351
30,10,27.246916
30,11,28.093878
30,12,28.713602
30,13,29.154133
30,14,29.458305
30,15,29.662283
30,16,29.795105
30,17,29.87907
30,18,29.9306
30,19,29.961283
30,2,7.9093037
30,20,29.979012
30,21,29.988949
30,22,29.99435
30,23,29.997194
30,24,29.99865
30,25,29.99937
30,26,29.999718
30,27,29.999878
30,28,29.999956
30,29,30.0
30,3,11.594615
30,4,14.981117
30,5,18.006393
30,6,20.633606
30,7,22.851385
30,8,24.671097
30,9,26.122265
31,0,0.0
31,1,4.010352
31,10,27.24692
31,11,28.093882
31,12,28.713608
31,13,29.154137
31,14,29.458313
31,15,29.662289
31,16,29.795109
31,17,29.879078
31,18,29.930603
31,19,29.961288
31,2,7.909305
31,20,29.979015
31,21,29.988956
31,22,29.994352
31,23,29.9972
31,24,29.998653
31,25,29.999374
31,26,29.999718
31,27,29.999878
31,28,29.999956
31,29,30.0
31,3,11.594618
31,4,14.981121
31,5,18.006397
31,6,20.633612
31,7,22.851389
31,8,24.671104
31,9,26.122267
32,0,0.0
32,1,4.010352
32,10,27.246923
32,11,28.093884
32,12,28.713612
32,13,29.154144
32,14,29.458315
32,15,29.66229
32,16,29.79511
32,17,29.879082
32,18,29.930605
32,19,29.961288
32,2,7.9093065
32,20,29.979021
32,21,29.988953
32,22,29.994356
32,23,29.997202
32,24,29.998655
32,25,29.999372
32,26,29.99972
32,27,29.999882
32,28,29.999958
32,29,30.0
32,3,11.594618
32,4,14.981122
32,5,18.006397
32,6,20.633612
32,7,22.85139
32,8,24.671104
32,9,26.122272
33,0,0.0
33,1,4.010353
33,10,27.246923
33,11,28.093884
33,12,28.713614
33,13,29.15414
33,14,29.458317
33,15,29.66229
33,16,29.795113
33,17,29.879082
33,18,29.930607
33,19,29.961292
33,2,7.909306
33,20,29.979021
33,21,29.988958
33,22,29.994356
33,23,29.997204
33,24,29.998655
33,25,29.999376
33,26,29.99972
33,27,29.999882
33,28,29.999958
33,29,30.0
33,3,11.59462
33,4,14.981123
33,5,18.006401
33,6,20.633614
33,7,22.851393
33,8,24.671108
33,9,26.122272
34,0,0.0
34,1,4.010352
34,10,27.246925
34,11,28.093884
34,12,28.713614
34,13,29.154144
34,14,29.458317
34,15,29.662292
34,16,29.795113
34,17,29.879082
34,18,29.930607
34,19,29.961292
34,2,7.9093075
34,20,29.979021
34,21,29.988958
34,22,29.994358
34,23,29.997202
34,24,29.998657
34,25,29.999374
34,26,29.999722
34,27,29.999882
34,28,29.999958
34,29,30.0
34,3,11.594619
34,4,14.981125
34,5,18.006401
34,6,20.633615
34,7,22.851393
34,8,24.671108
34,9,26.122272
35,0,0.0
35,1,4.010353
35,10,27.246923
35,11,28.093887
35,12,28.713614
35,13,29.154144
35,14,29.458317
35,15,29.662296
35,16,29.795116
35,17,29.879082
35,18,29.93061
35,19,29.961292
35,2,7.9093065
35,20,29.979021
35,21,29.988958
35,22,29.994356
35,23,29.997206
35,24,29.998655
35,25,29.999376
35,26,29.99972
35,27,29.999882
35,28,29.999958
35,29,30.0
35,3,11.594621
35,4,14.981123
35,5,18.006401
35,6,20.633614
35,7,22.851393
35,8,24.671108
35,9,26.122272
36,0,0.0
36,1,4.0103526
36,10,27.246925
36,11,28.093884
36,12,28.713614
36,13,29.154142
36,14,29.45832
36,15,29.662292
36,16,29.795116
36,17,29.879082
36,18,29.930607
36,19,29.961292
36,2,7.9093075
36,20,29.979021
36,21,29.988958
36,22,29.994358
36,23,29.997202
36,24,29.998657
36,25,29.999374
36,26,29.999722
36,27,29.999882
36,28,29.999958
36,29,30.0
36,3,11.59462
36,4,14.981125
36,5,18.006401
36,6,20.633615
36,7,22.851393
36,8,24.671108
36,9,26.122272
37,0,0.0
37,1,4.010353
37,10,27.246923
37,11,28.093887
37,12,28.713614
37,13,29.154144
37,14,29.458317
37,15,29.662296
37,16,29.795115
37,17,29.879082
37,18,29.930607
37,19,29.961292
37,2,7.909307
37,20,29.979021
37,21,29.988956
37,22,29.994358
37,23,29.997204
37,24,29.998655
37,25,29.999376
37,26,29.99972
37,27,29.999882
37,28,29.999958
37,29,30.0
37,3,11.59462
37,4,14.981123
37,5,18.006401
37,6,20.633614
37,7,22.851393
37,8,24.671108
37,9,26.122272
38,0,0.0
38,1,4.010353
38,10,27.246925
38,11,28.093884
38,12,28.713615
38,13,29.154142
38,14,29.458317
38,15,29.662292
38,16,29.795116
38,17,29.879082
38,18,29.930607
38,19,29.961292
38,2,7.909307
38,20,29.97902
38,21,29.988958
38,22,29.994356
38,23,29.997202
38,24,29.998655
38,25,29.999376
38,26,29.99972
38,27,29.999882
38,28,29.999958
38,29,30.0
38,3,11.59462
38,4,14.981123
38,5,18.0064
38,6,20.633614
38,7,22.851393
38,8,24.671108
38,9,26.122272
39,0,0.0
39,1,4.0103526
39,10,27.246923
39,11,28.093887
39,12,28.713614
39,13,29.154144
39,14,29.458317
39,15,29.662292
39,16,29.795116
39,17,29.879082
39,18,29.930609
39,19,29.96129
39,2,7.909307
39,20,29.979023
39,21,29.988953
39,22,29.994358
39,23,29.997202
39,24,29.998655
39,25,29.999372
39,26,29.99972
39,27,29.999882
39,28,29.999958
39,29,30.0
39,3,11.59462
39,4,14.981122
39,5,18.0064
39,6,20.633614
39,7,22.851393
39,8,24.671108
39,9,26.122272
4,0,0.0
4,1,1.9965479
4,10,13.593014
4,11,14.019651
4,12,14.334496
4,13,14.561106
4,14,14.723119
4,15,14.840431
4,16,14.931669
4,17,15.014002
4,18,15.104626
4,19,15.223671
4,2,3.9382968
4,20,15.394953
4,21,15.651934
4,22,16.03854
4,23,16.618528
4,24,17.477068
4,25,18.730621
4,26,20.520155
4,27,22.990814
4,28,26.20889
4,29,30.0
4,3,5.7736516
4,4,7.4619207
4,5,8.97012
4,6,10.282133
4,7,11.38973
4,8,12.300814
4,9,13.027597
40,0,0.0
40,1,4.0103526
40,10,27.246925
40,11,28.093885
40,12,28.713614
40,13,29.15414
40,14,29.458317
40,15,29.662292
40,16,29.795116
40,17,29.87908
40,18,29.930605
40,19,29.961292
40,2,7.909307
40,20,29.97902
40,21,29.988958
40,22,29.994356
40,23,29.997202
40,24,29.998653
40,25,29.999374
40,26,29.999718
40,27,29.999882
40,28,29.999958
40,29,30.0
40,3,11.59462
40,4,14.981123
40,5,18.006397
40,6,20.633614
40,7,22.85139
40,8,24.671108
40,9,26.122272
41,0,0.0
41,1,4.010353
41,10,27.246923
41,11,28.093887
41,12,28.713612
41,13,29.154144
41,14,29.458317
41,15,29.662292
41,16,29.795115
41,17,29.879082
41,18,29.930607
41,19,29.96129
41,2,7.909307
41,20,29.979021
41,21,29.988956
41,22,29.994358
41,23,29.9972
41,24,29.998657
41,25,29.999372
41,26,29.99972
41,27,29.999882
41,28,29.999958
41,29,30.0
41,3,11.59462
41,4,14.981123
41,5,18.006401
41,6,20.633612
41,7,22.851393
41,8,24.671106
41,9,26.122272
42,0,0.0
42,1,4.010353
42,10,27.246923
42,11,28.093885
42,12,28.713612
42,13,29.154139
42,14,29.458317
42,15,29.662292
42,16,29.795116
42,17,29.879082
42,18,29.930609
42,19,29.96129
42,2,7.9093065
42,20,29.97902
42,21,29.988956
42,22,29.994356
42,23,29.997202
42,24,29.998652
42,25,29.999374
42,26,29.999718
42,27,29.999882
42,28,29.999958
42,29,30.0
42,3,11.59462
42,4,14.981123
42,5,18.0064
42,6,20.633614
42,7,22.85139
42,8,24.671108
42,9,26.122272
43,0,0.0
43,1,4.0103526
43,10,27.246925
43,11,28.093884
43,12,28.713612
43,13,29.15414
43,14,29.458317
43,15,29.662292
43,16,29.795116
43,17,29.879082
43,18,29.930607
43,19,29.961292
43,2,7.9093065
43,20,29.979021
43,21,29.988958
43,22,29.994356
43,23,29.997202
43,24,29.998655
43,25,29.999372
43,26,29.999718
43,27,29.99988
43,28,29.999956
43,29,30.0
43,3,11.59462
43,4,14.981122
43,5,18.006397
43,6,20.633612
43,7,22.85139
43,8,24.671106
43,9,26.122272
44,0,0.0
44,1,4.010352
44,10,27.246923
44,11,28.093885
44,12,28.713614
44,13,29.15414
44,14,29.458317
44,15,29.662292
44,16,29.795116
44,17,29.87908
44,18,29.930607
44,19,29.96129
44,2,7.909306
44,20,29.979021
44,21,29.988955
44,22,29.994358
44,23,29.997198
44,24,29.998655
44,25,29.999372
44,26,29.99972
44,27,29.999882
44,28,29.999956
44,29,30.0
44,3,11.59462
44,4,14.981123
44,5,18.0064
44,6,20.63361
44,7,22.85139
44,8,24.671106
44,9,26.122272
45,0,0.0
45,1,4.010352
45,10,27.246925
45,11,28.093884
45,12,28.713612
45,13,29.15414
45,14,29.458317
45,15,29.662292
45,16,29.795116
45,17,29.879082
45,18,29.930607
45,19,29.961292
45,2,7.9093065
45,20,29.97902
45,21,29.988958
45,22,29.994354
45,23,29.997202
45,24,29.998652
45,25,29.999374
45,26,29.99972
45,27,29.99988
45,28,29.999956
45,29,30.0
45,3,11.59462
45,4,14.981122
45,5,18.0064
45,6,20.633614
45,7,22.85139
45,8,24.671108
45,9,26.122272
46,0,0.0
46,1,4.0103526
46,10,27.246925
46,11,28.093884
46,12,28.713612
46,13,29.154139
46,14,29.458317
46,15,29.66229
46,16,29.795116
46,17,29.879084
46,18,29.930609
46,19,29.96129
46,2,7.9093065
46,20,29.979021
46,21,29.988953
46,22,29.994358
46,23,29.997198
46,24,29.998657
46,25,29.999372
46,26,29.99972
46,27,29.999882
46,28,29.999958
46,29,30.0
46,3,11.59462
46,4,14.981122
46,5,18.0064
46,6,20.633614
46,7,22.851393
46,8,24.671108
46,9,26.122272
47,0,0.0
47,1,4.010352
47,10,27.246925
47,11,28.093884
47,12,28.713612
47,13,29.15414
47,14,29.458313
47,15,29.662292
47,16,29.795113
47,17,29.879084
47,18,29.930607
47,19,29.961292
47,2,7.9093065
47,20,29.97902
47,21,29.988958
47,22,29.99435
47,23,29.997204
47,24,29.998652
47,25,29.999374
47,26,29.99972
47,27,29.999882
47,28,29.999956
47,29,30.0
47,3,11.59462
47,4,14.981123
47,5,18.0064
47,6,20.633614
47,7,22.851393
47,8,24.671106
47,9,26.122272
48,0,0.0
48,1,4.010353
48,10,27.246923
48,11,28.093885
48,12,28.713612
48,13,29.154139
48,14,29.458317
48,15,29.66229
48,16,29.795116
48,17,29.879084
48,18,29.930609
48,19,29.96129
48,2,7.9093065
48,20,29.979021
48,21,29.988953
48,22,29.994358
48,23,29.9972
48,24,29.998655
48,25,29.999372
48,26,29.99972
48,27,29.999882
48,28,29.999956
48,29,30.0
48,3,11.59462
48,4,14.981123
48,5,18.0064
48,6,20.633614
48,7,22.85139
48,8,24.671108
48,9,26.122272
49,0,0.0
49,1,4.010352
49,10,27.246925
49,11,28.093884
49,12,28.713612
49,13,29.15414
49,14,29.458317
49,15,29.662292
49,16,29.795115
49,17,29.879084
49,18,29.930607
49,19,29.961292
49,2,7.909307
49,20,29.97902
49,21,29.988956
49,22,29.994354
49,23,29.9972
49,24,29.998655
49,25,29.999372
49,26,29.99972
49,27,29.99988
49,28,29.999956
49,29,30.0
49,3,11.59462
49,4,14.981123
49,5,18.0064
49,6,20.633614
49,7,22.85139
49,8,24.671108
49,9,26.122272
5,0,0.0
5,1,2.4005296
5,10,16.33882
5,11,16.852005
5,12,17.229137
5,13,17.501087
5,14,17.694096
5,15,17.832918
5,16,17.938652
5,17,18.030796
5,18,18.128662
5,19,18.252247
5,2,4.734379
5,20,18.426544
5,21,18.681221
5,22,19.05723
5,23,19.605057
5,24,20.391335
5,25,21.491907
5,26,22.987644
5,27,24.934618
5,28,27.32072
5,29,30.0
5,3,6.9417243
5,4,8.970102
5,5,10.784398
5,6,12.359999
5,7,13.692608
5,8,14.786148
5,9,15.660633
50,0,0.0
50,1,4.0103526
50,10,27.246923
50,11,28.093885
50,12,28.713612
50,13,29.15414
50,14,29.458317
50,15,29.662292
50,16,29.795115
50,17,29.879082
50,18,29.930609
50,19,29.961288
50,2,7.9093065
50,20,29.97902
50,21,29.988955
50,22,29.994356
50,23,29.997202
50,24,29.998653
50,25,29.999374
50,26,29.99972
50,27,29.999882
50,28,29.999956
50,29,30.0
50,3,11.59462
50,4,14.981123
50,5,18.0064
50,6,20.633614
50,7,22.85139
50,8,24.671106
50,9,26.122272
51,0,0.0
51,1,4.010353
51,10,27.246925
51,11,28.093884
51,12,28.713612
51,13,29.15414
51,14,29.458313
51,15,29.662292
51,16,29.79511
51,17,29.879082
51,18,29.930607
51,19,29.96129
51,2,7.909307
51,20,29.97902
51,21,29.988955
51,22,29.994354
51,23,29.9972
51,24,29.998653
51,25,29.999372
51,26,29.999722
51,27,29.99988
51,28,29.999958
51,29,30.0
51,3,11.59462
51,4,14.981123
51,5,18.0064
51,6,20.63361
51,7,22.85139
51,8,24.671106
51,9,26.122269
52,0,0.0
52,1,4.010353
52,10,27.246923
52,11,28.093884
52,12,28.713612
52,13,29.15414
52,14,29.458313
52,15,29.66229
52,16,29.795113
52,17,29.87908
52,18,29.930607
52,19,29.96129
52,2,7.9093065
52,20,29.97902
52,21,29.988953
52,22,29.994354
52,23,29.997198
52,24,29.998653
52,25,29.999372
52,26,29.999718
52,27,29.999882
52,28,29.999956
52,29,30.0
52,3,11.59462
52,4,14.981122
52,5,18.006397
52,6,20.633612
52,7,22.85139
52,8,24.671104
52,9,26.122272
53,0,0.0
53,1,4.0103526
53,10,27.246923
53,11,28.093884
53,12,28.713612
53,13,29.15414
53,14,29.458317
53,15,29.662292
53,16,29.795113
53,17,29.87908
53,18,29.930607
53,19,29.96129
53,2,7.909307
53,20,29.97902
53,21,29.988955
53,22,29.99435
53,23,29.9972
53,24,29.998653
53,25,29.999374
53,26,29.999718
53,27,29.999882
53,28,29.999956
53,29,30.0
53,3,11.59462
53,4,14.981123
53,5,18.006397
53,6,20.633614
53,7,22.85139
53,8,24.671106
53,9,26.122272
54,0,0.0
54,1,4.010353
54,10,27.246925
54,11,28.093885
54,12,28.713612
54,13,29.15414
54,14,29.458317
54,15,29.662292
54,16,29.795113
54,17,29.87908
54,18,29.930607
54,19,29.96129
54,2,7.9093065
54,20,29.97902
54,21,29.988955
54,22,29.994356
54,23,29.997198
54,24,29.998653
54,25,29.999374
54,26,29.99972
54,27,29.999882
54,28,29.999956
54,29,30.0
54,3,11.59462
54,4,14.981123
54,5,18.0064
54,6,20.633614
54,7,22.85139
54,8,24.671106
54,9,26.122272
55,0,0.0
55,1,4.010352
55,10,27.246925
55,11,28.093884
55,12,28.713612
55,13,29.15414
55,14,29.458317
55,15,29.662292
55,16,29.795115
55,17,29.879082
55,18,29.930607
55,19,29.961292
55,2,7.909307
55,20,29.97902
55,21,29.988956
55,22,29.994354
55,23,29.9972
55,24,29.998655
55,25,29.999374
55,26,29.999722
55,27,29.99988
55,28,29.999956
55,29,30.0
55,3,11.59462
55,4,14.981123
55,5,18.006401
55,6,20.633614
55,7,22.851393
55,8,24.671108
55,9,26.122272
56,0,0.0
56,1,4.0103526
56,10,27.246923
56,11,28.093885
56,12,28.713612
56,13,29.15414
56,14,29.458317
56,15,29.662292
56,16,29.795113
56,17,29.87908
56,18,29.930607
56,19,29.96129
56,2,7.9093056
56,20,29.97902
56,21,29.988955
56,22,29.994356
56,23,29.9972
56,24,29.998655
56,25,29.999376
56,26,29.99972
56,27,29.999882
56,28,29.999958
56,29,30.0
56,3,11.59462
56,4,14.981123
56,5,18.0064
56,6,20.633614
56,7,22.851393
56,8,24.671108
56,9,26.122272
57,0,0.0
57,1,4.010352
57,10,27.246925
57,11,28.093884
57,12,28.713614
57,13,29.15414
57,14,29.458317
57,15,29.662292
57,16,29.795113
57,17,29.879082
57,18,29.930607
57,19,29.961292
57,2,7.9093065
57,20,29.979017
57,21,29.988956
57,22,29.994354
57,23,29.997204
57,24,29.998655
57,25,29.999374
57,26,29.99972
57,27,29.999882
57,28,29.999956
57,29,30.0
57,3,11.594619
57,4,14.981123
57,5,18.0064
57,6,20.633614
57,7,22.85139
57,8,24.671108
57,9,26.122272
58,0,0.0
58,1,4.0103526
58,10,27.246923
58,11,28.093887
58,12,28.713612
58,13,29.15414
58,14,29.458317
58,15,29.66229
58,16,29.795113
58,17,29.879082
58,18,29.930607
58,19,29.96129
58,2,7.909306
58,20,29.97902
58,21,29.988953
58,22,29.994356
58,23,29.9972
58,24,29.998655
58,25,29.999374
58,26,29.99972
58,27,29.99988
58,28,29.999958
58,29,30.0
58,3,11.59462
58,4,14.981122
58,5,18.006401
58,6,20.633612
58,7,22.851393
58,8,24.671104
58,9,26.122272
59,0,0.0
59,1,4.010352
59,10,27.246925
59,11,28.093884
59,12,28.713614
59,13,29.15414
59,14,29.458317
59,15,29.66229
59,16,29.795115
59,17,29.87908
59,18,29.930605
59,19,29.96129
59,2,7.9093065
59,20,29.97902
59,21,29.988956
59,22,29.994354
59,23,29.9972
59,24,29.998653
59,25,29.999372
59,26,29.999718
59,27,29.999882
59,28,29.999956
59,29,30.0
59,3,11.594618
59,4,14.981123
59,5,18.006397
59,6,20.633615
59,7,22.85139
59,8,24.671106
59,9,26.122269
6,0,0.0
6,1,2.7513556
6,10,18.724941
6,11,19.31152
6,12,19.743593
6,13,20.053608
6,14,20.273376
6,15,20.429506
6,16,20.546005
6,17,20.643915
6,18,20.74272
6,19,20.863113
6,2,5.427035
6,20,21.026867
6,21,21.261795
6,22,21.599606
6,23,22.081451
6,24,22.752132
6,25,23.66161
6,26,24.850092
6,27,26.335823
6,28,28.08619
6,29,30.0
6,3,7.9561043
6,4,10.282074
6,5,12.359955
6,6,14.16699
6,7,15.692469
6,8,16.94672
6,9,17.94718
60,0,0.0
60,1,4.010352
60,10,27.246922
60,11,28.093885
60,12,28.71361
60,13,29.15414
60,14,29.458313
60,15,29.662292
60,16,29.79511
60,17,29.87908
60,18,29.930607
60,19,29.96129
60,2,7.909306
60,20,29.97902
60,21,29.988956
60,22,29.994354
60,23,29.997202
60,24,29.998652
60,25,29.999374
60,26,29.99972
60,27,29.999882
60,28,29.999956
60,29,30.0
60,3,11.59462
60,4,14.981121
60,5,18.006401
60,6,20.63361
60,7,22.851393
60,8,24.671104
60,9,26.122272
61,0,0.0
61,1,4.010352
61,10,27.246925
61,11,28.093884
61,12,28.713614
61,13,29.15414
61,14,29.458317
61,15,29.66229
61,16,29.795113
61,17,29.87908
61,18,29.930607
61,19,29.96129
61,2,7.9093065
61,20,29.97902
61,21,29.988955
61,22,29.994356
61,23,29.9972
61,24,29.998655
61,25,29.99937
61,26,29.99972
61,27,29.999882
61,28,29.999956
61,29,30.0
61,3,11.594618
61,4,14.981123
61,5,18.0064
61,6,20.633614
61,7,22.851387
61,8,24.671108
61,9,26.122272
62,0,0.0
62,1,4.010352
62,10,27.246923
62,11,28.093887
62,12,28.71361
62,13,29.15414
62,14,29.458317
62,15,29.662292
62,16,29.795113
62,17,29.879082
62,18,29.930607
62,19,29.96129
62,2,7.9093056
62,20,29.97902
62,21,29.988956
62,22,29.994354
62,23,29.997204
62,24,29.998653
62,25,29.999374
62,26,29.99972
62,27,29.999882
62,28,29.999956
62,29,30.0
62,3,11.594619
62,4,14.981123
62,5,18.006401
62,6,20.63361
62,7,22.851393
62,8,24.671104
62,9,26.122272
63,0,0.0
63,1,4.010352
63,10,27.246925
63,11,28.093885
63,12,28.713612
63,13,29.15414
63,14,29.458317
63,15,29.662292
63,16,29.795113
63,17,29.879082
63,18,29.930607
63,19,29.96129
63,2,7.9093065
63,20,29.97902
63,21,29.988955
63,22,29.994358
63,23,29.9972
63,24,29.998655
63,25,29.999374
63,26,29.99972
63,27,29.999882
63,28,29.999956
63,29,30.0
63,3,11.594619
63,4,14.981123
63,5,18.0064
63,6,20.633615
63,7,22.851387
63,8,24.671108
63,9,26.122272
64,0,0.0
64,1,4.010352
64,10,27.246925
64,11,28.093887
64,12,28.713612
64,13,29.15414
64,14,29.458317
64,15,29.662292
64,16,29.795115
64,17,29.879082
64,18,29.930607
64,19,29.961292
64,2,7.909306
64,20,29.97902
64,21,29.988956
64,22,29.994354
64,23,29.997204
64,24,29.998655
64,25,29.999374
64,26,29.99972
64,27,29.99988
64,28,29.999956
64,29,30.0
64,3,11.59462
64,4,14.981123
64,5,18.006401
64,6,20.63361
64,7,22.851393
64,8,24.671104
64,9,26.122272
65,0,0.0
65,1,4.010352
65,10,27.246927
65,11,28.093885
65,12,28.713612
65,13,29.15414
65,14,29.458317
65,15,29.662292
65,16,29.795113
65,17,29.879082
65,18,29.930607
65,19,29.96129
65,2,7.9093065
65,20,29.97902
65,21,29.988955
65,22,29.994358
65,23,29.9972
65,24,29.998655
65,25,29.999374
65,26,29.99972
65,27,29.999882
65,28,29.999956
65,29,30.0
65,3,11.594619
65,4,14.981124
65,5,18.0064
65,6,20.633615
65,7,22.851387
65,8,24.671108
65,9,26.122272
66,0,0.0
66,1,4.010353
66,10,27.246925
66,11,28.093887
66,12,28.713614
66,13,29.154144
66,14,29.458317
66,15,29.662292
66,16,29.795115
66,17,29.879082
66,18,29.930609
66,19,29.961292
66,2,7.9093065
66,20,29.97902
66,21,29.988956
66,22,29.994358
66,23,29.997204
66,24,29.998655
66,25,29.999374
66,26,29.99972
66,27,29.99988
66,28,29.999956
66,29,30.0
66,3,11.59462
66,4,14.981123
66,5,18.006401
66,6,20.63361
66,7,22.851393
66,8,24.671104
66,9,26.122274
67,0,0.0
67,1,4.010352
67,10,27.24693
67,11,28.093887
67,12,28.713615
67,13,29.154144
67,14,29.45832
67,15,29.662294
67,16,29.795116
67,17,29.879086
67,18,29.930609
67,19,29.961296
67,2,7.909308
67,20,29.979021
67,21,29.988956
67,22,29.994358
67,23,29.997204
67,24,29.998655
67,25,29.999374
67,26,29.99972
67,27,29.999882
67,28,29.999956
67,29,30.0
67,3,11.59462
67,4,14.981125
67,5,18.006401
67,6,20.633615
67,7,22.85139
67,8,24.671108
67,9,26.122274
68,0,0.0
68,1,4.010354
68,10,27.246931
68,11,28.093895
68,12,28.713617
68,13,29.154148
68,14,29.458323
68,15,29.6623
68,16,29.79512
68,17,29.87909
68,18,29.930614
68,19,29.961298
68,2,7.9093084
68,20,29.979027
68,21,29.988962
68,22,29.99436
68,23,29.997206
68,24,29.998661
68,25,29.999378
68,26,29.999722
68,27,29.999886
68,28,29.999956
68,29,30.0
68,3,11.594622
68,4,14.981127
68,5,18.006405
68,6,20.633617
68,7,22.851398
68,8,24.67111
68,9,26.12228
69,0,0.0
69,1,4.010355
69,10,27.246944
69,11,28.093903
69,12,28.713634
69,13,29.15416
69,14,29.458336
69,15,29.662312
69,16,29.795132
69,17,29.8791
69,18,29.930626
69,19,29.961311
69,2,7.9093127
69,20,29.979038
69,21,29.988972
69,22,29.994371
69,23,29.997217
69,24,29.998667
69,25,29.999384
69,26,29.99973
69,27,29.999886
69,28,29.999962
69,29,30.0
69,3,11.594626
69,4,14.981134
69,5,18.00641
69,6,20.633627
69,7,22.851404
69,8,24.671124
69,9,26.122288
7,0,0.0
7,1,3.0482082
7,10,20.739128
7,11,21.38895
7,12,21.865896
7,13,22.208477
7,14,22.449652
7,15,22.619656
7,16,22.74365
7,17,22.843624
7,18,22.939636
7,19,23.050323
7,2,6.0117455
7,20,23.196522
7,21,23.399765
7,22,23.687056
7,23,24.086452
7,24,24.630608
7,25,25.347576
7,26,26.25896
7,27,27.364388
7,28,28.634224
7,29,30.0
7,3,8.814278
7,4,11.3895855
7,5,13.692471
7,6,15.692372
7,7,17.38315
7,8,18.770567
7,9,19.87938
70,0,0.0
70,1,4.0103607
70,10,27.24697
70,11,28.093937
70,12,28.71366
70,13,29.154192
70,14,29.458366
70,15,29.662344
70,16,29.795162
70,17,29.87913
70,18,29.930656
70,19,29.961338
70,2,7.909321
70,20,29.979065
70,21,29.989
70,22,29.994396
70,23,29.997238
70,24,29.998688
70,25,29.999401
70,26,29.99974
70,27,29.999895
70,28,29.999964
70,29,30.0
70,3,11.594641
70,4,14.981149
70,5,18.006433
70,6,20.633648
70,7,22.851433
70,8,24.67115
70,9,26.122318
71,0,0.0
71,1,4.010371
71,10,27.247044
71,11,28.094002
71,12,28.713736
71,13,29.15426
71,14,29.458439
71,15,29.662415
71,16,29.795237
71,17,29.879204
71,18,29.930725
71,19,29.961407
71,2,7.9093437
71,20,29.97913
71,21,29.989061
71,22,29.994455
71,23,29.997292
71,24,29.998734
71,25,29.999441
71,26,29.999771
71,27,29.999916
71,28,29.999975
71,29,30.0
71,3,11.594672
71,4,14.981192
71,5,18.00648
71,6,20.633707
71,7,22.85149
71,8,24.671215
71,9,26.122383
72,0,0.0
72,1,4.010397
72,10,27.247198
72,11,28.094166
72,12,28.713894
72,13,29.154428
72,14,29.458603
72,15,29.662582
72,16,29.7954
72,17,29.879368
72,18,29.93089
72,19,29.961567
72,2,7.9093943
72,20,29.979286
72,21,29.989208
72,22,29.994593
72,23,29.997417
72,24,29.998846
72,25,29.999533
72,26,29.999844
72,27,29.999966
72,28,30.0
72,29,30.0
72,3,11.594747
72,4,14.981285
72,5,18.006592
72,6,20.633831
72,7,22.85163
72,8,24.67136
72,9,26.122538
73,0,0.0
73,1,4.010454
73,10,27.247551
73,11,28.094524
73,12,28.714262
73,13,29.154793
73,14,29.458973
73,15,29.662949
73,16,29.795769
73,17,29.879728
73,18,29.931248
73,19,29.961918
73,2,7.909507
73,20,29.979626
73,21,29.989532
73,22,29.994896
73,23,29.997698
73,24,29.999088
73,25,29.99974
73,26,30.000004
73,27,30.000076
73,28,30.000057
73,29,30.0
73,3,11.594911
73,4,14.981495
73,5,18.00684
73,6,20.634113
73,7,22.851936
73,8,24.671688
73,9,26.122879
74,0,0.0
74,1,4.0105777
74,10,27.248312
74,11,28.0953
74,12,28.715048
74,13,29.155586
74,14,29.459764
74,15,29.663742
74,16,29.796556
74,17,29.880512
74,18,29.932018
74,19,29.962673
74,2,7.9097486
74,20,29.980358
74,21,29.990232
74,22,29.995552
74,23,29.998293
74,24,29.999619
74,25,30.000183
74,26,30.000349
74,27,30.000315
74,28,30.000175
74,29,30.0
74,3,11.595263
74,4,14.981946
74,5,18.007378
74,6,20.63472
74,7,22.8526
74,8,24.672394
74,9,26.12362
75,0,0.0
75,1,4.010836
75,10,27.2499
75,11,28.096922
75,12,28.716686
75,13,29.157238
75,14,29.461424
75,15,29.665398
75,16,29.798206
75,17,29.882149
75,18,29.933632
75,19,29.964249
75,2,7.9102554
75,20,29.981884
75,21,29.991692
75,22,29.996918
75,23,29.99954
75,24,30.000717
75,25,30.001106
75,26,30.001072
75,27,30.000807
75,28,30.00043
75,29,30.0
75,3,11.595999
75,4,14.982889
75,5,18.0085
75,6,20.635984
75,7,22.853985
75,8,24.673866
75,9,26.125158
76,0,0.0
76,1,4.0113583
76,10,27.253109
76,11,28.100195
76,12,28.720003
76,13,29.16058
76,14,29.464773
76,15,29.668747
76,16,29.80154
76,17,29.885456
76,18,29.93689
76,19,29.967438
76,2,7.911281
76,20,29.98497
76,21,29.994637
76,22,29.999676
76,23,30.00206
76,24,30.00294
76,25,30.002975
76,26,30.002525
76,27,30.001812
76,28,30.000937
76,29,30.0
76,3,11.59749
76,4,14.9847975
76,5,18.010761
76,6,20.638548
76,7,22.856781
76,8,24.676846
76,9,26.128273
77,0,0.0
77,1,4.0123844
77,10,27.259396
77,11,28.106613
77,12,28.726498
77,13,29.167122
77,14,29.471336
77,15,29.675303
77,16,29.808071
77,17,29.891926
77,18,29.943272
77,19,29.973679
77,2,7.913293
77,20,29.991013
77,21,30.0004
77,22,30.00508
77,23,30.00699
77,24,30.007294
77,25,30.006628
77,26,30.005384
77,27,30.003765
77,28,30.001936
77,29,30.0
77,3,11.60042
77,4,14.988538
77,5,18.015207
77,6,20.64357
77,7,22.862267
77,8,24.682686
77,9,26.134373
78,0,0.0
78,1,4.0143375
78,10,27.27134
78,11,28.11879
78,12,28.73883
78,13,29.17954
78,14,29.483788
78,15,29.687748
78,16,29.820457
78,17,29.904213
78,18,29.955376
78,19,29.985527
78,2,7.9171295
78,20,30.002476
78,21,30.011354
78,22,30.015331
78,23,30.016365
78,24,30.015556
78,25,30.013582
78,26,30.0108
78,27,30.007494
78,28,30.003828
78,29,30.0
78,3,11.605991
78,4,14.995667
78,5,18.023659
78,6,20.653126
78,7,22.872692
78,8,24.693785
78,9,26.145964
79,0,0.0
79,1,4.017955
79,10,27.293331
79,11,28.141216
79,12,28.761532
79,13,29.202396
79,14,29.506708
79,15,29.710646
79,16,29.843264
79,17,29.926811
79,18,29.977669
79,19,30.007322
79,2,7.9242163
79,20,30.023598
79,21,30.031506
79,22,30.034237
79,23,30.033617
79,24,30.030804
79,25,30.026382
79,26,30.020813
79,27,30.014357
79,28,30.007332
79,29,30.0
79,3,11.616304
79,4,15.008827
79,5,18.039282
79,6,20.670753
79,7,22.891933
79,8,24.714241
79,9,26.167328
8,0,0.0
8,1,3.29178
8,10,22.393366
8,11,23.093391
8,12,23.608013
8,13,23.97611
8,14,24.234833
8,15,24.415148
8,16,24.543991
8,17,24.643862
8,18,24.73397
8,19,24.832607
8,2,6.4927983
8,20,24.9566
8,21,25.125166
8,22,25.357033
8,23,25.674337
8,24,26.096535
8,25,26.642256
8,26,27.319605
8,27,28.124828
8,28,29.033009
8,29,30.0
8,3,9.518421
8,4,12.300491
8,5,14.785818
8,6,16.946432
8,7,18.770376
8,8,20.26925
8,9,21.464745
80,0,0.0
80,1,4.0244474
80,10,27.332642
80,11,28.181269
80,12,28.802063
80,13,29.243195
80,14,29.547615
80,15,29.751524
80,16,29.88395
80,17,29.967163
80,18,30.017435
80,19,30.046263
80,2,7.9369636
80,20,30.061285
80,21,30.06754
80,22,30.067978
80,23,30.064503
80,24,30.05804
80,25,30.049328
80,26,30.038704
80,27,30.02667
80,28,30.013592
80,29,30.0
80,3,11.6348
80,4,15.032466
80,5,18.06727
80,6,20.702358
80,7,22.926357
80,8,24.750847
80,9,26.205505
81,0,0.0
81,1,4.0358
81,10,27.400776
81,11,28.25069
81,12,28.87227
81,13,29.313856
81,14,29.618444
81,15,29.82228
81,16,29.954414
81,17,30.037006
81,18,30.08634
81,19,30.113672
81,2,7.9591923
81,20,30.126654
81,21,30.129951
81,22,30.126587
81,23,30.11804
81,24,30.10542
81,25,30.089142
81,26,30.069876
81,27,30.048054
81,28,30.024504
81,29,30.0
81,3,11.667101
81,4,15.07363
81,5,18.116047
81,6,20.7573
81,7,22.986221
81,8,24.81438
81,9,26.271769
82,0,0.0
82,1,4.0550623
82,10,27.51548
82,11,28.36742
82,12,28.990309
82,13,29.432592
82,14,29.73745
82,15,29.941174
82,16,30.072765
82,17,30.154406
82,18,30.202093
82,19,30.227081
82,2,7.9969654
82,20,30.236519
82,21,30.235102
82,22,30.22519
82,23,30.208412
82,24,30.185244
82,25,30.156479
82,26,30.122465
82,27,30.08428
82,28,30.042934
82,29,30.0
82,3,11.721836
82,4,15.143436
82,5,18.198526
82,6,20.850218
82,7,23.087208
82,8,24.921555
82,9,26.383337
83,0,0.0
83,1,4.086931
83,10,27.702856
83,11,28.55806
83,12,29.1829
83,13,29.62628
83,14,29.93152
83,15,30.135012
83,16,30.265802
83,17,30.345812
83,18,30.391026
83,19,30.412079
83,2,8.0593
83,20,30.416096
83,21,30.406822
83,22,30.386686
83,23,30.356245
83,24,30.316303
83,25,30.266848
83,26,30.209002
83,27,30.14375
83,28,30.073303
83,29,30.0
83,3,11.812227
83,4,15.258364
83,5,18.33432
83,6,21.002743
83,7,23.25293
83,8,25.096989
83,9,26.565907
84,0,0.0
84,1,4.1381903
84,10,28.000305
84,11,28.86024
84,12,29.48806
84,13,29.932983
84,14,30.23875
84,15,30.441887
84,16,30.571323
84,17,30.648981
84,18,30.690174
84,19,30.705463
84,2,8.159643
84,20,30.700747
84,21,30.679716
84,22,30.643173
84,23,30.591839
84,24,30.52497
84,25,30.443268
84,26,30.347122
84,27,30.239035
84,28,30.121853
84,29,30.0
84,3,11.957298
84,4,15.44278
84,5,18.551483
84,6,21.246494
84,7,23.516954
84,8,25.376291
84,9,26.85588
85,0,0.0
85,1,4.2186956
85,10,28.458733
85,11,29.325653
85,12,29.957523
85,13,30.404625
85,14,30.711042
85,15,30.913513
85,16,31.041052
85,17,31.114996
85,18,31.150558
85,19,31.156887
85,2,8.316819
85,20,31.139683
85,21,31.100447
85,22,31.039865
85,23,30.956133
85,24,30.8489
85,25,30.716991
85,26,30.562304
85,27,30.387293
85,28,30.197657
85,29,30.0
85,3,12.184469
85,4,15.730527
85,5,18.88995
85,6,21.625006
85,7,23.926418
85,8,25.808115
85,9,27.303741
86,0,0.0
86,1,4.34192
86,10,29.145622
86,11,30.021748
86,12,30.659195
86,13,31.108984
86,14,31.416113
86,15,31.6176
86,16,31.742176
86,17,31.811132
86,18,31.838255
86,19,31.83238
86,2,8.557371
86,20,31.796577
86,21,31.731894
86,22,31.63543
86,23,31.505184
86,24,31.337284
86,25,31.13151
86,26,30.888126
86,27,30.612696
86,28,30.312761
86,29,30.0
86,3,12.530909
86,4,16.168667
86,5,19.403126
86,6,22.197737
86,7,24.543566
86,8,26.457817
86,9,27.975601
87,0,0.0
87,1,4.526518
87,10,30.145422
87,11,31.033726
87,12,31.677814
87,13,32.130882
87,14,32.43859
87,15,32.638382
87,16,32.75908
87,17,32.820793
87,18,32.836994
87,19,32.813683
87,2,8.916605
87,20,32.75321
87,21,32.652115
87,22,32.506588
87,23,32.309174
87,24,32.0558
87,25,31.741999
87,26,31.3703
87,27,30.94632
87,28,30.483753
87,29,30.0
87,3,13.047356
87,4,16.818737
87,5,20.162346
87,6,23.040947
87,7,25.449661
87,8,27.407932
87,9,28.956127
88,0,0.0
88,1,4.797035
88,10,31.560734
88,11,32.46304
88,12,33.11496
88,13,33.57119
88,14,33.87905
88,15,34.07639
88,16,34.191505
88,17,34.244274
88,18,34.245514
88,19,34.200386
88,2,9.442237
88,20,34.10624
88,21,33.958084
88,22,33.74491
88,23,33.45755
88,24,33.084305
88,25,32.620766
88,26,32.06566
88,27,31.429834
88,28,30.7316
88,29,30.0
88,3,13.799313
88,4,17.761738
88,5,21.257133
88,6,24.251905
88,7,26.744041
88,8,28.760822
88,9,30.347008
89,0,0.0
89,1,5.1866484
89,10,33.507965
89,11,34.425854
89,12,35.085037
89,13,35.543907
89,14,35.850853
89,15,36.04433
89,16,36.15263
89,17,36.19359
89,18,36.177246
89,19,36.103855
89,2,10.195921
89,20,35.968956
89,21,35.759327
89,22,35.460915
89,23,35.053646
89,24,34.52275
89,25,33.854218
89,26,33.048073
89,27,32.114697
89,28,31.084259
89,29,30.0
89,3,14.872839
89,4,19.098495
89,5,22.80024
89,6,25.946789
89,7,28.546759
89,8,30.634844
89,9,32.26721
9,0,0.0
9,1,3.4866369
9,10,23.712526
9,11,24.453722
9,12,24.997108
9,13,25.385998
9,14,25.657797
9,15,25.845913
9,16,25.977634
9,17,26.075672
9,18,26.159195
9,19,26.244228
9,2,6.8764243
9,20,26.346521
9,21,26.480087
9,22,26.660736
9,23,26.902205
9,24,27.219105
9,25,27.620502
9,26,28.111277
9,27,28.684809
9,28,29.324238
9,29,30.0
9,3,10.081605
9,4,13.026911
9,5,15.659923
9,6,17.946505
9,7,19.878824
9,8,21.464397
9,9,22.730778
90,0,0.0
90,1,5.739047
90,10,36.11422
90,11,37.04548
90,12,37.710297
90,13,38.16944
90,14,38.473648
90,15,38.661766
90,16,38.76108
90,17,38.78887
90,18,38.750954
90,19,38.645924
90,2,11.260027
90,20,38.46109
90,21,38.17961
90,22,37.77448
90,23,37.21969
90,24,36.484665
90,25,35.550255
90,26,34.40617
90,27,33.068413
90,28,31.576649
90,29,30.0
90,3,16.376495
90,4,20.956663
90,5,24.925482
90,6,28.263988
90,7,30.992567
90,8,33.16392
90,9,34.845345
91,0,0.0
91,1,6.5149593
91,10,39.505737
91,11,40.445374
91,12,41.11016
91,13,41.565815
91,14,41.86418
91,15,42.044495
91,16,42.133705
91,17,42.14601
91,18,42.08596
91,19,41.944984
91,2,12.743019
91,20,41.70714
91,21,41.342613
91,22,40.81723
91,23,40.0851
91,24,39.10417
91,25,37.832916
91,26,36.25343
91,27,34.37505
91,28,32.256187
91,29,30.0
91,3,18.452242
91,4,23.491152
91,5,27.793455
91,6,31.357193
91,7,34.230568
91,8,36.486694
91,9,38.215282
92,0,0.0
92,1,7.6006756
92,10,43.799522
92,11,44.734596
92,12,45.3907
92,13,45.83583
92,14,46.123882
92,15,46.2939
92,16,46.371
92,17,46.36844
92,18,46.285282
92,19,46.110725
92,2,14.7967825
92,20,45.817818
92,21,45.370575
92,22,44.71488
92,23,43.790672
92,24,42.524925
92,25,40.85394
92,26,38.728325
92,27,36.14943
92,28,33.18669
92,29,30.0
92,3,21.283642
92,4,26.895943
92,5,31.586788
92,6,35.396587
92,7,38.41098
92,8,40.74137
92,9,42.50067
93,0,0.0
93,1,9.130608
93,10,49.085083
93,11,49.996475
93,12,50.62881
93,13,51.053986
93,14,51.32554
93,15,51.481663
93,16,51.546387
93,17,51.529137
93,18,51.427685
93,19,51.22326
93,2,17.64065
93,20,50.885284
93,21,50.361763
93,22,49.58693
93,23,48.469673
93,24,46.908344
93,25,44.788017
93,26,42.015747
93,27,38.54944
93,28,34.465446
93,29,30.0
93,3,25.121756
93,4,31.408485
93,5,36.516163
93,6,40.555214
93,7,43.679787
93,8,46.046684
93,9,47.80559
94,0,0.0
94,1,11.331366
94,10,55.41314
94,11,56.270607
94,12,56.859905
94,13,57.251797
94,14,57.499138
94,15,57.637966
94,16,57.689358
94,17,57.661575
94,18,57.547264
94,19,57.326576
94,2,21.61871
94,20,56.958797
94,21,56.38633
94,22,55.52079
94,23,54.24874
94,24,52.417282
94,25,49.85083
94,26,46.36154
94,27,41.818954
94,28,36.251556
94,29,30.0
94,3,30.315619
94,4,37.329025
94,5,42.810345
94,6,47.003677
94,7,50.15616
94,8,52.491257
94,9,54.192886
95,0,0.0
95,1,14.6334915
95,10,62.776077
95,11,63.542645
95,12,64.063385
95,13,64.40675
95,14,64.62088
95,15,64.73819
95,16,64.77732
95,17,64.74289
95,18,64.627625
95,19,64.40673
95,2,27.302025
95,20,64.03985
95,21,63.458523
95,22,62.56637
95,23,61.218296
95,24,59.217693
95,25,56.294067
95,26,52.11911
95,27,46.354546
95,28,38.845837
95,29,30.0
95,3,37.372604
95,4,45.025364
95,5,50.710747
95,6,54.881897
95,7,57.917557
95,8,60.1074
95,9,61.67249
96,0,0.0
96,1,19.956673
96,10,71.10028
96,11,71.73128
96,12,72.15636
96,13,72.43398
96,14,72.605515
96,15,72.69774
96,16,72.72504
96,17,72.69115
96,18,72.58661
96,19,72.39
96,2,35.698685
96,20,72.05942
96,21,71.53125
96,22,70.70206
96,23,69.41845
96,24,67.44028
96,25,64.40858
96,26,59.7872
96,27,52.856014
96,28,42.888123
96,29,30.0
96,3,47.02132
96,4,54.929153
96,5,60.42868
96,6,64.26995
96,7,66.96367
96,8,68.85585
96,9,70.179985
97,0,0.0
97,1,29.544548
97,10,80.235695
97,11,80.68785
97,12,80.989716
97,13,81.18578
97,14,81.30593
97,15,81.36947
97,16,81.386765
97,17,81.35916
97,18,81.28004
97,19,81.13056
97,2,48.61433
97,20,80.87927
97,21,80.47124
97,22,79.82117
97,23,78.78645
97,24,77.13364
97,25,74.455826
97,26,70.0338
97,27,62.575043
97,28,49.943584
97,29,30.0
97,3,60.238422
97,4,67.44689
97,5,72.06873
97,6,75.1232
97,7,77.187325
97,8,78.59942
97,9,79.5704
98,0,0.0
98,1,49.64382
98,10,89.962074
98,11,90.198425
98,12,90.355606
98,13,90.45713
98,14,90.51909
98,15,90.551575
98,16,90.55975
98,17,90.54453
98,18,90.501465
98,19,90.42093
98,2,69.05053
98,20,90.284134
98,21,90.061035
98,22,89.699814
98,23,89.11422
98,24,88.14695
98,25,86.49542
98,26,83.50672
98,27,77.59776
98,28,64.37668
98,29,30.0
98,3,77.98327
98,4,82.70444
98,5,85.4679
98,6,87.20087
98,7,88.334915
98,8,89.09574
98,9,89.61157
99,0,0.0
99,1,100.0
99,10,100.0
99,11,100.0
99,12,100.0
99,13,100.0
99,14,100.0
99,15,100.0
99,16,100.0
99,17,100.0
99,18,100.0
99,19,100.0
99,2,100.0
99,20,100.0
99,21,100.0
99,22,100.0
99,23,100.0
99,24,100.0
99,25,100.0
99,26,100.0
99,27,100.0
99,28,100.0
99,29,30.0
99,3,100.0
99,4,100.0
99,5,100.0
99,6,100.0
99,7,100.0
99,8,100.0
99,9,100.0
