0,0,0.0
0,1,0.0
0,10,0.0
0,11,0.0
0,12,0.0
0,13,0.0
0,14,0.0
0,15,30.0
0,2,0.0
0,3,0.0
0,4,0.0
0,5,0.0
0,6,0.0
0,7,0.0
0,8,0.0
0,9,0.0
1,0,0.0
1,1,0.6338169
1,10,5.1686993
1,11,5.938857
1,12,7.2304893
1,13,9.732872
1,14,15.340401
1,15,30.0
1,2,1.2519366
1,3,1.840539
1,4,2.38938
1,5,2.8932643
1,6,3.3534722
1,7,3.7796059
1,8,4.192793
1,9,4.63212
10,0,0.0
10,1,11.111981
10,10,49.415276
10,11,47.795383
10,12,45.00784
10,13,40.99955
10,14,35.86588
10,15,30.0
10,2,21.17879
10,3,29.648859
10,4,36.412445
10,5,41.59287
10,6,45.38508
10,7,47.96882
10,8,49.471176
10,9,49.954346
11,0,0.0
11,1,14.536863
11,10,57.034794
11,11,54.89977
11,12,51.265015
11,13,45.872375
11,14,38.629684
11,15,30.0
11,2,27.102829
11,3,37.053493
11,4,44.55011
11,5,50.00821
11,6,53.83034
11,7,56.31718
11,8,57.65185
11,9,57.904053
12,0,0.0
12,1,19.933254
12,10,65.922646
12,11,63.50611
12,12,59.281826
12,13,52.59649
12,14,42.781086
12,15,30.0
12,2,35.643364
12,3,46.91391
12,4,54.72845
12,5,60.0621
12,6,63.613678
12,7,65.82067
12,8,66.91794
12,9,66.97805
13,0,0.0
13,1,29.553272
13,10,76.17368
13,11,73.92198
13,12,69.76109
13,13,62.45162
13,14,49.898678
13,15,30.0
13,2,48.624413
13,3,60.231697
13,4,67.38945
13,5,71.900055
13,6,74.74384
13,7,76.43623
13,8,77.22351
13,9,77.16982
14,0,0.0
14,1,49.65576
14,10,87.681694
14,11,86.248245
14,12,83.38994
14,13,77.55089
14,14,64.36235
14,15,30.0
14,2,69.069954
14,3,77.999985
14,4,82.69877
14,5,85.406265
14,6,87.026955
14,7,87.95852
14,8,88.371704
14,9,88.3056
15,0,0.0
15,1,100.0
15,10,100.0
15,11,100.0
15,12,100.0
15,13,100.0
15,14,100.0
15,15,30.0
15,2,100.0
15,3,100.0
15,4,100.0
15,5,100.0
15,6,100.0
15,7,100.0
15,8,100.0
15,9,100.0
2,0,0.0
2,1,1.2834898
2,10,10.104491
2,11,11.356821
2,12,13.250689
2,13,16.360912
2,14,21.628895
2,15,30.0
2,2,2.5337014
2,3,3.7212894
2,4,4.824286
2,5,5.830871
2,6,6.7417507
2,7,7.5729294
2,8,8.360213
2,9,9.16773
3,0,0.0
3,1,1.9667528
3,10,14.72604
3,11,16.134382
3,12,18.055431
3,13,20.831823
3,14,24.814587
3,15,30.0
3,2,3.8786993
3,3,5.6875143
3,4,7.356722
3,5,8.865488
3,6,10.21117
3,7,11.411651
3,8,12.508916
3,9,13.575542
4,0,0.0
4,1,2.7052732
4,10,19.091663
4,11,20.400887
4,12,22.006147
4,13,24.097261
4,14,26.79809
4,15,30.0
4,2,5.327716
4,3,7.794627
4,4,10.051223
4,5,12.065087
4,6,13.827873
4,7,15.355781
4,8,16.690447
4,9,17.90159
5,0,0.0
5,1,3.5271997
5,10,23.340582
5,11,24.37346
5,12,25.472668
5,13,26.754145
5,14,28.281101
5,15,30.0
5,2,6.9333887
5,3,10.113686
5,4,12.990522
5,5,15.518173
5,6,17.682114
5,7,19.49593
5,8,20.998295
5,9,22.251377
6,0,0.0
6,1,4.470812
6,10,27.648691
6,11,28.282166
6,12,28.758873
6,13,29.166904
6,14,29.572857
6,15,30.0
6,2,8.766276
6,3,12.738121
6,4,16.281427
6,5,19.337803
6,6,21.889595
6,7,23.950798
6,8,25.558697
6,9,26.768183
7,0,0.0
7,1,5.5905194
7,10,32.207012
7,11,32.35037
7,12,32.115913
7,13,31.583239
7,14,30.84419
7,15,30.0
7,2,10.924249
7,3,15.793209
7,4,20.061949
7,5,23.665148
7,6,26.591118
7,7,28.862583
7,8,30.521137
7,9,31.617441
8,0,0.0
8,1,6.967808
8,10,37.21489
8,11,36.79926
8,12,35.77346
8,13,34.207523
8,14,32.22148
8,15,30.0
8,2,13.548531
8,3,19.450756
8,4,24.510838
8,5,28.673029
8,6,31.950779
8,7,34.391098
8,8,36.04965
8,9,36.977104
9,0,0.0
9,1,8.732972
9,10,42.87957
9,11,41.861217
9,12,39.973454
9,13,37.2535
9,14,33.835022
9,15,30.0
9,2,16.852873
9,3,23.952696
9,4,29.860476
9,5,34.568676
9,6,38.151558
9,7,40.705215
9,8,42.313114
9,9,43.030144
