0,0,0.0
0,1,0.0
0,10,0.0
0,11,0.0
0,12,0.0
0,13,0.0
0,14,0.0
0,15,30.0
0,2,0.0
0,3,0.0
0,4,0.0
0,5,0.0
0,6,0.0
0,7,0.0
0,8,0.0
0,9,0.0
1,0,0.0
1,1,0.6664044
1,10,5.206027
1,11,5.9616327
1,12,7.242431
1,13,9.7380705
1,14,15.342062
1,15,30.0
1,2,1.3136773
1,3,1.9247859
1,4,2.4878266
1,5,2.9964137
1,6,3.4527712
1,7,3.8677435
1,8,4.2651653
1,9,4.6866736
10,0,0.0
10,1,10.92478
10,10,48.226044
10,11,46.735703
10,12,44.144814
10,13,40.389088
10,14,35.549904
10,15,30.0
10,2,20.803696
10,3,29.086924
10,4,35.66774
10,5,40.677765
10,6,44.321476
10,7,46.791687
10,8,48.228317
10,9,48.704536
11,0,0.0
11,1,14.343913
11,10,55.879807
11,11,53.875668
11,12,50.43302
11,13,45.285755
11,14,38.32617
11,15,30.0
11,2,26.71812
11,3,36.48002
11,4,43.796177
11,5,49.08866
11,6,52.77043
11,7,55.1531
11,8,56.431156
11,9,56.684532
12,0,0.0
12,1,19.759583
12,10,64.92137
12,11,62.620255
12,12,58.564278
12,13,52.090927
12,14,42.519997
12,15,30.0
12,2,35.297604
12,3,46.40075
12,4,54.056458
12,5,59.24689
12,6,62.678673
12,7,64.798836
12,8,65.85152
12,9,65.916595
13,0,0.0
13,1,29.42209
13,10,75.43498
13,11,73.270035
13,12,69.23339
13,13,62.08049
13,14,49.706963
13,15,30.0
13,2,48.36381
13,3,59.845528
13,4,66.88539
13,5,71.29027
13,6,74.04677
13,7,75.6768
13,8,76.433075
13,9,76.38538
14,0,0.0
14,1,49.58527
14,10,87.28977
14,11,85.90249
14,12,83.11049
14,13,77.35431
14,14,64.260925
14,15,30.0
14,2,68.92992
14,3,77.79284
14,4,82.42868
14,5,85.08016
14,6,86.65477
14,7,87.55372
14,8,87.95114
14,9,87.88868
15,0,0.0
15,1,100.0
15,10,100.0
15,11,100.0
15,12,100.0
15,13,100.0
15,14,100.0
15,15,30.0
15,2,100.0
15,3,100.0
15,4,100.0
15,5,100.0
15,6,100.0
15,7,100.0
15,8,100.0
15,9,100.0
2,0,0.0
2,1,1.3407766
2,10,10.150335
2,11,11.377914
2,12,13.255656
2,13,16.358212
2,14,21.625648
2,15,30.0
2,2,2.641529
2,3,3.8678005
2,4,4.993271
2,5,6.0056257
2,6,6.905916
2,7,7.7141914
2,8,8.470461
2,9,9.244535
3,0,0.0
3,1,2.0340943
3,10,14.728411
3,11,16.11026
3,12,18.019167
3,13,20.798069
3,14,24.794512
3,15,30.0
3,2,4.004753
3,3,5.8556337
3,4,7.546469
3,5,9.053925
3,6,10.378587
3,7,11.542372
3,8,12.595055
3,9,13.616506
4,0,0.0
4,1,2.7645612
4,10,18.986614
4,11,20.277365
4,12,21.887053
4,13,24.003614
4,14,26.746817
4,15,30.0
4,2,5.435976
4,3,7.9340563
4,4,10.197872
4,5,12.195473
4,6,13.920437
4,7,15.397004
4,8,16.67506
4,9,17.834538
5,0,0.0
5,1,3.559402
5,10,23.06511
5,11,24.09856
5,12,25.229862
5,13,26.57339
5,14,28.184526
5,15,30.0
5,2,6.987995
5,3,10.17197
5,4,13.030603
5,5,15.516826
5,6,17.622395
5,7,19.368237
5,8,20.804869
5,9,22.005451
6,0,0.0
6,1,4.4606433
6,10,27.156185
6,11,27.816732
6,12,28.363382
6,13,28.8788
6,14,29.421244
6,15,30.0
6,2,8.736544
6,3,12.673359
6,4,16.161732
6,5,19.146461
6,6,21.614807
6,7,23.592297
6,8,25.127842
6,9,26.2891
7,0,0.0
7,1,5.528365
7,10,31.477922
7,11,31.68053
7,12,31.556883
7,13,31.18179
7,14,30.63416
7,15,30.0
7,2,10.793002
7,3,15.579941
7,4,19.753704
7,5,23.250885
7,6,26.069271
7,7,28.242092
7,8,29.825083
7,9,30.881886
8,0,0.0
8,1,6.853104
8,10,36.2667
8,11,35.94072
8,12,35.06582
8,13,33.70269
8,14,31.958897
8,15,30.0
8,2,13.313902
8,3,19.08888
8,4,24.01389
8,5,28.039665
8,6,31.187756
8,7,33.51873
8,8,35.101723
8,9,36.00037
9,0,0.0
9,1,8.573651
9,10,41.76638
9,11,40.863735
9,12,39.15645
9,13,36.6742
9,14,33.534252
9,15,30.0
9,2,16.531942
9,3,23.466421
9,4,29.208738
9,5,33.756653
9,6,37.195778
9,7,39.634346
9,8,41.16989
9,9,41.870064
