0,0,0.0
0,1,0.0
0,10,0.0
0,11,0.0
0,12,0.0
0,13,0.0
0,14,0.0
0,15,0.0
0,16,0.0
0,17,0.0
0,18,0.0
0,19,0.0
0,2,0.0
0,20,0.0
0,21,0.0
0,22,0.0
0,23,0.0
0,24,0.0
0,25,0.0
0,26,0.0
0,27,0.0
0,28,0.0
0,29,30.0
0,3,0.0
0,4,0.0
0,5,0.0
0,6,0.0
0,7,0.0
0,8,0.0
0,9,0.0
1,0,0.0
1,1,0.41747847
1,10,3.05646
1,11,3.1829545
1,12,3.283319
1,13,3.362379
1,14,3.4247472
1,15,3.4754853
1,16,3.519642
1,17,3.5627654
1,18,3.61124
1,19,3.6728804
1,2,0.8258836
1,20,3.7583797
1,21,3.8828166
1,22,4.0697374
1,23,4.357246
1,24,4.8130608
1,25,5.567086
1,26,6.898588
1,27,9.485426
1,28,15.20866
1,29,30.0
1,3,1.2169152
1,4,1.582999
1,5,1.9185965
1,6,2.2192771
1,7,2.483211
1,8,2.7095747
1,9,2.8999474
10,0,0.0
10,1,3.0547025
10,10,22.339685
10,11,23.254906
10,12,23.976206
10,13,24.533705
10,14,24.95897
10,15,25.281082
10,16,25.527563
10,17,25.723015
10,18,25.889492
10,19,26.047174
10,2,6.043336
10,20,26.213787
10,21,26.406424
10,22,26.639606
10,23,26.927242
10,24,27.279171
10,25,27.70242
10,26,28.196877
10,27,28.756111
10,28,29.364563
10,29,30.0
10,3,8.903442
10,4,11.581907
10,5,14.034876
10,6,16.233646
10,7,18.160595
10,8,19.81387
10,9,21.200531
11,0,0.0
11,1,3.1799068
11,10,23.25101
11,11,24.203045
11,12,24.951923
11,13,25.530334
11,14,25.969559
11,15,26.300177
11,16,26.549574
11,17,26.742437
11,18,26.900455
11,19,27.04226
11,2,6.2906904
11,20,27.184637
11,21,27.341509
11,22,27.525766
11,23,27.747084
11,24,28.013628
11,25,28.328957
11,26,28.693365
11,27,29.10104
11,28,29.541697
11,29,30.0
11,3,9.268244
11,4,12.055766
11,5,14.609544
11,6,16.897394
11,7,18.90348
11,8,20.62326
11,9,22.066635
12,0,0.0
12,1,3.2781057
12,10,23.966501
12,11,24.946491
12,12,25.717434
12,13,26.311478
12,14,26.761599
12,15,27.09814
12,16,27.349129
12,17,27.539007
12,18,27.688837
12,19,27.816761
12,2,6.4851985
12,20,27.937647
12,21,28.064543
12,22,28.20744
12,23,28.375011
12,24,28.572521
12,25,28.803404
12,26,29.066917
12,27,29.35962
12,28,29.673943
12,29,30.0
12,3,9.554361
12,4,12.428301
12,5,15.060263
12,6,17.41903
12,7,19.486118
12,8,21.259071
12,9,22.745867
13,0,0.0
13,1,3.3536434
13,10,24.515196
13,11,25.517164
13,12,26.304344
13,13,26.91058
13,14,27.368488
13,15,27.709354
13,16,27.960987
13,17,28.147812
13,18,28.29062
13,19,28.40652
13,2,6.6343846
13,20,28.509918
13,21,28.611961
13,22,28.722082
13,23,28.846718
13,24,28.990929
13,25,29.156658
13,26,29.344202
13,27,29.5507
13,28,29.77156
13,29,30.0
13,3,9.774414
13,4,12.714031
13,5,15.406795
13,6,17.819117
13,7,19.93388
13,8,21.746706
13,9,23.267582
14,0,0.0
14,1,3.4102964
14,10,24.927237
14,11,25.945076
14,12,26.744757
14,13,27.359655
14,14,27.823437
14,15,28.167147
14,16,28.418941
14,17,28.603071
14,18,28.739887
14,19,28.846262
14,2,6.746621
14,20,28.935444
14,21,29.018276
14,22,29.1026
14,23,29.19469
14,24,29.298182
14,25,29.415472
14,26,29.546482
14,27,29.689913
14,28,29.842472
14,29,30.0
14,3,9.939453
14,4,12.928934
14,5,15.666693
14,6,18.1199
14,7,20.269693
14,8,22.113121
14,9,23.658838
15,0,0.0
15,1,3.4519844
15,10,25.229364
15,11,26.259201
15,12,27.067627
15,13,27.689034
15,14,28.156807
15,15,28.502523
15,16,28.754183
15,17,28.93599
15,18,29.068153
15,19,29.166924
15,2,6.8289266
15,20,29.245396
15,21,29.313358
15,22,29.378544
15,23,29.446087
15,24,29.519815
15,25,29.601429
15,26,29.691654
15,27,29.789494
15,28,29.893206
15,29,30.0
15,3,10.060871
15,4,13.086529
15,5,15.857826
15,6,18.340473
15,7,20.51653
15,8,22.381811
15,9,23.946255
16,0,0.0
16,1,3.4818735
16,10,25.44631
16,11,26.484383
16,12,27.299286
16,13,27.92509
16,14,28.395771
16,15,28.742739
16,16,28.994165
16,17,29.174156
16,18,29.302666
16,19,29.395851
16,2,6.8881516
16,20,29.466173
16,21,29.523361
16,22,29.57433
16,23,29.624285
16,24,29.676365
16,25,29.73268
16,26,29.793781
16,27,29.859549
16,28,29.928804
16,29,30.0
16,3,10.147925
16,4,13.199894
16,5,15.994863
16,6,18.499065
16,7,20.6935
16,8,22.574883
16,9,24.152311
17,0,0.0
17,1,3.5029066
17,10,25.598364
17,11,26.64242
17,12,27.461628
17,13,28.090616
17,14,28.56318
17,15,28.910997
17,16,29.162163
17,17,29.340733
17,18,29.46661
17,19,29.55562
17,2,6.929664
17,20,29.620182
17,21,29.669498
17,22,29.7105
17,23,29.747845
17,24,29.784878
17,25,29.823364
17,26,29.86435
17,27,29.907818
17,28,29.953358
17,29,30.0
17,3,10.209172
17,4,13.279353
17,5,16.091234
17,6,18.610222
17,7,20.817883
17,8,22.710205
17,9,24.297037
18,0,0.0
18,1,3.5173182
18,10,25.702732
18,11,26.750692
18,12,27.572968
18,13,28.204002
18,14,28.677883
18,15,29.026207
18,16,29.277138
18,17,29.454695
18,18,29.578632
18,19,29.664764
18,2,6.9582243
18,20,29.72519
18,21,29.769115
18,22,29.803085
18,23,29.831856
18,24,29.858429
18,25,29.884853
18,26,29.912058
18,27,29.940481
18,28,29.969933
18,29,30.0
18,3,10.251137
18,4,13.3340025
18,5,16.157263
18,6,18.686634
18,7,20.903105
18,8,22.803165
18,9,24.396193
19,0,0.0
19,1,3.527013
19,10,25.772627
19,11,26.823313
19,12,27.647526
19,13,28.279984
19,14,28.754679
19,15,29.103334
19,16,29.354076
19,17,29.530893
19,18,29.65353
19,19,29.737621
19,2,6.9773526
19,20,29.795286
19,21,29.835472
19,22,29.864769
19,23,29.887672
19,24,29.907331
19,25,29.925615
19,26,29.943714
19,27,29.962093
19,28,29.980915
19,29,30.0
19,3,10.27936
19,4,13.370602
19,5,16.20165
19,6,18.737804
19,7,20.960356
19,8,22.865417
19,9,24.462757
2,0,0.0
2,1,0.8258811
2,10,6.046687
2,11,6.2965326
2,12,6.4951496
2,13,6.6511025
2,14,6.7741776
2,15,6.873776
2,16,6.959994
2,17,7.0434303
2,18,7.136092
2,19,7.252843
2,2,1.6340015
2,20,7.4127827
2,21,7.643261
2,22,7.9840155
2,23,8.497762
2,24,9.285847
2,25,10.522398
2,26,12.515258
2,27,15.816626
2,28,21.34011
2,29,30.0
2,3,2.4073749
2,4,3.1319132
2,5,3.7954803
2,6,4.3906975
2,7,4.912424
2,8,5.360601
2,9,5.7367973
20,0,0.0
20,1,3.533359
20,10,25.81847
20,11,26.870842
20,12,27.696384
20,13,28.32971
20,14,28.804956
20,15,29.153801
20,16,29.404396
20,17,29.580723
20,18,29.702448
20,19,29.78522
20,2,6.989931
20,20,29.840998
20,21,29.87876
20,22,29.904915
20,23,29.924026
20,24,29.93909
20,25,29.952116
20,26,29.964235
20,27,29.976128
20,28,29.98803
20,29,30.0
20,3,10.2978325
20,4,13.394661
20,5,16.230703
20,6,18.77142
20,7,20.997826
20,8,22.906282
20,9,24.50632
21,0,0.0
21,1,3.5374384
21,10,25.84779
21,11,26.901295
21,12,27.727633
21,13,28.361542
21,14,28.837112
21,15,29.186073
21,16,29.43657
21,17,29.612555
21,18,29.733706
21,19,29.815588
21,2,6.9979763
21,20,29.870178
21,21,29.906338
21,22,29.930511
21,23,29.947147
21,24,29.95931
21,25,29.96894
21,26,29.977283
21,27,29.985027
21,28,29.992548
21,29,30.0
21,3,10.309706
21,4,13.410048
21,5,16.249365
21,6,18.79292
21,7,21.02188
21,8,22.932419
21,9,24.53426
22,0,0.0
22,1,3.539988
22,10,25.866156
22,11,26.920328
22,12,27.747189
22,13,28.38144
22,14,28.857216
22,15,29.206242
22,16,29.456665
22,17,29.632442
22,18,29.753212
22,19,29.834549
22,2,7.003031
22,20,29.888365
22,21,29.923542
22,22,29.946444
22,23,29.961555
22,24,29.971878
22,25,29.979412
22,26,29.985386
22,27,29.990559
22,28,29.995352
22,29,30.0
22,3,10.317125
22,4,13.419711
22,5,16.261028
22,6,18.806414
22,7,21.03691
22,8,22.948809
22,9,24.55172
23,0,0.0
23,1,3.5415537
23,10,25.877369
23,11,26.931974
23,12,27.759132
23,13,28.393599
23,14,28.869492
23,15,29.21856
23,16,29.468937
23,17,29.644573
23,18,29.765118
23,19,29.846104
23,2,7.0061173
23,20,29.89946
23,21,29.934015
23,22,29.956154
23,23,29.970316
23,24,29.97953
23,25,29.985775
23,26,29.990313
23,27,29.99392
23,28,29.997057
23,29,30.0
23,3,10.32168
23,4,13.425611
23,5,16.26818
23,6,18.814653
23,7,21.046124
23,8,22.958813
23,9,24.562412
24,0,0.0
24,1,3.542488
24,10,25.884079
24,11,26.93892
24,12,27.766266
24,13,28.400852
24,14,28.876822
24,15,29.225904
24,16,29.476254
24,17,29.651812
24,18,29.77221
24,19,29.852997
24,2,7.007969
24,20,29.906063
24,21,29.940258
24,22,29.96193
24,23,29.975534
24,24,29.984081
24,25,29.98956
24,26,29.993244
24,27,29.995916
24,28,29.99807
24,29,30.0
24,3,10.324397
24,4,13.429151
24,5,16.27245
24,6,18.81959
24,7,21.051619
24,8,22.964804
24,9,24.56879
25,0,0.0
25,1,3.543035
25,10,25.887985
25,11,26.942974
25,12,27.77042
25,13,28.405083
25,14,28.88109
25,15,29.23019
25,16,29.480518
25,17,29.656027
25,18,29.776344
25,19,29.857006
25,2,7.0090475
25,20,29.909912
25,21,29.943888
25,22,29.965294
25,23,29.978565
25,24,29.986725
25,25,29.99176
25,26,29.994942
25,27,29.99708
25,28,29.99866
25,29,30.0
25,3,10.32599
25,4,13.431211
25,5,16.27495
25,6,18.822466
25,7,21.054834
25,8,22.968294
25,9,24.572517
26,0,0.0
26,1,3.543347
26,10,25.890213
26,11,26.94528
26,12,27.772793
26,13,28.407488
26,14,28.883522
26,15,29.232624
26,16,29.482943
26,17,29.658424
26,18,29.778696
26,19,29.859287
26,2,7.0096655
26,20,29.912098
26,21,29.945953
26,22,29.967201
26,23,29.980288
26,24,29.98823
26,25,29.993008
26,26,29.99591
26,27,29.997738
26,28,29.998993
26,29,30.0
26,3,10.326895
26,4,13.432392
26,5,16.276373
26,6,18.82411
26,7,21.056664
26,8,22.970287
26,9,24.574638
27,0,0.0
27,1,3.5435207
27,10,25.89145
27,11,26.946568
27,12,27.774107
27,13,28.408829
27,14,28.884872
27,15,29.23398
27,16,29.484291
27,17,29.659758
27,18,29.780003
27,19,29.860558
27,2,7.0100093
27,20,29.913313
27,21,29.947098
27,22,29.968262
27,23,29.981243
27,24,29.98906
27,25,29.993704
27,26,29.996447
27,27,29.998104
27,28,29.999176
27,29,30.0
27,3,10.327401
27,4,13.433047
27,5,16.277166
27,6,18.825024
27,7,21.057684
27,8,22.971394
27,9,24.57582
28,0,0.0
28,1,3.5436156
28,10,25.892128
28,11,26.947264
28,12,27.774824
28,13,28.409555
28,14,28.885607
28,15,29.234715
28,16,29.485023
28,17,29.66048
28,18,29.780712
28,19,29.861244
28,2,7.0101957
28,20,29.913973
28,21,29.94772
28,22,29.968838
28,23,29.981764
28,24,29.989515
28,25,29.99408
28,26,29.996737
28,27,29.998299
28,28,29.999277
28,29,30.0
28,3,10.327677
28,4,13.433404
28,5,16.2776
28,6,18.82552
28,7,21.058239
28,8,22.971998
28,9,24.576464
29,0,0.0
29,1,3.5436656
29,10,25.892483
29,11,26.947634
29,12,27.775204
29,13,28.409939
29,14,28.885998
29,15,29.235104
29,16,29.48541
29,17,29.660866
29,18,29.781086
29,19,29.861609
29,2,7.0102954
29,20,29.914322
29,21,29.94805
29,22,29.969143
29,23,29.98204
29,24,29.989754
29,25,29.994276
29,26,29.996891
29,27,29.998407
29,28,29.99933
29,29,30.0
29,3,10.327823
29,4,13.433595
29,5,16.277826
29,6,18.825787
29,7,21.058533
29,8,22.972317
29,9,24.576805
3,0,0.0
3,1,1.2169044
3,10,8.9081135
3,11,9.27636
3,12,9.568238
3,13,9.79763
3,14,9.977763
3,15,10.122965
3,16,10.247299
3,17,10.365828
3,18,10.495296
3,19,10.655292
3,2,2.4073606
3,20,10.871281
3,21,11.176727
3,22,11.6198015
3,23,12.269417
3,24,13.229446
3,25,14.654356
3,26,16.77248
3,27,19.890816
3,28,24.317719
3,29,30.0
3,3,3.5471427
3,4,4.6142035
3,5,5.592346
3,6,6.4687085
3,7,7.2378902
3,8,7.8975487
3,9,8.452208
30,0,0.0
30,1,3.543692
30,10,25.89267
30,11,26.947824
30,12,27.775398
30,13,28.410141
30,14,28.886196
30,15,29.235306
30,16,29.485611
30,17,29.661062
30,18,29.78128
30,19,29.861797
30,2,7.010347
30,20,29.914501
30,21,29.94822
30,22,29.969301
30,23,29.982182
30,24,29.98988
30,25,29.99438
30,26,29.996971
30,27,29.998459
30,28,29.99936
30,29,30.0
30,3,10.327899
30,4,13.433692
30,5,16.277946
30,6,18.825922
30,7,21.058685
30,8,22.972485
30,9,24.57698
31,0,0.0
31,1,3.543705
31,10,25.892763
31,11,26.947922
31,12,27.775501
31,13,28.410238
31,14,28.8863
31,15,29.235405
31,16,29.485714
31,17,29.661161
31,18,29.781378
31,19,29.86189
31,2,7.010373
31,20,29.914593
31,21,29.948305
31,22,29.96938
31,23,29.982254
31,24,29.98994
31,25,29.994434
31,26,29.997011
31,27,29.99849
31,28,29.999372
31,29,30.0
31,3,10.327938
31,4,13.4337435
31,5,16.278006
31,6,18.825993
31,7,21.058764
31,8,22.972569
31,9,24.577072
32,0,0.0
32,1,3.5437121
32,10,25.892809
32,11,26.947971
32,12,27.775545
32,13,28.410292
32,14,28.886347
32,15,29.235458
32,16,29.485762
32,17,29.661211
32,18,29.781427
32,19,29.861937
32,2,7.0103865
32,20,29.914637
32,21,29.948345
32,22,29.96942
32,23,29.98229
32,24,29.989973
32,25,29.99446
32,26,29.997032
32,27,29.998505
32,28,29.99938
32,29,30.0
32,3,10.327957
32,4,13.433767
32,5,16.278038
32,6,18.826027
32,7,21.058802
32,8,22.97261
32,9,24.577114
33,0,0.0
33,1,3.543715
33,10,25.89283
33,11,26.947992
33,12,27.775572
33,13,28.410313
33,14,28.886372
33,15,29.235481
33,16,29.485786
33,17,29.661236
33,18,29.781448
33,19,29.86196
33,2,7.0103927
33,20,29.914656
33,21,29.948368
33,22,29.969437
33,23,29.982307
33,24,29.989986
33,25,29.994473
33,26,29.997042
33,27,29.998508
33,28,29.999382
33,29,30.0
33,3,10.327966
33,4,13.43378
33,5,16.27805
33,6,18.826042
33,7,21.05882
33,8,22.97263
33,9,24.577137
34,0,0.0
34,1,3.5437164
34,10,25.892841
34,11,26.948004
34,12,27.775581
34,13,28.410326
34,14,28.886383
34,15,29.235493
34,16,29.485798
34,17,29.661243
34,18,29.78146
34,19,29.861969
34,2,7.010396
34,20,29.91467
34,21,29.948376
34,22,29.969448
34,23,29.982313
34,24,29.989994
34,25,29.994476
34,26,29.997046
34,27,29.998512
34,28,29.999384
34,29,30.0
34,3,10.3279705
34,4,13.4337845
34,5,16.278057
34,6,18.82605
34,7,21.05883
34,8,22.972637
34,9,24.577145
35,0,0.0
35,1,3.5437174
35,10,25.892845
35,11,26.94801
35,12,27.775587
35,13,28.410332
35,14,28.88639
35,15,29.235498
35,16,29.485802
35,17,29.66125
35,18,29.781464
35,19,29.861977
35,2,7.010397
35,20,29.914673
35,21,29.948385
35,22,29.96945
35,23,29.982319
35,24,29.989998
35,25,29.99448
35,26,29.997047
35,27,29.998512
35,28,29.999384
35,29,30.0
35,3,10.327972
35,4,13.433786
35,5,16.278059
35,6,18.826054
35,7,21.058834
35,8,22.972643
35,9,24.577152
36,0,0.0
36,1,3.5437174
36,10,25.89285
36,11,26.94801
36,12,27.775589
36,13,28.410332
36,14,28.88639
36,15,29.235502
36,16,29.485806
36,17,29.661253
36,18,29.781466
36,19,29.861977
36,2,7.0103974
36,20,29.914677
36,21,29.948383
36,22,29.969452
36,23,29.982319
36,24,29.99
36,25,29.994482
36,26,29.99705
36,27,29.998512
36,28,29.999386
36,29,30.0
36,3,10.327972
36,4,13.433788
36,5,16.27806
36,6,18.826057
36,7,21.058834
36,8,22.972647
36,9,24.577152
37,0,0.0
37,1,3.5437174
37,10,25.89285
37,11,26.94801
37,12,27.775589
37,13,28.410332
37,14,28.886393
37,15,29.235502
37,16,29.485806
37,17,29.661253
37,18,29.781466
37,19,29.861979
37,2,7.0103974
37,20,29.914677
37,21,29.948387
37,22,29.969452
37,23,29.982319
37,24,29.99
37,25,29.994482
37,26,29.99705
37,27,29.998512
37,28,29.999386
37,29,30.0
37,3,10.327973
37,4,13.433788
37,5,16.278063
37,6,18.826056
37,7,21.058838
37,8,22.972649
37,9,24.577152
38,0,0.0
38,1,3.5437174
38,10,25.89285
38,11,26.94801
38,12,27.775589
38,13,28.410332
38,14,28.886393
38,15,29.235502
38,16,29.485806
38,17,29.661255
38,18,29.781466
38,19,29.861977
38,2,7.0103974
38,20,29.914679
38,21,29.948387
38,22,29.969454
38,23,29.982319
38,24,29.989998
38,25,29.994482
38,26,29.99705
38,27,29.998514
38,28,29.999386
38,29,30.0
38,3,10.327973
38,4,13.433788
38,5,16.278063
38,6,18.826057
38,7,21.058834
38,8,22.972649
38,9,24.577152
39,0,0.0
39,1,3.5437176
39,10,25.89285
39,11,26.94801
39,12,27.775589
39,13,28.410336
39,14,28.886393
39,15,29.235502
39,16,29.485806
39,17,29.661255
39,18,29.781466
39,19,29.86198
39,2,7.010398
39,20,29.914677
39,21,29.948387
39,22,29.969452
39,23,29.982319
39,24,29.989998
39,25,29.99448
39,26,29.997051
39,27,29.998514
39,28,29.999386
39,29,30.0
39,3,10.327974
39,4,13.433789
39,5,16.278063
39,6,18.826057
39,7,21.058836
39,8,22.972645
39,9,24.577152
4,0,0.0
4,1,1.5829682
4,10,11.587482
4,11,12.065528
4,12,12.444936
4,13,12.741927
4,14,12.97476
4,15,13.16077
4,16,13.318115
4,17,13.465197
4,18,13.62188
4,19,13.811332
4,2,3.1318629
4,20,14.061123
4,21,14.407643
4,22,14.898008
4,23,15.597399
4,24,16.592434
4,25,17.998743
4,26,19.956373
4,27,22.607391
4,28,26.0149
4,29,30.0
4,3,4.6141567
4,4,6.002764
4,5,7.274507
4,6,8.415127
4,7,9.414883
4,8,10.273523
4,9,10.994154
40,0,0.0
40,1,3.5437176
40,10,25.892849
40,11,26.94801
40,12,27.77559
40,13,28.410332
40,14,28.886395
40,15,29.2355
40,16,29.485806
40,17,29.661255
40,18,29.781467
40,19,29.86198
40,2,7.010398
40,20,29.914677
40,21,29.948383
40,22,29.969452
40,23,29.982319
40,24,29.989998
40,25,29.994482
40,26,29.99705
40,27,29.998514
40,28,29.999386
40,29,30.0
40,3,10.327973
40,4,13.433788
40,5,16.27806
40,6,18.826057
40,7,21.058834
40,8,22.972645
40,9,24.577152
41,0,0.0
41,1,3.5437174
41,10,25.892849
41,11,26.948015
41,12,27.775589
41,13,28.410337
41,14,28.88639
41,15,29.235504
41,16,29.485806
41,17,29.661255
41,18,29.781467
41,19,29.86198
41,2,7.010398
41,20,29.914677
41,21,29.948387
41,22,29.969452
41,23,29.982319
41,24,29.989998
41,25,29.99448
41,26,29.99705
41,27,29.998512
41,28,29.999384
41,29,30.0
41,3,10.327974
41,4,13.433788
41,5,16.278063
41,6,18.826056
41,7,21.058834
41,8,22.972645
41,9,24.577156
42,0,0.0
42,1,3.5437174
42,10,25.892853
42,11,26.948011
42,12,27.77559
42,13,28.410334
42,14,28.886395
42,15,29.235502
42,16,29.485806
42,17,29.661255
42,18,29.78147
42,19,29.86198
42,2,7.0103974
42,20,29.914679
42,21,29.948383
42,22,29.969452
42,23,29.982317
42,24,29.989998
42,25,29.99448
42,26,29.997047
42,27,29.998512
42,28,29.999384
42,29,30.0
42,3,10.327973
42,4,13.433789
42,5,16.27806
42,6,18.826056
42,7,21.058834
42,8,22.972645
42,9,24.577152
43,0,0.0
43,1,3.5437174
43,10,25.892847
43,11,26.948011
43,12,27.775589
43,13,28.410336
43,14,28.88639
43,15,29.235502
43,16,29.485806
43,17,29.661255
43,18,29.781467
43,19,29.86198
43,2,7.010397
43,20,29.914675
43,21,29.948387
43,22,29.969452
43,23,29.982319
43,24,29.989998
43,25,29.99448
43,26,29.99705
43,27,29.998512
43,28,29.999384
43,29,30.0
43,3,10.327972
43,4,13.433788
43,5,16.27806
43,6,18.826054
43,7,21.058834
43,8,22.972645
43,9,24.577152
44,0,0.0
44,1,3.5437174
44,10,25.892847
44,11,26.948011
44,12,27.775589
44,13,28.410332
44,14,28.886395
44,15,29.2355
44,16,29.485806
44,17,29.661251
44,18,29.78147
44,19,29.861977
44,2,7.010397
44,20,29.914677
44,21,29.948383
44,22,29.969456
44,23,29.982319
44,24,29.99
44,25,29.99448
44,26,29.99705
44,27,29.998512
44,28,29.999384
44,29,30.0
44,3,10.327972
44,4,13.433788
44,5,16.27806
44,6,18.826056
44,7,21.058834
44,8,22.972643
44,9,24.577152
45,0,0.0
45,1,3.5437174
45,10,25.892849
45,11,26.94801
45,12,27.775589
45,13,28.410336
45,14,28.88639
45,15,29.2355
45,16,29.485806
45,17,29.661255
45,18,29.781466
45,19,29.86198
45,2,7.010397
45,20,29.914675
45,21,29.948387
45,22,29.96945
45,23,29.982319
45,24,29.989996
45,25,29.99448
45,26,29.997047
45,27,29.998512
45,28,29.999384
45,29,30.0
45,3,10.327972
45,4,13.433787
45,5,16.27806
45,6,18.826054
45,7,21.058834
45,8,22.972645
45,9,24.57715
46,0,0.0
46,1,3.5437174
46,10,25.892849
46,11,26.94801
46,12,27.775589
46,13,28.410332
46,14,28.886395
46,15,29.2355
46,16,29.485806
46,17,29.661251
46,18,29.781467
46,19,29.861977
46,2,7.0103965
46,20,29.914677
46,21,29.948383
46,22,29.969456
46,23,29.982317
46,24,29.989998
46,25,29.994478
46,26,29.99705
46,27,29.998512
46,28,29.999384
46,29,30.0
46,3,10.327972
46,4,13.433788
46,5,16.27806
46,6,18.826054
46,7,21.058834
46,8,22.972645
46,9,24.577152
47,0,0.0
47,1,3.5437174
47,10,25.892849
47,11,26.948011
47,12,27.775589
47,13,28.410336
47,14,28.88639
47,15,29.2355
47,16,29.485804
47,17,29.661255
47,18,29.781466
47,19,29.86198
47,2,7.010397
47,20,29.914677
47,21,29.948387
47,22,29.96945
47,23,29.98232
47,24,29.989996
47,25,29.99448
47,26,29.997047
47,27,29.998512
47,28,29.999384
47,29,30.0
47,3,10.327972
47,4,13.433788
47,5,16.27806
47,6,18.826056
47,7,21.058834
47,8,22.972649
47,9,24.577152
48,0,0.0
48,1,3.5437176
48,10,25.892849
48,11,26.948011
48,12,27.77559
48,13,28.410332
48,14,28.88639
48,15,29.2355
48,16,29.485806
48,17,29.661253
48,18,29.781467
48,19,29.861977
48,2,7.010397
48,20,29.914677
48,21,29.948383
48,22,29.969456
48,23,29.982319
48,24,29.989998
48,25,29.994478
48,26,29.99705
48,27,29.998512
48,28,29.999384
48,29,30.0
48,3,10.327972
48,4,13.433788
48,5,16.27806
48,6,18.826057
48,7,21.058834
48,8,22.972645
48,9,24.577152
49,0,0.0
49,1,3.5437174
49,10,25.892849
49,11,26.948011
49,12,27.775589
49,13,28.410334
49,14,28.886393
49,15,29.235502
49,16,29.485806
49,17,29.661255
49,18,29.781467
49,19,29.86198
49,2,7.0103974
49,20,29.914677
49,21,29.948385
49,22,29.969452
49,23,29.982319
49,24,29.989996
49,25,29.99448
49,26,29.997047
49,27,29.998514
49,28,29.999384
49,29,30.0
49,3,10.327973
49,4,13.433788
49,5,16.27806
49,6,18.826056
49,7,21.058834
49,8,22.972645
49,9,24.577152
5,0,0.0
5,1,1.9185257
5,10,14.040928
5,11,14.620162
5,12,15.0784645
5,13,15.437206
5,14,15.716695
5,15,15.938426
5,16,16.122952
5,17,16.291368
5,18,16.465805
5,19,16.670275
5,2,3.795353
5,20,16.933525
5,21,17.289444
5,22,17.781723
5,23,18.46365
5,24,19.402355
5,25,20.674053
5,26,22.357433
5,27,24.5062
5,28,27.103874
5,29,30.0
5,3,5.5921946
5,4,7.2743864
5,5,8.816231
5,6,10.197614
5,7,11.409818
5,8,12.449329
5,9,13.323045
50,0,0.0
50,1,3.5437176
50,10,25.892847
50,11,26.94801
50,12,27.775589
50,13,28.410334
50,14,28.886393
50,15,29.235502
50,16,29.485807
50,17,29.661253
50,18,29.781467
50,19,29.861977
50,2,7.010398
50,20,29.914677
50,21,29.948383
50,22,29.969452
50,23,29.982319
50,24,29.989998
50,25,29.99448
50,26,29.99705
50,27,29.998512
50,28,29.999384
50,29,30.0
50,3,10.327972
50,4,13.433788
50,5,16.27806
50,6,18.826056
50,7,21.058834
50,8,22.972645
50,9,24.577152
51,0,0.0
51,1,3.5437174
51,10,25.892849
51,11,26.94801
51,12,27.775589
51,13,28.410336
51,14,28.88639
51,15,29.2355
51,16,29.485804
51,17,29.661255
51,18,29.781467
51,19,29.861977
51,2,7.0103974
51,20,29.914673
51,21,29.948387
51,22,29.969452
51,23,29.982319
51,24,29.989998
51,25,29.99448
51,26,29.99705
51,27,29.998512
51,28,29.999384
51,29,30.0
51,3,10.327972
51,4,13.433788
51,5,16.27806
51,6,18.826056
51,7,21.058834
51,8,22.972645
51,9,24.577152
52,0,0.0
52,1,3.5437174
52,10,25.892847
52,11,26.948013
52,12,27.775589
52,13,28.410336
52,14,28.88639
52,15,29.2355
52,16,29.485806
52,17,29.661251
52,18,29.781467
52,19,29.861979
52,2,7.010397
52,20,29.914677
52,21,29.948383
52,22,29.969456
52,23,29.982319
52,24,29.989998
52,25,29.994478
52,26,29.99705
52,27,29.998512
52,28,29.999384
52,29,30.0
52,3,10.327972
52,4,13.433788
52,5,16.27806
52,6,18.826056
52,7,21.058834
52,8,22.972645
52,9,24.577152
53,0,0.0
53,1,3.5437176
53,10,25.89285
53,11,26.94801
53,12,27.775589
53,13,28.410334
53,14,28.88639
53,15,29.235502
53,16,29.485806
53,17,29.661255
53,18,29.781466
53,19,29.861977
53,2,7.010398
53,20,29.914677
53,21,29.948387
53,22,29.969452
53,23,29.982319
53,24,29.989996
53,25,29.994482
53,26,29.997047
53,27,29.998512
53,28,29.999384
53,29,30.0
53,3,10.327973
53,4,13.433788
53,5,16.27806
53,6,18.826057
53,7,21.058834
53,8,22.972645
53,9,24.577152
54,0,0.0
54,1,3.5437174
54,10,25.892845
54,11,26.948011
54,12,27.775589
54,13,28.410332
54,14,28.886393
54,15,29.2355
54,16,29.485806
54,17,29.661253
54,18,29.781466
54,19,29.861977
54,2,7.0103974
54,20,29.914679
54,21,29.948387
54,22,29.969452
54,23,29.982319
54,24,29.990002
54,25,29.994478
54,26,29.99705
54,27,29.998512
54,28,29.999384
54,29,30.0
54,3,10.327972
54,4,13.433789
54,5,16.278063
54,6,18.826057
54,7,21.058834
54,8,22.972645
54,9,24.577152
55,0,0.0
55,1,3.5437174
55,10,25.892849
55,11,26.948011
55,12,27.775589
55,13,28.410336
55,14,28.88639
55,15,29.235502
55,16,29.485806
55,17,29.661251
55,18,29.781467
55,19,29.861977
55,2,7.010398
55,20,29.914679
55,21,29.948387
55,22,29.969452
55,23,29.982319
55,24,29.989998
55,25,29.994482
55,26,29.99705
55,27,29.998514
55,28,29.999384
55,29,30.0
55,3,10.327972
55,4,13.433788
55,5,16.27806
55,6,18.826057
55,7,21.058834
55,8,22.972645
55,9,24.577152
56,0,0.0
56,1,3.5437176
56,10,25.892847
56,11,26.948011
56,12,27.775589
56,13,28.410332
56,14,28.886393
56,15,29.2355
56,16,29.485806
56,17,29.661255
56,18,29.781467
56,19,29.861979
56,2,7.010398
56,20,29.914679
56,21,29.948385
56,22,29.969452
56,23,29.982319
56,24,29.990002
56,25,29.994482
56,26,29.99705
56,27,29.998512
56,28,29.999384
56,29,30.0
56,3,10.327973
56,4,13.433788
56,5,16.278063
56,6,18.826054
56,7,21.058836
56,8,22.972643
56,9,24.577152
57,0,0.0
57,1,3.5437174
57,10,25.892849
57,11,26.948011
57,12,27.775589
57,13,28.410336
57,14,28.88639
57,15,29.2355
57,16,29.485806
57,17,29.661251
57,18,29.781467
57,19,29.861977
57,2,7.010398
57,20,29.914677
57,21,29.948383
57,22,29.969452
57,23,29.982319
57,24,29.99
57,25,29.99448
57,26,29.99705
57,27,29.998514
57,28,29.999384
57,29,30.0
57,3,10.327972
57,4,13.433789
57,5,16.27806
57,6,18.826057
57,7,21.058834
57,8,22.972645
57,9,24.57715
58,0,0.0
58,1,3.5437176
58,10,25.892847
58,11,26.94801
58,12,27.77559
58,13,28.410336
58,14,28.88639
58,15,29.235502
58,16,29.485804
58,17,29.661251
58,18,29.781467
58,19,29.861977
58,2,7.010397
58,20,29.914677
58,21,29.948387
58,22,29.96945
58,23,29.982319
58,24,29.989998
58,25,29.99448
58,26,29.997047
58,27,29.998512
58,28,29.999386
58,29,30.0
58,3,10.327973
58,4,13.433788
58,5,16.278063
58,6,18.826054
58,7,21.058838
58,8,22.972643
58,9,24.577152
59,0,0.0
59,1,3.5437171
59,10,25.892849
59,11,26.948011
59,12,27.77559
59,13,28.410336
59,14,28.886395
59,15,29.2355
59,16,29.485806
59,17,29.661251
59,18,29.781466
59,19,29.86198
59,2,7.010398
59,20,29.914675
59,21,29.948383
59,22,29.969452
59,23,29.982319
59,24,29.989998
59,25,29.99448
59,26,29.99705
59,27,29.998512
59,28,29.999386
59,29,30.0
59,3,10.327972
59,4,13.433788
59,5,16.27806
59,6,18.826057
59,7,21.058834
59,8,22.972649
59,9,24.57715
6,0,0.0
6,1,2.2191288
6,10,16.23965
6,11,16.908144
6,12,17.43749
6,13,17.8501
6,14,18.170637
6,15,18.422215
6,16,18.62822
6,17,18.811306
6,18,18.994406
6,19,19.202204
6,2,4.390424
6,20,19.46125
6,21,19.803225
6,22,20.263832
6,23,20.886227
6,24,21.71703
6,25,22.805447
6,26,24.19064
6,27,25.887379
6,28,27.859303
6,29,30.0
6,3,6.4683514
6,4,8.414761
6,5,10.197346
6,6,11.79586
6,7,13.196899
6,8,14.399814
6,9,15.409177
60,0,0.0
60,1,3.5437176
60,10,25.892847
60,11,26.948013
60,12,27.77559
60,13,28.410336
60,14,28.88639
60,15,29.235502
60,16,29.485806
60,17,29.661253
60,18,29.781467
60,19,29.861977
60,2,7.0103965
60,20,29.914675
60,21,29.948383
60,22,29.969452
60,23,29.982319
60,24,29.989998
60,25,29.99448
60,26,29.99705
60,27,29.998512
60,28,29.999384
60,29,30.0
60,3,10.327973
60,4,13.433786
60,5,16.278063
60,6,18.826054
60,7,21.058836
60,8,22.972643
60,9,24.577152
61,0,0.0
61,1,3.543717
61,10,25.89285
61,11,26.948011
61,12,27.77559
61,13,28.410336
61,14,28.886395
61,15,29.2355
61,16,29.48581
61,17,29.661255
61,18,29.781466
61,19,29.86198
61,2,7.010398
61,20,29.914675
61,21,29.948387
61,22,29.969452
61,23,29.982319
61,24,29.990002
61,25,29.99448
61,26,29.99705
61,27,29.998512
61,28,29.999384
61,29,30.0
61,3,10.327972
61,4,13.43379
61,5,16.27806
61,6,18.826057
61,7,21.058834
61,8,22.972645
61,9,24.57715
62,0,0.0
62,1,3.5437179
62,10,25.892849
62,11,26.948013
62,12,27.77559
62,13,28.410337
62,14,28.886395
62,15,29.235506
62,16,29.485807
62,17,29.661255
62,18,29.781471
62,19,29.861977
62,2,7.0103965
62,20,29.914677
62,21,29.948387
62,22,29.969456
62,23,29.982323
62,24,29.989998
62,25,29.994482
62,26,29.99705
62,27,29.998512
62,28,29.999384
62,29,30.0
62,3,10.327974
62,4,13.433786
62,5,16.278065
62,6,18.826054
62,7,21.058838
62,8,22.972643
62,9,24.577154
63,0,0.0
63,1,3.5437174
63,10,25.892853
63,11,26.948015
63,12,27.775593
63,13,28.410337
63,14,28.886398
63,15,29.235506
63,16,29.48581
63,17,29.661259
63,18,29.781471
63,19,29.861982
63,2,7.010399
63,20,29.91468
63,21,29.94839
63,22,29.969458
63,23,29.982323
63,24,29.990002
63,25,29.99448
63,26,29.99705
63,27,29.998514
63,28,29.999384
63,29,30.0
63,3,10.327972
63,4,13.433791
63,5,16.27806
63,6,18.826061
63,7,21.058834
63,8,22.97265
63,9,24.577154
64,0,0.0
64,1,3.5437188
64,10,25.892857
64,11,26.94802
64,12,27.775599
64,13,28.410345
64,14,28.886402
64,15,29.235512
64,16,29.485817
64,17,29.661263
64,18,29.781479
64,19,29.861988
64,2,7.0103984
64,20,29.914684
64,21,29.948391
64,22,29.969463
64,23,29.982328
64,24,29.990004
64,25,29.994486
64,26,29.997051
64,27,29.998516
64,28,29.999386
64,29,30.0
64,3,10.327977
64,4,13.433791
64,5,16.278069
64,6,18.82606
64,7,21.058842
64,8,22.972652
64,9,24.577164
65,0,0.0
65,1,3.5437195
65,10,25.892872
65,11,26.948032
65,12,27.775612
65,13,28.410357
65,14,28.886414
65,15,29.235523
65,16,29.485828
65,17,29.661274
65,18,29.78149
65,19,29.862
65,2,7.0104036
65,20,29.914696
65,21,29.948402
65,22,29.969471
65,23,29.982334
65,24,29.990013
65,25,29.994492
65,26,29.997057
65,27,29.99852
65,28,29.999388
65,29,30.0
65,3,10.32798
65,4,13.4338
65,5,16.278072
65,6,18.82607
65,7,21.05885
65,8,22.972664
65,9,24.57717
66,0,0.0
66,1,3.543724
66,10,25.892893
66,11,26.94806
66,12,27.775635
66,13,28.410381
66,14,28.88644
66,15,29.23555
66,16,29.485853
66,17,29.661299
66,18,29.781513
66,19,29.862022
66,2,7.0104094
66,20,29.914717
66,21,29.948425
66,22,29.96949
66,23,29.982353
66,24,29.990026
66,25,29.994503
66,26,29.997066
66,27,29.998528
66,28,29.99939
66,29,30.0
66,3,10.327992
66,4,13.433811
66,5,16.278091
66,6,18.826088
66,7,21.058872
66,8,22.972683
66,9,24.577196
67,0,0.0
67,1,3.5437312
67,10,25.892944
67,11,26.948112
67,12,27.775692
67,13,28.410439
67,14,28.886497
67,15,29.235607
67,16,29.485909
67,17,29.661356
67,18,29.781567
67,19,29.862074
67,2,7.0104256
67,20,29.914768
67,21,29.948471
67,22,29.969536
67,23,29.982393
67,24,29.990063
67,25,29.994534
67,26,29.99709
67,27,29.998539
67,28,29.999401
67,29,30.0
67,3,10.328013
67,4,13.433842
67,5,16.278124
67,6,18.82613
67,7,21.058914
67,8,22.972733
67,9,24.577246
68,0,0.0
68,1,3.543748
68,10,25.893055
68,11,26.948223
68,12,27.775806
68,13,28.410553
68,14,28.886616
68,15,29.235722
68,16,29.486029
68,17,29.66147
68,18,29.781681
68,19,29.862186
68,2,7.010457
68,20,29.914873
68,21,29.94857
68,22,29.969625
68,23,29.982475
68,24,29.990131
68,25,29.994593
68,26,29.997135
68,27,29.998573
68,28,29.999413
68,29,30.0
68,3,10.328062
68,4,13.433902
68,5,16.278198
68,6,18.82621
68,7,21.05901
68,8,22.972832
68,9,24.57735
69,0,0.0
69,1,3.5437803
69,10,25.89328
69,11,26.948452
69,12,27.776041
69,13,28.410793
69,14,28.886852
69,15,29.235962
69,16,29.486263
69,17,29.661707
69,18,29.781908
69,19,29.862406
69,2,7.0105224
69,20,29.915087
69,21,29.94877
69,22,29.96981
69,23,29.982641
69,24,29.99028
69,25,29.994715
69,26,29.99723
69,27,29.998636
69,28,29.999447
69,29,30.0
69,3,10.3281555
69,4,13.434026
69,5,16.278345
69,6,18.826384
69,7,21.059193
69,8,22.973036
69,9,24.577564
7,0,0.0
7,1,2.482922
7,10,18.166073
7,11,18.913574
7,12,19.503769
7,13,19.963543
7,14,20.31842
7,15,20.594679
7,16,20.816757
7,17,21.008545
7,18,21.193495
7,19,21.39493
7,2,4.9118767
7,20,21.638197
7,21,21.949677
7,22,22.359722
7,23,22.899576
7,24,23.60276
7,25,24.497816
7,26,25.60429
7,27,26.919376
7,28,28.408995
7,29,30.0
7,3,7.237154
7,4,9.414053
7,5,11.409039
7,6,13.196364
7,7,14.764402
7,8,16.108915
7,9,17.23844
70,0,0.0
70,1,3.5438461
70,10,25.89372
70,11,26.94891
70,12,27.776506
70,13,28.411263
70,14,28.887325
70,15,29.236435
70,16,29.486734
70,17,29.662169
70,18,29.782364
70,19,29.862844
70,2,7.0106506
70,20,29.915506
70,21,29.94917
70,22,29.970177
70,23,29.982973
70,24,29.990568
70,25,29.994955
70,26,29.997414
70,27,29.998762
70,28,29.999512
70,29,30.0
70,3,10.328344
70,4,13.434269
70,5,16.27864
70,6,18.826717
70,7,21.05957
70,8,22.973434
70,9,24.577991
71,0,0.0
71,1,3.543973
71,10,25.894577
71,11,26.949793
71,12,27.777407
71,13,28.412172
71,14,28.888245
71,15,29.237347
71,16,29.487644
71,17,29.663065
71,18,29.783241
71,19,29.863697
71,2,7.0109015
71,20,29.91632
71,21,29.949936
71,22,29.970888
71,23,29.983612
71,24,29.991127
71,25,29.995417
71,26,29.997774
71,27,29.999006
71,28,29.999636
71,29,30.0
71,3,10.328711
71,4,13.434742
71,5,16.279207
71,6,18.82737
71,7,21.06029
71,8,22.974216
71,9,24.578812
72,0,0.0
72,1,3.5442128
72,10,25.896198
72,11,26.95146
72,12,27.779108
72,13,28.413897
72,14,28.88997
72,15,29.239079
72,16,29.489357
72,17,29.66476
72,18,29.784899
72,19,29.865303
72,2,7.0113745
72,20,29.91786
72,21,29.951385
72,22,29.97223
72,23,29.984825
72,24,29.99218
72,25,29.996296
72,26,29.99845
72,27,29.99947
72,28,29.999868
72,29,30.0
72,3,10.329405
72,4,13.435638
72,5,16.280283
72,6,18.828602
72,7,21.061653
72,8,22.975685
72,9,24.580368
73,0,0.0
73,1,3.5446563
73,10,25.899189
73,11,26.954538
73,12,27.782248
73,13,28.417068
73,14,28.893164
73,15,29.242264
73,16,29.492523
73,17,29.66788
73,18,29.787954
73,19,29.868263
73,2,7.012249
73,20,29.920696
73,21,29.954062
73,22,29.974705
73,23,29.987055
73,24,29.994125
73,25,29.997911
73,26,29.999702
73,27,30.00032
73,28,30.000301
73,29,30.0
73,3,10.330687
73,4,13.437292
73,5,16.28227
73,6,18.830873
73,7,21.064167
73,8,22.9784
73,9,24.583239
74,0,0.0
74,1,3.5454574
74,10,25.904575
74,11,26.960081
74,12,27.787895
74,13,28.422787
74,14,28.898907
74,15,29.248005
74,16,29.49822
74,17,29.673502
74,18,29.793453
74,19,29.8736
74,2,7.0138283
74,20,29.925804
74,21,29.958885
74,22,29.979164
74,23,29.99108
74,24,29.997631
74,25,30.000826
74,26,30.001955
74,27,30.00186
74,28,30.00108
74,29,30.0
74,3,10.332998
74,4,13.440279
74,5,16.285854
74,6,18.834978
74,7,21.068705
74,8,22.983292
74,9,24.588411
75,0,0.0
75,1,3.546872
75,10,25.914055
75,11,26.969835
75,12,27.797836
75,13,28.432838
75,14,28.90901
75,15,29.258095
75,16,29.508244
75,17,29.683384
75,18,29.803131
75,19,29.882977
75,2,7.016615
75,20,29.934795
75,21,29.96736
75,22,29.987015
75,23,29.998154
75,24,30.003807
75,25,30.005955
75,26,30.005928
75,27,30.004564
75,28,30.002455
75,29,30.0
75,3,10.337082
75,4,13.445543
75,5,16.292177
75,6,18.842207
75,7,21.076702
75,8,22.991905
75,9,24.597519
76,0,0.0
76,1,3.5493116
76,10,25.930359
76,11,26.986595
76,12,27.814915
76,13,28.450108
76,14,28.92636
76,15,29.275425
76,16,29.525446
76,17,29.70036
76,18,29.819744
76,19,29.899094
76,2,7.0214257
76,20,29.95023
76,21,29.981941
76,22,30.000496
76,23,30.010334
76,24,30.014418
76,25,30.014793
76,26,30.012754
76,27,30.009228
76,28,30.004814
76,29,30.0
76,3,10.34412
76,4,13.454629
76,5,16.303068
76,6,18.854668
76,7,21.090464
76,8,23.006739
76,9,24.61318
77,0,0.0
77,1,3.5534315
77,10,25.957733
77,11,27.014742
77,12,27.843578
77,13,28.479084
77,14,28.955465
77,15,29.304493
77,16,29.554314
77,17,29.728832
77,18,29.84763
77,19,29.926128
77,2,7.0295377
77,20,29.97616
77,21,30.006405
77,22,30.02317
77,23,30.030785
77,24,30.032284
77,25,30.029636
77,26,30.024261
77,27,30.017065
77,28,30.008795
77,29,30.0
77,3,10.356
77,4,13.469936
77,5,16.32143
77,6,18.87564
77,7,21.113636
77,8,23.031668
77,9,24.639513
78,0,0.0
78,1,3.5602288
78,10,26.002693
78,11,27.06092
78,12,27.89059
78,13,28.526592
78,14,29.003181
78,15,29.352142
78,16,29.601618
78,17,29.775517
78,18,29.893333
78,19,29.970495
78,2,7.0429344
78,20,30.018673
78,21,30.046593
78,22,30.060371
78,23,30.064415
78,24,30.061615
78,25,30.05408
78,26,30.043163
78,27,30.029985
78,28,30.015337
78,29,30.0
78,3,10.375586
78,4,13.495188
78,5,16.351667
78,6,18.910185
78,7,21.151733
78,8,23.07267
78,9,24.682755
79,0,0.0
79,1,3.5712175
79,10,26.074814
79,11,27.134985
79,12,27.965946
79,13,28.602715
79,14,29.07961
79,15,29.428453
79,16,29.677406
79,17,29.850285
79,18,29.966595
79,19,30.041567
79,2,7.0645556
79,20,30.086897
79,21,30.111021
79,22,30.120144
79,23,30.11839
79,24,30.10881
79,25,30.093348
79,26,30.073622
79,27,30.05075
79,28,30.025887
79,29,30.0
79,3,10.407219
79,4,13.535894
79,5,16.400421
79,6,18.965778
79,7,21.21305
79,8,23.138542
79,9,24.752216
8,0,0.0
8,1,2.7090306
8,10,19.81824
8,11,20.632042
8,12,21.274864
8,13,21.773685
8,14,22.15748
8,15,22.45309
8,16,22.686749
8,17,22.882738
8,18,23.064093
8,19,23.25357
8,2,5.3595695
8,20,23.473164
8,21,23.746456
8,22,24.096405
8,23,24.547565
8,24,25.121347
8,25,25.835999
8,26,26.69873
8,27,27.702682
8,28,28.819433
8,29,30.0
8,3,7.8961267
8,4,10.27187
8,5,12.447624
8,6,14.398315
8,7,16.107935
8,8,17.575272
8,9,18.806232
80,0,0.0
80,1,3.5885854
80,10,26.187984
80,11,27.251068
80,12,28.084002
80,13,28.721918
80,14,29.19926
80,15,29.54792
80,16,29.79601
80,17,29.967377
80,18,30.081285
80,19,30.152983
80,2,7.0987597
80,20,30.193779
80,21,30.212168
80,22,30.213898
80,23,30.203262
80,24,30.182943
80,25,30.155195
80,26,30.121513
80,27,30.083502
80,28,30.042486
80,29,30.0
80,3,10.457163
80,4,13.6001835
80,5,16.477264
80,6,19.05339
80,7,21.309484
80,8,23.242111
80,9,24.861248
81,0,0.0
81,1,3.6155043
81,10,26.36153
81,11,27.428993
81,12,28.26479
81,13,28.90438
81,14,29.382359
81,15,29.730679
81,16,29.977524
81,17,30.146515
81,18,30.256945
81,19,30.323563
81,2,7.1516824
81,20,30.35771
81,21,30.367222
81,22,30.35797
81,23,30.33359
81,24,30.297087
81,25,30.250328
81,26,30.195389
81,27,30.133938
81,28,30.068117
81,29,30.0
81,3,10.534467
81,4,13.699478
81,5,16.59592
81,6,19.18837
81,7,21.457987
81,8,23.401274
81,9,25.028713
82,0,0.0
82,1,3.656343
82,10,26.621918
82,11,27.69558
82,12,28.535503
82,13,29.177422
82,14,29.656239
82,15,30.004063
82,16,30.248962
82,17,30.414616
82,18,30.519768
82,19,30.579178
82,2,7.232006
82,20,30.603306
82,21,30.600033
82,22,30.574215
82,23,30.529737
82,24,30.468794
82,25,30.393847
82,26,30.306734
82,27,30.210161
82,28,30.106792
82,29,30.0
82,3,10.651558
82,4,13.849834
82,5,16.775154
82,6,19.392117
82,7,21.681602
82,8,23.64074
82,9,25.280159
83,0,0.0
83,1,3.717158
83,10,27.003893
83,11,28.08631
83,12,28.931824
83,13,29.576914
83,14,30.056805
83,15,30.403767
83,16,30.645992
83,17,30.80669
83,18,30.904598
83,19,30.95343
83,2,7.351411
83,20,30.9636
83,21,30.941578
83,22,30.892294
83,23,30.81825
83,24,30.722101
83,25,30.605509
83,26,30.471424
83,27,30.322807
83,28,30.16409
83,29,30.0
83,3,10.825569
83,4,14.072723
83,5,17.040604
83,6,19.693033
83,7,22.011467
83,8,23.993095
83,9,25.649734
84,0,0.0
84,1,3.8059454
84,10,27.552288
84,11,28.646297
84,12,29.499321
84,13,30.148457
84,14,30.629597
84,15,30.975319
84,16,31.213602
84,17,31.367687
84,18,31.45525
84,19,31.489853
84,2,7.5257225
84,20,31.480152
84,21,31.43246
84,22,31.349644
84,23,31.234348
84,24,31.087559
84,25,30.911856
84,26,30.70977
84,27,30.48629
84,28,30.247166
84,29,30.0
84,3,11.078985
84,4,14.396957
84,5,17.42557
84,6,20.128735
84,7,22.487633
84,8,24.500908
84,9,26.181011
85,0,0.0
85,1,3.933382
85,10,28.322374
85,11,29.431602
85,12,30.293983
85,13,30.948143
85,14,31.430622
85,15,31.77433
85,16,32.00743
85,17,32.152298
85,18,32.226418
85,19,32.2414
85,2,7.7753987
85,20,32.205498
85,21,32.12227
85,22,31.99429
85,23,31.821394
85,24,31.604956
85,25,31.345898
85,26,31.048584
85,27,30.71869
85,28,30.365559
85,29,30.0
85,3,11.441558
85,4,14.859358
85,5,17.973465
85,6,20.746605
85,7,23.161377
85,8,25.217112
85,9,26.928885
86,0,0.0
86,1,4.113125
86,10,29.381039
86,11,30.50879
86,12,31.382622
86,13,32.042442
86,14,32.52607
86,15,32.866932
86,16,33.09285
86,17,33.22609
86,18,33.282253
86,19,33.272366
86,2,8.127255
86,20,33.20144
86,21,33.072227
86,22,32.88328
86,23,32.63398
86,24,32.322254
86,25,31.95
86,26,31.520681
86,27,31.043571
86,28,30.531042
86,29,30.0
86,3,11.950891
86,4,15.507372
86,5,18.73812
86,6,21.606373
86,7,24.095081
86,8,26.206964
86,9,27.959103
87,0,0.0
87,1,4.363012
87,10,30.805115
87,11,31.954908
87,12,32.841373
87,13,33.507195
87,14,33.991367
87,15,34.327915
87,16,34.544846
87,17,34.662956
87,18,34.697258
87,19,34.65538
87,2,8.615092
87,20,34.54111
87,21,34.352192
87,22,34.085716
87,23,33.735558
87,24,33.299065
87,25,32.774555
87,26,32.167835
87,27,31.489511
87,28,30.75885
87,29,30.0
87,3,12.655277
87,4,16.399452
87,5,19.786806
87,6,22.779577
87,7,25.364391
87,8,27.54672
87,9,29.349325
88,0,0.0
88,1,4.7056837
88,10,32.68096
88,11,33.85435
88,12,34.754013
88,13,35.424988
88,14,35.908386
88,15,36.239
88,16,36.444237
88,17,36.544525
88,18,36.551765
88,19,36.472218
88,2,9.282616
88,20,36.304134
88,21,36.042973
88,22,35.67847
88,23,35.202003
88,24,34.603878
88,25,33.881996
88,26,33.039673
88,27,32.092964
88,28,31.06747
88,29,30.0
88,3,13.6145525
88,4,17.608803
88,5,21.199793
88,6,24.352308
88,7,27.056183
88,8,29.324722
88,9,31.186129
89,0,0.0
89,1,5.170977
89,10,35.099567
89,11,36.296505
89,12,37.207314
89,13,37.881413
89,14,38.36173
89,15,38.683846
89,16,38.875275
89,17,38.954124
89,18,38.931095
89,19,38.80706
89,2,10.185177
89,20,38.577618
89,21,38.229782
89,22,37.749146
89,23,37.116684
89,24,36.318584
89,25,35.344467
89,26,34.198433
89,27,32.89795
89,28,31.480839
89,29,30.0
89,3,14.904996
89,4,19.223957
89,5,23.074286
89,6,26.423086
89,7,29.27013
89,8,31.63723
89,9,33.564358
9,0,0.0
9,1,2.8989606
9,10,21.20316
9,11,22.073357
9,12,22.759027
9,13,23.290693
9,14,23.697407
9,15,24.008263
9,16,24.249706
9,17,24.446453
9,18,24.6213
9,19,24.795135
9,2,5.734907
9,20,24.988527
9,21,25.220387
9,22,25.510185
9,23,25.874844
9,24,26.330235
9,25,26.886032
9,26,27.545635
9,27,28.300373
9,28,29.129694
9,29,30.0
9,3,8.449597
9,4,10.991045
9,5,13.319744
9,6,15.405994
9,7,17.235785
9,8,18.804573
9,9,20.121838
90,0,0.0
90,1,5.7982187
90,10,38.153725
90,11,39.369095
90,12,40.286606
90,13,40.959274
90,14,41.4328
90,15,41.743652
90,16,41.918293
90,17,41.974033
90,18,41.917038
90,19,41.745705
90,2,11.3960495
90,20,41.447235
90,21,41.00375
90,22,40.38834
90,23,39.57454
90,24,38.534058
90,25,37.25007
90,26,35.718384
90,27,33.96152
90,28,32.028954
90,29,30.0
90,3,16.622343
90,4,21.35508
90,5,25.523565
90,6,29.105682
90,7,32.113937
90,8,34.587936
90,9,36.580544
91,0,0.0
91,1,6.6425815
91,10,41.929375
91,11,43.153206
91,12,44.0679
91,13,44.732063
91,14,45.193428
91,15,45.489044
91,16,45.645126
91,17,45.67578
91,18,45.585255
91,19,45.364708
91,2,13.013276
91,20,44.996845
91,21,44.451252
91,22,43.692127
91,23,42.6744
91,24,41.35642
91,25,39.70105
91,26,37.69496
91,27,35.356388
91,28,32.752983
91,29,30.0
91,3,18.892355
91,4,24.13692
91,5,28.68269
91,6,32.525154
91,7,35.70365
91,8,38.280067
91,9,40.32991
92,0,0.0
92,1,7.7847347
92,10,46.50036
92,11,47.71348
92,12,48.611214
92,13,49.255882
92,14,49.69767
92,15,49.973934
92,16,50.109093
92,17,50.115993
92,18,49.9934
92,19,49.729214
92,2,15.176895
92,20,49.295555
92,21,48.654175
92,22,47.750565
92,23,46.523296
92,24,44.901825
92,25,42.8246
92,26,40.249268
92,27,37.1844
92,28,33.710808
92,29,30.0
92,3,21.882133
92,4,27.74083
92,5,32.708103
92,6,36.820076
92,7,40.155243
92,8,42.813416
92,9,44.895798
93,0,0.0
93,1,9.353396
93,10,51.91664
93,11,53.09159
93,12,53.951054
93,13,54.56179
93,14,54.974606
93,15,55.22618
93,16,55.339912
93,17,55.324867
93,18,55.177853
93,19,54.879192
93,2,18.095814
93,20,54.396008
93,21,53.675186
93,22,52.648487
93,23,51.225456
93,24,49.304317
93,25,46.774822
93,26,43.5485
93,27,39.592766
93,28,34.99357
93,29,30.0
93,3,25.82621
93,4,32.38414
93,5,37.784626
93,6,42.135086
93,7,45.58155
93,8,48.271774
93,9,50.343933
94,0,0.0
94,1,11.57107
94,10,58.197685
94,11,59.295425
94,12,60.08988
94,13,60.648155
94,14,61.020657
94,15,61.24239
94,16,61.333897
94,17,61.302788
94,18,61.141068
94,19,60.827038
94,2,22.10509
94,20,60.318695
94,21,59.555653
94,22,58.448902
94,23,56.883263
94,24,54.708126
94,25,51.74967
94,26,47.826843
94,27,42.815937
94,28,36.756416
94,29,30.0
94,3,31.061607
94,4,38.35
94,5,44.122
94,6,48.617226
94,7,52.076996
94,8,54.715534
94,9,56.708218
95,0,0.0
95,1,14.865628
95,10,65.32011
95,11,66.293755
95,12,66.99041
95,13,67.4753
95,14,67.79499
95,15,67.981
95,16,68.0515
95,17,68.01067
95,18,67.850105
95,19,67.54396
95,2,27.771461
95,20,67.04947
95,21,66.29702
95,22,65.18776
95,23,63.577053
95,24,61.267937
95,25,57.993896
95,26,53.430294
95,27,47.246986
95,28,39.29756
95,29,30.0
95,3,38.08808
95,4,45.99792
95,5,51.950012
95,6,56.394783
95,7,59.704628
95,8,62.162895
95,9,63.982494
96,0,0.0
96,1,20.157063
96,10,73.21266
96,11,74.0087
96,12,74.57307
96,13,74.96229
96,14,75.21637
96,15,75.36158
96,16,75.41196
96,17,75.37067
96,18,75.22763
96,19,74.95984
96,2,36.102757
96,20,74.52429
96,21,73.85509
96,22,72.84825
96,23,71.34892
96,24,69.118614
96,25,65.799515
96,26,60.860474
96,27,53.58621
96,28,43.257877
96,29,30.0
96,3,47.63514
96,4,55.75937
96,5,61.48152
96,6,65.54822
96,7,68.46634
96,8,70.575905
96,9,72.10521
97,0,0.0
97,1,29.691647
97,10,81.74913
97,11,82.31609
97,12,82.71469
97,13,82.98784
97,14,83.16477
97,15,83.26437
97,16,83.296745
97,17,83.26297
97,18,83.15565
97,19,82.955284
97,2,48.91063
97,20,82.628876
97,21,82.12076
97,22,81.34413
97,23,80.156586
97,24,78.32439
97,25,75.44297
97,26,70.79518
97,27,63.093254
97,28,50.205875
97,29,30.0
97,3,60.687305
97,4,68.05249
97,5,72.83402
97,6,76.049515
97,7,78.27253
97,8,79.838104
97,9,80.952896
98,0,0.0
98,1,49.721672
98,10,90.75195
98,11,91.0473
98,12,91.254
98,13,91.39495
98,14,91.485825
98,15,91.53656
98,16,91.552216
98,17,91.53343
98,18,91.475586
98,19,91.36836
98,2,69.20714
98,20,91.19258
98,21,90.917305
98,22,90.4905
98,23,89.82533
98,24,88.765144
98,25,87.00772
98,26,83.90201
98,27,77.866684
98,28,64.512856
98,29,30.0
98,3,78.22034
98,4,83.023636
98,5,85.87068
98,6,87.68736
98,7,88.90398
98,8,89.74406
98,9,90.33416
99,0,0.0
99,1,100.0
99,10,100.0
99,11,100.0
99,12,100.0
99,13,100.0
99,14,100.0
99,15,100.0
99,16,100.0
99,17,100.0
99,18,100.0
99,19,100.0
99,2,100.0
99,20,100.0
99,21,100.0
99,22,100.0
99,23,100.0
99,24,100.0
99,25,100.0
99,26,100.0
99,27,100.0
99,28,100.0
99,29,30.0
99,3,100.0
99,4,100.0
99,5,100.0
99,6,100.0
99,7,100.0
99,8,100.0
99,9,100.0
