0,0,0.0
0,1,0.0
0,10,0.0
0,11,0.0
0,12,0.0
0,13,0.0
0,14,0.0
0,15,30.0
0,2,0.0
0,3,0.0
0,4,0.0
0,5,0.0
0,6,0.0
0,7,0.0
0,8,0.0
0,9,0.0
1,0,0.0
1,1,0.63568103
1,10,5.1765223
1,11,5.9455767
1,12,7.235808
1,13,9.736553
1,14,15.342284
1,15,30.0
1,2,1.2555846
1,3,1.8458135
1,4,2.3960533
1,5,2.9010482
1,6,3.3620281
1,7,3.788563
1,8,4.2017584
1,9,4.640704
10,0,0.0
10,1,11.119944
10,10,49.448685
10,11,47.82408
10,12,45.03055
10,13,41.015274
10,14,35.87392
10,15,30.0
10,2,21.194372
10,3,29.671387
10,4,36.44095
10,5,41.626114
10,6,45.421623
10,7,48.00707
10,8,49.509468
10,9,49.991
11,0,0.0
11,1,14.543716
11,10,57.063545
11,11,54.92446
11,12,51.284557
11,13,45.885906
11,14,38.636597
11,15,30.0
11,2,27.116241
11,3,37.072884
11,4,44.57464
11,5,50.036823
11,6,53.861786
11,7,56.350098
11,8,57.6848
11,9,57.935593
12,0,0.0
12,1,19.938686
12,10,65.94544
12,11,63.525692
12,12,59.29732
12,13,52.607216
12,14,42.786568
12,15,30.0
12,2,35.653996
12,3,46.929283
12,4,54.747902
12,5,60.08478
12,6,63.63861
12,7,65.84677
12,8,66.94405
12,9,67.00306
13,0,0.0
13,1,29.557037
13,10,76.18948
13,11,73.93555
13,12,69.771835
13,13,62.459053
13,14,49.902477
13,15,30.0
13,2,48.631775
13,3,60.24235
13,4,67.40292
13,5,71.91579
13,6,74.76112
13,7,76.454315
13,8,77.24162
13,9,77.18715
14,0,0.0
14,1,49.657692
14,10,87.68978
14,11,86.25519
14,12,83.39543
14,13,77.554695
14,14,64.36429
14,15,30.0
14,2,69.07372
14,3,78.00543
14,4,82.705666
14,5,85.41431
14,6,87.0358
14,7,87.967766
14,8,88.38096
14,9,88.31447
15,0,0.0
15,1,100.0
15,10,100.0
15,11,100.0
15,12,100.0
15,13,100.0
15,14,100.0
15,15,30.0
15,2,100.0
15,3,100.0
15,4,100.0
15,5,100.0
15,6,100.0
15,7,100.0
15,8,100.0
15,9,100.0
2,0,0.0
2,1,1.2871407
2,10,10.119814
2,11,11.36998
2,12,13.261105
2,13,16.368126
2,14,21.632584
2,15,30.0
2,2,2.5408456
2,3,3.7316198
2,4,4.8373566
2,5,5.846115
2,6,6.7585077
2,7,7.5904694
2,8,8.377774
2,9,9.18454
3,0,0.0
3,1,1.9720379
3,10,14.748222
3,11,16.153435
3,12,18.070513
3,13,20.842262
3,14,24.819925
3,15,30.0
3,2,3.8890429
3,3,5.70247
3,4,7.3756437
3,5,8.887558
3,6,10.23543
3,7,11.437046
3,8,12.534337
3,9,13.59988
4,0,0.0
4,1,2.7119718
4,10,19.119778
4,11,20.425032
4,12,22.025257
4,13,24.110495
4,14,26.804855
4,15,30.0
4,2,5.340824
4,3,7.813581
4,4,10.075204
4,5,12.093056
4,6,13.85862
4,7,15.387964
4,8,16.722666
4,9,17.93243
5,0,0.0
5,1,3.5350282
5,10,23.373436
5,11,24.401676
5,12,25.495003
5,13,26.76961
5,14,28.289007
5,15,30.0
5,2,6.9487095
5,3,10.135838
5,4,13.018548
5,5,15.550863
5,6,17.718046
5,7,19.533543
5,8,21.035946
5,9,22.287422
6,0,0.0
6,1,4.479438
6,10,27.68489
6,11,28.313255
6,12,28.783478
6,13,29.18394
6,14,29.581568
6,15,30.0
6,2,8.783155
6,3,12.7625265
6,4,16.312305
6,5,19.373817
6,6,21.929184
6,7,23.992237
6,8,25.600182
6,9,26.807896
7,0,0.0
7,1,5.5995703
7,10,32.244995
7,11,32.382988
7,12,32.141735
7,13,31.601112
7,14,30.853333
7,15,30.0
7,2,10.94196
7,3,15.818818
7,4,20.09435
7,5,23.702938
7,6,26.63266
7,7,28.90607
7,8,30.564667
7,9,31.659119
8,0,0.0
8,1,6.9768906
8,10,37.25301
8,11,36.831997
8,12,35.79937
8,13,34.225464
8,14,32.23065
8,15,30.0
8,2,13.566305
8,3,19.476456
8,4,24.543354
8,5,28.710955
8,6,31.992472
8,7,34.43474
8,8,36.093334
8,9,37.01893
9,0,0.0
9,1,8.74169
9,10,42.916145
9,11,41.892624
9,12,39.998314
9,13,37.270714
9,14,33.84382
9,15,30.0
9,2,16.86993
9,3,23.97736
9,4,29.891678
9,5,34.60507
9,6,38.19156
9,7,40.747093
9,8,42.35504
9,9,43.070267
