0,0,0.0
0,1,0.0
0,10,0.0
0,11,0.0
0,12,0.0
0,13,0.0
0,14,0.0
0,15,30.0
0,2,0.0
0,3,0.0
0,4,0.0
0,5,0.0
0,6,0.0
0,7,0.0
0,8,0.0
0,9,0.0
1,0,0.0
1,1,0.6355674
1,10,5.1760488
1,11,5.9451704
1,12,7.235486
1,13,9.736331
1,14,15.34217
1,15,30.0
1,2,1.2553623
1,3,1.8454924
1,4,2.3956475
1,5,2.900575
1,6,3.3615093
1,7,3.78802
1,8,4.2012153
1,9,4.6401844
10,0,0.0
10,1,11.119469
10,10,49.446716
10,11,47.822388
10,12,45.02922
10,13,41.014343
10,14,35.873447
10,15,30.0
10,2,21.193447
10,3,29.670048
10,4,36.439255
10,5,41.624138
10,6,45.419456
10,7,48.004803
10,8,49.50721
10,9,49.98883
11,0,0.0
11,1,14.54331
11,10,57.061848
11,11,54.92301
11,12,51.28341
11,13,45.885113
11,14,38.636192
11,15,30.0
11,2,27.115444
11,3,37.07173
11,4,44.57318
11,5,50.03513
11,6,53.859924
11,7,56.348156
11,8,57.682854
11,9,57.93374
12,0,0.0
12,1,19.938364
12,10,65.9441
12,11,63.524536
12,12,59.296413
12,13,52.606583
12,14,42.78625
12,15,30.0
12,2,35.653366
12,3,46.92837
12,4,54.746754
12,5,60.08343
12,6,63.63714
12,7,65.84523
12,8,66.94252
12,9,67.00159
13,0,0.0
13,1,29.556816
13,10,76.18855
13,11,73.93475
13,12,69.77121
13,13,62.45862
13,14,49.902256
13,15,30.0
13,2,48.63134
13,3,60.241726
13,4,67.40212
13,5,71.914856
13,6,74.7601
13,7,76.453255
13,8,77.240555
13,9,77.18614
14,0,0.0
14,1,49.657574
14,10,87.689316
14,11,86.254776
14,12,83.39511
14,13,77.554474
14,14,64.36418
14,15,30.0
14,2,69.0735
14,3,78.00511
14,4,82.70526
14,5,85.41383
14,6,87.03528
14,7,87.96722
14,8,88.380424
14,9,88.31395
15,0,0.0
15,1,100.0
15,10,100.0
15,11,100.0
15,12,100.0
15,13,100.0
15,14,100.0
15,15,30.0
15,2,100.0
15,3,100.0
15,4,100.0
15,5,100.0
15,6,100.0
15,7,100.0
15,8,100.0
15,9,100.0
2,0,0.0
2,1,1.2869184
2,10,10.118889
2,11,11.3691845
2,12,13.260477
2,13,16.367691
2,14,21.63236
2,15,30.0
2,2,2.540411
2,3,3.7309916
2,4,4.8365617
2,5,5.8451896
2,6,6.757492
2,7,7.5894074
2,8,8.376712
2,9,9.183523
3,0,0.0
3,1,1.9717169
3,10,14.746883
3,11,16.152287
3,12,18.069605
3,13,20.841633
3,14,24.819603
3,15,30.0
3,2,3.8884149
3,3,5.7015615
3,4,7.3744955
3,5,8.886221
3,6,10.233961
3,7,11.435512
3,8,12.532801
3,9,13.59841
4,0,0.0
4,1,2.7115655
4,10,19.118086
4,11,20.42358
4,12,22.024109
4,13,24.1097
4,14,26.80445
4,15,30.0
4,2,5.34003
4,3,7.8124332
4,4,10.073752
4,5,12.091366
4,6,13.856764
4,7,15.386022
4,8,16.720724
4,9,17.930573
5,0,0.0
5,1,3.5345554
5,10,23.371466
5,11,24.399986
5,12,25.493664
5,13,26.768682
5,14,28.288534
5,15,30.0
5,2,6.947784
5,3,10.1345005
5,4,13.016857
5,5,15.548891
5,6,17.715883
5,7,19.53128
5,8,21.033684
5,9,22.28526
6,0,0.0
6,1,4.4789176
6,10,27.682728
6,11,28.311396
6,12,28.782011
6,13,29.182922
6,14,29.581049
6,15,30.0
6,2,8.78214
6,3,12.761057
6,4,16.310448
6,5,19.371655
6,6,21.926807
6,7,23.989754
6,8,25.597696
6,9,26.80552
7,0,0.0
7,1,5.5990276
7,10,32.24273
7,11,32.381046
7,12,32.140198
7,13,31.600052
7,14,30.852787
7,15,30.0
7,2,10.940897
7,3,15.817284
7,4,20.092407
7,5,23.700676
7,6,26.630175
7,7,28.90347
7,8,30.56207
7,9,31.656631
8,0,0.0
8,1,6.9763465
8,10,37.250748
8,11,36.83005
8,12,35.797836
8,13,34.224396
8,14,32.23011
8,15,30.0
8,2,13.565244
8,3,19.474918
8,4,24.541412
8,5,28.70869
8,6,31.989983
8,7,34.432137
8,8,36.090736
8,9,37.01644
9,0,0.0
9,1,8.74117
9,10,42.91398
9,11,41.890774
9,12,39.99684
9,13,37.2697
9,14,33.8433
9,15,30.0
9,2,16.868912
9,3,23.975891
9,4,29.889822
9,5,34.602905
9,6,38.18918
9,7,40.744606
9,8,42.352547
9,9,43.067894
