0,0,0.0
0,1,0.0
0,10,0.0
0,11,0.0
0,12,0.0
0,13,0.0
0,14,0.0
0,15,30.0
0,2,0.0
0,3,0.0
0,4,0.0
0,5,0.0
0,6,0.0
0,7,0.0
0,8,0.0
0,9,0.0
1,0,0.0
1,1,0.63557017
1,10,5.1760607
1,11,5.94518
1,12,7.2354946
1,13,9.736337
1,14,15.342173
1,15,30.0
1,2,1.2553678
1,3,1.8455003
1,4,2.395657
1,5,2.9005866
1,6,3.3615217
1,7,3.788033
1,8,4.201229
1,9,4.640197
10,0,0.0
10,1,11.119482
10,10,49.446762
10,11,47.822433
10,12,45.029243
10,13,41.01437
10,14,35.87346
10,15,30.0
10,2,21.193468
10,3,29.670082
10,4,36.439297
10,5,41.624187
10,6,45.41951
10,7,48.00486
10,8,49.507256
10,9,49.98889
11,0,0.0
11,1,14.54332
11,10,57.06189
11,11,54.923042
11,12,51.283443
11,13,45.88513
11,14,38.636204
11,15,30.0
11,2,27.115463
11,3,37.071762
11,4,44.573215
11,5,50.035168
11,6,53.85997
11,7,56.3482
11,8,57.682907
11,9,57.93378
12,0,0.0
12,1,19.938374
12,10,65.94413
12,11,63.524567
12,12,59.296432
12,13,52.606598
12,14,42.786255
12,15,30.0
12,2,35.653378
12,3,46.928394
12,4,54.74678
12,5,60.083466
12,6,63.637173
12,7,65.84527
12,8,66.94255
12,9,67.001625
13,0,0.0
13,1,29.55682
13,10,76.18858
13,11,73.93477
13,12,69.771225
13,13,62.45863
13,14,49.902264
13,15,30.0
13,2,48.631355
13,3,60.241737
13,4,67.402145
13,5,71.91487
13,6,74.76013
13,7,76.45328
13,8,77.240585
13,9,77.18616
14,0,0.0
14,1,49.657578
14,10,87.689316
14,11,86.2548
14,12,83.39511
14,13,77.554474
14,14,64.36418
14,15,30.0
14,2,69.07351
14,3,78.00513
14,4,82.70526
14,5,85.41385
14,6,87.035286
14,7,87.96724
14,8,88.38043
14,9,88.313965
15,0,0.0
15,1,100.0
15,10,100.0
15,11,100.0
15,12,100.0
15,13,100.0
15,14,100.0
15,15,30.0
15,2,100.0
15,3,100.0
15,4,100.0
15,5,100.0
15,6,100.0
15,7,100.0
15,8,100.0
15,9,100.0
2,0,0.0
2,1,1.2869239
2,10,10.11891
2,11,11.369205
2,12,13.26049
2,13,16.3677
2,14,21.632366
2,15,30.0
2,2,2.5404217
2,3,3.7310066
2,4,4.8365808
2,5,5.8452125
2,6,6.757517
2,7,7.5894337
2,8,8.376737
2,9,9.183548
3,0,0.0
3,1,1.9717246
3,10,14.746918
3,11,16.152313
3,12,18.069626
3,13,20.841648
3,14,24.81961
3,15,30.0
3,2,3.8884299
3,3,5.701584
3,4,7.374524
3,5,8.886252
3,6,10.233997
3,7,11.435548
3,8,12.53284
3,9,13.598445
4,0,0.0
4,1,2.7115755
4,10,19.118126
4,11,20.423616
4,12,22.024136
4,13,24.109718
4,14,26.804459
4,15,30.0
4,2,5.3400493
4,3,7.812461
4,4,10.073788
4,5,12.091408
4,6,13.856808
4,7,15.38607
4,8,16.72077
4,9,17.93062
5,0,0.0
5,1,3.5345669
5,10,23.371513
5,11,24.400026
5,12,25.493698
5,13,26.768705
5,14,28.288546
5,15,30.0
5,2,6.9478064
5,3,10.134533
5,4,13.016897
5,5,15.548941
5,6,17.715937
5,7,19.531334
5,8,21.03374
5,9,22.28531
6,0,0.0
6,1,4.4789305
6,10,27.682777
6,11,28.311443
6,12,28.782043
6,13,29.18295
6,14,29.58106
6,15,30.0
6,2,8.782164
6,3,12.761093
6,4,16.310493
6,5,19.371706
6,6,21.926867
6,7,23.989815
6,8,25.597757
6,9,26.805576
7,0,0.0
7,1,5.59904
7,10,32.242786
7,11,32.381092
7,12,32.140236
7,13,31.600075
7,14,30.852802
7,15,30.0
7,2,10.940924
7,3,15.81732
7,4,20.092455
7,5,23.700733
7,6,26.630234
7,7,28.903534
7,8,30.562132
7,9,31.65669
8,0,0.0
8,1,6.9763603
8,10,37.2508
8,11,36.8301
8,12,35.79787
8,13,34.224426
8,14,32.23012
8,15,30.0
8,2,13.565268
8,3,19.474957
8,4,24.54146
8,5,28.708744
8,6,31.990046
8,7,34.432198
8,8,36.090797
8,9,37.016502
9,0,0.0
9,1,8.741181
9,10,42.914032
9,11,41.890816
9,12,39.996883
9,13,37.269722
9,14,33.843315
9,15,30.0
9,2,16.868938
9,3,23.975925
9,4,29.889866
9,5,34.60296
9,6,38.18924
9,7,40.744667
9,8,42.352608
9,9,43.067947
