0,0,0.0
0,1,0.0
0,10,0.0
0,11,0.0
0,12,0.0
0,13,0.0
0,14,0.0
0,15,0.0
0,16,0.0
0,17,0.0
0,18,0.0
0,19,0.0
0,2,0.0
0,20,0.0
0,21,0.0
0,22,0.0
0,23,0.0
0,24,0.0
0,25,0.0
0,26,0.0
0,27,0.0
0,28,0.0
0,29,30.0
0,3,0.0
0,4,0.0
0,5,0.0
0,6,0.0
0,7,0.0
0,8,0.0
0,9,0.0
1,0,0.0
1,1,2.3139207
1,10,8.394943
1,11,8.396586
1,12,8.396938
1,13,8.396989
1,14,8.396996
1,15,8.396996
1,16,8.3969965
1,17,8.397
1,18,8.397015
1,19,8.397158
1,2,4.370739
1,20,8.3977
1,21,8.400543
1,22,8.409793
1,23,8.443129
1,24,8.537463
1,25,8.806524
1,26,9.503051
1,27,11.321964
1,28,16.15696
1,29,30.0
1,3,5.9704866
1,4,7.0903106
1,5,7.762204
1,6,8.128693
1,7,8.295277
1,8,8.364687
1,9,8.387825
10,0,0.0
10,1,8.394943
10,10,29.988468
10,11,29.993214
10,12,29.994095
10,13,29.99422
10,14,29.994234
10,15,29.994234
10,16,29.994234
10,17,29.994234
10,18,29.994234
10,19,29.994232
10,2,15.802248
10,20,29.994234
10,21,29.994234
10,22,29.994232
10,23,29.994232
10,24,29.99429
10,25,29.994427
10,26,29.994986
10,27,29.995968
10,28,29.997784
10,29,30.0
10,3,21.563906
10,4,25.506094
10,5,27.871653
10,6,29.110752
10,7,29.674019
10,8,29.894428
10,9,29.967897
11,0,0.0
11,1,8.396587
11,10,29.993216
11,11,29.997963
11,12,29.998842
11,13,29.998968
11,14,29.998981
11,15,29.998981
11,16,29.998981
11,17,29.998981
11,18,29.998981
11,19,29.998981
11,2,15.805416
11,20,29.998981
11,21,29.998981
11,22,29.998981
11,23,29.998981
11,24,29.998981
11,25,29.999008
11,26,29.99907
11,27,29.99927
11,28,29.99957
11,29,30.0
11,3,21.567837
11,4,25.510635
11,5,27.876316
11,6,29.115501
11,7,29.678766
11,8,29.899174
11,9,29.972643
12,0,0.0
12,1,8.396938
12,10,29.994095
12,11,29.99884
12,12,29.99972
12,13,29.999847
12,14,29.999859
12,15,29.99986
12,16,29.999859
12,17,29.999859
12,18,29.999859
12,19,29.999859
12,2,15.806003
12,20,29.999859
12,21,29.999863
12,22,29.999859
12,23,29.999863
12,24,29.999859
12,25,29.99986
12,26,29.99987
12,27,29.99989
12,28,29.999939
12,29,30.0
12,3,21.568628
12,4,25.511478
12,5,27.877193
12,6,29.11638
12,7,29.679646
12,8,29.900053
12,9,29.973524
13,0,0.0
13,1,8.396989
13,10,29.994219
13,11,29.998966
13,12,29.999847
13,13,29.999973
13,14,29.999985
13,15,29.999989
13,16,29.999985
13,17,29.999985
13,18,29.999985
13,19,29.999985
13,2,15.8061
13,20,29.999985
13,21,29.999985
13,22,29.999989
13,23,29.999985
13,24,29.999987
13,25,29.999985
13,26,29.999987
13,27,29.99999
13,28,29.999992
13,29,30.0
13,3,21.56874
13,4,25.511602
13,5,27.87732
13,6,29.116505
13,7,29.679771
13,8,29.900179
13,9,29.973648
14,0,0.0
14,1,8.396996
14,10,29.994232
14,11,29.99898
14,12,29.999859
14,13,29.999985
14,14,29.999998
14,15,30.0
14,16,30.0
14,17,30.0
14,18,30.0
14,19,30.0
14,2,15.806108
14,20,30.0
14,21,30.0
14,22,30.0
14,23,30.0
14,24,30.0
14,25,30.0
14,26,30.0
14,27,30.0
14,28,30.0
14,29,30.0
14,3,21.568754
14,4,25.511616
14,5,27.877335
14,6,29.116516
14,7,29.679785
14,8,29.900192
14,9,29.973663
15,0,0.0
15,1,8.396996
15,10,29.994232
15,11,29.998981
15,12,29.999859
15,13,29.999987
15,14,30.0
15,15,30.0
15,16,30.0
15,17,30.0
15,18,30.0
15,19,30.0
15,2,15.80611
15,20,30.0
15,21,30.0
15,22,30.0
15,23,30.0
15,24,30.0
15,25,30.0
15,26,30.0
15,27,30.0
15,28,30.0
15,29,30.0
15,3,21.568754
15,4,25.511616
15,5,27.877335
15,6,29.11652
15,7,29.679787
15,8,29.900192
15,9,29.973663
16,0,0.0
16,1,8.396996
16,10,29.994232
16,11,29.998981
16,12,29.99986
16,13,29.999985
16,14,30.0
16,15,30.0
16,16,30.0
16,17,30.0
16,18,30.0
16,19,30.0
16,2,15.80611
16,20,30.0
16,21,30.0
16,22,30.0
16,23,30.0
16,24,30.0
16,25,30.0
16,26,30.0
16,27,30.0
16,28,30.0
16,29,30.0
16,3,21.568756
16,4,25.511616
16,5,27.877335
16,6,29.11652
16,7,29.679787
16,8,29.900192
16,9,29.973663
17,0,0.0
17,1,8.396996
17,10,29.994232
17,11,29.998981
17,12,29.999859
17,13,29.999985
17,14,30.0
17,15,30.0
17,16,30.0
17,17,30.0
17,18,30.0
17,19,30.0
17,2,15.80611
17,20,30.0
17,21,30.0
17,22,30.0
17,23,30.0
17,24,30.0
17,25,30.0
17,26,30.0
17,27,30.0
17,28,30.0
17,29,30.0
17,3,21.568754
17,4,25.511616
17,5,27.877335
17,6,29.11652
17,7,29.679787
17,8,29.900196
17,9,29.973663
18,0,0.0
18,1,8.396996
18,10,29.994232
18,11,29.998981
18,12,29.999859
18,13,29.999985
18,14,30.0
18,15,30.0
18,16,30.0
18,17,30.0
18,18,30.0
18,19,30.0
18,2,15.80611
18,20,30.0
18,21,30.0
18,22,30.0
18,23,30.0
18,24,30.0
18,25,30.0
18,26,30.0
18,27,30.0
18,28,30.0
18,29,30.0
18,3,21.568756
18,4,25.511616
18,5,27.877335
18,6,29.11652
18,7,29.679787
18,8,29.900196
18,9,29.973663
19,0,0.0
19,1,8.396996
19,10,29.994232
19,11,29.998981
19,12,29.99986
19,13,29.999985
19,14,30.0
19,15,30.0
19,16,30.0
19,17,30.0
19,18,30.0
19,19,30.0
19,2,15.80611
19,20,30.0
19,21,30.0
19,22,30.0
19,23,30.0
19,24,30.0
19,25,30.0
19,26,30.0
19,27,30.0
19,28,30.0
19,29,30.0
19,3,21.568754
19,4,25.511616
19,5,27.877335
19,6,29.11652
19,7,29.679787
19,8,29.900192
19,9,29.973663
2,0,0.0
2,1,4.370739
2,10,15.802248
2,11,15.805415
2,12,15.806003
2,13,15.8061
2,14,15.806109
2,15,15.806109
2,16,15.80611
2,17,15.806113
2,18,15.806145
2,19,15.806275
2,2,8.227274
2,20,15.80724
2,21,15.810598
2,22,15.825298
2,23,15.86894
2,24,16.004963
2,25,16.351429
2,26,17.209538
2,27,19.113636
2,28,23.048777
2,29,30.0
2,3,11.266794
2,4,13.346466
2,5,14.629173
2,6,15.301067
2,7,15.620356
2,8,15.745295
2,9,15.789787
20,0,0.0
20,1,8.396996
20,10,29.994234
20,11,29.998981
20,12,29.999859
20,13,29.999987
20,14,30.0
20,15,30.0
20,16,30.0
20,17,30.0
20,18,30.0
20,19,30.0
20,2,15.80611
20,20,30.0
20,21,30.0
20,22,30.0
20,23,30.0
20,24,30.0
20,25,30.0
20,26,30.0
20,27,30.0
20,28,30.0
20,29,30.0
20,3,21.568756
20,4,25.511616
20,5,27.877333
20,6,29.11652
20,7,29.679787
20,8,29.900196
20,9,29.973663
21,0,0.0
21,1,8.396996
21,10,29.994232
21,11,29.998981
21,12,29.999863
21,13,29.999985
21,14,30.0
21,15,30.0
21,16,30.0
21,17,30.0
21,18,30.0
21,19,30.0
21,2,15.80611
21,20,30.0
21,21,30.0
21,22,30.0
21,23,30.0
21,24,30.0
21,25,30.0
21,26,30.0
21,27,30.0
21,28,30.0
21,29,30.0
21,3,21.568756
21,4,25.511616
21,5,27.877335
21,6,29.11652
21,7,29.679787
21,8,29.900196
21,9,29.973663
22,0,0.0
22,1,8.396996
22,10,29.994232
22,11,29.998981
22,12,29.999859
22,13,29.999985
22,14,30.0
22,15,30.0
22,16,30.0
22,17,30.0
22,18,30.0
22,19,30.0
22,2,15.80611
22,20,30.0
22,21,30.0
22,22,30.0
22,23,30.0
22,24,30.0
22,25,30.0
22,26,30.0
22,27,30.0
22,28,30.0
22,29,30.0
22,3,21.568754
22,4,25.511618
22,5,27.877333
22,6,29.11652
22,7,29.679787
22,8,29.900196
22,9,29.973663
23,0,0.0
23,1,8.396996
23,10,29.994232
23,11,29.998981
23,12,29.999859
23,13,29.999985
23,14,30.0
23,15,30.0
23,16,30.0
23,17,30.0
23,18,30.0
23,19,30.0
23,2,15.806109
23,20,30.0
23,21,30.0
23,22,30.0
23,23,30.0
23,24,30.0
23,25,30.0
23,26,30.0
23,27,30.0
23,28,30.0
23,29,30.0
23,3,21.568756
23,4,25.511616
23,5,27.877335
23,6,29.11652
23,7,29.679787
23,8,29.900192
23,9,29.973663
24,0,0.0
24,1,8.396996
24,10,29.994234
24,11,29.998981
24,12,29.999859
24,13,29.999985
24,14,30.0
24,15,30.0
24,16,30.0
24,17,30.0
24,18,30.0
24,19,30.0
24,2,15.80611
24,20,30.0
24,21,30.0
24,22,30.0
24,23,30.0
24,24,30.0
24,25,30.0
24,26,30.0
24,27,30.0
24,28,30.0
24,29,30.0
24,3,21.568754
24,4,25.51162
24,5,27.877335
24,6,29.11652
24,7,29.679787
24,8,29.900192
24,9,29.973663
25,0,0.0
25,1,8.396996
25,10,29.994232
25,11,29.998981
25,12,29.99986
25,13,29.999985
25,14,30.0
25,15,30.0
25,16,30.0
25,17,30.0
25,18,30.0
25,19,30.0
25,2,15.806109
25,20,30.0
25,21,30.0
25,22,30.0
25,23,30.0
25,24,30.0
25,25,30.0
25,26,30.0
25,27,30.0
25,28,30.0
25,29,30.0
25,3,21.568756
25,4,25.511616
25,5,27.877335
25,6,29.11652
25,7,29.679787
25,8,29.900192
25,9,29.973663
26,0,0.0
26,1,8.396996
26,10,29.994232
26,11,29.998981
26,12,29.999859
26,13,29.999985
26,14,30.0
26,15,30.0
26,16,30.0
26,17,30.0
26,18,30.0
26,19,30.0
26,2,15.80611
26,20,30.0
26,21,30.0
26,22,30.0
26,23,30.0
26,24,30.0
26,25,30.0
26,26,30.0
26,27,30.0
26,28,30.0
26,29,30.0
26,3,21.568754
26,4,25.511616
26,5,27.877335
26,6,29.11652
26,7,29.679787
26,8,29.900192
26,9,29.973663
27,0,0.0
27,1,8.396996
27,10,29.994232
27,11,29.998981
27,12,29.999863
27,13,29.999985
27,14,30.0
27,15,30.0
27,16,30.0
27,17,30.0
27,18,30.0
27,19,30.0
27,2,15.80611
27,20,30.0
27,21,30.0
27,22,30.0
27,23,30.0
27,24,30.0
27,25,30.0
27,26,30.0
27,27,30.0
27,28,30.0
27,29,30.0
27,3,21.568756
27,4,25.511616
27,5,27.877335
27,6,29.11652
27,7,29.679787
27,8,29.900192
27,9,29.973661
28,0,0.0
28,1,8.396996
28,10,29.994232
28,11,29.998981
28,12,29.999859
28,13,29.999985
28,14,30.0
28,15,30.0
28,16,30.0
28,17,30.0
28,18,30.0
28,19,30.0
28,2,15.80611
28,20,30.0
28,21,30.0
28,22,30.0
28,23,30.0
28,24,30.0
28,25,30.0
28,26,30.0
28,27,30.0
28,28,30.0
28,29,30.0
28,3,21.568756
28,4,25.511618
28,5,27.877335
28,6,29.11652
28,7,29.679785
28,8,29.900192
28,9,29.973661
29,0,0.0
29,1,8.396996
29,10,29.994232
29,11,29.998981
29,12,29.999863
29,13,29.999985
29,14,30.0
29,15,30.0
29,16,30.0
29,17,30.0
29,18,30.0
29,19,30.0
29,2,15.80611
29,20,30.0
29,21,30.0
29,22,30.0
29,23,30.0
29,24,30.0
29,25,30.0
29,26,30.0
29,27,30.0
29,28,30.0
29,29,30.0
29,3,21.568756
29,4,25.511616
29,5,27.877335
29,6,29.11652
29,7,29.679787
29,8,29.900196
29,9,29.973663
3,0,0.0
3,1,5.9704866
3,10,21.563906
3,11,21.567839
3,12,21.568628
3,13,21.56874
3,14,21.568754
3,15,21.568756
3,16,21.568756
3,17,21.568756
3,18,21.568768
3,19,21.56892
3,2,11.266794
3,20,21.569498
3,21,21.572975
3,22,21.584066
3,23,21.62548
3,24,21.73603
3,25,22.033218
3,26,22.693073
3,27,24.057257
3,28,26.467436
3,29,30.0
3,3,15.386145
3,4,18.251146
3,5,19.97015
3,6,20.89655
3,7,21.317638
3,8,21.489563
3,9,21.546873
30,0,0.0
30,1,8.396996
30,10,29.994232
30,11,29.998981
30,12,29.999859
30,13,29.999985
30,14,30.0
30,15,30.0
30,16,30.0
30,17,30.0
30,18,30.0
30,19,30.0
30,2,15.80611
30,20,30.0
30,21,30.0
30,22,30.0
30,23,30.0
30,24,30.0
30,25,30.0
30,26,30.0
30,27,30.0
30,28,30.0
30,29,30.0
30,3,21.568756
30,4,25.511618
30,5,27.877335
30,6,29.11652
30,7,29.679787
30,8,29.900192
30,9,29.973663
31,0,0.0
31,1,8.396996
31,10,29.994232
31,11,29.998981
31,12,29.999863
31,13,29.999985
31,14,30.0
31,15,30.0
31,16,30.0
31,17,30.0
31,18,30.0
31,19,30.0
31,2,15.80611
31,20,30.0
31,21,30.0
31,22,30.0
31,23,30.0
31,24,30.0
31,25,30.0
31,26,30.0
31,27,30.0
31,28,30.0
31,29,30.0
31,3,21.568756
31,4,25.511616
31,5,27.877335
31,6,29.11652
31,7,29.679787
31,8,29.900192
31,9,29.973663
32,0,0.0
32,1,8.396996
32,10,29.994232
32,11,29.998981
32,12,29.999863
32,13,29.999987
32,14,30.0
32,15,30.0
32,16,30.0
32,17,30.0
32,18,30.0
32,19,30.0
32,2,15.80611
32,20,30.0
32,21,30.0
32,22,30.0
32,23,30.0
32,24,30.0
32,25,30.0
32,26,30.0
32,27,30.0
32,28,30.0
32,29,30.0
32,3,21.568756
32,4,25.511616
32,5,27.877335
32,6,29.11652
32,7,29.679787
32,8,29.900192
32,9,29.973663
33,0,0.0
33,1,8.396996
33,10,29.994234
33,11,29.998981
33,12,29.999863
33,13,29.999985
33,14,30.0
33,15,30.0
33,16,30.0
33,17,30.0
33,18,30.0
33,19,30.0
33,2,15.80611
33,20,30.0
33,21,30.0
33,22,30.0
33,23,30.0
33,24,30.0
33,25,30.0
33,26,30.0
33,27,30.0
33,28,30.0
33,29,30.0
33,3,21.568756
33,4,25.511616
33,5,27.877335
33,6,29.11652
33,7,29.679787
33,8,29.900192
33,9,29.973663
34,0,0.0
34,1,8.396996
34,10,29.994234
34,11,29.998981
34,12,29.999863
34,13,29.999985
34,14,30.0
34,15,30.0
34,16,30.0
34,17,30.0
34,18,30.0
34,19,30.0
34,2,15.80611
34,20,30.0
34,21,30.0
34,22,30.0
34,23,30.0
34,24,30.0
34,25,30.0
34,26,30.0
34,27,30.0
34,28,30.0
34,29,30.0
34,3,21.568756
34,4,25.511616
34,5,27.877335
34,6,29.11652
34,7,29.679787
34,8,29.900192
34,9,29.973663
35,0,0.0
35,1,8.396996
35,10,29.994234
35,11,29.998981
35,12,29.999863
35,13,29.999985
35,14,30.0
35,15,30.0
35,16,30.0
35,17,30.0
35,18,30.0
35,19,30.0
35,2,15.80611
35,20,30.0
35,21,30.0
35,22,30.0
35,23,30.0
35,24,30.0
35,25,30.0
35,26,30.0
35,27,30.0
35,28,30.0
35,29,30.0
35,3,21.568756
35,4,25.511616
35,5,27.877335
35,6,29.11652
35,7,29.679787
35,8,29.900192
35,9,29.973663
36,0,0.0
36,1,8.396996
36,10,29.994234
36,11,29.998981
36,12,29.999863
36,13,29.999985
36,14,30.0
36,15,30.0
36,16,30.0
36,17,30.0
36,18,30.0
36,19,30.0
36,2,15.80611
36,20,30.0
36,21,30.0
36,22,30.0
36,23,30.0
36,24,30.0
36,25,30.0
36,26,30.0
36,27,30.0
36,28,30.0
36,29,30.0
36,3,21.568756
36,4,25.511616
36,5,27.877335
36,6,29.11652
36,7,29.679787
36,8,29.900192
36,9,29.973663
37,0,0.0
37,1,8.396996
37,10,29.994234
37,11,29.998981
37,12,29.999863
37,13,29.999985
37,14,30.0
37,15,30.0
37,16,30.0
37,17,30.0
37,18,30.0
37,19,30.0
37,2,15.80611
37,20,30.0
37,21,30.0
37,22,30.0
37,23,30.0
37,24,30.0
37,25,30.0
37,26,30.0
37,27,30.0
37,28,30.0
37,29,30.0
37,3,21.568754
37,4,25.511616
37,5,27.877335
37,6,29.11652
37,7,29.679787
37,8,29.900192
37,9,29.973663
38,0,0.0
38,1,8.396996
38,10,29.994234
38,11,29.998981
38,12,29.999863
38,13,29.999985
38,14,30.0
38,15,30.0
38,16,30.0
38,17,30.0
38,18,30.0
38,19,30.0
38,2,15.80611
38,20,30.0
38,21,30.0
38,22,30.0
38,23,30.0
38,24,30.0
38,25,30.0
38,26,30.0
38,27,30.0
38,28,30.0
38,29,30.0
38,3,21.568756
38,4,25.511616
38,5,27.877335
38,6,29.11652
38,7,29.679783
38,8,29.900192
38,9,29.973663
39,0,0.0
39,1,8.396996
39,10,29.994232
39,11,29.998981
39,12,29.999863
39,13,29.999985
39,14,30.0
39,15,30.0
39,16,30.0
39,17,30.0
39,18,30.0
39,19,30.0
39,2,15.80611
39,20,30.0
39,21,30.0
39,22,30.0
39,23,30.0
39,24,30.0
39,25,30.0
39,26,30.0
39,27,30.0
39,28,30.0
39,29,30.0
39,3,21.568754
39,4,25.511616
39,5,27.877335
39,6,29.116518
39,7,29.679787
39,8,29.900192
39,9,29.973663
4,0,0.0
4,1,7.0903106
4,10,25.506096
4,11,25.510635
4,12,25.511478
4,13,25.511604
4,14,25.511616
4,15,25.511616
4,16,25.511616
4,17,25.511616
4,18,25.511627
4,19,25.51167
4,2,13.346466
4,20,25.512135
4,21,25.51376
4,22,25.522024
4,23,25.545893
4,24,25.62254
4,25,25.803492
4,26,26.21793
4,27,26.995037
4,28,28.283787
4,29,30.0
4,3,18.251146
4,4,21.606981
4,5,23.653204
4,6,24.725035
4,7,25.224434
4,8,25.419853
4,9,25.487228
40,0,0.0
40,1,8.396996
40,10,29.994232
40,11,29.998981
40,12,29.999859
40,13,29.999985
40,14,30.0
40,15,30.0
40,16,30.0
40,17,30.0
40,18,30.0
40,19,30.0
40,2,15.80611
40,20,30.0
40,21,30.0
40,22,30.0
40,23,30.0
40,24,30.0
40,25,30.0
40,26,30.0
40,27,30.0
40,28,30.0
40,29,30.0
40,3,21.568756
40,4,25.511616
40,5,27.877335
40,6,29.11652
40,7,29.679785
40,8,29.900192
40,9,29.973661
41,0,0.0
41,1,8.396996
41,10,29.994232
41,11,29.998981
41,12,29.999863
41,13,29.999985
41,14,30.0
41,15,30.0
41,16,30.0
41,17,30.0
41,18,30.0
41,19,30.0
41,2,15.80611
41,20,30.0
41,21,30.0
41,22,30.0
41,23,30.0
41,24,30.0
41,25,30.0
41,26,30.0
41,27,30.0
41,28,30.0
41,29,30.0
41,3,21.568756
41,4,25.511616
41,5,27.877335
41,6,29.11652
41,7,29.679785
41,8,29.900192
41,9,29.973663
42,0,0.0
42,1,8.396996
42,10,29.994232
42,11,29.998981
42,12,29.999859
42,13,29.999985
42,14,30.0
42,15,30.0
42,16,30.0
42,17,30.0
42,18,30.0
42,19,30.0
42,2,15.80611
42,20,30.0
42,21,30.0
42,22,30.0
42,23,30.0
42,24,30.0
42,25,30.0
42,26,30.0
42,27,30.0
42,28,30.0
42,29,30.0
42,3,21.568756
42,4,25.511616
42,5,27.877335
42,6,29.116518
42,7,29.679785
42,8,29.900192
42,9,29.97366
43,0,0.0
43,1,8.396996
43,10,29.994232
43,11,29.998981
43,12,29.999859
43,13,29.999985
43,14,30.0
43,15,30.0
43,16,30.0
43,17,30.0
43,18,30.0
43,19,30.0
43,2,15.80611
43,20,30.0
43,21,30.0
43,22,30.0
43,23,30.0
43,24,30.0
43,25,30.0
43,26,30.0
43,27,30.0
43,28,30.0
43,29,30.0
43,3,21.568756
43,4,25.511616
43,5,27.877333
43,6,29.11652
43,7,29.679783
43,8,29.900192
43,9,29.973661
44,0,0.0
44,1,8.396996
44,10,29.994232
44,11,29.998981
44,12,29.999859
44,13,29.999987
44,14,30.0
44,15,30.0
44,16,30.0
44,17,30.0
44,18,30.0
44,19,30.0
44,2,15.80611
44,20,30.0
44,21,30.0
44,22,30.0
44,23,30.0
44,24,30.0
44,25,30.0
44,26,30.0
44,27,30.0
44,28,30.0
44,29,30.0
44,3,21.568756
44,4,25.511616
44,5,27.877335
44,6,29.11652
44,7,29.679787
44,8,29.900192
44,9,29.973663
45,0,0.0
45,1,8.396996
45,10,29.994232
45,11,29.998981
45,12,29.999863
45,13,29.999985
45,14,30.0
45,15,30.0
45,16,30.0
45,17,30.0
45,18,30.0
45,19,30.0
45,2,15.806109
45,20,30.0
45,21,30.0
45,22,30.0
45,23,30.0
45,24,30.0
45,25,30.0
45,26,30.0
45,27,30.0
45,28,30.0
45,29,30.0
45,3,21.568754
45,4,25.511616
45,5,27.877333
45,6,29.11652
45,7,29.679787
45,8,29.900192
45,9,29.973663
46,0,0.0
46,1,8.396996
46,10,29.994232
46,11,29.998981
46,12,29.999859
46,13,29.999985
46,14,30.0
46,15,30.0
46,16,30.0
46,17,30.0
46,18,30.0
46,19,30.0
46,2,15.806109
46,20,30.0
46,21,30.0
46,22,30.0
46,23,30.0
46,24,30.0
46,25,30.0
46,26,30.0
46,27,30.0
46,28,30.0
46,29,30.0
46,3,21.568754
46,4,25.511614
46,5,27.877335
46,6,29.116518
46,7,29.679787
46,8,29.900192
46,9,29.973663
47,0,0.0
47,1,8.396996
47,10,29.994232
47,11,29.998981
47,12,29.999859
47,13,29.999985
47,14,30.0
47,15,30.0
47,16,30.0
47,17,30.0
47,18,30.0
47,19,30.0
47,2,15.806109
47,20,30.0
47,21,30.0
47,22,30.0
47,23,30.0
47,24,30.0
47,25,30.0
47,26,30.0
47,27,30.0
47,28,30.0
47,29,30.0
47,3,21.568754
47,4,25.511616
47,5,27.877333
47,6,29.11652
47,7,29.679787
47,8,29.900192
47,9,29.973663
48,0,0.0
48,1,8.396996
48,10,29.994234
48,11,29.998981
48,12,29.999859
48,13,29.999987
48,14,30.0
48,15,30.0
48,16,30.0
48,17,30.0
48,18,30.0
48,19,30.0
48,2,15.80611
48,20,30.0
48,21,30.0
48,22,30.0
48,23,30.0
48,24,30.0
48,25,30.0
48,26,30.0
48,27,30.0
48,28,30.0
48,29,30.0
48,3,21.568756
48,4,25.511616
48,5,27.877333
48,6,29.11652
48,7,29.679787
48,8,29.900192
48,9,29.973663
49,0,0.0
49,1,8.396996
49,10,29.994234
49,11,29.998981
49,12,29.99986
49,13,29.999985
49,14,30.0
49,15,30.0
49,16,30.0
49,17,30.0
49,18,30.0
49,19,30.0
49,2,15.80611
49,20,30.0
49,21,30.0
49,22,30.0
49,23,30.0
49,24,30.0
49,25,30.0
49,26,30.0
49,27,30.0
49,28,30.0
49,29,30.0
49,3,21.568754
49,4,25.511616
49,5,27.877335
49,6,29.11652
49,7,29.679787
49,8,29.900192
49,9,29.973663
5,0,0.0
5,1,7.7622046
5,10,27.87165
5,11,27.876316
5,12,27.877193
5,13,27.877321
5,14,27.877335
5,15,27.877335
5,16,27.877335
5,17,27.877335
5,18,27.877333
5,19,27.877361
5,2,14.629173
5,20,27.87747
5,21,27.87847
5,22,27.881659
5,23,27.895557
5,24,27.931519
5,25,28.030666
5,26,28.23412
5,27,28.62421
5,28,29.224743
5,29,30.0
5,3,19.97015
5,4,23.653206
5,5,25.863037
5,6,27.035553
5,7,27.568514
5,8,27.78071
5,9,27.851444
50,0,0.0
50,1,8.396996
50,10,29.994232
50,11,29.998981
50,12,29.999859
50,13,29.999985
50,14,30.0
50,15,30.0
50,16,30.0
50,17,30.0
50,18,30.0
50,19,30.0
50,2,15.80611
50,20,30.0
50,21,30.0
50,22,30.0
50,23,30.0
50,24,30.0
50,25,30.0
50,26,30.0
50,27,30.0
50,28,30.0
50,29,30.0
50,3,21.568756
50,4,25.511616
50,5,27.877335
50,6,29.11652
50,7,29.679787
50,8,29.900192
50,9,29.973663
51,0,0.0
51,1,8.396996
51,10,29.994232
51,11,29.998981
51,12,29.99986
51,13,29.999985
51,14,30.0
51,15,30.0
51,16,30.0
51,17,30.0
51,18,30.0
51,19,30.0
51,2,15.806109
51,20,30.0
51,21,30.0
51,22,30.0
51,23,30.0
51,24,30.0
51,25,30.0
51,26,30.0
51,27,30.0
51,28,30.0
51,29,30.0
51,3,21.568756
51,4,25.511616
51,5,27.877335
51,6,29.11652
51,7,29.679787
51,8,29.900196
51,9,29.973663
52,0,0.0
52,1,8.396996
52,10,29.994232
52,11,29.998981
52,12,29.999859
52,13,29.999985
52,14,30.0
52,15,30.0
52,16,30.0
52,17,30.0
52,18,30.0
52,19,30.0
52,2,15.80611
52,20,30.0
52,21,30.0
52,22,30.0
52,23,30.0
52,24,30.0
52,25,30.0
52,26,30.0
52,27,30.0
52,28,30.0
52,29,30.0
52,3,21.568754
52,4,25.511618
52,5,27.877335
52,6,29.11652
52,7,29.679787
52,8,29.900196
52,9,29.973663
53,0,0.0
53,1,8.396996
53,10,29.994234
53,11,29.998981
53,12,29.999859
53,13,29.999985
53,14,30.0
53,15,30.0
53,16,30.0
53,17,30.0
53,18,30.0
53,19,30.0
53,2,15.80611
53,20,30.0
53,21,30.0
53,22,30.0
53,23,30.0
53,24,30.0
53,25,30.0
53,26,30.0
53,27,30.0
53,28,30.0
53,29,30.0
53,3,21.568756
53,4,25.511616
53,5,27.877335
53,6,29.11652
53,7,29.679787
53,8,29.900192
53,9,29.973663
54,0,0.0
54,1,8.396996
54,10,29.994232
54,11,29.998981
54,12,29.999859
54,13,29.999985
54,14,30.0
54,15,30.0
54,16,30.0
54,17,30.0
54,18,30.0
54,19,30.0
54,2,15.80611
54,20,30.0
54,21,30.0
54,22,30.0
54,23,30.0
54,24,30.0
54,25,30.0
54,26,30.0
54,27,30.0
54,28,30.0
54,29,30.0
54,3,21.568754
54,4,25.511618
54,5,27.877335
54,6,29.11652
54,7,29.679787
54,8,29.900192
54,9,29.973663
55,0,0.0
55,1,8.396996
55,10,29.994232
55,11,29.998981
55,12,29.999859
55,13,29.999985
55,14,30.0
55,15,30.0
55,16,30.0
55,17,30.0
55,18,30.0
55,19,30.0
55,2,15.80611
55,20,30.0
55,21,30.0
55,22,30.0
55,23,30.0
55,24,30.0
55,25,30.0
55,26,30.0
55,27,30.0
55,28,30.0
55,29,30.0
55,3,21.568756
55,4,25.511616
55,5,27.877335
55,6,29.11652
55,7,29.679787
55,8,29.900192
55,9,29.973663
56,0,0.0
56,1,8.396996
56,10,29.994232
56,11,29.998981
56,12,29.999859
56,13,29.999985
56,14,30.0
56,15,30.0
56,16,30.0
56,17,30.0
56,18,30.0
56,19,30.0
56,2,15.80611
56,20,30.0
56,21,30.0
56,22,30.0
56,23,30.0
56,24,30.0
56,25,30.0
56,26,30.0
56,27,30.0
56,28,30.0
56,29,30.0
56,3,21.568754
56,4,25.511618
56,5,27.877335
56,6,29.11652
56,7,29.679787
56,8,29.900192
56,9,29.973663
57,0,0.0
57,1,8.396996
57,10,29.994234
57,11,29.998981
57,12,29.99986
57,13,29.999985
57,14,30.0
57,15,30.0
57,16,30.0
57,17,30.0
57,18,30.0
57,19,30.0
57,2,15.806109
57,20,30.0
57,21,30.0
57,22,30.0
57,23,30.0
57,24,30.0
57,25,30.0
57,26,30.0
57,27,30.0
57,28,30.0
57,29,30.0
57,3,21.568756
57,4,25.511616
57,5,27.877335
57,6,29.11652
57,7,29.679787
57,8,29.900192
57,9,29.973663
58,0,0.0
58,1,8.396996
58,10,29.994232
58,11,29.998981
58,12,29.999863
58,13,29.999985
58,14,30.0
58,15,30.0
58,16,30.0
58,17,30.0
58,18,30.0
58,19,30.0
58,2,15.80611
58,20,30.0
58,21,30.0
58,22,30.0
58,23,30.0
58,24,30.0
58,25,30.0
58,26,30.0
58,27,30.0
58,28,30.0
58,29,30.0
58,3,21.568756
58,4,25.511618
58,5,27.877333
58,6,29.11652
58,7,29.679787
58,8,29.900196
58,9,29.973663
59,0,0.0
59,1,8.396996
59,10,29.994232
59,11,29.998981
59,12,29.99986
59,13,29.999987
59,14,30.0
59,15,30.0
59,16,30.0
59,17,30.0
59,18,30.0
59,19,30.0
59,2,15.80611
59,20,30.0
59,21,30.0
59,22,30.0
59,23,30.0
59,24,30.0
59,25,30.0
59,26,30.0
59,27,30.0
59,28,30.0
59,29,30.0
59,3,21.568756
59,4,25.511616
59,5,27.877335
59,6,29.11652
59,7,29.679787
59,8,29.900192
59,9,29.973663
6,0,0.0
6,1,8.128693
6,10,29.110752
6,11,29.115501
6,12,29.116379
6,13,29.116505
6,14,29.116518
6,15,29.11652
6,16,29.11652
6,17,29.11652
6,18,29.11652
6,19,29.11652
6,2,15.301067
6,20,29.116575
6,21,29.116776
6,22,29.118353
6,23,29.122911
6,24,29.139997
6,25,29.179142
6,26,29.271069
6,27,29.432127
6,28,29.685562
6,29,30.0
6,3,20.89655
6,4,24.725035
6,5,27.035553
6,6,28.245823
6,7,28.800358
6,8,29.017351
6,9,29.09032
60,0,0.0
60,1,8.396996
60,10,29.994232
60,11,29.998981
60,12,29.999863
60,13,29.999985
60,14,30.0
60,15,30.0
60,16,30.0
60,17,30.0
60,18,30.0
60,19,30.0
60,2,15.80611
60,20,30.0
60,21,30.0
60,22,30.0
60,23,30.0
60,24,30.0
60,25,30.0
60,26,30.0
60,27,30.0
60,28,30.0
60,29,30.0
60,3,21.568756
60,4,25.511616
60,5,27.877335
60,6,29.11652
60,7,29.679785
60,8,29.900192
60,9,29.973663
61,0,0.0
61,1,8.396996
61,10,29.994232
61,11,29.998981
61,12,29.999859
61,13,29.999985
61,14,30.0
61,15,30.0
61,16,30.0
61,17,30.0
61,18,30.0
61,19,30.0
61,2,15.80611
61,20,30.0
61,21,30.0
61,22,30.0
61,23,30.0
61,24,30.0
61,25,30.0
61,26,30.0
61,27,30.0
61,28,30.0
61,29,30.0
61,3,21.568754
61,4,25.511616
61,5,27.877335
61,6,29.11652
61,7,29.679785
61,8,29.900192
61,9,29.973663
62,0,0.0
62,1,8.396996
62,10,29.994234
62,11,29.998981
62,12,29.999863
62,13,29.999985
62,14,30.0
62,15,30.0
62,16,30.0
62,17,30.0
62,18,30.0
62,19,30.0
62,2,15.806109
62,20,30.0
62,21,30.0
62,22,30.0
62,23,30.0
62,24,30.0
62,25,30.0
62,26,30.0
62,27,30.0
62,28,30.0
62,29,30.0
62,3,21.568754
62,4,25.511616
62,5,27.877335
62,6,29.11652
62,7,29.679787
62,8,29.900196
62,9,29.973663
63,0,0.0
63,1,8.396996
63,10,29.994234
63,11,29.998981
63,12,29.999863
63,13,29.999985
63,14,30.0
63,15,30.0
63,16,30.0
63,17,30.0
63,18,30.0
63,19,30.0
63,2,15.806109
63,20,30.0
63,21,30.0
63,22,30.0
63,23,30.0
63,24,30.0
63,25,30.0
63,26,30.0
63,27,30.0
63,28,30.0
63,29,30.0
63,3,21.568754
63,4,25.511616
63,5,27.877335
63,6,29.11652
63,7,29.679787
63,8,29.900196
63,9,29.973663
64,0,0.0
64,1,8.396996
64,10,29.994232
64,11,29.998981
64,12,29.999859
64,13,29.999985
64,14,30.0
64,15,30.0
64,16,30.0
64,17,30.0
64,18,30.0
64,19,30.0
64,2,15.806109
64,20,30.0
64,21,30.0
64,22,30.0
64,23,30.0
64,24,30.0
64,25,30.0
64,26,30.0
64,27,30.0
64,28,30.0
64,29,30.0
64,3,21.568754
64,4,25.511616
64,5,27.877335
64,6,29.11652
64,7,29.679787
64,8,29.900196
64,9,29.973663
65,0,0.0
65,1,8.396996
65,10,29.994234
65,11,29.998981
65,12,29.999863
65,13,29.999985
65,14,30.0
65,15,30.0
65,16,30.0
65,17,30.0
65,18,30.0
65,19,30.0
65,2,15.806109
65,20,30.0
65,21,30.0
65,22,30.0
65,23,30.0
65,24,30.0
65,25,30.0
65,26,30.0
65,27,30.0
65,28,30.0
65,29,30.0
65,3,21.568754
65,4,25.511616
65,5,27.877335
65,6,29.11652
65,7,29.679787
65,8,29.900196
65,9,29.973663
66,0,0.0
66,1,8.396996
66,10,29.994232
66,11,29.998981
66,12,29.999859
66,13,29.999985
66,14,30.0
66,15,30.0
66,16,30.0
66,17,30.0
66,18,30.0
66,19,30.0
66,2,15.806109
66,20,30.0
66,21,30.0
66,22,30.0
66,23,30.0
66,24,30.0
66,25,30.0
66,26,30.0
66,27,30.0
66,28,30.0
66,29,30.0
66,3,21.568754
66,4,25.511616
66,5,27.877335
66,6,29.11652
66,7,29.679787
66,8,29.900196
66,9,29.973663
67,0,0.0
67,1,8.396996
67,10,29.994234
67,11,29.998981
67,12,29.999863
67,13,29.999985
67,14,30.0
67,15,30.0
67,16,30.0
67,17,30.0
67,18,30.0
67,19,30.0
67,2,15.806109
67,20,30.0
67,21,30.0
67,22,30.0
67,23,30.0
67,24,30.0
67,25,30.0
67,26,30.0
67,27,30.0
67,28,30.0
67,29,30.0
67,3,21.568754
67,4,25.511616
67,5,27.877335
67,6,29.11652
67,7,29.679787
67,8,29.900196
67,9,29.973663
68,0,0.0
68,1,8.396996
68,10,29.994232
68,11,29.998981
68,12,29.999859
68,13,29.999985
68,14,30.0
68,15,30.0
68,16,30.0
68,17,30.0
68,18,30.0
68,19,30.0
68,2,15.806109
68,20,30.0
68,21,30.0
68,22,30.0
68,23,30.0
68,24,30.0
68,25,30.0
68,26,30.0
68,27,30.0
68,28,30.0
68,29,30.0
68,3,21.568754
68,4,25.511616
68,5,27.877335
68,6,29.11652
68,7,29.679787
68,8,29.900196
68,9,29.973663
69,0,0.0
69,1,8.396996
69,10,29.994234
69,11,29.998981
69,12,29.999863
69,13,29.999985
69,14,30.0
69,15,30.0
69,16,30.0
69,17,30.0
69,18,30.0
69,19,30.0
69,2,15.806109
69,20,30.0
69,21,30.0
69,22,30.0
69,23,30.0
69,24,30.0
69,25,30.0
69,26,30.0
69,27,30.0
69,28,30.0
69,29,30.0
69,3,21.568754
69,4,25.511616
69,5,27.877335
69,6,29.116518
69,7,29.679785
69,8,29.900192
69,9,29.973661
7,0,0.0
7,1,8.295277
7,10,29.674019
7,11,29.678768
7,12,29.679646
7,13,29.679771
7,14,29.679787
7,15,29.679787
7,16,29.679787
7,17,29.679787
7,18,29.679787
7,19,29.679787
7,2,15.620356
7,20,29.679787
7,21,29.67987
7,22,29.680145
7,23,29.682009
7,24,29.686855
7,25,29.702412
7,26,29.733572
7,27,29.795055
7,28,29.885485
7,29,30.0
7,3,21.317638
7,4,25.224436
7,5,27.568514
7,6,28.800358
7,7,29.36029
7,8,29.580158
7,9,29.653448
70,0,0.0
70,1,8.396996
70,10,29.994234
70,11,29.998981
70,12,29.999859
70,13,29.999985
70,14,30.0
70,15,30.0
70,16,30.0
70,17,30.0
70,18,30.0
70,19,30.0
70,2,15.80611
70,20,30.0
70,21,30.0
70,22,30.0
70,23,30.0
70,24,30.0
70,25,30.0
70,26,30.0
70,27,30.0
70,28,30.0
70,29,30.0
70,3,21.568754
70,4,25.511616
70,5,27.877335
70,6,29.116518
70,7,29.679785
70,8,29.900192
70,9,29.973661
71,0,0.0
71,1,8.396996
71,10,29.994232
71,11,29.998981
71,12,29.999863
71,13,29.999985
71,14,30.0
71,15,30.0
71,16,30.0
71,17,30.0
71,18,30.0
71,19,30.0
71,2,15.80611
71,20,30.0
71,21,30.0
71,22,30.0
71,23,30.0
71,24,30.0
71,25,30.0
71,26,30.0
71,27,30.0
71,28,30.0
71,29,30.0
71,3,21.568754
71,4,25.511616
71,5,27.877335
71,6,29.11652
71,7,29.679783
71,8,29.900192
71,9,29.973663
72,0,0.0
72,1,8.396996
72,10,29.994234
72,11,29.998981
72,12,29.999859
72,13,29.999985
72,14,30.0
72,15,30.0
72,16,30.0
72,17,30.0
72,18,30.0
72,19,30.0
72,2,15.806109
72,20,30.0
72,21,30.0
72,22,30.0
72,23,30.0
72,24,30.0
72,25,30.0
72,26,30.0
72,27,30.0
72,28,30.0
72,29,30.0
72,3,21.568756
72,4,25.511616
72,5,27.877335
72,6,29.11652
72,7,29.679785
72,8,29.900192
72,9,29.97366
73,0,0.0
73,1,8.396996
73,10,29.994232
73,11,29.998981
73,12,29.99986
73,13,29.999985
73,14,30.0
73,15,30.0
73,16,30.0
73,17,30.0
73,18,30.0
73,19,30.0
73,2,15.806109
73,20,30.0
73,21,30.0
73,22,30.0
73,23,30.0
73,24,30.0
73,25,30.0
73,26,30.0
73,27,30.0
73,28,30.0
73,29,30.0
73,3,21.568754
73,4,25.511616
73,5,27.877335
73,6,29.11652
73,7,29.679787
73,8,29.900192
73,9,29.973663
74,0,0.0
74,1,8.396996
74,10,29.994234
74,11,29.998981
74,12,29.999859
74,13,29.999985
74,14,30.0
74,15,30.0
74,16,30.0
74,17,30.0
74,18,30.0
74,19,30.0
74,2,15.806109
74,20,30.0
74,21,30.0
74,22,30.0
74,23,30.0
74,24,30.0
74,25,30.0
74,26,30.0
74,27,30.0
74,28,30.0
74,29,30.0
74,3,21.568754
74,4,25.511616
74,5,27.877335
74,6,29.11652
74,7,29.679785
74,8,29.900196
74,9,29.97366
75,0,0.0
75,1,8.396996
75,10,29.994232
75,11,29.998981
75,12,29.99986
75,13,29.999985
75,14,30.0
75,15,30.0
75,16,30.0
75,17,30.0
75,18,30.0
75,19,30.0
75,2,15.806109
75,20,30.0
75,21,30.0
75,22,30.0
75,23,30.0
75,24,30.0
75,25,30.0
75,26,30.0
75,27,30.0
75,28,30.0
75,29,30.0
75,3,21.568754
75,4,25.511616
75,5,27.877335
75,6,29.11652
75,7,29.679785
75,8,29.900192
75,9,29.973663
76,0,0.0
76,1,8.396996
76,10,29.994234
76,11,29.998981
76,12,29.999863
76,13,29.999985
76,14,30.0
76,15,30.0
76,16,30.0
76,17,30.0
76,18,30.0
76,19,30.0
76,2,15.806109
76,20,30.0
76,21,30.0
76,22,30.0
76,23,30.0
76,24,30.0
76,25,30.0
76,26,30.0
76,27,30.0
76,28,30.0
76,29,30.0
76,3,21.568754
76,4,25.511616
76,5,27.877335
76,6,29.11652
76,7,29.679785
76,8,29.900192
76,9,29.973663
77,0,0.0
77,1,8.396996
77,10,29.994234
77,11,29.998981
77,12,29.999863
77,13,29.999985
77,14,30.0
77,15,30.0
77,16,30.0
77,17,30.0
77,18,30.0
77,19,30.0
77,2,15.806109
77,20,30.0
77,21,30.0
77,22,30.0
77,23,30.0
77,24,30.0
77,25,30.0
77,26,30.0
77,27,30.0
77,28,30.0
77,29,30.0
77,3,21.568754
77,4,25.511616
77,5,27.877335
77,6,29.11652
77,7,29.679785
77,8,29.900192
77,9,29.97366
78,0,0.0
78,1,8.396996
78,10,29.994234
78,11,29.998981
78,12,29.999859
78,13,29.999987
78,14,30.0
78,15,30.0
78,16,30.0
78,17,30.0
78,18,30.0
78,19,30.0
78,2,15.806109
78,20,30.0
78,21,30.0
78,22,30.0
78,23,30.0
78,24,30.0
78,25,30.0
78,26,30.0
78,27,30.0
78,28,30.0
78,29,30.0
78,3,21.568754
78,4,25.511616
78,5,27.877335
78,6,29.11652
78,7,29.679787
78,8,29.900192
78,9,29.973663
79,0,0.0
79,1,8.396996
79,10,29.994232
79,11,29.998981
79,12,29.999863
79,13,29.999985
79,14,30.0
79,15,30.0
79,16,30.0
79,17,30.0
79,18,30.0
79,19,30.0
79,2,15.80611
79,20,30.0
79,21,30.0
79,22,30.0
79,23,30.0
79,24,30.0
79,25,30.0
79,26,30.0
79,27,30.0
79,28,30.0
79,29,30.0
79,3,21.568754
79,4,25.511616
79,5,27.877335
79,6,29.11652
79,7,29.679785
79,8,29.900192
79,9,29.973661
8,0,0.0
8,1,8.364687
8,10,29.894426
8,11,29.899174
8,12,29.900055
8,13,29.90018
8,14,29.900192
8,15,29.900192
8,16,29.900192
8,17,29.900196
8,18,29.900192
8,19,29.900192
8,2,15.745295
8,20,29.900196
8,21,29.900192
8,22,29.900288
8,23,29.900578
8,24,29.90224
8,25,29.906096
8,26,29.916588
8,27,29.934694
8,28,29.964146
8,29,30.0
8,3,21.489563
8,4,25.419853
8,5,27.78071
8,6,29.017351
8,7,29.580158
8,8,29.800386
8,9,29.873856
80,0,0.0
80,1,8.396996
80,10,29.994234
80,11,29.998981
80,12,29.999859
80,13,29.999987
80,14,30.0
80,15,30.0
80,16,30.0
80,17,30.0
80,18,30.0
80,19,30.0
80,2,15.80611
80,20,30.0
80,21,30.0
80,22,30.0
80,23,30.0
80,24,30.0
80,25,30.0
80,26,30.0
80,27,30.0
80,28,30.0
80,29,30.0
80,3,21.568756
80,4,25.511616
80,5,27.877335
80,6,29.11652
80,7,29.679787
80,8,29.900196
80,9,29.973663
81,0,0.0
81,1,8.396996
81,10,29.994232
81,11,29.998981
81,12,29.99986
81,13,29.999985
81,14,30.0
81,15,30.0
81,16,30.0
81,17,30.0
81,18,30.0
81,19,30.0
81,2,15.80611
81,20,30.0
81,21,30.0
81,22,30.0
81,23,30.0
81,24,30.0
81,25,30.0
81,26,30.0
81,27,30.0
81,28,30.0
81,29,30.0
81,3,21.568754
81,4,25.511616
81,5,27.877335
81,6,29.11652
81,7,29.679787
81,8,29.900192
81,9,29.973663
82,0,0.0
82,1,8.396996
82,10,29.994232
82,11,29.998981
82,12,29.999859
82,13,29.999985
82,14,30.0
82,15,30.0
82,16,30.0
82,17,30.0
82,18,30.0
82,19,30.0
82,2,15.806109
82,20,30.0
82,21,30.0
82,22,30.0
82,23,30.0
82,24,30.0
82,25,30.0
82,26,30.0
82,27,30.0
82,28,30.0
82,29,30.0
82,3,21.568756
82,4,25.511616
82,5,27.877335
82,6,29.11652
82,7,29.679787
82,8,29.900192
82,9,29.973663
83,0,0.0
83,1,8.396996
83,10,29.994232
83,11,29.998981
83,12,29.99986
83,13,29.999985
83,14,30.0
83,15,30.0
83,16,30.0
83,17,30.0
83,18,30.0
83,19,30.0
83,2,15.80611
83,20,30.0
83,21,30.0
83,22,30.0
83,23,30.0
83,24,30.0
83,25,30.0
83,26,30.0
83,27,30.0
83,28,30.0
83,29,30.0
83,3,21.568754
83,4,25.511616
83,5,27.877335
83,6,29.11652
83,7,29.679787
83,8,29.900192
83,9,29.973663
84,0,0.0
84,1,8.396996
84,10,29.994234
84,11,29.998981
84,12,29.999863
84,13,29.999987
84,14,30.0
84,15,30.0
84,16,30.0
84,17,30.0
84,18,30.0
84,19,30.0
84,2,15.806109
84,20,30.0
84,21,30.0
84,22,30.0
84,23,30.0
84,24,30.0
84,25,30.0
84,26,30.0
84,27,30.0
84,28,30.0
84,29,30.0
84,3,21.568754
84,4,25.511616
84,5,27.877335
84,6,29.11652
84,7,29.679783
84,8,29.900192
84,9,29.973663
85,0,0.0
85,1,8.396997
85,10,29.994236
85,11,29.998985
85,12,29.999863
85,13,29.999989
85,14,30.0
85,15,30.000002
85,16,30.000002
85,17,30.000002
85,18,30.000002
85,19,30.000002
85,2,15.806111
85,20,30.000002
85,21,30.000002
85,22,30.000002
85,23,30.000002
85,24,30.000002
85,25,30.000002
85,26,30.000002
85,27,30.000002
85,28,30.0
85,29,30.0
85,3,21.568756
85,4,25.51162
85,5,27.877335
85,6,29.11652
85,7,29.679787
85,8,29.900192
85,9,29.973663
86,0,0.0
86,1,8.397013
86,10,29.994267
86,11,29.999016
86,12,29.999893
86,13,30.00002
86,14,30.000032
86,15,30.000032
86,16,30.000032
86,17,30.000032
86,18,30.000032
86,19,30.000032
86,2,15.806135
86,20,30.000032
86,21,30.000032
86,22,30.000032
86,23,30.000032
86,24,30.000032
86,25,30.000032
86,26,30.000032
86,27,30.000025
86,28,30.000017
86,29,30.0
86,3,21.568787
86,4,25.511648
86,5,27.877367
86,6,29.11655
86,7,29.679815
86,8,29.900227
86,9,29.973694
87,0,0.0
87,1,8.397142
87,10,29.99456
87,11,29.999306
87,12,30.000185
87,13,30.00031
87,14,30.000324
87,15,30.000326
87,16,30.000326
87,17,30.000326
87,18,30.000326
87,19,30.000326
87,2,15.80637
87,20,30.000326
87,21,30.000326
87,22,30.000326
87,23,30.000326
87,24,30.000326
87,25,30.000324
87,26,30.000301
87,27,30.000256
87,28,30.000141
87,29,30.0
87,3,21.569057
87,4,25.511942
87,5,27.877657
87,6,29.116844
87,7,29.68011
87,8,29.90052
87,9,29.973988
88,0,0.0
88,1,8.398015
88,10,29.996613
88,11,30.001358
88,12,30.00224
88,13,30.002361
88,14,30.002377
88,15,30.002377
88,16,30.002377
88,17,30.002377
88,18,30.002377
88,19,30.002377
88,2,15.807846
88,20,30.002377
88,21,30.002378
88,22,30.002377
88,23,30.002377
88,24,30.002377
88,25,30.002312
88,26,30.002169
88,27,30.001701
88,28,30.001
88,29,30.0
88,3,21.570938
88,4,25.513937
88,5,27.879711
88,6,29.118896
88,7,29.682163
88,8,29.902573
88,9,29.97604
89,0,0.0
89,1,8.402325
89,10,30.007689
89,11,30.012434
89,12,30.013313
89,13,30.01344
89,14,30.01345
89,15,30.013454
89,16,30.013454
89,17,30.013454
89,18,30.013454
89,19,30.013454
89,2,15.815678
89,20,30.013454
89,21,30.013454
89,22,30.013454
89,23,30.013454
89,24,30.013323
89,25,30.013004
89,26,30.0117
89,27,30.0094
89,28,30.005167
89,29,30.0
89,3,21.580622
89,4,25.524673
89,5,27.890686
89,6,29.12997
89,7,29.693241
89,8,29.913647
89,9,29.987118
9,0,0.0
9,1,8.387825
9,10,29.967896
9,11,29.972645
9,12,29.973522
9,13,29.973648
9,14,29.973663
9,15,29.973663
9,16,29.973663
9,17,29.973663
9,18,29.973663
9,19,29.973663
9,2,15.789787
9,20,29.973663
9,21,29.973663
9,22,29.973663
9,23,29.973747
9,24,29.973972
9,25,29.975094
9,26,29.977371
9,27,29.982548
9,28,29.990122
9,29,30.0
9,3,21.546871
9,4,25.487228
9,5,27.851444
9,6,29.09032
9,7,29.653446
9,8,29.873856
9,9,29.947327
90,0,0.0
90,1,8.420742
90,10,30.055687
90,11,30.060436
90,12,30.061314
90,13,30.06144
90,14,30.061451
90,15,30.061451
90,16,30.061455
90,17,30.061453
90,18,30.061455
90,19,30.061455
90,2,15.847956
90,20,30.061455
90,21,30.061455
90,22,30.061455
90,23,30.061256
90,24,30.060726
90,25,30.058111
90,26,30.052795
90,27,30.040716
90,28,30.023043
90,29,30.0
90,3,21.622295
90,4,25.570248
90,5,27.938198
90,6,29.177834
90,7,29.74124
90,8,29.961647
90,9,30.035116
91,0,0.0
91,1,8.484204
91,10,30.227116
91,11,30.231861
91,12,30.232742
91,13,30.232868
91,14,30.23288
91,15,30.232883
91,16,30.232883
91,17,30.23288
91,18,30.232883
91,19,30.232883
91,2,15.962973
91,20,30.232883
91,21,30.232882
91,22,30.232658
91,23,30.231987
91,24,30.228104
91,25,30.219114
91,26,30.194628
91,27,30.152374
91,28,30.08366
91,29,30.0
91,3,21.767605
91,4,25.732872
91,5,28.106575
91,6,29.34876
91,7,29.912527
91,8,30.133076
91,9,30.206543
92,0,0.0
92,1,8.676993
92,10,30.741402
92,11,30.746151
92,12,30.747028
92,13,30.747154
92,14,30.747168
92,15,30.74717
92,16,30.74717
92,17,30.74717
92,18,30.74717
92,19,30.74717
92,2,16.303497
92,20,30.74717
92,21,30.746973
92,22,30.74633
92,23,30.741982
92,24,30.73067
92,25,30.694372
92,26,30.621662
92,27,30.4782
92,28,30.2672
92,29,30.0
92,3,22.20573
92,4,26.216398
92,5,28.61233
92,6,29.860334
92,7,30.426476
92,8,30.64726
92,9,30.72083
93,0,0.0
93,1,9.176813
93,10,32.055687
93,11,32.060436
93,12,32.061317
93,13,32.06144
93,14,32.061455
93,15,32.06146
93,16,32.06146
93,17,32.061455
93,18,32.061455
93,19,32.061455
93,2,17.193981
93,20,32.061325
93,21,32.06086
93,22,32.057182
93,23,32.04654
93,24,32.006676
93,25,31.915333
93,26,31.700844
93,27,31.325039
93,28,30.733685
93,29,30.0
93,3,23.326324
93,4,27.461227
93,5,29.902237
93,6,31.169453
93,7,31.739185
93,8,31.961437
93,9,32.035072
94,0,0.0
94,1,10.3464
94,10,34.947113
94,11,34.95187
94,12,34.95275
94,13,34.952873
94,14,34.95289
94,15,34.95289
94,16,34.95289
94,17,34.95289
94,18,34.95289
94,19,34.952824
94,2,19.215145
94,20,34.95257
94,21,34.950237
94,22,34.942795
94,23,34.910366
94,24,34.826454
94,25,34.595116
94,26,34.120388
94,27,33.210182
94,28,31.808935
94,29,30.0
94,3,25.856419
94,4,30.217655
94,5,32.757977
94,6,34.050365
94,7,34.629654
94,8,34.852478
94,9,34.926544
95,0,0.0
95,1,12.811024
95,10,40.4672
95,11,40.47188
95,12,40.472755
95,13,40.47288
95,14,40.472893
95,15,40.472893
95,16,40.472893
95,17,40.472893
95,18,40.47287
95,19,40.47277
95,2,23.36301
95,20,40.471684
95,21,40.467896
95,22,40.448612
95,23,40.392914
95,24,40.214073
95,25,39.79185
95,26,38.824833
95,27,37.011574
95,28,34.0045
95,29,30.0
95,3,30.858051
95,4,35.595345
95,5,38.244743
95,6,39.57206
95,7,40.151024
95,8,40.37399
95,9,40.44678
96,0,0.0
96,1,17.7457
96,10,49.667503
96,11,49.671944
96,12,49.672768
96,13,49.672894
96,14,49.672905
96,15,49.672905
96,16,49.672905
96,17,49.6729
96,18,49.672874
96,19,49.67252
96,2,31.075935
96,20,49.671165
96,21,49.663055
96,22,49.63718
96,23,49.54054
96,24,49.28259
96,25,48.58916
96,26,47.04949
96,27,43.8664
96,28,38.242645
96,29,30.0
96,3,39.74257
96,4,44.80709
96,5,47.516712
96,6,48.81161
96,7,49.37075
96,8,49.579647
96,9,49.64854
97,0,0.0
97,1,27.541487
97,10,63.114662
97,11,63.118267
97,12,63.11896
97,13,63.11906
97,14,63.119076
97,15,63.119076
97,16,63.119076
97,17,63.119072
97,18,63.118996
97,19,63.11869
97,2,44.515152
97,20,63.116447
97,21,63.108604
97,22,63.074303
97,23,62.972473
97,24,62.65508
97,25,61.84666
97,26,59.84442
97,27,55.401512
97,28,46.219524
97,29,30.0
97,3,53.901676
97,4,58.841698
97,5,61.279297
97,6,62.404594
97,7,62.86936
97,8,63.043304
97,9,63.098995
98,0,0.0
98,1,48.457386
98,10,80.40442
98,11,80.40654
98,12,80.406944
98,13,80.407
98,14,80.40701
98,15,80.40701
98,16,80.40701
98,17,80.407
98,18,80.40697
98,19,80.40663
98,2,66.63086
98,20,80.405365
98,21,80.398735
98,22,80.37715
98,23,80.29936
98,24,80.079254
98,25,79.45145
98,26,77.82622
98,27,73.58209
98,28,62.300426
98,29,30.0
98,3,74.29365
98,4,77.73523
98,5,79.304
98,6,79.98493
98,7,80.26264
98,8,80.362885
98,9,80.39549
99,0,0.0
99,1,100.0
99,10,100.0
99,11,100.0
99,12,100.0
99,13,100.0
99,14,100.0
99,15,100.0
99,16,100.0
99,17,100.0
99,18,100.0
99,19,100.0
99,2,100.0
99,20,100.0
99,21,100.0
99,22,100.0
99,23,100.0
99,24,100.0
99,25,100.0
99,26,100.0
99,27,100.0
99,28,100.0
99,29,30.0
99,3,100.0
99,4,100.0
99,5,100.0
99,6,100.0
99,7,100.0
99,8,100.0
99,9,100.0
