0,0,0.0
0,1,0.0
0,10,0.0
0,11,0.0
0,12,0.0
0,13,0.0
0,14,0.0
0,15,30.0
0,2,0.0
0,3,0.0
0,4,0.0
0,5,0.0
0,6,0.0
0,7,0.0
0,8,0.0
0,9,0.0
1,0,0.0
1,1,0.6356565
1,10,5.1764207
1,11,5.945489
1,12,7.2357388
1,13,9.7365055
1,14,15.342258
1,15,30.0
1,2,1.2555366
1,3,1.8457443
1,4,2.3959658
1,5,2.900946
1,6,3.3619165
1,7,3.7884457
1,8,4.2016416
1,9,4.640592
10,0,0.0
10,1,11.119841
10,10,49.44826
10,11,47.823715
10,12,45.03026
10,13,41.015076
10,14,35.873817
10,15,30.0
10,2,21.194174
10,3,29.6711
10,4,36.440586
10,5,41.625683
10,6,45.421158
10,7,48.006577
10,8,49.508987
10,9,49.990532
11,0,0.0
11,1,14.543629
11,10,57.063175
11,11,54.92415
11,12,51.284317
11,13,45.885735
11,14,38.636513
11,15,30.0
11,2,27.116068
11,3,37.072636
11,4,44.574318
11,5,50.03646
11,6,53.86138
11,7,56.34968
11,8,57.68438
11,9,57.935196
12,0,0.0
12,1,19.938618
12,10,65.94515
12,11,63.525444
12,12,59.297123
12,13,52.60708
12,14,42.7865
12,15,30.0
12,2,35.65386
12,3,46.929085
12,4,54.747658
12,5,60.084484
12,6,63.638294
12,7,65.846436
12,8,66.943726
12,9,67.00275
13,0,0.0
13,1,29.556992
13,10,76.189285
13,11,73.93538
13,12,69.771706
13,13,62.458958
13,14,49.90243
13,15,30.0
13,2,48.631683
13,3,60.242218
13,4,67.402756
13,5,71.91559
13,6,74.76091
13,7,76.454094
13,8,77.241394
13,9,77.186935
14,0,0.0
14,1,49.657665
14,10,87.68968
14,11,86.255104
14,12,83.395355
14,13,77.55464
14,14,64.364265
14,15,30.0
14,2,69.07368
14,3,78.00536
14,4,82.70558
14,5,85.414215
14,6,87.03569
14,7,87.96765
14,8,88.380844
14,9,88.31436
15,0,0.0
15,1,100.0
15,10,100.0
15,11,100.0
15,12,100.0
15,13,100.0
15,14,100.0
15,15,30.0
15,2,100.0
15,3,100.0
15,4,100.0
15,5,100.0
15,6,100.0
15,7,100.0
15,8,100.0
15,9,100.0
2,0,0.0
2,1,1.2870926
2,10,10.119615
2,11,11.369809
2,12,13.260968
2,13,16.36803
2,14,21.632534
2,15,30.0
2,2,2.540752
2,3,3.7314842
2,4,4.837184
2,5,5.845916
2,6,6.7582884
2,7,7.5902405
2,8,8.377544
2,9,9.184321
3,0,0.0
3,1,1.9719685
3,10,14.747934
3,11,16.153187
3,12,18.070316
3,13,20.842125
3,14,24.819855
3,15,30.0
3,2,3.888907
3,3,5.7022734
3,4,7.375396
3,5,8.887268
3,6,10.235112
3,7,11.436714
3,8,12.534006
3,9,13.599562
4,0,0.0
4,1,2.711884
4,10,19.11941
4,11,20.424719
4,12,22.02501
4,13,24.110323
4,14,26.804768
4,15,30.0
4,2,5.3406525
4,3,7.8133326
4,4,10.07489
4,5,12.092691
4,6,13.858218
4,7,15.387545
4,8,16.722246
4,9,17.932032
5,0,0.0
5,1,3.5349262
5,10,23.373013
5,11,24.40131
5,12,25.494713
5,13,26.769405
5,14,28.288904
5,15,30.0
5,2,6.9485087
5,3,10.135548
5,4,13.018183
5,5,15.550436
5,6,17.71758
5,7,19.533054
5,8,21.035461
5,9,22.286955
6,0,0.0
6,1,4.4793253
6,10,27.68442
6,11,28.312853
6,12,28.783157
6,13,29.18372
6,14,29.581453
6,15,30.0
6,2,8.782936
6,3,12.762209
6,4,16.311905
6,5,19.373352
6,6,21.928673
6,7,23.991703
6,8,25.599644
6,9,26.807386
7,0,0.0
7,1,5.599453
7,10,32.244507
7,11,32.38257
7,12,32.141403
7,13,31.600882
7,14,30.853214
7,15,30.0
7,2,10.9417305
7,3,15.818487
7,4,20.093931
7,5,23.702452
7,6,26.632122
7,7,28.90551
7,8,30.56411
7,9,31.658577
8,0,0.0
8,1,6.976773
8,10,37.252518
8,11,36.831573
8,12,35.799038
8,13,34.22523
8,14,32.230534
8,15,30.0
8,2,13.566077
8,3,19.476126
8,4,24.542936
8,5,28.710464
8,6,31.991936
8,7,34.434174
8,8,36.092773
8,9,37.018387
9,0,0.0
9,1,8.741577
9,10,42.915676
9,11,41.892223
9,12,39.997997
9,13,37.270493
9,14,33.843708
9,15,30.0
9,2,16.869709
9,3,23.977043
9,4,29.891277
9,5,34.604603
9,6,38.191044
9,7,40.74656
9,8,42.3545
9,9,43.06976
