0,0,0.0
0,1,0.0
0,10,0.0
0,11,0.0
0,12,0.0
0,13,0.0
0,14,0.0
0,15,30.0
0,2,0.0
0,3,0.0
0,4,0.0
0,5,0.0
0,6,0.0
0,7,0.0
0,8,0.0
0,9,0.0
1,0,0.0
1,1,0.6354971
1,10,5.1757565
1,11,5.944919
1,12,7.2352877
1,13,9.736193
1,14,15.342099
1,15,30.0
1,2,1.255225
1,3,1.8452938
1,4,2.3953962
1,5,2.9002821
1,6,3.3611875
1,7,3.787683
1,8,4.200879
1,9,4.639862
10,0,0.0
10,1,11.119177
10,10,49.44549
10,11,47.821342
10,12,45.028385
10,13,41.01377
10,14,35.873154
10,15,30.0
10,2,21.192871
10,3,29.669218
10,4,36.43821
10,5,41.622917
10,6,45.41812
10,7,48.003395
10,8,49.505806
10,9,49.987495
11,0,0.0
11,1,14.5430565
11,10,57.060806
11,11,54.922115
11,12,51.2827
11,13,45.88462
11,14,38.63594
11,15,30.0
11,2,27.114952
11,3,37.071022
11,4,44.57228
11,5,50.03408
11,6,53.858772
11,7,56.34695
11,8,57.681656
11,9,57.932583
12,0,0.0
12,1,19.938168
12,10,65.943275
12,11,63.523834
12,12,59.295853
12,13,52.60619
12,14,42.786053
12,15,30.0
12,2,35.652973
12,3,46.927807
12,4,54.74604
12,5,60.082603
12,6,63.63623
12,7,65.84428
12,8,66.94156
12,9,67.00069
13,0,0.0
13,1,29.556679
13,10,76.18799
13,11,73.934265
13,12,69.77082
13,13,62.45835
13,14,49.90212
13,15,30.0
13,2,48.631073
13,3,60.24133
13,4,67.401634
13,5,71.91428
13,6,74.759476
13,7,76.45259
13,8,77.2399
13,9,77.18551
14,0,0.0
14,1,49.65751
14,10,87.68902
14,11,86.25453
14,12,83.39491
14,13,77.55434
14,14,64.364105
14,15,30.0
14,2,69.073364
14,3,78.00491
14,4,82.705
14,5,85.41354
14,6,87.03496
14,7,87.96689
14,8,88.38008
14,9,88.313644
15,0,0.0
15,1,100.0
15,10,100.0
15,11,100.0
15,12,100.0
15,13,100.0
15,14,100.0
15,15,30.0
15,2,100.0
15,3,100.0
15,4,100.0
15,5,100.0
15,6,100.0
15,7,100.0
15,8,100.0
15,9,100.0
2,0,0.0
2,1,1.286781
2,10,10.118316
2,11,11.368694
2,12,13.260088
2,13,16.36742
2,14,21.632221
2,15,30.0
2,2,2.540142
2,3,3.730603
2,4,4.83607
2,5,5.8446174
2,6,6.756862
2,7,7.5887494
2,8,8.376052
2,9,9.182896
3,0,0.0
3,1,1.971518
3,10,14.7460575
3,11,16.151575
3,12,18.069042
3,13,20.841244
3,14,24.819405
3,15,30.0
3,2,3.8880258
3,3,5.7009997
3,4,7.373786
3,5,8.885392
3,6,10.233052
3,7,11.434558
3,8,12.531851
3,9,13.5975
4,0,0.0
4,1,2.7113142
4,10,19.117037
4,11,20.422682
4,12,22.023397
4,13,24.109207
4,14,26.804197
4,15,30.0
4,2,5.339538
4,3,7.8117237
4,4,10.072855
4,5,12.09032
4,6,13.855613
4,7,15.384819
4,8,16.719519
4,9,17.929424
5,0,0.0
5,1,3.5342622
5,10,23.370243
5,11,24.398937
5,12,25.492836
5,13,26.768108
5,14,28.28824
5,15,30.0
5,2,6.947211
5,3,10.133672
5,4,13.015811
5,5,15.547671
5,6,17.714542
5,7,19.529877
5,8,21.032282
5,9,22.283916
6,0,0.0
6,1,4.4785957
6,10,27.681385
6,11,28.310246
6,12,28.7811
6,13,29.182293
6,14,29.580727
6,15,30.0
6,2,8.781509
6,3,12.760148
6,4,16.309298
6,5,19.370314
6,6,21.925335
6,7,23.988214
6,8,25.596155
6,9,26.804047
7,0,0.0
7,1,5.59869
7,10,32.241333
7,11,32.379845
7,12,32.139244
7,13,31.599392
7,14,30.852451
7,15,30.0
7,2,10.940239
7,3,15.816331
7,4,20.091206
7,5,23.699272
7,6,26.628633
7,7,28.90186
7,8,30.560461
7,9,31.65509
8,0,0.0
8,1,6.97601
8,10,37.249344
8,11,36.82885
8,12,35.796883
8,13,34.22374
8,14,32.22977
8,15,30.0
8,2,13.564584
8,3,19.473969
8,4,24.540207
8,5,28.707287
8,6,31.988443
8,7,34.430523
8,8,36.089127
8,9,37.0149
9,0,0.0
9,1,8.740847
9,10,42.91264
9,11,41.889618
9,12,39.995934
9,13,37.269066
9,14,33.84298
9,15,30.0
9,2,16.868282
9,3,23.974977
9,4,29.88867
9,5,34.601562
9,6,38.187706
9,7,40.743065
9,8,42.35101
9,9,43.06642
