0,0,0.0
0,1,0.0
0,10,0.0
0,11,0.0
0,12,0.0
0,13,0.0
0,14,0.0
0,15,30.0
0,2,0.0
0,3,0.0
0,4,0.0
0,5,0.0
0,6,0.0
0,7,0.0
0,8,0.0
0,9,0.0
1,0,0.0
1,1,0.6356343
1,10,5.176328
1,11,5.94541
1,12,7.235676
1,13,9.736462
1,14,15.3422365
1,15,30.0
1,2,1.2554932
1,3,1.8456814
1,4,2.3958864
1,5,2.9008536
1,6,3.361815
1,7,3.7883396
1,8,4.201536
1,9,4.6404905
10,0,0.0
10,1,11.119747
10,10,49.447876
10,11,47.82338
10,12,45.030003
10,13,41.01489
10,14,35.873726
10,15,30.0
10,2,21.193993
10,3,29.670835
10,4,36.440254
10,5,41.625298
10,6,45.420734
10,7,48.006134
10,8,49.508537
10,9,49.990112
11,0,0.0
11,1,14.543549
11,10,57.062843
11,11,54.923866
11,12,51.284084
11,13,45.885582
11,14,38.636433
11,15,30.0
11,2,27.11591
11,3,37.07241
11,4,44.574036
11,5,50.03613
11,6,53.86102
11,7,56.3493
11,8,57.684
11,9,57.93483
12,0,0.0
12,1,19.938553
12,10,65.94489
12,11,63.525215
12,12,59.29695
12,13,52.606956
12,14,42.78644
12,15,30.0
12,2,35.653736
12,3,46.9289
12,4,54.74743
12,5,60.08422
12,6,63.63801
12,7,65.84613
12,8,66.94343
12,9,67.00246
13,0,0.0
13,1,29.556946
13,10,76.189095
13,11,73.93523
13,12,69.771576
13,13,62.45888
13,14,49.90239
13,15,30.0
13,2,48.63159
13,3,60.242092
13,4,67.40259
13,5,71.9154
13,6,74.76071
13,7,76.45389
13,8,77.24119
13,9,77.18674
14,0,0.0
14,1,49.657646
14,10,87.68959
14,11,86.25502
14,12,83.3953
14,13,77.5546
14,14,64.36424
14,15,30.0
14,2,69.07363
14,3,78.0053
14,4,82.7055
14,5,85.41412
14,6,87.03558
14,7,87.967545
14,8,88.380745
14,9,88.31426
15,0,0.0
15,1,100.0
15,10,100.0
15,11,100.0
15,12,100.0
15,13,100.0
15,14,100.0
15,15,30.0
15,2,100.0
15,3,100.0
15,4,100.0
15,5,100.0
15,6,100.0
15,7,100.0
15,8,100.0
15,9,100.0
2,0,0.0
2,1,1.2870493
2,10,10.119433
2,11,11.369654
2,12,13.260847
2,13,16.367945
2,14,21.632492
2,15,30.0
2,2,2.5406668
2,3,3.7313614
2,4,4.8370295
2,5,5.8457346
2,6,6.75809
2,7,7.5900335
2,8,8.377337
2,9,9.184123
3,0,0.0
3,1,1.9719057
3,10,14.747672
3,11,16.152962
3,12,18.070137
3,13,20.842005
3,14,24.819792
3,15,30.0
3,2,3.8887844
3,3,5.702096
3,4,7.3751717
3,5,8.887008
3,6,10.234825
3,7,11.436414
3,8,12.533706
3,9,13.599275
4,0,0.0
4,1,2.7118044
4,10,19.11908
4,11,20.424437
4,12,22.024784
4,13,24.110165
4,14,26.804688
4,15,30.0
4,2,5.340497
4,3,7.813109
4,4,10.074606
4,5,12.092361
4,6,13.857855
4,7,15.387165
4,8,16.721867
4,9,17.931667
5,0,0.0
5,1,3.5348337
5,10,23.372627
5,11,24.400982
5,12,25.49445
5,13,26.769228
5,14,28.28881
5,15,30.0
5,2,6.9483285
5,3,10.135288
5,4,13.017853
5,5,15.550051
5,6,17.717157
5,7,19.532612
5,8,21.035017
5,9,22.286533
6,0,0.0
6,1,4.4792233
6,10,27.684002
6,11,28.31249
6,12,28.782877
6,13,29.183521
6,14,29.581354
6,15,30.0
6,2,8.782738
6,3,12.761922
6,4,16.31154
6,5,19.372927
6,6,21.928207
6,7,23.991217
6,8,25.59916
6,9,26.80692
7,0,0.0
7,1,5.599347
7,10,32.244064
7,11,32.382195
7,12,32.1411
7,13,31.600677
7,14,30.853107
7,15,30.0
7,2,10.941523
7,3,15.818188
7,4,20.093552
7,5,23.702007
7,6,26.631638
7,7,28.904999
7,8,30.5636
7,9,31.658094
8,0,0.0
8,1,6.9766665
8,10,37.252083
8,11,36.831192
8,12,35.79874
8,13,34.22502
8,14,32.23043
8,15,30.0
8,2,13.56587
8,3,19.475824
8,4,24.542555
8,5,28.710022
8,6,31.991446
8,7,34.433666
8,8,36.092262
8,9,37.017906
9,0,0.0
9,1,8.741476
9,10,42.915253
9,11,41.891865
9,12,39.997704
9,13,37.270294
9,14,33.843605
9,15,30.0
9,2,16.86951
9,3,23.976755
9,4,29.890915
9,5,34.60418
9,6,38.190582
9,7,40.746067
9,8,42.35401
9,9,43.06929
