0,0,0.0
0,1,0.0
0,10,0.0
0,11,0.0
0,12,0.0
0,13,0.0
0,14,0.0
0,15,30.0
0,2,0.0
0,3,0.0
0,4,0.0
0,5,0.0
0,6,0.0
0,7,0.0
0,8,0.0
0,9,0.0
1,0,0.0
1,1,0.6354742
1,10,5.17566
1,11,5.944837
1,12,7.235223
1,13,9.736149
1,14,15.342076
1,15,30.0
1,2,1.2551799
1,3,1.8452289
1,4,2.3953142
1,5,2.9001865
1,6,3.3610823
1,7,3.7875733
1,8,4.200769
1,9,4.639757
10,0,0.0
10,1,11.11908
10,10,49.44509
10,11,47.820995
10,12,45.028114
10,13,41.013584
10,14,35.87306
10,15,30.0
10,2,21.192684
10,3,29.668947
10,4,36.437866
10,5,41.622513
10,6,45.41768
10,7,48.002937
10,8,49.505344
10,9,49.987053
11,0,0.0
11,1,14.542975
11,10,57.060455
11,11,54.921818
11,12,51.282467
11,13,45.88446
11,14,38.63586
11,15,30.0
11,2,27.114788
11,3,37.07079
11,4,44.571987
11,5,50.033737
11,6,53.858395
11,7,56.346554
11,8,57.68126
11,9,57.932213
12,0,0.0
12,1,19.938099
12,10,65.943
12,11,63.523598
12,12,59.29567
12,13,52.60607
12,14,42.785988
12,15,30.0
12,2,35.652847
12,3,46.927624
12,4,54.745804
12,5,60.082336
12,6,63.635925
12,7,65.84396
12,8,66.94125
12,9,67.000374
13,0,0.0
13,1,29.556633
13,10,76.18779
13,11,73.9341
13,12,69.77069
13,13,62.45826
13,14,49.902077
13,15,30.0
13,2,48.63098
13,3,60.241207
13,4,67.401474
13,5,71.914085
13,6,74.75927
13,7,76.45238
13,8,77.239685
13,9,77.1853
14,0,0.0
14,1,49.657482
14,10,87.68892
14,11,86.254456
14,12,83.394844
14,13,77.55429
14,14,64.36408
14,15,30.0
14,2,69.07332
14,3,78.00485
14,4,82.704926
14,5,85.41345
14,6,87.03485
14,7,87.966774
14,8,88.379974
14,9,88.31352
15,0,0.0
15,1,100.0
15,10,100.0
15,11,100.0
15,12,100.0
15,13,100.0
15,14,100.0
15,15,30.0
15,2,100.0
15,3,100.0
15,4,100.0
15,5,100.0
15,6,100.0
15,7,100.0
15,8,100.0
15,9,100.0
2,0,0.0
2,1,1.2867359
2,10,10.118128
2,11,11.368533
2,12,13.25996
2,13,16.367332
2,14,21.632177
2,15,30.0
2,2,2.5400543
2,3,3.7304757
2,4,4.8359094
2,5,5.84443
2,6,6.756657
2,7,7.5885344
2,8,8.375837
2,9,9.182688
3,0,0.0
3,1,1.9714531
3,10,14.745785
3,11,16.151342
3,12,18.06886
3,13,20.841118
3,14,24.81934
3,15,30.0
3,2,3.8878987
3,3,5.700816
3,4,7.3735538
3,5,8.885122
3,6,10.232754
3,7,11.434248
3,8,12.531538
3,9,13.597203
4,0,0.0
4,1,2.7112322
4,10,19.116695
4,11,20.422386
4,12,22.023165
4,13,24.109047
4,14,26.804115
4,15,30.0
4,2,5.3393774
4,3,7.8114905
4,4,10.07256
4,5,12.089976
4,6,13.855238
4,7,15.384425
4,8,16.719128
4,9,17.929047
5,0,0.0
5,1,3.5341663
5,10,23.369846
5,11,24.398594
5,12,25.492565
5,13,26.767921
5,14,28.288143
5,15,30.0
5,2,6.9470224
5,3,10.133402
5,4,13.015468
5,5,15.547274
5,6,17.714104
5,7,19.529419
5,8,21.031822
5,9,22.28348
6,0,0.0
6,1,4.4784904
6,10,27.680944
6,11,28.30987
6,12,28.780802
6,13,29.182089
6,14,29.58062
6,15,30.0
6,2,8.781303
6,3,12.759849
6,4,16.308924
6,5,19.369875
6,6,21.924854
6,7,23.987709
6,8,25.595654
6,9,26.803562
7,0,0.0
7,1,5.5985804
7,10,32.240868
7,11,32.379448
7,12,32.13894
7,13,31.599176
7,14,30.85234
7,15,30.0
7,2,10.940022
7,3,15.816019
7,4,20.090809
7,5,23.698814
7,6,26.62813
7,7,28.901333
7,8,30.55993
7,9,31.654587
8,0,0.0
8,1,6.9758997
8,10,37.248882
8,11,36.828453
8,12,35.79657
8,13,34.223522
8,14,32.22966
8,15,30.0
8,2,13.564369
8,3,19.473656
8,4,24.539814
8,5,28.706825
8,6,31.987942
8,7,34.43
8,8,36.0886
8,9,37.014393
9,0,0.0
9,1,8.740742
9,10,42.912193
9,11,41.88924
9,12,39.995636
9,13,37.26886
9,14,33.842873
9,15,30.0
9,2,16.868076
9,3,23.97468
9,4,29.888292
9,5,34.601128
9,6,38.187225
9,7,40.74256
9,8,42.350502
9,9,43.06594
