0,0,0.0
0,1,0.0
0,10,0.0
0,11,0.0
0,12,0.0
0,13,0.0
0,14,0.0
0,15,30.0
0,2,0.0
0,3,0.0
0,4,0.0
0,5,0.0
0,6,0.0
0,7,0.0
0,8,0.0
0,9,0.0
1,0,0.0
1,1,0.6356802
1,10,5.176519
1,11,5.945574
1,12,7.2358055
1,13,9.736552
1,14,15.342282
1,15,30.0
1,2,1.2555828
1,3,1.8458112
1,4,2.3960505
1,5,2.9010444
1,6,3.3620248
1,7,3.7885585
1,8,4.2017546
1,9,4.6407
10,0,0.0
10,1,11.11994
10,10,49.448673
10,11,47.82406
10,12,45.03054
10,13,41.015266
10,14,35.873917
10,15,30.0
10,2,21.194366
10,3,29.671375
10,4,36.440933
10,5,41.626095
10,6,45.421608
10,7,48.007046
10,8,49.509453
10,9,49.990982
11,0,0.0
11,1,14.543713
11,10,57.063526
11,11,54.92445
11,12,51.284546
11,13,45.885902
11,14,38.636597
11,15,30.0
11,2,27.116234
11,3,37.072872
11,4,44.574623
11,5,50.036808
11,6,53.861763
11,7,56.350082
11,8,57.68478
11,9,57.93558
12,0,0.0
12,1,19.938684
12,10,65.945435
12,11,63.52568
12,12,59.297318
12,13,52.60721
12,14,42.786568
12,15,30.0
12,2,35.65399
12,3,46.929276
12,4,54.74789
12,5,60.084763
12,6,63.638603
12,7,65.846756
12,8,66.944046
12,9,67.003044
13,0,0.0
13,1,29.557037
13,10,76.189476
13,11,73.93555
13,12,69.77183
13,13,62.45905
13,14,49.902473
13,15,30.0
13,2,48.631775
13,3,60.24235
13,4,67.402916
13,5,71.91577
13,6,74.761116
13,7,76.454315
13,8,77.241615
13,9,77.18715
14,0,0.0
14,1,49.657692
14,10,87.68978
14,11,86.25519
14,12,83.395424
14,13,77.55469
14,14,64.36429
14,15,30.0
14,2,69.07372
14,3,78.00543
14,4,82.705666
14,5,85.41431
14,6,87.0358
14,7,87.967766
14,8,88.38096
14,9,88.31447
15,0,0.0
15,1,100.0
15,10,100.0
15,11,100.0
15,12,100.0
15,13,100.0
15,14,100.0
15,15,30.0
15,2,100.0
15,3,100.0
15,4,100.0
15,5,100.0
15,6,100.0
15,7,100.0
15,8,100.0
15,9,100.0
2,0,0.0
2,1,1.2871388
2,10,10.119806
2,11,11.369974
2,12,13.2611
2,13,16.36812
2,14,21.632582
2,15,30.0
2,2,2.5408425
2,3,3.7316146
2,4,4.83735
2,5,5.846108
2,6,6.7585
2,7,7.590462
2,8,8.377765
2,9,9.184532
3,0,0.0
3,1,1.9720355
3,10,14.748213
3,11,16.153425
3,12,18.070505
3,13,20.842258
3,14,24.819923
3,15,30.0
3,2,3.8890378
3,3,5.7024627
3,4,7.375635
3,5,8.887548
3,6,10.235418
3,7,11.437034
3,8,12.534326
3,9,13.599867
4,0,0.0
4,1,2.7119684
4,10,19.119762
4,11,20.425022
4,12,22.02525
4,13,24.110487
4,14,26.804853
4,15,30.0
4,2,5.3408184
4,3,7.8135715
4,4,10.075192
4,5,12.093044
4,6,13.858604
4,7,15.387949
4,8,16.722649
4,9,17.932417
5,0,0.0
5,1,3.535025
5,10,23.373423
5,11,24.401665
5,12,25.494993
5,13,26.7696
5,14,28.289003
5,15,30.0
5,2,6.948702
5,3,10.135828
5,4,13.018535
5,5,15.550848
5,6,17.71803
5,7,19.533524
5,8,21.03593
5,9,22.287403
6,0,0.0
6,1,4.479433
6,10,27.684874
6,11,28.31324
6,12,28.783468
6,13,29.183933
6,14,29.581564
6,15,30.0
6,2,8.783148
6,3,12.762514
6,4,16.312292
6,5,19.3738
6,6,21.929165
6,7,23.992222
6,8,25.600163
6,9,26.807878
7,0,0.0
7,1,5.5995665
7,10,32.24498
7,11,32.382973
7,12,32.141724
7,13,31.601107
7,14,30.853329
7,15,30.0
7,2,10.941952
7,3,15.818808
7,4,20.094334
7,5,23.702923
7,6,26.63264
7,7,28.906048
7,8,30.56465
7,9,31.659096
8,0,0.0
8,1,6.976886
8,10,37.25299
8,11,36.831978
8,12,35.799362
8,13,34.225452
8,14,32.230648
8,15,30.0
8,2,13.566298
8,3,19.476444
8,4,24.543339
8,5,28.710934
8,6,31.992453
8,7,34.434715
8,8,36.093315
8,9,37.018906
9,0,0.0
9,1,8.741686
9,10,42.916122
9,11,41.892616
9,12,39.9983
9,13,37.270706
9,14,33.843815
9,15,30.0
9,2,16.869923
9,3,23.977348
9,4,29.891663
9,5,34.605053
9,6,38.19154
9,7,40.747074
9,8,42.355015
9,9,43.07025
