0,0,0.0
0,1,0.0
0,10,0.0
0,11,0.0
0,12,0.0
0,13,0.0
0,14,0.0
0,15,0.0
0,16,0.0
0,17,0.0
0,18,0.0
0,19,0.0
0,2,0.0
0,20,0.0
0,21,0.0
0,22,0.0
0,23,0.0
0,24,0.0
0,25,0.0
0,26,0.0
0,27,0.0
0,28,0.0
0,29,30.0
0,3,0.0
0,4,0.0
0,5,0.0
0,6,0.0
0,7,0.0
0,8,0.0
0,9,0.0
1,0,0.0
1,1,0.39582732
1,10,2.939609
1,11,3.0674388
1,12,3.1705317
1,13,3.2528622
1,14,3.3190987
1,15,3.3738546
1,16,3.422227
1,17,3.4697127
1,18,3.5227077
1,19,3.5892718
1,2,0.7835799
1,20,3.6800184
1,21,3.8104322
1,22,4.0038514
1,23,4.2988105
1,24,4.7626953
1,25,5.525746
1,26,6.8668246
1,27,9.463948
1,28,15.197791
1,29,30.0
1,3,1.1555139
1,4,1.5051475
1,5,1.8268403
1,6,2.117047
1,7,2.3732092
1,8,2.5950513
1,9,2.7830546
10,0,0.0
10,1,2.9373581
10,10,21.787395
10,11,22.72618
10,12,23.47523
10,13,24.063593
10,14,24.519516
10,15,24.871593
10,16,25.146126
10,17,25.367748
10,18,25.558998
10,19,25.740204
10,2,5.8141623
10,20,25.930584
10,21,26.147064
10,22,26.406004
10,23,26.720623
10,24,27.102385
10,25,27.557173
10,26,28.085915
10,27,28.680847
10,28,29.32666
10,29,30.0
10,3,8.574141
10,4,11.166894
10,5,13.553299
10,6,15.703578
10,7,17.602322
10,8,19.243435
10,9,20.63397
11,0,0.0
11,1,3.0636015
11,10,22.721128
11,11,23.69854
11,12,24.478401
11,13,25.089207
11,14,25.56121
11,15,25.922798
11,16,26.20108
11,17,26.420452
11,18,26.602768
11,19,26.767675
11,2,6.0643086
11,20,26.932083
11,21,27.111546
11,22,27.318684
11,23,27.564827
11,24,27.85739
11,25,28.201187
11,26,28.595432
11,27,29.034918
11,28,29.508259
11,29,30.0
11,3,8.942557
11,4,11.647119
11,5,14.1353855
11,6,16.3784
11,7,18.35775
11,8,20.069489
11,9,21.51852
12,0,0.0
12,1,3.1641278
12,10,23.46272
12,11,24.471409
12,12,25.274883
12,13,25.903677
12,14,26.387646
12,15,26.756355
12,16,27.036678
12,17,27.253029
12,18,27.42689
12,19,27.576649
12,2,6.2630224
12,20,27.718487
12,21,27.865524
12,22,28.02932
12,23,28.2182
12,24,28.438795
12,25,28.693792
12,26,28.983301
12,27,29.30296
12,28,29.645424
12,29,30.0
12,3,9.235884
12,4,12.028603
12,5,14.598712
12,6,16.91446
12,7,18.958838
12,8,20.725647
12,9,22.222017
13,0,0.0
13,1,3.2423148
13,10,24.04009
13,11,25.072334
13,12,25.894535
13,13,26.536657
13,14,27.029894
13,15,27.403507
13,16,27.684858
13,17,27.898102
13,18,28.064198
13,19,28.201145
13,2,6.417973
13,20,28.323631
13,21,28.444195
13,22,28.572277
13,23,28.71569
13,24,28.879108
13,25,29.065495
13,26,29.274473
13,27,29.50368
13,28,29.7478
13,29,30.0
13,3,9.4640255
13,4,12.326006
13,5,14.959073
13,6,17.332228
13,7,19.42633
13,8,21.236784
13,9,22.769115
14,0,0.0
14,1,3.302021
14,10,24.479658
14,11,25.530275
14,12,26.366161
14,13,27.018599
14,14,27.51841
14,15,27.895586
14,16,28.17725
14,17,28.387535
14,18,28.547165
14,19,28.673332
14,2,6.535962
14,20,28.780409
14,21,28.879517
14,22,28.979792
14,23,29.087477
14,24,29.207302
14,25,29.341297
14,26,29.490055
14,27,29.651745
14,28,29.82328
14,29,30.0
14,3,9.638213
14,4,12.552467
14,5,15.234125
14,6,17.650337
14,7,19.783
14,8,21.625975
14,9,23.186306
15,0,0.0
15,1,3.3465285
15,10,24.80774
15,11,25.871557
15,12,26.717907
15,13,27.377636
15,14,27.882376
15,15,28.261875
15,16,28.543526
15,17,28.75129
15,18,28.905552
15,19,29.023325
15,2,6.6241827
15,20,29.118126
15,21,29.20089
15,22,29.27961
15,23,29.36052
15,24,29.447395
15,25,29.542727
15,26,29.64693
15,27,29.75941
15,28,29.878025
15,29,30.0
15,3,9.768062
15,4,12.721746
15,5,15.439163
15,6,17.88803
15,7,20.048874
15,8,21.91663
15,9,23.497267
16,0,0.0
16,1,3.3791146
16,10,25.047115
16,11,26.120846
16,12,26.974491
16,13,27.639668
16,14,28.147745
16,15,28.528883
16,16,28.810314
16,17,29.015974
16,18,29.166126
16,19,29.277332
16,2,6.6885586
16,20,29.362986
16,21,29.433273
16,22,29.496159
16,23,29.557083
16,24,29.620037
16,25,29.687075
16,26,29.75928
16,27,29.836292
16,28,29.917133
16,29,30.0
16,3,9.8631115
16,4,12.845276
16,5,15.589199
16,6,18.061478
16,7,20.243332
16,8,22.12872
16,9,23.724571
17,0,0.0
17,1,3.4023902
17,10,25.218353
17,11,26.298878
17,12,27.157892
17,13,27.826744
17,14,28.337244
17,15,28.719393
17,16,29.000572
17,17,29.204609
17,18,29.351595
17,19,29.458008
17,2,6.734701
17,20,29.536793
17,21,29.598112
17,22,29.649343
17,23,29.696032
17,24,29.741701
17,25,29.788757
17,26,29.838188
17,27,29.890306
17,28,29.944546
17,29,30.0
17,3,9.931003
17,4,12.933788
17,5,15.696365
17,6,18.185707
17,7,20.382225
17,8,22.280537
17,9,23.886917
18,0,0.0
18,1,3.4187238
18,10,25.338053
18,11,26.423492
18,12,27.286081
18,13,27.957577
18,14,28.469643
18,15,28.852486
18,16,29.133404
18,17,29.336205
18,18,29.480917
18,19,29.583792
18,2,6.7669597
18,20,29.657747
18,21,29.712566
18,22,29.75567
18,23,29.792213
18,24,29.825905
18,25,29.858932
18,26,29.89266
18,27,29.9275
18,28,29.96344
18,29,30.0
18,3,9.978635
18,4,12.99567
18,5,15.771523
18,6,18.272554
18,7,20.479582
18,8,22.38667
18,9,24.000637
19,0,0.0
19,1,3.4298995
19,10,25.420094
19,11,26.508745
19,12,27.373865
19,13,28.04707
19,14,28.560228
19,15,28.943483
19,16,29.224182
19,17,29.426098
19,18,29.569162
19,19,29.669601
19,2,6.789117
19,20,29.740116
19,21,29.7905
19,22,29.827898
19,23,29.85756
19,24,29.88296
19,25,29.9065
19,26,29.929485
19,27,29.952667
19,28,29.976196
19,29,30.0
19,3,10.011227
19,4,13.038162
19,5,15.822947
19,6,18.33216
19,7,20.54619
19,8,22.459465
19,9,24.078442
2,0,0.0
2,1,0.78357613
2,10,5.818482
2,11,6.0716486
2,12,6.2753096
2,13,6.4381466
2,14,6.5686626
2,15,6.676353
2,16,6.7708406
2,17,6.8627954
2,18,6.964443
2,19,7.0905957
2,2,1.5510025
2,20,7.2610207
2,21,7.502801
2,22,7.8565164
2,23,8.384355
2,24,9.188434
2,25,10.442154
2,26,12.453846
2,27,15.774928
2,28,21.3191
2,29,30.0
2,3,2.2874308
2,4,2.9792578
2,5,3.6163306
2,6,4.1904325
2,7,4.697814
2,8,5.1365576
2,9,5.5089703
20,0,0.0
20,1,3.4374142
20,10,25.475025
20,11,26.565907
20,12,27.432636
20,13,28.10702
20,14,28.620861
20,15,29.004385
20,16,29.284912
20,17,29.48619
20,18,29.628143
20,19,29.726875
20,2,6.803954
20,20,29.795094
20,21,29.842417
20,22,29.876026
20,23,29.900991
20,24,29.920902
20,25,29.938051
20,26,29.953936
20,27,29.969334
20,28,29.984661
20,29,30.0
20,3,10.033135
20,4,13.066612
20,5,15.8575
20,6,18.37207
20,7,20.590923
20,8,22.508205
20,9,24.130653
21,0,0.0
21,1,3.4423373
21,10,25.511082
21,11,26.603355
21,12,27.471184
21,13,28.146294
21,14,28.660591
21,15,29.04427
21,16,29.324665
21,17,29.525524
21,18,29.666706
21,19,29.764328
21,2,6.8137174
21,20,29.830988
21,21,29.876324
21,22,29.90739
21,23,29.929316
21,24,29.945587
21,25,29.958595
21,26,29.969818
21,27,29.980177
21,28,29.99015
21,29,30.0
21,3,10.047491
21,4,13.085327
21,5,15.880138
21,6,18.398308
21,7,20.62023
21,8,22.540226
21,9,24.16486
22,0,0.0
22,1,3.4455085
22,10,25.534197
22,11,26.627403
22,12,27.495892
22,13,28.17149
22,14,28.686056
22,15,29.069832
22,16,29.35014
22,17,29.550705
22,18,29.691402
22,19,29.788277
22,2,6.8199754
22,20,29.853952
22,21,29.897972
22,22,29.927433
22,23,29.947374
22,24,29.961338
22,25,29.971678
22,26,29.97994
22,27,29.987074
22,28,29.99365
22,29,30.0
22,3,10.056733
22,4,13.097324
22,5,15.89471
22,6,18.415127
22,7,20.639078
22,8,22.560753
22,9,24.186844
23,0,0.0
23,1,3.447497
23,10,25.548725
23,11,26.642483
23,12,27.511408
23,13,28.187286
23,14,28.702034
23,15,29.08586
23,16,29.366104
23,17,29.56649
23,18,29.706863
23,19,29.803284
23,2,6.8239202
23,20,29.868313
23,21,29.911526
23,22,29.939953
23,23,29.958666
23,24,29.971169
23,25,29.97985
23,26,29.986254
23,27,29.991379
23,28,29.99583
23,29,30.0
23,3,10.062529
23,4,13.104881
23,5,15.903846
23,6,18.425714
23,7,20.650898
23,8,22.573664
23,9,24.20063
24,0,0.0
24,1,3.4487236
24,10,25.557632
24,11,26.651752
24,12,27.520924
24,13,28.196991
24,14,28.711834
24,15,29.095695
24,16,29.375896
24,17,29.576168
24,18,29.716343
24,19,29.81247
24,2,6.826339
24,20,29.877113
24,21,29.919815
24,22,29.947622
24,23,29.965567
24,24,29.977182
24,25,29.98484
24,26,29.990112
24,27,29.994005
24,28,29.997162
24,29,30.0
24,3,10.066103
24,4,13.109517
24,5,15.909475
24,6,18.43221
24,7,20.658173
24,8,22.581585
24,9,24.209106
25,0,0.0
25,1,3.449459
25,10,25.562996
25,11,26.657309
25,12,27.526646
25,13,28.202808
25,14,28.717718
25,15,29.101595
25,16,29.381775
25,17,29.58197
25,18,29.722027
25,19,29.81798
25,2,6.827799
25,20,29.882385
25,21,29.924786
25,22,29.952206
25,23,29.969702
25,24,29.98078
25,25,29.987827
25,26,29.99242
25,27,29.995577
25,28,29.99796
25,29,30.0
25,3,10.068247
25,4,13.112313
25,5,15.912854
25,6,18.436123
25,7,20.662542
25,8,22.586351
25,9,24.214195
26,0,0.0
26,1,3.4498935
26,10,25.56614
26,11,26.66058
26,12,27.53
26,13,28.206232
26,14,28.72117
26,15,29.105057
26,16,29.38522
26,17,29.585377
26,18,29.72536
26,19,29.821209
26,2,6.8286552
26,20,29.885479
26,21,29.927694
26,22,29.954899
26,23,29.972122
26,24,29.982887
26,25,29.989573
26,26,29.99377
26,27,29.996498
26,28,29.998425
26,29,30.0
26,3,10.069512
26,4,13.113954
26,5,15.914845
26,6,18.438423
26,7,20.665113
26,8,22.589151
26,9,24.21719
27,0,0.0
27,1,3.4501429
27,10,25.567947
27,11,26.662455
27,12,27.531929
27,13,28.20819
27,14,28.723154
27,15,29.107044
27,16,29.3872
27,17,29.58733
27,18,29.727276
27,19,29.823065
27,2,6.8291492
27,20,29.887249
27,21,29.929367
27,22,29.95644
27,23,29.97351
27,24,29.984093
27,25,29.990574
27,26,29.994543
27,27,29.997023
27,28,29.998692
27,29,30.0
27,3,10.070238
27,4,13.1149
27,5,15.915989
27,6,18.439745
27,7,20.666592
27,8,22.590763
27,9,24.218908
28,0,0.0
28,1,3.4502833
28,10,25.568964
28,11,26.663511
28,12,27.533012
28,13,28.209295
28,14,28.724266
28,15,29.108162
28,16,29.38831
28,17,29.588427
28,18,29.728348
28,19,29.824104
28,2,6.8294272
28,20,29.888245
28,21,29.930302
28,22,29.957304
28,23,29.974289
28,24,29.984768
28,25,29.991138
28,26,29.994976
28,27,29.997318
28,28,29.99884
28,29,30.0
28,3,10.070647
28,4,13.11543
28,5,15.916634
28,6,18.440487
28,7,20.667421
28,8,22.591667
28,9,24.219875
29,0,0.0
29,1,3.4503605
29,10,25.569523
29,11,26.66409
29,12,27.533607
29,13,28.2099
29,14,28.72488
29,15,29.108772
29,16,29.38892
29,17,29.58903
29,18,29.728937
29,19,29.824673
29,2,6.82958
29,20,29.88879
29,21,29.930817
29,22,29.957779
29,23,29.974714
29,24,29.98514
29,25,29.991444
29,26,29.995214
29,27,29.99748
29,28,29.998922
29,29,30.0
29,3,10.070872
29,4,13.115723
29,5,15.916986
29,6,18.440897
29,7,20.667877
29,8,22.592163
29,9,24.220407
3,0,0.0
3,1,1.1554978
3,10,8.580151
3,11,8.952825
3,12,9.253017
3,13,9.492207
3,14,9.683732
3,15,9.840658
3,16,9.977167
3,17,10.108175
3,18,10.250462
3,19,10.424301
3,2,2.2874098
3,20,10.654953
3,21,10.977015
3,22,11.438095
3,23,12.108306
3,24,13.090614
3,25,14.540416
3,26,16.684948
3,27,19.831627
3,28,24.287766
3,29,30.0
3,3,3.3731437
3,4,4.3937397
3,5,5.3327694
3,6,6.1798286
3,7,6.9274974
3,8,7.5749044
3,9,8.123492
30,0,0.0
30,1,3.450402
30,10,25.569824
30,11,26.6644
30,12,27.533928
30,13,28.210224
30,14,28.725206
30,15,29.109104
30,16,29.389244
30,17,29.589352
30,18,29.729252
30,19,29.824982
30,2,6.8296623
30,20,29.889084
30,21,29.93109
30,22,29.958033
30,23,29.974941
30,24,29.985338
30,25,29.991611
30,26,29.995338
30,27,29.99757
30,28,29.998966
30,29,30.0
30,3,10.070992
30,4,13.115881
30,5,15.917176
30,6,18.441116
30,7,20.668125
30,8,22.592432
30,9,24.220692
31,0,0.0
31,1,3.4504242
31,10,25.56998
31,11,26.664566
31,12,27.534092
31,13,28.210398
31,14,28.725376
31,15,29.109274
31,16,29.389418
31,17,29.58952
31,18,29.729418
31,19,29.825142
31,2,6.829705
31,20,29.889236
31,21,29.931234
31,22,29.958164
31,23,29.975063
31,24,29.985443
31,25,29.991695
31,26,29.99541
31,27,29.997612
31,28,29.99899
31,29,30.0
31,3,10.071057
31,4,13.115963
31,5,15.917277
31,6,18.441235
31,7,20.668255
31,8,22.592573
31,9,24.220844
32,0,0.0
32,1,3.4504354
32,10,25.57006
32,11,26.664646
32,12,27.534182
32,13,28.21048
32,14,28.725466
32,15,29.109364
32,16,29.389503
32,17,29.589605
32,18,29.7295
32,19,29.825222
32,2,6.829728
32,20,29.889315
32,21,29.93131
32,22,29.958231
32,23,29.975124
32,24,29.985497
32,25,29.991743
32,26,29.995441
32,27,29.997639
32,28,29.999
32,29,30.0
32,3,10.07109
32,4,13.116006
32,5,15.917329
32,6,18.441294
32,7,20.66832
32,8,22.592644
32,9,24.220919
33,0,0.0
33,1,3.450441
33,10,25.570103
33,11,26.66469
33,12,27.534222
33,13,28.210526
33,14,28.72551
33,15,29.109406
33,16,29.38955
33,17,29.58965
33,18,29.729544
33,19,29.82526
33,2,6.8297386
33,20,29.889355
33,21,29.931345
33,22,29.958267
33,23,29.975153
33,24,29.985525
33,25,29.991764
33,26,29.99546
33,27,29.997646
33,28,29.999008
33,29,30.0
33,3,10.071106
33,4,13.116027
33,5,15.917356
33,6,18.441322
33,7,20.668354
33,8,22.592682
33,9,24.220957
34,0,0.0
34,1,3.450444
34,10,25.570122
34,11,26.664711
34,12,27.534245
34,13,28.210548
34,14,28.725529
34,15,29.109426
34,16,29.389566
34,17,29.589668
34,18,29.729563
34,19,29.825283
34,2,6.8297443
34,20,29.88937
34,21,29.931366
34,22,29.958282
34,23,29.97517
34,24,29.985537
34,25,29.991776
34,26,29.995468
34,27,29.997654
34,28,29.999008
34,29,30.0
34,3,10.071114
34,4,13.116037
34,5,15.917366
34,6,18.441338
34,7,20.66837
34,8,22.592697
34,9,24.220978
35,0,0.0
35,1,3.450445
35,10,25.570131
35,11,26.664722
35,12,27.534252
35,13,28.210558
35,14,28.72554
35,15,29.109436
35,16,29.38958
35,17,29.58968
35,18,29.729576
35,19,29.82529
35,2,6.8297467
35,20,29.889383
35,21,29.93137
35,22,29.958292
35,23,29.975178
35,24,29.985546
35,25,29.99178
35,26,29.995472
35,27,29.997656
35,28,29.999012
35,29,30.0
35,3,10.071119
35,4,13.116042
35,5,15.917372
35,6,18.441345
35,7,20.668377
35,8,22.592709
35,9,24.220985
36,0,0.0
36,1,3.4504457
36,10,25.570137
36,11,26.664722
36,12,27.53426
36,13,28.210564
36,14,28.725548
36,15,29.109444
36,16,29.389584
36,17,29.589684
36,18,29.72958
36,19,29.825298
36,2,6.829748
36,20,29.889383
36,21,29.931377
36,22,29.958294
36,23,29.975182
36,24,29.985546
36,25,29.991783
36,26,29.995476
36,27,29.997658
36,28,29.999012
36,29,30.0
36,3,10.071119
36,4,13.116044
36,5,15.917376
36,6,18.441345
36,7,20.668383
36,8,22.592712
36,9,24.220991
37,0,0.0
37,1,3.450446
37,10,25.570137
37,11,26.664726
37,12,27.53426
37,13,28.210566
37,14,28.725548
37,15,29.109444
37,16,29.389584
37,17,29.589687
37,18,29.72958
37,19,29.825298
37,2,6.8297486
37,20,29.889389
37,21,29.931377
37,22,29.958298
37,23,29.975182
37,24,29.985546
37,25,29.991785
37,26,29.995476
37,27,29.997658
37,28,29.999012
37,29,30.0
37,3,10.07112
37,4,13.116047
37,5,15.917376
37,6,18.44135
37,7,20.66838
37,8,22.592714
37,9,24.220993
38,0,0.0
38,1,3.4504461
38,10,25.570139
38,11,26.664728
38,12,27.53426
38,13,28.210567
38,14,28.725548
38,15,29.109447
38,16,29.389587
38,17,29.589687
38,18,29.72958
38,19,29.8253
38,2,6.8297486
38,20,29.889387
38,21,29.931381
38,22,29.958298
38,23,29.975182
38,24,29.985548
38,25,29.991783
38,26,29.995478
38,27,29.99766
38,28,29.999012
38,29,30.0
38,3,10.071121
38,4,13.116045
38,5,15.917377
38,6,18.441349
38,7,20.668385
38,8,22.592714
38,9,24.220993
39,0,0.0
39,1,3.4504461
39,10,25.570137
39,11,26.664726
39,12,27.534264
39,13,28.210566
39,14,28.72555
39,15,29.109447
39,16,29.389587
39,17,29.589687
39,18,29.729584
39,19,29.825298
39,2,6.829749
39,20,29.88939
39,21,29.931377
39,22,29.958298
39,23,29.975182
39,24,29.985546
39,25,29.991785
39,26,29.995472
39,27,29.99766
39,28,29.999012
39,29,30.0
39,3,10.07112
39,4,13.116047
39,5,15.917376
39,6,18.44135
39,7,20.668385
39,8,22.592712
39,9,24.220993
4,0,0.0
4,1,1.505103
4,10,11.174128
4,11,11.6594715
4,12,12.049299
4,13,12.359932
4,14,12.607286
4,15,12.808809
4,16,12.981796
4,17,13.144762
4,18,13.317968
4,19,13.5245075
4,2,2.9791844
4,20,13.793159
4,21,14.159857
4,22,14.673233
4,23,15.397561
4,24,16.420837
4,25,17.857418
4,26,19.848232
4,27,22.53397
4,28,25.977903
4,29,30.0
4,3,4.3936725
4,4,5.7224874
4,5,6.9460397
4,6,8.048628
4,7,9.022939
4,8,9.865374
4,9,10.580228
40,0,0.0
40,1,3.4504461
40,10,25.570137
40,11,26.66473
40,12,27.53426
40,13,28.210567
40,14,28.725548
40,15,29.109447
40,16,29.389587
40,17,29.589691
40,18,29.72958
40,19,29.825302
40,2,6.8297486
40,20,29.889387
40,21,29.931381
40,22,29.958294
40,23,29.975182
40,24,29.985546
40,25,29.99178
40,26,29.995476
40,27,29.997658
40,28,29.999012
40,29,30.0
40,3,10.071121
40,4,13.116045
40,5,15.917377
40,6,18.441347
40,7,20.668385
40,8,22.592712
40,9,24.220993
41,0,0.0
41,1,3.450446
41,10,25.57014
41,11,26.664726
41,12,27.534264
41,13,28.210564
41,14,28.725552
41,15,29.109446
41,16,29.389591
41,17,29.589687
41,18,29.729586
41,19,29.825298
41,2,6.8297486
41,20,29.889389
41,21,29.931377
41,22,29.958298
41,23,29.975182
41,24,29.985544
41,25,29.991783
41,26,29.995472
41,27,29.997658
41,28,29.999012
41,29,30.0
41,3,10.07112
41,4,13.116046
41,5,15.917376
41,6,18.44135
41,7,20.66838
41,8,22.592714
41,9,24.22099
42,0,0.0
42,1,3.4504461
42,10,25.570135
42,11,26.66473
42,12,27.53426
42,13,28.210567
42,14,28.725548
42,15,29.10945
42,16,29.389587
42,17,29.589691
42,18,29.729582
42,19,29.825302
42,2,6.8297486
42,20,29.889389
42,21,29.931381
42,22,29.958294
42,23,29.975182
42,24,29.985546
42,25,29.99178
42,26,29.995474
42,27,29.997658
42,28,29.999012
42,29,30.0
42,3,10.071121
42,4,13.116045
42,5,15.917377
42,6,18.441345
42,7,20.668383
42,8,22.592709
42,9,24.220993
43,0,0.0
43,1,3.4504461
43,10,25.570137
43,11,26.664726
43,12,27.534264
43,13,28.210564
43,14,28.725552
43,15,29.109444
43,16,29.389587
43,17,29.589687
43,18,29.729586
43,19,29.825298
43,2,6.8297486
43,20,29.88939
43,21,29.931377
43,22,29.958298
43,23,29.975182
43,24,29.985548
43,25,29.991781
43,26,29.995476
43,27,29.997656
43,28,29.999012
43,29,30.0
43,3,10.07112
43,4,13.116046
43,5,15.917376
43,6,18.441349
43,7,20.66838
43,8,22.592712
43,9,24.22099
44,0,0.0
44,1,3.4504461
44,10,25.570135
44,11,26.664726
44,12,27.53426
44,13,28.210566
44,14,28.725548
44,15,29.109447
44,16,29.389587
44,17,29.58969
44,18,29.72958
44,19,29.8253
44,2,6.829748
44,20,29.889387
44,21,29.931381
44,22,29.958294
44,23,29.975183
44,24,29.985546
44,25,29.991783
44,26,29.995472
44,27,29.997658
44,28,29.999012
44,29,30.0
44,3,10.07112
44,4,13.116045
44,5,15.917376
44,6,18.441347
44,7,20.66838
44,8,22.59271
44,9,24.22099
45,0,0.0
45,1,3.4504461
45,10,25.570135
45,11,26.664726
45,12,27.53426
45,13,28.210564
45,14,28.72555
45,15,29.109444
45,16,29.389587
45,17,29.589685
45,18,29.729586
45,19,29.825298
45,2,6.829748
45,20,29.889389
45,21,29.931376
45,22,29.958298
45,23,29.97518
45,24,29.985548
45,25,29.991783
45,26,29.995476
45,27,29.997658
45,28,29.999012
45,29,30.0
45,3,10.07112
45,4,13.116045
45,5,15.917376
45,6,18.441347
45,7,20.66838
45,8,22.59271
45,9,24.22099
46,0,0.0
46,1,3.4504461
46,10,25.570135
46,11,26.664726
46,12,27.53426
46,13,28.210566
46,14,28.725548
46,15,29.109447
46,16,29.389585
46,17,29.58969
46,18,29.72958
46,19,29.825302
46,2,6.829748
46,20,29.889387
46,21,29.931381
46,22,29.958294
46,23,29.975183
46,24,29.985546
46,25,29.991785
46,26,29.995472
46,27,29.997658
46,28,29.999012
46,29,30.0
46,3,10.071119
46,4,13.116044
46,5,15.917376
46,6,18.441347
46,7,20.66838
46,8,22.59271
46,9,24.22099
47,0,0.0
47,1,3.4504461
47,10,25.570135
47,11,26.664726
47,12,27.53426
47,13,28.210566
47,14,28.725552
47,15,29.109446
47,16,29.389587
47,17,29.589687
47,18,29.729584
47,19,29.825298
47,2,6.829748
47,20,29.88939
47,21,29.931377
47,22,29.958298
47,23,29.97518
47,24,29.985546
47,25,29.99178
47,26,29.995476
47,27,29.997658
47,28,29.999012
47,29,30.0
47,3,10.071119
47,4,13.116045
47,5,15.917376
47,6,18.441347
47,7,20.66838
47,8,22.59271
47,9,24.220991
48,0,0.0
48,1,3.4504461
48,10,25.570137
48,11,26.664726
48,12,27.53426
48,13,28.210566
48,14,28.72555
48,15,29.109447
48,16,29.389585
48,17,29.58969
48,18,29.729582
48,19,29.825302
48,2,6.8297486
48,20,29.889387
48,21,29.931381
48,22,29.958298
48,23,29.975182
48,24,29.985544
48,25,29.991783
48,26,29.995472
48,27,29.997658
48,28,29.999012
48,29,30.0
48,3,10.07112
48,4,13.116045
48,5,15.917376
48,6,18.441347
48,7,20.66838
48,8,22.592712
48,9,24.22099
49,0,0.0
49,1,3.450446
49,10,25.570135
49,11,26.664726
49,12,27.53426
49,13,28.210567
49,14,28.725548
49,15,29.109447
49,16,29.389587
49,17,29.58969
49,18,29.729584
49,19,29.825298
49,2,6.8297486
49,20,29.889389
49,21,29.931377
49,22,29.958298
49,23,29.975182
49,24,29.98555
49,25,29.99178
49,26,29.995476
49,27,29.997658
49,28,29.999012
49,29,30.0
49,3,10.07112
49,4,13.116045
49,5,15.9173765
49,6,18.441347
49,7,20.668383
49,8,22.592712
49,9,24.220993
5,0,0.0
5,1,1.826739
5,10,13.561143
5,11,14.148939
5,12,14.621406
5,13,14.996371
5,14,15.294165
5,15,15.53442
5,16,15.737804
5,17,15.925198
5,18,16.11879
5,19,16.343592
5,2,3.61615
5,20,16.628096
5,21,17.00783
5,22,17.52574
5,23,18.236832
5,24,19.20699
5,25,20.513767
5,26,22.234316
5,27,24.422962
5,28,27.061752
5,29,30.0
5,3,5.332554
5,4,6.9458694
5,5,8.43023
5,6,9.769032
5,7,10.950682
5,8,11.973613
5,9,12.840218
50,0,0.0
50,1,3.4504461
50,10,25.570137
50,11,26.664726
50,12,27.534262
50,13,28.210564
50,14,28.725552
50,15,29.109447
50,16,29.389587
50,17,29.58969
50,18,29.729582
50,19,29.8253
50,2,6.8297486
50,20,29.889389
50,21,29.931381
50,22,29.958296
50,23,29.975182
50,24,29.985546
50,25,29.991783
50,26,29.995472
50,27,29.997658
50,28,29.999012
50,29,30.0
50,3,10.07112
50,4,13.116045
50,5,15.9173765
50,6,18.441347
50,7,20.668383
50,8,22.592712
50,9,24.220991
51,0,0.0
51,1,3.4504461
51,10,25.570135
51,11,26.664726
51,12,27.53426
51,13,28.210567
51,14,28.725552
51,15,29.109446
51,16,29.389587
51,17,29.589687
51,18,29.729584
51,19,29.825298
51,2,6.8297486
51,20,29.889389
51,21,29.931377
51,22,29.958298
51,23,29.97518
51,24,29.985546
51,25,29.99178
51,26,29.995474
51,27,29.997658
51,28,29.999012
51,29,30.0
51,3,10.07112
51,4,13.116045
51,5,15.917376
51,6,18.441349
51,7,20.66838
51,8,22.592712
51,9,24.220993
52,0,0.0
52,1,3.450446
52,10,25.570137
52,11,26.664726
52,12,27.534262
52,13,28.210566
52,14,28.72555
52,15,29.109447
52,16,29.389585
52,17,29.58969
52,18,29.729582
52,19,29.8253
52,2,6.8297486
52,20,29.889387
52,21,29.931381
52,22,29.958296
52,23,29.975182
52,24,29.985544
52,25,29.991781
52,26,29.995474
52,27,29.997656
52,28,29.999012
52,29,30.0
52,3,10.07112
52,4,13.116045
52,5,15.9173765
52,6,18.441347
52,7,20.668383
52,8,22.592712
52,9,24.22099
53,0,0.0
53,1,3.4504461
53,10,25.570135
53,11,26.664728
53,12,27.53426
53,13,28.210567
53,14,28.725548
53,15,29.109447
53,16,29.38959
53,17,29.589687
53,18,29.729584
53,19,29.825298
53,2,6.8297486
53,20,29.88939
53,21,29.93138
53,22,29.958298
53,23,29.975182
53,24,29.985546
53,25,29.991781
53,26,29.995474
53,27,29.997656
53,28,29.999012
53,29,30.0
53,3,10.07112
53,4,13.116045
53,5,15.917377
53,6,18.441349
53,7,20.66838
53,8,22.592712
53,9,24.220991
54,0,0.0
54,1,3.4504461
54,10,25.570137
54,11,26.664726
54,12,27.53426
54,13,28.210566
54,14,28.725548
54,15,29.109447
54,16,29.389585
54,17,29.589687
54,18,29.729582
54,19,29.8253
54,2,6.8297486
54,20,29.88939
54,21,29.931381
54,22,29.958298
54,23,29.975182
54,24,29.985546
54,25,29.991783
54,26,29.995472
54,27,29.997658
54,28,29.999012
54,29,30.0
54,3,10.07112
54,4,13.116047
54,5,15.917376
54,6,18.441349
54,7,20.66838
54,8,22.59271
54,9,24.22099
55,0,0.0
55,1,3.450446
55,10,25.570135
55,11,26.664726
55,12,27.534262
55,13,28.210564
55,14,28.72555
55,15,29.109444
55,16,29.389587
55,17,29.589687
55,18,29.729582
55,19,29.825298
55,2,6.8297486
55,20,29.88939
55,21,29.931381
55,22,29.958298
55,23,29.975182
55,24,29.985546
55,25,29.991781
55,26,29.995476
55,27,29.997658
55,28,29.999012
55,29,30.0
55,3,10.071121
55,4,13.116045
55,5,15.917378
55,6,18.441349
55,7,20.668385
55,8,22.592712
55,9,24.220991
56,0,0.0
56,1,3.450446
56,10,25.570137
56,11,26.664726
56,12,27.53426
56,13,28.210567
56,14,28.725548
56,15,29.109446
56,16,29.389587
56,17,29.589687
56,18,29.72958
56,19,29.8253
56,2,6.8297486
56,20,29.889389
56,21,29.931381
56,22,29.958298
56,23,29.975182
56,24,29.985546
56,25,29.991783
56,26,29.995476
56,27,29.997658
56,28,29.999012
56,29,30.0
56,3,10.07112
56,4,13.116047
56,5,15.9173765
56,6,18.44135
56,7,20.66838
56,8,22.592712
56,9,24.22099
57,0,0.0
57,1,3.4504461
57,10,25.570135
57,11,26.664726
57,12,27.534264
57,13,28.210564
57,14,28.72555
57,15,29.109444
57,16,29.389587
57,17,29.589687
57,18,29.729582
57,19,29.8253
57,2,6.8297486
57,20,29.889389
57,21,29.931377
57,22,29.958298
57,23,29.975183
57,24,29.985548
57,25,29.991783
57,26,29.995476
57,27,29.997658
57,28,29.999012
57,29,30.0
57,3,10.071121
57,4,13.116045
57,5,15.917379
57,6,18.441345
57,7,20.668385
57,8,22.59271
57,9,24.220993
58,0,0.0
58,1,3.4504457
58,10,25.570139
58,11,26.664726
58,12,27.53426
58,13,28.210567
58,14,28.725548
58,15,29.109447
58,16,29.389587
58,17,29.589687
58,18,29.72958
58,19,29.8253
58,2,6.829749
58,20,29.889389
58,21,29.931377
58,22,29.958298
58,23,29.975182
58,24,29.985548
58,25,29.991783
58,26,29.995474
58,27,29.997658
58,28,29.999012
58,29,30.0
58,3,10.07112
58,4,13.116047
58,5,15.917376
58,6,18.44135
58,7,20.668379
58,8,22.592714
58,9,24.220987
59,0,0.0
59,1,3.4504461
59,10,25.570135
59,11,26.664726
59,12,27.534264
59,13,28.210566
59,14,28.72555
59,15,29.109447
59,16,29.389587
59,17,29.589687
59,18,29.729582
59,19,29.825298
59,2,6.829748
59,20,29.889389
59,21,29.931376
59,22,29.958296
59,23,29.975182
59,24,29.985546
59,25,29.991783
59,26,29.995474
59,27,29.997658
59,28,29.999012
59,29,30.0
59,3,10.071121
59,4,13.116045
59,5,15.917379
59,6,18.441345
59,7,20.668385
59,8,22.592709
59,9,24.220993
6,0,0.0
6,1,2.1168401
6,10,15.7114315
6,11,16.392138
6,12,16.937696
6,13,17.37038
6,14,17.71183
6,15,17.985157
6,16,18.212645
6,17,18.417059
6,18,18.621834
6,19,18.851606
6,2,4.1900473
6,20,19.134449
6,21,19.501549
6,22,19.990517
6,23,20.643452
6,24,21.508694
6,25,22.633934
6,26,24.059437
6,27,25.798311
6,28,27.814426
6,29,30.0
6,3,6.179332
6,4,8.048115
6,5,9.7686615
6,6,11.319065
6,7,12.688798
6,8,13.872993
6,9,14.877398
60,0,0.0
60,1,3.4504457
60,10,25.57014
60,11,26.664726
60,12,27.534264
60,13,28.210567
60,14,28.725552
60,15,29.109447
60,16,29.389587
60,17,29.58969
60,18,29.729582
60,19,29.8253
60,2,6.829749
60,20,29.889387
60,21,29.931377
60,22,29.958294
60,23,29.97518
60,24,29.985546
60,25,29.991781
60,26,29.995476
60,27,29.997656
60,28,29.999012
60,29,30.0
60,3,10.07112
60,4,13.116048
60,5,15.917376
60,6,18.44135
60,7,20.66838
60,8,22.592716
60,9,24.22099
61,0,0.0
61,1,3.4504461
61,10,25.570137
61,11,26.66473
61,12,27.534264
61,13,28.210567
61,14,28.725552
61,15,29.109447
61,16,29.389591
61,17,29.589687
61,18,29.729584
61,19,29.825298
61,2,6.8297486
61,20,29.88939
61,21,29.93138
61,22,29.958298
61,23,29.975182
61,24,29.985546
61,25,29.991783
61,26,29.995472
61,27,29.997658
61,28,29.999012
61,29,30.0
61,3,10.071121
61,4,13.116045
61,5,15.917379
61,6,18.441349
61,7,20.668385
61,8,22.592712
61,9,24.220995
62,0,0.0
62,1,3.4504464
62,10,25.57014
62,11,26.664732
62,12,27.534266
62,13,28.210571
62,14,28.725555
62,15,29.109453
62,16,29.389591
62,17,29.589693
62,18,29.729584
62,19,29.825304
62,2,6.8297496
62,20,29.88939
62,21,29.931381
62,22,29.958302
62,23,29.975182
62,24,29.98555
62,25,29.991783
62,26,29.995476
62,27,29.997658
62,28,29.999012
62,29,30.0
62,3,10.071121
62,4,13.116049
62,5,15.917377
62,6,18.441353
62,7,20.668385
62,8,22.592718
62,9,24.220993
63,0,0.0
63,1,3.4504473
63,10,25.570145
63,11,26.664736
63,12,27.534271
63,13,28.210577
63,14,28.72556
63,15,29.109457
63,16,29.389599
63,17,29.589697
63,18,29.729591
63,19,29.825306
63,2,6.8297505
63,20,29.889397
63,21,29.931385
63,22,29.958302
63,23,29.97519
63,24,29.98555
63,25,29.991785
63,26,29.995478
63,27,29.997658
63,28,29.999014
63,29,30.0
63,3,10.071125
63,4,13.116049
63,5,15.917385
63,6,18.441353
63,7,20.668392
63,8,22.592718
63,9,24.221
64,0,0.0
64,1,3.450448
64,10,25.570156
64,11,26.664745
64,12,27.53428
64,13,28.210587
64,14,28.72557
64,15,29.109467
64,16,29.389608
64,17,29.58971
64,18,29.7296
64,19,29.825321
64,2,6.829755
64,20,29.889406
64,21,29.931396
64,22,29.958313
64,23,29.975195
64,24,29.985561
64,25,29.991795
64,26,29.995481
64,27,29.997663
64,28,29.999016
64,29,30.0
64,3,10.071127
64,4,13.116056
64,5,15.917387
64,6,18.441364
64,7,20.668396
64,8,22.592728
64,9,24.221008
65,0,0.0
65,1,3.450452
65,10,25.570179
65,11,26.664768
65,12,27.534306
65,13,28.210611
65,14,28.725595
65,15,29.109491
65,16,29.389633
65,17,29.589733
65,18,29.729626
65,19,29.82534
65,2,6.82976
65,20,29.88943
65,21,29.931416
65,22,29.958332
65,23,29.975212
65,24,29.985577
65,25,29.991806
65,26,29.995493
65,27,29.99767
65,28,29.999018
65,29,30.0
65,3,10.071139
65,4,13.116067
65,5,15.917405
65,6,18.441378
65,7,20.668417
65,8,22.592747
65,9,24.221031
66,0,0.0
66,1,3.4504585
66,10,25.570225
66,11,26.66482
66,12,27.534355
66,13,28.21066
66,14,28.725645
66,15,29.109543
66,16,29.389683
66,17,29.589783
66,18,29.729675
66,19,29.825386
66,2,6.8297744
66,20,29.889473
66,21,29.93146
66,22,29.95837
66,23,29.975248
66,24,29.985605
66,25,29.991833
66,26,29.995514
66,27,29.997684
66,28,29.999023
66,29,30.0
66,3,10.071157
66,4,13.116095
66,5,15.917433
66,6,18.441416
66,7,20.668455
66,8,22.592794
66,9,24.221073
67,0,0.0
67,1,3.4504728
67,10,25.57032
67,11,26.66492
67,12,27.534458
67,13,28.210766
67,14,28.72575
67,15,29.109646
67,16,29.389786
67,17,29.589886
67,18,29.729774
67,19,29.825483
67,2,6.829801
67,20,29.889565
67,21,29.931543
67,22,29.95845
67,23,29.975319
67,24,29.985668
67,25,29.991882
67,26,29.99555
67,27,29.997711
67,28,29.999039
67,29,30.0
67,3,10.0711975
67,4,13.116145
67,5,15.917498
67,6,18.441486
67,7,20.668537
67,8,22.592876
67,9,24.221169
68,0,0.0
68,1,3.4505005
68,10,25.570515
68,11,26.665117
68,12,27.53466
68,13,28.21097
68,14,28.725956
68,15,29.109854
68,16,29.389992
68,17,29.590086
68,18,29.72997
68,19,29.825676
68,2,6.829857
68,20,29.889748
68,21,29.931715
68,22,29.95861
68,23,29.975462
68,24,29.985792
68,25,29.991985
68,26,29.99563
68,27,29.997765
68,28,29.999067
68,29,30.0
68,3,10.071279
68,4,13.116251
68,5,15.9176235
68,6,18.441633
68,7,20.668695
68,8,22.593056
68,9,24.221352
69,0,0.0
69,1,3.4505556
69,10,25.57089
69,11,26.665504
69,12,27.535057
69,13,28.211372
69,14,28.72636
69,15,29.110258
69,16,29.390392
69,17,29.59048
69,18,29.730358
69,19,29.82605
69,2,6.829964
69,20,29.890106
69,21,29.932053
69,22,29.958918
69,23,29.975742
69,24,29.986034
69,25,29.992188
69,26,29.995785
69,27,29.997871
69,28,29.999119
69,29,30.0
69,3,10.071438
69,4,13.116456
69,5,15.917871
69,6,18.441916
69,7,20.669012
69,8,22.593391
69,9,24.221714
7,0,0.0
7,1,2.372811
7,10,17.609472
7,11,18.370773
7,12,18.981125
7,13,19.463236
7,14,19.842396
7,15,20.142693
7,16,20.3886
7,17,20.603745
7,18,20.811672
7,19,21.036844
7,2,4.697066
7,20,21.304413
7,21,21.642612
7,22,22.08107
7,23,22.65297
7,24,23.390522
7,25,24.323788
7,26,25.470661
7,27,26.829052
7,28,28.363295
7,29,30.0
7,3,6.9264836
7,4,9.021805
7,5,10.949612
7,6,12.68807
7,7,14.222367
7,8,15.550137
7,9,16.674698
70,0,0.0
70,1,3.4506598
70,10,25.571611
70,11,26.666248
70,12,27.535816
70,13,28.212143
70,14,28.727135
70,15,29.11103
70,16,29.39116
70,17,29.591236
70,18,29.731094
70,19,29.826763
70,2,6.830171
70,20,29.890789
70,21,29.932693
70,22,29.959513
70,23,29.976276
70,24,29.986498
70,25,29.992573
70,26,29.996082
70,27,29.998074
70,28,29.999222
70,29,30.0
70,3,10.07174
70,4,13.116848
70,5,15.918343
70,6,18.44246
70,7,20.669613
70,8,22.594044
70,9,24.222403
71,0,0.0
71,1,3.4508555
71,10,25.572956
71,11,26.667637
71,12,27.53723
71,13,28.213575
71,14,28.728577
71,15,29.112473
71,16,29.39259
71,17,29.592648
71,18,29.732475
71,19,29.828094
71,2,6.830557
71,20,29.892061
71,21,29.933893
71,22,29.960617
71,23,29.977268
71,24,29.987362
71,25,29.99329
71,26,29.996635
71,27,29.998451
71,28,29.99941
71,29,30.0
71,3,10.072308
71,4,13.11758
71,5,15.919225
71,6,18.44347
71,7,20.670736
71,8,22.595259
71,9,24.223692
72,0,0.0
72,1,3.451213
72,10,25.57541
72,11,26.670164
72,12,27.539814
72,13,28.216192
72,14,28.731209
72,15,29.115099
72,16,29.395199
72,17,29.595217
72,18,29.734985
72,19,29.830526
72,2,6.831262
72,20,29.894386
72,21,29.936077
72,22,29.962635
72,23,29.979084
72,24,29.988941
72,25,29.994596
72,26,29.997648
72,27,29.999136
72,28,29.999762
72,29,30.0
72,3,10.073341
72,4,13.118919
72,5,15.920835
72,6,18.445318
72,7,20.672787
72,8,22.597473
72,9,24.226042
73,0,0.0
73,1,3.451852
73,10,25.579788
73,11,26.674679
73,12,27.544424
73,13,28.22086
73,14,28.735899
73,15,29.119787
73,16,29.399849
73,17,29.599802
73,18,29.739464
73,19,29.834864
73,2,6.832524
73,20,29.898525
73,21,29.939981
73,22,29.966234
73,23,29.982323
73,24,29.991755
73,25,29.996935
73,26,29.999449
73,27,30.000368
73,28,30.000383
73,29,30.0
73,3,10.0751915
73,4,13.121312
73,5,15.923714
73,6,18.44862
73,7,20.676447
73,8,22.601433
73,9,24.230238
74,0,0.0
74,1,3.4529715
74,10,25.58743
74,11,26.682556
74,12,27.552464
74,13,28.228996
74,14,28.744083
74,15,29.127958
74,16,29.40796
74,17,29.60779
74,18,29.747276
74,19,29.842419
74,2,6.8347306
74,20,29.905756
74,21,29.94678
74,22,29.972513
74,23,29.98797
74,24,29.996674
74,25,30.00101
74,26,30.002604
74,27,30.00251
74,28,30.00147
74,29,30.0
74,3,10.078429
74,4,13.125495
74,5,15.928749
74,6,18.454391
74,7,20.682846
74,8,22.608345
74,9,24.23756
75,0,0.0
75,1,3.4548872
75,10,25.600475
75,11,26.695995
75,12,27.566177
75,13,28.242878
75,14,28.758032
75,15,29.141895
75,16,29.421787
75,17,29.62142
75,18,29.760593
75,19,29.855316
75,2,6.8385115
75,20,29.918077
75,21,29.958391
75,22,29.983227
75,23,29.997623
75,24,30.005064
75,25,30.007982
75,26,30.00798
75,27,30.00618
75,28,30.003326
75,29,30.0
75,3,10.08397
75,4,13.13266
75,5,15.937356
75,6,18.464266
75,7,20.693779
75,8,22.62016
75,9,24.250069
76,0,0.0
76,1,3.4581025
76,10,25.622261
76,11,26.718437
76,12,27.589062
76,13,28.266037
76,14,28.78131
76,15,29.165136
76,16,29.444855
76,17,29.644148
76,18,29.78282
76,19,29.876822
76,2,6.844847
76,20,29.938662
76,21,29.977764
76,22,30.001133
76,23,30.013735
76,24,30.019104
76,25,30.019627
76,26,30.016987
76,27,30.012306
76,28,30.006435
76,29,30.0
76,3,10.093263
76,4,13.144655
76,5,15.951782
76,6,18.480782
76,7,20.712078
76,8,22.6399
76,9,24.270973
77,0,0.0
77,1,3.4633791
77,10,25.657866
77,11,26.755081
77,12,27.62643
77,13,28.303833
77,14,28.819288
77,15,29.203062
77,16,29.482487
77,17,29.681248
77,18,29.819082
77,19,29.911953
77,2,6.8552575
77,20,29.972248
77,21,30.009436
77,22,30.030376
77,23,30.040104
77,24,30.042046
77,25,30.0387
77,26,30.031715
77,27,30.022356
77,28,30.01152
77,29,30.0
77,3,10.108504
77,4,13.164348
77,5,15.975416
77,6,18.507856
77,7,20.742023
77,8,22.67221
77,9,24.305138
78,0,0.0
78,1,3.471874
78,10,25.714794
78,11,26.81366
78,12,27.686117
78,13,28.364197
78,14,28.879925
78,15,29.263603
78,16,29.542572
78,17,29.74046
78,18,29.877014
78,19,29.968044
78,2,6.8719893
78,20,30.025965
78,21,30.060036
78,22,30.077198
78,23,30.082272
78,24,30.078827
78,25,30.069235
78,26,30.05535
78,27,30.03845
78,28,30.019688
78,29,30.0
78,3,10.133021
78,4,13.195965
78,5,16.013378
78,6,18.551266
78,7,20.790035
78,8,22.723942
78,9,24.359835
79,0,0.0
79,1,3.4852576
79,10,25.803925
79,11,26.905273
79,12,27.779442
79,13,28.458523
79,14,28.974655
79,15,29.358181
79,16,29.636414
79,17,29.833
79,18,29.96751
79,19,30.055779
79,2,6.8983736
79,20,30.109936
79,21,30.139294
79,22,30.150465
79,23,30.148415
79,24,30.13645
79,25,30.117193
79,26,30.092415
79,27,30.063755
79,28,30.032503
79,29,30.0
79,3,10.171615
79,4,13.245752
79,5,16.073046
79,6,18.619492
79,7,20.865362
79,8,22.805082
79,9,24.445494
8,0,0.0
8,1,2.594323
8,10,19.24918
8,11,20.080822
8,12,20.745792
8,13,21.270523
8,14,21.680658
8,15,22.002832
8,16,22.262053
8,17,22.4827
8,18,22.688313
8,19,22.9017
8,2,5.135167
8,20,23.146444
8,21,23.445747
8,22,23.824558
8,23,24.306473
8,24,24.914677
8,25,25.665983
8,26,26.568737
8,27,27.614462
8,28,28.774994
8,29,30.0
8,3,7.572997
8,4,9.863138
8,5,11.971322
8,6,13.870968
8,7,15.548826
8,8,16.99921
8,9,18.228762
80,0,0.0
80,1,3.5059538
80,10,25.94047
80,11,27.045567
80,12,27.922224
80,13,28.602787
80,14,29.119497
80,15,29.50275
80,16,29.779907
80,17,29.974457
80,18,30.105991
80,19,30.18998
80,2,6.93911
80,20,30.238592
80,21,30.260658
80,22,30.262905
80,23,30.249842
80,24,30.225037
80,25,30.190842
80,26,30.149483
80,27,30.102657
80,28,30.052254
80,29,30.0
80,3,10.231225
80,4,13.322506
80,5,16.165024
80,6,18.724447
80,7,20.9812
80,8,22.929623
80,9,24.576914
81,0,0.0
81,1,3.5373077
81,10,26.14538
81,11,27.255823
81,12,28.136097
81,13,28.818747
81,14,29.336235
81,15,29.719082
81,16,29.99457
81,17,30.18623
81,18,30.313248
81,19,30.391119
81,2,7.0008545
81,20,30.431366
81,21,30.442883
81,22,30.431667
81,23,30.40245
81,24,30.35824
81,25,30.301878
81,26,30.235437
81,27,30.161394
81,28,30.082026
81,29,30.0
81,3,10.321413
81,4,13.438616
81,5,16.30386
81,6,18.88279
81,7,21.155579
81,8,23.116983
81,9,24.774254
82,0,0.0
82,1,3.5839655
82,10,26.446371
82,11,27.564436
82,12,28.449682
82,13,29.135208
82,14,29.653727
82,15,30.035873
82,16,30.30904
82,17,30.496399
82,18,30.617159
82,19,30.686026
82,2,7.0925913
82,20,30.714525
82,21,30.710518
82,22,30.680126
82,23,30.627092
82,24,30.554848
82,25,30.465693
82,26,30.36258
82,27,30.248198
82,28,30.126122
82,29,30.0
82,3,10.455395
82,4,13.6107235
82,5,16.50951
82,6,19.116768
82,7,21.413006
82,8,23.392944
82,9,25.064644
83,0,0.0
83,1,3.6520789
83,10,26.87958
83,11,28.007893
83,12,28.899921
83,13,29.58921
83,14,30.108982
83,15,30.490124
83,16,30.759853
83,17,30.94141
83,18,31.053177
83,19,31.109797
83,2,7.2265215
83,20,31.121475
83,21,31.096037
83,22,31.0381
83,23,30.95164
83,24,30.838924
83,25,30.703064
83,26,30.546757
83,27,30.374256
83,28,30.190098
83,29,30.0
83,3,10.65059
83,4,13.861263
83,5,16.808088
83,6,19.456036
83,7,21.785273
83,8,23.791481
83,9,25.48306
84,0,0.0
84,1,3.7498727
84,10,27.490128
84,11,28.63214
84,12,29.53284
84,13,30.22694
84,14,30.748167
84,15,31.12766
84,16,31.392834
84,17,31.566223
84,18,31.666138
84,19,31.705711
84,2,7.418471
84,20,31.694931
84,21,31.639587
84,22,31.544203
84,23,31.41077
84,24,31.24205
84,25,31.040045
84,26,30.808992
84,27,30.5537
84,28,30.281368
84,29,30.0
84,3,10.93012
84,4,14.219067
84,5,17.23382
84,6,19.938282
84,7,22.313465
84,8,24.355326
84,9,26.074074
85,0,0.0
85,1,3.887878
85,10,28.333477
85,11,29.492655
85,12,30.404295
85,13,31.104097
85,14,31.626787
85,15,32.003963
85,16,32.262745
85,17,32.42567
85,18,32.509544
85,19,32.527153
85,2,7.6891994
85,20,32.485996
85,21,32.3914
85,22,32.24497
85,23,32.048595
85,24,31.802685
85,25,31.510292
85,26,31.175173
85,27,30.804983
85,28,30.409138
85,29,30.0
85,3,11.32333
85,4,14.72146
85,5,17.829508
85,6,20.611452
85,7,23.048178
85,8,25.137852
85,9,26.891895
86,0,0.0
86,1,4.0798078
86,10,29.474651
86,11,30.654972
86,12,31.579338
86,13,32.28562
86,14,32.809532
86,15,33.183147
86,16,33.433823
86,17,33.58291
86,18,33.646835
86,19,33.635704
86,2,8.064866
86,20,33.556217
86,21,33.4099
86,22,33.197536
86,23,32.917114
86,24,32.56907
86,25,32.154167
86,26,31.678385
86,27,31.150574
86,28,30.585295
86,29,30.0
86,3,11.867936
86,4,15.414677
86,5,18.649033
86,6,21.533648
86,7,24.05158
86,8,26.202488
86,9,28.001694
87,0,0.0
87,1,4.342939
87,10,30.98848
87,11,32.19281
87,12,33.131462
87,13,33.84423
87,14,34.36856
87,15,34.737267
87,16,34.977238
87,17,35.109608
87,18,35.1483
87,19,35.102413
87,2,8.579115
87,20,34.97431
87,21,34.763996
87,22,34.46679
87,23,34.079338
87,24,33.59729
87,25,33.02195
87,26,32.358047
87,27,31.619053
87,28,30.824234
87,29,30.0
87,3,12.610626
87,4,16.356754
87,5,19.757206
87,6,22.775595
87,7,25.396309
87,8,27.624115
87,9,29.47784
88,0,0.0
88,1,4.699703
88,10,32.956413
88,11,34.186863
88,12,35.13958
88,13,35.85801
88,14,36.381233
88,15,36.74283
88,16,36.96988
88,17,37.081642
88,18,37.091095
88,19,37.002964
88,2,9.274068
88,20,36.81762
88,21,36.52849
88,22,36.12816
88,23,35.605797
88,24,34.955032
88,25,34.171997
88,26,33.26343
88,27,32.244675
88,28,31.14436
88,29,30.0
88,3,13.610554
88,4,17.617931
88,5,21.233028
88,6,24.419373
88,7,27.167225
88,8,29.486431
88,9,31.404053
89,0,0.0
89,1,5.178895
89,10,35.46495
89,11,36.720093
89,12,37.684998
89,13,38.406334
89,14,38.92577
89,15,39.277847
89,16,39.488873
89,17,39.57751
89,18,39.552914
89,19,39.41776
89,2,10.204388
89,20,39.165504
89,21,38.785904
89,22,38.261986
89,23,37.578156
89,24,36.7182
89,25,35.67555
89,26,34.45278
89,27,33.071075
89,28,31.568197
89,29,30.0
89,3,14.941007
89,4,19.285269
89,5,23.169117
89,6,26.561113
89,7,29.458302
89,8,31.882277
89,9,33.86889
9,0,0.0
9,1,2.7817552
9,10,20.637405
9,11,21.527264
9,12,22.238848
9,13,22.798336
9,14,23.234177
9,15,23.573181
9,16,23.841694
9,17,24.064144
9,18,24.263454
9,19,24.461647
9,2,5.506493
9,20,24.679226
9,21,24.936932
9,22,25.253689
9,23,25.648304
9,24,26.135548
9,25,26.72655
9,26,27.423252
9,27,28.217688
9,28,29.087866
9,29,30.0
9,3,8.120044
9,4,10.576133
9,5,12.835833
9,6,14.873189
9,7,16.671162
9,8,18.226566
9,9,19.543564
90,0,0.0
90,1,5.8194075
90,10,38.59928
90,11,39.87422
90,12,40.84548
90,13,41.564945
90,14,42.076504
90,15,42.41551
90,16,42.608303
90,17,42.670784
90,18,42.610416
90,19,42.423523
90,2,11.440907
90,20,42.099762
90,21,41.618515
90,22,40.956226
90,23,40.083515
90,24,38.976074
90,25,37.61477
90,26,35.999584
90,27,34.1521
90,28,32.12552
90,29,30.0
90,3,16.696373
90,4,21.464355
90,5,25.676357
90,6,29.3084
90,7,32.3737
90,8,34.90815
90,9,36.9641
91,0,0.0
91,1,6.67505
91,10,42.43955
91,11,43.722076
91,12,44.690006
91,13,45.399414
91,14,45.897102
91,15,46.219284
91,16,46.390945
91,17,46.42691
91,18,46.329567
91,19,46.092068
91,2,13.080719
91,20,45.69445
91,21,45.10935
91,22,44.29779
91,23,43.21861
91,24,41.82719
91,25,40.090797
91,26,37.99423
91,27,35.560017
91,28,32.85572
91,29,30.0
91,3,18.998493
91,4,24.287945
91,5,28.883835
91,6,32.783104
91,7,36.02206
91,8,38.66281
91,9,40.776768
92,0,0.0
92,1,7.8260703
92,10,47.05138
92,11,48.32213
92,12,49.2706
92,13,49.958443
92,14,50.434315
92,15,50.73461
92,16,50.883812
92,17,50.89322
92,18,50.76303
92,19,50.478752
92,2,15.261143
92,20,50.01509
92,21,49.330658
92,22,48.374496
92,23,47.08188
92,24,45.38653
92,25,43.22429
92,26,40.557327
92,27,37.393127
92,28,33.81655
92,29,30.0
92,3,22.01315
92,4,27.92231
92,5,32.945618
92,6,37.11699
92,7,40.515793
92,8,43.238182
92,9,45.385372
93,0,0.0
93,1,9.3999
93,10,52.48031
93,11,53.7089
93,12,54.6161
93,13,55.26654
93,14,55.710396
93,15,55.983727
93,16,56.108803
93,17,56.09547
93,18,55.9386
93,19,55.620483
93,2,18.190498
93,20,55.10544
93,21,54.34337
93,22,53.262707
93,23,51.77687
93,24,49.78103
93,25,47.169304
93,26,43.85131
93,27,39.798763
93,28,35.09749
93,29,30.0
93,3,25.971207
93,4,32.58348
93,5,38.04099
93,6,42.45248
93,7,45.960987
93,8,48.714806
93,9,50.84839
94,0,0.0
94,1,11.618996
94,10,58.74035
94,11,59.887184
94,12,60.72409
94,13,61.31787
94,14,61.71775
94,15,61.958008
94,16,62.059307
94,17,62.02788
94,18,61.857037
94,19,61.5228
94,2,22.201778
94,20,60.985508
94,21,60.181793
94,22,59.025887
94,23,57.399467
94,24,55.155838
94,25,52.11872
94,26,48.111225
94,27,43.00859
94,28,36.85401
94,29,30.0
94,3,31.209461
94,4,38.550827
94,5,44.379074
94,6,48.931667
94,7,52.45082
94,8,55.147575
94,9,57.197624
95,0,0.0
95,1,14.910518
95,10,65.808044
95,11,66.823235
95,12,67.5564
95,13,68.07115
95,14,68.41374
95,15,68.615265
95,16,68.693016
95,17,68.651855
95,18,68.481735
95,19,68.15843
95,2,27.862217
95,20,67.636795
95,21,66.849686
95,22,65.695435
95,23,64.032585
95,24,61.661602
95,25,58.319576
95,26,53.68024
95,27,47.417004
95,28,39.383316
95,29,30.0
95,3,38.225685
95,4,46.184647
95,5,52.186806
95,6,56.68365
95,7,60.04513
95,8,62.5552
95,9,64.42387
96,0,0.0
96,1,20.195063
96,10,73.61246
96,11,74.44181
96,12,75.03467
96,13,75.44743
96,14,75.719376
96,15,75.876305
96,16,75.93239
96,17,75.88982
96,18,75.73944
96,19,75.456604
96,2,36.179104
96,20,74.99995
96,21,74.30143
96,22,73.25934
96,23,71.71656
96,24,69.43739
96,25,66.062225
96,26,61.062885
96,27,53.72332
96,28,43.32733
96,29,30.0
96,3,47.751083
96,4,55.915554
96,5,61.679546
96,6,65.788086
96,7,68.74873
96,8,70.89932
96,9,72.46848
97,0,0.0
97,1,29.719086
97,10,82.03316
97,11,82.622925
97,12,83.04141
97,13,83.33068
97,14,83.51981
97,15,83.62751
97,16,83.663376
97,17,83.62889
97,18,83.51572
97,19,83.30527
97,2,48.965946
97,20,82.96319
97,21,82.43519
97,22,81.63284
97,23,80.41559
97,24,78.548164
97,25,75.62808
97,26,70.937225
97,27,63.189873
97,28,50.254612
97,29,30.0
97,3,60.770817
97,4,68.165184
97,5,72.97606
97,6,76.22166
97,7,78.474144
97,8,80.06894
97,9,81.21114
98,0,0.0
98,1,49.736103
98,10,90.899315
98,11,91.20649
98,12,91.42323
98,13,91.57246
98,14,91.669556
98,15,91.72431
98,16,91.74182
98,17,91.72242
98,18,91.66175
98,19,91.54897
98,2,69.23609
98,20,91.36544
98,21,91.07945
98,22,90.6398
98,23,89.95884
98,24,88.88089
98,25,87.103096
98,26,83.97549
98,27,77.91646
98,28,64.53807
98,29,30.0
98,3,78.264175
98,4,83.0825
98,5,85.94503
98,6,87.77708
98,7,89.00916
98,8,89.864075
98,9,90.468475
99,0,0.0
99,1,100.0
99,10,100.0
99,11,100.0
99,12,100.0
99,13,100.0
99,14,100.0
99,15,100.0
99,16,100.0
99,17,100.0
99,18,100.0
99,19,100.0
99,2,100.0
99,20,100.0
99,21,100.0
99,22,100.0
99,23,100.0
99,24,100.0
99,25,100.0
99,26,100.0
99,27,100.0
99,28,100.0
99,29,30.0
99,3,100.0
99,4,100.0
99,5,100.0
99,6,100.0
99,7,100.0
99,8,100.0
99,9,100.0
