0,0,0.0
0,1,0.0
0,10,0.0
0,11,0.0
0,12,0.0
0,13,0.0
0,14,0.0
0,15,30.0
0,2,0.0
0,3,0.0
0,4,0.0
0,5,0.0
0,6,0.0
0,7,0.0
0,8,0.0
0,9,0.0
1,0,0.0
1,1,0.6356851
1,10,5.1765394
1,11,5.9455914
1,12,7.2358193
1,13,9.736563
1,14,15.342288
1,15,30.0
1,2,1.2555923
1,3,1.8458251
1,4,2.396068
1,5,2.901065
1,6,3.3620477
1,7,3.7885823
1,8,4.201779
1,9,4.6407223
10,0,0.0
10,1,11.119959
10,10,49.448757
10,11,47.82414
10,12,45.0306
10,13,41.015305
10,14,35.87394
10,15,30.0
10,2,21.194405
10,3,29.671434
10,4,36.44101
10,5,41.626183
10,6,45.421707
10,7,48.007145
10,8,49.509556
10,9,49.991077
11,0,0.0
11,1,14.54373
11,10,57.063602
11,11,54.924515
11,12,51.2846
11,13,45.885937
11,14,38.636612
11,15,30.0
11,2,27.116266
11,3,37.07292
11,4,44.574684
11,5,50.03688
11,6,53.86185
11,7,56.35017
11,8,57.68487
11,9,57.935665
12,0,0.0
12,1,19.938696
12,10,65.94549
12,11,63.52573
12,12,59.29735
12,13,52.607227
12,14,42.78658
12,15,30.0
12,2,35.654015
12,3,46.929306
12,4,54.74794
12,5,60.08482
12,6,63.63866
12,7,65.84682
12,8,66.944115
12,9,67.00311
13,0,0.0
13,1,29.557045
13,10,76.189514
13,11,73.93558
13,12,69.77185
13,13,62.459064
13,14,49.902485
13,15,30.0
13,2,48.63179
13,3,60.24237
13,4,67.40295
13,5,71.91582
13,6,74.761154
13,7,76.45435
13,8,77.24165
13,9,77.187195
14,0,0.0
14,1,49.657692
14,10,87.689804
14,11,86.2552
14,12,83.39544
14,13,77.5547
14,14,64.364296
14,15,30.0
14,2,69.07373
14,3,78.00545
14,4,82.70567
14,5,85.41432
14,6,87.03581
14,7,87.96779
14,8,88.38098
14,9,88.31449
15,0,0.0
15,1,100.0
15,10,100.0
15,11,100.0
15,12,100.0
15,13,100.0
15,14,100.0
15,15,30.0
15,2,100.0
15,3,100.0
15,4,100.0
15,5,100.0
15,6,100.0
15,7,100.0
15,8,100.0
15,9,100.0
2,0,0.0
2,1,1.2871485
2,10,10.119846
2,11,11.370008
2,12,13.261128
2,13,16.368141
2,14,21.632591
2,15,30.0
2,2,2.5408616
2,3,3.7316422
2,4,4.8373847
2,5,5.8461494
2,6,6.758545
2,7,7.5905094
2,8,8.377811
2,9,9.184577
3,0,0.0
3,1,1.9720495
3,10,14.748271
3,11,16.153477
3,12,18.070545
3,13,20.842285
3,14,24.819935
3,15,30.0
3,2,3.889065
3,3,5.7025023
3,4,7.3756857
3,5,8.887606
3,6,10.235483
3,7,11.437101
3,8,12.534393
3,9,13.599932
4,0,0.0
4,1,2.711986
4,10,19.119839
4,11,20.425085
4,12,22.0253
4,13,24.11052
4,14,26.80487
4,15,30.0
4,2,5.3408527
4,3,7.8136215
4,4,10.075256
4,5,12.093118
4,6,13.858686
4,7,15.388035
4,8,16.722736
4,9,17.932499
5,0,0.0
5,1,3.5350454
5,10,23.373508
5,11,24.401737
5,12,25.495049
5,13,26.769642
5,14,28.289022
5,15,30.0
5,2,6.948742
5,3,10.135886
5,4,13.018609
5,5,15.550933
5,6,17.718124
5,7,19.533627
5,8,21.036028
5,9,22.2875
6,0,0.0
6,1,4.479456
6,10,27.684969
6,11,28.31332
6,12,28.783533
6,13,29.183975
6,14,29.581587
6,15,30.0
6,2,8.783192
6,3,12.762578
6,4,16.312372
6,5,19.373894
6,6,21.92927
6,7,23.992329
6,8,25.600271
6,9,26.807983
7,0,0.0
7,1,5.5995903
7,10,32.24508
7,11,32.38306
7,12,32.14179
7,13,31.601154
7,14,30.853352
7,15,30.0
7,2,10.9419985
7,3,15.818874
7,4,20.094418
7,5,23.70302
7,6,26.632748
7,7,28.906162
7,8,30.564764
7,9,31.659206
8,0,0.0
8,1,6.9769096
8,10,37.25309
8,11,36.832066
8,12,35.799427
8,13,34.2255
8,14,32.23067
8,15,30.0
8,2,13.566345
8,3,19.47651
8,4,24.543423
8,5,28.711035
8,6,31.99256
8,7,34.43483
8,8,36.09343
8,9,37.019016
9,0,0.0
9,1,8.741708
9,10,42.91622
9,11,41.892693
9,12,39.998367
9,13,37.270752
9,14,33.843838
9,15,30.0
9,2,16.869965
9,3,23.977413
9,4,29.891745
9,5,34.60515
9,6,38.191643
9,7,40.747185
9,8,42.35513
9,9,43.07036
