0,0,0.0
0,1,0.0
0,2,0.0
0,3,0.0
0,4,0.0
0,5,0.0
0,6,0.0
0,7,30.0
1,0,0.0
1,1,2.9312422
1,2,5.525067
1,3,7.6514072
1,4,9.500234
1,5,11.789608
1,6,16.553259
1,7,30.0
2,0,0.0
2,1,6.2083883
2,2,11.532006
2,3,15.603733
2,4,18.586006
2,5,21.128036
2,6,24.437943
2,7,30.0
3,0,0.0
3,1,10.388588
3,2,18.831453
3,3,24.698374
3,4,28.172388
3,5,29.752748
3,6,30.100803
3,7,30.0
4,0,0.0
4,1,16.551342
4,2,28.772358
4,3,36.27842
4,4,39.752434
4,5,39.69365
4,6,36.263557
4,7,30.0
5,0,0.0
5,1,27.090195
5,2,43.518776
5,3,52.008057
5,4,54.990326
5,5,53.114807
5,6,45.319748
5,7,30.0
6,0,0.0
6,1,48.337967
6,2,66.290245
6,3,73.358795
6,4,75.20762
6,5,72.55479
6,6,61.959984
6,7,30.0
7,0,0.0
7,1,100.0
7,2,100.0
7,3,100.0
7,4,100.0
7,5,100.0
7,6,100.0
7,7,30.0
