0,0,0.0
0,1,0.0
0,10,0.0
0,11,0.0
0,12,0.0
0,13,0.0
0,14,0.0
0,15,30.0
0,2,0.0
0,3,0.0
0,4,0.0
0,5,0.0
0,6,0.0
0,7,0.0
0,8,0.0
0,9,0.0
1,0,0.0
1,1,0.6352185
1,10,5.174594
1,11,5.943922
1,12,7.234498
1,13,9.735647
1,14,15.341821
1,15,30.0
1,2,1.2546797
1,3,1.8445058
1,4,2.3944
1,5,2.899121
1,6,3.3599117
1,7,3.7863493
1,8,4.199545
1,9,4.638587
10,0,0.0
10,1,11.118011
10,10,49.44063
10,11,47.81716
10,12,45.025085
10,13,41.011486
10,14,35.871986
10,15,30.0
10,2,21.19059
10,3,29.665924
10,4,36.434036
10,5,41.618057
10,6,45.41278
10,7,47.997818
10,8,49.500214
10,9,49.98215
11,0,0.0
11,1,14.542056
11,10,57.056625
11,11,54.91853
11,12,51.27986
11,13,45.88266
11,14,38.634937
11,15,30.0
11,2,27.112995
11,3,37.068188
11,4,44.568703
11,5,50.029907
11,6,53.85419
11,7,56.34216
11,8,57.676857
11,9,57.927998
12,0,0.0
12,1,19.937374
12,10,65.93997
12,11,63.520996
12,12,59.29361
12,13,52.60464
12,14,42.78526
12,15,30.0
12,2,35.65142
12,3,46.925568
12,4,54.743206
12,5,60.0793
12,6,63.6326
12,7,65.840485
12,8,66.937775
12,9,66.997055
13,0,0.0
13,1,29.556126
13,10,76.18569
13,11,73.9323
13,12,69.769264
13,13,62.457275
13,14,49.901566
13,15,30.0
13,2,48.629997
13,3,60.239777
13,4,67.39967
13,5,71.91199
13,6,74.75696
13,7,76.44997
13,8,77.237274
13,9,77.183
14,0,0.0
14,1,49.657223
14,10,87.68785
14,11,86.253525
14,12,83.39411
14,13,77.55379
14,14,64.36383
14,15,30.0
14,2,69.072815
14,3,78.00412
14,4,82.704
14,5,85.41237
14,6,87.03367
14,7,87.965546
14,8,88.37874
14,9,88.31235
15,0,0.0
15,1,100.0
15,10,100.0
15,11,100.0
15,12,100.0
15,13,100.0
15,14,100.0
15,15,30.0
15,2,100.0
15,3,100.0
15,4,100.0
15,5,100.0
15,6,100.0
15,7,100.0
15,8,100.0
15,9,100.0
2,0,0.0
2,1,1.2862356
2,10,10.116041
2,11,11.366741
2,12,13.258544
2,13,16.366352
2,14,21.631676
2,15,30.0
2,2,2.5390754
2,3,3.729061
2,4,4.8341208
2,5,5.8423443
2,6,6.754367
2,7,7.5861387
2,8,8.373442
2,9,9.180397
3,0,0.0
3,1,1.97073
3,10,14.742768
3,11,16.148754
3,12,18.06681
3,13,20.8397
3,14,24.818615
3,15,30.0
3,2,3.8864837
3,3,5.698771
3,4,7.370967
3,5,8.882108
3,6,10.229443
3,7,11.430785
3,8,12.528074
3,9,13.59389
4,0,0.0
4,1,2.7103171
4,10,19.11288
4,11,20.419113
4,12,22.020576
4,13,24.107254
4,14,26.8032
4,15,30.0
4,2,5.337588
4,3,7.808903
4,4,10.06929
4,5,12.086163
4,6,13.851048
4,7,15.380045
4,8,16.714745
4,9,17.924856
5,0,0.0
5,1,3.5331
5,10,23.365395
5,11,24.39478
5,12,25.489544
5,13,26.765831
5,14,28.287075
5,15,30.0
5,2,6.944936
5,3,10.130385
5,4,13.011653
5,5,15.542827
5,6,17.70922
5,7,19.524313
5,8,21.026714
5,9,22.278593
6,0,0.0
6,1,4.477319
6,10,27.676056
6,11,28.305676
6,12,28.777483
6,13,29.179789
6,14,29.579447
6,15,30.0
6,2,8.779011
6,3,12.756535
6,4,16.30473
6,5,19.364988
6,6,21.919489
6,7,23.982098
6,8,25.590038
6,9,26.798195
7,0,0.0
7,1,5.597354
7,10,32.235756
7,11,32.37506
7,12,32.13546
7,13,31.596775
7,14,30.851112
7,15,30.0
7,2,10.937624
7,3,15.8125515
7,4,20.086424
7,5,23.693703
7,6,26.622515
7,7,28.895458
7,8,30.554058
7,9,31.648966
8,0,0.0
8,1,6.974673
8,10,37.243763
8,11,36.824062
8,12,35.7931
8,13,34.22112
8,14,32.22843
8,15,30.0
8,2,13.561967
8,3,19.470184
8,4,24.535425
8,5,28.70171
8,6,31.982323
8,7,34.42412
8,8,36.082718
8,9,37.008774
9,0,0.0
9,1,8.739568
9,10,42.9073
9,11,41.88504
9,12,39.99231
9,13,37.26656
9,14,33.841698
9,15,30.0
9,2,16.86578
9,3,23.97136
9,4,29.884094
9,5,34.59623
9,6,38.181847
9,7,40.73694
9,8,42.34488
9,9,43.060555
