0,0,0.0
0,1,0.0
0,10,0.0
0,11,0.0
0,12,0.0
0,13,0.0
0,14,0.0
0,15,30.0
0,2,0.0
0,3,0.0
0,4,0.0
0,5,0.0
0,6,0.0
0,7,0.0
0,8,0.0
0,9,0.0
1,0,0.0
1,1,0.6352079
1,10,5.17455
1,11,5.943883
1,12,7.2344685
1,13,9.735626
1,14,15.341809
1,15,30.0
1,2,1.2546589
1,3,1.8444759
1,4,2.394362
1,5,2.8990767
1,6,3.3598635
1,7,3.7862988
1,8,4.1994944
1,9,4.638538
10,0,0.0
10,1,11.117966
10,10,49.44044
10,11,47.81701
10,12,45.024956
10,13,41.011402
10,14,35.87194
10,15,30.0
10,2,21.190506
10,3,29.665794
10,4,36.433884
10,5,41.617874
10,6,45.412575
10,7,47.9976
10,8,49.500008
10,9,49.98195
11,0,0.0
11,1,14.542019
11,10,57.056465
11,11,54.91839
11,12,51.279755
11,13,45.882584
11,14,38.6349
11,15,30.0
11,2,27.112917
11,3,37.068085
11,4,44.568565
11,5,50.029747
11,6,53.85402
11,7,56.341976
11,8,57.676674
11,9,57.927822
12,0,0.0
12,1,19.937342
12,10,65.93984
12,11,63.52089
12,12,59.293518
12,13,52.604584
12,14,42.785225
12,15,30.0
12,2,35.651367
12,3,46.925476
12,4,54.743095
12,5,60.079178
12,6,63.632458
12,7,65.84034
12,8,66.93764
12,9,66.99691
13,0,0.0
13,1,29.556107
13,10,76.18561
13,11,73.93222
13,12,69.7692
13,13,62.457233
13,14,49.90155
13,15,30.0
13,2,48.62995
13,3,60.239723
13,4,67.3996
13,5,71.9119
13,6,74.75687
13,7,76.44987
13,8,77.23717
13,9,77.18291
14,0,0.0
14,1,49.65721
14,10,87.687805
14,11,86.25349
14,12,83.39408
14,13,77.553764
14,14,64.363815
14,15,30.0
14,2,69.07279
14,3,78.00409
14,4,82.703964
14,5,85.41232
14,6,87.03362
14,7,87.96549
14,8,88.37869
14,9,88.3123
15,0,0.0
15,1,100.0
15,10,100.0
15,11,100.0
15,12,100.0
15,13,100.0
15,14,100.0
15,15,30.0
15,2,100.0
15,3,100.0
15,4,100.0
15,5,100.0
15,6,100.0
15,7,100.0
15,8,100.0
15,9,100.0
2,0,0.0
2,1,1.286215
2,10,10.115954
2,11,11.366669
2,12,13.258484
2,13,16.366312
2,14,21.631657
2,15,30.0
2,2,2.5390348
2,3,3.7290022
2,4,4.834047
2,5,5.8422585
2,6,6.7542715
2,7,7.58604
2,8,8.3733425
2,9,9.180303
3,0,0.0
3,1,1.9706998
3,10,14.742644
3,11,16.148645
3,12,18.066727
3,13,20.839642
3,14,24.818584
3,15,30.0
3,2,3.8864253
3,3,5.698686
3,4,7.3708606
3,5,8.881982
3,6,10.229305
3,7,11.430641
3,8,12.527932
3,9,13.593752
4,0,0.0
4,1,2.7102795
4,10,19.11272
4,11,20.41898
4,12,22.020466
4,13,24.107178
4,14,26.803162
4,15,30.0
4,2,5.3375134
4,3,7.808797
4,4,10.069154
4,5,12.086006
4,6,13.850874
4,7,15.379865
4,8,16.714563
4,9,17.924683
5,0,0.0
5,1,3.5330555
5,10,23.365211
5,11,24.394619
5,12,25.48942
5,13,26.765743
5,14,28.287031
5,15,30.0
5,2,6.94485
5,3,10.13026
5,4,13.011496
5,5,15.542641
5,6,17.709019
5,7,19.524101
5,8,21.026505
5,9,22.278389
6,0,0.0
6,1,4.47727
6,10,27.675854
6,11,28.3055
6,12,28.777344
6,13,29.179695
6,14,29.579397
6,15,30.0
6,2,8.778915
6,3,12.756398
6,4,16.304556
6,5,19.364788
6,6,21.919266
6,7,23.981865
6,8,25.589806
6,9,26.797974
7,0,0.0
7,1,5.597303
7,10,32.235542
7,11,32.374878
7,12,32.13532
7,13,31.596672
7,14,30.851063
7,15,30.0
7,2,10.937524
7,3,15.8124075
7,4,20.086243
7,5,23.69349
7,6,26.622282
7,7,28.895216
7,8,30.553814
7,9,31.648735
8,0,0.0
8,1,6.9746213
8,10,37.243553
8,11,36.82388
8,12,35.792953
8,13,34.221024
8,14,32.228382
8,15,30.0
8,2,13.561869
8,3,19.470041
8,4,24.535244
8,5,28.7015
8,6,31.982088
8,7,34.423878
8,8,36.082474
8,9,37.008537
9,0,0.0
9,1,8.739519
9,10,42.907097
9,11,41.884865
9,12,39.992172
9,13,37.266464
9,14,33.84165
9,15,30.0
9,2,16.865683
9,3,23.971224
9,4,29.883919
9,5,34.596024
9,6,38.181625
9,7,40.736706
9,8,42.344646
9,9,43.060333
