0,0,0.0
0,1,0.0
0,10,0.0
0,11,0.0
0,12,0.0
0,13,0.0
0,14,0.0
0,15,30.0
0,2,0.0
0,3,0.0
0,4,0.0
0,5,0.0
0,6,0.0
0,7,0.0
0,8,0.0
0,9,0.0
1,0,0.0
1,1,0.6354643
1,10,5.1756186
1,11,5.944802
1,12,7.2351947
1,13,9.73613
1,14,15.342067
1,15,30.0
1,2,1.2551605
1,3,1.8452009
1,4,2.3952785
1,5,2.900145
1,6,3.3610368
1,7,3.787526
1,8,4.2007217
1,9,4.639712
10,0,0.0
10,1,11.11904
10,10,49.44492
10,11,47.820843
10,12,45.027996
10,13,41.013504
10,14,35.873016
10,15,30.0
10,2,21.192604
10,3,29.66883
10,4,36.437717
10,5,41.62234
10,6,45.41749
10,7,48.00274
10,8,49.505146
10,9,49.986862
11,0,0.0
11,1,14.54294
11,10,57.060307
11,11,54.92169
11,12,51.282364
11,13,45.88439
11,14,38.635826
11,15,30.0
11,2,27.11472
11,3,37.070686
11,4,44.571857
11,5,50.03359
11,6,53.85823
11,7,56.346386
11,8,57.681084
11,9,57.93205
12,0,0.0
12,1,19.938072
12,10,65.94289
12,11,63.523495
12,12,59.295586
12,13,52.606014
12,14,42.785957
12,15,30.0
12,2,35.652794
12,3,46.927544
12,4,54.745705
12,5,60.082214
12,6,63.635796
12,7,65.84383
12,8,66.94112
12,9,67.000244
13,0,0.0
13,1,29.55661
13,10,76.18771
13,11,73.93403
13,12,69.77064
13,13,62.458225
13,14,49.902058
13,15,30.0
13,2,48.630943
13,3,60.24115
13,4,67.401405
13,5,71.91401
13,6,74.759186
13,7,76.45228
13,8,77.239586
13,9,77.18521
14,0,0.0
14,1,49.65747
14,10,87.68888
14,11,86.25442
14,12,83.39481
14,13,77.554276
14,14,64.364075
14,15,30.0
14,2,69.0733
14,3,78.00482
14,4,82.704895
14,5,85.41341
14,6,87.034805
14,7,87.966736
14,8,88.37993
14,9,88.31348
15,0,0.0
15,1,100.0
15,10,100.0
15,11,100.0
15,12,100.0
15,13,100.0
15,14,100.0
15,15,30.0
15,2,100.0
15,3,100.0
15,4,100.0
15,5,100.0
15,6,100.0
15,7,100.0
15,8,100.0
15,9,100.0
2,0,0.0
2,1,1.2867165
2,10,10.118047
2,11,11.3684635
2,12,13.259905
2,13,16.367294
2,14,21.63216
2,15,30.0
2,2,2.5400164
2,3,3.7304206
2,4,4.83584
2,5,5.8443484
2,6,6.756568
2,7,7.588441
2,8,8.375745
2,9,9.182599
3,0,0.0
3,1,1.971425
3,10,14.745667
3,11,16.151243
3,12,18.068779
3,13,20.841064
3,14,24.819311
3,15,30.0
3,2,3.8878438
3,3,5.700737
3,4,7.373453
3,5,8.885005
3,6,10.232626
3,7,11.434114
3,8,12.5314045
3,9,13.5970745
4,0,0.0
4,1,2.7111964
4,10,19.116547
4,11,20.42226
4,12,22.023066
4,13,24.108974
4,14,26.80408
4,15,30.0
4,2,5.339308
4,3,7.81139
4,4,10.072433
4,5,12.0898285
4,6,13.855075
4,7,15.384256
4,8,16.718958
4,9,17.928885
5,0,0.0
5,1,3.5341249
5,10,23.369673
5,11,24.398447
5,12,25.492443
5,13,26.76784
5,14,28.288101
5,15,30.0
5,2,6.9469414
5,3,10.133284
5,4,13.01532
5,5,15.5471
5,6,17.713915
5,7,19.529222
5,8,21.031624
5,9,22.283289
6,0,0.0
6,1,4.478445
6,10,27.680756
6,11,28.309706
6,12,28.780672
6,13,29.182
6,14,29.580576
6,15,30.0
6,2,8.781215
6,3,12.759721
6,4,16.30876
6,5,19.369686
6,6,21.924644
6,7,23.987492
6,8,25.595434
6,9,26.803354
7,0,0.0
7,1,5.5985327
7,10,32.240673
7,11,32.37928
7,12,32.1388
7,13,31.599083
7,14,30.852293
7,15,30.0
7,2,10.93993
7,3,15.815886
7,4,20.090641
7,5,23.698616
7,6,26.627913
7,7,28.901106
7,8,30.559702
7,9,31.65437
8,0,0.0
8,1,6.975852
8,10,37.248688
8,11,36.828285
8,12,35.796436
8,13,34.22343
8,14,32.229614
8,15,30.0
8,2,13.564276
8,3,19.473522
8,4,24.539644
8,5,28.706629
8,6,31.987724
8,7,34.42977
8,8,36.08837
8,9,37.014175
9,0,0.0
9,1,8.740696
9,10,42.912003
9,11,41.889076
9,12,39.995506
9,13,37.26877
9,14,33.842827
9,15,30.0
9,2,16.867987
9,3,23.974552
9,4,29.88813
9,5,34.600937
9,6,38.187016
9,7,40.742348
9,8,42.35029
9,9,43.06573
