0,0,0.0
0,1,0.0
0,10,0.0
0,11,0.0
0,12,0.0
0,13,0.0
0,14,0.0
0,15,30.0
0,2,0.0
0,3,0.0
0,4,0.0
0,5,0.0
0,6,0.0
0,7,0.0
0,8,0.0
0,9,0.0
1,0,0.0
1,1,0.62783307
1,10,5.137816
1,11,5.9117737
1,12,7.2086835
1,13,9.717587
1,14,15.332523
1,15,30.0
1,2,1.2401129
1,3,1.8231587
1,4,2.3669286
1,5,2.8664103
1,6,3.3231416
1,7,3.7469373
1,8,4.1591587
1,9,4.5990505
10,0,0.0
10,1,11.067207
10,10,49.20393
10,11,47.611576
10,12,44.860886
10,13,40.89702
10,14,35.813225
10,15,30.0
10,2,21.090675
10,3,29.520346
10,4,36.247925
10,5,41.39831
10,6,45.167885
10,7,47.737755
10,8,49.236088
10,9,49.725754
11,0,0.0
11,1,14.496486
11,10,56.84529
11,11,54.73509
11,12,51.133377
11,13,45.780598
11,14,38.58253
11,15,30.0
11,2,27.02341
11,3,36.937687
11,4,44.401966
11,5,49.833122
11,6,53.63504
11,7,56.10957
11,8,57.440773
11,9,57.69898
12,0,0.0
12,1,19.900043
12,10,65.767456
12,11,63.371277
12,12,59.174118
12,13,52.521378
12,14,42.742527
12,15,30.0
12,2,35.57804
12,3,46.81871
12,4,54.60671
12,5,59.918297
12,6,63.45336
12,7,65.65035
12,8,66.74489
12,9,66.81
13,0,0.0
13,1,29.529629
13,10,76.06353
13,11,73.826324
13,12,69.684685
13,13,62.398365
13,14,49.87133
13,15,30.0
13,2,48.577915
13,3,60.163944
13,4,67.30285
13,5,71.7978
13,6,74.62989
13,7,76.315216
13,8,77.1006
13,9,77.05052
14,0,0.0
14,1,49.64347
14,10,87.62453
14,11,86.19859
14,12,83.35029
14,13,77.523254
14,14,64.34816
14,15,30.0
14,2,69.045784
14,3,77.96477
14,4,82.653755
14,5,85.35313
14,6,86.96776
14,7,87.89565
14,8,88.30788
14,9,88.24367
15,0,0.0
15,1,100.0
15,10,100.0
15,11,100.0
15,12,100.0
15,13,100.0
15,14,100.0
15,15,30.0
15,2,100.0
15,3,100.0
15,4,100.0
15,5,100.0
15,6,100.0
15,7,100.0
15,8,100.0
15,9,100.0
2,0,0.0
2,1,1.2713815
2,10,10.042382
2,11,11.302378
2,12,13.206885
2,13,16.33021
2,14,21.613083
2,15,30.0
2,2,2.5097642
2,3,3.68615
2,4,4.7788954
2,5,5.7766533
2,6,6.680541
2,7,7.507078
2,8,8.292463
2,9,9.101173
3,0,0.0
3,1,1.9482948
3,10,14.632313
3,11,16.052307
3,12,17.98943
3,13,20.785599
3,14,24.790775
3,15,30.0
3,2,3.842258
3,3,5.6340227
3,4,7.2877417
3,5,8.783151
3,6,10.118372
3,7,11.311921
3,8,12.406457
3,9,13.475002
4,0,0.0
4,1,2.6803339
4,10,18.966455
4,11,20.29135
4,12,21.918152
4,13,24.035656
4,14,26.76638
4,15,30.0
4,2,5.278472
4,3,7.722462
4,4,9.958226
4,5,11.954296
4,6,13.703157
4,7,15.221994
4,8,16.553192
4,9,17.767101
5,0,0.0
5,1,3.4958553
5,10,23.1852
5,11,24.237701
5,12,25.36369
5,13,26.677921
5,14,28.24187
5,15,30.0
5,2,6.871578
5,3,10.023144
5,4,12.874055
5,5,15.379578
5,6,17.52641
5,7,19.329144
5,8,20.827484
5,9,22.084265
6,0,0.0
6,1,4.4335833
6,10,27.466335
6,11,28.122995
6,12,28.631248
6,13,29.077671
6,14,29.526966
6,15,30.0
6,2,8.692866
6,3,12.630748
6,4,16.143429
6,5,19.17389
6,6,21.705692
6,7,23.754173
6,8,25.35764
6,9,26.571772
7,0,0.0
7,1,5.5484247
7,10,32.003162
7,11,32.17267
7,12,31.973516
7,13,31.483772
7,14,30.79304
7,15,30.0
7,2,10.84133
7,3,15.671986
7,4,19.906391
7,5,23.480577
7,6,26.384396
7,7,28.64187
7,8,30.2958
7,9,31.397629
8,0,0.0
8,1,6.922496
8,10,36.99762
8,11,36.61
8,12,35.621964
8,13,34.101723
8,14,32.16711
8,15,30.0
8,2,13.459284
8,3,19.320435
8,4,24.343727
8,5,28.47504
8,6,31.729288
8,7,34.15496
8,8,35.808884
8,9,36.742527
9,0,0.0
9,1,8.686615
9,10,42.659203
9,11,41.669464
9,12,39.82002
9,13,37.146442
9,14,33.78
9,15,30.0
9,2,16.761637
9,3,23.819519
9,4,29.689901
9,5,34.366753
9,6,37.925945
9,7,40.46496
9,8,42.06843
9,9,42.79202
