0,0,0.0
0,1,0.0
0,10,0.0
0,11,0.0
0,12,0.0
0,13,0.0
0,14,0.0
0,15,30.0
0,2,0.0
0,3,0.0
0,4,0.0
0,5,0.0
0,6,0.0
0,7,0.0
0,8,0.0
0,9,0.0
1,0,0.0
1,1,0.6356417
1,10,5.176359
1,11,5.945436
1,12,7.235697
1,13,9.736477
1,14,15.342244
1,15,30.0
1,2,1.2555077
1,3,1.8457025
1,4,2.395913
1,5,2.9008842
1,6,3.3618488
1,7,3.788375
1,8,4.2015715
1,9,4.640524
10,0,0.0
10,1,11.11978
10,10,49.448006
10,11,47.823494
10,12,45.03009
10,13,41.014954
10,14,35.87376
10,15,30.0
10,2,21.194054
10,3,29.670925
10,4,36.440365
10,5,41.625427
10,6,45.420876
10,7,48.006283
10,8,49.50869
10,9,49.99025
11,0,0.0
11,1,14.543575
11,10,57.062958
11,11,54.92396
11,12,51.284157
11,13,45.885635
11,14,38.63646
11,15,30.0
11,2,27.115963
11,3,37.072487
11,4,44.57413
11,5,50.03624
11,6,53.861137
11,7,56.349426
11,8,57.684128
11,9,57.93495
12,0,0.0
12,1,19.938576
12,10,65.94498
12,11,63.525288
12,12,59.297012
12,13,52.606995
12,14,42.786465
12,15,30.0
12,2,35.653774
12,3,46.92897
12,4,54.747498
12,5,60.084312
12,6,63.6381
12,7,65.84624
12,8,66.94353
12,9,67.00255
13,0,0.0
13,1,29.556961
13,10,76.189156
13,11,73.93527
13,12,69.771614
13,13,62.458904
13,14,49.9024
13,15,30.0
13,2,48.631626
13,3,60.242134
13,4,67.40265
13,5,71.91546
13,6,74.76077
13,7,76.45395
13,8,77.24126
13,9,77.1868
14,0,0.0
14,1,49.65765
14,10,87.68962
14,11,86.25505
14,12,83.39532
14,13,77.55461
14,14,64.36425
14,15,30.0
14,2,69.07365
14,3,78.005325
14,4,82.70552
14,5,85.414154
14,6,87.035614
14,7,87.96758
14,8,88.380775
14,9,88.31429
15,0,0.0
15,1,100.0
15,10,100.0
15,11,100.0
15,12,100.0
15,13,100.0
15,14,100.0
15,15,30.0
15,2,100.0
15,3,100.0
15,4,100.0
15,5,100.0
15,6,100.0
15,7,100.0
15,8,100.0
15,9,100.0
2,0,0.0
2,1,1.2870638
2,10,10.1194935
2,11,11.369705
2,12,13.260887
2,13,16.367973
2,14,21.632505
2,15,30.0
2,2,2.5406954
2,3,3.7314024
2,4,4.837081
2,5,5.8457947
2,6,6.758156
2,7,7.590103
2,8,8.377406
2,9,9.18419
3,0,0.0
3,1,1.9719268
3,10,14.747761
3,11,16.153036
3,12,18.070198
3,13,20.842045
3,14,24.819813
3,15,30.0
3,2,3.8888254
3,3,5.702155
3,4,7.3752465
3,5,8.8870945
3,6,10.234922
3,7,11.436515
3,8,12.533807
3,9,13.599371
4,0,0.0
4,1,2.711831
4,10,19.119192
4,11,20.42453
4,12,22.02486
4,13,24.110218
4,14,26.804714
4,15,30.0
4,2,5.340549
4,3,7.813184
4,4,10.0747
4,5,12.092472
4,6,13.857976
4,7,15.387293
4,8,16.721992
4,9,17.93179
5,0,0.0
5,1,3.5348644
5,10,23.372755
5,11,24.401093
5,12,25.494537
5,13,26.769287
5,14,28.288841
5,15,30.0
5,2,6.948389
5,3,10.135374
5,4,13.017963
5,5,15.5501795
5,6,17.717299
5,7,19.53276
5,8,21.035164
5,9,22.286674
6,0,0.0
6,1,4.4792576
6,10,27.684143
6,11,28.31261
6,12,28.78297
6,13,29.183586
6,14,29.581388
6,15,30.0
6,2,8.782804
6,3,12.762017
6,4,16.311663
6,5,19.37307
6,6,21.928362
6,7,23.991379
6,8,25.599321
6,9,26.807074
7,0,0.0
7,1,5.5993824
7,10,32.244213
7,11,32.382317
7,12,32.1412
7,13,31.600746
7,14,30.853142
7,15,30.0
7,2,10.941592
7,3,15.818288
7,4,20.093678
7,5,23.702156
7,6,26.6318
7,7,28.90517
7,8,30.563772
7,9,31.658257
8,0,0.0
8,1,6.9767017
8,10,37.252228
8,11,36.831318
8,12,35.798843
8,13,34.22509
8,14,32.230465
8,15,30.0
8,2,13.565939
8,3,19.475922
8,4,24.542683
8,5,28.710167
8,6,31.99161
8,7,34.433838
8,8,36.092438
8,9,37.018066
9,0,0.0
9,1,8.74151
9,10,42.91539
9,11,41.891987
9,12,39.997803
9,13,37.270363
9,14,33.84364
9,15,30.0
9,2,16.869576
9,3,23.976852
9,4,29.891033
9,5,34.60432
9,6,38.190735
9,7,40.74623
9,8,42.35417
9,9,43.06945
