0,0,0.0
0,1,0.0
0,10,0.0
0,11,0.0
0,12,0.0
0,13,0.0
0,14,0.0
0,15,30.0
0,2,0.0
0,3,0.0
0,4,0.0
0,5,0.0
0,6,0.0
0,7,0.0
0,8,0.0
0,9,0.0
1,0,0.0
1,1,0.63569045
1,10,5.176562
1,11,5.9456105
1,12,7.235834
1,13,9.736572
1,14,15.342293
1,15,30.0
1,2,1.2556031
1,3,1.8458405
1,4,2.3960876
1,5,2.9010878
1,6,3.3620722
1,7,3.7886086
1,8,4.201804
1,9,4.640747
10,0,0.0
10,1,11.119982
10,10,49.44885
10,11,47.824215
10,12,45.03066
10,13,41.015343
10,14,35.873955
10,15,30.0
10,2,21.194448
10,3,29.671497
10,4,36.441086
10,5,41.626274
10,6,45.421803
10,7,48.007248
10,8,49.509655
10,9,49.991177
11,0,0.0
11,1,14.543749
11,10,57.06368
11,11,54.924583
11,12,51.28465
11,13,45.88597
11,14,38.636627
11,15,30.0
11,2,27.116304
11,3,37.072975
11,4,44.574753
11,5,50.03696
11,6,53.86193
11,7,56.350254
11,8,57.68495
11,9,57.935745
12,0,0.0
12,1,19.938711
12,10,65.94555
12,11,63.52578
12,12,59.297394
12,13,52.60726
12,14,42.786594
12,15,30.0
12,2,35.65404
12,3,46.92935
12,4,54.747993
12,5,60.08488
12,6,63.638725
12,7,65.846886
12,8,66.944176
12,9,67.003174
13,0,0.0
13,1,29.557053
13,10,76.18955
13,11,73.93561
13,12,69.77188
13,13,62.459084
13,14,49.902493
13,15,30.0
13,2,48.631805
13,3,60.2424
13,4,67.402985
13,5,71.91585
13,6,74.7612
13,7,76.4544
13,8,77.24171
13,9,77.18723
14,0,0.0
14,1,49.657696
14,10,87.68982
14,11,86.25522
14,12,83.39545
14,13,77.5547
14,14,64.364296
14,15,30.0
14,2,69.07374
14,3,78.005455
14,4,82.705696
14,5,85.41434
14,6,87.035835
14,7,87.96781
14,8,88.381004
14,9,88.314514
15,0,0.0
15,1,100.0
15,10,100.0
15,11,100.0
15,12,100.0
15,13,100.0
15,14,100.0
15,15,30.0
15,2,100.0
15,3,100.0
15,4,100.0
15,5,100.0
15,6,100.0
15,7,100.0
15,8,100.0
15,9,100.0
2,0,0.0
2,1,1.2871592
2,10,10.11989
2,11,11.370047
2,12,13.261157
2,13,16.36816
2,14,21.6326
2,15,30.0
2,2,2.5408819
2,3,3.7316723
2,4,4.837423
2,5,5.846193
2,6,6.7585926
2,7,7.5905595
2,8,8.377862
2,9,9.184626
3,0,0.0
3,1,1.9720646
3,10,14.748334
3,11,16.15353
3,12,18.070587
3,13,20.842316
3,14,24.81995
3,15,30.0
3,2,3.8890953
3,3,5.702545
3,4,7.37574
3,5,8.88767
3,6,10.235552
3,7,11.437174
3,8,12.534466
3,9,13.600001
4,0,0.0
4,1,2.7120054
4,10,19.119917
4,11,20.425154
4,12,22.025352
4,13,24.11056
4,14,26.80489
4,15,30.0
4,2,5.34089
4,3,7.813677
4,4,10.075325
4,5,12.093199
4,6,13.858774
4,7,15.388125
4,8,16.722828
4,9,17.932587
5,0,0.0
5,1,3.535068
5,10,23.3736
5,11,24.401817
5,12,25.495113
5,13,26.769684
5,14,28.289045
5,15,30.0
5,2,6.948786
5,3,10.135948
5,4,13.01869
5,5,15.551027
5,6,17.718227
5,7,19.533733
5,8,21.036137
5,9,22.287601
6,0,0.0
6,1,4.4794807
6,10,27.68507
6,11,28.313408
6,12,28.783602
6,13,29.184025
6,14,29.581612
6,15,30.0
6,2,8.78324
6,3,12.762649
6,4,16.312462
6,5,19.373999
6,6,21.929382
6,7,23.992445
6,8,25.600388
6,9,26.808092
7,0,0.0
7,1,5.599616
7,10,32.245182
7,11,32.38315
7,12,32.14186
7,13,31.601204
7,14,30.853378
7,15,30.0
7,2,10.942048
7,3,15.818949
7,4,20.094511
7,5,23.703129
7,6,26.632866
7,7,28.906284
7,8,30.564884
7,9,31.65932
8,0,0.0
8,1,6.9769354
8,10,37.253197
8,11,36.832153
8,12,35.7995
8,13,34.225548
8,14,32.230698
8,15,30.0
8,2,13.566396
8,3,19.476585
8,4,24.543518
8,5,28.71114
8,6,31.992676
8,7,34.434948
8,8,36.09355
8,9,37.01913
9,0,0.0
9,1,8.741733
9,10,42.91632
9,11,41.89278
9,12,39.998432
9,13,37.270794
9,14,33.84386
9,15,30.0
9,2,16.870014
9,3,23.977482
9,4,29.89183
9,5,34.605247
9,6,38.191753
9,7,40.747295
9,8,42.35524
9,9,43.07047
