0,0,0.0
0,1,0.0
0,10,0.0
0,11,0.0
0,12,0.0
0,13,0.0
0,14,0.0
0,15,30.0
0,2,0.0
0,3,0.0
0,4,0.0
0,5,0.0
0,6,0.0
0,7,0.0
0,8,0.0
0,9,0.0
1,0,0.0
1,1,0.6355463
1,10,5.1759615
1,11,5.9450946
1,12,7.235427
1,13,9.736289
1,14,15.342149
1,15,30.0
1,2,1.255321
1,3,1.8454328
1,4,2.3955717
1,5,2.900487
1,6,3.3614123
1,7,3.7879183
1,8,4.2011147
1,9,4.6400876
10,0,0.0
10,1,11.119382
10,10,49.446346
10,11,47.822075
10,12,45.028965
10,13,41.014175
10,14,35.87336
10,15,30.0
10,2,21.193274
10,3,29.6698
10,4,36.438942
10,5,41.62377
10,6,45.41906
10,7,48.00438
10,8,49.506783
10,9,49.988434
11,0,0.0
11,1,14.543234
11,10,57.061535
11,11,54.92274
11,12,51.2832
11,13,45.884968
11,14,38.63612
11,15,30.0
11,2,27.115295
11,3,37.071518
11,4,44.57291
11,5,50.034813
11,6,53.859573
11,7,56.347794
11,8,57.682495
11,9,57.933395
12,0,0.0
12,1,19.938305
12,10,65.943855
12,11,63.524326
12,12,59.296246
12,13,52.60647
12,14,42.786194
12,15,30.0
12,2,35.653244
12,3,46.928204
12,4,54.746532
12,5,60.083183
12,6,63.63686
12,7,65.84494
12,8,66.94223
12,9,67.00131
13,0,0.0
13,1,29.556774
13,10,76.188385
13,11,73.9346
13,12,69.77109
13,13,62.45854
13,14,49.902214
13,15,30.0
13,2,48.631256
13,3,60.241608
13,4,67.40198
13,5,71.91468
13,6,74.75992
13,7,76.45305
13,8,77.24036
13,9,77.18595
14,0,0.0
14,1,49.657555
14,10,87.689224
14,11,86.2547
14,12,83.39505
14,13,77.55443
14,14,64.36416
14,15,30.0
14,2,69.07346
14,3,78.00505
14,4,82.70518
14,5,85.41376
14,6,87.03518
14,7,87.96713
14,8,88.38032
14,9,88.31386
15,0,0.0
15,1,100.0
15,10,100.0
15,11,100.0
15,12,100.0
15,13,100.0
15,14,100.0
15,15,30.0
15,2,100.0
15,3,100.0
15,4,100.0
15,5,100.0
15,6,100.0
15,7,100.0
15,8,100.0
15,9,100.0
2,0,0.0
2,1,1.2868772
2,10,10.118715
2,11,11.369039
2,12,13.260359
2,13,16.367609
2,14,21.632318
2,15,30.0
2,2,2.5403302
2,3,3.7308748
2,4,4.836414
2,5,5.8450174
2,6,6.7573023
2,7,7.5892096
2,8,8.3765135
2,9,9.183334
3,0,0.0
3,1,1.971657
3,10,14.746636
3,11,16.152071
3,12,18.069435
3,13,20.841515
3,14,24.819544
3,15,30.0
3,2,3.8882976
3,3,5.7013927
3,4,7.374282
3,5,8.885971
3,6,10.233687
3,7,11.435225
3,8,12.532515
3,9,13.598136
4,0,0.0
4,1,2.7114902
4,10,19.11777
4,11,20.423311
4,12,22.023893
4,13,24.10955
4,14,26.804373
4,15,30.0
4,2,5.339882
4,3,7.812219
4,4,10.0734825
4,5,12.091049
4,6,13.856417
4,7,15.38566
4,8,16.72036
4,9,17.930227
5,0,0.0
5,1,3.534467
5,10,23.371098
5,11,24.39967
5,12,25.493414
5,13,26.768509
5,14,28.288443
5,15,30.0
5,2,6.947611
5,3,10.134251
5,4,13.0165415
5,5,15.548525
5,6,17.715479
5,7,19.530857
5,8,21.033262
5,9,22.284853
6,0,0.0
6,1,4.478821
6,10,27.682323
6,11,28.31105
6,12,28.781736
6,13,29.182732
6,14,29.58095
6,15,30.0
6,2,8.78195
6,3,12.760783
6,4,16.310102
6,5,19.37125
6,6,21.926365
6,7,23.989288
6,8,25.59723
6,9,26.805075
7,0,0.0
7,1,5.5989256
7,10,32.24231
7,11,32.380684
7,12,32.139915
7,13,31.599852
7,14,30.852688
7,15,30.0
7,2,10.9407
7,3,15.816996
7,4,20.092045
7,5,23.700253
7,6,26.629711
7,7,28.902985
7,8,30.561586
7,9,31.656166
8,0,0.0
8,1,6.976246
8,10,37.250324
8,11,36.829693
8,12,35.79755
8,13,34.224197
8,14,32.230003
8,15,30.0
8,2,13.565044
8,3,19.474634
8,4,24.54105
8,5,28.708267
8,6,31.989521
8,7,34.431652
8,8,36.09025
8,9,37.01598
9,0,0.0
9,1,8.741073
9,10,42.913578
9,11,41.890427
9,12,39.996574
9,13,37.26951
9,14,33.843204
9,15,30.0
9,2,16.868725
9,3,23.975616
9,4,29.889477
9,5,34.6025
9,6,38.188736
9,7,40.74414
9,8,42.35209
9,9,43.067448
