0,0,0.0
0,1,0.0
0,10,0.0
0,11,0.0
0,12,0.0
0,13,0.0
0,14,0.0
0,15,30.0
0,2,0.0
0,3,0.0
0,4,0.0
0,5,0.0
0,6,0.0
0,7,0.0
0,8,0.0
0,9,0.0
1,0,0.0
1,1,0.6306553
1,10,5.1546826
1,11,5.926747
1,12,7.220856
1,13,9.726177
1,14,15.336969
1,15,30.0
1,2,1.2457347
1,3,1.8315349
1,4,2.3779283
1,5,2.8798208
1,6,3.3385897
1,7,3.763908
1,8,4.176957
1,9,4.6168485
10,0,0.0
10,1,11.095989
10,10,49.34513
10,11,47.73484
10,12,44.959732
10,13,40.96614
10,14,35.848766
10,15,30.0
10,2,21.14743
10,3,29.603373
10,4,36.354645
10,5,41.52511
10,6,45.310165
10,7,47.889915
10,8,49.39171
10,9,49.877808
11,0,0.0
11,1,14.522862
11,10,56.973442
11,11,54.846832
11,12,51.222946
11,13,45.84317
11,14,38.614716
11,15,30.0
11,2,27.075382
11,3,37.013676
11,4,44.49952
11,5,49.94891
11,6,53.764786
11,7,56.24815
11,8,57.582325
11,9,57.837112
12,0,0.0
12,1,19.922
12,10,65.873375
12,11,63.463593
12,12,59.248043
12,13,52.573025
12,14,42.76907
12,15,30.0
12,2,35.621292
12,3,46.881905
12,4,54.68779
12,5,60.014442
12,6,63.560997
12,7,65.765205
12,8,66.862076
12,9,66.92427
13,0,0.0
13,1,29.54539
13,10,76.13919
13,11,73.89223
13,12,69.73745
13,13,62.4352
13,14,49.890266
13,15,30.0
13,2,48.60895
13,3,60.209282
13,4,67.36098
13,5,71.866684
13,6,74.70696
13,7,76.3974
13,8,77.18442
13,9,77.13218
14,0,0.0
14,1,49.651703
14,10,87.663956
14,11,86.232925
14,12,83.37776
14,13,77.542435
14,14,64.35802
14,15,30.0
14,2,69.062
14,3,77.98844
14,4,82.684105
14,5,85.389084
14,6,87.007965
14,7,87.93852
14,8,88.35157
14,9,88.286224
15,0,0.0
15,1,100.0
15,10,100.0
15,11,100.0
15,12,100.0
15,13,100.0
15,14,100.0
15,15,30.0
15,2,100.0
15,3,100.0
15,4,100.0
15,5,100.0
15,6,100.0
15,7,100.0
15,8,100.0
15,9,100.0
2,0,0.0
2,1,1.2772474
2,10,10.07683
2,11,11.332921
2,12,13.23168
2,13,16.347704
2,14,21.622126
2,15,30.0
2,2,2.5214543
2,3,3.703513
2,4,4.8016744
2,5,5.8043327
2,6,6.712369
2,7,7.5419426
2,8,8.328957
2,9,9.1375885
3,0,0.0
3,1,1.9575951
3,10,14.685501
3,11,16.099361
3,12,18.027578
3,13,20.81247
3,14,24.804667
3,15,30.0
3,2,3.8607376
3,3,5.661439
3,4,7.323564
3,5,8.826569
3,6,10.168093
3,7,11.366221
3,8,12.463099
3,9,13.5313635
4,0,0.0
4,1,2.6934671
4,10,19.039455
4,11,20.35579
4,12,21.970284
4,13,24.072344
4,14,26.785322
4,15,30.0
4,2,5.304555
4,3,7.7610154
4,4,10.008476
4,5,12.014931
4,6,13.772358
4,7,15.297249
4,8,16.63142
4,9,17.844685
5,0,0.0
5,1,3.5131168
5,10,23.278393
5,11,24.319752
5,12,25.429958
5,13,26.724476
5,14,28.265896
5,15,30.0
5,2,6.9057693
5,3,10.073599
5,4,12.939556
5,5,15.458372
5,6,17.615946
5,7,19.42617
5,8,20.927965
5,9,22.183582
6,0,0.0
6,1,4.4549475
6,10,27.578732
6,11,28.221748
6,12,28.71084
6,13,29.133537
6,14,29.555761
6,15,30.0
6,2,8.735158
6,3,12.692967
6,4,16.224022
6,5,19.270464
6,6,21.815092
6,7,23.872276
6,8,25.479544
6,9,26.691902
7,0,0.0
7,1,5.5734797
7,10,32.131985
7,11,32.28559
7,12,32.064415
7,13,31.547468
7,14,30.825863
7,15,30.0
7,2,10.890833
7,3,15.744721
7,4,20.000319
7,5,23.592857
7,6,26.51116
7,7,28.778324
7,8,30.436222
7,9,31.535624
8,0,0.0
8,1,6.9503098
8,10,37.137955
8,11,36.732838
8,12,35.72067
8,13,34.170853
8,14,32.202694
8,15,30.0
8,2,13.514215
8,3,19.400972
8,4,24.447563
8,5,28.598831
8,6,31.868721
8,7,34.30465
8,8,35.96254
8,9,36.89319
9,0,0.0
9,1,8.715811
9,10,42.804203
9,11,41.796165
9,12,39.921745
9,13,37.217598
9,14,33.816624
9,15,30.0
9,2,16.81922
9,3,23.903873
9,4,29.798437
9,5,34.49593
9,6,38.07112
9,7,40.62049
9,8,42.22776
9,9,42.94793
