0,0,0.0
0,1,0.0
0,10,0.0
0,11,0.0
0,12,0.0
0,13,0.0
0,14,0.0
0,15,30.0
0,2,0.0
0,3,0.0
0,4,0.0
0,5,0.0
0,6,0.0
0,7,0.0
0,8,0.0
0,9,0.0
1,0,0.0
1,1,0.6356815
1,10,5.1765246
1,11,5.9455786
1,12,7.23581
1,13,9.736555
1,14,15.342285
1,15,30.0
1,2,1.2555857
1,3,1.8458152
1,4,2.3960552
1,5,2.9010506
1,6,3.362031
1,7,3.7885656
1,8,4.2017612
1,9,4.640707
10,0,0.0
10,1,11.1199465
10,10,49.448692
10,11,47.82409
10,12,45.030556
10,13,41.015278
10,14,35.873924
10,15,30.0
10,2,21.194378
10,3,29.671394
10,4,36.440956
10,5,41.62612
10,6,45.42163
10,7,48.00708
10,8,49.50948
10,9,49.991013
11,0,0.0
11,1,14.543719
11,10,57.063553
11,11,54.92447
11,12,51.284565
11,13,45.88591
11,14,38.636604
11,15,30.0
11,2,27.116243
11,3,37.07289
11,4,44.574642
11,5,50.036827
11,6,53.861794
11,7,56.350105
11,8,57.68481
11,9,57.9356
12,0,0.0
12,1,19.938688
12,10,65.94544
12,11,63.525696
12,12,59.297325
12,13,52.607216
12,14,42.78657
12,15,30.0
12,2,35.653996
12,3,46.929287
12,4,54.747906
12,5,60.084785
12,6,63.638615
12,7,65.84677
12,8,66.94406
12,9,67.00307
13,0,0.0
13,1,29.557037
13,10,76.18948
13,11,73.93555
13,12,69.771835
13,13,62.459053
13,14,49.902477
13,15,30.0
13,2,48.631775
13,3,60.242355
13,4,67.40292
13,5,71.91579
13,6,74.76113
13,7,76.454315
13,8,77.24162
13,9,77.187164
14,0,0.0
14,1,49.657692
14,10,87.68979
14,11,86.25519
14,12,83.39543
14,13,77.554695
14,14,64.36429
14,15,30.0
14,2,69.07372
14,3,78.00544
14,4,82.705666
14,5,85.41431
14,6,87.0358
14,7,87.96777
14,8,88.38097
14,9,88.314476
15,0,0.0
15,1,100.0
15,10,100.0
15,11,100.0
15,12,100.0
15,13,100.0
15,14,100.0
15,15,30.0
15,2,100.0
15,3,100.0
15,4,100.0
15,5,100.0
15,6,100.0
15,7,100.0
15,8,100.0
15,9,100.0
2,0,0.0
2,1,1.2871418
2,10,10.11982
2,11,11.369984
2,12,13.261108
2,13,16.368128
2,14,21.632584
2,15,30.0
2,2,2.540848
2,3,3.731623
2,4,4.8373604
2,5,5.84612
2,6,6.7585135
2,7,7.590475
2,8,8.37778
2,9,9.1845455
3,0,0.0
3,1,1.9720396
3,10,14.748229
3,11,16.15344
3,12,18.070517
3,13,20.842266
3,14,24.819925
3,15,30.0
3,2,3.889046
3,3,5.702474
3,4,7.3756495
3,5,8.887565
3,6,10.235436
3,7,11.437054
3,8,12.534345
3,9,13.599888
4,0,0.0
4,1,2.7119737
4,10,19.119785
4,11,20.42504
4,12,22.025265
4,13,24.110497
4,14,26.804857
4,15,30.0
4,2,5.340828
4,3,7.813586
4,4,10.075211
4,5,12.093064
4,6,13.858628
4,7,15.387972
4,8,16.722675
4,9,17.93244
5,0,0.0
5,1,3.5350308
5,10,23.373447
5,11,24.401684
5,12,25.49501
5,13,26.769611
5,14,28.28901
5,15,30.0
5,2,6.948714
5,3,10.135844
5,4,13.018557
5,5,15.550872
5,6,17.718056
5,7,19.533554
5,8,21.035957
5,9,22.287434
6,0,0.0
6,1,4.4794397
6,10,27.684902
6,11,28.313263
6,12,28.783485
6,13,29.183947
6,14,29.58157
6,15,30.0
6,2,8.78316
6,3,12.762534
6,4,16.312315
6,5,19.373829
6,6,21.929197
6,7,23.992249
6,8,25.600195
6,9,26.807907
7,0,0.0
7,1,5.599573
7,10,32.245007
7,11,32.383
7,12,32.141743
7,13,31.60112
7,14,30.853336
7,15,30.0
7,2,10.941965
7,3,15.818826
7,4,20.09436
7,5,23.70295
7,6,26.632671
7,7,28.906082
7,8,30.564682
7,9,31.659128
8,0,0.0
8,1,6.9768934
8,10,37.25302
8,11,36.83201
8,12,35.799377
8,13,34.225464
8,14,32.23065
8,15,30.0
8,2,13.566311
8,3,19.476463
8,4,24.543362
8,5,28.710962
8,6,31.992483
8,7,34.43475
8,8,36.09335
8,9,37.018944
9,0,0.0
9,1,8.741692
9,10,42.916157
9,11,41.892635
9,12,39.99832
9,13,37.270718
9,14,33.843822
9,15,30.0
9,2,16.869934
9,3,23.977364
9,4,29.89169
9,5,34.60508
9,6,38.19157
9,7,40.747105
9,8,42.35505
9,9,43.070282
