0,0,0.0
0,1,0.0
0,10,0.0
0,11,0.0
0,12,0.0
0,13,0.0
0,14,0.0
0,15,30.0
0,2,0.0
0,3,0.0
0,4,0.0
0,5,0.0
0,6,0.0
0,7,0.0
0,8,0.0
0,9,0.0
1,0,0.0
1,1,0.8563807
1,10,5.65557
1,11,6.321578
1,12,7.510892
1,13,9.9159975
1,14,15.430498
1,15,30.0
1,2,1.6771374
1,3,2.4302506
1,4,3.095539
1,5,3.6612258
1,6,4.1325064
1,7,4.524603
1,8,4.87053
1,9,5.2201986
10,0,0.0
10,1,10.677074
10,10,45.807854
10,11,44.54514
10,12,42.341087
10,13,39.103554
10,14,34.882004
10,15,30.0
10,2,20.285648
10,3,28.26398
10,4,34.502045
10,5,39.150497
10,6,42.440815
10,7,44.607117
10,8,45.830395
10,9,46.219246
11,0,0.0
11,1,14.020427
11,10,53.343735
11,11,51.601673
11,12,48.570484
11,13,43.966137
11,14,37.641266
11,15,30.0
11,2,26.058025
11,3,35.46113
11,4,42.40278
11,5,47.319115
11,6,50.653923
11,7,52.752686
11,8,53.8467
11,9,54.048798
12,0,0.0
12,1,19.430374
12,10,62.61006
12,11,60.556946
12,12,56.883144
12,13,50.901474
12,14,41.90453
12,15,30.0
12,2,34.63114
12,3,45.38777
12,4,52.69155
12,5,57.542477
12,6,60.66944
12,7,62.54979
12,8,63.457237
12,9,63.49527
13,0,0.0
13,1,29.155499
13,10,73.673996
13,11,71.70471
13,12,67.9596
13,13,61.181923
13,14,49.241814
13,15,30.0
13,2,47.82751
13,3,59.035244
13,4,65.803764
13,5,69.95043
13,6,72.480774
13,7,73.93682
13,8,74.59192
13,9,74.53424
14,0,0.0
14,1,49.43677
14,10,86.33867
14,11,85.057724
14,12,82.42474
14,13,76.87039
14,14,64.010895
14,15,30.0
14,2,68.63153
14,3,77.3441
14,4,81.83169
14,5,84.34433
14,6,85.79814
14,7,86.605545
14,8,86.95147
14,9,86.88583
15,0,0.0
15,1,100.0
15,10,100.0
15,11,100.0
15,12,100.0
15,13,100.0
15,14,100.0
15,15,30.0
15,2,100.0
15,3,100.0
15,4,100.0
15,5,100.0
15,6,100.0
15,7,100.0
15,8,100.0
15,9,100.0
2,0,0.0
2,1,1.69263
2,10,10.947636
2,11,12.011029
2,12,13.725147
2,13,16.667208
2,14,21.778948
2,15,30.0
2,2,3.312791
2,3,4.8007812
2,4,6.110072
2,5,7.224075
2,6,8.144369
2,7,8.904917
2,8,9.56001
2,9,10.19783
3,0,0.0
3,1,2.4949052
3,10,15.686395
3,11,16.859077
3,12,18.565239
3,13,21.153593
3,14,24.96906
3,15,30.0
3,2,4.883255
3,3,7.069865
3,4,8.993676
3,5,10.6188135
3,6,11.9555855
3,7,13.039761
3,8,13.9472065
3,9,14.781412
4,0,0.0
4,1,3.2669618
4,10,19.866756
4,11,20.938698
4,12,22.352486
4,13,24.29628
4,14,26.887806
4,15,30.0
4,2,6.3881717
4,3,9.243124
4,4,11.739802
4,5,13.84214
4,6,15.548521
4,7,16.909952
4,8,18.003962
4,9,18.943398
5,0,0.0
5,1,4.0292616
5,10,23.61667
5,11,24.463089
5,12,25.44915
5,13,26.691689
5,14,28.234192
5,15,30.0
5,2,7.873778
5,3,11.3720455
5,4,14.419992
5,5,16.959314
5,6,18.999924
5,7,20.587112
5,8,21.81039
5,9,22.778347
6,0,0.0
6,1,4.8322773
6,10,27.165413
6,11,27.702883
6,12,28.19844
6,13,28.72617
6,14,29.33197
6,15,30.0
6,2,9.425246
6,3,13.584282
6,4,17.17126
6,5,20.133142
6,6,22.470531
6,7,24.246141
6,8,25.547188
6,9,26.48233
7,0,0.0
7,1,5.7513475
7,10,30.804834
7,11,30.976414
7,12,30.918943
7,13,30.701092
7,14,30.375631
7,15,30.0
7,2,11.191519
7,3,16.065933
7,4,20.223595
7,5,23.598831
7,6,26.216515
7,7,28.143652
7,8,29.481915
7,9,30.336637
8,0,0.0
8,1,6.904434
8,10,34.882427
8,11,34.623116
8,12,33.943756
8,13,32.88474
8,14,31.528717
8,15,30.0
8,2,13.375165
8,3,19.090748
8,4,23.87029
8,5,27.676426
8,6,30.553328
8,7,32.604527
8,8,33.942787
8,9,34.673454
9,0,0.0
9,1,8.457918
9,10,39.76015
9,11,39.019142
9,12,37.617867
9,13,35.571037
9,14,32.95761
9,15,30.0
9,2,16.270113
9,3,23.003708
9,4,28.487522
9,5,32.72788
9,6,35.843197
9,7,37.979885
9,8,39.28093
9,9,39.854996
