0,0,0.0
0,1,0.0
0,10,0.0
0,11,0.0
0,12,0.0
0,13,0.0
0,14,0.0
0,15,30.0
0,2,0.0
0,3,0.0
0,4,0.0
0,5,0.0
0,6,0.0
0,7,0.0
0,8,0.0
0,9,0.0
1,0,0.0
1,1,0.63552535
1,10,5.1758738
1,11,5.9450197
1,12,7.235368
1,13,9.736249
1,14,15.342129
1,15,30.0
1,2,1.25528
1,3,1.8453737
1,4,2.3954968
1,5,2.9004
1,6,3.3613162
1,7,3.7878187
1,8,4.201014
1,9,4.6399918
10,0,0.0
10,1,11.119294
10,10,49.445984
10,11,47.821762
10,12,45.028717
10,13,41.014008
10,14,35.873272
10,15,30.0
10,2,21.193104
10,3,29.669552
10,4,36.43863
10,5,41.623405
10,6,45.418655
10,7,48.003967
10,8,49.50637
10,9,49.988033
11,0,0.0
11,1,14.5431595
11,10,57.061226
11,11,54.922474
11,12,51.28299
11,13,45.88482
11,14,38.636044
11,15,30.0
11,2,27.115149
11,3,37.07131
11,4,44.57264
11,5,50.0345
11,6,53.85924
11,7,56.34744
11,8,57.682137
11,9,57.933052
12,0,0.0
12,1,19.938246
12,10,65.9436
12,11,63.52412
12,12,59.29608
12,13,52.606354
12,14,42.786133
12,15,30.0
12,2,35.653133
12,3,46.928032
12,4,54.746323
12,5,60.08294
12,6,63.636593
12,7,65.84466
12,8,66.941956
12,9,67.00104
13,0,0.0
13,1,29.556732
13,10,76.1882
13,11,73.93446
13,12,69.77098
13,13,62.458458
13,14,49.902176
13,15,30.0
13,2,48.63118
13,3,60.241493
13,4,67.40183
13,5,71.914505
13,6,74.75973
13,7,76.45286
13,8,77.24016
13,9,77.18576
14,0,0.0
14,1,49.65753
14,10,87.68915
14,11,86.25463
14,12,83.39499
14,13,77.55439
14,14,64.364136
14,15,30.0
14,2,69.073425
14,3,78.00499
14,4,82.70511
14,5,85.413666
14,6,87.03508
14,7,87.96702
14,8,88.38022
14,9,88.31376
15,0,0.0
15,1,100.0
15,10,100.0
15,11,100.0
15,12,100.0
15,13,100.0
15,14,100.0
15,15,30.0
15,2,100.0
15,3,100.0
15,4,100.0
15,5,100.0
15,6,100.0
15,7,100.0
15,8,100.0
15,9,100.0
2,0,0.0
2,1,1.2868361
2,10,10.118546
2,11,11.368893
2,12,13.260243
2,13,16.367529
2,14,21.632278
2,15,30.0
2,2,2.5402503
2,3,3.730759
2,4,4.8362675
2,5,5.8448462
2,6,6.7571154
2,7,7.5890126
2,8,8.376317
2,9,9.183147
3,0,0.0
3,1,1.9715979
3,10,14.746389
3,11,16.15186
3,12,18.069267
3,13,20.841402
3,14,24.819483
3,15,30.0
3,2,3.888182
3,3,5.7012253
3,4,7.374071
3,5,8.885725
3,6,10.233416
3,7,11.43494
3,8,12.53223
3,9,13.597866
4,0,0.0
4,1,2.7114153
4,10,19.117458
4,11,20.423042
4,12,22.023682
4,13,24.109406
4,14,26.804298
4,15,30.0
4,2,5.339736
4,3,7.812008
4,4,10.0732155
4,5,12.090738
4,6,13.856074
4,7,15.385301
4,8,16.720003
4,9,17.929884
5,0,0.0
5,1,3.53438
5,10,23.370735
5,11,24.399359
5,12,25.493168
5,13,26.768337
5,14,28.288357
5,15,30.0
5,2,6.947441
5,3,10.134005
5,4,13.016231
5,5,15.5481615
5,6,17.71508
5,7,19.53044
5,8,21.032845
5,9,22.284454
6,0,0.0
6,1,4.478725
6,10,27.681923
6,11,28.310707
6,12,28.781464
6,13,29.182545
6,14,29.580856
6,15,30.0
6,2,8.781762
6,3,12.760512
6,4,16.309761
6,5,19.37085
6,6,21.925926
6,7,23.98883
6,8,25.596773
6,9,26.804638
7,0,0.0
7,1,5.5988255
7,10,32.241894
7,11,32.380325
7,12,32.13963
7,13,31.599655
7,14,30.852589
7,15,30.0
7,2,10.940502
7,3,15.816713
7,4,20.091686
7,5,23.699837
7,6,26.629251
7,7,28.902504
7,8,30.561108
7,9,31.655708
8,0,0.0
8,1,6.976145
8,10,37.249905
8,11,36.829334
8,12,35.797264
8,13,34.224003
8,14,32.229908
8,15,30.0
8,2,13.564849
8,3,19.47435
8,4,24.540691
8,5,28.70785
8,6,31.989063
8,7,34.43117
8,8,36.08977
8,9,37.01552
9,0,0.0
9,1,8.740977
9,10,42.913177
9,11,41.89008
9,12,39.9963
9,13,37.26932
9,14,33.84311
9,15,30.0
9,2,16.868534
9,3,23.975346
9,4,29.889132
9,5,34.6021
9,6,38.1883
9,7,40.743683
9,8,42.35163
9,9,43.06701
