0,0,0.0
0,1,0.0
0,10,0.0
0,11,0.0
0,12,0.0
0,13,0.0
0,14,0.0
0,15,0.0
0,16,0.0
0,17,0.0
0,18,0.0
0,19,0.0
0,2,0.0
0,20,0.0
0,21,0.0
0,22,0.0
0,23,0.0
0,24,0.0
0,25,0.0
0,26,0.0
0,27,0.0
0,28,0.0
0,29,30.0
0,3,0.0
0,4,0.0
0,5,0.0
0,6,0.0
0,7,0.0
0,8,0.0
0,9,0.0
1,0,0.0
1,1,4.0374756
1,10,11.128235
1,11,11.128235
1,12,11.128235
1,13,11.128235
1,14,11.128235
1,15,11.128235
1,16,11.128235
1,17,11.128235
1,18,11.128235
1,19,11.128235
1,2,7.267456
1,20,11.128235
1,21,11.128235
1,22,11.128693
1,23,11.130981
1,24,11.152954
1,25,11.240845
1,26,11.625366
1,27,12.896118
1,28,17.018738
1,29,30.0
1,3,9.420776
1,4,10.497437
1,5,10.958862
1,6,11.090698
1,7,11.123657
1,8,11.127777
1,9,11.128235
10,0,0.0
10,1,11.128235
10,10,30.0
10,11,30.0
10,12,30.0
10,13,30.0
10,14,30.0
10,15,30.0
10,16,30.0
10,17,30.0
10,18,30.0
10,19,30.0
10,2,20.030823
10,20,30.0
10,21,30.0
10,22,30.0
10,23,30.0
10,24,30.0
10,25,30.0
10,26,30.0
10,27,30.0
10,28,30.0
10,29,30.0
10,3,25.696106
10,4,28.528748
10,5,29.618225
10,6,29.929504
10,7,29.99176
10,8,29.999542
10,9,30.0
11,0,0.0
11,1,11.128235
11,10,30.0
11,11,30.0
11,12,30.0
11,13,30.0
11,14,30.0
11,15,30.0
11,16,30.0
11,17,30.0
11,18,30.0
11,19,30.0
11,2,20.030823
11,20,30.0
11,21,30.0
11,22,30.0
11,23,30.0
11,24,30.0
11,25,30.0
11,26,30.0
11,27,30.0
11,28,30.0
11,29,30.0
11,3,25.696106
11,4,28.528748
11,5,29.618225
11,6,29.929504
11,7,29.99176
11,8,29.999542
11,9,30.0
12,0,0.0
12,1,11.128235
12,10,30.0
12,11,30.0
12,12,30.0
12,13,30.0
12,14,30.0
12,15,30.0
12,16,30.0
12,17,30.0
12,18,30.0
12,19,30.0
12,2,20.030823
12,20,30.0
12,21,30.0
12,22,30.0
12,23,30.0
12,24,30.0
12,25,30.0
12,26,30.0
12,27,30.0
12,28,30.0
12,29,30.0
12,3,25.696106
12,4,28.528748
12,5,29.618225
12,6,29.929504
12,7,29.99176
12,8,29.999542
12,9,30.0
13,0,0.0
13,1,11.128235
13,10,30.0
13,11,30.0
13,12,30.0
13,13,30.0
13,14,30.0
13,15,30.0
13,16,30.0
13,17,30.0
13,18,30.0
13,19,30.0
13,2,20.030823
13,20,30.0
13,21,30.0
13,22,30.0
13,23,30.0
13,24,30.0
13,25,30.0
13,26,30.0
13,27,30.0
13,28,30.0
13,29,30.0
13,3,25.696106
13,4,28.528748
13,5,29.618225
13,6,29.929504
13,7,29.99176
13,8,29.999542
13,9,30.0
14,0,0.0
14,1,11.128235
14,10,30.0
14,11,30.0
14,12,30.0
14,13,30.0
14,14,30.0
14,15,30.0
14,16,30.0
14,17,30.0
14,18,30.0
14,19,30.0
14,2,20.030823
14,20,30.0
14,21,30.0
14,22,30.0
14,23,30.0
14,24,30.0
14,25,30.0
14,26,30.0
14,27,30.0
14,28,30.0
14,29,30.0
14,3,25.696106
14,4,28.528748
14,5,29.618225
14,6,29.929504
14,7,29.99176
14,8,29.999542
14,9,30.0
15,0,0.0
15,1,11.128235
15,10,30.0
15,11,30.0
15,12,30.0
15,13,30.0
15,14,30.0
15,15,30.0
15,16,30.0
15,17,30.0
15,18,30.0
15,19,30.0
15,2,20.030823
15,20,30.0
15,21,30.0
15,22,30.0
15,23,30.0
15,24,30.0
15,25,30.0
15,26,30.0
15,27,30.0
15,28,30.0
15,29,30.0
15,3,25.696106
15,4,28.528748
15,5,29.618225
15,6,29.929504
15,7,29.99176
15,8,29.999542
15,9,30.0
16,0,0.0
16,1,11.128235
16,10,30.0
16,11,30.0
16,12,30.0
16,13,30.0
16,14,30.0
16,15,30.0
16,16,30.0
16,17,30.0
16,18,30.0
16,19,30.0
16,2,20.030823
16,20,30.0
16,21,30.0
16,22,30.0
16,23,30.0
16,24,30.0
16,25,30.0
16,26,30.0
16,27,30.0
16,28,30.0
16,29,30.0
16,3,25.696106
16,4,28.528748
16,5,29.618225
16,6,29.929504
16,7,29.99176
16,8,29.999542
16,9,30.0
17,0,0.0
17,1,11.128235
17,10,30.0
17,11,30.0
17,12,30.0
17,13,30.0
17,14,30.0
17,15,30.0
17,16,30.0
17,17,30.0
17,18,30.0
17,19,30.0
17,2,20.030823
17,20,30.0
17,21,30.0
17,22,30.0
17,23,30.0
17,24,30.0
17,25,30.0
17,26,30.0
17,27,30.0
17,28,30.0
17,29,30.0
17,3,25.696106
17,4,28.528748
17,5,29.618225
17,6,29.929504
17,7,29.99176
17,8,29.999542
17,9,30.0
18,0,0.0
18,1,11.128235
18,10,30.0
18,11,30.0
18,12,30.0
18,13,30.0
18,14,30.0
18,15,30.0
18,16,30.0
18,17,30.0
18,18,30.0
18,19,30.0
18,2,20.030823
18,20,30.0
18,21,30.0
18,22,30.0
18,23,30.0
18,24,30.0
18,25,30.0
18,26,30.0
18,27,30.0
18,28,30.0
18,29,30.0
18,3,25.696106
18,4,28.528748
18,5,29.618225
18,6,29.929504
18,7,29.99176
18,8,29.999542
18,9,30.0
19,0,0.0
19,1,11.128235
19,10,30.0
19,11,30.0
19,12,30.0
19,13,30.0
19,14,30.0
19,15,30.0
19,16,30.0
19,17,30.0
19,18,30.0
19,19,30.0
19,2,20.030823
19,20,30.0
19,21,30.0
19,22,30.0
19,23,30.0
19,24,30.0
19,25,30.0
19,26,30.0
19,27,30.0
19,28,30.0
19,29,30.0
19,3,25.696106
19,4,28.528748
19,5,29.618225
19,6,29.929504
19,7,29.99176
19,8,29.999542
19,9,30.0
2,0,0.0
2,1,7.267456
2,10,20.030823
2,11,20.030823
2,12,20.030823
2,13,20.030823
2,14,20.030823
2,15,20.030823
2,16,20.030823
2,17,20.030823
2,18,20.030823
2,19,20.030823
2,2,13.189087
2,20,20.030823
2,21,20.030823
2,22,20.030823
2,23,20.034027
2,24,20.048218
2,25,20.147095
2,26,20.480347
2,27,21.594543
2,28,24.371338
2,29,30.0
2,3,16.957397
2,4,18.95691
2,5,19.725952
2,6,19.973145
2,7,20.022583
2,8,20.030365
2,9,20.030823
20,0,0.0
20,1,11.128235
20,10,30.0
20,11,30.0
20,12,30.0
20,13,30.0
20,14,30.0
20,15,30.0
20,16,30.0
20,17,30.0
20,18,30.0
20,19,30.0
20,2,20.030823
20,20,30.0
20,21,30.0
20,22,30.0
20,23,30.0
20,24,30.0
20,25,30.0
20,26,30.0
20,27,30.0
20,28,30.0
20,29,30.0
20,3,25.696106
20,4,28.528748
20,5,29.618225
20,6,29.929504
20,7,29.99176
20,8,29.999542
20,9,30.0
21,0,0.0
21,1,11.128235
21,10,30.0
21,11,30.0
21,12,30.0
21,13,30.0
21,14,30.0
21,15,30.0
21,16,30.0
21,17,30.0
21,18,30.0
21,19,30.0
21,2,20.030823
21,20,30.0
21,21,30.0
21,22,30.0
21,23,30.0
21,24,30.0
21,25,30.0
21,26,30.0
21,27,30.0
21,28,30.0
21,29,30.0
21,3,25.696106
21,4,28.528748
21,5,29.618225
21,6,29.929504
21,7,29.99176
21,8,29.999542
21,9,30.0
22,0,0.0
22,1,11.128235
22,10,30.0
22,11,30.0
22,12,30.0
22,13,30.0
22,14,30.0
22,15,30.0
22,16,30.0
22,17,30.0
22,18,30.0
22,19,30.0
22,2,20.030823
22,20,30.0
22,21,30.0
22,22,30.0
22,23,30.0
22,24,30.0
22,25,30.0
22,26,30.0
22,27,30.0
22,28,30.0
22,29,30.0
22,3,25.696106
22,4,28.528748
22,5,29.618225
22,6,29.929504
22,7,29.99176
22,8,29.999542
22,9,30.0
23,0,0.0
23,1,11.128235
23,10,30.0
23,11,30.0
23,12,30.0
23,13,30.0
23,14,30.0
23,15,30.0
23,16,30.0
23,17,30.0
23,18,30.0
23,19,30.0
23,2,20.030823
23,20,30.0
23,21,30.0
23,22,30.0
23,23,30.0
23,24,30.0
23,25,30.0
23,26,30.0
23,27,30.0
23,28,30.0
23,29,30.0
23,3,25.696106
23,4,28.528748
23,5,29.618225
23,6,29.929504
23,7,29.99176
23,8,29.999542
23,9,30.0
24,0,0.0
24,1,11.128235
24,10,30.0
24,11,30.0
24,12,30.0
24,13,30.0
24,14,30.0
24,15,30.0
24,16,30.0
24,17,30.0
24,18,30.0
24,19,30.0
24,2,20.030823
24,20,30.0
24,21,30.0
24,22,30.0
24,23,30.0
24,24,30.0
24,25,30.0
24,26,30.0
24,27,30.0
24,28,30.0
24,29,30.0
24,3,25.696106
24,4,28.528748
24,5,29.618225
24,6,29.929504
24,7,29.99176
24,8,29.999542
24,9,30.0
25,0,0.0
25,1,11.128235
25,10,30.0
25,11,30.0
25,12,30.0
25,13,30.0
25,14,30.0
25,15,30.0
25,16,30.0
25,17,30.0
25,18,30.0
25,19,30.0
25,2,20.030823
25,20,30.0
25,21,30.0
25,22,30.0
25,23,30.0
25,24,30.0
25,25,30.0
25,26,30.0
25,27,30.0
25,28,30.0
25,29,30.0
25,3,25.696106
25,4,28.528748
25,5,29.618225
25,6,29.929504
25,7,29.99176
25,8,29.999542
25,9,30.0
26,0,0.0
26,1,11.128235
26,10,30.0
26,11,30.0
26,12,30.0
26,13,30.0
26,14,30.0
26,15,30.0
26,16,30.0
26,17,30.0
26,18,30.0
26,19,30.0
26,2,20.030823
26,20,30.0
26,21,30.0
26,22,30.0
26,23,30.0
26,24,30.0
26,25,30.0
26,26,30.0
26,27,30.0
26,28,30.0
26,29,30.0
26,3,25.696106
26,4,28.528748
26,5,29.618225
26,6,29.929504
26,7,29.99176
26,8,29.999542
26,9,30.0
27,0,0.0
27,1,11.128235
27,10,30.0
27,11,30.0
27,12,30.0
27,13,30.0
27,14,30.0
27,15,30.0
27,16,30.0
27,17,30.0
27,18,30.0
27,19,30.0
27,2,20.030823
27,20,30.0
27,21,30.0
27,22,30.0
27,23,30.0
27,24,30.0
27,25,30.0
27,26,30.0
27,27,30.0
27,28,30.0
27,29,30.0
27,3,25.696106
27,4,28.528748
27,5,29.618225
27,6,29.929504
27,7,29.99176
27,8,29.999542
27,9,30.0
28,0,0.0
28,1,11.128235
28,10,30.0
28,11,30.0
28,12,30.0
28,13,30.0
28,14,30.0
28,15,30.0
28,16,30.0
28,17,30.0
28,18,30.0
28,19,30.0
28,2,20.030823
28,20,30.0
28,21,30.0
28,22,30.0
28,23,30.0
28,24,30.0
28,25,30.0
28,26,30.0
28,27,30.0
28,28,30.0
28,29,30.0
28,3,25.696106
28,4,28.528748
28,5,29.618225
28,6,29.929504
28,7,29.99176
28,8,29.999542
28,9,30.0
29,0,0.0
29,1,11.128235
29,10,30.0
29,11,30.0
29,12,30.0
29,13,30.0
29,14,30.0
29,15,30.0
29,16,30.0
29,17,30.0
29,18,30.0
29,19,30.0
29,2,20.030823
29,20,30.0
29,21,30.0
29,22,30.0
29,23,30.0
29,24,30.0
29,25,30.0
29,26,30.0
29,27,30.0
29,28,30.0
29,29,30.0
29,3,25.696106
29,4,28.528748
29,5,29.618225
29,6,29.929504
29,7,29.99176
29,8,29.999542
29,9,30.0
3,0,0.0
3,1,9.420776
3,10,25.696106
3,11,25.696106
3,12,25.696106
3,13,25.696106
3,14,25.696106
3,15,25.696106
3,16,25.696106
3,17,25.696106
3,18,25.696106
3,19,25.696106
3,2,16.957397
3,20,25.696106
3,21,25.696106
3,22,25.696106
3,23,25.696106
3,24,25.705719
3,25,25.742798
3,26,25.939636
3,27,26.47705
3,28,27.79541
3,29,30.0
3,3,21.879272
3,4,24.34021
3,5,25.339966
3,6,25.62561
3,7,25.687866
3,8,25.695648
3,9,25.696106
30,0,0.0
30,1,11.128235
30,10,30.0
30,11,30.0
30,12,30.0
30,13,30.0
30,14,30.0
30,15,30.0
30,16,30.0
30,17,30.0
30,18,30.0
30,19,30.0
30,2,20.030823
30,20,30.0
30,21,30.0
30,22,30.0
30,23,30.0
30,24,30.0
30,25,30.0
30,26,30.0
30,27,30.0
30,28,30.0
30,29,30.0
30,3,25.696106
30,4,28.528748
30,5,29.618225
30,6,29.929504
30,7,29.99176
30,8,29.999542
30,9,30.0
31,0,0.0
31,1,11.128235
31,10,30.0
31,11,30.0
31,12,30.0
31,13,30.0
31,14,30.0
31,15,30.0
31,16,30.0
31,17,30.0
31,18,30.0
31,19,30.0
31,2,20.030823
31,20,30.0
31,21,30.0
31,22,30.0
31,23,30.0
31,24,30.0
31,25,30.0
31,26,30.0
31,27,30.0
31,28,30.0
31,29,30.0
31,3,25.696106
31,4,28.528748
31,5,29.618225
31,6,29.929504
31,7,29.99176
31,8,29.999542
31,9,30.0
32,0,0.0
32,1,11.128235
32,10,30.0
32,11,30.0
32,12,30.0
32,13,30.0
32,14,30.0
32,15,30.0
32,16,30.0
32,17,30.0
32,18,30.0
32,19,30.0
32,2,20.030823
32,20,30.0
32,21,30.0
32,22,30.0
32,23,30.0
32,24,30.0
32,25,30.0
32,26,30.0
32,27,30.0
32,28,30.0
32,29,30.0
32,3,25.696106
32,4,28.528748
32,5,29.618225
32,6,29.929504
32,7,29.99176
32,8,29.999542
32,9,30.0
33,0,0.0
33,1,11.128235
33,10,30.0
33,11,30.0
33,12,30.0
33,13,30.0
33,14,30.0
33,15,30.0
33,16,30.0
33,17,30.0
33,18,30.0
33,19,30.0
33,2,20.030823
33,20,30.0
33,21,30.0
33,22,30.0
33,23,30.0
33,24,30.0
33,25,30.0
33,26,30.0
33,27,30.0
33,28,30.0
33,29,30.0
33,3,25.696106
33,4,28.528748
33,5,29.618225
33,6,29.929504
33,7,29.99176
33,8,29.999542
33,9,30.0
34,0,0.0
34,1,11.128235
34,10,30.0
34,11,30.0
34,12,30.0
34,13,30.0
34,14,30.0
34,15,30.0
34,16,30.0
34,17,30.0
34,18,30.0
34,19,30.0
34,2,20.030823
34,20,30.0
34,21,30.0
34,22,30.0
34,23,30.0
34,24,30.0
34,25,30.0
34,26,30.0
34,27,30.0
34,28,30.0
34,29,30.0
34,3,25.696106
34,4,28.528748
34,5,29.618225
34,6,29.929504
34,7,29.99176
34,8,29.999542
34,9,30.0
35,0,0.0
35,1,11.128235
35,10,30.0
35,11,30.0
35,12,30.0
35,13,30.0
35,14,30.0
35,15,30.0
35,16,30.0
35,17,30.0
35,18,30.0
35,19,30.0
35,2,20.030823
35,20,30.0
35,21,30.0
35,22,30.0
35,23,30.0
35,24,30.0
35,25,30.0
35,26,30.0
35,27,30.0
35,28,30.0
35,29,30.0
35,3,25.696106
35,4,28.528748
35,5,29.618225
35,6,29.929504
35,7,29.99176
35,8,29.999542
35,9,30.0
36,0,0.0
36,1,11.128235
36,10,30.0
36,11,30.0
36,12,30.0
36,13,30.0
36,14,30.0
36,15,30.0
36,16,30.0
36,17,30.0
36,18,30.0
36,19,30.0
36,2,20.030823
36,20,30.0
36,21,30.0
36,22,30.0
36,23,30.0
36,24,30.0
36,25,30.0
36,26,30.0
36,27,30.0
36,28,30.0
36,29,30.0
36,3,25.696106
36,4,28.528748
36,5,29.618225
36,6,29.929504
36,7,29.99176
36,8,29.999542
36,9,30.0
37,0,0.0
37,1,11.128235
37,10,30.0
37,11,30.0
37,12,30.0
37,13,30.0
37,14,30.0
37,15,30.0
37,16,30.0
37,17,30.0
37,18,30.0
37,19,30.0
37,2,20.030823
37,20,30.0
37,21,30.0
37,22,30.0
37,23,30.0
37,24,30.0
37,25,30.0
37,26,30.0
37,27,30.0
37,28,30.0
37,29,30.0
37,3,25.696106
37,4,28.528748
37,5,29.618225
37,6,29.929504
37,7,29.99176
37,8,29.999542
37,9,30.0
38,0,0.0
38,1,11.128235
38,10,30.0
38,11,30.0
38,12,30.0
38,13,30.0
38,14,30.0
38,15,30.0
38,16,30.0
38,17,30.0
38,18,30.0
38,19,30.0
38,2,20.030823
38,20,30.0
38,21,30.0
38,22,30.0
38,23,30.0
38,24,30.0
38,25,30.0
38,26,30.0
38,27,30.0
38,28,30.0
38,29,30.0
38,3,25.696106
38,4,28.528748
38,5,29.618225
38,6,29.929504
38,7,29.99176
38,8,29.999542
38,9,30.0
39,0,0.0
39,1,11.128235
39,10,30.0
39,11,30.0
39,12,30.0
39,13,30.0
39,14,30.0
39,15,30.0
39,16,30.0
39,17,30.0
39,18,30.0
39,19,30.0
39,2,20.030823
39,20,30.0
39,21,30.0
39,22,30.0
39,23,30.0
39,24,30.0
39,25,30.0
39,26,30.0
39,27,30.0
39,28,30.0
39,29,30.0
39,3,25.696106
39,4,28.528748
39,5,29.618225
39,6,29.929504
39,7,29.99176
39,8,29.999542
39,9,30.0
4,0,0.0
4,1,10.497437
4,10,28.528748
4,11,28.528748
4,12,28.528748
4,13,28.528748
4,14,28.528748
4,15,28.528748
4,16,28.528748
4,17,28.528748
4,18,28.528748
4,19,28.528748
4,2,18.95691
4,20,28.528748
4,21,28.528748
4,22,28.528748
4,23,28.528748
4,24,28.528748
4,25,28.54477
4,26,28.597412
4,27,28.809814
4,28,29.256592
4,29,30.0
4,3,24.34021
4,4,27.089539
4,5,28.146973
4,6,28.458252
4,7,28.520508
4,8,28.52829
4,9,28.528748
40,0,0.0
40,1,11.128235
40,10,30.0
40,11,30.0
40,12,30.0
40,13,30.0
40,14,30.0
40,15,30.0
40,16,30.0
40,17,30.0
40,18,30.0
40,19,30.0
40,2,20.030823
40,20,30.0
40,21,30.0
40,22,30.0
40,23,30.0
40,24,30.0
40,25,30.0
40,26,30.0
40,27,30.0
40,28,30.0
40,29,30.0
40,3,25.696106
40,4,28.528748
40,5,29.618225
40,6,29.929504
40,7,29.99176
40,8,29.999542
40,9,30.0
41,0,0.0
41,1,11.128235
41,10,30.0
41,11,30.0
41,12,30.0
41,13,30.0
41,14,30.0
41,15,30.0
41,16,30.0
41,17,30.0
41,18,30.0
41,19,30.0
41,2,20.030823
41,20,30.0
41,21,30.0
41,22,30.0
41,23,30.0
41,24,30.0
41,25,30.0
41,26,30.0
41,27,30.0
41,28,30.0
41,29,30.0
41,3,25.696106
41,4,28.528748
41,5,29.618225
41,6,29.929504
41,7,29.99176
41,8,29.999542
41,9,30.0
42,0,0.0
42,1,11.128235
42,10,30.0
42,11,30.0
42,12,30.0
42,13,30.0
42,14,30.0
42,15,30.0
42,16,30.0
42,17,30.0
42,18,30.0
42,19,30.0
42,2,20.030823
42,20,30.0
42,21,30.0
42,22,30.0
42,23,30.0
42,24,30.0
42,25,30.0
42,26,30.0
42,27,30.0
42,28,30.0
42,29,30.0
42,3,25.696106
42,4,28.528748
42,5,29.618225
42,6,29.929504
42,7,29.99176
42,8,29.999542
42,9,30.0
43,0,0.0
43,1,11.128235
43,10,30.0
43,11,30.0
43,12,30.0
43,13,30.0
43,14,30.0
43,15,30.0
43,16,30.0
43,17,30.0
43,18,30.0
43,19,30.0
43,2,20.030823
43,20,30.0
43,21,30.0
43,22,30.0
43,23,30.0
43,24,30.0
43,25,30.0
43,26,30.0
43,27,30.0
43,28,30.0
43,29,30.0
43,3,25.696106
43,4,28.528748
43,5,29.618225
43,6,29.929504
43,7,29.99176
43,8,29.999542
43,9,30.0
44,0,0.0
44,1,11.128235
44,10,30.0
44,11,30.0
44,12,30.0
44,13,30.0
44,14,30.0
44,15,30.0
44,16,30.0
44,17,30.0
44,18,30.0
44,19,30.0
44,2,20.030823
44,20,30.0
44,21,30.0
44,22,30.0
44,23,30.0
44,24,30.0
44,25,30.0
44,26,30.0
44,27,30.0
44,28,30.0
44,29,30.0
44,3,25.696106
44,4,28.528748
44,5,29.618225
44,6,29.929504
44,7,29.99176
44,8,29.999542
44,9,30.0
45,0,0.0
45,1,11.128235
45,10,30.0
45,11,30.0
45,12,30.0
45,13,30.0
45,14,30.0
45,15,30.0
45,16,30.0
45,17,30.0
45,18,30.0
45,19,30.0
45,2,20.030823
45,20,30.0
45,21,30.0
45,22,30.0
45,23,30.0
45,24,30.0
45,25,30.0
45,26,30.0
45,27,30.0
45,28,30.0
45,29,30.0
45,3,25.696106
45,4,28.528748
45,5,29.618225
45,6,29.929504
45,7,29.99176
45,8,29.999542
45,9,30.0
46,0,0.0
46,1,11.128235
46,10,30.0
46,11,30.0
46,12,30.0
46,13,30.0
46,14,30.0
46,15,30.0
46,16,30.0
46,17,30.0
46,18,30.0
46,19,30.0
46,2,20.030823
46,20,30.0
46,21,30.0
46,22,30.0
46,23,30.0
46,24,30.0
46,25,30.0
46,26,30.0
46,27,30.0
46,28,30.0
46,29,30.0
46,3,25.696106
46,4,28.528748
46,5,29.618225
46,6,29.929504
46,7,29.99176
46,8,29.999542
46,9,30.0
47,0,0.0
47,1,11.128235
47,10,30.0
47,11,30.0
47,12,30.0
47,13,30.0
47,14,30.0
47,15,30.0
47,16,30.0
47,17,30.0
47,18,30.0
47,19,30.0
47,2,20.030823
47,20,30.0
47,21,30.0
47,22,30.0
47,23,30.0
47,24,30.0
47,25,30.0
47,26,30.0
47,27,30.0
47,28,30.0
47,29,30.0
47,3,25.696106
47,4,28.528748
47,5,29.618225
47,6,29.929504
47,7,29.99176
47,8,29.999542
47,9,30.0
48,0,0.0
48,1,11.128235
48,10,30.0
48,11,30.0
48,12,30.0
48,13,30.0
48,14,30.0
48,15,30.0
48,16,30.0
48,17,30.0
48,18,30.0
48,19,30.0
48,2,20.030823
48,20,30.0
48,21,30.0
48,22,30.0
48,23,30.0
48,24,30.0
48,25,30.0
48,26,30.0
48,27,30.0
48,28,30.0
48,29,30.0
48,3,25.696106
48,4,28.528748
48,5,29.618225
48,6,29.929504
48,7,29.99176
48,8,29.999542
48,9,30.0
49,0,0.0
49,1,11.128235
49,10,30.0
49,11,30.0
49,12,30.0
49,13,30.0
49,14,30.0
49,15,30.0
49,16,30.0
49,17,30.0
49,18,30.0
49,19,30.0
49,2,20.030823
49,20,30.0
49,21,30.0
49,22,30.0
49,23,30.0
49,24,30.0
49,25,30.0
49,26,30.0
49,27,30.0
49,28,30.0
49,29,30.0
49,3,25.696106
49,4,28.528748
49,5,29.618225
49,6,29.929504
49,7,29.99176
49,8,29.999542
49,9,30.0
5,0,0.0
5,1,10.958862
5,10,29.618225
5,11,29.618225
5,12,29.618225
5,13,29.618225
5,14,29.618225
5,15,29.618225
5,16,29.618225
5,17,29.618225
5,18,29.618225
5,19,29.618225
5,2,19.725952
5,20,29.618225
5,21,29.618225
5,22,29.618225
5,23,29.618225
5,24,29.618225
5,25,29.618225
5,26,29.634247
5,27,29.677734
5,28,29.805908
5,29,30.0
5,3,25.339966
5,4,28.146973
5,5,29.23645
5,6,29.54773
5,7,29.609985
5,8,29.617767
5,9,29.618225
50,0,0.0
50,1,11.128235
50,10,30.0
50,11,30.0
50,12,30.0
50,13,30.0
50,14,30.0
50,15,30.0
50,16,30.0
50,17,30.0
50,18,30.0
50,19,30.0
50,2,20.030823
50,20,30.0
50,21,30.0
50,22,30.0
50,23,30.0
50,24,30.0
50,25,30.0
50,26,30.0
50,27,30.0
50,28,30.0
50,29,30.0
50,3,25.696106
50,4,28.528748
50,5,29.618225
50,6,29.929504
50,7,29.99176
50,8,29.999542
50,9,30.0
51,0,0.0
51,1,11.128235
51,10,30.0
51,11,30.0
51,12,30.0
51,13,30.0
51,14,30.0
51,15,30.0
51,16,30.0
51,17,30.0
51,18,30.0
51,19,30.0
51,2,20.030823
51,20,30.0
51,21,30.0
51,22,30.0
51,23,30.0
51,24,30.0
51,25,30.0
51,26,30.0
51,27,30.0
51,28,30.0
51,29,30.0
51,3,25.696106
51,4,28.528748
51,5,29.618225
51,6,29.929504
51,7,29.99176
51,8,29.999542
51,9,30.0
52,0,0.0
52,1,11.128235
52,10,30.0
52,11,30.0
52,12,30.0
52,13,30.0
52,14,30.0
52,15,30.0
52,16,30.0
52,17,30.0
52,18,30.0
52,19,30.0
52,2,20.030823
52,20,30.0
52,21,30.0
52,22,30.0
52,23,30.0
52,24,30.0
52,25,30.0
52,26,30.0
52,27,30.0
52,28,30.0
52,29,30.0
52,3,25.696106
52,4,28.528748
52,5,29.618225
52,6,29.929504
52,7,29.99176
52,8,29.999542
52,9,30.0
53,0,0.0
53,1,11.128235
53,10,30.0
53,11,30.0
53,12,30.0
53,13,30.0
53,14,30.0
53,15,30.0
53,16,30.0
53,17,30.0
53,18,30.0
53,19,30.0
53,2,20.030823
53,20,30.0
53,21,30.0
53,22,30.0
53,23,30.0
53,24,30.0
53,25,30.0
53,26,30.0
53,27,30.0
53,28,30.0
53,29,30.0
53,3,25.696106
53,4,28.528748
53,5,29.618225
53,6,29.929504
53,7,29.99176
53,8,29.999542
53,9,30.0
54,0,0.0
54,1,11.128235
54,10,30.0
54,11,30.0
54,12,30.0
54,13,30.0
54,14,30.0
54,15,30.0
54,16,30.0
54,17,30.0
54,18,30.0
54,19,30.0
54,2,20.030823
54,20,30.0
54,21,30.0
54,22,30.0
54,23,30.0
54,24,30.0
54,25,30.0
54,26,30.0
54,27,30.0
54,28,30.0
54,29,30.0
54,3,25.696106
54,4,28.528748
54,5,29.618225
54,6,29.929504
54,7,29.99176
54,8,29.999542
54,9,30.0
55,0,0.0
55,1,11.128235
55,10,30.0
55,11,30.0
55,12,30.0
55,13,30.0
55,14,30.0
55,15,30.0
55,16,30.0
55,17,30.0
55,18,30.0
55,19,30.0
55,2,20.030823
55,20,30.0
55,21,30.0
55,22,30.0
55,23,30.0
55,24,30.0
55,25,30.0
55,26,30.0
55,27,30.0
55,28,30.0
55,29,30.0
55,3,25.696106
55,4,28.528748
55,5,29.618225
55,6,29.929504
55,7,29.99176
55,8,29.999542
55,9,30.0
56,0,0.0
56,1,11.128235
56,10,30.0
56,11,30.0
56,12,30.0
56,13,30.0
56,14,30.0
56,15,30.0
56,16,30.0
56,17,30.0
56,18,30.0
56,19,30.0
56,2,20.030823
56,20,30.0
56,21,30.0
56,22,30.0
56,23,30.0
56,24,30.0
56,25,30.0
56,26,30.0
56,27,30.0
56,28,30.0
56,29,30.0
56,3,25.696106
56,4,28.528748
56,5,29.618225
56,6,29.929504
56,7,29.99176
56,8,29.999542
56,9,30.0
57,0,0.0
57,1,11.128235
57,10,30.0
57,11,30.0
57,12,30.0
57,13,30.0
57,14,30.0
57,15,30.0
57,16,30.0
57,17,30.0
57,18,30.0
57,19,30.0
57,2,20.030823
57,20,30.0
57,21,30.0
57,22,30.0
57,23,30.0
57,24,30.0
57,25,30.0
57,26,30.0
57,27,30.0
57,28,30.0
57,29,30.0
57,3,25.696106
57,4,28.528748
57,5,29.618225
57,6,29.929504
57,7,29.99176
57,8,29.999542
57,9,30.0
58,0,0.0
58,1,11.128235
58,10,30.0
58,11,30.0
58,12,30.0
58,13,30.0
58,14,30.0
58,15,30.0
58,16,30.0
58,17,30.0
58,18,30.0
58,19,30.0
58,2,20.030823
58,20,30.0
58,21,30.0
58,22,30.0
58,23,30.0
58,24,30.0
58,25,30.0
58,26,30.0
58,27,30.0
58,28,30.0
58,29,30.0
58,3,25.696106
58,4,28.528748
58,5,29.618225
58,6,29.929504
58,7,29.99176
58,8,29.999542
58,9,30.0
59,0,0.0
59,1,11.128235
59,10,30.0
59,11,30.0
59,12,30.0
59,13,30.0
59,14,30.0
59,15,30.0
59,16,30.0
59,17,30.0
59,18,30.0
59,19,30.0
59,2,20.030823
59,20,30.0
59,21,30.0
59,22,30.0
59,23,30.0
59,24,30.0
59,25,30.0
59,26,30.0
59,27,30.0
59,28,30.0
59,29,30.0
59,3,25.696106
59,4,28.528748
59,5,29.618225
59,6,29.929504
59,7,29.99176
59,8,29.999542
59,9,30.0
6,0,0.0
6,1,11.090698
6,10,29.929504
6,11,29.929504
6,12,29.929504
6,13,29.929504
6,14,29.929504
6,15,29.929504
6,16,29.929504
6,17,29.929504
6,18,29.929504
6,19,29.929504
6,2,19.973145
6,20,29.929504
6,21,29.929504
6,22,29.929504
6,23,29.929504
6,24,29.929504
6,25,29.929504
6,26,29.929504
6,27,29.939117
6,28,29.959717
6,29,30.0
6,3,25.62561
6,4,28.458252
6,5,29.54773
6,6,29.859009
6,7,29.921265
6,8,29.929047
6,9,29.929504
60,0,0.0
60,1,11.128235
60,10,30.0
60,11,30.0
60,12,30.0
60,13,30.0
60,14,30.0
60,15,30.0
60,16,30.0
60,17,30.0
60,18,30.0
60,19,30.0
60,2,20.030823
60,20,30.0
60,21,30.0
60,22,30.0
60,23,30.0
60,24,30.0
60,25,30.0
60,26,30.0
60,27,30.0
60,28,30.0
60,29,30.0
60,3,25.696106
60,4,28.528748
60,5,29.618225
60,6,29.929504
60,7,29.99176
60,8,29.999542
60,9,30.0
61,0,0.0
61,1,11.128235
61,10,30.0
61,11,30.0
61,12,30.0
61,13,30.0
61,14,30.0
61,15,30.0
61,16,30.0
61,17,30.0
61,18,30.0
61,19,30.0
61,2,20.030823
61,20,30.0
61,21,30.0
61,22,30.0
61,23,30.0
61,24,30.0
61,25,30.0
61,26,30.0
61,27,30.0
61,28,30.0
61,29,30.0
61,3,25.696106
61,4,28.528748
61,5,29.618225
61,6,29.929504
61,7,29.99176
61,8,29.999542
61,9,30.0
62,0,0.0
62,1,11.128235
62,10,30.0
62,11,30.0
62,12,30.0
62,13,30.0
62,14,30.0
62,15,30.0
62,16,30.0
62,17,30.0
62,18,30.0
62,19,30.0
62,2,20.030823
62,20,30.0
62,21,30.0
62,22,30.0
62,23,30.0
62,24,30.0
62,25,30.0
62,26,30.0
62,27,30.0
62,28,30.0
62,29,30.0
62,3,25.696106
62,4,28.528748
62,5,29.618225
62,6,29.929504
62,7,29.99176
62,8,29.999542
62,9,30.0
63,0,0.0
63,1,11.128235
63,10,30.0
63,11,30.0
63,12,30.0
63,13,30.0
63,14,30.0
63,15,30.0
63,16,30.0
63,17,30.0
63,18,30.0
63,19,30.0
63,2,20.030823
63,20,30.0
63,21,30.0
63,22,30.0
63,23,30.0
63,24,30.0
63,25,30.0
63,26,30.0
63,27,30.0
63,28,30.0
63,29,30.0
63,3,25.696106
63,4,28.528748
63,5,29.618225
63,6,29.929504
63,7,29.99176
63,8,29.999542
63,9,30.0
64,0,0.0
64,1,11.128235
64,10,30.0
64,11,30.0
64,12,30.0
64,13,30.0
64,14,30.0
64,15,30.0
64,16,30.0
64,17,30.0
64,18,30.0
64,19,30.0
64,2,20.030823
64,20,30.0
64,21,30.0
64,22,30.0
64,23,30.0
64,24,30.0
64,25,30.0
64,26,30.0
64,27,30.0
64,28,30.0
64,29,30.0
64,3,25.696106
64,4,28.528748
64,5,29.618225
64,6,29.929504
64,7,29.99176
64,8,29.999542
64,9,30.0
65,0,0.0
65,1,11.128235
65,10,30.0
65,11,30.0
65,12,30.0
65,13,30.0
65,14,30.0
65,15,30.0
65,16,30.0
65,17,30.0
65,18,30.0
65,19,30.0
65,2,20.030823
65,20,30.0
65,21,30.0
65,22,30.0
65,23,30.0
65,24,30.0
65,25,30.0
65,26,30.0
65,27,30.0
65,28,30.0
65,29,30.0
65,3,25.696106
65,4,28.528748
65,5,29.618225
65,6,29.929504
65,7,29.99176
65,8,29.999542
65,9,30.0
66,0,0.0
66,1,11.128235
66,10,30.0
66,11,30.0
66,12,30.0
66,13,30.0
66,14,30.0
66,15,30.0
66,16,30.0
66,17,30.0
66,18,30.0
66,19,30.0
66,2,20.030823
66,20,30.0
66,21,30.0
66,22,30.0
66,23,30.0
66,24,30.0
66,25,30.0
66,26,30.0
66,27,30.0
66,28,30.0
66,29,30.0
66,3,25.696106
66,4,28.528748
66,5,29.618225
66,6,29.929504
66,7,29.99176
66,8,29.999542
66,9,30.0
67,0,0.0
67,1,11.128235
67,10,30.0
67,11,30.0
67,12,30.0
67,13,30.0
67,14,30.0
67,15,30.0
67,16,30.0
67,17,30.0
67,18,30.0
67,19,30.0
67,2,20.030823
67,20,30.0
67,21,30.0
67,22,30.0
67,23,30.0
67,24,30.0
67,25,30.0
67,26,30.0
67,27,30.0
67,28,30.0
67,29,30.0
67,3,25.696106
67,4,28.528748
67,5,29.618225
67,6,29.929504
67,7,29.99176
67,8,29.999542
67,9,30.0
68,0,0.0
68,1,11.128235
68,10,30.0
68,11,30.0
68,12,30.0
68,13,30.0
68,14,30.0
68,15,30.0
68,16,30.0
68,17,30.0
68,18,30.0
68,19,30.0
68,2,20.030823
68,20,30.0
68,21,30.0
68,22,30.0
68,23,30.0
68,24,30.0
68,25,30.0
68,26,30.0
68,27,30.0
68,28,30.0
68,29,30.0
68,3,25.696106
68,4,28.528748
68,5,29.618225
68,6,29.929504
68,7,29.99176
68,8,29.999542
68,9,30.0
69,0,0.0
69,1,11.128235
69,10,30.0
69,11,30.0
69,12,30.0
69,13,30.0
69,14,30.0
69,15,30.0
69,16,30.0
69,17,30.0
69,18,30.0
69,19,30.0
69,2,20.030823
69,20,30.0
69,21,30.0
69,22,30.0
69,23,30.0
69,24,30.0
69,25,30.0
69,26,30.0
69,27,30.0
69,28,30.0
69,29,30.0
69,3,25.696106
69,4,28.528748
69,5,29.618225
69,6,29.929504
69,7,29.99176
69,8,29.999542
69,9,30.0
7,0,0.0
7,1,11.123657
7,10,29.99176
7,11,29.99176
7,12,29.99176
7,13,29.99176
7,14,29.99176
7,15,29.99176
7,16,29.99176
7,17,29.99176
7,18,29.99176
7,19,29.99176
7,2,20.022583
7,20,29.99176
7,21,29.99176
7,22,29.99176
7,23,29.99176
7,24,29.99176
7,25,29.99176
7,26,29.99176
7,27,29.99176
7,28,29.994965
7,29,30.0
7,3,25.687866
7,4,28.520508
7,5,29.609985
7,6,29.921265
7,7,29.98352
7,8,29.991302
7,9,29.99176
70,0,0.0
70,1,11.128235
70,10,30.0
70,11,30.0
70,12,30.0
70,13,30.0
70,14,30.0
70,15,30.0
70,16,30.0
70,17,30.0
70,18,30.0
70,19,30.0
70,2,20.030823
70,20,30.0
70,21,30.0
70,22,30.0
70,23,30.0
70,24,30.0
70,25,30.0
70,26,30.0
70,27,30.0
70,28,30.0
70,29,30.0
70,3,25.696106
70,4,28.528748
70,5,29.618225
70,6,29.929504
70,7,29.99176
70,8,29.999542
70,9,30.0
71,0,0.0
71,1,11.128235
71,10,30.0
71,11,30.0
71,12,30.0
71,13,30.0
71,14,30.0
71,15,30.0
71,16,30.0
71,17,30.0
71,18,30.0
71,19,30.0
71,2,20.030823
71,20,30.0
71,21,30.0
71,22,30.0
71,23,30.0
71,24,30.0
71,25,30.0
71,26,30.0
71,27,30.0
71,28,30.0
71,29,30.0
71,3,25.696106
71,4,28.528748
71,5,29.618225
71,6,29.929504
71,7,29.99176
71,8,29.999542
71,9,30.0
72,0,0.0
72,1,11.128235
72,10,30.0
72,11,30.0
72,12,30.0
72,13,30.0
72,14,30.0
72,15,30.0
72,16,30.0
72,17,30.0
72,18,30.0
72,19,30.0
72,2,20.030823
72,20,30.0
72,21,30.0
72,22,30.0
72,23,30.0
72,24,30.0
72,25,30.0
72,26,30.0
72,27,30.0
72,28,30.0
72,29,30.0
72,3,25.696106
72,4,28.528748
72,5,29.618225
72,6,29.929504
72,7,29.99176
72,8,29.999542
72,9,30.0
73,0,0.0
73,1,11.128235
73,10,30.0
73,11,30.0
73,12,30.0
73,13,30.0
73,14,30.0
73,15,30.0
73,16,30.0
73,17,30.0
73,18,30.0
73,19,30.0
73,2,20.030823
73,20,30.0
73,21,30.0
73,22,30.0
73,23,30.0
73,24,30.0
73,25,30.0
73,26,30.0
73,27,30.0
73,28,30.0
73,29,30.0
73,3,25.696106
73,4,28.528748
73,5,29.618225
73,6,29.929504
73,7,29.99176
73,8,29.999542
73,9,30.0
74,0,0.0
74,1,11.128235
74,10,30.0
74,11,30.0
74,12,30.0
74,13,30.0
74,14,30.0
74,15,30.0
74,16,30.0
74,17,30.0
74,18,30.0
74,19,30.0
74,2,20.030823
74,20,30.0
74,21,30.0
74,22,30.0
74,23,30.0
74,24,30.0
74,25,30.0
74,26,30.0
74,27,30.0
74,28,30.0
74,29,30.0
74,3,25.696106
74,4,28.528748
74,5,29.618225
74,6,29.929504
74,7,29.99176
74,8,29.999542
74,9,30.0
75,0,0.0
75,1,11.128235
75,10,30.0
75,11,30.0
75,12,30.0
75,13,30.0
75,14,30.0
75,15,30.0
75,16,30.0
75,17,30.0
75,18,30.0
75,19,30.0
75,2,20.030823
75,20,30.0
75,21,30.0
75,22,30.0
75,23,30.0
75,24,30.0
75,25,30.0
75,26,30.0
75,27,30.0
75,28,30.0
75,29,30.0
75,3,25.696106
75,4,28.528748
75,5,29.618225
75,6,29.929504
75,7,29.99176
75,8,29.999542
75,9,30.0
76,0,0.0
76,1,11.128235
76,10,30.0
76,11,30.0
76,12,30.0
76,13,30.0
76,14,30.0
76,15,30.0
76,16,30.0
76,17,30.0
76,18,30.0
76,19,30.0
76,2,20.030823
76,20,30.0
76,21,30.0
76,22,30.0
76,23,30.0
76,24,30.0
76,25,30.0
76,26,30.0
76,27,30.0
76,28,30.0
76,29,30.0
76,3,25.696106
76,4,28.528748
76,5,29.618225
76,6,29.929504
76,7,29.99176
76,8,29.999542
76,9,30.0
77,0,0.0
77,1,11.128235
77,10,30.0
77,11,30.0
77,12,30.0
77,13,30.0
77,14,30.0
77,15,30.0
77,16,30.0
77,17,30.0
77,18,30.0
77,19,30.0
77,2,20.030823
77,20,30.0
77,21,30.0
77,22,30.0
77,23,30.0
77,24,30.0
77,25,30.0
77,26,30.0
77,27,30.0
77,28,30.0
77,29,30.0
77,3,25.696106
77,4,28.528748
77,5,29.618225
77,6,29.929504
77,7,29.99176
77,8,29.999542
77,9,30.0
78,0,0.0
78,1,11.128235
78,10,30.0
78,11,30.0
78,12,30.0
78,13,30.0
78,14,30.0
78,15,30.0
78,16,30.0
78,17,30.0
78,18,30.0
78,19,30.0
78,2,20.030823
78,20,30.0
78,21,30.0
78,22,30.0
78,23,30.0
78,24,30.0
78,25,30.0
78,26,30.0
78,27,30.0
78,28,30.0
78,29,30.0
78,3,25.696106
78,4,28.528748
78,5,29.618225
78,6,29.929504
78,7,29.99176
78,8,29.999542
78,9,30.0
79,0,0.0
79,1,11.128235
79,10,30.0
79,11,30.0
79,12,30.0
79,13,30.0
79,14,30.0
79,15,30.0
79,16,30.0
79,17,30.0
79,18,30.0
79,19,30.0
79,2,20.030823
79,20,30.0
79,21,30.0
79,22,30.0
79,23,30.0
79,24,30.0
79,25,30.0
79,26,30.0
79,27,30.0
79,28,30.0
79,29,30.0
79,3,25.696106
79,4,28.528748
79,5,29.618225
79,6,29.929504
79,7,29.99176
79,8,29.999542
79,9,30.0
8,0,0.0
8,1,11.127777
8,10,29.999542
8,11,29.999542
8,12,29.999542
8,13,29.999542
8,14,29.999542
8,15,29.999542
8,16,29.999542
8,17,29.999542
8,18,29.999542
8,19,29.999542
8,2,20.030365
8,20,29.999542
8,21,29.999542
8,22,29.999542
8,23,29.999542
8,24,29.999542
8,25,29.999542
8,26,29.999542
8,27,29.999542
8,28,29.999542
8,29,30.0
8,3,25.695648
8,4,28.52829
8,5,29.617767
8,6,29.929047
8,7,29.991302
8,8,29.999084
8,9,29.999542
80,0,0.0
80,1,11.128235
80,10,30.0
80,11,30.0
80,12,30.0
80,13,30.0
80,14,30.0
80,15,30.0
80,16,30.0
80,17,30.0
80,18,30.0
80,19,30.0
80,2,20.030823
80,20,30.0
80,21,30.0
80,22,30.0
80,23,30.0
80,24,30.0
80,25,30.0
80,26,30.0
80,27,30.0
80,28,30.0
80,29,30.0
80,3,25.696106
80,4,28.528748
80,5,29.618225
80,6,29.929504
80,7,29.99176
80,8,29.999542
80,9,30.0
81,0,0.0
81,1,11.128235
81,10,30.0
81,11,30.0
81,12,30.0
81,13,30.0
81,14,30.0
81,15,30.0
81,16,30.0
81,17,30.0
81,18,30.0
81,19,30.0
81,2,20.030823
81,20,30.0
81,21,30.0
81,22,30.0
81,23,30.0
81,24,30.0
81,25,30.0
81,26,30.0
81,27,30.0
81,28,30.0
81,29,30.0
81,3,25.696106
81,4,28.528748
81,5,29.618225
81,6,29.929504
81,7,29.99176
81,8,29.999542
81,9,30.0
82,0,0.0
82,1,11.128235
82,10,30.0
82,11,30.0
82,12,30.0
82,13,30.0
82,14,30.0
82,15,30.0
82,16,30.0
82,17,30.0
82,18,30.0
82,19,30.0
82,2,20.030823
82,20,30.0
82,21,30.0
82,22,30.0
82,23,30.0
82,24,30.0
82,25,30.0
82,26,30.0
82,27,30.0
82,28,30.0
82,29,30.0
82,3,25.696106
82,4,28.528748
82,5,29.618225
82,6,29.929504
82,7,29.99176
82,8,29.999542
82,9,30.0
83,0,0.0
83,1,11.128235
83,10,30.0
83,11,30.0
83,12,30.0
83,13,30.0
83,14,30.0
83,15,30.0
83,16,30.0
83,17,30.0
83,18,30.0
83,19,30.0
83,2,20.030823
83,20,30.0
83,21,30.0
83,22,30.0
83,23,30.0
83,24,30.0
83,25,30.0
83,26,30.0
83,27,30.0
83,28,30.0
83,29,30.0
83,3,25.696106
83,4,28.528748
83,5,29.618225
83,6,29.929504
83,7,29.99176
83,8,29.999542
83,9,30.0
84,0,0.0
84,1,11.128235
84,10,30.0
84,11,30.0
84,12,30.0
84,13,30.0
84,14,30.0
84,15,30.0
84,16,30.0
84,17,30.0
84,18,30.0
84,19,30.0
84,2,20.030823
84,20,30.0
84,21,30.0
84,22,30.0
84,23,30.0
84,24,30.0
84,25,30.0
84,26,30.0
84,27,30.0
84,28,30.0
84,29,30.0
84,3,25.696106
84,4,28.528748
84,5,29.618225
84,6,29.929504
84,7,29.99176
84,8,29.999542
84,9,30.0
85,0,0.0
85,1,11.128235
85,10,30.0
85,11,30.0
85,12,30.0
85,13,30.0
85,14,30.0
85,15,30.0
85,16,30.0
85,17,30.0
85,18,30.0
85,19,30.0
85,2,20.030823
85,20,30.0
85,21,30.0
85,22,30.0
85,23,30.0
85,24,30.0
85,25,30.0
85,26,30.0
85,27,30.0
85,28,30.0
85,29,30.0
85,3,25.696106
85,4,28.528748
85,5,29.618225
85,6,29.929504
85,7,29.99176
85,8,29.999542
85,9,30.0
86,0,0.0
86,1,11.128235
86,10,30.0
86,11,30.0
86,12,30.0
86,13,30.0
86,14,30.0
86,15,30.0
86,16,30.0
86,17,30.0
86,18,30.0
86,19,30.0
86,2,20.030823
86,20,30.0
86,21,30.0
86,22,30.0
86,23,30.0
86,24,30.0
86,25,30.0
86,26,30.0
86,27,30.0
86,28,30.0
86,29,30.0
86,3,25.696106
86,4,28.528748
86,5,29.618225
86,6,29.929504
86,7,29.99176
86,8,29.999542
86,9,30.0
87,0,0.0
87,1,11.128235
87,10,30.0
87,11,30.0
87,12,30.0
87,13,30.0
87,14,30.0
87,15,30.0
87,16,30.0
87,17,30.0
87,18,30.0
87,19,30.0
87,2,20.030823
87,20,30.0
87,21,30.0
87,22,30.0
87,23,30.0
87,24,30.0
87,25,30.0
87,26,30.0
87,27,30.0
87,28,30.0
87,29,30.0
87,3,25.696106
87,4,28.528748
87,5,29.618225
87,6,29.929504
87,7,29.99176
87,8,29.999542
87,9,30.0
88,0,0.0
88,1,11.128235
88,10,30.0
88,11,30.0
88,12,30.0
88,13,30.0
88,14,30.0
88,15,30.0
88,16,30.0
88,17,30.0
88,18,30.0
88,19,30.0
88,2,20.030823
88,20,30.0
88,21,30.0
88,22,30.0
88,23,30.0
88,24,30.0
88,25,30.0
88,26,30.0
88,27,30.0
88,28,30.0
88,29,30.0
88,3,25.696106
88,4,28.528748
88,5,29.618225
88,6,29.929504
88,7,29.99176
88,8,29.999542
88,9,30.0
89,0,0.0
89,1,11.128235
89,10,30.0
89,11,30.0
89,12,30.0
89,13,30.0
89,14,30.0
89,15,30.0
89,16,30.0
89,17,30.0
89,18,30.0
89,19,30.0
89,2,20.030823
89,20,30.0
89,21,30.0
89,22,30.0
89,23,30.0
89,24,30.0
89,25,30.0
89,26,30.0
89,27,30.0
89,28,30.0
89,29,30.0
89,3,25.696106
89,4,28.528748
89,5,29.618225
89,6,29.929504
89,7,29.99176
89,8,29.999542
89,9,30.0
9,0,0.0
9,1,11.128235
9,10,30.0
9,11,30.0
9,12,30.0
9,13,30.0
9,14,30.0
9,15,30.0
9,16,30.0
9,17,30.0
9,18,30.0
9,19,30.0
9,2,20.030823
9,20,30.0
9,21,30.0
9,22,30.0
9,23,30.0
9,24,30.0
9,25,30.0
9,26,30.0
9,27,30.0
9,28,30.0
9,29,30.0
9,3,25.696106
9,4,28.528748
9,5,29.618225
9,6,29.929504
9,7,29.99176
9,8,29.999542
9,9,30.0
90,0,0.0
90,1,11.128235
90,10,30.0
90,11,30.0
90,12,30.0
90,13,30.0
90,14,30.0
90,15,30.0
90,16,30.0
90,17,30.0
90,18,30.0
90,19,30.0
90,2,20.030823
90,20,30.0
90,21,30.0
90,22,30.0
90,23,30.0
90,24,30.0
90,25,30.0
90,26,30.0
90,27,30.0
90,28,30.0
90,29,30.0
90,3,25.696106
90,4,28.528748
90,5,29.618225
90,6,29.929504
90,7,29.99176
90,8,29.999542
90,9,30.0
91,0,0.0
91,1,11.129303
91,10,30.001068
91,11,30.001068
91,12,30.001068
91,13,30.001068
91,14,30.001068
91,15,30.001068
91,16,30.001068
91,17,30.001068
91,18,30.001068
91,19,30.001068
91,2,20.03189
91,20,30.001068
91,21,30.001068
91,22,30.001068
91,23,30.001068
91,24,30.001068
91,25,30.001068
91,26,30.001068
91,27,30.001068
91,28,30.001068
91,29,30.0
91,3,25.697174
91,4,28.529816
91,5,29.619293
91,6,29.930573
91,7,29.992828
91,8,30.00061
91,9,30.001068
92,0,0.0
92,1,11.140442
92,10,30.019226
92,11,30.019226
92,12,30.019226
92,13,30.019226
92,14,30.019226
92,15,30.019226
92,16,30.019226
92,17,30.019226
92,18,30.019226
92,19,30.019226
92,2,20.050049
92,20,30.019226
92,21,30.019226
92,22,30.019226
92,23,30.019226
92,24,30.019226
92,25,30.019226
92,26,30.019226
92,27,30.019226
92,28,30.01175
92,29,30.0
92,3,25.715332
92,4,28.547974
92,5,29.637451
92,6,29.94873
92,7,30.010986
92,8,30.018768
92,9,30.019226
93,0,0.0
93,1,11.224976
93,10,30.16449
93,11,30.16449
93,12,30.16449
93,13,30.16449
93,14,30.16449
93,15,30.16449
93,16,30.16449
93,17,30.16449
93,18,30.16449
93,19,30.16449
93,2,20.176086
93,20,30.16449
93,21,30.16449
93,22,30.16449
93,23,30.16449
93,24,30.16449
93,25,30.16449
93,26,30.16449
93,27,30.14206
93,28,30.093994
93,29,30.0
93,3,25.860596
93,4,28.693237
93,5,29.782715
93,6,30.093994
93,7,30.15625
93,8,30.164032
93,9,30.16449
94,0,0.0
94,1,11.605835
94,10,30.890808
94,11,30.890808
94,12,30.890808
94,13,30.890808
94,14,30.890808
94,15,30.890808
94,16,30.890808
94,17,30.890808
94,18,30.890808
94,19,30.890808
94,2,20.80017
94,20,30.890808
94,21,30.890808
94,22,30.890808
94,23,30.890808
94,24,30.890808
94,25,30.890808
94,26,30.853424
94,27,30.751953
94,28,30.45288
94,29,30.0
94,3,26.559143
94,4,29.419556
94,5,30.509033
94,6,30.820312
94,7,30.882568
94,8,30.89035
94,9,30.890808
95,0,0.0
95,1,12.975464
95,10,33.432922
95,11,33.432922
95,12,33.432922
95,13,33.432922
95,14,33.432922
95,15,33.432922
95,16,33.432922
95,17,33.432922
95,18,33.432922
95,19,33.432922
95,2,22.924194
95,20,33.432922
95,21,33.432922
95,22,33.432922
95,23,33.432922
95,24,33.432922
95,25,33.39554
95,26,33.272705
95,27,32.7771
95,28,31.73462
95,29,30.0
95,3,29.015503
95,4,31.940308
95,5,33.051147
95,6,33.362427
95,7,33.424683
95,8,33.432465
95,9,33.432922
96,0,0.0
96,1,16.76941
96,10,40.04242
96,11,40.04242
96,12,40.04242
96,13,40.04242
96,14,40.04242
96,15,40.04242
96,16,40.04242
96,17,40.04242
96,18,40.04242
96,19,40.04242
96,2,28.700562
96,20,40.04242
96,21,40.04242
96,22,40.04242
96,23,40.04242
96,24,40.01999
96,25,39.93347
96,26,39.474182
96,27,38.220215
96,28,35.144043
96,29,30.0
96,3,35.41382
96,4,38.530884
96,5,39.654236
96,6,39.971924
96,7,40.03418
96,8,40.04196
96,9,40.04242
97,0,0.0
97,1,26.029663
97,10,53.261414
97,11,53.261414
97,12,53.261414
97,13,53.261414
97,14,53.261414
97,15,53.261414
97,16,53.261414
97,17,53.261414
97,18,53.261414
97,19,53.261414
97,2,41.207275
97,20,53.261414
97,21,53.261414
97,22,53.261414
97,23,53.253937
97,24,53.220825
97,25,52.990112
97,26,52.212524
97,27,49.612732
97,28,43.133545
97,29,30.0
97,3,48.689575
97,4,51.799927
97,5,52.89856
97,6,53.193054
97,7,53.253174
97,8,53.260956
97,9,53.261414
98,0,0.0
98,1,47.30835
98,10,74.03412
98,11,74.03412
98,12,74.03412
98,13,74.03412
98,14,74.03412
98,15,74.03412
98,16,74.03412
98,17,74.03412
98,18,74.03412
98,19,74.03412
98,2,64.280396
98,20,74.03412
98,21,74.03412
98,22,74.03305
98,23,74.02771
98,24,73.97644
98,25,73.77136
98,26,72.874146
98,27,69.90906
98,28,60.28961
98,29,30.0
98,3,70.669556
98,4,73.027954
98,5,73.78235
98,6,73.98743
98,7,74.028015
98,8,74.03366
98,9,74.03412
99,0,0.0
99,1,100.0
99,10,100.0
99,11,100.0
99,12,100.0
99,13,100.0
99,14,100.0
99,15,100.0
99,16,100.0
99,17,100.0
99,18,100.0
99,19,100.0
99,2,100.0
99,20,100.0
99,21,100.0
99,22,100.0
99,23,100.0
99,24,100.0
99,25,100.0
99,26,100.0
99,27,100.0
99,28,100.0
99,29,30.0
99,3,100.0
99,4,100.0
99,5,100.0
99,6,100.0
99,7,100.0
99,8,100.0
99,9,100.0
