0,0,0.0
0,1,0.0
0,10,0.0
0,11,0.0
0,12,0.0
0,13,0.0
0,14,0.0
0,15,30.0
0,2,0.0
0,3,0.0
0,4,0.0
0,5,0.0
0,6,0.0
0,7,0.0
0,8,0.0
0,9,0.0
1,0,0.0
1,1,0.63568807
1,10,5.176552
1,11,5.9456024
1,12,7.2358274
1,13,9.7365675
1,14,15.342291
1,15,30.0
1,2,1.2555983
1,3,1.8458335
1,4,2.3960786
1,5,2.9010773
1,6,3.3620608
1,7,3.7885966
1,8,4.2017927
1,9,4.640736
10,0,0.0
10,1,11.119972
10,10,49.448807
10,11,47.82418
10,12,45.03063
10,13,41.015327
10,14,35.87395
10,15,30.0
10,2,21.19443
10,3,29.67147
10,4,36.441055
10,5,41.626232
10,6,45.42176
10,7,48.007202
10,8,49.50961
10,9,49.991135
11,0,0.0
11,1,14.543741
11,10,57.063644
11,11,54.92455
11,12,51.284626
11,13,45.885956
11,14,38.636623
11,15,30.0
11,2,27.116287
11,3,37.072952
11,4,44.574726
11,5,50.036922
11,6,53.8619
11,7,56.350216
11,8,57.68492
11,9,57.935707
12,0,0.0
12,1,19.938705
12,10,65.94552
12,11,63.52576
12,12,59.29738
12,13,52.60725
12,14,42.78659
12,15,30.0
12,2,35.65403
12,3,46.929333
12,4,54.74797
12,5,60.084854
12,6,63.638695
12,7,65.84686
12,8,66.94415
12,9,67.00314
13,0,0.0
13,1,29.557053
13,10,76.18953
13,11,73.93559
13,12,69.77187
13,13,62.45908
13,14,49.90249
13,15,30.0
13,2,48.6318
13,3,60.24239
13,4,67.40297
13,5,71.91583
13,6,74.761185
13,7,76.454384
13,8,77.241684
13,9,77.18721
14,0,0.0
14,1,49.657696
14,10,87.68981
14,11,86.25522
14,12,83.39545
14,13,77.5547
14,14,64.364296
14,15,30.0
14,2,69.07374
14,3,78.005455
14,4,82.70569
14,5,85.41434
14,6,87.03583
14,7,87.967804
14,8,88.381
14,9,88.3145
15,0,0.0
15,1,100.0
15,10,100.0
15,11,100.0
15,12,100.0
15,13,100.0
15,14,100.0
15,15,30.0
15,2,100.0
15,3,100.0
15,4,100.0
15,5,100.0
15,6,100.0
15,7,100.0
15,8,100.0
15,9,100.0
2,0,0.0
2,1,1.2871543
2,10,10.119871
2,11,11.370029
2,12,13.261144
2,13,16.36815
2,14,21.632597
2,15,30.0
2,2,2.5408728
2,3,3.7316585
2,4,4.8374057
2,5,5.846173
2,6,6.7585716
2,7,7.590536
2,8,8.37784
2,9,9.184603
3,0,0.0
3,1,1.9720578
3,10,14.748306
3,11,16.153505
3,12,18.070568
3,13,20.8423
3,14,24.819944
3,15,30.0
3,2,3.8890815
3,3,5.702526
3,4,7.3757153
3,5,8.887641
3,6,10.23552
3,7,11.437141
3,8,12.534431
3,9,13.59997
4,0,0.0
4,1,2.7119966
4,10,19.11988
4,11,20.425123
4,12,22.025328
4,13,24.110542
4,14,26.80488
4,15,30.0
4,2,5.3408732
4,3,7.8136516
4,4,10.075294
4,5,12.093163
4,6,13.858734
4,7,15.388083
4,8,16.722786
4,9,17.932545
5,0,0.0
5,1,3.5350575
5,10,23.373558
5,11,24.40178
5,12,25.495087
5,13,26.769665
5,14,28.289036
5,15,30.0
5,2,6.948766
5,3,10.135921
5,4,13.018652
5,5,15.550984
5,6,17.71818
5,7,19.533684
5,8,21.036087
5,9,22.287556
6,0,0.0
6,1,4.4794693
6,10,27.685024
6,11,28.31337
6,12,28.783567
6,13,29.184004
6,14,29.5816
6,15,30.0
6,2,8.783218
6,3,12.762616
6,4,16.31242
6,5,19.373951
6,6,21.929333
6,7,23.992393
6,8,25.600336
6,9,26.808043
7,0,0.0
7,1,5.5996046
7,10,32.245136
7,11,32.383106
7,12,32.14183
7,13,31.60118
7,14,30.853367
7,15,30.0
7,2,10.942026
7,3,15.818913
7,4,20.09447
7,5,23.70308
7,6,26.632814
7,7,28.906227
7,8,30.564829
7,9,31.659267
8,0,0.0
8,1,6.976924
8,10,37.253147
8,11,36.83211
8,12,35.799465
8,13,34.225525
8,14,32.230682
8,15,30.0
8,2,13.566372
8,3,19.476551
8,4,24.543474
8,5,28.711094
8,6,31.992624
8,7,34.434895
8,8,36.093494
8,9,37.01908
9,0,0.0
9,1,8.741722
9,10,42.916275
9,11,41.89274
9,12,39.998398
9,13,37.270775
9,14,33.84385
9,15,30.0
9,2,16.869993
9,3,23.97745
9,4,29.891794
9,5,34.6052
9,6,38.191704
9,7,40.747246
9,8,42.35519
9,9,43.070415
