0,0,0.0
0,1,0.0
0,10,0.0
0,11,0.0
0,12,0.0
0,13,0.0
0,14,0.0
0,15,30.0
0,2,0.0
0,3,0.0
0,4,0.0
0,5,0.0
0,6,0.0
0,7,0.0
0,8,0.0
0,9,0.0
1,0,0.0
1,1,0.6356652
1,10,5.176457
1,11,5.9455194
1,12,7.235763
1,13,9.736522
1,14,15.342267
1,15,30.0
1,2,1.2555537
1,3,1.845769
1,4,2.395997
1,5,2.9009824
1,6,3.3619566
1,7,3.7884874
1,8,4.2016835
1,9,4.640631
10,0,0.0
10,1,11.119879
10,10,49.448414
10,11,47.823845
10,12,45.03037
10,13,41.015144
10,14,35.873856
10,15,30.0
10,2,21.194244
10,3,29.671206
10,4,36.440716
10,5,41.625835
10,6,45.421326
10,7,48.006756
10,8,49.509155
10,9,49.9907
11,0,0.0
11,1,14.543659
11,10,57.06331
11,11,54.924263
11,12,51.2844
11,13,45.885796
11,14,38.636543
11,15,30.0
11,2,27.11613
11,3,37.072723
11,4,44.574436
11,5,50.03659
11,6,53.861526
11,7,56.34983
11,8,57.68454
11,9,57.93534
12,0,0.0
12,1,19.938643
12,10,65.94526
12,11,63.52553
12,12,59.2972
12,13,52.607124
12,14,42.786526
12,15,30.0
12,2,35.653908
12,3,46.929157
12,4,54.74774
12,5,60.08459
12,6,63.638405
12,7,65.84656
12,8,66.94385
12,9,67.00286
13,0,0.0
13,1,29.557007
13,10,76.18935
13,11,73.93544
13,12,69.77175
13,13,62.458992
13,14,49.902447
13,15,30.0
13,2,48.631718
13,3,60.242268
13,4,67.40282
13,5,71.91566
13,6,74.76099
13,7,76.45417
13,8,77.24148
13,9,77.18702
14,0,0.0
14,1,49.657677
14,10,87.68971
14,11,86.255135
14,12,83.395386
14,13,77.554665
14,14,64.36427
14,15,30.0
14,2,69.0737
14,3,78.005394
14,4,82.70561
14,5,85.414246
14,6,87.03573
14,7,87.96769
14,8,88.38089
14,9,88.3144
15,0,0.0
15,1,100.0
15,10,100.0
15,11,100.0
15,12,100.0
15,13,100.0
15,14,100.0
15,15,30.0
15,2,100.0
15,3,100.0
15,4,100.0
15,5,100.0
15,6,100.0
15,7,100.0
15,8,100.0
15,9,100.0
2,0,0.0
2,1,1.2871099
2,10,10.119684
2,11,11.36987
2,12,13.261017
2,13,16.368063
2,14,21.632551
2,15,30.0
2,2,2.5407853
2,3,3.7315328
2,4,4.8372455
2,5,5.8459873
2,6,6.7583666
2,7,7.590323
2,8,8.377625
2,9,9.184399
3,0,0.0
3,1,1.9719933
3,10,14.748037
3,11,16.153275
3,12,18.070385
3,13,20.842175
3,14,24.819878
3,15,30.0
3,2,3.8889556
3,3,5.702343
3,4,7.3754854
3,5,8.887372
3,6,10.235226
3,7,11.436832
3,8,12.534124
3,9,13.599673
4,0,0.0
4,1,2.711915
4,10,19.11954
4,11,20.424831
4,12,22.025097
4,13,24.110382
4,14,26.804798
4,15,30.0
4,2,5.340714
4,3,7.813422
4,4,10.075003
4,5,12.092823
4,6,13.858362
4,7,15.387694
4,8,16.722393
4,9,17.932173
5,0,0.0
5,1,3.534963
5,10,23.373161
5,11,24.401443
5,12,25.494814
5,13,26.769478
5,14,28.28894
5,15,30.0
5,2,6.9485807
5,3,10.135653
5,4,13.018314
5,5,15.550589
5,6,17.717747
5,7,19.533226
5,8,21.035633
5,9,22.28712
6,0,0.0
6,1,4.4793653
6,10,27.684587
6,11,28.312992
6,12,28.783276
6,13,29.183798
6,14,29.581495
6,15,30.0
6,2,8.783014
6,3,12.762321
6,4,16.312048
6,5,19.373518
6,6,21.928854
6,7,23.991894
6,8,25.599834
6,9,26.807564
7,0,0.0
7,1,5.5994954
7,10,32.24468
7,11,32.382717
7,12,32.141518
7,13,31.600964
7,14,30.853256
7,15,30.0
7,2,10.941813
7,3,15.818605
7,4,20.094082
7,5,23.702625
7,6,26.632315
7,7,28.905708
7,8,30.564306
7,9,31.65877
8,0,0.0
8,1,6.976815
8,10,37.252693
8,11,36.831726
8,12,35.799156
8,13,34.22531
8,14,32.230576
8,15,30.0
8,2,13.566159
8,3,19.476244
8,4,24.543085
8,5,28.710638
8,6,31.992125
8,7,34.434372
8,8,36.09297
8,9,37.018578
9,0,0.0
9,1,8.741617
9,10,42.91584
9,11,41.892372
9,12,39.99811
9,13,37.27057
9,14,33.84375
9,15,30.0
9,2,16.86979
9,3,23.977156
9,4,29.89142
9,5,34.604767
9,6,38.191227
9,7,40.746746
9,8,42.35469
9,9,43.069942
