0,0,0.0
0,1,0.0
0,10,0.0
0,11,0.0
0,12,0.0
0,13,0.0
0,14,0.0
0,15,30.0
0,2,0.0
0,3,0.0
0,4,0.0
0,5,0.0
0,6,0.0
0,7,0.0
0,8,0.0
0,9,0.0
1,0,0.0
1,1,0.634212
1,10,5.1703715
1,11,5.940295
1,12,7.2316284
1,13,9.733661
1,14,15.340805
1,15,30.0
1,2,1.2527102
1,3,1.8416582
1,4,2.3907971
1,5,2.8949192
1,6,3.3552933
1,7,3.781515
1,8,4.194705
1,9,4.633954
10,0,0.0
10,1,11.113716
10,10,49.42262
10,11,47.801697
10,12,45.01284
10,13,41.00301
10,14,35.867653
10,15,30.0
10,2,21.18219
10,3,29.653774
10,4,36.41867
10,5,41.600136
10,6,45.39308
10,7,47.977196
10,8,49.479576
10,9,49.962395
11,0,0.0
11,1,14.538364
11,10,57.041134
11,11,54.905224
11,12,51.269333
11,13,45.87537
11,14,38.63121
11,15,30.0
11,2,27.105764
11,3,37.05774
11,4,44.55548
11,5,50.01449
11,6,53.837242
11,7,56.32442
11,8,57.659103
11,9,57.911007
12,0,0.0
12,1,19.934444
12,10,65.92769
12,11,63.51045
12,12,59.28526
12,13,52.59886
12,14,42.782303
12,15,30.0
12,2,35.645695
12,3,46.917282
12,4,54.732727
12,5,60.067078
12,6,63.619167
12,7,65.82642
12,8,66.9237
12,9,66.98358
13,0,0.0
13,1,29.554098
13,10,76.177185
13,11,73.92499
13,12,69.76348
13,13,62.45327
13,14,49.89952
13,15,30.0
13,2,48.626026
13,3,60.23404
13,4,67.39241
13,5,71.90352
13,6,74.74766
13,7,76.44022
13,8,77.227516
13,9,77.17366
14,0,0.0
14,1,49.656185
14,10,87.683495
14,11,86.24979
14,12,83.39116
14,13,77.55174
14,14,64.36278
14,15,30.0
14,2,69.070786
14,3,78.00118
14,4,82.70029
14,5,85.408035
14,6,87.02891
14,7,87.960556
14,8,88.37375
14,9,88.30757
15,0,0.0
15,1,100.0
15,10,100.0
15,11,100.0
15,12,100.0
15,13,100.0
15,14,100.0
15,15,30.0
15,2,100.0
15,3,100.0
15,4,100.0
15,5,100.0
15,6,100.0
15,7,100.0
15,8,100.0
15,9,100.0
2,0,0.0
2,1,1.2842648
2,10,10.107773
2,11,11.359641
2,12,13.252924
2,13,16.362461
2,14,21.629688
2,15,30.0
2,2,2.5352182
2,3,3.7234845
2,4,4.8270655
2,5,5.834116
2,6,6.745322
2,7,7.576671
2,8,8.363965
2,9,9.171324
3,0,0.0
3,1,1.9678767
3,10,14.730799
3,11,16.138474
3,12,18.058674
3,13,20.834068
3,14,24.815735
3,15,30.0
3,2,3.8809004
3,3,5.6906986
3,4,7.360754
3,5,8.870195
3,6,10.21635
3,7,11.41708
3,8,12.514356
3,9,13.580757
4,0,0.0
4,1,2.7067018
4,10,19.097712
4,11,20.406086
4,12,22.010265
4,13,24.100115
4,14,26.79955
4,15,30.0
4,2,5.330512
4,3,7.7986736
4,4,10.056347
4,5,12.071069
4,6,13.8344555
4,7,15.362679
4,8,16.697361
4,9,17.908215
5,0,0.0
5,1,3.5288746
5,10,23.34767
5,11,24.379557
5,12,25.477495
5,13,26.757492
5,14,28.28281
5,15,30.0
5,2,6.9366684
5,3,10.118431
5,4,12.996529
5,5,15.525188
5,6,17.689833
5,7,19.504017
5,8,21.006401
5,9,22.259148
6,0,0.0
6,1,4.4726644
6,10,27.656532
6,11,28.288902
6,12,28.764212
6,13,29.1706
6,14,29.574749
6,15,30.0
6,2,8.769902
6,3,12.743366
6,4,16.28807
6,5,19.345558
6,6,21.898129
6,7,23.95974
6,8,25.567661
6,9,26.776773
7,0,0.0
7,1,5.592471
7,10,32.215267
7,11,32.357468
7,12,32.121536
7,13,31.587133
7,14,30.846182
7,15,30.0
7,2,10.928068
7,3,15.798737
7,4,20.068947
7,5,23.673317
7,6,26.600107
7,7,28.872005
7,8,30.53058
7,9,31.626492
8,0,0.0
8,1,6.9697733
8,10,37.223213
8,11,36.806408
8,12,35.779125
8,13,34.21144
8,14,32.223488
8,15,30.0
8,2,13.55238
8,3,19.456322
8,4,24.517887
8,5,28.68126
8,6,31.959839
8,7,34.40059
8,8,36.059166
8,9,36.98622
9,0,0.0
9,1,8.734867
9,10,42.887577
9,11,41.868103
9,12,39.978905
9,13,37.257282
9,14,33.836952
9,15,30.0
9,2,16.85658
9,3,23.958061
9,4,29.867268
9,5,34.576607
9,6,38.16028
9,7,40.714363
9,8,42.32228
9,9,43.038925
