0,0,0.0
0,1,0.0
0,10,0.0
0,11,0.0
0,12,0.0
0,13,0.0
0,14,0.0
0,15,30.0
0,2,0.0
0,3,0.0
0,4,0.0
0,5,0.0
0,6,0.0
0,7,0.0
0,8,0.0
0,9,0.0
1,0,0.0
1,1,0.63541985
1,10,5.1754346
1,11,5.944643
1,12,7.2350693
1,13,9.736042
1,14,15.342022
1,15,30.0
1,2,1.2550737
1,3,1.8450754
1,4,2.3951197
1,5,2.8999605
1,6,3.360834
1,7,3.787314
1,8,4.20051
1,9,4.639509
10,0,0.0
10,1,11.118854
10,10,49.444145
10,11,47.82018
10,12,45.02747
10,13,41.013138
10,14,35.872833
10,15,30.0
10,2,21.192242
10,3,29.668308
10,4,36.437057
10,5,41.621574
10,6,45.41664
10,7,48.001854
10,8,49.50426
10,9,49.986015
11,0,0.0
11,1,14.542782
11,10,57.059643
11,11,54.92112
11,12,51.28191
11,13,45.88408
11,14,38.635662
11,15,30.0
11,2,27.114412
11,3,37.07024
11,4,44.571293
11,5,50.032925
11,6,53.85751
11,7,56.345627
11,8,57.680325
11,9,57.93132
12,0,0.0
12,1,19.937946
12,10,65.94235
12,11,63.523045
12,12,59.29523
12,13,52.605766
12,14,42.785835
12,15,30.0
12,2,35.652546
12,3,46.92719
12,4,54.74526
12,5,60.081696
12,6,63.635223
12,7,65.84323
12,8,66.94052
12,9,66.99967
13,0,0.0
13,1,29.556526
13,10,76.18735
13,11,73.933716
13,12,69.770386
13,13,62.458054
13,14,49.90197
13,15,30.0
13,2,48.63078
13,3,60.240906
13,4,67.40109
13,5,71.91365
13,6,74.75879
13,7,76.45187
13,8,77.23917
13,9,77.184814
14,0,0.0
14,1,49.657433
14,10,87.68869
14,11,86.25426
14,12,83.394684
14,13,77.554184
14,14,64.36403
14,15,30.0
14,2,69.07321
14,3,78.0047
14,4,82.70473
14,5,85.41322
14,6,87.03461
14,7,87.96652
14,8,88.379715
14,9,88.31328
15,0,0.0
15,1,100.0
15,10,100.0
15,11,100.0
15,12,100.0
15,13,100.0
15,14,100.0
15,15,30.0
15,2,100.0
15,3,100.0
15,4,100.0
15,5,100.0
15,6,100.0
15,7,100.0
15,8,100.0
15,9,100.0
2,0,0.0
2,1,1.2866297
2,10,10.117685
2,11,11.368153
2,12,13.25966
2,13,16.367125
2,14,21.632072
2,15,30.0
2,2,2.5398464
2,3,3.730175
2,4,4.83553
2,5,5.8439865
2,6,6.756171
2,7,7.588026
2,8,8.37533
2,9,9.182203
3,0,0.0
3,1,1.9712995
3,10,14.745147
3,11,16.150795
3,12,18.068424
3,13,20.840818
3,14,24.819183
3,15,30.0
3,2,3.887598
3,3,5.700382
3,4,7.373004
3,5,8.884482
3,6,10.232051
3,7,11.433514
3,8,12.530805
3,9,13.5965
4,0,0.0
4,1,2.7110376
4,10,19.115887
4,11,20.421692
4,12,22.022617
4,13,24.108665
4,14,26.80392
4,15,30.0
4,2,5.3389974
4,3,7.8109407
4,4,10.071866
4,5,12.089167
4,6,13.854349
4,7,15.383496
4,8,16.718197
4,9,17.928158
5,0,0.0
5,1,3.53394
5,10,23.3689
5,11,24.397785
5,12,25.491924
5,13,26.767479
5,14,28.287918
5,15,30.0
5,2,6.94658
5,3,10.132761
5,4,13.014658
5,5,15.5463295
5,6,17.713068
5,7,19.52834
5,8,21.03074
5,9,22.282444
6,0,0.0
6,1,4.478242
6,10,27.679909
6,11,28.308979
6,12,28.780096
6,13,29.181599
6,14,29.580372
6,15,30.0
6,2,8.780817
6,3,12.759146
6,4,16.308033
6,5,19.36884
6,6,21.923717
6,7,23.986519
6,8,25.594463
6,9,26.802425
7,0,0.0
7,1,5.5983205
7,10,32.239784
7,11,32.378517
7,12,32.1382
7,13,31.598665
7,14,30.852083
7,15,30.0
7,2,10.939514
7,3,15.815285
7,4,20.08988
7,5,23.697731
7,6,26.62694
7,7,28.90009
7,8,30.558687
7,9,31.653395
8,0,0.0
8,1,6.97564
8,10,37.247795
8,11,36.827522
8,12,35.795834
8,13,34.223015
8,14,32.2294
8,15,30.0
8,2,13.563861
8,3,19.47292
8,4,24.538885
8,5,28.705744
8,6,31.98675
8,7,34.428753
8,8,36.087353
8,9,37.013203
9,0,0.0
9,1,8.740494
9,10,42.911156
9,11,41.88835
9,12,39.994926
9,13,37.26837
9,14,33.842625
9,15,30.0
9,2,16.867588
9,3,23.973978
9,4,29.887402
9,5,34.60009
9,6,38.18609
9,7,40.74137
9,8,42.34931
9,9,43.064796
