0,0,0.0
0,1,0.0
0,10,0.0
0,11,0.0
0,12,0.0
0,13,0.0
0,14,0.0
0,15,30.0
0,2,0.0
0,3,0.0
0,4,0.0
0,5,0.0
0,6,0.0
0,7,0.0
0,8,0.0
0,9,0.0
1,0,0.0
1,1,0.6356865
1,10,5.1765456
1,11,5.945596
1,12,7.2358236
1,13,9.736565
1,14,15.342289
1,15,30.0
1,2,1.2555954
1,3,1.8458292
1,4,2.3960733
1,5,2.901071
1,6,3.3620539
1,7,3.7885895
1,8,4.201786
1,9,4.6407294
10,0,0.0
10,1,11.119966
10,10,49.44878
10,11,47.824158
10,12,45.030617
10,13,41.015312
10,14,35.873943
10,15,30.0
10,2,21.194416
10,3,29.671452
10,4,36.441032
10,5,41.626205
10,6,45.42173
10,7,48.007175
10,8,49.509583
10,9,49.991104
11,0,0.0
11,1,14.5437355
11,10,57.06362
11,11,54.924534
11,12,51.284615
11,13,45.88595
11,14,38.63662
11,15,30.0
11,2,27.116276
11,3,37.07294
11,4,44.574707
11,5,50.036907
11,6,53.861877
11,7,56.350193
11,8,57.68489
11,9,57.935684
12,0,0.0
12,1,19.938702
12,10,65.945496
12,11,63.52574
12,12,59.297363
12,13,52.607246
12,14,42.78659
12,15,30.0
12,2,35.654026
12,3,46.929325
12,4,54.747955
12,5,60.08484
12,6,63.63868
12,7,65.84683
12,8,66.94413
12,9,67.00312
13,0,0.0
13,1,29.557047
13,10,76.189514
13,11,73.93558
13,12,69.771866
13,13,62.459076
13,14,49.90249
13,15,30.0
13,2,48.631798
13,3,60.242386
13,4,67.40296
13,5,71.915825
13,6,74.76117
13,7,76.45436
13,8,77.24167
13,9,77.187195
14,0,0.0
14,1,49.657692
14,10,87.689804
14,11,86.2552
14,12,83.39545
14,13,77.5547
14,14,64.364296
14,15,30.0
14,2,69.07373
14,3,78.00545
14,4,82.70569
14,5,85.41434
14,6,87.03583
14,7,87.96779
14,8,88.38099
14,9,88.3145
15,0,0.0
15,1,100.0
15,10,100.0
15,11,100.0
15,12,100.0
15,13,100.0
15,14,100.0
15,15,30.0
15,2,100.0
15,3,100.0
15,4,100.0
15,5,100.0
15,6,100.0
15,7,100.0
15,8,100.0
15,9,100.0
2,0,0.0
2,1,1.2871515
2,10,10.11986
2,11,11.370019
2,12,13.261135
2,13,16.368145
2,14,21.632593
2,15,30.0
2,2,2.540867
2,3,3.7316504
2,4,4.8373947
2,5,5.846161
2,6,6.7585583
2,7,7.590523
2,8,8.377826
2,9,9.18459
3,0,0.0
3,1,1.9720536
3,10,14.748288
3,11,16.153492
3,12,18.070557
3,13,20.842293
3,14,24.819939
3,15,30.0
3,2,3.8890734
3,3,5.7025137
3,4,7.3757
3,5,8.887623
3,6,10.235501
3,7,11.437121
3,8,12.534412
3,9,13.599951
4,0,0.0
4,1,2.711991
4,10,19.119858
4,11,20.425102
4,12,22.025314
4,13,24.11053
4,14,26.804874
4,15,30.0
4,2,5.340863
4,3,7.8136363
4,4,10.075274
4,5,12.09314
4,6,13.858709
4,7,15.38806
4,8,16.72276
4,9,17.932524
5,0,0.0
5,1,3.5350513
5,10,23.373535
5,11,24.40176
5,12,25.495068
5,13,26.769653
5,14,28.289028
5,15,30.0
5,2,6.9487534
5,3,10.135903
5,4,13.01863
5,5,15.550959
5,6,17.718155
5,7,19.533653
5,8,21.03606
5,9,22.287527
6,0,0.0
6,1,4.4794626
6,10,27.684996
6,11,28.313345
6,12,28.78355
6,13,29.183989
6,14,29.581594
6,15,30.0
6,2,8.783205
6,3,12.762596
6,4,16.312397
6,5,19.373924
6,6,21.9293
6,7,23.992361
6,8,25.600304
6,9,26.808014
7,0,0.0
7,1,5.599597
7,10,32.24511
7,11,32.383087
7,12,32.14181
7,13,31.601166
7,14,30.853357
7,15,30.0
7,2,10.942012
7,3,15.818893
7,4,20.094444
7,5,23.703049
7,6,26.632782
7,7,28.906197
7,8,30.564796
7,9,31.659237
8,0,0.0
8,1,6.9769163
8,10,37.25312
8,11,36.83209
8,12,35.799446
8,13,34.22551
8,14,32.230675
8,15,30.0
8,2,13.566357
8,3,19.47653
8,4,24.54345
8,5,28.711063
8,6,31.992594
8,7,34.43486
8,8,36.093464
8,9,37.01905
9,0,0.0
9,1,8.7417145
9,10,42.91625
9,11,41.892715
9,12,39.998383
9,13,37.27076
9,14,33.84384
9,15,30.0
9,2,16.86998
9,3,23.977428
9,4,29.89177
9,5,34.605175
9,6,38.191673
9,7,40.74722
9,8,42.35516
9,9,43.07039
