0,0,0.0
0,1,0.0
0,10,0.0
0,11,0.0
0,12,0.0
0,13,0.0
0,14,0.0
0,15,0.0
0,16,0.0
0,17,0.0
0,18,0.0
0,19,0.0
0,2,0.0
0,20,0.0
0,21,0.0
0,22,0.0
0,23,0.0
0,24,0.0
0,25,0.0
0,26,0.0
0,27,0.0
0,28,0.0
0,29,30.0
0,3,0.0
0,4,0.0
0,5,0.0
0,6,0.0
0,7,0.0
0,8,0.0
0,9,0.0
1,0,0.0
1,1,0.33657527
1,10,2.602541
1,11,2.7327986
1,12,2.8418968
1,13,2.9331625
1,14,3.0101242
1,15,3.076993
1,16,3.1383538
1,17,3.1995962
1,18,3.2671661
1,19,3.3491883
1,2,0.6672553
1,20,3.4566708
1,21,3.6051543
1,22,3.81845
1,23,4.1349916
1,24,4.622499
1,25,5.4108906
1,26,6.77909
1,27,9.40461
1,28,15.167887
1,29,30.0
1,3,0.98655355
1,4,1.289377
1,5,1.5717375
1,6,1.8302876
1,7,2.0631719
1,8,2.2692032
1,9,2.4487114
10,0,0.0
10,1,2.598056
10,10,20.061152
10,11,21.051653
10,12,21.872782
10,13,22.544716
10,14,23.090746
10,15,23.534113
10,16,23.898764
10,17,24.207796
10,18,24.483597
10,19,24.747723
10,2,5.150778
10,20,25.020287
10,21,25.320704
10,22,25.666061
10,23,26.071957
10,24,26.54971
10,25,27.106562
10,26,27.742271
10,27,28.449085
10,28,29.209843
10,29,30.0
10,3,7.614784
10,4,9.952063
10,5,12.129761
10,6,14.124124
10,7,15.918007
10,8,17.504526
10,9,18.882862
11,0,0.0
11,1,2.7256021
11,10,21.041407
11,11,22.079052
11,12,22.937502
11,13,23.638853
11,14,24.205973
11,15,24.663296
11,16,25.03448
11,17,25.342672
11,18,25.609705
11,19,25.855785
11,2,5.4034157
11,20,26.099827
11,21,26.358433
11,22,26.646782
11,23,26.976717
11,24,27.357613
11,25,27.793842
11,26,28.285378
11,27,28.825705
11,28,29.40296
11,29,30.0
11,3,7.9885297
11,4,10.440049
11,5,12.724812
11,6,14.816289
11,7,16.698223
11,8,18.361483
11,9,19.807007
12,0,0.0
12,1,2.8305178
12,10,21.848057
12,11,22.923584
12,12,23.81292
12,13,24.53751
12,14,25.121593
12,15,25.589226
12,16,25.96459
12,17,26.270443
12,18,26.528051
12,19,26.756937
12,2,5.611575
12,20,26.974297
12,21,27.19564
12,22,27.433556
12,23,27.698679
12,24,27.997925
12,25,28.335384
12,26,28.710543
12,27,29.119251
12,28,29.552898
12,29,30.0
12,3,8.295956
12,4,10.842067
12,5,13.214259
12,6,15.386378
12,7,17.339928
12,8,19.067047
12,9,20.566957
13,0,0.0
13,1,2.915446
13,10,22.49954
13,11,23.606047
13,12,24.519566
13,13,25.262928
13,14,25.859892
13,15,26.335323
13,16,26.713045
13,17,27.015802
13,18,27.264423
13,19,27.477493
13,2,5.779764
13,20,27.671572
13,21,27.860453
13,22,28.05598
13,23,28.266857
13,24,28.499657
13,25,28.757404
13,26,29.040596
13,27,29.346153
13,28,29.668594
13,29,30.0
13,3,8.544792
13,4,11.166883
13,5,13.610346
13,6,15.846971
13,7,17.859066
13,8,19.637033
13,9,21.181482
14,0,0.0
14,1,2.9828486
14,10,23.016895
14,11,24.147346
14,12,25.080257
14,13,25.837894
14,14,26.444931
14,15,26.925873
14,16,27.304869
14,17,27.604343
14,18,27.844734
14,19,28.044235
14,2,5.913511
14,20,28.218344
14,21,28.380396
14,22,28.540817
14,23,28.708038
14,24,28.887482
14,25,29.082592
14,26,29.293877
14,27,29.519924
14,28,29.756977
14,29,30.0
14,3,8.742274
14,4,11.425142
14,5,13.924682
14,6,16.213083
14,7,18.271032
14,8,20.08992
14,9,21.669064
15,0,0.0
15,1,3.035505
15,10,23.420033
15,11,24.56944
15,12,25.516964
15,13,26.28579
15,14,26.900192
15,15,27.38519
15,16,27.764652
15,17,28.060986
15,18,28.294353
15,19,28.482374
15,2,6.0177684
15,20,28.640259
15,21,28.780376
15,22,28.912943
15,23,29.045399
15,24,29.18333
15,25,29.329739
15,26,29.486008
15,27,29.65136
15,28,29.823792
15,29,30.0
15,3,8.896536
15,4,11.626454
15,5,14.170164
15,6,16.498455
15,7,18.592646
15,8,20.442898
15,9,22.049526
16,0,0.0
16,1,3.0758197
16,10,23.72893
16,11,24.892437
16,12,25.851318
16,13,26.628328
16,14,27.248337
16,15,27.736078
16,16,28.115631
16,17,28.40918
16,18,28.636662
16,19,28.815495
16,2,6.097774
16,20,28.960293
16,21,29.083277
16,22,29.193903
16,23,29.299658
16,24,29.405573
16,25,29.515106
16,26,29.629692
16,27,29.74958
16,28,29.873623
16,29,30.0
16,3,9.014639
16,4,11.78091
16,5,14.358104
16,6,16.717339
16,7,18.838856
16,8,20.713518
16,9,22.340752
17,0,0.0
17,1,3.1062098
17,10,23.961128
17,11,25.135445
17,12,26.102554
17,13,26.885796
17,14,27.50975
17,15,27.999466
17,16,28.378834
17,17,28.670029
17,18,28.892841
17,19,29.064362
17,2,6.1579323
17,20,29.199106
17,21,29.308758
17,22,29.402782
17,23,29.488153
17,24,29.570137
17,25,29.651981
17,26,29.735708
17,27,29.821892
17,28,29.910316
17,29,30.0
17,3,9.103657
17,4,11.897047
17,5,14.499721
17,6,16.881916
17,7,19.024311
17,8,20.91698
17,9,22.56
18,0,0.0
18,1,3.1286519
18,10,24.132774
18,11,25.314821
18,12,26.288132
18,13,27.075758
18,14,27.702633
18,15,28.19363
18,16,28.57275
18,17,28.86205
18,18,29.081184
18,19,29.247177
18,2,6.2024736
18,20,29.374195
18,21,29.473925
18,22,29.555426
18,23,29.625784
18,24,29.689983
18,25,29.751604
18,26,29.812695
18,27,29.874395
18,28,29.936914
18,29,30.0
18,3,9.169393
18,4,11.983017
18,5,14.604298
18,6,17.003702
18,7,19.161251
18,8,21.067474
18,9,22.72188
19,0,0.0
19,1,3.1449726
19,10,24.25722
19,11,25.445
19,12,26.422638
19,13,27.213501
19,14,27.84236
19,15,28.334255
19,16,28.713085
19,17,29.000896
19,18,29.217285
19,19,29.379084
19,2,6.2347746
19,20,29.500456
19,21,29.592793
19,22,29.665213
19,23,29.724545
19,24,29.77595
19,25,29.8229
19,26,29.867786
19,27,29.9119
19,28,29.955923
19,29,30.0
19,3,9.217192
19,4,12.0453615
19,5,14.680318
19,6,17.092018
19,7,19.26076
19,8,21.176598
19,9,22.839443
2,0,0.0
2,1,0.6672447
2,10,5.1593914
2,11,5.4172807
2,12,5.63347
2,13,5.813887
2,14,5.965946
2,15,6.0975027
2,16,6.2176847
2,17,6.336746
2,18,6.4669104
2,19,6.6234884
2,2,1.322901
2,20,6.826416
2,21,7.103684
2,22,7.495867
2,23,8.065989
2,24,8.915763
2,25,10.219002
2,26,12.283218
2,27,15.659657
2,28,21.26094
2,29,30.0
2,3,1.9557945
2,4,2.556302
2,5,3.1158853
2,6,3.6286583
2,7,4.0901
2,8,4.49874
2,9,4.854327
20,0,0.0
20,1,3.1565948
20,10,24.345951
20,11,25.537682
20,12,26.518467
20,13,27.31153
20,14,27.94181
20,15,28.434265
20,16,28.812845
20,17,29.09954
20,18,29.313871
20,19,29.472654
20,2,6.257844
20,20,29.589872
20,21,29.67694
20,22,29.74278
20,23,29.794308
20,24,29.83654
20,25,29.873154
20,26,29.90654
20,27,29.938293
20,28,29.969278
20,29,30.0
20,3,9.251228
20,4,12.089878
20,5,14.734451
20,6,17.155056
20,7,19.331615
20,8,21.254452
20,9,22.923151
21,0,0.0
21,1,3.1647477
21,10,24.407986
21,11,25.60255
21,12,26.585451
21,13,27.380085
21,14,28.0113
21,15,28.504139
21,16,28.882496
21,17,29.168364
21,18,29.381233
21,19,29.53783
21,2,6.2739744
21,20,29.652138
21,21,29.735443
21,22,29.7967
21,23,29.842703
21,24,29.878582
21,25,29.907953
21,26,29.933388
21,27,29.956545
21,28,29.978523
21,29,30.0
21,3,9.275103
21,4,12.121007
21,5,14.772408
21,6,17.199135
21,7,19.381275
21,8,21.308887
21,9,22.981783
22,0,0.0
22,1,3.1703448
22,10,24.450638
22,11,25.647076
22,12,26.631475
22,13,27.427132
22,14,28.059
22,15,28.552063
22,16,28.93026
22,17,29.215538
22,18,29.42736
22,19,29.58245
22,2,6.2850876
22,20,29.69471
22,21,29.775436
22,22,29.833496
22,23,29.875738
22,24,29.907225
22,25,29.931671
22,26,29.951654
22,27,29.968971
22,28,29.98481
22,29,30.0
22,3,9.291492
22,4,12.142444
22,5,14.798467
22,6,17.229477
22,7,19.415369
22,8,21.34634
22,9,23.022032
23,0,0.0
23,1,3.1741316
23,10,24.479385
23,11,25.677132
23,12,26.662487
23,13,27.458858
23,14,28.091135
23,15,28.584356
23,16,28.962418
23,17,29.247284
23,18,29.458399
23,19,29.61244
23,2,6.2925773
23,20,29.723322
23,21,29.802277
23,22,29.858198
23,23,29.897873
23,24,29.926424
23,25,29.947544
23,26,29.963886
23,27,29.977283
23,28,29.989016
23,29,30.0
23,3,9.302579
23,4,12.156895
23,5,14.816084
23,6,17.249931
23,7,19.438408
23,8,21.371586
23,9,23.04922
24,0,0.0
24,1,3.1766372
24,10,24.498447
24,11,25.697014
24,12,26.683033
24,13,27.479845
24,14,28.112406
24,15,28.60571
24,16,28.983685
24,17,29.268269
24,18,29.478897
24,19,29.632252
24,2,6.2975526
24,20,29.742195
24,21,29.819988
24,22,29.874472
24,23,29.912466
24,24,29.93906
24,25,29.957996
24,26,29.971931
24,27,29.98275
24,28,29.99178
24,29,30.0
24,3,9.309915
24,4,12.166489
24,5,14.827745
24,6,17.263506
24,7,19.453655
24,8,21.388332
24,9,23.067207
25,0,0.0
25,1,3.1782715
25,10,24.510824
25,11,25.709953
25,12,26.696379
25,13,27.49349
25,14,28.126215
25,15,28.619583
25,16,28.99749
25,17,29.281885
25,18,29.492199
25,19,29.64509
25,2,6.300784
25,20,29.754436
25,21,29.831455
25,22,29.885014
25,23,29.921904
25,24,29.947237
25,25,29.964752
25,26,29.97713
25,27,29.986282
25,28,29.993567
25,29,30.0
25,3,9.314698
25,4,12.172722
25,5,14.835344
25,6,17.272324
25,7,19.463585
25,8,21.399208
25,9,23.07892
26,0,0.0
26,1,3.1793134
26,10,24.518736
26,11,25.7182
26,12,26.704899
26,13,27.502192
26,14,28.135029
26,15,28.628424
26,16,29.006289
26,17,29.290564
26,18,29.500668
26,19,29.65327
26,2,6.302853
26,20,29.76222
26,21,29.838757
26,22,29.891712
26,23,29.927906
26,24,29.952435
26,25,29.96904
26,26,29.980433
26,27,29.988522
26,28,29.9947
26,29,30.0
26,3,9.317748
26,4,12.176711
26,5,14.840191
26,6,17.277967
26,7,19.469921
26,8,21.406166
26,9,23.086386
27,0,0.0
27,1,3.1799684
27,10,24.523685
27,11,25.723375
27,12,26.710232
27,13,27.50764
27,14,28.140545
27,15,28.633959
27,16,29.011797
27,17,29.295988
27,18,29.505968
27,19,29.658379
27,2,6.3041487
27,20,29.76709
27,21,29.843311
27,22,29.895899
27,23,29.931652
27,24,29.955673
27,25,29.971722
27,26,29.982489
27,27,29.989922
27,28,29.995405
27,29,30.0
27,3,9.319665
27,4,12.179207
27,5,14.843233
27,6,17.281498
27,7,19.473896
27,8,21.410519
27,9,23.091072
28,0,0.0
28,1,3.1803708
28,10,24.526731
28,11,25.726551
28,12,26.713512
28,13,27.51099
28,14,28.143934
28,15,28.63736
28,16,29.015177
28,17,29.299324
28,18,29.509218
28,19,29.661518
28,2,6.304947
28,20,29.770073
28,21,29.84611
28,22,29.898466
28,23,29.933949
28,24,29.957663
28,25,29.973358
28,26,29.983753
28,27,29.990776
28,28,29.995838
28,29,30.0
28,3,9.320843
28,4,12.180748
28,5,14.845105
28,6,17.283674
28,7,19.476341
28,8,21.4132
28,9,23.093954
29,0,0.0
29,1,3.1806147
29,10,24.528572
29,11,25.72847
29,12,26.715488
29,13,27.513012
29,14,28.145975
29,15,28.639408
29,16,29.017216
29,17,29.30133
29,18,29.51118
29,19,29.663406
29,2,6.3054295
29,20,29.771872
29,21,29.84779
29,22,29.90001
29,23,29.93533
29,24,29.958855
29,25,29.974346
29,26,29.98451
29,27,29.991295
29,28,29.996101
29,29,30.0
29,3,9.321556
29,4,12.181677
29,5,14.846237
29,6,17.284988
29,7,19.477818
29,8,21.41482
29,9,23.095692
3,0,0.0
3,1,0.98650885
3,10,7.62688
3,11,8.008015
3,12,8.326803
3,13,8.592785
3,14,8.816022
3,15,9.008375
3,16,9.182548
3,17,9.353127
3,18,9.537031
3,19,9.754723
3,2,1.9557371
3,20,10.032579
3,21,10.405378
3,22,10.922081
3,23,11.652541
3,24,12.7006855
3,25,14.221035
3,26,16.441017
3,27,19.666664
3,28,24.204634
3,29,30.0
3,3,2.8915875
3,4,3.7791438
3,5,4.606688
3,6,5.364425
3,7,6.0468764
3,8,6.6505747
3,9,7.176423
30,0,0.0
30,1,3.180759
30,10,24.529661
30,11,25.729605
30,12,26.716661
30,13,27.514204
30,14,28.147186
30,15,28.640621
30,16,29.01842
30,17,29.30252
30,18,29.512339
30,19,29.664524
30,2,6.3057156
30,20,29.772934
30,21,29.848785
30,22,29.900923
30,23,29.936146
30,24,29.959562
30,25,29.97493
30,26,29.984959
30,27,29.991596
30,28,29.996254
30,29,30.0
30,3,9.321979
30,4,12.182228
30,5,14.846907
30,6,17.285767
30,7,19.478691
30,8,21.41578
30,9,23.096724
31,0,0.0
31,1,3.1808429
31,10,24.530294
31,11,25.730265
31,12,26.71734
31,13,27.514902
31,14,28.147886
31,15,28.641325
31,16,29.019123
31,17,29.30321
31,18,29.513012
31,19,29.665174
31,2,6.305882
31,20,29.773552
31,21,29.849365
31,22,29.901453
31,23,29.93662
31,24,29.959972
31,25,29.975267
31,26,29.985218
31,27,29.991776
31,28,29.996342
31,29,30.0
31,3,9.322224
31,4,12.182549
31,5,14.847297
31,6,17.286219
31,7,19.479202
31,8,21.416336
31,9,23.097322
32,0,0.0
32,1,3.180891
32,10,24.530655
32,11,25.730642
32,12,26.71773
32,13,27.515297
32,14,28.148289
32,15,28.641727
32,16,29.01952
32,17,29.303602
32,18,29.513393
32,19,29.665543
32,2,6.305977
32,20,29.773903
32,21,29.849693
32,22,29.901756
32,23,29.936888
32,24,29.960207
32,25,29.975458
32,26,29.985367
32,27,29.991875
32,28,29.996395
32,29,30.0
32,3,9.322365
32,4,12.182733
32,5,14.847519
32,6,17.286478
32,7,19.479492
32,8,21.416655
32,9,23.097664
33,0,0.0
33,1,3.1809177
33,10,24.530859
33,11,25.730852
33,12,26.717945
33,13,27.515518
33,14,28.148514
33,15,28.641953
33,16,29.019743
33,17,29.303822
33,18,29.513607
33,19,29.665749
33,2,6.3060303
33,20,29.774097
33,21,29.849876
33,22,29.901922
33,23,29.93704
33,24,29.960335
33,25,29.975567
33,26,29.985447
33,27,29.99193
33,28,29.996422
33,29,30.0
33,3,9.322443
33,4,12.182836
33,5,14.847644
33,6,17.286623
33,7,19.479654
33,8,21.416832
33,9,23.097853
34,0,0.0
34,1,3.1809325
34,10,24.530968
34,11,25.730968
34,12,26.718063
34,13,27.51564
34,14,28.148638
34,15,28.642075
34,16,29.019865
34,17,29.303942
34,18,29.513725
34,19,29.665861
34,2,6.3060594
34,20,29.774208
34,21,29.849976
34,22,29.902016
34,23,29.937122
34,24,29.960407
34,25,29.975624
34,26,29.985493
34,27,29.991962
34,28,29.996437
34,29,30.0
34,3,9.322486
34,4,12.182891
34,5,14.8477125
34,6,17.286701
34,7,19.479744
34,8,21.41693
34,9,23.097961
35,0,0.0
35,1,3.1809404
35,10,24.531029
35,11,25.73103
35,12,26.718128
35,13,27.515705
35,14,28.1487
35,15,28.642143
35,16,29.01993
35,17,29.304008
35,18,29.513786
35,19,29.66592
35,2,6.306075
35,20,29.774263
35,21,29.850035
35,22,29.902065
35,23,29.937168
35,24,29.960445
35,25,29.975657
35,26,29.985518
35,27,29.991976
35,28,29.996445
35,29,30.0
35,3,9.32251
35,4,12.182921
35,5,14.84775
35,6,17.286743
35,7,19.47979
35,8,21.416983
35,9,23.098017
36,0,0.0
36,1,3.1809447
36,10,24.531057
36,11,25.731064
36,12,26.718163
36,13,27.51574
36,14,28.148737
36,15,28.642174
36,16,29.019966
36,17,29.304039
36,18,29.513823
36,19,29.66595
36,2,6.3060837
36,20,29.774296
36,21,29.85006
36,22,29.902092
36,23,29.937191
36,24,29.960466
36,25,29.975674
36,26,29.98553
36,27,29.991985
36,28,29.99645
36,29,30.0
36,3,9.322522
36,4,12.182938
36,5,14.847769
36,6,17.286766
36,7,19.479816
36,8,21.41701
36,9,23.098045
37,0,0.0
37,1,3.1809468
37,10,24.531075
37,11,25.73108
37,12,26.718178
37,13,27.515757
37,14,28.148754
37,15,28.642195
37,16,29.019981
37,17,29.30406
37,18,29.513836
37,19,29.665974
37,2,6.3060875
37,20,29.774311
37,21,29.850075
37,22,29.902103
37,23,29.937202
37,24,29.960476
37,25,29.975683
37,26,29.985538
37,27,29.991991
37,28,29.996452
37,29,30.0
37,3,9.322528
37,4,12.182946
37,5,14.847778
37,6,17.28678
37,7,19.479828
37,8,21.417023
37,9,23.09806
38,0,0.0
38,1,3.1809478
38,10,24.531082
38,11,25.731089
38,12,26.71819
38,13,27.515766
38,14,28.148762
38,15,28.6422
38,16,29.019993
38,17,29.304068
38,18,29.513847
38,19,29.665977
38,2,6.3060904
38,20,29.774319
38,21,29.850082
38,22,29.902111
38,23,29.937208
38,24,29.96048
38,25,29.975687
38,26,29.98554
38,27,29.991995
38,28,29.996454
38,29,30.0
38,3,9.322532
38,4,12.18295
38,5,14.847784
38,6,17.286785
38,7,19.479836
38,8,21.41703
38,9,23.098068
39,0,0.0
39,1,3.1809485
39,10,24.531086
39,11,25.73109
39,12,26.718191
39,13,27.51577
39,14,28.148766
39,15,28.642208
39,16,29.019995
39,17,29.304073
39,18,29.513851
39,19,29.665985
39,2,6.306091
39,20,29.774323
39,21,29.850086
39,22,29.902113
39,23,29.93721
39,24,29.960485
39,25,29.975687
39,26,29.985546
39,27,29.991993
39,28,29.996456
39,29,30.0
39,3,9.322533
39,4,12.182953
39,5,14.847785
39,6,17.286787
39,7,19.479837
39,8,21.417034
39,9,23.098072
4,0,0.0
4,1,1.2892567
4,10,9.966686
4,11,10.463783
4,12,10.879656
4,13,11.225452
4,14,11.514925
4,15,11.762436
4,16,11.984287
4,17,12.198202
4,18,12.424422
4,19,12.686952
4,2,2.5561059
4,20,13.014908
4,21,13.445907
4,22,14.028622
4,23,14.828878
4,24,15.933999
4,25,17.459126
4,26,19.543758
4,27,22.328304
4,28,25.874147
4,29,30.0
4,3,3.7789655
4,4,4.9392
4,5,6.0203395
4,6,7.010946
4,7,7.9023156
4,8,8.691514
4,9,9.378057
40,0,0.0
40,1,3.1809485
40,10,24.53109
40,11,25.731092
40,12,26.718197
40,13,27.51577
40,14,28.14877
40,15,28.642208
40,16,29.019999
40,17,29.304073
40,18,29.513855
40,19,29.665985
40,2,6.3060913
40,20,29.774326
40,21,29.850086
40,22,29.902119
40,23,29.937212
40,24,29.960484
40,25,29.975689
40,26,29.985542
40,27,29.991997
40,28,29.996454
40,29,30.0
40,3,9.322533
40,4,12.182952
40,5,14.847786
40,6,17.286787
40,7,19.479837
40,8,21.417036
40,9,23.09807
41,0,0.0
41,1,3.1809487
41,10,24.53109
41,11,25.731094
41,12,26.718193
41,13,27.515774
41,14,28.14877
41,15,28.642212
41,16,29.019999
41,17,29.304077
41,18,29.513855
41,19,29.665989
41,2,6.306091
41,20,29.774324
41,21,29.85009
41,22,29.902119
41,23,29.937214
41,24,29.960485
41,25,29.975689
41,26,29.985544
41,27,29.991995
41,28,29.996456
41,29,30.0
41,3,9.322533
41,4,12.182952
41,5,14.847786
41,6,17.286787
41,7,19.47984
41,8,21.417034
41,9,23.098074
42,0,0.0
42,1,3.1809487
42,10,24.53109
42,11,25.731094
42,12,26.718197
42,13,27.51577
42,14,28.148773
42,15,28.642208
42,16,29.02
42,17,29.304075
42,18,29.513855
42,19,29.665985
42,2,6.3060913
42,20,29.774326
42,21,29.85009
42,22,29.902119
42,23,29.937214
42,24,29.960487
42,25,29.97569
42,26,29.985546
42,27,29.991997
42,28,29.996456
42,29,30.0
42,3,9.322533
42,4,12.182952
42,5,14.847788
42,6,17.286787
42,7,19.479841
42,8,21.417036
42,9,23.098072
43,0,0.0
43,1,3.1809487
43,10,24.53109
43,11,25.731094
43,12,26.718195
43,13,27.515774
43,14,28.14877
43,15,28.642212
43,16,29.02
43,17,29.304077
43,18,29.513855
43,19,29.665989
43,2,6.306091
43,20,29.774323
43,21,29.85009
43,22,29.902117
43,23,29.937216
43,24,29.960487
43,25,29.975693
43,26,29.985544
43,27,29.991997
43,28,29.996456
43,29,30.0
43,3,9.322533
43,4,12.182953
43,5,14.847786
43,6,17.286789
43,7,19.47984
43,8,21.417038
43,9,23.098076
44,0,0.0
44,1,3.1809483
44,10,24.53109
44,11,25.731094
44,12,26.718197
44,13,27.515772
44,14,28.148773
44,15,28.642212
44,16,29.02
44,17,29.304077
44,18,29.513857
44,19,29.665985
44,2,6.3060913
44,20,29.774326
44,21,29.850086
44,22,29.902119
44,23,29.937216
44,24,29.960487
44,25,29.97569
44,26,29.985546
44,27,29.991995
44,28,29.996456
44,29,30.0
44,3,9.322533
44,4,12.182952
44,5,14.847788
44,6,17.286787
44,7,19.479841
44,8,21.417036
44,9,23.098076
45,0,0.0
45,1,3.1809487
45,10,24.53109
45,11,25.731094
45,12,26.718195
45,13,27.515774
45,14,28.148771
45,15,28.642212
45,16,29.02
45,17,29.304077
45,18,29.513855
45,19,29.665989
45,2,6.306091
45,20,29.774324
45,21,29.85009
45,22,29.902119
45,23,29.937216
45,24,29.960487
45,25,29.975693
45,26,29.985546
45,27,29.991997
45,28,29.996456
45,29,30.0
45,3,9.322533
45,4,12.182953
45,5,14.847786
45,6,17.286789
45,7,19.479841
45,8,21.41704
45,9,23.098076
46,0,0.0
46,1,3.1809483
46,10,24.531092
46,11,25.731094
46,12,26.718197
46,13,27.515774
46,14,28.148771
46,15,28.642212
46,16,29.02
46,17,29.304075
46,18,29.513857
46,19,29.665985
46,2,6.306091
46,20,29.774326
46,21,29.850086
46,22,29.902119
46,23,29.937214
46,24,29.960487
46,25,29.97569
46,26,29.985546
46,27,29.991997
46,28,29.996456
46,29,30.0
46,3,9.322533
46,4,12.182953
46,5,14.847787
46,6,17.286789
46,7,19.479843
46,8,21.417036
46,9,23.098076
47,0,0.0
47,1,3.1809483
47,10,24.53109
47,11,25.731094
47,12,26.718197
47,13,27.515776
47,14,28.148771
47,15,28.642212
47,16,29.02
47,17,29.304075
47,18,29.513853
47,19,29.665989
47,2,6.306091
47,20,29.774323
47,21,29.85009
47,22,29.902115
47,23,29.937216
47,24,29.960484
47,25,29.97569
47,26,29.985544
47,27,29.991997
47,28,29.996454
47,29,30.0
47,3,9.322533
47,4,12.182952
47,5,14.847788
47,6,17.286789
47,7,19.47984
47,8,21.417038
47,9,23.098074
48,0,0.0
48,1,3.1809487
48,10,24.53109
48,11,25.731094
48,12,26.718195
48,13,27.515774
48,14,28.148771
48,15,28.642212
48,16,29.02
48,17,29.304075
48,18,29.513855
48,19,29.665985
48,2,6.306091
48,20,29.774326
48,21,29.850086
48,22,29.902119
48,23,29.937212
48,24,29.960487
48,25,29.975689
48,26,29.985544
48,27,29.991993
48,28,29.996456
48,29,30.0
48,3,9.322534
48,4,12.182953
48,5,14.847788
48,6,17.286789
48,7,19.479841
48,8,21.417034
48,9,23.098074
49,0,0.0
49,1,3.1809485
49,10,24.53109
49,11,25.731094
49,12,26.718197
49,13,27.515774
49,14,28.148773
49,15,28.642212
49,16,29.02
49,17,29.304075
49,18,29.513853
49,19,29.665989
49,2,6.3060913
49,20,29.774324
49,21,29.850092
49,22,29.902115
49,23,29.937214
49,24,29.960484
49,25,29.97569
49,26,29.985542
49,27,29.991997
49,28,29.996454
49,29,30.0
49,3,9.322533
49,4,12.182953
49,5,14.847788
49,6,17.286789
49,7,19.479841
49,8,21.417038
49,9,23.098076
5,0,0.0
5,1,1.5714747
5,10,12.145811
5,11,12.7510805
5,12,13.256126
5,13,13.675568
5,14,14.024696
5,15,14.321154
5,16,14.583328
5,17,14.831534
5,18,15.088141
5,19,15.378466
5,2,3.1154165
5,20,15.732664
5,21,16.186611
5,22,16.785278
5,23,17.583397
5,24,18.648306
5,25,20.056377
5,26,21.885092
5,27,24.186838
5,28,26.942774
5,29,30.0
5,3,4.6061378
5,4,6.0199084
5,5,7.3379793
5,6,8.544798
5,7,9.631517
5,8,10.59265
5,9,11.429458
50,0,0.0
50,1,3.1809487
50,10,24.53109
50,11,25.731096
50,12,26.718195
50,13,27.515774
50,14,28.148771
50,15,28.642212
50,16,29.02
50,17,29.304075
50,18,29.513855
50,19,29.665985
50,2,6.306091
50,20,29.774326
50,21,29.850086
50,22,29.902119
50,23,29.93721
50,24,29.960485
50,25,29.975689
50,26,29.985544
50,27,29.991995
50,28,29.996454
50,29,30.0
50,3,9.322534
50,4,12.182953
50,5,14.847788
50,6,17.286789
50,7,19.47984
50,8,21.417038
50,9,23.098074
51,0,0.0
51,1,3.1809487
51,10,24.531092
51,11,25.731094
51,12,26.718197
51,13,27.515774
51,14,28.148771
51,15,28.642212
51,16,29.02
51,17,29.304077
51,18,29.513853
51,19,29.665985
51,2,6.306091
51,20,29.774324
51,21,29.85009
51,22,29.902117
51,23,29.937216
51,24,29.960484
51,25,29.97569
51,26,29.985542
51,27,29.991995
51,28,29.996456
51,29,30.0
51,3,9.322533
51,4,12.182952
51,5,14.847788
51,6,17.286789
51,7,19.479841
51,8,21.417036
51,9,23.098074
52,0,0.0
52,1,3.1809485
52,10,24.53109
52,11,25.731094
52,12,26.718197
52,13,27.515774
52,14,28.148771
52,15,28.642212
52,16,29.02
52,17,29.304077
52,18,29.513855
52,19,29.665983
52,2,6.306091
52,20,29.774326
52,21,29.850086
52,22,29.902119
52,23,29.937214
52,24,29.960487
52,25,29.97569
52,26,29.985542
52,27,29.991997
52,28,29.996454
52,29,30.0
52,3,9.322533
52,4,12.182953
52,5,14.847788
52,6,17.286789
52,7,19.47984
52,8,21.417036
52,9,23.098076
53,0,0.0
53,1,3.1809485
53,10,24.53109
53,11,25.731094
53,12,26.718197
53,13,27.515774
53,14,28.148773
53,15,28.642212
53,16,29.02
53,17,29.304075
53,18,29.513855
53,19,29.665987
53,2,6.306091
53,20,29.774323
53,21,29.85009
53,22,29.902117
53,23,29.937216
53,24,29.960485
53,25,29.97569
53,26,29.985542
53,27,29.991993
53,28,29.996456
53,29,30.0
53,3,9.322533
53,4,12.182953
53,5,14.847786
53,6,17.286787
53,7,19.47984
53,8,21.417034
53,9,23.098074
54,0,0.0
54,1,3.1809487
54,10,24.53109
54,11,25.731096
54,12,26.718197
54,13,27.515776
54,14,28.148773
54,15,28.642212
54,16,29.019999
54,17,29.304077
54,18,29.513853
54,19,29.665985
54,2,6.306091
54,20,29.774326
54,21,29.850086
54,22,29.902119
54,23,29.937216
54,24,29.960487
54,25,29.97569
54,26,29.985542
54,27,29.991997
54,28,29.996454
54,29,30.0
54,3,9.322533
54,4,12.182953
54,5,14.847786
54,6,17.286787
54,7,19.479841
54,8,21.417036
54,9,23.098074
55,0,0.0
55,1,3.1809487
55,10,24.53109
55,11,25.731094
55,12,26.718197
55,13,27.515774
55,14,28.148773
55,15,28.642212
55,16,29.02
55,17,29.304075
55,18,29.513853
55,19,29.665985
55,2,6.3060913
55,20,29.774323
55,21,29.85009
55,22,29.902119
55,23,29.937216
55,24,29.960487
55,25,29.97569
55,26,29.985544
55,27,29.991995
55,28,29.996456
55,29,30.0
55,3,9.322533
55,4,12.182952
55,5,14.847788
55,6,17.286789
55,7,19.47984
55,8,21.417038
55,9,23.098074
56,0,0.0
56,1,3.1809492
56,10,24.53109
56,11,25.731094
56,12,26.718199
56,13,27.515776
56,14,28.148773
56,15,28.642212
56,16,29.02
56,17,29.304077
56,18,29.513855
56,19,29.665985
56,2,6.3060913
56,20,29.774326
56,21,29.85009
56,22,29.902119
56,23,29.937216
56,24,29.960487
56,25,29.97569
56,26,29.985544
56,27,29.991997
56,28,29.996454
56,29,30.0
56,3,9.322535
56,4,12.182953
56,5,14.847788
56,6,17.286787
56,7,19.479841
56,8,21.417038
56,9,23.098076
57,0,0.0
57,1,3.1809487
57,10,24.53109
57,11,25.731094
57,12,26.718197
57,13,27.515776
57,14,28.148773
57,15,28.64221
57,16,29.02
57,17,29.304075
57,18,29.513855
57,19,29.665985
57,2,6.3060923
57,20,29.774326
57,21,29.85009
57,22,29.902119
57,23,29.937216
57,24,29.960487
57,25,29.97569
57,26,29.985546
57,27,29.991995
57,28,29.996456
57,29,30.0
57,3,9.322535
57,4,12.182954
57,5,14.847787
57,6,17.286789
57,7,19.47984
57,8,21.417038
57,9,23.098074
58,0,0.0
58,1,3.1809497
58,10,24.531092
58,11,25.731096
58,12,26.7182
58,13,27.515776
58,14,28.148775
58,15,28.642212
58,16,29.020004
58,17,29.304075
58,18,29.513857
58,19,29.665989
58,2,6.306092
58,20,29.774326
58,21,29.85009
58,22,29.902119
58,23,29.937216
58,24,29.960487
58,25,29.97569
58,26,29.985544
58,27,29.991997
58,28,29.996454
58,29,30.0
58,3,9.3225355
58,4,12.182954
58,5,14.84779
58,6,17.286789
58,7,19.479843
58,8,21.417036
58,9,23.098076
59,0,0.0
59,1,3.1809492
59,10,24.531096
59,11,25.731098
59,12,26.7182
59,13,27.515781
59,14,28.148775
59,15,28.642216
59,16,29.020004
59,17,29.304081
59,18,29.51386
59,19,29.665993
59,2,6.3060937
59,20,29.774332
59,21,29.850094
59,22,29.90212
59,23,29.937218
59,24,29.96049
59,25,29.97569
59,26,29.985546
59,27,29.991997
59,28,29.996456
59,29,30.0
59,3,9.322535
59,4,12.182957
59,5,14.84779
59,6,17.286793
59,7,19.479843
59,8,21.417042
59,9,23.098076
6,0,0.0
6,1,1.8297722
6,10,14.140275
6,11,14.843327
6,12,15.429806
6,13,15.914968
6,14,16.317253
6,15,16.655575
6,16,16.950726
6,17,17.224371
6,18,17.499886
6,19,17.80309
6,2,3.627707
6,20,18.162567
6,21,18.61172
6,22,19.188345
6,23,19.93659
6,24,20.90409
6,25,22.139603
6,26,23.68171
6,27,25.543238
6,28,27.685764
6,29,30.0
6,3,5.3631954
6,4,7.009696
6,5,8.5439005
6,6,9.949434
6,7,11.214016
6,8,12.333281
6,9,13.306557
60,0,0.0
60,1,3.1809504
60,10,24.531097
60,11,25.731106
60,12,26.718208
60,13,27.515783
60,14,28.148785
60,15,28.64222
60,16,29.020012
60,17,29.304087
60,18,29.513863
60,19,29.665997
60,2,6.306094
60,20,29.774336
60,21,29.850096
60,22,29.902124
60,23,29.937222
60,24,29.96049
60,25,29.975695
60,26,29.985546
60,27,29.991999
60,28,29.996456
60,29,30.0
60,3,9.322538
60,4,12.182957
60,5,14.8477955
60,6,17.286795
60,7,19.47985
60,8,21.417042
60,9,23.098083
61,0,0.0
61,1,3.1809514
61,10,24.531109
61,11,25.731113
61,12,26.718216
61,13,27.515797
61,14,28.148792
61,15,28.642235
61,16,29.02002
61,17,29.304096
61,18,29.513874
61,19,29.666006
61,2,6.3060975
61,20,29.774345
61,21,29.850105
61,22,29.90213
61,23,29.937225
61,24,29.960499
61,25,29.975698
61,26,29.985554
61,27,29.991999
61,28,29.996456
61,29,30.0
61,3,9.32254
61,4,12.182964
61,5,14.847799
61,6,17.286804
61,7,19.479855
61,8,21.417053
61,9,23.098091
62,0,0.0
62,1,3.1809545
62,10,24.531128
62,11,25.731134
62,12,26.718239
62,13,27.515816
62,14,28.148817
62,15,28.642254
62,16,29.020044
62,17,29.304117
62,18,29.513897
62,19,29.666023
62,2,6.306102
62,20,29.774363
62,21,29.85012
62,22,29.902147
62,23,29.937243
62,24,29.960508
62,25,29.97571
62,26,29.985558
62,27,29.992004
62,28,29.99646
62,29,30.0
62,3,9.32255
62,4,12.182972
62,5,14.847813
62,6,17.286816
62,7,19.479874
62,8,21.41707
62,9,23.09811
63,0,0.0
63,1,3.1809595
63,10,24.531166
63,11,25.731176
63,12,26.718279
63,13,27.515858
63,14,28.148857
63,15,28.642296
63,16,29.020084
63,17,29.304161
63,18,29.513937
63,19,29.666065
63,2,6.3061132
63,20,29.774399
63,21,29.850157
63,22,29.90218
63,23,29.93727
63,24,29.960531
63,25,29.975729
63,26,29.985577
63,27,29.992016
63,28,29.996464
63,29,30.0
63,3,9.322563
63,4,12.182995
63,5,14.847836
63,6,17.286848
63,7,19.479904
63,8,21.417107
63,9,23.098148
64,0,0.0
64,1,3.18097
64,10,24.531242
64,11,25.731255
64,12,26.718359
64,13,27.515942
64,14,28.148941
64,15,28.642378
64,16,29.020168
64,17,29.30424
64,18,29.514015
64,19,29.666142
64,2,6.306133
64,20,29.774471
64,21,29.850224
64,22,29.902243
64,23,29.937323
64,24,29.96058
64,25,29.975767
64,26,29.985603
64,27,29.992037
64,28,29.996475
64,29,30.0
64,3,9.322596
64,4,12.183031
64,5,14.847885
64,6,17.2869
64,7,19.479967
64,8,21.417173
64,9,23.09822
65,0,0.0
65,1,3.1809897
65,10,24.531387
65,11,25.731403
65,12,26.718513
65,13,27.516094
65,14,28.149096
65,15,28.642536
65,16,29.020323
65,17,29.30439
65,18,29.514162
65,19,29.666283
65,2,6.306173
65,20,29.774605
65,21,29.85035
65,22,29.902355
65,23,29.937428
65,24,29.960669
65,25,29.975842
65,26,29.985662
65,27,29.992077
65,28,29.996496
65,29,30.0
65,3,9.322652
65,4,12.183108
65,5,14.847975
65,6,17.287008
65,7,19.480083
65,8,21.417301
65,9,23.098358
66,0,0.0
66,1,3.1810267
66,10,24.531654
66,11,25.731682
66,12,26.718796
66,13,27.516384
66,14,28.149387
66,15,28.642826
66,16,29.02061
66,17,29.304674
66,18,29.514435
66,19,29.666546
66,2,6.306246
66,20,29.774855
66,21,29.850584
66,22,29.902573
66,23,29.937618
66,24,29.960838
66,25,29.97598
66,26,29.985767
66,27,29.992146
66,28,29.99653
66,29,30.0
66,3,9.322761
66,4,12.183247
66,5,14.848146
66,6,17.2872
66,7,19.4803
66,8,21.417538
66,9,23.098612
67,0,0.0
67,1,3.1810942
67,10,24.532143
67,11,25.732185
67,12,26.719316
67,13,27.51691
67,14,28.149918
67,15,28.643356
67,16,29.021135
67,17,29.305191
67,18,29.51494
67,19,29.667028
67,2,6.3063793
67,20,29.775314
67,21,29.851013
67,22,29.902966
67,23,29.937973
67,24,29.96114
67,25,29.97623
67,26,29.98596
67,27,29.992275
67,28,29.996597
67,29,30.0
67,3,9.322956
67,4,12.183504
67,5,14.8484535
67,6,17.28756
67,7,19.480701
67,8,21.417974
67,9,23.099075
68,0,0.0
68,1,3.181215
68,10,24.533012
68,11,25.733093
68,12,26.720245
68,13,27.517853
68,14,28.150867
68,15,28.644304
68,16,29.022076
68,17,29.306114
68,18,29.515839
68,19,29.667894
68,2,6.306618
68,20,29.776138
68,21,29.851782
68,22,29.903667
68,23,29.938602
68,24,29.961681
68,25,29.976679
68,26,29.986305
68,27,29.992512
68,28,29.996716
68,29,30.0
68,3,9.323309
68,4,12.183961
68,5,14.849009
68,6,17.2882
68,7,19.481417
68,8,21.418753
68,9,23.099907
69,0,0.0
69,1,3.1814282
69,10,24.534552
69,11,25.73468
69,12,26.721874
69,13,27.519508
69,14,28.152534
69,15,28.64597
69,16,29.023727
69,17,29.307735
69,18,29.517418
69,19,29.669415
69,2,6.3070397
69,20,29.777584
69,21,29.853132
69,22,29.904907
69,23,29.939705
69,24,29.96264
69,25,29.977467
69,26,29.986912
69,27,29.992922
69,28,29.996925
69,29,30.0
69,3,9.32393
69,4,12.184768
69,5,14.849984
69,6,17.289328
69,7,19.482676
69,8,21.420124
69,9,23.101368
7,0,0.0
7,1,2.0622346
7,10,15.932867
7,11,16.72409
7,12,17.382362
7,13,17.925974
7,14,18.373926
7,15,18.747574
7,16,19.068516
7,17,19.359577
7,18,19.644459
7,19,19.948036
7,2,4.0883293
7,20,20.297432
7,21,20.721457
7,22,21.252151
7,23,21.922592
7,24,22.766756
7,25,23.81353
7,26,25.081295
7,27,26.565886
7,28,28.230717
7,29,30.0
7,3,6.0444937
7,4,7.899643
7,5,9.629026
7,6,11.212331
7,7,12.637734
7,8,13.898109
7,9,14.994812
70,0,0.0
70,1,3.1817966
70,10,24.537197
70,11,25.737429
70,12,26.724686
70,13,27.522367
70,14,28.15541
70,15,28.648842
70,16,29.026571
70,17,29.310534
70,18,29.520138
70,19,29.672037
70,2,6.3077674
70,20,29.780071
70,21,29.855461
70,22,29.90704
70,23,29.941616
70,24,29.964287
70,25,29.978827
70,26,29.987957
70,27,29.993633
70,28,29.997282
70,29,30.0
70,3,9.325001
70,4,12.186159
70,5,14.85167
70,6,17.291271
70,7,19.484848
70,8,21.422487
70,9,23.103891
71,0,0.0
71,1,3.1824207
71,10,24.541683
71,11,25.74207
71,12,26.72945
71,13,27.527199
71,14,28.160276
71,15,28.653702
71,16,29.031391
71,17,29.315262
71,18,29.524746
71,19,29.676466
71,2,6.309003
71,20,29.784286
71,21,29.8594
71,22,29.910654
71,23,29.944841
71,24,29.967081
71,25,29.981133
71,26,29.989727
71,27,29.994831
71,28,29.997889
71,29,30.0
71,3,9.326818
71,4,12.188521
71,5,14.854526
71,6,17.29457
71,7,19.488527
71,8,21.42649
71,9,23.10816
72,0,0.0
72,1,3.183462
72,10,24.549131
72,11,25.749794
72,12,26.737354
72,13,27.535229
72,14,28.168354
72,15,28.661774
72,16,29.039381
72,17,29.32312
72,18,29.532387
72,19,29.683832
72,2,6.3110595
72,20,29.791277
72,21,29.865946
72,22,29.916653
72,23,29.95021
72,24,29.971722
72,25,29.984966
72,26,29.992672
72,27,29.996834
72,28,29.9989
72,29,30.0
72,3,9.329846
72,4,12.1924515
72,5,14.859282
72,6,17.300056
72,7,19.494648
72,8,21.433151
72,9,23.115261
73,0,0.0
73,1,3.1851645
73,10,24.56129
73,11,25.762375
73,12,26.750252
73,13,27.548311
73,14,28.181524
73,15,28.674921
73,16,29.05241
73,17,29.335917
73,18,29.54485
73,19,29.695824
73,2,6.314426
73,20,29.802687
73,21,29.87661
73,22,29.926445
73,23,29.958961
73,24,29.979298
73,25,29.991215
73,26,29.997482
73,27,30.000097
73,28,30.00055
73,29,30.0
73,3,9.334798
73,4,12.198881
73,5,14.867054
73,6,17.309021
73,7,19.50465
73,8,21.444021
73,9,23.12685
74,0,0.0
74,1,3.187902
74,10,24.580761
74,11,25.782532
74,12,26.770885
74,13,27.569248
74,14,28.20259
74,15,28.695955
74,16,29.073246
74,17,29.356396
74,18,29.564781
74,19,29.715027
74,2,6.319836
74,20,29.820934
74,21,29.893702
74,22,29.942116
74,23,29.972996
74,24,29.991428
74,25,30.001242
74,26,30.005188
74,27,30.005333
74,28,30.003197
74,29,30.0
74,3,9.342754
74,4,12.209209
74,5,14.879533
74,6,17.323414
74,7,19.520687
74,8,21.461452
74,9,23.14542
75,0,0.0
75,1,3.1922264
75,10,24.611382
75,11,25.814215
75,12,26.803314
75,13,27.602139
75,14,28.235683
75,15,28.728989
75,16,29.10598
75,17,29.38855
75,18,29.5961
75,19,29.745188
75,2,6.3283777
75,20,29.849632
75,21,29.920553
75,22,29.966782
75,23,29.995056
75,24,30.010542
75,25,30.017014
75,26,30.017336
75,27,30.013577
75,28,30.00737
75,29,30.0
75,3,9.355319
75,4,12.225505
75,5,14.899221
75,6,17.346094
75,7,19.545961
75,8,21.488895
75,9,23.17464
76,0,0.0
76,1,3.1989365
76,10,24.658684
76,11,25.863121
76,12,26.853355
76,13,27.652874
76,14,28.286707
76,15,28.77993
76,16,29.156437
76,17,29.438152
76,18,29.644392
76,19,29.791742
76,2,6.3416395
76,20,29.893902
76,21,29.962038
76,22,30.004856
76,23,30.029171
76,24,30.040062
76,25,30.04143
76,26,30.036112
76,27,30.026344
76,28,30.01382
76,29,30.0
76,3,9.374804
76,4,12.25078
76,5,14.929722
76,6,17.381226
76,7,19.585066
76,8,21.531345
76,9,23.2198
77,0,0.0
77,1,3.2091799
77,10,24.730434
77,11,25.937275
77,12,26.92918
77,13,27.729721
77,14,28.363983
77,15,28.857048
77,16,29.232853
77,17,29.51324
77,18,29.717564
77,19,29.862247
77,2,6.3618603
77,20,29.961044
77,21,30.024918
77,22,30.062666
77,23,30.080935
77,24,30.084942
77,25,30.078508
77,26,30.064686
77,27,30.045746
77,28,30.023643
77,29,30.0
77,3,9.404525
77,4,12.289282
77,5,14.976186
77,6,17.434675
77,7,19.644537
77,8,21.595823
77,9,23.288366
78,0,0.0
78,1,3.2245421
78,10,24.837372
78,11,26.047686
78,12,27.042023
78,13,27.844036
78,14,28.478888
78,15,28.971727
78,16,29.34645
78,17,29.624939
78,18,29.826366
78,19,29.967213
78,2,6.3922024
78,20,30.060957
78,21,30.118649
78,22,30.14879
78,23,30.158197
78,24,30.151884
78,25,30.133926
78,26,30.107346
78,27,30.074772
78,28,30.038319
78,29,30.0
78,3,9.449062
78,4,12.346983
78,5,15.045712
78,6,17.514631
78,7,19.733372
78,8,21.692093
78,9,23.390602
79,0,0.0
79,1,3.247223
79,10,24.993887
79,11,26.209198
79,12,27.20696
79,13,28.011044
79,14,28.646713
79,15,29.139168
79,16,29.512363
79,17,29.788033
79,18,29.98539
79,19,30.120586
79,2,6.436946
79,20,30.207167
79,21,30.255758
79,22,30.275023
79,23,30.271389
79,24,30.250156
79,25,30.215227
79,26,30.17006
79,27,30.117393
79,28,30.059908
79,29,30.0
79,3,9.514749
79,4,12.431953
79,5,15.148067
79,6,17.63214
79,7,19.86386
79,8,21.833271
79,9,23.540445
8,0,0.0
8,1,2.2675734
8,10,17.516459
8,11,18.384293
8,12,19.105923
8,13,19.699545
8,14,20.186657
8,15,20.588959
8,16,20.929502
8,17,21.231312
8,18,21.517838
8,19,21.81315
8,2,4.495637
8,20,22.14155
8,21,22.528692
8,22,22.99997
8,23,23.581276
8,24,24.295303
8,25,25.160109
8,26,26.182472
8,27,27.353746
8,28,28.643522
8,29,30.0
8,3,6.646291
8,4,8.686508
8,5,10.587501
8,6,12.328762
8,7,13.895194
8,8,15.281092
8,9,16.48567
80,0,0.0
80,1,3.2801461
80,10,25.219053
80,11,26.441265
80,12,27.443798
80,13,28.250702
80,14,28.88744
80,15,29.379337
80,16,29.750282
80,17,30.02206
80,18,30.213541
80,19,30.340918
80,2,6.501913
80,20,30.41718
80,21,30.453064
80,22,30.456635
80,23,30.434582
80,24,30.391796
80,25,30.332653
80,26,30.260582
80,27,30.179039
80,28,30.091097
80,29,30.0
80,3,9.609988
80,4,12.555115
80,5,15.296162
80,6,17.802052
80,7,20.052185
80,8,22.03687
80,9,23.75617
81,0,0.0
81,1,3.327227
81,10,25.537266
81,11,26.768948
81,12,27.777866
81,13,28.588531
81,14,29.22665
81,15,29.717646
81,16,30.085527
81,17,30.35178
81,18,30.535313
81,19,30.651663
81,2,6.5947027
81,20,30.713863
81,21,30.731815
81,22,30.713753
81,23,30.665628
81,24,30.592775
81,25,30.49925
81,26,30.389284
81,27,30.266623
81,28,30.135489
81,29,30.0
81,3,9.745982
81,4,12.730664
81,5,15.507091
81,6,18.043549
81,7,20.319578
81,8,22.325363
81,9,24.061544
82,0,0.0
82,1,3.393498
82,10,25.979378
82,11,27.223518
82,12,28.240875
82,13,29.056377
82,14,29.696148
82,15,30.18587
82,16,30.549414
82,17,30.808353
82,18,30.980911
82,19,31.082615
82,2,6.7253056
82,20,31.125425
82,21,31.119286
82,22,31.071285
82,23,30.987669
82,24,30.872986
82,25,30.732065
82,26,30.569122
82,27,30.389261
82,28,30.197603
82,29,30.0
82,3,9.937071
82,4,12.977131
82,5,15.80257
82,6,18.381428
82,7,20.692816
82,8,22.727507
82,9,24.486326
83,0,0.0
83,1,3.4854922
83,10,26.583004
83,11,27.843357
83,12,28.87138
83,13,29.69292
83,14,30.334618
83,15,30.82236
83,16,31.180227
83,17,31.429237
83,18,31.587582
83,19,31.669567
83,2,6.9063463
83,20,31.687037
83,21,31.648354
83,22,31.560654
83,23,31.42877
83,24,31.257795
83,25,31.051949
83,26,30.816809
83,27,30.558151
83,28,30.283295
83,29,30.0
83,3,10.201757
83,4,13.317751
83,5,16.210325
83,6,18.846453
83,7,21.205605
83,8,23.278603
83,9,25.06749
84,0,0.0
84,1,3.6113877
84,10,27.393429
84,11,28.673923
84,12,29.715162
84,13,30.5439
84,14,31.187584
84,15,31.672583
84,16,32.02276
84,17,32.259182
84,18,32.398834
84,19,32.455772
84,2,7.1539793
84,20,32.439903
84,21,32.359306
84,22,32.21898
84,23,32.023857
84,24,31.7775
84,25,31.48519
84,26,31.152494
84,27,30.78757
84,28,30.399673
84,29,30.0
84,3,10.563021
84,4,13.781905
84,5,16.764334
84,6,19.476908
84,7,21.898684
84,8,24.021832
84,9,25.849174
85,0,0.0
85,1,3.7815943
85,10,28.46304
85,11,29.768093
85,12,30.824833
85,13,31.661774
85,14,32.307316
85,15,32.788254
85,16,33.12875
85,17,33.34891
85,18,33.465485
85,19,33.49038
85,2,7.4881706
85,20,33.432915
85,21,33.298332
85,22,33.091106
85,23,32.8135
85,24,32.469406
85,25,32.062836
85,26,31.601395
85,27,31.094585
85,28,30.555721
85,29,30.0
85,3,11.049793
85,4,14.405382
85,5,17.506601
85,6,20.318546
85,7,22.821316
85,8,25.007854
85,9,26.883636
86,0,0.0
86,1,4.008994
86,10,29.851616
86,11,31.184937
86,12,32.25925
86,13,33.104828
86,14,33.751537
86,15,34.226967
86,16,34.55494
86,17,34.75549
86,18,34.84331
86,19,34.829575
86,2,7.934104
86,20,34.72022
86,21,34.519352
86,22,34.227547
86,23,33.846287
86,24,33.37645
86,25,32.822945
86,26,32.19317
86,27,31.500494
86,28,30.762142
86,29,30.0
86,3,11.697362
86,4,15.232419
86,5,18.487133
86,6,21.426397
86,7,24.03063
86,8,26.295929
86,9,28.230127
87,0,0.0
87,1,4.309977
87,10,31.624283
87,11,32.989
87,12,34.081623
87,13,34.935467
87,14,35.582054
87,15,36.04969
87,16,36.36255
87,17,36.539146
87,18,36.593468
87,19,36.533165
87,2,8.522833
87,20,36.36259
87,21,36.08091
87,22,35.68673
87,23,35.17646
87,24,34.549988
87,25,33.809387
87,26,32.964336
87,27,32.03051
87,28,31.03236
87,29,30.0
87,3,12.54975
87,4,16.316067
87,5,19.76632
87,6,22.864155
87,7,25.5931
87,8,27.952312
87,9,29.955248
88,0,0.0
88,1,4.7051873
88,10,33.85076
88,11,35.24736
88,12,36.35755
88,13,37.217735
88,14,37.861755
88,15,38.31908
88,16,38.61336
88,17,38.762726
88,18,38.77801
88,19,38.665142
88,2,9.293909
88,20,38.42302
88,21,38.04789
88,22,37.531414
88,23,36.866806
88,24,36.04769
88,25,35.075256
88,26,33.95774
88,27,32.716198
88,28,31.382545
88,29,30.0
88,3,13.660891
88,4,17.721466
88,5,21.414885
88,6,24.706375
88,7,27.582853
88,8,30.050936
88,9,32.1302
89,0,0.0
89,1,5.2217875
89,10,36.601433
89,11,38.027496
89,12,39.151318
89,13,40.013958
89,14,40.651737
89,15,41.095108
89,16,41.368004
89,17,41.486336
89,18,41.459442
89,19,41.288006
89,2,10.297617
89,20,40.967598
89,21,40.486423
89,22,39.8311
89,23,38.985218
89,24,37.93744
89,25,36.68177
89,26,35.2267
89,27,33.595924
89,28,31.833576
89,29,30.0
89,3,15.099214
89,4,19.52727
89,5,23.517492
89,6,27.037384
89,7,30.083046
89,8,32.67025
89,9,34.83017
9,0,0.0
9,1,2.4459767
9,10,18.890007
9,11,19.82467
9,12,20.599964
9,13,21.236574
9,14,21.755901
9,15,22.181364
9,16,22.536053
9,17,22.843365
9,18,23.1263
9,19,23.40738
9,2,4.849078
9,20,23.709177
9,21,24.053247
9,22,24.46109
9,23,24.951687
9,24,25.541725
9,25,26.241451
9,26,27.053434
9,27,27.967888
9,28,28.962063
9,29,30.0
9,3,7.169113
9,4,9.369297
9,5,11.420072
9,6,13.2974825
9,7,14.987223
9,8,16.48096
9,9,17.779913
90,0,0.0
90,1,5.8961577
90,10,39.945198
90,11,41.39244
90,12,42.522392
90,13,43.380657
90,14,44.006622
90,15,44.432083
90,16,44.680138
90,17,44.765793
90,18,44.694073
90,19,44.462578
90,2,11.601085
90,20,44.058884
90,21,43.465324
90,22,42.656788
90,23,41.6083
90,24,40.295143
90,25,38.703922
90,26,36.8361
90,27,34.719894
90,28,32.412247
90,29,30.0
90,3,16.951777
90,4,21.831766
90,5,26.173489
90,6,29.954096
90,7,33.182922
90,8,35.893036
90,9,38.129616
91,0,0.0
91,1,6.7801924
91,10,43.943512
91,11,45.397217
91,12,46.52016
91,13,47.363846
91,14,47.970516
91,15,48.372818
91,16,48.593803
91,17,48.645546
91,18,48.53076
91,19,48.240204
91,2,13.2962055
91,20,47.756065
91,21,47.048855
91,22,46.08333
91,23,44.817
91,24,43.21048
91,25,41.231365
91,26,38.870926
91,27,36.154316
91,28,33.156143
91,29,30.0
91,3,19.334743
91,4,24.757763
91,5,29.502676
91,6,33.564487
91,7,36.97855
91,8,39.801254
91,9,42.100178
92,0,0.0
92,1,7.951628
92,10,48.64665
92,11,50.08235
92,12,51.179356
92,13,51.994057
92,14,52.57148
92,15,52.945126
92,16,53.136597
92,17,53.15657
92,18,53.002716
92,19,52.66182
92,2,15.516803
92,20,52.106163
92,21,51.29724
92,22,50.182137
92,23,48.700527
92,24,46.785423
92,25,44.378532
92,26,41.443394
92,27,37.99436
92,28,34.12011
92,29,30.0
92,3,22.406593
92,4,28.464642
92,5,33.647694
92,6,37.990265
92,7,41.567715
92,8,44.473892
92,9,46.803543
93,0,0.0
93,1,9.536541
93,10,54.085808
93,11,55.469383
93,12,56.514168
93,13,57.281357
93,14,57.8175
93,15,58.155827
93,16,58.317116
93,17,58.30873
93,18,58.125946
93,19,57.748627
93,2,18.466984
93,20,57.143036
93,21,56.256813
93,22,55.021816
93,23,53.349987
93,24,51.141396
93,25,48.29035
93,26,44.71267
93,27,40.382515
93,28,35.392536
93,29,30.0
93,3,26.394154
93,4,33.16045
93,5,38.781204
93,6,43.36283
93,7,47.04749
93,8,49.97837
93,9,52.287025
94,0,0.0
94,1,11.7558775
94,10,60.26793
94,11,61.55381
94,12,62.513912
94,13,63.21102
94,14,63.69175
94,15,63.9882
94,16,64.11878
94,17,64.08932
94,18,63.890877
94,19,63.500587
94,2,22.478273
94,20,62.87652
94,21,61.957733
94,22,60.656548
94,23,58.858467
94,24,56.41601
94,25,53.15806
94,26,48.908833
94,27,43.549698
94,28,37.127174
94,29,30.0
94,3,31.629887
94,4,39.12159
94,5,45.105686
94,6,49.819866
94,7,53.502785
94,8,56.36377
94,9,58.57331
95,0,0.0
95,1,15.0368595
95,10,67.166824
95,11,68.301
95,12,69.13837
95,13,69.74027
95,14,70.15042
95,15,70.397934
95,16,70.49911
95,17,70.45692
95,18,70.26165
95,19,69.88709
95,2,28.116587
95,20,69.28963
95,21,68.40014
95,22,67.119675
95,23,65.30546
95,24,62.76183
95,25,59.22594
95,26,54.376488
95,27,47.88878
95,28,39.62175
95,29,30.0
95,3,38.611694
95,4,46.706017
95,5,52.848167
95,6,57.487526
95,7,60.993362
95,8,63.64574
95,9,65.65277
96,0,0.0
96,1,20.300373
96,10,74.718185
96,11,75.641106
96,12,76.315994
96,13,76.796776
96,14,77.12109
96,15,77.313446
96,16,77.386536
96,17,77.34232
96,18,77.17012
96,19,76.84603
96,2,36.39109
96,20,76.327034
96,21,75.54677
96,22,74.40211
96,23,72.73856
96,24,70.31981
96,25,66.78984
96,26,61.621166
96,27,54.10202
96,28,43.518494
96,29,30.0
96,3,48.07174
96,4,56.34794
96,5,62.225815
96,6,66.45045
96,7,69.52691
96,8,71.79196
96,9,73.47088
97,0,0.0
97,1,29.79471
97,10,82.81389
97,11,83.46857
97,12,83.94345
97,13,84.27948
97,14,84.504456
97,15,84.63601
97,16,84.68328
97,17,84.64673
97,18,84.518196
97,19,84.27798
97,2,49.117867
97,20,83.89254
97,21,83.30649
97,22,82.43288
97,23,81.13035
97,24,79.16583
97,25,76.13682
97,26,71.32799
97,27,63.454624
97,28,50.38841
97,29,30.0
97,3,61.00056
97,4,68.47412
97,5,73.36595
97,6,76.69301
97,7,79.0271
97,8,80.701546
97,9,81.920456
98,0,0.0
98,1,49.775574
98,10,91.303375
98,11,91.643616
98,12,91.88922
98,13,92.062225
98,14,92.177475
98,15,92.24435
98,16,92.26741
98,17,92.246925
98,18,92.17799
98,19,92.05002
98,2,69.31543
98,20,91.84379
98,21,91.52817
98,22,91.05146
98,23,90.326904
98,24,89.19864
98,25,87.36507
98,26,84.17647
98,27,78.05279
98,28,64.60689
98,29,30.0
98,3,78.38394
98,4,83.24355
98,5,86.14787
98,6,88.0222
98,7,89.29617
98,8,90.192215
98,9,90.83583
99,0,0.0
99,1,100.0
99,10,100.0
99,11,100.0
99,12,100.0
99,13,100.0
99,14,100.0
99,15,100.0
99,16,100.0
99,17,100.0
99,18,100.0
99,19,100.0
99,2,100.0
99,20,100.0
99,21,100.0
99,22,100.0
99,23,100.0
99,24,100.0
99,25,100.0
99,26,100.0
99,27,100.0
99,28,100.0
99,29,30.0
99,3,100.0
99,4,100.0
99,5,100.0
99,6,100.0
99,7,100.0
99,8,100.0
99,9,100.0
