0,0,0.0
0,1,0.0
0,10,0.0
0,11,0.0
0,12,0.0
0,13,0.0
0,14,0.0
0,15,30.0
0,2,0.0
0,3,0.0
0,4,0.0
0,5,0.0
0,6,0.0
0,7,0.0
0,8,0.0
0,9,0.0
1,0,0.0
1,1,0.63558066
1,10,5.1761045
1,11,5.945218
1,12,7.235524
1,13,9.736357
1,14,15.342183
1,15,30.0
1,2,1.2553883
1,3,1.8455299
1,4,2.3956947
1,5,2.9006302
1,6,3.3615696
1,7,3.7880828
1,8,4.201279
1,9,4.6402445
10,0,0.0
10,1,11.119525
10,10,49.446945
10,11,47.822586
10,12,45.029366
10,13,41.014454
10,14,35.873505
10,15,30.0
10,2,21.193554
10,3,29.670204
10,4,36.439453
10,5,41.624367
10,6,45.419712
10,7,48.005066
10,8,49.50747
10,9,49.989086
11,0,0.0
11,1,14.543357
11,10,57.062046
11,11,54.923176
11,12,51.283546
11,13,45.88521
11,14,38.636242
11,15,30.0
11,2,27.115536
11,3,37.071865
11,4,44.57335
11,5,50.035324
11,6,53.860146
11,7,56.34838
11,8,57.683083
11,9,57.933952
12,0,0.0
12,1,19.9384
12,10,65.94425
12,11,63.524673
12,12,59.296516
12,13,52.60666
12,14,42.786285
12,15,30.0
12,2,35.653435
12,3,46.928474
12,4,54.74688
12,5,60.083595
12,6,63.637306
12,7,65.84541
12,8,66.942696
12,9,67.00176
13,0,0.0
13,1,29.556839
13,10,76.18866
13,11,73.934845
13,12,69.771286
13,13,62.458668
13,14,49.902283
13,15,30.0
13,2,48.631393
13,3,60.241795
13,4,67.40222
13,5,71.914955
13,6,74.76023
13,7,76.45338
13,8,77.240685
13,9,77.18625
14,0,0.0
14,1,49.65759
14,10,87.68936
14,11,86.25484
14,12,83.39514
14,13,77.5545
14,14,64.36419
14,15,30.0
14,2,69.07353
14,3,78.00515
14,4,82.70531
14,5,85.413895
14,6,87.03534
14,7,87.9673
14,8,88.380486
14,9,88.31401
15,0,0.0
15,1,100.0
15,10,100.0
15,11,100.0
15,12,100.0
15,13,100.0
15,14,100.0
15,15,30.0
15,2,100.0
15,3,100.0
15,4,100.0
15,5,100.0
15,6,100.0
15,7,100.0
15,8,100.0
15,9,100.0
2,0,0.0
2,1,1.2869444
2,10,10.118996
2,11,11.369278
2,12,13.260549
2,13,16.36774
2,14,21.632385
2,15,30.0
2,2,2.5404618
2,3,3.7310646
2,4,4.836654
2,5,5.845298
2,6,6.7576103
2,7,7.5895314
2,8,8.376834
2,9,9.183642
3,0,0.0
3,1,1.9717543
3,10,14.747041
3,11,16.15242
3,12,18.06971
3,13,20.841707
3,14,24.819641
3,15,30.0
3,2,3.8884878
3,3,5.701668
3,4,7.3746295
3,5,8.886376
3,6,10.234132
3,7,11.43569
3,8,12.53298
3,9,13.598581
4,0,0.0
4,1,2.7116132
4,10,19.118282
4,11,20.42375
4,12,22.024244
4,13,24.10979
4,14,26.804497
4,15,30.0
4,2,5.340122
4,3,7.8125663
4,4,10.073922
4,5,12.091562
4,6,13.856979
4,7,15.386248
4,8,16.72095
4,9,17.93079
5,0,0.0
5,1,3.5346105
5,10,23.371695
5,11,24.400185
5,12,25.49382
5,13,26.768791
5,14,28.28859
5,15,30.0
5,2,6.9478917
5,3,10.134656
5,4,13.017053
5,5,15.549122
5,6,17.716135
5,7,19.531546
5,8,21.033947
5,9,22.28551
6,0,0.0
6,1,4.478978
6,10,27.682976
6,11,28.311615
6,12,28.78218
6,13,29.183043
6,14,29.581108
6,15,30.0
6,2,8.782257
6,3,12.761227
6,4,16.310665
6,5,19.371906
6,6,21.927086
6,7,23.990044
6,8,25.597988
6,9,26.805798
7,0,0.0
7,1,5.5990906
7,10,32.242996
7,11,32.38127
7,12,32.14038
7,13,31.600174
7,14,30.852852
7,15,30.0
7,2,10.941021
7,3,15.817462
7,4,20.092634
7,5,23.70094
7,6,26.630463
7,7,28.903772
7,8,30.56237
7,9,31.65692
8,0,0.0
8,1,6.9764104
8,10,37.251007
8,11,36.83028
8,12,35.79801
8,13,34.224518
8,14,32.23017
8,15,30.0
8,2,13.565367
8,3,19.4751
8,4,24.541637
8,5,28.708952
8,6,31.990273
8,7,34.432438
8,8,36.091038
8,9,37.01673
9,0,0.0
9,1,8.74123
9,10,42.91423
9,11,41.890984
9,12,39.997017
9,13,37.269814
9,14,33.84336
9,15,30.0
9,2,16.869032
9,3,23.97606
9,4,29.890038
9,5,34.603157
9,6,38.189457
9,7,40.744896
9,8,42.352837
9,9,43.068172
