0,0,0.0
0,1,0.0
0,10,0.0
0,11,0.0
0,12,0.0
0,13,0.0
0,14,0.0
0,15,30.0
0,2,0.0
0,3,0.0
0,4,0.0
0,5,0.0
0,6,0.0
0,7,0.0
0,8,0.0
0,9,0.0
1,0,0.0
1,1,0.62795025
1,10,5.133816
1,11,5.9079046
1,12,7.2053356
1,13,9.715123
1,14,15.331217
1,15,30.0
1,2,1.2402531
1,3,1.8231399
1,4,2.3665442
1,5,2.8654416
1,6,3.3214447
1,7,3.7444458
1,8,4.155941
1,9,4.5952926
10,0,0.0
10,1,11.052768
10,10,49.12508
10,11,47.54207
10,12,44.804733
10,13,40.857533
10,14,35.79285
10,15,30.0
10,2,21.06203
10,3,29.478062
10,4,36.19293
10,5,41.332085
10,6,45.0925
10,7,47.655952
10,8,49.151253
10,9,49.64178
11,0,0.0
11,1,14.482621
11,10,56.771484
11,11,54.6702
11,12,51.08102
11,13,45.743847
11,14,38.563576
11,15,30.0
11,2,26.995964
11,3,36.89724
11,4,44.34953
11,5,49.770164
11,6,53.56363
11,7,56.032345
11,8,57.36094
11,9,57.620213
12,0,0.0
12,1,19.888119
12,10,65.705086
12,11,63.31651
12,12,59.129993
12,13,52.490425
12,14,42.726574
12,15,30.0
12,2,35.554443
12,3,46.784004
12,4,54.56179
12,5,59.864502
12,6,63.39248
12,7,65.58467
12,8,66.67714
12,9,66.743286
13,0,0.0
13,1,29.520876
13,10,76.01828
13,11,73.78665
13,12,69.65274
13,13,62.37597
13,14,49.859787
13,15,30.0
13,2,48.560623
13,3,60.13852
13,4,67.26999
13,5,71.7585
13,6,74.58548
13,7,76.26738
13,8,77.05134
13,9,77.00208
14,0,0.0
14,1,49.63884
14,10,87.60075
14,11,86.17775
14,12,83.33351
14,13,77.5115
14,14,64.3421
14,15,30.0
14,2,69.03662
14,3,77.951324
14,4,82.6364
14,5,85.33238
14,6,86.944336
14,7,87.87045
14,8,88.28194
14,9,88.218185
15,0,0.0
15,1,100.0
15,10,100.0
15,11,100.0
15,12,100.0
15,13,100.0
15,14,100.0
15,15,30.0
15,2,100.0
15,3,100.0
15,4,100.0
15,5,100.0
15,6,100.0
15,7,100.0
15,8,100.0
15,9,100.0
2,0,0.0
2,1,1.2713087
2,10,10.033285
2,11,11.293711
2,12,13.199473
2,13,16.32479
2,14,21.610222
2,15,30.0
2,2,2.5094333
2,3,3.6852574
2,4,4.77704
2,5,5.773494
2,6,6.675814
2,7,7.500746
2,8,8.284703
2,9,9.0924225
3,0,0.0
3,1,1.9474688
3,10,14.616182
3,11,16.037231
3,12,17.976688
3,13,20.776367
3,14,24.785923
3,15,30.0
3,2,3.8403897
3,3,5.6306973
3,4,7.2825184
3,5,8.775592
3,6,10.10828
3,7,11.299342
3,8,12.391823
3,9,13.459085
4,0,0.0
4,1,2.678085
4,10,18.941025
4,11,20.267952
4,12,21.898632
4,13,24.021614
4,14,26.75904
4,15,30.0
4,2,5.27373
4,3,7.7148504
4,4,9.947277
4,5,11.939712
4,6,13.684846
4,7,15.200304
4,8,16.528896
4,9,17.741434
5,0,0.0
5,1,3.4915206
5,10,23.148445
5,11,24.20435
5,12,25.336102
5,13,26.658226
5,14,28.231602
5,15,30.0
5,2,6.8627253
5,3,10.00943
5,4,12.855213
5,5,15.355454
5,6,17.497272
5,7,19.295696
5,8,20.791008
5,9,22.04655
6,0,0.0
6,1,4.4267125
6,10,27.41716
6,11,28.078781
6,12,28.594978
6,13,29.051888
6,14,29.513578
6,15,30.0
6,2,8.6789875
6,3,12.609719
6,4,16.115147
6,5,19.138594
6,6,21.663998
6,7,23.707317
6,8,25.30745
6,9,26.52066
7,0,0.0
7,1,5.5388594
7,10,31.941843
7,11,32.117966
7,12,31.928867
7,13,31.452179
7,14,30.776663
7,15,30.0
7,2,10.822188
7,3,15.64327
7,4,19.868355
7,5,23.43377
7,6,26.329952
7,7,28.581522
7,8,30.231966
7,9,31.33334
8,0,0.0
8,1,6.91051
8,10,36.92621
8,11,36.546608
8,12,35.57047
8,13,34.065372
8,14,32.14831
8,15,30.0
8,2,13.43538
8,3,19.284874
8,4,24.296997
8,5,28.418133
8,6,31.663733
8,7,34.083
8,8,35.733444
8,9,36.66712
9,0,0.0
9,1,8.672874
9,10,42.58143
9,11,41.60074
9,12,39.76433
9,13,37.107246
9,14,33.759743
9,15,30.0
9,2,16.734344
9,3,23.779072
9,4,29.637104
9,5,34.302856
9,6,37.852867
9,7,40.385277
9,8,41.985413
9,9,42.709526
