0,0,0.0
0,1,0.0
0,10,0.0
0,11,0.0
0,12,0.0
0,13,0.0
0,14,0.0
0,15,30.0
0,2,0.0
0,3,0.0
0,4,0.0
0,5,0.0
0,6,0.0
0,7,0.0
0,8,0.0
0,9,0.0
1,0,0.0
1,1,0.62878454
1,10,5.1450377
1,11,5.918289
1,12,7.2140465
1,13,9.721405
1,14,15.334511
1,15,30.0
1,2,1.2420387
1,3,1.8261023
1,4,2.3709116
1,5,2.871429
1,6,3.329113
1,7,3.7537017
1,8,4.166451
1,9,4.606519
10,0,0.0
10,1,11.082022
10,10,49.27922
10,11,47.677525
10,12,44.913902
10,13,40.934166
10,14,35.832348
10,15,30.0
10,2,21.119944
10,3,29.563282
10,4,36.303326
10,5,41.464424
10,6,45.242424
10,7,47.817856
10,8,49.31839
10,9,49.806522
11,0,0.0
11,1,14.510269
11,10,56.914352
11,11,54.795483
11,12,51.181904
11,13,45.814552
11,14,38.600018
11,15,30.0
11,2,27.050608
11,3,36.97756
11,4,44.453316
11,5,49.89431
11,6,53.70388
11,7,56.183407
11,8,57.51651
11,9,57.773163
12,0,0.0
12,1,19.911642
12,10,65.82498
12,11,63.421555
12,12,59.214462
12,13,52.549614
12,14,42.75705
12,15,30.0
12,2,35.60092
12,3,46.85221
12,4,54.649826
12,5,59.96959
12,6,63.51101
12,7,65.7121
12,8,66.80812
12,9,66.87188
13,0,0.0
13,1,29.538015
13,10,76.10485
13,11,73.862404
13,12,69.71363
13,13,62.418602
13,14,49.881744
13,15,30.0
13,2,48.59446
13,3,60.188156
13,4,67.33397
13,5,71.8348
13,6,74.671425
13,7,76.359665
13,8,77.146095
13,9,77.094986
14,0,0.0
14,1,49.647873
14,10,87.646126
14,11,86.21745
14,12,83.36541
14,13,77.53382
14,14,64.3536
14,15,30.0
14,2,69.05446
14,3,77.97746
14,4,82.67007
14,5,85.37251
14,6,86.98951
14,7,87.91892
14,8,88.33167
14,9,88.26692
15,0,0.0
15,1,100.0
15,10,100.0
15,11,100.0
15,12,100.0
15,13,100.0
15,14,100.0
15,15,30.0
15,2,100.0
15,3,100.0
15,4,100.0
15,5,100.0
15,6,100.0
15,7,100.0
15,8,100.0
15,9,100.0
2,0,0.0
2,1,1.2734628
2,10,10.057434
2,11,11.31592
2,12,13.218002
2,13,16.338118
2,14,21.61719
2,15,30.0
2,2,2.5139723
2,3,3.692531
2,4,4.7874894
2,5,5.787392
2,6,6.693246
2,7,7.521373
2,8,8.3077965
2,9,9.116802
3,0,0.0
3,1,1.9518268
3,10,14.656236
3,11,16.073736
3,12,18.006973
3,13,20.798038
3,14,24.797235
3,15,30.0
3,2,3.8493502
3,3,5.644725
3,4,7.302012
3,5,8.800847
3,6,10.139107
3,7,11.335073
3,8,12.431103
3,9,13.4999695
4,0,0.0
4,1,2.6856759
4,10,19.000368
4,11,20.321596
4,12,21.942816
4,13,24.053116
4,14,26.775423
4,15,30.0
4,2,5.289171
4,3,7.738472
4,4,9.979429
4,5,11.980328
4,6,13.733411
4,7,15.255472
4,8,16.588566
4,9,17.802696
5,0,0.0
5,1,3.5033271
5,10,23.229897
5,11,24.277378
5,12,25.395947
5,13,26.700687
5,14,28.253654
5,15,30.0
5,2,6.886465
5,3,10.045322
5,4,12.903188
5,5,15.415097
5,6,17.567331
5,7,19.374104
5,8,20.874643
5,9,22.131422
6,0,0.0
6,1,4.443323
6,10,27.521824
6,11,28.172081
6,12,28.671013
6,13,29.105694
6,14,29.541441
6,15,30.0
6,2,8.712237
6,3,12.659445
6,4,16.180939
6,5,19.219297
6,6,21.757689
6,7,23.810907
6,8,25.416794
6,9,26.630608
7,0,0.0
7,1,5.560339
7,10,32.068382
7,11,32.23015
7,12,32.01999
7,13,31.51644
7,14,30.809906
7,15,30.0
7,2,10.86495
7,3,15.706884
7,4,19.951767
7,5,23.535257
7,6,26.446651
7,7,28.709452
7,8,30.36591
7,9,31.467037
8,0,0.0
8,1,6.9361696
8,10,37.070175
8,11,36.6738
8,12,35.673412
8,13,34.137856
8,14,32.185738
8,15,30.0
8,2,13.486364
8,3,19.360306
8,4,24.39542
8,5,28.537056
8,6,31.799616
8,7,34.230976
8,8,35.88743
8,9,36.820007
9,0,0.0
9,1,8.701345
9,10,42.735474
9,11,41.73636
9,12,39.873898
9,13,37.18421
9,14,33.799465
9,15,30.0
9,2,16.790752
9,3,23.862324
9,4,29.74522
9,5,34.432938
9,6,38.000744
9,7,40.545544
9,8,42.15144
9,9,42.873657
