0,0,0.0
0,1,0.0
0,10,0.0
0,11,0.0
0,12,0.0
0,13,0.0
0,14,0.0
0,15,30.0
0,2,0.0
0,3,0.0
0,4,0.0
0,5,0.0
0,6,0.0
0,7,0.0
0,8,0.0
0,9,0.0
1,0,0.0
1,1,0.6356832
1,10,5.1765313
1,11,5.9455843
1,12,7.235814
1,13,9.736558
1,14,15.342285
1,15,30.0
1,2,1.2555885
1,3,1.8458196
1,4,2.3960607
1,5,2.9010568
1,6,3.3620381
1,7,3.7885733
1,8,4.201769
1,9,4.6407137
10,0,0.0
10,1,11.119953
10,10,49.448723
10,11,47.824112
10,12,45.03058
10,13,41.01529
10,14,35.87393
10,15,30.0
10,2,21.19439
10,3,29.671415
10,4,36.44098
10,5,41.62615
10,6,45.42166
10,7,48.00711
10,8,49.50951
10,9,49.991043
11,0,0.0
11,1,14.543724
11,10,57.063576
11,11,54.92449
11,12,51.284584
11,13,45.885918
11,14,38.636604
11,15,30.0
11,2,27.116255
11,3,37.072903
11,4,44.57466
11,5,50.03685
11,6,53.861824
11,7,56.350136
11,8,57.68484
11,9,57.93563
12,0,0.0
12,1,19.938692
12,10,65.94546
12,11,63.52571
12,12,59.297333
12,13,52.607216
12,14,42.786575
12,15,30.0
12,2,35.654003
12,3,46.929295
12,4,54.747913
12,5,60.084797
12,6,63.638634
12,7,65.8468
12,8,66.944084
12,9,67.00309
13,0,0.0
13,1,29.55704
13,10,76.18949
13,11,73.935555
13,12,69.77184
13,13,62.459053
13,14,49.90248
13,15,30.0
13,2,48.63178
13,3,60.242355
13,4,67.40292
13,5,71.91579
13,6,74.76114
13,7,76.45433
13,8,77.24164
13,9,77.18717
14,0,0.0
14,1,49.657692
14,10,87.68979
14,11,86.25519
14,12,83.39543
14,13,77.554695
14,14,64.36429
14,15,30.0
14,2,69.07372
14,3,78.00544
14,4,82.705666
14,5,85.41431
14,6,87.035805
14,7,87.96778
14,8,88.380974
14,9,88.31448
15,0,0.0
15,1,100.0
15,10,100.0
15,11,100.0
15,12,100.0
15,13,100.0
15,14,100.0
15,15,30.0
15,2,100.0
15,3,100.0
15,4,100.0
15,5,100.0
15,6,100.0
15,7,100.0
15,8,100.0
15,9,100.0
2,0,0.0
2,1,1.2871447
2,10,10.119831
2,11,11.369995
2,12,13.261116
2,13,16.368134
2,14,21.632586
2,15,30.0
2,2,2.540854
2,3,3.731631
2,4,4.837371
2,5,5.8461323
2,6,6.7585278
2,7,7.59049
2,8,8.377794
2,9,9.184559
3,0,0.0
3,1,1.9720438
3,10,14.748247
3,11,16.153454
3,12,18.07053
3,13,20.842274
3,14,24.819931
3,15,30.0
3,2,3.8890543
3,3,5.702486
3,4,7.375665
3,5,8.887583
3,6,10.235456
3,7,11.437076
3,8,12.534365
3,9,13.599906
4,0,0.0
4,1,2.7119792
4,10,19.119808
4,11,20.42506
4,12,22.025278
4,13,24.110512
4,14,26.804863
4,15,30.0
4,2,5.3408384
4,3,7.8136024
4,4,10.075231
4,5,12.093088
4,6,13.858654
4,7,15.388
4,8,16.722702
4,9,17.932465
5,0,0.0
5,1,3.5350368
5,10,23.373474
5,11,24.401709
5,12,25.49503
5,13,26.769627
5,14,28.289017
5,15,30.0
5,2,6.948726
5,3,10.135861
5,4,13.0185795
5,5,15.550899
5,6,17.718086
5,7,19.533585
5,8,21.035988
5,9,22.287464
6,0,0.0
6,1,4.4794474
6,10,27.684933
6,11,28.31329
6,12,28.783508
6,13,29.18396
6,14,29.581577
6,15,30.0
6,2,8.7831745
6,3,12.762553
6,4,16.31234
6,5,19.373857
6,6,21.929228
6,7,23.992283
6,8,25.600227
6,9,26.807941
7,0,0.0
7,1,5.5995803
7,10,32.24504
7,11,32.383026
7,12,32.141766
7,13,31.601133
7,14,30.853344
7,15,30.0
7,2,10.94198
7,3,15.818848
7,4,20.094385
7,5,23.702982
7,6,26.632706
7,7,28.906116
7,8,30.564718
7,9,31.659163
8,0,0.0
8,1,6.976901
8,10,37.25305
8,11,36.832035
8,12,35.7994
8,13,34.22548
8,14,32.23066
8,15,30.0
8,2,13.566326
8,3,19.476484
8,4,24.54339
8,5,28.710997
8,6,31.992516
8,7,34.434784
8,8,36.093384
8,9,37.018974
9,0,0.0
9,1,8.741699
9,10,42.916183
9,11,41.892662
9,12,39.998344
9,13,37.270733
9,14,33.84383
9,15,30.0
9,2,16.86995
9,3,23.977386
9,4,29.891714
9,5,34.60511
9,6,38.1916
9,7,40.74714
9,8,42.355087
9,9,43.070316
