0,0,0.0
0,1,0.0
0,10,0.0
0,11,0.0
0,12,0.0
0,13,0.0
0,14,0.0
0,15,30.0
0,2,0.0
0,3,0.0
0,4,0.0
0,5,0.0
0,6,0.0
0,7,0.0
0,8,0.0
0,9,0.0
1,0,0.0
1,1,5.126953
1,10,12.575684
1,11,12.612305
1,12,12.868652
1,13,13.857422
1,14,17.563477
1,15,30.0
1,2,8.972168
1,3,11.279297
1,4,12.202148
1,5,12.509766
1,6,12.561035
1,7,12.568359
1,8,12.568359
1,9,12.568359
10,0,0.0
10,1,12.729492
10,10,30.239258
10,11,30.239258
10,12,30.239258
10,13,30.239258
10,14,30.153809
10,15,30.0
10,2,22.233887
10,3,27.470703
10,4,29.56543
10,5,30.136719
10,6,30.231934
10,7,30.239258
10,8,30.239258
10,9,30.239258
11,0,0.0
11,1,13.569336
11,10,31.572266
11,11,31.572266
11,12,31.572266
11,13,31.401367
11,14,30.957031
11,15,30.0
11,2,23.432617
11,3,28.80371
11,4,30.898438
11,5,31.469727
11,6,31.564941
11,7,31.572266
11,8,31.572266
11,9,31.572266
12,0,0.0
12,1,16.577148
12,10,36.45996
12,11,36.45996
12,12,36.289062
12,13,35.708008
12,14,33.708496
12,15,30.0
12,2,27.893066
12,3,33.59375
12,4,35.786133
12,5,36.35742
12,6,36.452637
12,7,36.45996
12,8,36.45996
12,9,36.45996
13,0,0.0
13,1,25.256348
13,10,48.6792
13,11,48.59375
13,12,48.234863
13,13,46.45752
13,14,41.398926
13,15,30.0
13,2,39.404297
13,3,45.788574
13,4,47.993164
13,5,48.57666
13,6,48.671875
13,7,48.6792
13,8,48.6792
13,9,48.6792
14,0,0.0
14,1,46.58203
14,10,70.65674
14,11,70.57129
14,12,69.973145
14,13,67.666016
14,14,59.018555
14,15,30.0
14,2,62.78076
14,3,68.38379
14,4,70.16113
14,5,70.59082
14,6,70.666504
14,7,70.67383
14,8,70.67383
14,9,70.67383
15,0,0.0
15,1,100.0
15,10,100.0
15,11,100.0
15,12,100.0
15,13,100.0
15,14,100.0
15,15,30.0
15,2,100.0
15,3,100.0
15,4,100.0
15,5,100.0
15,6,100.0
15,7,100.0
15,8,100.0
15,9,100.0
2,0,0.0
2,1,8.972168
2,10,21.994629
2,11,22.03125
2,12,22.185059
2,13,22.946777
2,14,25.114746
2,15,30.0
2,2,15.893555
2,3,19.73877
2,4,21.430664
2,5,21.89209
2,6,21.987305
2,7,21.994629
2,8,21.994629
2,9,21.994629
3,0,0.0
3,1,11.279297
3,10,27.231445
3,11,27.231445
3,12,27.304688
3,13,27.55371
3,14,28.410645
3,15,30.0
3,2,19.73877
3,3,24.609375
3,4,26.557617
3,5,27.128906
3,6,27.224121
3,7,27.231445
3,8,27.231445
3,9,27.231445
4,0,0.0
4,1,12.202148
4,10,29.326172
4,11,29.326172
4,12,29.326172
4,13,29.399414
4,14,29.589844
4,15,30.0
4,2,21.430664
4,3,26.557617
4,4,28.652344
4,5,29.223633
4,6,29.318848
4,7,29.326172
4,8,29.326172
4,9,29.326172
5,0,0.0
5,1,12.509766
5,10,29.89746
5,11,29.89746
5,12,29.89746
5,13,29.89746
5,14,29.934082
5,15,30.0
5,2,21.89209
5,3,27.128906
5,4,29.223633
5,5,29.794922
5,6,29.890137
5,7,29.89746
5,8,29.89746
5,9,29.89746
6,0,0.0
6,1,12.561035
6,10,29.992676
6,11,29.992676
6,12,29.992676
6,13,29.992676
6,14,29.992676
6,15,30.0
6,2,21.987305
6,3,27.224121
6,4,29.318848
6,5,29.890137
6,6,29.985352
6,7,29.992676
6,8,29.992676
6,9,29.992676
7,0,0.0
7,1,12.568359
7,10,30.0
7,11,30.0
7,12,30.0
7,13,30.0
7,14,30.0
7,15,30.0
7,2,21.994629
7,3,27.231445
7,4,29.326172
7,5,29.89746
7,6,29.992676
7,7,30.0
7,8,30.0
7,9,30.0
8,0,0.0
8,1,12.568359
8,10,30.0
8,11,30.0
8,12,30.0
8,13,30.0
8,14,30.0
8,15,30.0
8,2,21.994629
8,3,27.231445
8,4,29.326172
8,5,29.89746
8,6,29.992676
8,7,30.0
8,8,30.0
8,9,30.0
9,0,0.0
9,1,12.585449
9,10,30.01709
9,11,30.01709
9,12,30.01709
9,13,30.01709
9,14,30.01709
9,15,30.0
9,2,22.011719
9,3,27.248535
9,4,29.343262
9,5,29.91455
9,6,30.009766
9,7,30.01709
9,8,30.01709
9,9,30.01709
