0,0,0.0
0,1,0.0
0,10,0.0
0,11,0.0
0,12,0.0
0,13,0.0
0,14,0.0
0,15,30.0
0,2,0.0
0,3,0.0
0,4,0.0
0,5,0.0
0,6,0.0
0,7,0.0
0,8,0.0
0,9,0.0
1,0,0.0
1,1,0.6356089
1,10,5.176222
1,11,5.9453187
1,12,7.2356043
1,13,9.736412
1,14,15.342212
1,15,30.0
1,2,1.2554438
1,3,1.8456099
1,4,2.3957963
1,5,2.9007478
1,6,3.361699
1,7,3.7882185
1,8,4.201414
1,9,4.640374
10,0,0.0
10,1,11.119642
10,10,49.447437
10,11,47.823006
10,12,45.029705
10,13,41.014683
10,14,35.873623
10,15,30.0
10,2,21.193787
10,3,29.670538
10,4,36.439877
10,5,41.624863
10,6,45.42025
10,7,48.005627
10,8,49.508034
10,9,49.989628
11,0,0.0
11,1,14.543459
11,10,57.06247
11,11,54.923546
11,12,51.28383
11,13,45.885406
11,14,38.63634
11,15,30.0
11,2,27.115736
11,3,37.072155
11,4,44.57371
11,5,50.035748
11,6,53.860603
11,7,56.34887
11,8,57.683567
11,9,57.93442
12,0,0.0
12,1,19.938482
12,10,65.944595
12,11,63.524963
12,12,59.296745
12,13,52.60681
12,14,42.78637
12,15,30.0
12,2,35.653595
12,3,46.9287
12,4,54.747173
12,5,60.083923
12,6,63.63768
12,7,65.84579
12,8,66.943085
12,9,67.00212
13,0,0.0
13,1,29.556896
13,10,76.18889
13,11,73.93504
13,12,69.77144
13,13,62.45878
13,14,49.902336
13,15,30.0
13,2,48.6315
13,3,60.24195
13,4,67.40242
13,5,71.91519
13,6,74.760475
13,7,76.45364
13,8,77.240944
13,9,77.18651
14,0,0.0
14,1,49.657616
14,10,87.68948
14,11,86.25493
14,12,83.395226
14,13,77.55455
14,14,64.36422
14,15,30.0
14,2,69.073586
14,3,78.00523
14,4,82.70541
14,5,85.414
14,6,87.03547
14,7,87.96742
14,8,88.38062
14,9,88.31414
15,0,0.0
15,1,100.0
15,10,100.0
15,11,100.0
15,12,100.0
15,13,100.0
15,14,100.0
15,15,30.0
15,2,100.0
15,3,100.0
15,4,100.0
15,5,100.0
15,6,100.0
15,7,100.0
15,8,100.0
15,9,100.0
2,0,0.0
2,1,1.2869998
2,10,10.119226
2,11,11.369476
2,12,13.260706
2,13,16.36785
2,14,21.63244
2,15,30.0
2,2,2.5405698
2,3,3.7312217
2,4,4.836852
2,5,5.8455286
2,6,6.757863
2,7,7.589796
2,8,8.377099
2,9,9.183895
3,0,0.0
3,1,1.9718341
3,10,14.747374
3,11,16.152706
3,12,18.069937
3,13,20.841864
3,14,24.81972
3,15,30.0
3,2,3.888645
3,3,5.7018933
3,4,7.374916
3,5,8.886709
3,6,10.234498
3,7,11.436071
3,8,12.533362
3,9,13.598948
4,0,0.0
4,1,2.7117143
4,10,19.118704
4,11,20.424112
4,12,22.02453
4,13,24.109991
4,14,26.804596
4,15,30.0
4,2,5.3403196
4,3,7.8128533
4,4,10.074283
4,5,12.091984
4,6,13.857441
4,7,15.386731
4,8,16.721432
4,9,17.931252
5,0,0.0
5,1,3.5347278
5,10,23.372185
5,11,24.400604
5,12,25.494154
5,13,26.769022
5,14,28.288706
5,15,30.0
5,2,6.948122
5,3,10.134989
5,4,13.017476
5,5,15.549612
5,6,17.716675
5,7,19.532108
5,8,21.034512
5,9,22.286049
6,0,0.0
6,1,4.479108
6,10,27.683517
6,11,28.312077
6,12,28.782549
6,13,29.183294
6,14,29.58124
6,15,30.0
6,2,8.782511
6,3,12.761594
6,4,16.311127
6,5,19.372444
6,6,21.927677
6,7,23.990662
6,8,25.598602
6,9,26.806387
7,0,0.0
7,1,5.5992255
7,10,32.243557
7,11,32.38176
7,12,32.140762
7,13,31.600441
7,14,30.852985
7,15,30.0
7,2,10.941285
7,3,15.817844
7,4,20.093117
7,5,23.701504
7,6,26.631084
7,7,28.904417
7,8,30.563019
7,9,31.657536
8,0,0.0
8,1,6.9765453
8,10,37.25157
8,11,36.830765
8,12,35.798397
8,13,34.224785
8,14,32.23031
8,15,30.0
8,2,13.565632
8,3,19.475481
8,4,24.542122
8,5,28.709517
8,6,31.99089
8,7,34.43309
8,8,36.091682
8,9,37.01735
9,0,0.0
9,1,8.74136
9,10,42.914772
9,11,41.89145
9,12,39.99738
9,13,37.27007
9,14,33.84349
9,15,30.0
9,2,16.869284
9,3,23.976427
9,4,29.8905
9,5,34.6037
9,6,38.190052
9,7,40.745514
9,8,42.353462
9,9,43.06876
