0,0,0.0
0,1,0.0
0,10,0.0
0,11,0.0
0,12,0.0
0,13,0.0
0,14,0.0
0,15,0.0
0,16,0.0
0,17,0.0
0,18,0.0
0,19,0.0
0,2,0.0
0,20,0.0
0,21,0.0
0,22,0.0
0,23,0.0
0,24,0.0
0,25,0.0
0,26,0.0
0,27,0.0
0,28,0.0
0,29,30.0
0,3,0.0
0,4,0.0
0,5,0.0
0,6,0.0
0,7,0.0
0,8,0.0
0,9,0.0
1,0,0.0
1,1,0.5832143
1,10,3.8598013
1,11,3.9681733
1,12,4.0455337
1,13,4.099751
1,14,4.137179
1,15,4.1637826
1,16,4.1845927
1,17,4.204465
1,18,4.228711
1,19,4.263671
1,2,1.1487552
1,20,4.3187027
1,21,4.407339
1,22,4.552179
1,23,4.790272
1,24,5.189229
1,25,5.878805
1,26,7.1391916
1,27,9.649174
1,28,15.291605
1,29,30.0
1,3,1.6810296
1,4,2.1663392
1,5,2.5961864
1,6,2.9646313
1,7,3.2716768
1,8,3.51904
1,9,3.71296
10,0,0.0
10,1,3.8595383
10,10,25.50105
10,11,26.209465
10,12,26.714138
10,13,27.06244
10,14,27.296717
10,15,27.450947
10,16,27.552496
10,17,27.622433
10,18,27.676846
10,19,27.729113
10,2,7.602706
10,20,27.789776
10,21,27.869667
10,22,27.977701
10,23,28.124159
10,24,28.316244
10,25,28.560843
10,26,28.858662
10,27,29.206453
10,28,29.592533
10,29,30.0
10,3,11.122402
10,4,14.33304
10,5,17.171436
10,6,19.606249
10,7,21.629559
10,8,23.261253
10,9,24.535378
11,0,0.0
11,1,3.9676335
11,10,26.208977
11,11,26.9369
11,12,27.45447
11,13,27.811867
11,14,28.051365
11,15,28.208303
11,16,28.310093
11,17,28.37771
11,18,28.427114
11,19,28.470058
11,2,7.8150353
11,20,28.516542
11,21,28.574108
11,22,28.6506
11,23,28.75166
11,24,28.883377
11,25,29.048319
11,26,29.247868
11,27,29.478205
11,28,29.732649
11,29,30.0
11,3,11.43362
11,4,14.732919
11,5,17.651104
11,6,20.152412
11,7,22.23248
11,8,23.908108
11,9,25.21778
12,0,0.0
12,1,4.0444374
12,10,26.712822
12,11,27.453749
12,12,27.98095
12,13,28.344301
12,14,28.587626
12,15,28.746218
12,16,28.847929
12,17,28.913692
12,18,28.958796
12,19,28.994778
12,2,7.966675
12,20,29.029785
12,21,29.070879
12,22,29.122963
12,23,29.191086
12,24,29.278057
12,25,29.386553
12,26,29.516115
12,27,29.665123
12,28,29.828562
12,29,30.0
12,3,11.654749
12,4,15.018326
12,5,17.991922
12,6,20.541882
12,7,22.660868
12,8,24.368923
12,9,25.702644
13,0,0.0
13,1,4.0976105
13,10,27.05962
13,11,27.809994
13,12,28.343319
13,13,28.710989
13,14,28.95668
13,15,29.116386
13,16,29.217918
13,17,29.282097
13,18,29.32414
13,19,29.354654
13,2,8.071051
13,20,29.381592
13,21,29.410267
13,22,29.445309
13,23,29.489515
13,24,29.545673
13,25,29.614578
13,26,29.696726
13,27,29.790318
13,28,29.892824
13,29,30.0
13,3,11.807768
13,4,15.214774
13,5,18.227566
13,6,20.80996
13,7,22.956745
13,8,24.686108
13,9,26.037163
14,0,0.0
14,1,4.1330585
14,10,27.291283
14,11,28.047485
14,12,28.585152
14,13,28.95544
14,14,29.202782
14,15,29.36311
14,16,29.46442
14,17,29.52751
14,18,29.567207
14,19,29.594057
14,2,8.141061
14,20,29.615067
14,21,29.63543
14,22,29.658371
14,23,29.68666
14,24,29.721607
14,25,29.76442
14,26,29.8148
14,27,29.872196
14,28,29.93468
14,29,30.0
14,3,11.90978
14,4,15.346447
14,5,18.384659
14,6,20.989449
14,7,23.153994
14,8,24.898226
14,9,26.26017
15,0,0.0
15,1,4.1561003
15,10,27.440834
15,11,28.201052
15,12,28.74127
15,13,29.113361
15,14,29.361649
15,15,29.522375
15,16,29.623508
15,17,29.685772
15,18,29.723972
15,19,29.748196
15,2,8.186257
15,20,29.765408
15,21,29.780008
15,22,29.7952
15,23,29.81276
15,24,29.834167
15,25,29.859827
15,26,29.890045
15,27,29.92414
15,28,29.961285
15,29,30.0
15,3,11.976051
15,4,15.43145
15,5,18.486614
15,6,21.105322
15,7,23.281847
15,8,25.03516
15,9,26.404535
16,0,0.0
16,1,4.1705008
16,10,27.534521
16,11,28.297031
16,12,28.838964
16,13,29.21206
16,14,29.460976
16,15,29.62191
16,16,29.7229
16,17,29.784649
16,18,29.8218
16,19,29.84442
16,2,8.214708
16,20,29.85906
16,21,29.870121
16,22,29.880201
16,23,29.89116
16,24,29.903852
16,25,29.91897
16,26,29.936474
16,27,29.956253
16,28,29.977665
16,29,30.0
16,3,12.017469
16,4,15.484912
16,5,18.550331
16,6,21.178106
16,7,23.361753
16,8,25.121054
16,9,26.494759
17,0,0.0
17,1,4.179282
17,10,27.591194
17,11,28.355198
17,12,28.898066
17,13,29.27182
17,14,29.521069
17,15,29.682125
17,16,29.78302
17,17,29.844421
17,18,29.880959
17,19,29.902515
17,2,8.231918
17,20,29.915651
17,21,29.924425
17,22,29.931488
17,23,29.938282
17,24,29.945808
17,25,29.954418
17,26,29.964363
17,27,29.97546
17,28,29.987492
17,29,30.0
17,3,12.042709
17,4,15.517252
17,5,18.589113
17,6,21.222137
17,7,23.410315
17,8,25.173016
17,9,26.549515
18,0,0.0
18,1,4.184422
18,10,27.624454
18,11,28.389248
18,12,28.93271
18,13,29.306803
18,14,29.556263
18,15,29.717379
18,16,29.818207
18,17,29.87941
18,18,29.915548
18,19,29.936514
18,2,8.242076
18,20,29.948694
18,21,29.956182
18,22,29.961382
18,23,29.965805
18,24,29.97021
18,25,29.97509
18,26,29.980553
18,27,29.98664
18,28,29.993187
18,29,30.0
18,3,12.057482
18,4,15.536322
18,5,18.611816
18,6,21.24806
18,7,23.438744
18,8,25.203556
18,9,26.581566
19,0,0.0
19,1,4.187359
19,10,27.64329
19,11,28.408571
19,12,28.952328
19,13,29.326633
19,14,29.576193
19,15,29.737345
19,16,29.838135
19,17,29.899212
19,18,29.93514
19,19,29.955734
19,2,8.2478285
19,20,29.967407
19,21,29.974113
19,22,29.978298
19,23,29.981321
19,24,29.984007
19,25,29.986725
19,26,29.989695
19,27,29.992926
19,28,29.996403
19,29,30.0
19,3,12.065918
19,4,15.547119
19,5,18.624762
19,6,21.262741
19,7,23.454922
19,8,25.220852
19,9,26.599777
2,0,0.0
2,1,1.1487552
2,10,7.6031957
2,11,7.816059
2,12,7.9687233
2,13,8.075094
2,14,8.1487665
2,15,8.20071
2,16,8.24103
2,17,8.27906
2,18,8.324497
2,19,8.389674
2,2,2.263204
2,20,8.490601
2,21,8.652261
2,22,8.911755
2,23,9.330669
2,24,10.009111
2,25,11.12197
2,26,12.977832
2,27,16.13159
2,28,21.499569
2,29,30.0
2,3,3.3111186
2,4,4.267872
2,5,5.1137004
2,6,5.8403544
2,7,6.444211
2,8,6.932246
2,9,7.3133984
20,0,0.0
20,1,4.1889677
20,10,27.653635
20,11,28.419151
20,12,28.963089
20,13,29.337492
20,14,29.587116
20,15,29.748281
20,16,29.849047
20,17,29.91006
20,18,29.94586
20,19,29.96627
20,2,8.251008
20,20,29.977634
20,21,29.98394
20,22,29.987534
20,23,29.989819
20,24,29.991528
20,25,29.99309
20,26,29.99467
20,27,29.996365
20,28,29.998152
20,29,30.0
20,3,12.0705385
20,4,15.5530815
20,5,18.631851
20,6,21.27083
20,7,23.463783
20,8,25.230366
20,9,26.60975
21,0,0.0
21,1,4.189828
21,10,27.659111
21,11,28.424767
21,12,28.968786
21,13,29.34325
21,14,29.592897
21,15,29.754074
21,16,29.854826
21,17,29.915802
21,18,29.95154
21,19,29.971838
21,2,8.252691
21,20,29.983059
21,21,29.989128
21,22,29.992428
21,23,29.994303
21,24,29.995514
21,25,29.996447
21,26,29.997309
21,27,29.998177
21,28,29.999079
21,29,30.0
21,3,12.073009
21,4,15.556236
21,5,18.635632
21,6,21.275112
21,7,23.468504
21,8,25.235403
21,9,26.615053
22,0,0.0
22,1,4.190268
22,10,27.661924
22,11,28.427639
22,12,28.971704
22,13,29.346195
22,14,29.595858
22,15,29.757036
22,16,29.857784
22,17,29.918741
22,18,29.954443
22,19,29.974693
22,2,8.253562
22,20,29.985825
22,21,29.99179
22,22,29.994928
22,23,29.996603
22,24,29.997545
22,25,29.998167
22,26,29.998653
22,27,29.999104
22,28,29.99955
22,29,30.0
22,3,12.074271
22,4,15.557867
22,5,18.637566
22,6,21.27732
22,7,23.47092
22,8,25.237993
22,9,26.617765
23,0,0.0
23,1,4.190488
23,10,27.663311
23,11,28.429062
23,12,28.973148
23,13,29.347649
23,14,29.597322
23,15,29.758501
23,16,29.859243
23,17,29.920193
23,18,29.95588
23,19,29.976103
23,2,8.253992
23,20,29.987196
23,21,29.993103
23,22,29.996166
23,23,29.997734
23,24,29.998556
23,25,29.999014
23,26,29.999321
23,27,29.999561
23,28,29.999783
23,29,30.0
23,3,12.074902
23,4,15.558671
23,5,18.63853
23,6,21.278412
23,7,23.47212
23,8,25.239275
23,9,26.61911
24,0,0.0
24,1,4.1905932
24,10,27.663975
24,11,28.42974
24,12,28.973837
24,13,29.348349
24,14,29.598019
24,15,29.759201
24,16,29.85994
24,17,29.920885
24,18,29.956566
24,19,29.976776
24,2,8.2542
24,20,29.987854
24,21,29.99373
24,22,29.996758
24,23,29.99828
24,24,29.999035
24,25,29.99942
24,26,29.99964
24,27,29.999783
24,28,29.999897
24,29,30.0
24,3,12.075203
24,4,15.559059
24,5,18.638992
24,6,21.278934
24,7,23.472692
24,8,25.239887
24,9,26.619753
25,0,0.0
25,1,4.190642
25,10,27.664284
25,11,28.430052
25,12,28.974155
25,13,29.348667
25,14,29.598343
25,15,29.759523
25,16,29.860264
25,17,29.921204
25,18,29.95688
25,19,29.977085
25,2,8.254295
25,20,29.988153
25,21,29.99402
25,22,29.99703
25,23,29.998528
25,24,29.999256
25,25,29.99961
25,26,29.999784
25,27,29.999884
25,28,29.999947
25,29,30.0
25,3,12.075342
25,4,15.559239
25,5,18.639206
25,6,21.279179
25,7,23.472958
25,8,25.240171
25,9,26.620049
26,0,0.0
26,1,4.190664
26,10,27.664417
26,11,28.430193
26,12,28.974297
26,13,29.34881
26,14,29.598484
26,15,29.759666
26,16,29.860405
26,17,29.921349
26,18,29.957022
26,19,29.977222
26,2,8.254338
26,20,29.988289
26,21,29.994148
26,22,29.99715
26,23,29.99864
26,24,29.999355
26,25,29.999691
26,26,29.999851
26,27,29.999926
26,28,29.99997
26,29,30.0
26,3,12.075405
26,4,15.5593195
26,5,18.639301
26,6,21.279285
26,7,23.473078
26,8,25.2403
26,9,26.620182
27,0,0.0
27,1,4.1906734
27,10,27.664478
27,11,28.430254
27,12,28.974358
27,13,29.348871
27,14,29.598545
27,15,29.759727
27,16,29.86047
27,17,29.921406
27,18,29.95708
27,19,29.977283
27,2,8.254356
27,20,29.988346
27,21,29.994204
27,22,29.997204
27,23,29.998688
27,24,29.999397
27,25,29.99973
27,26,29.999878
27,27,29.999949
27,28,29.99998
27,29,30.0
27,3,12.075432
27,4,15.559354
27,5,18.639343
27,6,21.279335
27,7,23.47313
27,8,25.240353
27,9,26.62024
28,0,0.0
28,1,4.190677
28,10,27.664505
28,11,28.430275
28,12,28.974382
28,13,29.348896
28,14,29.598572
28,15,29.759754
28,16,29.860493
28,17,29.921434
28,18,29.957108
28,19,29.977306
28,2,8.254364
28,20,29.98837
28,21,29.994226
28,22,29.997225
28,23,29.998709
28,24,29.999416
28,25,29.999744
28,26,29.999891
28,27,29.999958
28,28,29.999987
28,29,30.0
28,3,12.075443
28,4,15.559368
28,5,18.63936
28,6,21.279352
28,7,23.473152
28,8,25.240372
28,9,26.620262
29,0,0.0
29,1,4.190679
29,10,27.664513
29,11,28.43029
29,12,28.974392
29,13,29.348907
29,14,29.59858
29,15,29.759762
29,16,29.8605
29,17,29.921444
29,18,29.957115
29,19,29.977318
29,2,8.254367
29,20,29.988379
29,21,29.994238
29,22,29.997234
29,23,29.998718
29,24,29.999424
29,25,29.99975
29,26,29.999897
29,27,29.99996
29,28,29.999987
29,29,30.0
29,3,12.075448
29,4,15.559374
29,5,18.639366
29,6,21.279362
29,7,23.473158
29,8,25.240383
29,9,26.620272
3,0,0.0
3,1,1.6810292
3,10,11.123072
3,11,11.434996
3,12,11.65754
3,13,11.81321
3,14,11.920231
3,15,11.995474
3,16,12.052959
3,17,12.10579
3,18,12.167685
3,19,12.254105
3,2,3.3111181
3,20,12.386754
3,21,12.594818
3,22,12.923774
3,23,13.439637
3,24,14.245901
3,25,15.496614
3,26,17.42256
3,27,20.333235
3,28,24.541817
3,29,30.0
3,3,4.8452086
3,4,6.24394
3,5,7.482639
3,6,8.544392
3,7,9.42901
3,8,10.141674
3,9,10.700183
30,0,0.0
30,1,4.1906786
30,10,27.664516
30,11,28.430292
30,12,28.974396
30,13,29.34891
30,14,29.598581
30,15,29.759766
30,16,29.860504
30,17,29.921448
30,18,29.95712
30,19,29.977322
30,2,8.25437
30,20,29.988384
30,21,29.99424
30,22,29.997238
30,23,29.998718
30,24,29.999428
30,25,29.999754
30,26,29.999899
30,27,29.999962
30,28,29.999989
30,29,30.0
30,3,12.075448
30,4,15.559376
30,5,18.63937
30,6,21.279366
30,7,23.473164
30,8,25.240387
30,9,26.620277
31,0,0.0
31,1,4.1906805
31,10,27.664518
31,11,28.430294
31,12,28.9744
31,13,29.348911
31,14,29.598587
31,15,29.759768
31,16,29.860508
31,17,29.921448
31,18,29.957123
31,19,29.977324
31,2,8.254368
31,20,29.988384
31,21,29.994242
31,22,29.997238
31,23,29.998722
31,24,29.999428
31,25,29.999756
31,26,29.999899
31,27,29.999962
31,28,29.999989
31,29,30.0
31,3,12.07545
31,4,15.559376
31,5,18.639372
31,6,21.279366
31,7,23.473164
31,8,25.24039
31,9,26.62028
32,0,0.0
32,1,4.1906796
32,10,27.664518
32,11,28.430294
32,12,28.9744
32,13,29.348911
32,14,29.598587
32,15,29.75977
32,16,29.860508
32,17,29.92145
32,18,29.957123
32,19,29.977322
32,2,8.254371
32,20,29.988388
32,21,29.994242
32,22,29.997242
32,23,29.99872
32,24,29.999432
32,25,29.999754
32,26,29.9999
32,27,29.999962
32,28,29.999989
32,29,30.0
32,3,12.075449
32,4,15.559378
32,5,18.63937
32,6,21.279366
32,7,23.473164
32,8,25.24039
32,9,26.620277
33,0,0.0
33,1,4.1906805
33,10,27.664518
33,11,28.430294
33,12,28.9744
33,13,29.348911
33,14,29.598589
33,15,29.759771
33,16,29.860508
33,17,29.92145
33,18,29.957123
33,19,29.977324
33,2,8.254369
33,20,29.988386
33,21,29.994244
33,22,29.997238
33,23,29.998726
33,24,29.999426
33,25,29.99976
33,26,29.999899
33,27,29.999962
33,28,29.999989
33,29,30.0
33,3,12.075451
33,4,15.559377
33,5,18.639372
33,6,21.279364
33,7,23.473166
33,8,25.24039
33,9,26.620277
34,0,0.0
34,1,4.1906796
34,10,27.664518
34,11,28.430296
34,12,28.9744
34,13,29.348915
34,14,29.598589
34,15,29.759771
34,16,29.860508
34,17,29.92145
34,18,29.957123
34,19,29.977324
34,2,8.254371
34,20,29.988388
34,21,29.994244
34,22,29.997242
34,23,29.99872
34,24,29.999432
34,25,29.999752
34,26,29.9999
34,27,29.999962
34,28,29.999989
34,29,30.0
34,3,12.07545
34,4,15.55938
34,5,18.639368
34,6,21.279367
34,7,23.473164
34,8,25.24039
34,9,26.620277
35,0,0.0
35,1,4.1906805
35,10,27.664518
35,11,28.430296
35,12,28.9744
35,13,29.348915
35,14,29.59859
35,15,29.759771
35,16,29.860508
35,17,29.92145
35,18,29.957123
35,19,29.977324
35,2,8.254369
35,20,29.988388
35,21,29.994244
35,22,29.99724
35,23,29.998724
35,24,29.999428
35,25,29.99976
35,26,29.999899
35,27,29.999962
35,28,29.999989
35,29,30.0
35,3,12.075453
35,4,15.559377
35,5,18.639372
35,6,21.279364
35,7,23.473167
35,8,25.24039
35,9,26.620281
36,0,0.0
36,1,4.1906796
36,10,27.664518
36,11,28.430294
36,12,28.974403
36,13,29.348915
36,14,29.59859
36,15,29.759771
36,16,29.860508
36,17,29.92145
36,18,29.957123
36,19,29.977324
36,2,8.254371
36,20,29.988388
36,21,29.994244
36,22,29.99724
36,23,29.99872
36,24,29.999432
36,25,29.999754
36,26,29.9999
36,27,29.999962
36,28,29.999989
36,29,30.0
36,3,12.07545
36,4,15.559379
36,5,18.63937
36,6,21.279367
36,7,23.473164
36,8,25.24039
36,9,26.620277
37,0,0.0
37,1,4.1906805
37,10,27.664518
37,11,28.430296
37,12,28.9744
37,13,29.348915
37,14,29.598589
37,15,29.759771
37,16,29.860508
37,17,29.92145
37,18,29.957123
37,19,29.977322
37,2,8.254369
37,20,29.988388
37,21,29.994244
37,22,29.99724
37,23,29.998722
37,24,29.999432
37,25,29.999754
37,26,29.9999
37,27,29.999962
37,28,29.999989
37,29,30.0
37,3,12.075451
37,4,15.559377
37,5,18.639372
37,6,21.279366
37,7,23.473167
37,8,25.24039
37,9,26.620281
38,0,0.0
38,1,4.1906796
38,10,27.664518
38,11,28.430294
38,12,28.974403
38,13,29.348911
38,14,29.59859
38,15,29.759771
38,16,29.860508
38,17,29.92145
38,18,29.95712
38,19,29.977324
38,2,8.25437
38,20,29.988384
38,21,29.994244
38,22,29.997238
38,23,29.998722
38,24,29.999428
38,25,29.999754
38,26,29.9999
38,27,29.999962
38,28,29.999989
38,29,30.0
38,3,12.07545
38,4,15.559378
38,5,18.63937
38,6,21.279366
38,7,23.473164
38,8,25.24039
38,9,26.620277
39,0,0.0
39,1,4.1906796
39,10,27.664518
39,11,28.430298
39,12,28.9744
39,13,29.348915
39,14,29.598587
39,15,29.759771
39,16,29.860508
39,17,29.921448
39,18,29.957123
39,19,29.977322
39,2,8.254369
39,20,29.988388
39,21,29.994242
39,22,29.997238
39,23,29.99872
39,24,29.999428
39,25,29.999754
39,26,29.999899
39,27,29.999962
39,28,29.999989
39,29,30.0
39,3,12.07545
39,4,15.559377
39,5,18.63937
39,6,21.279366
39,7,23.473166
39,8,25.24039
39,9,26.620281
4,0,0.0
4,1,2.1663375
4,10,14.333808
4,11,14.734523
4,12,15.02153
4,13,15.22109
4,14,15.35844
4,15,15.453856
4,16,15.525482
4,17,15.589406
4,18,15.661301
4,19,15.7597065
4,2,4.2678695
4,20,15.906672
4,21,16.134258
4,22,16.48492
4,23,17.021708
4,24,17.829058
4,25,19.023767
4,26,20.747152
4,27,23.145802
4,28,26.287485
4,29,30.0
4,3,6.243937
4,4,8.047815
4,5,9.642553
4,6,11.012231
4,7,12.150442
4,8,13.069986
4,9,13.788116
40,0,0.0
40,1,4.1906796
40,10,27.66452
40,11,28.430296
40,12,28.9744
40,13,29.348911
40,14,29.598587
40,15,29.75977
40,16,29.860508
40,17,29.92145
40,18,29.957123
40,19,29.977324
40,2,8.254369
40,20,29.988384
40,21,29.994244
40,22,29.997238
40,23,29.99872
40,24,29.999428
40,25,29.999754
40,26,29.999899
40,27,29.999962
40,28,29.999989
40,29,30.0
40,3,12.075451
40,4,15.559377
40,5,18.63937
40,6,21.279366
40,7,23.473164
40,8,25.240393
40,9,26.62028
41,0,0.0
41,1,4.1906796
41,10,27.66452
41,11,28.430296
41,12,28.9744
41,13,29.348911
41,14,29.598587
41,15,29.75977
41,16,29.860508
41,17,29.92145
41,18,29.957125
41,19,29.977324
41,2,8.25437
41,20,29.988388
41,21,29.994242
41,22,29.997238
41,23,29.99872
41,24,29.999428
41,25,29.999754
41,26,29.999899
41,27,29.999962
41,28,29.999987
41,29,30.0
41,3,12.07545
41,4,15.559378
41,5,18.63937
41,6,21.279366
41,7,23.473166
41,8,25.24039
41,9,26.620281
42,0,0.0
42,1,4.19068
42,10,27.66452
42,11,28.430294
42,12,28.9744
42,13,29.348911
42,14,29.598587
42,15,29.759771
42,16,29.860508
42,17,29.92145
42,18,29.957125
42,19,29.977324
42,2,8.254369
42,20,29.988388
42,21,29.994244
42,22,29.99724
42,23,29.99872
42,24,29.999428
42,25,29.999754
42,26,29.999899
42,27,29.99996
42,28,29.999987
42,29,30.0
42,3,12.075451
42,4,15.559377
42,5,18.63937
42,6,21.279366
42,7,23.473164
42,8,25.24039
42,9,26.620277
43,0,0.0
43,1,4.1906796
43,10,27.66452
43,11,28.430296
43,12,28.974398
43,13,29.348911
43,14,29.598587
43,15,29.75977
43,16,29.860508
43,17,29.921452
43,18,29.957123
43,19,29.977325
43,2,8.254369
43,20,29.988386
43,21,29.994244
43,22,29.997238
43,23,29.99872
43,24,29.999428
43,25,29.999752
43,26,29.999899
43,27,29.99996
43,28,29.999987
43,29,30.0
43,3,12.075449
43,4,15.559377
43,5,18.63937
43,6,21.279366
43,7,23.473164
43,8,25.240389
43,9,26.62028
44,0,0.0
44,1,4.1906796
44,10,27.664518
44,11,28.430294
44,12,28.9744
44,13,29.348911
44,14,29.598589
44,15,29.75977
44,16,29.860512
44,17,29.92145
44,18,29.957127
44,19,29.977324
44,2,8.254369
44,20,29.988388
44,21,29.994242
44,22,29.99724
44,23,29.99872
44,24,29.999428
44,25,29.999754
44,26,29.999899
44,27,29.99996
44,28,29.999989
44,29,30.0
44,3,12.075451
44,4,15.559377
44,5,18.63937
44,6,21.279366
44,7,23.473164
44,8,25.24039
44,9,26.62028
45,0,0.0
45,1,4.1906796
45,10,27.66452
45,11,28.430294
45,12,28.974398
45,13,29.348913
45,14,29.598587
45,15,29.759773
45,16,29.860508
45,17,29.921452
45,18,29.957123
45,19,29.977324
45,2,8.254369
45,20,29.988386
45,21,29.994244
45,22,29.997238
45,23,29.99872
45,24,29.999428
45,25,29.999754
45,26,29.999899
45,27,29.999962
45,28,29.999987
45,29,30.0
45,3,12.07545
45,4,15.559377
45,5,18.63937
45,6,21.279366
45,7,23.473166
45,8,25.24039
45,9,26.620281
46,0,0.0
46,1,4.1906796
46,10,27.66452
46,11,28.430294
46,12,28.9744
46,13,29.34891
46,14,29.598587
46,15,29.75977
46,16,29.860512
46,17,29.921452
46,18,29.957125
46,19,29.977324
46,2,8.254369
46,20,29.988388
46,21,29.994242
46,22,29.99724
46,23,29.99872
46,24,29.999428
46,25,29.999754
46,26,29.999899
46,27,29.999962
46,28,29.999989
46,29,30.0
46,3,12.07545
46,4,15.559377
46,5,18.63937
46,6,21.279366
46,7,23.473164
46,8,25.24039
46,9,26.62028
47,0,0.0
47,1,4.1906796
47,10,27.66452
47,11,28.430294
47,12,28.974396
47,13,29.348911
47,14,29.598587
47,15,29.759771
47,16,29.860508
47,17,29.921452
47,18,29.957123
47,19,29.977325
47,2,8.254369
47,20,29.988384
47,21,29.994244
47,22,29.997238
47,23,29.99872
47,24,29.999428
47,25,29.999754
47,26,29.999899
47,27,29.999962
47,28,29.999989
47,29,30.0
47,3,12.07545
47,4,15.559377
47,5,18.63937
47,6,21.279366
47,7,23.473164
47,8,25.24039
47,9,26.62028
48,0,0.0
48,1,4.1906796
48,10,27.664518
48,11,28.430294
48,12,28.974398
48,13,29.34891
48,14,29.598587
48,15,29.75977
48,16,29.860508
48,17,29.921452
48,18,29.957125
48,19,29.977322
48,2,8.254369
48,20,29.988388
48,21,29.994242
48,22,29.99724
48,23,29.99872
48,24,29.999428
48,25,29.999754
48,26,29.9999
48,27,29.99996
48,28,29.999989
48,29,30.0
48,3,12.075451
48,4,15.559377
48,5,18.63937
48,6,21.279366
48,7,23.473164
48,8,25.24039
48,9,26.620277
49,0,0.0
49,1,4.1906796
49,10,27.66452
49,11,28.430294
49,12,28.974396
49,13,29.348911
49,14,29.598587
49,15,29.75977
49,16,29.860508
49,17,29.921452
49,18,29.957123
49,19,29.977324
49,2,8.25437
49,20,29.988384
49,21,29.994244
49,22,29.997238
49,23,29.99872
49,24,29.999426
49,25,29.999754
49,26,29.999899
49,27,29.999962
49,28,29.999989
49,29,30.0
49,3,12.075451
49,4,15.559377
49,5,18.639372
49,6,21.279366
49,7,23.473166
49,8,25.24039
49,9,26.620281
5,0,0.0
5,1,2.5961823
5,10,17.172241
5,11,17.65276
5,12,17.995281
5,13,18.234095
5,14,18.397163
5,15,18.50972
5,16,18.592289
5,17,18.663044
5,18,18.73962
5,19,18.84003
5,2,5.113693
5,20,18.987455
5,21,19.209671
5,22,19.546349
5,23,20.046684
5,24,20.77703
5,25,21.812996
5,26,23.23641
5,27,25.104382
5,28,27.406857
5,29,30.0
5,3,7.4826293
5,4,9.642545
5,5,11.554829
5,6,13.193943
5,7,14.559046
5,8,15.658777
5,9,16.520126
50,0,0.0
50,1,4.1906796
50,10,27.66452
50,11,28.430294
50,12,28.974396
50,13,29.348911
50,14,29.598587
50,15,29.75977
50,16,29.860508
50,17,29.92145
50,18,29.957123
50,19,29.977324
50,2,8.254369
50,20,29.988388
50,21,29.99424
50,22,29.99724
50,23,29.99872
50,24,29.999428
50,25,29.999754
50,26,29.999899
50,27,29.999962
50,28,29.999989
50,29,30.0
50,3,12.075451
50,4,15.559377
50,5,18.63937
50,6,21.279366
50,7,23.473164
50,8,25.24039
50,9,26.620281
51,0,0.0
51,1,4.1906796
51,10,27.66452
51,11,28.430294
51,12,28.9744
51,13,29.348911
51,14,29.598587
51,15,29.75977
51,16,29.860508
51,17,29.92145
51,18,29.957123
51,19,29.977324
51,2,8.25437
51,20,29.988384
51,21,29.994242
51,22,29.997238
51,23,29.99872
51,24,29.999428
51,25,29.999752
51,26,29.999899
51,27,29.999962
51,28,29.999989
51,29,30.0
51,3,12.07545
51,4,15.559378
51,5,18.63937
51,6,21.279366
51,7,23.473164
51,8,25.24039
51,9,26.620281
52,0,0.0
52,1,4.1906796
52,10,27.66452
52,11,28.430294
52,12,28.974398
52,13,29.348911
52,14,29.598585
52,15,29.75977
52,16,29.860508
52,17,29.92145
52,18,29.957123
52,19,29.977322
52,2,8.254369
52,20,29.988386
52,21,29.994242
52,22,29.997238
52,23,29.99872
52,24,29.999428
52,25,29.999754
52,26,29.999897
52,27,29.999962
52,28,29.999989
52,29,30.0
52,3,12.075451
52,4,15.559378
52,5,18.63937
52,6,21.279366
52,7,23.473164
52,8,25.240389
52,9,26.62028
53,0,0.0
53,1,4.1906796
53,10,27.664518
53,11,28.430294
53,12,28.9744
53,13,29.348911
53,14,29.598587
53,15,29.75977
53,16,29.86051
53,17,29.92145
53,18,29.957123
53,19,29.977324
53,2,8.25437
53,20,29.988384
53,21,29.994244
53,22,29.997238
53,23,29.99872
53,24,29.999428
53,25,29.999752
53,26,29.999899
53,27,29.999962
53,28,29.999989
53,29,30.0
53,3,12.07545
53,4,15.559378
53,5,18.63937
53,6,21.279366
53,7,23.473164
53,8,25.24039
53,9,26.620277
54,0,0.0
54,1,4.19068
54,10,27.66452
54,11,28.430294
54,12,28.974398
54,13,29.348911
54,14,29.598587
54,15,29.75977
54,16,29.860508
54,17,29.92145
54,18,29.957123
54,19,29.977322
54,2,8.254369
54,20,29.988388
54,21,29.994242
54,22,29.99724
54,23,29.99872
54,24,29.999428
54,25,29.999754
54,26,29.999897
54,27,29.999962
54,28,29.999989
54,29,30.0
54,3,12.075451
54,4,15.559378
54,5,18.639372
54,6,21.279366
54,7,23.473166
54,8,25.24039
54,9,26.620281
55,0,0.0
55,1,4.1906796
55,10,27.66452
55,11,28.430294
55,12,28.974398
55,13,29.348911
55,14,29.598587
55,15,29.75977
55,16,29.860508
55,17,29.921452
55,18,29.957123
55,19,29.977324
55,2,8.254369
55,20,29.988384
55,21,29.994244
55,22,29.997238
55,23,29.99872
55,24,29.999428
55,25,29.999752
55,26,29.999899
55,27,29.999962
55,28,29.999987
55,29,30.0
55,3,12.07545
55,4,15.559378
55,5,18.63937
55,6,21.279366
55,7,23.473164
55,8,25.24039
55,9,26.620277
56,0,0.0
56,1,4.19068
56,10,27.664518
56,11,28.430296
56,12,28.9744
56,13,29.348911
56,14,29.598587
56,15,29.75977
56,16,29.860508
56,17,29.92145
56,18,29.957123
56,19,29.977322
56,2,8.254368
56,20,29.988386
56,21,29.99424
56,22,29.99724
56,23,29.99872
56,24,29.999428
56,25,29.999754
56,26,29.999899
56,27,29.999962
56,28,29.999989
56,29,30.0
56,3,12.075451
56,4,15.559377
56,5,18.63937
56,6,21.279366
56,7,23.473166
56,8,25.24039
56,9,26.620281
57,0,0.0
57,1,4.1906796
57,10,27.66452
57,11,28.430294
57,12,28.9744
57,13,29.348911
57,14,29.598587
57,15,29.75977
57,16,29.860508
57,17,29.92145
57,18,29.957123
57,19,29.977325
57,2,8.25437
57,20,29.988384
57,21,29.994244
57,22,29.997238
57,23,29.99872
57,24,29.999428
57,25,29.999754
57,26,29.999899
57,27,29.999962
57,28,29.999985
57,29,30.0
57,3,12.075449
57,4,15.559377
57,5,18.63937
57,6,21.279366
57,7,23.473164
57,8,25.24039
57,9,26.620277
58,0,0.0
58,1,4.19068
58,10,27.664518
58,11,28.430294
58,12,28.974398
58,13,29.348911
58,14,29.598587
58,15,29.759771
58,16,29.860508
58,17,29.921452
58,18,29.957123
58,19,29.977322
58,2,8.254368
58,20,29.988388
58,21,29.99424
58,22,29.99724
58,23,29.99872
58,24,29.999428
58,25,29.999754
58,26,29.999899
58,27,29.999962
58,28,29.999987
58,29,30.0
58,3,12.07545
58,4,15.559377
58,5,18.639372
58,6,21.279366
58,7,23.473166
58,8,25.240389
58,9,26.620281
59,0,0.0
59,1,4.1906796
59,10,27.66452
59,11,28.430294
59,12,28.9744
59,13,29.348911
59,14,29.598587
59,15,29.759766
59,16,29.86051
59,17,29.92145
59,18,29.957123
59,19,29.977324
59,2,8.254369
59,20,29.988384
59,21,29.994244
59,22,29.997238
59,23,29.99872
59,24,29.999428
59,25,29.999754
59,26,29.999899
59,27,29.999962
59,28,29.999987
59,29,30.0
59,3,12.075449
59,4,15.559378
59,5,18.63937
59,6,21.279367
59,7,23.473164
59,8,25.24039
59,9,26.62028
6,0,0.0
6,1,2.9646206
6,10,19.607006
6,11,20.154013
6,12,20.545082
6,13,20.816261
6,14,21.001366
6,15,21.127474
6,16,21.217913
6,17,21.292313
6,18,21.368202
6,19,21.464245
6,2,5.840335
6,20,21.600058
6,21,21.80169
6,22,22.099104
6,23,22.532541
6,24,23.145954
6,25,23.989601
6,26,25.104095
6,27,26.509258
6,28,28.174145
6,29,30.0
6,3,8.544365
6,4,11.012204
6,5,13.193924
6,6,15.067016
6,7,16.62356
6,8,17.880362
6,9,18.861832
60,0,0.0
60,1,4.1906796
60,10,27.664516
60,11,28.430296
60,12,28.974398
60,13,29.348911
60,14,29.598585
60,15,29.75977
60,16,29.860508
60,17,29.92145
60,18,29.957123
60,19,29.977322
60,2,8.254368
60,20,29.988386
60,21,29.994242
60,22,29.997238
60,23,29.99872
60,24,29.999428
60,25,29.999754
60,26,29.999899
60,27,29.99996
60,28,29.999989
60,29,30.0
60,3,12.075451
60,4,15.559377
60,5,18.639372
60,6,21.279366
60,7,23.473167
60,8,25.24039
60,9,26.620281
61,0,0.0
61,1,4.1906796
61,10,27.664518
61,11,28.430292
61,12,28.9744
61,13,29.348911
61,14,29.598587
61,15,29.75977
61,16,29.860508
61,17,29.92145
61,18,29.957123
61,19,29.977324
61,2,8.254369
61,20,29.988384
61,21,29.99424
61,22,29.997238
61,23,29.99872
61,24,29.999428
61,25,29.999752
61,26,29.999899
61,27,29.99996
61,28,29.999987
61,29,30.0
61,3,12.075449
61,4,15.559377
61,5,18.63937
61,6,21.279366
61,7,23.473164
61,8,25.24039
61,9,26.620277
62,0,0.0
62,1,4.1906796
62,10,27.664518
62,11,28.430294
62,12,28.974398
62,13,29.348911
62,14,29.598587
62,15,29.759771
62,16,29.860508
62,17,29.921452
62,18,29.957123
62,19,29.977324
62,2,8.254368
62,20,29.988384
62,21,29.994242
62,22,29.997238
62,23,29.99872
62,24,29.999428
62,25,29.999754
62,26,29.999899
62,27,29.99996
62,28,29.999987
62,29,30.0
62,3,12.07545
62,4,15.559377
62,5,18.639372
62,6,21.279366
62,7,23.473166
62,8,25.240389
62,9,26.620277
63,0,0.0
63,1,4.1906796
63,10,27.66452
63,11,28.430294
63,12,28.9744
63,13,29.348911
63,14,29.598589
63,15,29.75977
63,16,29.860512
63,17,29.92145
63,18,29.957125
63,19,29.977324
63,2,8.254369
63,20,29.988386
63,21,29.994242
63,22,29.997238
63,23,29.99872
63,24,29.999428
63,25,29.999754
63,26,29.999899
63,27,29.999962
63,28,29.999987
63,29,30.0
63,3,12.07545
63,4,15.559377
63,5,18.63937
63,6,21.279366
63,7,23.473164
63,8,25.24039
63,9,26.620277
64,0,0.0
64,1,4.1906796
64,10,27.664518
64,11,28.430298
64,12,28.9744
64,13,29.348911
64,14,29.598587
64,15,29.759771
64,16,29.86051
64,17,29.921452
64,18,29.957123
64,19,29.977325
64,2,8.254369
64,20,29.988386
64,21,29.994242
64,22,29.997238
64,23,29.99872
64,24,29.999428
64,25,29.999754
64,26,29.999899
64,27,29.999962
64,28,29.999989
64,29,30.0
64,3,12.07545
64,4,15.559377
64,5,18.639372
64,6,21.279366
64,7,23.473166
64,8,25.240389
64,9,26.620281
65,0,0.0
65,1,4.1906796
65,10,27.66452
65,11,28.430296
65,12,28.9744
65,13,29.348913
65,14,29.598587
65,15,29.75977
65,16,29.860508
65,17,29.92145
65,18,29.957125
65,19,29.977324
65,2,8.254369
65,20,29.988386
65,21,29.994244
65,22,29.997238
65,23,29.99872
65,24,29.999428
65,25,29.999754
65,26,29.999899
65,27,29.999962
65,28,29.999989
65,29,30.0
65,3,12.07545
65,4,15.559377
65,5,18.63937
65,6,21.279366
65,7,23.473164
65,8,25.24039
65,9,26.620277
66,0,0.0
66,1,4.1906796
66,10,27.664518
66,11,28.430298
66,12,28.9744
66,13,29.348911
66,14,29.598587
66,15,29.75977
66,16,29.86051
66,17,29.921452
66,18,29.957123
66,19,29.977325
66,2,8.254369
66,20,29.988386
66,21,29.994242
66,22,29.997238
66,23,29.99872
66,24,29.999428
66,25,29.999754
66,26,29.999899
66,27,29.999962
66,28,29.999989
66,29,30.0
66,3,12.07545
66,4,15.559377
66,5,18.639372
66,6,21.279366
66,7,23.473166
66,8,25.240389
66,9,26.620281
67,0,0.0
67,1,4.1906796
67,10,27.66452
67,11,28.430296
67,12,28.9744
67,13,29.348913
67,14,29.598587
67,15,29.759771
67,16,29.860508
67,17,29.921452
67,18,29.957125
67,19,29.977324
67,2,8.254369
67,20,29.988386
67,21,29.994244
67,22,29.997238
67,23,29.99872
67,24,29.999428
67,25,29.999754
67,26,29.999899
67,27,29.999962
67,28,29.999989
67,29,30.0
67,3,12.07545
67,4,15.559377
67,5,18.63937
67,6,21.279366
67,7,23.473164
67,8,25.240393
67,9,26.620277
68,0,0.0
68,1,4.1906796
68,10,27.664518
68,11,28.430298
68,12,28.9744
68,13,29.348915
68,14,29.598589
68,15,29.75977
68,16,29.860512
68,17,29.921452
68,18,29.957125
68,19,29.977325
68,2,8.254369
68,20,29.988388
68,21,29.994242
68,22,29.997242
68,23,29.998722
68,24,29.99943
68,25,29.999754
68,26,29.999899
68,27,29.999962
68,28,29.999989
68,29,30.0
68,3,12.07545
68,4,15.559377
68,5,18.639372
68,6,21.279364
68,7,23.473167
68,8,25.24039
68,9,26.620283
69,0,0.0
69,1,4.1906805
69,10,27.664522
69,11,28.430298
69,12,28.974403
69,13,29.348915
69,14,29.59859
69,15,29.759773
69,16,29.860514
69,17,29.921457
69,18,29.957127
69,19,29.97733
69,2,8.254371
69,20,29.988388
69,21,29.994247
69,22,29.99724
69,23,29.998726
69,24,29.99943
69,25,29.999756
69,26,29.9999
69,27,29.999962
69,28,29.999989
69,29,30.0
69,3,12.075451
69,4,15.559381
69,5,18.639372
69,6,21.27937
69,7,23.473164
69,8,25.240396
69,9,26.620281
7,0,0.0
7,1,3.2716527
7,10,21.630228
7,11,22.233889
7,12,22.663757
7,13,22.96236
7,14,23.164722
7,15,23.301554
7,16,23.397295
7,17,23.472343
7,18,23.544777
7,19,23.630985
7,2,6.444164
7,20,23.749714
7,21,23.920458
7,22,24.168743
7,23,24.521292
7,24,25.01035
7,25,25.663729
7,26,26.50391
7,27,27.531567
7,28,28.719051
7,29,30.0
7,3,9.428949
7,4,12.150373
7,5,14.55898
7,6,16.623514
7,7,18.342037
7,8,19.726461
7,9,20.810005
70,0,0.0
70,1,4.190682
70,10,27.66453
70,11,28.43031
70,12,28.974411
70,13,29.348927
70,14,29.5986
70,15,29.759785
70,16,29.860523
70,17,29.921463
70,18,29.957138
70,19,29.977337
70,2,8.254374
70,20,29.9884
70,21,29.994255
70,22,29.99725
70,23,29.99873
70,24,29.999435
70,25,29.999762
70,26,29.999905
70,27,29.999966
70,28,29.999989
70,29,30.0
70,3,12.075457
70,4,15.559382
70,5,18.639381
70,6,21.279373
70,7,23.473177
70,8,25.240402
70,9,26.620293
71,0,0.0
71,1,4.1906857
71,10,27.664557
71,11,28.43033
71,12,28.974438
71,13,29.348948
71,14,29.598625
71,15,29.759808
71,16,29.860546
71,17,29.92149
71,18,29.957159
71,19,29.97736
71,2,8.254381
71,20,29.988419
71,21,29.994276
71,22,29.997269
71,23,29.998749
71,24,29.999453
71,25,29.999775
71,26,29.999914
71,27,29.999971
71,28,29.999994
71,29,30.0
71,3,12.075466
71,4,15.559399
71,5,18.639395
71,6,21.279394
71,7,23.473194
71,8,25.240425
71,9,26.620312
72,0,0.0
72,1,4.190696
72,10,27.664612
72,11,28.430391
72,12,28.974493
72,13,29.34901
72,14,29.598684
72,15,29.759865
72,16,29.860607
72,17,29.921547
72,18,29.957218
72,19,29.977415
72,2,8.254399
72,20,29.988478
72,21,29.99433
72,22,29.997322
72,23,29.998795
72,24,29.999495
72,25,29.99981
72,26,29.999943
72,27,29.999992
72,28,30.000002
72,29,30.0
72,3,12.075494
72,4,15.559433
72,5,18.639437
72,6,21.27944
72,7,23.473248
72,8,25.240479
72,9,26.620369
73,0,0.0
73,1,4.1907187
73,10,27.664751
73,11,28.430529
73,12,28.97464
73,13,29.349152
73,14,29.59883
73,15,29.76001
73,16,29.86075
73,17,29.92169
73,18,29.95736
73,19,29.977554
73,2,8.254446
73,20,29.988611
73,21,29.994457
73,22,29.997442
73,23,29.998905
73,24,29.999592
73,25,29.999891
73,26,30.000008
73,27,30.000036
73,28,30.000027
73,29,30.0
73,3,12.075561
73,4,15.559519
73,5,18.639538
73,6,21.279552
73,7,23.47337
73,8,25.240606
73,9,26.620504
74,0,0.0
74,1,4.1907735
74,10,27.665073
74,11,28.430862
74,12,28.974968
74,13,29.349487
74,14,29.599163
74,15,29.760347
74,16,29.861084
74,17,29.92202
74,18,29.95769
74,19,29.977879
74,2,8.254553
74,20,29.988926
74,21,29.994759
74,22,29.997726
74,23,29.999166
74,24,29.999823
74,25,30.000086
74,26,30.00016
74,27,30.000141
74,28,30.00008
74,29,30.0
74,3,12.075716
74,4,15.559716
74,5,18.639772
74,6,21.279818
74,7,23.473652
74,8,25.24091
74,9,26.620821
75,0,0.0
75,1,4.1908965
75,10,27.665802
75,11,28.431599
75,12,28.97572
75,13,29.350237
75,14,29.599918
75,15,29.761099
75,16,29.861835
75,17,29.922768
75,18,29.958424
75,19,29.978603
75,2,8.254793
75,20,29.98963
75,21,29.995438
75,22,29.99836
75,23,29.999748
75,24,30.000338
75,25,30.000523
75,26,30.000502
75,27,30.000376
75,28,30.0002
75,29,30.0
75,3,12.076066
75,4,15.560161
75,5,18.640299
75,6,21.280407
75,7,23.474298
75,8,25.241589
75,9,26.621529
76,0,0.0
76,1,4.191163
76,10,27.667381
76,11,28.433207
76,12,28.97734
76,13,29.351873
76,14,29.601555
76,15,29.762737
76,16,29.863464
76,17,29.924387
76,18,29.960026
76,19,29.980173
76,2,8.255317
76,20,29.991158
76,21,29.9969
76,22,29.99974
76,23,30.001015
76,24,30.001463
76,25,30.001469
76,26,30.001244
76,27,30.000885
76,28,30.000458
76,29,30.0
76,3,12.076822
76,4,15.561127
76,5,18.641438
76,6,21.281693
76,7,23.47569
76,8,25.24307
76,9,26.623068
77,0,0.0
77,1,4.1917224
77,10,27.670692
77,11,28.436571
77,12,28.980743
77,13,29.355291
77,14,29.604984
77,15,29.766163
77,16,29.866882
77,17,29.927778
77,18,29.963379
77,19,29.983463
77,2,8.256412
77,20,29.994354
77,21,29.999966
77,22,30.002626
77,23,30.003662
77,24,30.00381
77,25,30.00345
77,26,30.002798
77,27,30.001953
77,28,30.001005
77,29,30.0
77,3,12.078413
77,4,15.56315
77,5,18.643831
77,6,21.284382
77,7,23.478619
77,8,25.246168
77,9,26.62629
78,0,0.0
78,1,4.192856
78,10,27.677391
78,11,28.443386
78,12,28.987625
78,13,29.362217
78,14,29.61192
78,15,29.773098
78,16,29.87379
78,17,29.934645
78,18,29.970158
78,19,29.990118
78,2,8.258635
78,20,30.000822
78,21,30.006168
78,22,30.00846
78,23,30.009026
78,24,30.008556
78,25,30.007465
78,26,30.005932
78,27,30.00412
78,28,30.002106
78,29,30.0
78,3,12.081633
78,4,15.567254
78,5,18.648676
78,6,21.289835
78,7,23.484537
78,8,25.252441
78,9,26.632816
79,0,0.0
79,1,4.1950827
79,10,27.69049
79,11,28.456707
79,12,29.001083
79,13,29.375748
79,14,29.625484
79,15,29.78665
79,16,29.887302
79,17,29.948051
79,18,29.983418
79,19,30.003124
79,2,8.262987
79,20,30.013466
79,21,30.018284
79,22,30.01988
79,23,30.019491
79,24,30.017855
79,25,30.015297
79,26,30.012085
79,27,30.008343
79,28,30.004265
79,29,30.0
79,3,12.087951
79,4,15.575289
79,5,18.658176
79,6,21.300507
79,7,23.496128
79,8,25.264713
79,9,26.64558
8,0,0.0
8,1,3.5189838
8,10,23.261766
8,11,23.909283
8,12,24.37133
8,13,24.69088
8,14,24.90723
8,15,25.051834
8,16,25.150803
8,17,25.225014
8,18,25.291576
8,19,25.366564
8,2,6.9321423
8,20,25.464584
8,21,25.602985
8,22,25.798798
8,23,26.073143
8,24,26.444685
8,25,26.932207
8,26,27.544174
8,27,28.278168
8,28,29.110779
8,29,30.0
8,3,10.14153
8,4,13.069824
8,5,15.658611
8,6,17.880219
8,7,19.726366
8,8,21.216064
8,9,22.379354
80,0,0.0
80,1,4.1993046
80,10,27.715258
80,11,28.481876
80,12,29.026508
80,13,29.401314
80,14,29.651104
80,15,29.812256
80,16,29.912811
80,17,29.973394
80,18,30.008446
80,19,30.027702
80,2,8.271265
80,20,30.03734
80,21,30.041206
80,22,30.041435
80,23,30.039314
80,24,30.035406
80,25,30.030151
80,26,30.0237
80,27,30.016365
80,28,30.008347
80,29,30.0
80,3,12.099928
80,4,15.590544
80,5,18.676163
80,6,21.320732
80,7,23.518064
80,8,25.287943
80,9,26.669712
81,0,0.0
81,1,4.207081
81,10,27.760525
81,11,28.527887
81,12,29.07296
81,13,29.44801
81,14,29.697895
81,15,29.859013
81,16,29.959414
81,17,30.019657
81,18,30.054192
81,19,30.072578
81,2,8.286465
81,20,30.081009
81,21,30.083055
81,22,30.080908
81,23,30.075523
81,24,30.067595
81,25,30.057295
81,26,30.045033
81,27,30.031029
81,28,30.015846
81,29,30.0
81,3,12.121962
81,4,15.618526
81,5,18.709198
81,6,21.35778
81,7,23.55827
81,8,25.330435
81,9,26.713877
82,0,0.0
82,1,4.220928
82,10,27.840616
82,11,28.609205
82,12,29.155052
82,13,29.530508
82,14,29.78055
82,15,29.94161
82,16,30.04171
82,17,30.10141
82,18,30.134964
82,19,30.151937
82,2,8.313581
82,20,30.158133
82,21,30.157158
82,22,30.150665
82,23,30.139738
82,24,30.124537
82,25,30.105522
82,26,30.082806
82,27,30.057121
82,28,30.029137
82,29,30.0
82,3,12.161152
82,4,15.668356
82,5,18.767843
82,6,21.423594
82,7,23.629498
82,8,25.405746
82,9,26.792
83,0,0.0
83,1,4.2449007
83,10,27.977661
83,11,28.748346
83,12,29.295403
83,13,29.671535
83,14,29.921812
83,15,30.082743
83,16,30.182375
83,17,30.241085
83,18,30.273119
83,19,30.287558
83,2,8.360392
83,20,30.290201
83,21,30.283886
83,22,30.270334
83,23,30.249704
83,24,30.22243
83,25,30.188242
83,26,30.147884
83,27,30.101936
83,28,30.052065
83,29,30.0
83,3,12.228881
83,4,15.754186
83,5,18.868908
83,6,21.536655
83,7,23.751884
83,8,25.534824
83,9,26.925898
84,0,0.0
84,1,4.2851014
84,10,28.204832
84,11,28.978678
84,12,29.527699
84,13,29.904816
84,14,30.15544
84,15,30.316166
84,16,30.414963
84,17,30.472198
84,18,30.501598
84,19,30.512196
84,2,8.438986
84,20,30.508787
84,21,30.494179
84,22,30.468689
84,23,30.432638
84,24,30.38504
84,25,30.326239
84,26,30.256218
84,27,30.176868
84,28,30.090286
84,29,30.0
84,3,12.342224
84,4,15.8978615
84,5,19.037487
84,6,21.725203
84,7,23.955341
84,8,25.74933
84,9,27.147915
85,0,0.0
85,1,4.3507395
85,10,28.569275
85,11,29.348032
85,12,29.899809
85,13,30.27841
85,14,30.52948
85,15,30.689808
85,16,30.787395
85,17,30.842163
85,18,30.867756
85,19,30.87205
85,2,8.566933
85,20,30.859688
85,21,30.831581
85,22,30.787977
85,23,30.726881
85,24,30.64768
85,25,30.548872
85,26,30.431787
85,27,30.298069
85,28,30.152363
85,29,30.0
85,3,12.526766
85,4,16.130903
85,5,19.310732
85,6,22.029673
85,7,24.283598
85,8,26.094378
85,9,27.50479
86,0,0.0
86,1,4.454816
86,10,29.135962
86,11,29.921413
86,12,30.477198
86,13,30.857689
86,14,31.109299
86,15,31.269009
86,16,31.364613
86,17,31.415981
86,18,31.435562
86,19,31.431
86,2,8.769856
86,20,31.40464
86,21,31.357044
86,22,31.285172
86,23,31.186901
86,24,31.05821
86,25,30.898495
86,26,30.707298
86,27,30.489124
86,28,30.25003
86,29,30.0
86,3,12.818342
86,4,16.498692
86,5,19.740105
86,6,22.507343
86,7,24.796612
86,8,26.632885
86,9,28.06021
87,0,0.0
87,1,4.6158557
87,10,29.989323
87,11,30.784054
87,12,31.344763
87,13,31.727703
87,14,31.979801
87,15,32.13839
87,16,32.231335
87,17,32.277504
87,18,32.289104
87,19,32.27128
87,2,9.082794
87,20,32.2258
87,21,32.149097
87,22,32.037376
87,23,31.883278
87,24,31.682655
87,25,31.430569
87,26,31.128727
87,27,30.78124
87,28,30.399979
87,29,30.0
87,3,13.267363
87,4,17.062344
87,5,20.396523
87,6,23.234074
87,7,25.575283
87,8,27.447145
87,9,28.898659
88,0,0.0
88,1,4.8587537
88,10,31.235445
88,11,32.04116
88,12,32.607983
88,13,32.993378
88,14,33.245728
88,15,33.402668
88,16,33.491604
88,17,33.531227
88,18,33.531372
88,19,33.496525
88,2,9.554221
88,20,33.423832
88,21,33.308453
88,22,33.139668
88,23,32.908646
88,24,32.603607
88,25,32.219784
88,26,31.75464
88,27,31.21739
88,28,30.62377
88,29,30.0
88,3,13.940393
88,4,17.904387
88,5,21.371334
88,6,24.309399
88,7,26.721548
88,8,28.642454
88,9,30.125074
89,0,0.0
89,1,5.217718
89,10,32.998695
89,11,33.817215
89,12,34.3899
89,13,34.77755
89,14,35.029408
89,15,35.18363
89,16,35.267612
89,17,35.298187
89,18,35.2846
89,19,35.226757
89,2,10.247734
89,20,35.120323
89,21,34.952496
89,22,34.709923
89,23,34.372902
89,24,33.926937
89,25,33.357254
89,26,32.662785
89,27,31.85148
89,28,30.950712
89,29,30.0
89,3,14.926525
89,4,19.129454
89,5,22.782125
89,6,25.854992
89,7,28.361778
89,8,30.344084
89,9,31.865923
9,0,0.0
9,1,3.7128377
9,10,24.535686
9,11,25.218636
9,12,25.704536
9,13,26.040928
9,14,26.267405
9,15,26.417791
9,16,26.518545
9,17,26.590675
9,18,26.65125
9,19,26.714037
9,2,7.3131657
9,20,26.792679
9,21,26.899239
9,22,27.048075
9,23,27.251701
9,24,27.524252
9,25,27.87455
9,26,28.308113
9,27,28.819162
9,28,29.39241
9,29,30.0
9,3,10.699872
9,4,13.787754
9,5,16.519756
9,6,18.861485
9,7,20.809723
9,8,22.379175
9,9,23.606632
90,0,0.0
90,1,5.738093
90,10,35.418945
90,11,36.24881
90,12,36.826435
90,13,37.2146
90,14,37.464645
90,15,37.615036
90,16,37.692215
90,17,37.712578
90,18,37.681423
90,19,37.597298
90,2,11.249158
90,20,37.447918
90,21,37.217342
90,22,36.879303
90,23,36.40874
90,24,35.77498
90,25,34.95861
90,26,33.947426
90,27,32.755157
90,28,31.417665
90,29,30.0
90,3,16.339184
90,4,20.871813
90,5,24.770489
90,6,28.01852
90,7,30.640951
90,8,32.697277
90,9,34.261875
91,0,0.0
91,1,6.4830117
91,10,38.639458
91,11,39.47713
91,12,40.055214
91,13,40.441082
91,14,40.686924
91,15,40.83152
91,16,40.90101
91,17,40.908897
91,18,40.859432
91,19,40.744255
91,2,12.671462
91,20,40.548294
91,21,40.24267
91,22,39.794632
91,23,39.158875
91,24,38.29402
91,25,37.15745
91,26,35.729946
91,27,34.017487
91,28,32.074806
91,29,30.0
91,3,18.327303
91,4,23.295067
91,5,27.507948
91,6,30.96595
91,7,33.722202
91,8,35.855747
91,9,37.463062
92,0,0.0
92,1,7.541445
92,10,42.79713
92,11,43.63177
92,12,44.203415
92,13,44.581253
92,14,44.819355
92,15,44.956196
92,16,45.016182
92,17,45.012012
92,18,44.942657
92,19,44.797894
92,2,14.672162
92,20,44.551655
92,21,44.169567
92,22,43.59857
92,23,42.780075
92,24,41.64092
92,25,40.117264
92,26,38.157257
92,27,35.75956
92,28,32.988846
92,29,30.0
92,3,21.082294
92,4,26.603907
92,5,31.189548
92,6,34.882298
92,7,37.771866
92,8,39.975563
92,9,41.611946
93,0,0.0
93,1,9.050767
93,10,48.001526
93,11,48.816948
93,12,49.369255
93,13,49.73132
93,14,49.956577
93,15,50.08268
93,16,50.13298
93,17,50.11648
93,18,50.031143
93,19,49.858765
93,2,17.476038
93,20,49.570187
93,21,49.114677
93,22,48.42836
93,23,47.420795
93,24,45.991295
93,25,44.02363
93,26,41.423504
93,27,38.144962
93,28,34.260292
93,29,30.0
93,3,24.863773
93,4,31.046228
93,5,36.03926
93,6,39.95527
93,7,42.95281
93,8,45.193344
93,9,46.83196
94,0,0.0
94,1,11.23996
94,10,54.32073
94,11,55.089977
94,12,55.6064
94,13,55.941227
94,14,56.147213
94,15,56.259773
94,16,56.29942
94,17,56.274162
94,18,56.176838
94,19,55.988518
94,2,21.432325
94,20,55.66961
94,21,55.164383
94,22,54.38559
94,23,53.22149
94,24,51.51896
94,25,49.10244
94,26,45.781475
94,27,41.423016
94,28,36.050636
94,29,30.0
94,3,30.027695
94,4,36.931984
94,5,42.296757
94,6,46.368744
94,7,49.398285
94,8,51.613483
94,9,53.20228
95,0,0.0
95,1,14.541357
95,10,61.758022
95,11,62.447975
95,12,62.90574
95,13,63.200203
95,14,63.379177
95,15,63.474594
95,16,63.504593
95,17,63.473614
95,18,63.37475
95,19,63.18392
95,2,27.115118
95,20,62.862213
95,21,62.34238
95,22,61.529892
95,23,60.280235
95,24,58.397755
95,25,55.610737
95,26,51.589775
95,27,45.993053
95,28,38.662506
95,29,30.0
95,3,37.086555
95,4,44.634777
95,5,50.21125
95,6,54.270744
95,7,57.195415
95,8,59.278107
95,9,60.74366
96,0,0.0
96,1,19.874954
96,10,70.24204
96,11,70.81157
96,12,71.18646
96,13,71.42526
96,14,71.56914
96,15,71.64438
96,16,71.665016
96,17,71.634705
96,18,71.54425
96,19,71.37308
96,2,35.533604
96,20,71.080154
96,21,70.603455
96,22,69.84039
96,23,68.638916
96,24,66.75871
96,25,63.84085
96,26,59.34721
96,27,52.555725
96,28,42.735744
96,29,30.0
96,3,46.769855
96,4,54.588173
96,5,59.995438
96,6,63.743668
96,7,66.34562
96,8,68.150314
96,9,69.39359
97,0,0.0
97,1,29.483507
97,10,79.61418
97,11,80.023346
97,12,80.29019
97,13,80.459305
97,14,80.56033
97,15,80.612274
97,16,80.625244
97,17,80.600525
97,18,80.531784
97,19,80.40065
97,2,48.491196
97,20,80.17661
97,21,79.80545
97,22,79.20305
97,23,78.22712
97,24,76.644806
97,25,74.048485
97,26,69.718285
97,27,62.35959
97,28,49.83432
97,29,30.0
97,3,60.051567
97,4,67.19438
97,5,71.7494
97,6,74.7368
97,7,76.735504
97,8,78.085434
97,9,78.99941
98,0,0.0
98,1,49.61119
98,10,89.63562
98,11,89.84981
98,12,89.989006
98,13,90.076706
98,14,90.1289
98,15,90.1555
98,16,90.161545
98,17,90.147934
98,18,90.11034
98,19,90.03949
98,2,68.98482
98,20,89.916916
98,21,89.71318
98,22,89.3768
98,23,88.82202
98,24,87.891495
98,25,86.28265
98,26,83.341835
98,27,77.48524
98,28,64.31958
98,29,30.0
98,3,77.88367
98,4,82.57019
98,5,85.298454
98,6,86.996376
98,7,88.0963
98,8,88.824875
98,9,89.311165
99,0,0.0
99,1,100.0
99,10,100.0
99,11,100.0
99,12,100.0
99,13,100.0
99,14,100.0
99,15,100.0
99,16,100.0
99,17,100.0
99,18,100.0
99,19,100.0
99,2,100.0
99,20,100.0
99,21,100.0
99,22,100.0
99,23,100.0
99,24,100.0
99,25,100.0
99,26,100.0
99,27,100.0
99,28,100.0
99,29,30.0
99,3,100.0
99,4,100.0
99,5,100.0
99,6,100.0
99,7,100.0
99,8,100.0
99,9,100.0
