0,0,0.0
0,1,0.0
0,10,0.0
0,11,0.0
0,12,0.0
0,13,0.0
0,14,0.0
0,15,30.0
0,2,0.0
0,3,0.0
0,4,0.0
0,5,0.0
0,6,0.0
0,7,0.0
0,8,0.0
0,9,0.0
1,0,0.0
1,1,0.6353597
1,10,5.175184
1,11,5.9444275
1,12,7.234899
1,13,9.735925
1,14,15.341962
1,15,30.0
1,2,1.2549559
1,3,1.8449051
1,4,2.394905
1,5,2.8997095
1,6,3.3605585
1,7,3.7870257
1,8,4.2002215
1,9,4.6392336
10,0,0.0
10,1,11.118603
10,10,49.443092
10,11,47.819283
10,12,45.02676
10,13,41.012646
10,14,35.87258
10,15,30.0
10,2,21.191748
10,3,29.667597
10,4,36.436153
10,5,41.620525
10,6,45.415485
10,7,48.00065
10,8,49.50305
10,9,49.984863
11,0,0.0
11,1,14.542564
11,10,57.058746
11,11,54.920345
11,12,51.281303
11,13,45.883656
11,14,38.63545
11,15,30.0
11,2,27.113989
11,3,37.069626
11,4,44.570522
11,5,50.032024
11,6,53.85652
11,7,56.34459
11,8,57.67929
11,9,57.93033
12,0,0.0
12,1,19.937777
12,10,65.94164
12,11,63.522434
12,12,59.294746
12,13,52.60543
12,14,42.785664
12,15,30.0
12,2,35.65221
12,3,46.926712
12,4,54.74464
12,5,60.080986
12,6,63.634438
12,7,65.84241
12,8,66.9397
12,9,66.99889
13,0,0.0
13,1,29.556404
13,10,76.18686
13,11,73.9333
13,12,69.77006
13,13,62.45782
13,14,49.901848
13,15,30.0
13,2,48.630547
13,3,60.240566
13,4,67.40068
13,5,71.913155
13,6,74.75824
13,7,76.4513
13,8,77.2386
13,9,77.18428
14,0,0.0
14,1,49.65737
14,10,87.688446
14,11,86.254036
14,12,83.394516
14,13,77.55406
14,14,64.36397
14,15,30.0
14,2,69.07309
14,3,78.004524
14,4,82.70451
14,5,85.412964
14,6,87.034325
14,7,87.96623
14,8,88.379425
14,9,88.313
15,0,0.0
15,1,100.0
15,10,100.0
15,11,100.0
15,12,100.0
15,13,100.0
15,14,100.0
15,15,30.0
15,2,100.0
15,3,100.0
15,4,100.0
15,5,100.0
15,6,100.0
15,7,100.0
15,8,100.0
15,9,100.0
2,0,0.0
2,1,1.2865119
2,10,10.117194
2,11,11.367732
2,12,13.259326
2,13,16.366894
2,14,21.631952
2,15,30.0
2,2,2.5396159
2,3,3.7298424
2,4,4.8351088
2,5,5.8434963
2,6,6.7556314
2,7,7.5874624
2,8,8.374765
2,9,9.1816635
3,0,0.0
3,1,1.9711293
3,10,14.744436
3,11,16.150185
3,12,18.067944
3,13,20.840485
3,14,24.819016
3,15,30.0
3,2,3.8872652
3,3,5.6999006
3,4,7.372396
3,5,8.883772
3,6,10.231273
3,7,11.432699
3,8,12.529989
3,9,13.595721
4,0,0.0
4,1,2.7108226
4,10,19.114986
4,11,20.420925
4,12,22.022007
4,13,24.108246
4,14,26.803705
4,15,30.0
4,2,5.338576
4,3,7.8103323
4,4,10.071096
4,5,12.08827
4,6,13.853363
4,7,15.382465
4,8,16.717167
4,9,17.927174
5,0,0.0
5,1,3.533689
5,10,23.367857
5,11,24.396887
5,12,25.491215
5,13,26.766987
5,14,28.287666
5,15,30.0
5,2,6.946089
5,3,10.132051
5,4,13.0137615
5,5,15.545282
5,6,17.71192
5,7,19.527138
5,8,21.029541
5,9,22.281292
6,0,0.0
6,1,4.4779663
6,10,27.678757
6,11,28.307995
6,12,28.779318
6,13,29.18106
6,14,29.580095
6,15,30.0
6,2,8.780277
6,3,12.758368
6,4,16.307047
6,5,19.367691
6,6,21.922455
6,7,23.9852
6,8,25.593142
6,9,26.801167
7,0,0.0
7,1,5.5980315
7,10,32.238583
7,11,32.377487
7,12,32.137383
7,13,31.598103
7,14,30.851793
7,15,30.0
7,2,10.93895
7,3,15.814466
7,4,20.08885
7,5,23.69653
7,6,26.62562
7,7,28.898705
7,8,30.557306
7,9,31.652073
8,0,0.0
8,1,6.975351
8,10,37.246593
8,11,36.82649
8,12,35.79502
8,13,34.222443
8,14,32.22911
8,15,30.0
8,2,13.563295
8,3,19.472105
8,4,24.537851
8,5,28.704542
8,6,31.985428
8,7,34.427372
8,8,36.085968
8,9,37.011883
9,0,0.0
9,1,8.740217
9,10,42.910007
9,11,41.88736
9,12,39.99415
9,13,37.26783
9,14,33.842346
9,15,30.0
9,2,16.867048
9,3,23.973194
9,4,29.886415
9,5,34.598934
9,6,38.184822
9,7,40.740047
9,8,42.347992
9,9,43.06353
