0,0,0.0
0,1,0.0
0,2,0.0
0,3,0.0
0,4,0.0
0,5,0.0
0,6,0.0
0,7,30.0
1,0,0.0
1,1,2.970517
1,2,5.59733
1,3,7.7452116
1,4,9.597658
1,5,11.870384
1,6,16.599226
1,7,30.0
2,0,0.0
2,1,6.284981
2,2,11.674028
2,3,15.786407
2,4,18.77558
2,5,21.285095
2,6,24.52676
2,7,30.0
3,0,0.0
3,1,10.495813
3,2,19.028187
3,3,24.951792
3,4,28.434147
3,5,29.968443
3,6,30.22316
3,7,30.0
4,0,0.0
4,1,16.670631
4,2,28.9921
4,3,36.559647
4,4,40.042007
4,5,39.932358
4,6,36.39798
4,7,30.0
5,0,0.0
5,1,27.195164
5,2,43.710915
5,3,52.25393
5,4,55.243103
5,5,53.321983
5,6,45.436943
5,7,30.0
6,0,0.0
6,1,48.399544
6,2,66.40326
6,3,73.50303
6,4,75.35548
6,5,72.67632
6,6,62.02826
6,7,30.0
7,0,0.0
7,1,100.0
7,2,100.0
7,3,100.0
7,4,100.0
7,5,100.0
7,6,100.0
7,7,30.0
