0,0,0.0
0,1,0.0
0,10,0.0
0,11,0.0
0,12,0.0
0,13,0.0
0,14,0.0
0,15,30.0
0,2,0.0
0,3,0.0
0,4,0.0
0,5,0.0
0,6,0.0
0,7,0.0
0,8,0.0
0,9,0.0
1,0,0.0
1,1,4.486084
1,10,11.793823
1,11,11.8688965
1,12,12.163696
1,13,13.344727
1,14,17.243042
1,15,30.0
1,2,8.074951
1,3,10.2282715
1,4,11.304932
1,5,11.663818
1,6,11.766357
1,7,11.781006
1,8,11.782837
1,9,11.784668
10,0,0.0
10,1,12.097168
10,10,30.516968
10,11,30.516968
10,12,30.516968
10,13,30.45288
10,14,30.303345
10,15,30.0
10,2,21.411133
10,3,26.96289
10,4,29.46228
10,5,30.29541
10,6,30.48767
10,7,30.515137
10,8,30.516968
10,9,30.516968
11,0,0.0
11,1,13.184814
11,10,32.460938
11,11,32.460938
11,12,32.37549
11,13,32.11914
11,14,31.315918
11,15,30.0
11,2,23.125
11,3,28.848877
11,4,31.40625
11,5,32.23938
11,6,32.43164
11,7,32.459106
11,8,32.460938
11,9,32.460938
12,0,0.0
12,1,16.679688
12,10,38.292847
12,11,38.22876
12,12,37.993774
12,13,36.96411
12,14,34.51599
12,15,30.0
12,2,28.251953
12,3,34.56787
12,4,37.210693
12,5,38.07129
12,6,38.26355
12,7,38.291016
12,8,38.292847
12,9,38.292847
13,0,0.0
13,1,25.64087
13,10,51.097412
13,11,50.98633
13,12,50.32837
13,13,48.251953
13,14,42.296143
13,15,30.0
13,2,40.429688
13,3,47.34375
13,4,50.078125
13,5,50.90332
13,6,51.09375
13,7,51.121216
13,8,51.123047
13,9,51.123047
14,0,0.0
14,1,47.009277
14,10,72.48108
14,11,72.30591
14,12,71.61804
14,13,68.862305
14,14,59.766235
14,15,30.0
14,2,63.59253
14,3,69.68262
14,4,71.74194
14,5,72.351074
14,6,72.48413
14,7,72.50488
14,8,72.506714
14,9,72.50244
15,0,0.0
15,1,100.0
15,10,100.0
15,11,100.0
15,12,100.0
15,13,100.0
15,14,100.0
15,15,30.0
15,2,100.0
15,3,100.0
15,4,100.0
15,5,100.0
15,6,100.0
15,7,100.0
15,8,100.0
15,9,100.0
2,0,0.0
2,1,8.074951
2,10,20.958252
2,11,21.00586
2,12,21.287842
2,13,22.177734
2,14,24.730225
2,15,30.0
2,2,14.355469
2,3,18.303223
2,4,20.097656
2,5,20.76416
2,6,20.917969
2,7,20.945435
2,8,20.947266
2,9,20.947266
3,0,0.0
3,1,10.2282715
3,10,26.445923
3,11,26.473389
3,12,26.574097
3,13,27.01538
3,14,28.064575
3,15,30.0
3,2,18.303223
3,3,23.148193
3,4,25.455322
3,5,26.224365
3,6,26.416626
3,7,26.444092
3,8,26.445923
3,9,26.445923
4,0,0.0
4,1,11.304932
4,10,28.945312
4,11,28.945312
4,12,28.981934
4,13,29.091797
4,14,29.436035
4,15,30.0
4,2,20.097656
4,3,25.455322
4,4,27.890625
4,5,28.723755
4,6,28.916016
4,7,28.943481
4,8,28.945312
4,9,28.945312
5,0,0.0
5,1,11.663818
5,10,29.778442
5,11,29.778442
5,12,29.778442
5,13,29.805908
5,14,29.869995
5,15,30.0
5,2,20.76416
5,3,26.224365
5,4,28.723755
5,5,29.556885
5,6,29.749146
5,7,29.776611
5,8,29.778442
5,9,29.778442
6,0,0.0
6,1,11.766357
6,10,29.970703
6,11,29.970703
6,12,29.970703
6,13,29.970703
6,14,29.98169
6,15,30.0
6,2,20.917969
6,3,26.416626
6,4,28.916016
6,5,29.749146
6,6,29.941406
6,7,29.968872
6,8,29.970703
6,9,29.970703
7,0,0.0
7,1,11.781006
7,10,29.998169
7,11,29.998169
7,12,29.998169
7,13,29.998169
7,14,29.998169
7,15,30.0
7,2,20.945435
7,3,26.444092
7,4,28.943481
7,5,29.776611
7,6,29.968872
7,7,29.996338
7,8,29.998169
7,9,29.998169
8,0,0.0
8,1,11.787109
8,10,30.004272
8,11,30.004272
8,12,30.004272
8,13,30.004272
8,14,30.004272
8,15,30.0
8,2,20.951538
8,3,26.450195
8,4,28.949585
8,5,29.782715
8,6,29.974976
8,7,30.002441
8,8,30.004272
8,9,30.004272
9,0,0.0
9,1,11.827393
9,10,30.06836
9,11,30.06836
9,12,30.06836
9,13,30.06836
9,14,30.042725
9,15,30.0
9,2,21.015625
9,3,26.514282
9,4,29.013672
9,5,29.846802
9,6,30.039062
9,7,30.066528
9,8,30.06836
9,9,30.06836
