0,0,0.0
0,1,0.0
0,10,0.0
0,11,0.0
0,12,0.0
0,13,0.0
0,14,0.0
0,15,0.0
0,16,0.0
0,17,0.0
0,18,0.0
0,19,0.0
0,2,0.0
0,20,0.0
0,21,0.0
0,22,0.0
0,23,0.0
0,24,0.0
0,25,0.0
0,26,0.0
0,27,0.0
0,28,0.0
0,29,30.0
0,3,0.0
0,4,0.0
0,5,0.0
0,6,0.0
0,7,0.0
0,8,0.0
0,9,0.0
1,0,0.0
1,1,0.64203763
1,10,4.1113567
1,11,4.211753
1,12,4.280828
1,13,4.327326
1,14,4.357956
1,15,4.378703
1,16,4.3943405
1,17,4.4092712
1,18,4.428282
1,19,4.4570866
1,2,1.2626739
1,20,4.504489
1,21,4.583401
1,22,4.716011
1,23,4.938902
1,24,5.3195972
1,25,5.9877253
1,26,7.223835
1,27,9.70706
1,28,15.321018
1,29,30.0
1,3,1.8432693
1,4,2.3676782
1,5,2.8265367
1,6,3.2137003
1,7,3.5304744
1,8,3.7800643
1,9,3.970949
10,0,0.0
10,1,4.1112223
10,10,26.274313
10,11,26.908028
10,12,27.34361
10,13,27.632473
10,14,27.818363
10,15,27.934818
10,16,28.007446
10,17,28.054924
10,18,28.090752
10,19,28.12578
10,2,8.086072
10,20,28.1683
10,21,28.227222
10,22,28.30989
10,23,28.425522
10,24,28.580582
10,25,28.781904
10,26,29.030483
10,27,29.324076
10,28,29.652287
10,29,30.0
10,3,11.800276
10,4,15.156733
10,5,18.086975
10,6,20.56144
10,7,22.579086
10,8,24.17062
10,9,25.382116
11,0,0.0
11,1,4.211459
11,10,26.9078
11,11,27.556625
11,12,28.001715
11,13,28.297125
11,14,28.48656
11,15,28.604765
11,16,28.677387
11,17,28.722984
11,18,28.754961
11,19,28.78265
11,2,8.2825365
11,20,28.813908
11,21,28.854504
11,22,28.910887
11,23,28.987675
11,24,29.0904
11,25,29.221424
11,26,29.382458
11,27,29.57032
11,28,29.779465
11,29,30.0
11,3,12.087622
11,4,15.524474
11,5,18.526419
11,6,21.05931
11,7,23.126152
11,8,24.75459
11,9,25.995398
12,0,0.0
12,1,4.2801933
12,10,27.34298
12,11,28.001373
12,12,28.4534
12,13,28.752867
12,14,28.944847
12,15,29.06406
12,16,29.136503
12,17,29.180725
12,18,29.209497
12,19,29.23201
12,2,8.418096
12,20,29.254417
12,21,29.282116
12,22,29.318768
12,23,29.368519
12,24,29.433643
12,25,29.516659
12,26,29.61726
12,27,29.734371
12,28,29.863747
12,29,30.0
12,3,12.284659
12,4,15.778006
12,5,18.827751
12,6,21.402157
12,7,23.50129
12,8,25.156208
12,9,26.415934
13,0,0.0
13,1,4.326016
13,10,27.631058
13,11,28.296215
13,12,28.752398
13,13,29.05474
13,14,29.248203
13,15,29.368074
13,16,29.44034
13,17,29.483425
13,18,29.510067
13,19,29.528637
13,2,8.507832
13,20,29.54515
13,21,29.56344
13,22,29.586956
13,23,29.61773
13,24,29.658041
13,25,29.708525
13,26,29.769768
13,27,29.84032
13,28,29.918236
13,29,30.0
13,3,12.415937
13,4,15.945835
13,5,19.028292
13,6,21.62911
13,7,23.750595
13,8,25.422068
13,9,26.695034
14,0,0.0
14,1,4.3552914
14,10,27.815498
14,11,28.484585
14,12,28.943634
14,13,29.247606
14,14,29.442078
14,15,29.562292
14,16,29.634375
14,17,29.676743
14,18,29.701803
14,19,29.717896
14,2,8.565592
14,20,29.730227
14,21,29.74255
14,22,29.757072
14,23,29.775814
14,24,29.799679
14,25,29.829659
14,26,29.86552
14,27,29.906921
14,28,29.952328
14,29,30.0
14,3,12.499805
14,4,16.053757
14,5,19.15641
14,6,21.774845
14,7,23.909872
14,8,25.592522
14,9,26.873348
15,0,0.0
15,1,4.3734903
15,10,27.929197
15,11,28.600899
15,12,29.061523
15,13,29.366581
15,14,29.56159
15,15,29.682018
15,16,29.75398
15,17,29.795818
15,18,29.819942
15,19,29.834318
15,2,8.601196
15,20,29.844135
15,21,29.85248
15,22,29.861553
15,23,29.872505
15,24,29.88639
15,25,29.903442
15,26,29.923939
15,27,29.947342
15,28,29.973078
15,29,30.0
15,3,12.551905
15,4,16.120281
15,5,19.235888
15,6,21.864677
15,7,24.008514
15,8,25.697596
15,9,26.9836
16,0,0.0
16,1,4.3843107
16,10,27.996967
16,11,28.670057
16,12,29.1317
16,13,29.437328
16,14,29.632679
16,15,29.753212
16,16,29.825077
16,17,29.86662
16,18,29.890106
16,19,29.903507
16,2,8.622555
16,20,29.911694
16,21,29.91774
16,22,29.923372
16,23,29.929798
16,24,29.937534
16,25,29.947052
16,26,29.958284
16,27,29.97118
16,28,29.98525
16,29,30.0
16,3,12.582878
16,4,16.16014
16,5,19.283142
16,6,21.918407
16,7,24.067163
16,8,25.760326
16,9,27.049152
17,0,0.0
17,1,4.3905754
17,10,28.035822
17,11,28.709785
17,12,29.17194
17,13,29.47792
17,14,29.67344
17,15,29.794037
17,16,29.865845
17,17,29.907188
17,18,29.93034
17,19,29.94312
17,2,8.634798
17,20,29.950409
17,21,29.955044
17,22,29.958767
17,23,29.962471
17,24,29.966776
17,25,29.971859
17,26,29.977886
17,27,29.98471
17,28,29.992191
17,29,30.0
17,3,12.600798
17,4,16.182987
17,5,19.310434
17,6,21.949213
17,7,24.10097
17,8,25.796293
17,9,27.086868
18,0,0.0
18,1,4.3940372
18,10,28.057356
18,11,28.73174
18,12,29.19421
18,13,29.500355
18,14,29.69598
18,15,29.816597
18,16,29.88837
18,17,29.929617
18,18,29.952553
18,19,29.965017
18,2,8.641634
18,20,29.971767
18,21,29.975658
18,22,29.978262
18,23,29.980516
18,24,29.98285
18,25,29.985544
18,26,29.988644
18,27,29.992168
18,28,29.995993
18,29,30.0
18,3,12.610699
18,4,16.195728
18,5,19.325516
18,6,21.966352
18,7,24.119652
18,8,25.816261
18,9,27.10771
19,0,0.0
19,1,4.3959017
19,10,28.068819
19,11,28.743458
19,12,29.206066
19,13,29.512314
19,14,29.707981
19,15,29.828615
19,16,29.900372
19,17,29.941553
19,18,29.964392
19,19,29.976664
19,2,8.645273
19,20,29.98315
19,21,29.98661
19,22,29.988651
19,23,29.99009
19,24,29.991405
19,25,29.992794
19,26,29.994368
19,27,29.99611
19,28,29.998018
19,29,30.0
19,3,12.616026
19,4,16.20251
19,5,19.333612
19,6,21.97548
19,7,24.12966
19,8,25.826893
19,9,27.11885
2,0,0.0
2,1,1.2626739
2,10,8.08632
2,11,8.283091
2,12,8.4192705
2,13,8.510295
2,14,8.570534
2,15,8.610957
2,16,8.641152
2,17,8.669611
2,18,8.704936
2,19,8.758359
2,2,2.4839263
2,20,8.844662
2,21,8.987848
2,22,9.223939
2,23,9.6139965
2,24,10.257518
2,25,11.329629
2,26,13.139111
2,27,16.241959
2,28,21.555613
2,29,30.0
2,3,3.6250958
2,4,4.6575265
2,5,5.5588555
2,6,6.3214498
2,7,6.943266
2,8,7.435102
2,9,7.809528
20,0,0.0
20,1,4.3968573
20,10,28.074717
20,11,28.749464
20,12,29.212156
20,13,29.518448
20,14,29.71414
20,15,29.834782
20,16,29.906525
20,17,29.947681
20,18,29.970457
20,19,29.982647
20,2,8.6471615
20,20,29.988977
20,21,29.992239
20,22,29.993965
20,23,29.995007
20,24,29.99578
20,25,29.996517
20,26,29.997288
20,27,29.998138
20,28,29.999048
20,29,30.0
20,3,12.618757
20,4,16.206024
20,5,19.337765
20,6,21.980194
20,7,24.134792
20,8,25.832375
20,9,27.124561
21,0,0.0
21,1,4.397336
21,10,28.077627
21,11,28.752438
21,12,29.215164
21,13,29.521477
21,14,29.717182
21,15,29.837824
21,16,29.909565
21,17,29.950703
21,18,29.973454
21,19,29.985592
21,2,8.648093
21,20,29.991861
21,21,29.995012
21,22,29.996597
21,23,29.99743
21,24,29.997948
21,25,29.99835
21,26,29.998734
21,27,29.999134
21,28,29.999561
21,29,30.0
21,3,12.62012
21,4,16.20776
21,5,19.339832
21,6,21.982525
21,7,24.137342
21,8,25.83508
21,9,27.127396
22,0,0.0
22,1,4.397563
22,10,28.079016
22,11,28.753849
22,12,29.21659
22,13,29.522919
22,14,29.718624
22,15,29.839272
22,16,29.911007
22,17,29.95214
22,18,29.974878
22,19,29.986996
22,2,8.648542
22,20,29.993229
22,21,29.99633
22,22,29.99784
22,23,29.998583
22,24,29.998976
22,25,29.999222
22,26,29.99942
22,27,29.99961
22,28,29.999802
22,29,30.0
22,3,12.6207695
22,4,16.208591
22,5,19.340816
22,6,21.983639
22,7,24.138554
22,8,25.836372
22,9,27.12874
23,0,0.0
23,1,4.397668
23,10,28.07965
23,11,28.754494
23,12,29.217247
23,13,29.523573
23,14,29.719288
23,15,29.839931
23,16,29.911667
23,17,29.952797
23,18,29.975529
23,19,29.987637
23,2,8.648747
23,20,29.993855
23,21,29.996935
23,22,29.998415
23,23,29.999111
23,24,29.999447
23,25,29.999622
23,26,29.999737
23,27,29.999828
23,28,29.999914
23,29,30.0
23,3,12.621069
23,4,16.208971
23,5,19.34127
23,6,21.984144
23,7,24.139112
23,8,25.836964
23,9,27.129358
24,0,0.0
24,1,4.3977146
24,10,28.07993
24,11,28.75478
24,12,29.217533
24,13,29.523865
24,14,29.719576
24,15,29.84022
24,16,29.911957
24,17,29.953083
24,18,29.975813
24,19,29.987919
24,2,8.648839
24,20,29.99413
24,21,29.997202
24,22,29.998665
24,23,29.999344
24,24,29.999653
24,25,29.999798
24,26,29.999874
24,27,29.999924
24,28,29.999962
24,29,30.0
24,3,12.6212
24,4,16.20914
24,5,19.341469
24,6,21.984373
24,7,24.139355
24,8,25.837225
24,9,27.129631
25,0,0.0
25,1,4.3977346
25,10,28.080048
25,11,28.754898
25,12,29.217655
25,13,29.523987
25,14,29.719698
25,15,29.840343
25,16,29.912079
25,17,29.953205
25,18,29.975935
25,19,29.988037
25,2,8.648876
25,20,29.994246
25,21,29.99731
25,22,29.998772
25,23,29.999441
25,24,29.99974
25,25,29.999872
25,26,29.999931
25,27,29.999964
25,28,29.999983
25,29,30.0
25,3,12.621256
25,4,16.209213
25,5,19.341553
25,6,21.98447
25,7,24.13946
25,8,25.837334
25,9,27.129745
26,0,0.0
26,1,4.397742
26,10,28.080093
26,11,28.754948
26,12,29.217703
26,13,29.524035
26,14,29.71975
26,15,29.84039
26,16,29.912127
26,17,29.953255
26,18,29.975985
26,19,29.988085
26,2,8.648893
26,20,29.994293
26,21,29.997358
26,22,29.998814
26,23,29.999481
26,24,29.999775
26,25,29.9999
26,26,29.999956
26,27,29.99998
26,28,29.999992
26,29,30.0
26,3,12.621279
26,4,16.20924
26,5,19.341589
26,6,21.984507
26,7,24.139503
26,8,25.837378
26,9,27.129791
27,0,0.0
27,1,4.397745
27,10,28.080112
27,11,28.754967
27,12,29.217722
27,13,29.524054
27,14,29.719767
27,15,29.84041
27,16,29.912144
27,17,29.953274
27,18,29.976002
27,19,29.988106
27,2,8.648898
27,20,29.994308
27,21,29.997375
27,22,29.998833
27,23,29.999496
27,24,29.99979
27,25,29.999916
27,26,29.999968
27,27,29.999989
27,28,29.999996
27,29,30.0
27,3,12.621288
27,4,16.209253
27,5,19.3416
27,6,21.984524
27,7,24.13952
27,8,25.837397
27,9,27.129808
28,0,0.0
28,1,4.397746
28,10,28.080122
28,11,28.75497
28,12,29.217731
28,13,29.524061
28,14,29.719772
28,15,29.840418
28,16,29.912151
28,17,29.953281
28,18,29.97601
28,19,29.98811
28,2,8.648901
28,20,29.994318
28,21,29.997383
28,22,29.998838
28,23,29.999502
28,24,29.999798
28,25,29.99992
28,26,29.99997
28,27,29.99999
28,28,29.999998
28,29,30.0
28,3,12.62129
28,4,16.209255
28,5,19.341608
28,6,21.984528
28,7,24.139526
28,8,25.837402
28,9,27.129814
29,0,0.0
29,1,4.397747
29,10,28.080122
29,11,28.754976
29,12,29.217731
29,13,29.524063
29,14,29.719776
29,15,29.84042
29,16,29.912155
29,17,29.95328
29,18,29.97601
29,19,29.988113
29,2,8.648901
29,20,29.99432
29,21,29.997383
29,22,29.99884
29,23,29.999504
29,24,29.999798
29,25,29.999922
29,26,29.999971
29,27,29.999992
29,28,29.999998
29,29,30.0
29,3,12.621293
29,4,16.209257
29,5,19.34161
29,6,21.984531
29,7,24.139528
29,8,25.837406
29,9,27.129818
3,0,0.0
3,1,1.8432691
3,10,11.800612
3,11,12.088357
3,12,12.286249
3,13,12.419207
3,14,12.506452
3,15,12.564865
3,16,12.607727
3,17,12.6468725
3,18,12.694542
3,19,12.764496
3,2,3.6250958
3,20,12.876897
3,21,13.059263
3,22,13.3559475
3,23,13.831726
3,24,14.589833
3,25,15.783984
3,26,17.64589
3,27,20.48597
3,28,24.619427
3,29,30.0
3,3,5.2918053
3,4,6.79722
3,5,8.1142025
3,6,9.225412
3,7,10.134324
3,8,10.850462
3,9,11.39793
30,0,0.0
30,1,4.397746
30,10,28.080124
30,11,28.754978
30,12,29.217735
30,13,29.524063
30,14,29.719776
30,15,29.84042
30,16,29.912153
30,17,29.953281
30,18,29.976011
30,19,29.988111
30,2,8.648903
30,20,29.99432
30,21,29.997385
30,22,29.99884
30,23,29.999504
30,24,29.9998
30,25,29.999922
30,26,29.999973
30,27,29.999992
30,28,30.0
30,29,30.0
30,3,12.621292
30,4,16.209259
30,5,19.34161
30,6,21.984531
30,7,24.13953
30,8,25.837402
30,9,27.12982
31,0,0.0
31,1,4.3977475
31,10,28.080124
31,11,28.754978
31,12,29.217735
31,13,29.524067
31,14,29.719776
31,15,29.84042
31,16,29.912155
31,17,29.953283
31,18,29.97601
31,19,29.988115
31,2,8.648901
31,20,29.99432
31,21,29.997385
31,22,29.99884
31,23,29.999508
31,24,29.999798
31,25,29.999924
31,26,29.999973
31,27,29.999992
31,28,30.0
31,29,30.0
31,3,12.621295
31,4,16.209257
31,5,19.34161
31,6,21.984531
31,7,24.13953
31,8,25.837406
31,9,27.129822
32,0,0.0
32,1,4.397746
32,10,28.080126
32,11,28.754978
32,12,29.217735
32,13,29.524067
32,14,29.719776
32,15,29.84042
32,16,29.912155
32,17,29.953283
32,18,29.976011
32,19,29.988113
32,2,8.648903
32,20,29.994322
32,21,29.997383
32,22,29.998842
32,23,29.999504
32,24,29.9998
32,25,29.999924
32,26,29.999973
32,27,29.999992
32,28,30.0
32,29,30.0
32,3,12.621291
32,4,16.209259
32,5,19.341608
32,6,21.984531
32,7,24.139528
32,8,25.837406
32,9,27.12982
33,0,0.0
33,1,4.3977475
33,10,28.080126
33,11,28.754978
33,12,29.217735
33,13,29.524067
33,14,29.71978
33,15,29.84042
33,16,29.912155
33,17,29.953283
33,18,29.976011
33,19,29.988113
33,2,8.648901
33,20,29.99432
33,21,29.997387
33,22,29.99884
33,23,29.999508
33,24,29.999798
33,25,29.999924
33,26,29.999973
33,27,29.999992
33,28,30.0
33,29,30.0
33,3,12.621295
33,4,16.209257
33,5,19.34161
33,6,21.984531
33,7,24.13953
33,8,25.837408
33,9,27.129822
34,0,0.0
34,1,4.397746
34,10,28.080126
34,11,28.75498
34,12,29.217737
34,13,29.524067
34,14,29.71978
34,15,29.840424
34,16,29.912155
34,17,29.953283
34,18,29.976011
34,19,29.988113
34,2,8.648903
34,20,29.994322
34,21,29.997387
34,22,29.998842
34,23,29.999506
34,24,29.9998
34,25,29.999924
34,26,29.999973
34,27,29.999992
34,28,30.0
34,29,30.0
34,3,12.621291
34,4,16.209259
34,5,19.34161
34,6,21.984533
34,7,24.139526
34,8,25.837408
34,9,27.129822
35,0,0.0
35,1,4.3977475
35,10,28.080126
35,11,28.75498
35,12,29.217737
35,13,29.524067
35,14,29.71978
35,15,29.840424
35,16,29.912155
35,17,29.953283
35,18,29.976011
35,19,29.988113
35,2,8.648901
35,20,29.994322
35,21,29.997387
35,22,29.998842
35,23,29.999508
35,24,29.9998
35,25,29.999924
35,26,29.999973
35,27,29.999992
35,28,30.0
35,29,30.0
35,3,12.621294
35,4,16.209257
35,5,19.34161
35,6,21.984531
35,7,24.139532
35,8,25.837406
35,9,27.129822
36,0,0.0
36,1,4.397746
36,10,28.080126
36,11,28.75498
36,12,29.217737
36,13,29.524067
36,14,29.71978
36,15,29.840424
36,16,29.912155
36,17,29.953283
36,18,29.976011
36,19,29.988113
36,2,8.648903
36,20,29.994322
36,21,29.997387
36,22,29.998842
36,23,29.999508
36,24,29.9998
36,25,29.999924
36,26,29.999973
36,27,29.999992
36,28,30.0
36,29,30.0
36,3,12.621292
36,4,16.209259
36,5,19.34161
36,6,21.984533
36,7,24.139526
36,8,25.837408
36,9,27.129822
37,0,0.0
37,1,4.397747
37,10,28.080126
37,11,28.75498
37,12,29.217735
37,13,29.524067
37,14,29.71978
37,15,29.840424
37,16,29.912155
37,17,29.953283
37,18,29.976011
37,19,29.988113
37,2,8.648901
37,20,29.994322
37,21,29.997387
37,22,29.998842
37,23,29.999508
37,24,29.9998
37,25,29.999924
37,26,29.999973
37,27,29.999992
37,28,30.0
37,29,30.0
37,3,12.621294
37,4,16.209259
37,5,19.34161
37,6,21.984531
37,7,24.139532
37,8,25.837406
37,9,27.129822
38,0,0.0
38,1,4.397746
38,10,28.080126
38,11,28.754978
38,12,29.217737
38,13,29.524067
38,14,29.71978
38,15,29.84042
38,16,29.912155
38,17,29.953283
38,18,29.97601
38,19,29.988113
38,2,8.648903
38,20,29.994322
38,21,29.997387
38,22,29.998842
38,23,29.999508
38,24,29.999798
38,25,29.999924
38,26,29.999973
38,27,29.999992
38,28,30.0
38,29,30.0
38,3,12.621293
38,4,16.209259
38,5,19.34161
38,6,21.984531
38,7,24.139526
38,8,25.837408
38,9,27.129822
39,0,0.0
39,1,4.3977466
39,10,28.080124
39,11,28.754978
39,12,29.217731
39,13,29.524067
39,14,29.719776
39,15,29.840424
39,16,29.912155
39,17,29.953281
39,18,29.97601
39,19,29.988113
39,2,8.648902
39,20,29.994322
39,21,29.997385
39,22,29.99884
39,23,29.999506
39,24,29.9998
39,25,29.999924
39,26,29.999973
39,27,29.999992
39,28,30.0
39,29,30.0
39,3,12.621292
39,4,16.209259
39,5,19.34161
39,6,21.984531
39,7,24.13953
39,8,25.837404
39,9,27.129822
4,0,0.0
4,1,2.3676777
4,10,15.15711
4,11,15.52532
4,12,15.779796
4,13,15.949585
4,14,16.061256
4,15,16.135042
4,16,16.188108
4,17,16.235
4,18,16.28944
4,19,16.368006
4,2,4.6575255
4,20,16.490627
4,21,16.68765
4,22,16.999712
4,23,17.48893
4,24,18.238731
4,25,19.366264
4,26,21.01318
4,27,23.327866
4,28,26.379936
4,29,30.0
4,3,6.7972193
4,4,8.73262
4,5,10.422258
4,6,11.85132
4,7,13.016569
4,8,13.937776
4,9,14.63906
40,0,0.0
40,1,4.397747
40,10,28.080124
40,11,28.754976
40,12,29.217737
40,13,29.524065
40,14,29.71978
40,15,29.84042
40,16,29.912155
40,17,29.953283
40,18,29.97601
40,19,29.988113
40,2,8.648901
40,20,29.99432
40,21,29.997385
40,22,29.99884
40,23,29.999508
40,24,29.999798
40,25,29.999924
40,26,29.999971
40,27,29.999992
40,28,29.999998
40,29,30.0
40,3,12.621293
40,4,16.209257
40,5,19.34161
40,6,21.984531
40,7,24.139526
40,8,25.837406
40,9,27.129818
41,0,0.0
41,1,4.397746
41,10,28.080124
41,11,28.754978
41,12,29.217735
41,13,29.524067
41,14,29.71978
41,15,29.840422
41,16,29.912155
41,17,29.953283
41,18,29.976011
41,19,29.988113
41,2,8.648903
41,20,29.99432
41,21,29.997385
41,22,29.99884
41,23,29.999508
41,24,29.999798
41,25,29.999924
41,26,29.999973
41,27,29.99999
41,28,29.999998
41,29,30.0
41,3,12.621292
41,4,16.209259
41,5,19.34161
41,6,21.984531
41,7,24.13953
41,8,25.837404
41,9,27.129822
42,0,0.0
42,1,4.397747
42,10,28.080126
42,11,28.754978
42,12,29.217735
42,13,29.524067
42,14,29.719778
42,15,29.840424
42,16,29.912155
42,17,29.953283
42,18,29.976013
42,19,29.988113
42,2,8.648901
42,20,29.994322
42,21,29.997383
42,22,29.99884
42,23,29.999506
42,24,29.999798
42,25,29.999924
42,26,29.999971
42,27,29.99999
42,28,29.999998
42,29,30.0
42,3,12.621294
42,4,16.209257
42,5,19.34161
42,6,21.984531
42,7,24.13953
42,8,25.83741
42,9,27.12982
43,0,0.0
43,1,4.397746
43,10,28.080124
43,11,28.754978
43,12,29.217735
43,13,29.524067
43,14,29.71978
43,15,29.840424
43,16,29.912155
43,17,29.953285
43,18,29.976011
43,19,29.988113
43,2,8.648903
43,20,29.99432
43,21,29.997387
43,22,29.99884
43,23,29.999508
43,24,29.999798
43,25,29.999924
43,26,29.999973
43,27,29.99999
43,28,29.999998
43,29,30.0
43,3,12.621291
43,4,16.209259
43,5,19.34161
43,6,21.984531
43,7,24.139528
43,8,25.837406
43,9,27.12982
44,0,0.0
44,1,4.3977466
44,10,28.080124
44,11,28.754978
44,12,29.217735
44,13,29.524067
44,14,29.71978
44,15,29.84042
44,16,29.912155
44,17,29.953285
44,18,29.976013
44,19,29.988113
44,2,8.648901
44,20,29.994322
44,21,29.997387
44,22,29.998842
44,23,29.999508
44,24,29.9998
44,25,29.999924
44,26,29.999971
44,27,29.999992
44,28,29.999998
44,29,30.0
44,3,12.621292
44,4,16.209257
44,5,19.341608
44,6,21.984531
44,7,24.139526
44,8,25.837406
44,9,27.12982
45,0,0.0
45,1,4.397746
45,10,28.080124
45,11,28.754978
45,12,29.217731
45,13,29.524067
45,14,29.719776
45,15,29.840424
45,16,29.912155
45,17,29.953285
45,18,29.976013
45,19,29.988113
45,2,8.648901
45,20,29.99432
45,21,29.997387
45,22,29.998842
45,23,29.999508
45,24,29.9998
45,25,29.999924
45,26,29.999973
45,27,29.999992
45,28,29.999998
45,29,30.0
45,3,12.621291
45,4,16.209257
45,5,19.34161
45,6,21.984531
45,7,24.13953
45,8,25.837406
45,9,27.129822
46,0,0.0
46,1,4.397746
46,10,28.080124
46,11,28.754974
46,12,29.217735
46,13,29.524063
46,14,29.71978
46,15,29.84042
46,16,29.912159
46,17,29.953283
46,18,29.976013
46,19,29.988113
46,2,8.648901
46,20,29.994322
46,21,29.997387
46,22,29.998842
46,23,29.999508
46,24,29.999798
46,25,29.999924
46,26,29.999973
46,27,29.999992
46,28,30.0
46,29,30.0
46,3,12.621291
46,4,16.209259
46,5,19.34161
46,6,21.984531
46,7,24.13953
46,8,25.837406
46,9,27.12982
47,0,0.0
47,1,4.3977466
47,10,28.080124
47,11,28.754976
47,12,29.217731
47,13,29.524067
47,14,29.719776
47,15,29.840424
47,16,29.912153
47,17,29.953285
47,18,29.976011
47,19,29.988115
47,2,8.648901
47,20,29.994322
47,21,29.997387
47,22,29.99884
47,23,29.999508
47,24,29.999798
47,25,29.999924
47,26,29.999973
47,27,29.999992
47,28,30.0
47,29,30.0
47,3,12.621291
47,4,16.209257
47,5,19.34161
47,6,21.984531
47,7,24.13953
47,8,25.837408
47,9,27.129822
48,0,0.0
48,1,4.397746
48,10,28.080124
48,11,28.754976
48,12,29.217731
48,13,29.524065
48,14,29.719776
48,15,29.840418
48,16,29.912155
48,17,29.953283
48,18,29.976013
48,19,29.988113
48,2,8.648901
48,20,29.994322
48,21,29.997383
48,22,29.998842
48,23,29.999506
48,24,29.999798
48,25,29.999922
48,26,29.999973
48,27,29.999992
48,28,29.999998
48,29,30.0
48,3,12.621292
48,4,16.209257
48,5,19.34161
48,6,21.984531
48,7,24.13953
48,8,25.837408
48,9,27.12982
49,0,0.0
49,1,4.3977466
49,10,28.080124
49,11,28.754974
49,12,29.217733
49,13,29.524063
49,14,29.719776
49,15,29.84042
49,16,29.912153
49,17,29.953283
49,18,29.97601
49,19,29.988115
49,2,8.648902
49,20,29.99432
49,21,29.997385
49,22,29.998842
49,23,29.999506
49,24,29.999798
49,25,29.999924
49,26,29.999973
49,27,29.999992
49,28,29.999998
49,29,30.0
49,3,12.621291
49,4,16.209259
49,5,19.34161
49,6,21.984531
49,7,24.13953
49,8,25.837406
49,9,27.12982
5,0,0.0
5,1,2.8265352
5,10,18.087364
5,11,18.527271
5,12,18.8296
5,13,19.032082
5,14,19.164097
5,15,19.250805
5,16,19.31158
5,17,19.362728
5,18,19.419725
5,19,19.498196
5,2,5.558852
5,20,19.619148
5,21,19.808102
5,22,20.103157
5,23,20.551882
5,24,21.220213
5,25,22.183346
5,26,23.524254
5,27,25.301262
5,28,27.5069
5,29,30.0
5,3,8.1142
5,4,10.422256
5,5,12.440706
5,6,14.143782
5,7,15.536065
5,8,16.633047
5,9,17.471039
50,0,0.0
50,1,4.397747
50,10,28.080124
50,11,28.754978
50,12,29.217731
50,13,29.524063
50,14,29.719776
50,15,29.84042
50,16,29.912155
50,17,29.953281
50,18,29.97601
50,19,29.988113
50,2,8.648901
50,20,29.994322
50,21,29.997385
50,22,29.998842
50,23,29.999506
50,24,29.999798
50,25,29.999922
50,26,29.999973
50,27,29.99999
50,28,30.0
50,29,30.0
50,3,12.621294
50,4,16.209257
50,5,19.34161
50,6,21.984531
50,7,24.13953
50,8,25.837406
50,9,27.129822
51,0,0.0
51,1,4.3977466
51,10,28.080124
51,11,28.754978
51,12,29.217733
51,13,29.524065
51,14,29.719776
51,15,29.84042
51,16,29.912153
51,17,29.953283
51,18,29.976011
51,19,29.988111
51,2,8.648902
51,20,29.994322
51,21,29.997387
51,22,29.99884
51,23,29.999504
51,24,29.999798
51,25,29.999922
51,26,29.999971
51,27,29.999992
51,28,29.999998
51,29,30.0
51,3,12.621292
51,4,16.209259
51,5,19.34161
51,6,21.984531
51,7,24.139528
51,8,25.837406
51,9,27.12982
52,0,0.0
52,1,4.397747
52,10,28.080124
52,11,28.754978
52,12,29.217735
52,13,29.524065
52,14,29.719776
52,15,29.84042
52,16,29.912153
52,17,29.953281
52,18,29.97601
52,19,29.988113
52,2,8.648901
52,20,29.99432
52,21,29.997383
52,22,29.99884
52,23,29.999506
52,24,29.999796
52,25,29.999922
52,26,29.999971
52,27,29.99999
52,28,29.999998
52,29,30.0
52,3,12.621294
52,4,16.209257
52,5,19.34161
52,6,21.98453
52,7,24.13953
52,8,25.837404
52,9,27.129824
53,0,0.0
53,1,4.397746
53,10,28.080126
53,11,28.754978
53,12,29.217735
53,13,29.524065
53,14,29.719776
53,15,29.84042
53,16,29.912155
53,17,29.953281
53,18,29.97601
53,19,29.988113
53,2,8.648902
53,20,29.99432
53,21,29.997385
53,22,29.99884
53,23,29.999504
53,24,29.999798
53,25,29.999918
53,26,29.999973
53,27,29.99999
53,28,29.999998
53,29,30.0
53,3,12.621292
53,4,16.209259
53,5,19.34161
53,6,21.984531
53,7,24.139528
53,8,25.837408
53,9,27.12982
54,0,0.0
54,1,4.397747
54,10,28.080124
54,11,28.754978
54,12,29.217733
54,13,29.524067
54,14,29.719776
54,15,29.84042
54,16,29.912155
54,17,29.953281
54,18,29.976011
54,19,29.988111
54,2,8.648901
54,20,29.994322
54,21,29.997385
54,22,29.99884
54,23,29.999506
54,24,29.999796
54,25,29.999924
54,26,29.99997
54,27,29.999992
54,28,29.999998
54,29,30.0
54,3,12.621294
54,4,16.209257
54,5,19.34161
54,6,21.984531
54,7,24.13953
54,8,25.837404
54,9,27.129822
55,0,0.0
55,1,4.397746
55,10,28.080124
55,11,28.754978
55,12,29.217735
55,13,29.524063
55,14,29.719776
55,15,29.84042
55,16,29.912155
55,17,29.953283
55,18,29.97601
55,19,29.988115
55,2,8.648902
55,20,29.99432
55,21,29.997387
55,22,29.998842
55,23,29.999504
55,24,29.999798
55,25,29.99992
55,26,29.999973
55,27,29.99999
55,28,29.999998
55,29,30.0
55,3,12.621291
55,4,16.209259
55,5,19.34161
55,6,21.984531
55,7,24.13953
55,8,25.837408
55,9,27.12982
56,0,0.0
56,1,4.397747
56,10,28.080124
56,11,28.754978
56,12,29.217735
56,13,29.524065
56,14,29.719776
56,15,29.84042
56,16,29.912155
56,17,29.953281
56,18,29.976013
56,19,29.988113
56,2,8.648901
56,20,29.994322
56,21,29.997385
56,22,29.99884
56,23,29.999508
56,24,29.999798
56,25,29.999924
56,26,29.999971
56,27,29.999992
56,28,29.999998
56,29,30.0
56,3,12.621294
56,4,16.209257
56,5,19.34161
56,6,21.984531
56,7,24.13953
56,8,25.837406
56,9,27.129822
57,0,0.0
57,1,4.397746
57,10,28.080126
57,11,28.754978
57,12,29.217733
57,13,29.524065
57,14,29.719776
57,15,29.840418
57,16,29.912153
57,17,29.953281
57,18,29.976011
57,19,29.988115
57,2,8.648902
57,20,29.99432
57,21,29.997385
57,22,29.99884
57,23,29.999508
57,24,29.9998
57,25,29.999924
57,26,29.999973
57,27,29.99999
57,28,29.999998
57,29,30.0
57,3,12.621292
57,4,16.209259
57,5,19.34161
57,6,21.984531
57,7,24.13953
57,8,25.837406
57,9,27.12982
58,0,0.0
58,1,4.397747
58,10,28.080124
58,11,28.754978
58,12,29.217731
58,13,29.524067
58,14,29.719776
58,15,29.840424
58,16,29.912153
58,17,29.953285
58,18,29.976013
58,19,29.988113
58,2,8.648901
58,20,29.994322
58,21,29.997383
58,22,29.998842
58,23,29.999508
58,24,29.9998
58,25,29.999924
58,26,29.999971
58,27,29.999992
58,28,29.999998
58,29,30.0
58,3,12.621292
58,4,16.209257
58,5,19.34161
58,6,21.984531
58,7,24.13953
58,8,25.837404
58,9,27.129822
59,0,0.0
59,1,4.397746
59,10,28.080124
59,11,28.754974
59,12,29.217735
59,13,29.524063
59,14,29.719778
59,15,29.840418
59,16,29.912157
59,17,29.953281
59,18,29.97601
59,19,29.988115
59,2,8.648902
59,20,29.99432
59,21,29.997385
59,22,29.998842
59,23,29.999506
59,24,29.999798
59,25,29.999924
59,26,29.999973
59,27,29.99999
59,28,30.0
59,29,30.0
59,3,12.621291
59,4,16.209257
59,5,19.34161
59,6,21.984531
59,7,24.13953
59,8,25.837408
59,9,27.129818
6,0,0.0
6,1,3.213696
6,10,20.561798
6,11,21.06012
6,12,21.40387
6,13,21.632698
6,14,21.781986
6,15,21.878681
6,16,21.944763
6,17,21.997833
6,18,22.05297
6,19,22.126394
6,2,6.3214426
6,20,22.235193
6,21,22.403341
6,22,22.65874
6,23,23.04047
6,24,23.591387
6,25,24.362034
6,26,25.393423
6,27,26.707281
6,28,28.274712
6,29,30.0
6,3,9.225402
6,4,11.851311
6,5,14.143774
6,6,16.08171
6,7,17.66189
6,8,18.910225
6,9,19.860516
60,0,0.0
60,1,4.397747
60,10,28.080122
60,11,28.754978
60,12,29.217731
60,13,29.524067
60,14,29.719776
60,15,29.840424
60,16,29.912153
60,17,29.953285
60,18,29.976011
60,19,29.988111
60,2,8.648901
60,20,29.99432
60,21,29.997385
60,22,29.998842
60,23,29.999504
60,24,29.999798
60,25,29.999924
60,26,29.999971
60,27,29.999992
60,28,29.999998
60,29,30.0
60,3,12.621291
60,4,16.209257
60,5,19.34161
60,6,21.984531
60,7,24.139528
60,8,25.837404
60,9,27.129822
61,0,0.0
61,1,4.3977466
61,10,28.080126
61,11,28.754978
61,12,29.217735
61,13,29.524065
61,14,29.71978
61,15,29.840418
61,16,29.912159
61,17,29.953281
61,18,29.976013
61,19,29.988113
61,2,8.648902
61,20,29.99432
61,21,29.997387
61,22,29.99884
61,23,29.999506
61,24,29.999798
61,25,29.999924
61,26,29.999971
61,27,29.999992
61,28,29.999998
61,29,30.0
61,3,12.621291
61,4,16.209257
61,5,19.34161
61,6,21.984531
61,7,24.139526
61,8,25.83741
61,9,27.129818
62,0,0.0
62,1,4.397747
62,10,28.080124
62,11,28.754978
62,12,29.217735
62,13,29.524067
62,14,29.719776
62,15,29.840424
62,16,29.912153
62,17,29.953285
62,18,29.976011
62,19,29.988113
62,2,8.648901
62,20,29.99432
62,21,29.997385
62,22,29.998842
62,23,29.999506
62,24,29.999798
62,25,29.999922
62,26,29.999973
62,27,29.999992
62,28,29.999998
62,29,30.0
62,3,12.621292
62,4,16.209257
62,5,19.34161
62,6,21.98453
62,7,24.139528
62,8,25.837404
62,9,27.129822
63,0,0.0
63,1,4.397746
63,10,28.080126
63,11,28.754978
63,12,29.217735
63,13,29.524063
63,14,29.719776
63,15,29.84042
63,16,29.912155
63,17,29.953283
63,18,29.976011
63,19,29.988115
63,2,8.648902
63,20,29.99432
63,21,29.997385
63,22,29.99884
63,23,29.999506
63,24,29.999798
63,25,29.999924
63,26,29.999971
63,27,29.999992
63,28,29.999998
63,29,30.0
63,3,12.621291
63,4,16.209257
63,5,19.34161
63,6,21.984531
63,7,24.139526
63,8,25.83741
63,9,27.12982
64,0,0.0
64,1,4.397746
64,10,28.080124
64,11,28.754978
64,12,29.217731
64,13,29.524065
64,14,29.719778
64,15,29.84042
64,16,29.912157
64,17,29.953283
64,18,29.976011
64,19,29.988111
64,2,8.648901
64,20,29.99432
64,21,29.997385
64,22,29.99884
64,23,29.999504
64,24,29.999798
64,25,29.999924
64,26,29.999973
64,27,29.99999
64,28,30.0
64,29,30.0
64,3,12.621291
64,4,16.209257
64,5,19.34161
64,6,21.98453
64,7,24.139528
64,8,25.837404
64,9,27.129822
65,0,0.0
65,1,4.397746
65,10,28.080126
65,11,28.754976
65,12,29.217735
65,13,29.524063
65,14,29.719776
65,15,29.840422
65,16,29.912155
65,17,29.953283
65,18,29.97601
65,19,29.988115
65,2,8.648901
65,20,29.99432
65,21,29.997385
65,22,29.99884
65,23,29.999506
65,24,29.999798
65,25,29.999924
65,26,29.999971
65,27,29.999992
65,28,29.999998
65,29,30.0
65,3,12.621291
65,4,16.209257
65,5,19.34161
65,6,21.984531
65,7,24.139526
65,8,25.83741
65,9,27.12982
66,0,0.0
66,1,4.397746
66,10,28.080126
66,11,28.754978
66,12,29.217735
66,13,29.524067
66,14,29.719778
66,15,29.84042
66,16,29.912157
66,17,29.953283
66,18,29.976013
66,19,29.988111
66,2,8.648901
66,20,29.994322
66,21,29.997385
66,22,29.998842
66,23,29.999504
66,24,29.999798
66,25,29.999924
66,26,29.999973
66,27,29.99999
66,28,30.0
66,29,30.0
66,3,12.621291
66,4,16.209257
66,5,19.34161
66,6,21.98453
66,7,24.139528
66,8,25.837404
66,9,27.129822
67,0,0.0
67,1,4.397746
67,10,28.080126
67,11,28.754978
67,12,29.217735
67,13,29.524063
67,14,29.719776
67,15,29.840422
67,16,29.912155
67,17,29.953285
67,18,29.976011
67,19,29.988115
67,2,8.648901
67,20,29.99432
67,21,29.997385
67,22,29.99884
67,23,29.999506
67,24,29.999798
67,25,29.999924
67,26,29.999971
67,27,29.999992
67,28,29.999998
67,29,30.0
67,3,12.621291
67,4,16.209257
67,5,19.34161
67,6,21.984531
67,7,24.139526
67,8,25.83741
67,9,27.129822
68,0,0.0
68,1,4.397746
68,10,28.080126
68,11,28.754978
68,12,29.217735
68,13,29.524067
68,14,29.719778
68,15,29.84042
68,16,29.912157
68,17,29.953285
68,18,29.976013
68,19,29.988115
68,2,8.648901
68,20,29.994322
68,21,29.997385
68,22,29.998842
68,23,29.999506
68,24,29.9998
68,25,29.999924
68,26,29.999973
68,27,29.99999
68,28,30.0
68,29,30.0
68,3,12.621291
68,4,16.209257
68,5,19.34161
68,6,21.98453
68,7,24.139528
68,8,25.837404
68,9,27.12982
69,0,0.0
69,1,4.3977466
69,10,28.080124
69,11,28.754978
69,12,29.217735
69,13,29.524067
69,14,29.719776
69,15,29.840422
69,16,29.912155
69,17,29.953285
69,18,29.976013
69,19,29.988115
69,2,8.648901
69,20,29.99432
69,21,29.997385
69,22,29.998842
69,23,29.999506
69,24,29.9998
69,25,29.999924
69,26,29.999973
69,27,29.999992
69,28,29.999998
69,29,30.0
69,3,12.621292
69,4,16.209259
69,5,19.34161
69,6,21.984531
69,7,24.139528
69,8,25.837408
69,9,27.129822
7,0,0.0
7,1,3.5304642
7,10,22.5794
7,11,23.126846
7,12,23.5028
7,13,23.753695
7,14,23.916145
7,15,24.020626
7,16,24.090124
7,17,24.142815
7,18,24.194262
7,19,24.258207
7,2,6.9432464
7,20,24.350988
7,21,24.489758
7,22,24.698326
7,23,25.00181
7,24,25.43192
7,25,26.016087
7,26,26.777802
7,27,27.718935
7,28,28.814266
7,29,30.0
7,3,10.134298
7,4,13.016541
7,5,15.536039
7,6,17.66187
7,7,19.398623
7,8,20.766998
7,9,21.81136
70,0,0.0
70,1,4.3977466
70,10,28.080126
70,11,28.75498
70,12,29.217735
70,13,29.52407
70,14,29.71978
70,15,29.840425
70,16,29.912159
70,17,29.953285
70,18,29.976017
70,19,29.988117
70,2,8.648903
70,20,29.994324
70,21,29.997387
70,22,29.998842
70,23,29.999508
70,24,29.999802
70,25,29.999924
70,26,29.999973
70,27,29.999992
70,28,29.999998
70,29,30.0
70,3,12.621293
70,4,16.209259
70,5,19.341612
70,6,21.984531
70,7,24.139532
70,8,25.837408
70,9,27.129822
71,0,0.0
71,1,4.397748
71,10,28.080132
71,11,28.754986
71,12,29.217743
71,13,29.524073
71,14,29.719788
71,15,29.840431
71,16,29.912165
71,17,29.953293
71,18,29.97602
71,19,29.988123
71,2,8.648904
71,20,29.99433
71,21,29.997393
71,22,29.998848
71,23,29.999514
71,24,29.999805
71,25,29.999928
71,26,29.999977
71,27,29.999992
71,28,30.0
71,29,30.0
71,3,12.621296
71,4,16.209263
71,5,19.341614
71,6,21.984539
71,7,24.139536
71,8,25.837416
71,9,27.129827
72,0,0.0
72,1,4.397751
72,10,28.080149
72,11,28.755001
72,12,29.217758
72,13,29.524092
72,14,29.719803
72,15,29.840448
72,16,29.912182
72,17,29.95331
72,18,29.97604
72,19,29.98814
72,2,8.64891
72,20,29.994347
72,21,29.997408
72,22,29.998863
72,23,29.999525
72,24,29.999815
72,25,29.999935
72,26,29.99998
72,27,29.999998
72,28,30.0
72,29,30.0
72,3,12.6213045
72,4,16.209272
72,5,19.341627
72,6,21.98455
72,7,24.139551
72,8,25.837427
72,9,27.129845
73,0,0.0
73,1,4.3977585
73,10,28.080193
73,11,28.755047
73,12,29.217804
73,13,29.524136
73,14,29.719849
73,15,29.840492
73,16,29.912226
73,17,29.953354
73,18,29.97608
73,19,29.988186
73,2,8.648925
73,20,29.994387
73,21,29.997452
73,22,29.998901
73,23,29.999563
73,24,29.999847
73,25,29.999962
73,26,30.000004
73,27,30.000011
73,28,30.000008
73,29,30.0
73,3,12.621326
73,4,16.209301
73,5,19.34166
73,6,21.984587
73,7,24.13959
73,8,25.837471
73,9,27.129887
74,0,0.0
74,1,4.3977785
74,10,28.080307
74,11,28.75516
74,12,29.217918
74,13,29.524252
74,14,29.719963
74,15,29.840609
74,16,29.912342
74,17,29.95347
74,18,29.976196
74,19,29.988295
74,2,8.648965
74,20,29.9945
74,21,29.997557
74,22,29.999002
74,23,29.999655
74,24,29.999931
74,25,30.000034
74,26,30.000057
74,27,30.00005
74,28,30.000027
74,29,30.0
74,3,12.621384
74,4,16.209373
74,5,19.341743
74,6,21.984682
74,7,24.13969
74,8,25.837578
74,9,27.129997
75,0,0.0
75,1,4.397828
75,10,28.080582
75,11,28.755444
75,12,29.218204
75,13,29.524538
75,14,29.72025
75,15,29.840893
75,16,29.912628
75,17,29.953754
75,18,29.976475
75,19,29.988575
75,2,8.649061
75,20,29.994768
75,21,29.997818
75,22,29.99925
75,23,29.999884
75,24,30.000134
75,25,30.000206
75,26,30.000195
75,27,30.000143
75,28,30.000076
75,29,30.0
75,3,12.621523
75,4,16.209549
75,5,19.341951
75,6,21.984911
75,7,24.139942
75,8,25.837841
75,9,27.13027
76,0,0.0
76,1,4.3979445
76,10,28.081242
76,11,28.756113
76,12,29.218876
76,13,29.525215
76,14,29.720928
76,15,29.841576
76,16,29.913305
76,17,29.954426
76,18,29.977146
76,19,29.98923
76,2,8.649289
76,20,29.99541
76,21,29.998436
76,22,29.999836
76,23,30.000423
76,24,30.000618
76,25,30.000614
76,26,30.000519
76,27,30.00037
76,28,30.00019
76,29,30.0
76,3,12.621852
76,4,16.209967
76,5,19.342442
76,6,21.985462
76,7,24.140532
76,8,25.838467
76,9,27.130913
77,0,0.0
77,1,4.39821
77,10,28.082745
77,11,28.757633
77,12,29.220413
77,13,29.526754
77,14,29.722473
77,15,29.843115
77,16,29.914845
77,17,29.95596
77,18,29.978662
77,19,29.990726
77,2,8.649806
77,20,29.99687
77,21,29.999844
77,22,30.001167
77,23,30.001654
77,24,30.001713
77,25,30.001547
77,26,30.001251
77,27,30.000875
77,28,30.00045
77,29,30.0
77,3,12.622601
77,4,16.210915
77,5,19.343557
77,6,21.986706
77,7,24.14188
77,8,25.839882
77,9,27.132385
78,0,0.0
78,1,4.3987894
78,10,28.086033
78,11,28.760967
78,12,29.223774
78,13,29.530132
78,14,29.725851
78,15,29.846497
78,16,29.918215
78,17,29.959312
78,18,29.981985
78,19,29.993998
78,2,8.650941
78,20,30.000065
78,21,30.002922
78,22,30.004082
78,23,30.004345
78,24,30.004112
78,25,30.003586
78,26,30.002851
78,27,30.001982
78,28,30.001015
78,29,30.0
78,3,12.624238
78,4,16.212994
78,5,19.345997
78,6,21.98944
78,7,24.144827
78,8,25.84299
78,9,27.1356
79,0,0.0
79,1,4.400015
79,10,28.092955
79,11,28.767986
79,12,29.230848
79,13,29.537235
79,14,29.732971
79,15,29.853607
79,16,29.925316
79,17,29.96637
79,18,29.98898
79,19,30.000881
79,2,8.653332
79,20,30.006786
79,21,30.009396
79,22,30.010216
79,23,30.009998
79,24,30.009163
79,25,30.007862
79,26,30.006224
79,27,30.004307
79,28,30.002207
79,29,30.0
79,3,12.627694
79,4,16.21737
79,5,19.351145
79,6,21.995186
79,7,24.151041
79,8,25.849531
79,9,27.142372
8,0,0.0
8,1,3.780039
8,10,24.170855
8,11,24.755152
8,12,25.157423
8,13,25.424631
8,14,25.597616
8,15,25.707558
8,16,25.77895
8,17,25.830397
8,18,25.876377
8,19,25.930372
8,2,7.4350553
8,20,26.004488
8,21,26.11398
8,22,26.273956
8,23,26.504368
8,24,26.822908
8,25,27.248486
8,26,27.789932
8,27,28.446388
8,28,29.196222
8,29,30.0
8,3,10.850399
8,4,13.937706
8,5,16.632977
8,6,18.910164
8,7,20.766956
8,8,22.232656
8,9,23.348385
80,0,0.0
80,1,4.4025
80,10,28.106985
80,11,28.782204
80,12,29.24518
80,13,29.551628
80,14,29.747385
80,15,29.868023
80,16,29.939682
80,17,29.98067
80,18,30.00314
80,19,30.014833
80,2,8.658194
80,20,30.02039
80,21,30.022518
80,22,30.022615
80,23,30.021475
80,24,30.019371
80,25,30.016548
80,26,30.013046
80,27,30.009035
80,28,30.004616
80,29,30.0
80,3,12.6347065
80,4,16.226263
80,5,19.361578
80,6,22.006859
80,7,24.163628
80,8,25.862797
80,9,27.156094
81,0,0.0
81,1,4.407379
81,10,28.134354
81,11,28.809944
81,12,29.273132
81,13,29.579699
81,14,29.7755
81,15,29.896118
81,16,29.967716
81,17,30.008541
81,18,30.030762
81,19,30.042017
81,2,8.667708
81,20,30.046947
81,21,30.04808
81,22,30.046852
81,23,30.043814
81,24,30.039345
81,25,30.033464
81,26,30.026403
81,27,30.01824
81,28,30.009336
81,29,30.0
81,3,12.6484585
81,4,16.243652
81,5,19.382011
81,6,22.029654
81,7,24.188242
81,8,25.888683
81,9,27.182884
82,0,0.0
82,1,4.416595
82,10,28.185814
82,11,28.862064
82,12,29.325653
82,13,29.632423
82,14,29.828302
82,15,29.948896
82,16,30.020344
82,17,30.060907
82,18,30.082619
82,19,30.093117
82,2,8.685726
82,20,30.096788
82,21,30.096182
82,22,30.092344
82,23,30.085915
82,24,30.07685
82,25,30.065395
82,26,30.051498
82,27,30.035639
82,28,30.018211
82,29,30.0
82,3,12.67441
82,4,16.276524
82,5,19.420513
82,6,22.072657
82,7,24.23455
82,8,25.93743
82,9,27.23325
83,0,0.0
83,1,4.433462
83,10,28.27902
83,11,28.956472
83,12,29.420727
83,13,29.727863
83,14,29.923868
83,15,30.0444
83,16,30.115616
83,17,30.155643
83,18,30.176527
83,19,30.185564
83,2,8.718589
83,20,30.187138
83,21,30.18323
83,22,30.174934
83,23,30.162159
83,24,30.145073
83,25,30.12328
83,26,30.097233
83,27,30.067211
83,28,30.0344
83,29,30.0
83,3,12.721828
83,4,16.336369
83,5,19.490683
83,6,22.150774
83,7,24.318727
83,8,26.025818
83,9,27.3246
84,0,0.0
84,1,4.463225
84,10,28.441921
84,11,29.121277
84,12,29.586693
84,13,29.894382
84,14,30.090593
84,15,30.211027
84,16,30.28178
84,17,30.320992
84,18,30.340322
84,19,30.347046
84,2,8.776685
84,20,30.344788
84,21,30.33551
84,22,30.319183
84,23,30.295835
84,24,30.264416
84,25,30.225029
84,26,30.177383
84,27,30.12283
84,28,30.062813
84,29,30.0
84,3,12.805348
84,4,16.441868
84,5,19.613916
84,6,22.28801
84,7,24.466148
84,8,26.180628
84,9,27.484253
85,0,0.0
85,1,4.5141854
85,10,28.716377
85,11,29.398897
85,12,29.866009
85,13,30.174612
85,14,30.371094
85,15,30.49131
85,16,30.561382
85,17,30.599113
85,18,30.616117
85,19,30.618774
85,2,8.875822
85,20,30.610607
85,21,30.592033
85,22,30.562977
85,23,30.521456
85,24,30.46674
85,25,30.397196
85,26,30.313683
85,27,30.21715
85,28,30.111221
85,29,30.0
85,3,12.947968
85,4,16.621292
85,5,19.823473
85,6,22.520485
85,7,24.715776
85,8,26.442005
85,9,27.75373
86,0,0.0
86,1,4.598549
86,10,29.16291
86,11,29.849907
86,12,30.319662
86,13,30.629469
86,14,30.826323
86,15,30.946196
86,16,31.015064
86,17,31.050692
86,18,31.063763
86,19,31.060493
86,2,9.040061
86,20,31.042511
86,21,31.00998
86,22,30.959934
86,23,30.890326
86,24,30.797234
86,25,30.679838
86,26,30.537113
86,27,30.372551
86,28,30.19077
86,29,30.0
86,3,13.183282
86,4,16.917149
86,5,20.16748
86,6,22.901705
86,7,25.123573
86,8,26.868605
86,9,28.192394
87,0,0.0
87,1,4.7343583
87,10,29.86382
87,11,30.557415
87,12,31.030533
87,13,31.342024
87,14,31.53924
87,15,31.65845
87,16,31.725662
87,17,31.757856
87,18,31.765541
87,19,31.75285
87,2,9.30349
87,20,31.72099
87,21,31.666456
87,22,31.585724
87,23,31.47183
87,24,31.320827
87,25,31.127539
87,26,30.89296
87,27,30.619764
87,28,30.31791
87,29,30.0
87,3,13.560358
87,4,17.388885
87,5,20.714935
87,6,23.505466
87,7,25.768242
87,8,27.540548
87,9,28.882502
88,0,0.0
88,1,4.9465632
88,10,30.926872
88,11,31.62854
88,12,32.10612
88,13,32.419373
88,14,32.616856
88,15,32.73506
88,16,32.79963
88,17,32.827393
88,18,32.826878
88,19,32.801727
88,2,9.714764
88,20,32.74903
88,21,32.6643
88,22,32.53749
88,23,32.360474
88,24,32.121742
88,25,31.816416
88,26,31.440836
88,27,31.002548
88,28,30.514568
88,29,30.0
88,3,14.146002
88,4,18.119467
88,5,21.557756
88,6,24.43211
88,7,26.752762
88,8,28.564379
88,9,29.930523
89,0,0.0
89,1,5.2702556
89,10,32.483547
89,11,33.195187
89,12,33.677185
89,13,33.992237
89,14,34.189526
89,15,34.305977
89,16,34.36721
89,17,34.388504
89,18,34.37791
89,19,34.335014
89,2,10.339124
89,20,34.25573
89,21,34.128086
89,22,33.939857
89,23,33.672203
89,24,33.311325
89,25,32.841972
89,26,32.262108
89,27,31.577126
89,28,30.811317
89,29,30.0
89,3,15.031904
89,4,19.2168
89,5,22.817719
89,6,25.808125
89,7,28.209053
89,8,30.071493
89,9,31.469545
9,0,0.0
9,1,3.9708905
9,10,25.382256
9,11,25.995798
9,12,26.416866
9,13,26.696985
9,14,26.877316
9,15,26.991236
9,16,27.063576
9,17,27.112951
9,18,27.153826
9,19,27.197374
9,2,7.809418
9,20,27.254887
9,21,27.336323
9,22,27.454422
9,23,27.62036
9,24,27.84769
9,25,28.14495
9,26,28.518326
9,27,28.963003
9,28,29.46551
9,29,30.0
9,3,11.397785
9,4,14.638894
9,5,17.470871
9,6,19.86036
9,7,21.811234
9,8,23.348305
9,9,24.520367
90,0,0.0
90,1,5.752515
90,10,34.68709
90,11,35.407867
90,12,35.893974
90,13,36.209618
90,14,36.40585
90,15,36.519775
90,16,36.576202
90,17,36.590057
90,18,36.565895
90,19,36.502213
90,2,11.266038
90,20,36.387463
90,21,36.207043
90,22,35.936047
90,23,35.550934
90,24,35.021423
90,25,34.32819
90,26,33.45715
90,27,32.41962
90,28,31.247135
90,29,30.0
90,3,16.336609
90,4,20.822132
90,5,24.644606
90,6,27.790932
90,7,30.292866
90,8,32.219025
90,9,33.652946
91,0,0.0
91,1,6.4592857
91,10,37.70038
91,11,38.428127
91,12,38.914963
91,13,39.229298
91,14,39.42273
91,15,39.53266
91,16,39.583622
91,17,39.587936
91,18,39.549355
91,19,39.459896
91,2,12.613728
91,20,39.3057
91,21,39.05947
91,22,38.690586
91,23,38.154984
91,24,37.41259
91,25,36.419964
91,26,35.156723
91,27,33.62506
91,28,31.87547
91,29,30.0
91,3,18.217194
91,4,23.109188
91,5,27.222658
91,6,30.56078
91,7,33.183586
91,8,35.17815
91,9,36.64959
92,0,0.0
92,1,7.4828987
92,10,41.68473
92,11,42.410725
92,12,42.89316
92,13,43.20172
92,14,43.38975
92,15,43.494236
92,16,43.53815
92,17,43.533188
92,18,43.478138
92,19,43.363544
92,2,14.5467615
92,20,43.16478
92,21,42.84974
92,22,42.36725
92,23,41.66102
92,24,40.65828
92,25,39.295563
92,26,37.518375
92,27,35.322453
92,28,32.7667
92,29,30.0
92,3,20.874874
92,4,26.296013
92,5,30.7624
92,6,34.32108
92,7,37.067543
92,8,39.126976
92,9,40.62515
93,0,0.0
93,1,8.964647
93,10,46.775772
93,11,47.48691
93,12,47.95432
93,13,48.25111
93,14,48.429714
93,15,48.526413
93,16,48.56318
93,17,48.548286
93,18,48.479767
93,19,48.34037
93,2,17.29714
93,20,48.102886
93,21,47.718624
93,22,47.126534
93,23,46.2376
93,24,44.952885
93,25,43.155045
93,26,40.748592
93,27,37.68298
93,28,34.025665
93,29,30.0
93,3,24.580574
93,4,30.644321
93,5,35.505272
93,6,39.27884
93,7,42.12968
93,8,44.225502
93,9,45.728203
94,0,0.0
94,1,11.136852
94,10,53.065403
94,11,53.73836
94,12,54.177086
94,13,54.452614
94,14,54.616714
94,15,54.70342
94,16,54.73211
94,17,54.710217
94,18,54.63081
94,19,54.47624
94,2,21.221287
94,20,54.208607
94,21,53.774925
94,22,53.0899
94,23,52.044434
94,24,50.485687
94,25,48.238663
94,26,45.110004
94,27,40.963696
94,28,35.81722
94,29,30.0
94,3,29.699951
94,4,36.477577
94,5,41.706184
94,6,45.63633
94,7,48.522804
94,8,50.599865
94,9,52.0605
95,0,0.0
95,1,14.434547
95,10,60.573338
95,11,61.17926
95,12,61.56959
95,13,61.812992
95,14,61.9562
95,15,62.029984
95,16,62.05151
95,17,62.024796
95,18,61.94338
95,19,61.78423
95,2,26.897955
95,20,61.510517
95,21,61.056915
95,22,60.331676
95,23,59.19151
95,24,57.442543
95,25,54.811893
95,26,50.96918
95,27,45.568295
95,28,38.446808
95,29,30.0
95,3,36.753223
95,4,44.17825
95,5,49.62607
95,6,53.553898
95,7,56.34853
95,8,58.307037
95,9,59.65895
96,0,0.0
96,1,19.778507
96,10,69.23361
96,11,69.73546
96,12,70.05639
96,13,70.2545
96,14,70.37012
96,15,70.428535
96,16,70.443016
96,17,70.41701
96,18,70.34164
96,19,70.19749
96,2,35.33851
96,20,69.94497
96,21,69.52426
96,22,68.8343
96,23,67.725174
96,24,65.95674
96,25,63.17057
96,26,58.826214
96,27,52.19938
96,28,42.554665
96,29,30.0
96,3,46.472126
96,4,54.183815
96,5,59.481106
96,6,63.118866
96,7,65.61267
96,8,67.31546
96,9,68.466
97,0,0.0
97,1,29.410631
97,10,78.878876
97,11,79.240555
97,12,79.46964
97,13,79.61041
97,14,79.69185
97,15,79.73228
97,16,79.74127
97,17,79.71997
97,18,79.66241
97,19,79.5509
97,2,48.344055
97,20,79.35628
97,21,79.025505
97,22,78.476204
97,23,77.5668
97,24,76.06557
97,25,73.56412
97,26,69.34204
97,27,62.102085
97,28,49.70357
97,29,30.0
97,3,59.828033
97,4,66.89201
97,5,71.366905
97,6,74.274254
97,7,76.19553
97,8,77.472755
97,9,78.321144
98,0,0.0
98,1,49.571976
98,10,89.2478
98,11,89.43748
98,12,89.557236
98,13,89.63038
98,14,89.67254
98,15,89.69328
98,16,89.69739
98,17,89.685684
98,18,89.654
98,19,89.59354
98,2,68.90581
98,20,89.48637
98,21,89.30394
98,22,88.99533
98,23,88.47562
98,24,87.587494
98,25,86.028595
98,26,83.14436
98,27,77.35019
98,28,64.25095
98,29,30.0
98,3,77.7638
98,4,82.40855
98,5,85.09443
98,6,86.75042
98,7,87.80979
98,8,88.5006
98,9,88.95283
99,0,0.0
99,1,100.0
99,10,100.0
99,11,100.0
99,12,100.0
99,13,100.0
99,14,100.0
99,15,100.0
99,16,100.0
99,17,100.0
99,18,100.0
99,19,100.0
99,2,100.0
99,20,100.0
99,21,100.0
99,22,100.0
99,23,100.0
99,24,100.0
99,25,100.0
99,26,100.0
99,27,100.0
99,28,100.0
99,29,30.0
99,3,100.0
99,4,100.0
99,5,100.0
99,6,100.0
99,7,100.0
99,8,100.0
99,9,100.0
