0,0,0.0
0,1,0.0
0,10,0.0
0,11,0.0
0,12,0.0
0,13,0.0
0,14,0.0
0,15,30.0
0,2,0.0
0,3,0.0
0,4,0.0
0,5,0.0
0,6,0.0
0,7,0.0
0,8,0.0
0,9,0.0
1,0,0.0
1,1,0.63562727
1,10,5.1762986
1,11,5.945385
1,12,7.2356563
1,13,9.736448
1,14,15.34223
1,15,30.0
1,2,1.2554795
1,3,1.8456619
1,4,2.3958611
1,5,2.9008245
1,6,3.3617826
1,7,3.7883062
1,8,4.201502
1,9,4.640459
10,0,0.0
10,1,11.1197195
10,10,49.447754
10,11,47.82328
10,12,45.02992
10,13,41.01483
10,14,35.8737
10,15,30.0
10,2,21.193933
10,3,29.670755
10,4,36.440147
10,5,41.625175
10,6,45.4206
10,7,48.005997
10,8,49.508396
10,9,49.989975
11,0,0.0
11,1,14.543524
11,10,57.062744
11,11,54.923775
11,12,51.28402
11,13,45.885536
11,14,38.63641
11,15,30.0
11,2,27.115864
11,3,37.07234
11,4,44.573948
11,5,50.036022
11,6,53.860905
11,7,56.349182
11,8,57.683884
11,9,57.93471
12,0,0.0
12,1,19.938534
12,10,65.94481
12,11,63.525146
12,12,59.296894
12,13,52.60692
12,14,42.786423
12,15,30.0
12,2,35.653694
12,3,46.928852
12,4,54.747356
12,5,60.08414
12,6,63.637917
12,7,65.84604
12,8,66.94333
12,9,67.002365
13,0,0.0
13,1,29.55693
13,10,76.18904
13,11,73.935165
13,12,69.771545
13,13,62.458847
13,14,49.902374
13,15,30.0
13,2,48.631573
13,3,60.24205
13,4,67.40255
13,5,71.91534
13,6,74.76064
13,7,76.45381
13,8,77.24112
13,9,77.186676
14,0,0.0
14,1,49.657635
14,10,87.68956
14,11,86.255005
14,12,83.39528
14,13,77.554596
14,14,64.36424
14,15,30.0
14,2,69.07362
14,3,78.00529
14,4,82.705475
14,5,85.41409
14,6,87.03555
14,7,87.967514
14,8,88.38071
14,9,88.314224
15,0,0.0
15,1,100.0
15,10,100.0
15,11,100.0
15,12,100.0
15,13,100.0
15,14,100.0
15,15,30.0
15,2,100.0
15,3,100.0
15,4,100.0
15,5,100.0
15,6,100.0
15,7,100.0
15,8,100.0
15,9,100.0
2,0,0.0
2,1,1.2870356
2,10,10.119377
2,11,11.369604
2,12,13.260808
2,13,16.36792
2,14,21.632477
2,15,30.0
2,2,2.5406404
2,3,3.7313225
2,4,4.8369813
2,5,5.845677
2,6,6.758028
2,7,7.589967
2,8,8.377273
2,9,9.184059
3,0,0.0
3,1,1.9718862
3,10,14.74759
3,11,16.152893
3,12,18.070084
3,13,20.841965
3,14,24.819773
3,15,30.0
3,2,3.8887458
3,3,5.7020407
3,4,7.3751006
3,5,8.886926
3,6,10.234735
3,7,11.43632
3,8,12.53361
3,9,13.599186
4,0,0.0
4,1,2.7117796
4,10,19.118977
4,11,20.424347
4,12,22.024715
4,13,24.110117
4,14,26.80466
4,15,30.0
4,2,5.340449
4,3,7.8130374
4,4,10.074518
4,5,12.092257
4,6,13.857741
4,7,15.387045
4,8,16.721748
4,9,17.931553
5,0,0.0
5,1,3.5348048
5,10,23.372505
5,11,24.400875
5,12,25.494371
5,13,26.769169
5,14,28.288782
5,15,30.0
5,2,6.948271
5,3,10.135204
5,4,13.017748
5,5,15.549931
5,6,17.717024
5,7,19.532475
5,8,21.034878
5,9,22.2864
6,0,0.0
6,1,4.479192
6,10,27.683867
6,11,28.312378
6,12,28.782784
6,13,29.18346
6,14,29.581322
6,15,30.0
6,2,8.782675
6,3,12.761831
6,4,16.311428
6,5,19.372795
6,6,21.928062
6,7,23.991062
6,8,25.599007
6,9,26.806772
7,0,0.0
7,1,5.5993137
7,10,32.243927
7,11,32.382072
7,12,32.141014
7,13,31.60061
7,14,30.853073
7,15,30.0
7,2,10.941458
7,3,15.818092
7,4,20.093431
7,5,23.70187
7,6,26.631485
7,7,28.90484
7,8,30.563438
7,9,31.65794
8,0,0.0
8,1,6.9766335
8,10,37.251938
8,11,36.831078
8,12,35.798645
8,13,34.22496
8,14,32.230392
8,15,30.0
8,2,13.565804
8,3,19.47573
8,4,24.542435
8,5,28.709883
8,6,31.991295
8,7,34.433506
8,8,36.092106
8,9,37.017754
9,0,0.0
9,1,8.741444
9,10,42.91512
9,11,41.89175
9,12,39.99762
9,13,37.270233
9,14,33.843575
9,15,30.0
9,2,16.86945
9,3,23.976662
9,4,29.8908
9,5,34.604046
9,6,38.190434
9,7,40.74592
9,8,42.35386
9,9,43.069145
