0,0,0.0
0,1,0.0
0,10,0.0
0,11,0.0
0,12,0.0
0,13,0.0
0,14,0.0
0,15,30.0
0,2,0.0
0,3,0.0
0,4,0.0
0,5,0.0
0,6,0.0
0,7,0.0
0,8,0.0
0,9,0.0
1,0,0.0
1,1,0.6356195
1,10,5.1762667
1,11,5.945357
1,12,7.2356343
1,13,9.736433
1,14,15.342222
1,15,30.0
1,2,1.2554643
1,3,1.8456397
1,4,2.3958335
1,5,2.900792
1,6,3.3617473
1,7,3.7882688
1,8,4.2014647
1,9,4.640423
10,0,0.0
10,1,11.119688
10,10,49.44762
10,11,47.823162
10,12,45.029827
10,13,41.01477
10,14,35.873665
10,15,30.0
10,2,21.193872
10,3,29.670664
10,4,36.440033
10,5,41.625046
10,6,45.420456
10,7,48.00584
10,8,49.508244
10,9,49.98983
11,0,0.0
11,1,14.543497
11,10,57.06263
11,11,54.923683
11,12,51.28394
11,13,45.885483
11,14,38.63638
11,15,30.0
11,2,27.11581
11,3,37.072258
11,4,44.573845
11,5,50.035904
11,6,53.860775
11,7,56.34905
11,8,57.68375
11,9,57.93459
12,0,0.0
12,1,19.938513
12,10,65.94472
12,11,63.52507
12,12,59.296833
12,13,52.606876
12,14,42.7864
12,15,30.0
12,2,35.653652
12,3,46.928787
12,4,54.74728
12,5,60.084053
12,6,63.637814
12,7,65.84593
12,8,66.94322
12,9,67.00226
13,0,0.0
13,1,29.556915
13,10,76.18898
13,11,73.93512
13,12,69.7715
13,13,62.458824
13,14,49.90236
13,15,30.0
13,2,48.63154
13,3,60.24201
13,4,67.4025
13,5,71.91528
13,6,74.760574
13,7,76.45374
13,8,77.24104
13,9,77.1866
14,0,0.0
14,1,49.65763
14,10,87.68953
14,11,86.254974
14,12,83.395256
14,13,77.55457
14,14,64.36423
14,15,30.0
14,2,69.0736
14,3,78.00526
14,4,82.705444
14,5,85.41405
14,6,87.035515
14,7,87.96747
14,8,88.38067
14,9,88.31419
15,0,0.0
15,1,100.0
15,10,100.0
15,11,100.0
15,12,100.0
15,13,100.0
15,14,100.0
15,15,30.0
15,2,100.0
15,3,100.0
15,4,100.0
15,5,100.0
15,6,100.0
15,7,100.0
15,8,100.0
15,9,100.0
2,0,0.0
2,1,1.2870204
2,10,10.119313
2,11,11.369551
2,12,13.260765
2,13,16.36789
2,14,21.632462
2,15,30.0
2,2,2.5406103
2,3,3.7312799
2,4,4.836926
2,5,5.845614
2,6,6.7579575
2,7,7.5898943
2,8,8.377198
2,9,9.1839905
3,0,0.0
3,1,1.971864
3,10,14.7474985
3,11,16.152813
3,12,18.07002
3,13,20.84192
3,14,24.819748
3,15,30.0
3,2,3.8887029
3,3,5.7019777
3,4,7.375023
3,5,8.886834
3,6,10.234634
3,7,11.436214
3,8,12.533505
3,9,13.599083
4,0,0.0
4,1,2.711752
4,10,19.11886
4,11,20.424248
4,12,22.024635
4,13,24.110062
4,14,26.804634
4,15,30.0
4,2,5.3403935
4,3,7.8129597
4,4,10.074417
4,5,12.092142
4,6,13.857614
4,7,15.386912
4,8,16.721613
4,9,17.931425
5,0,0.0
5,1,3.5347717
5,10,23.372368
5,11,24.40076
5,12,25.494278
5,13,26.769106
5,14,28.28875
5,15,30.0
5,2,6.948208
5,3,10.135112
5,4,13.0176325
5,5,15.549795
5,6,17.716875
5,7,19.532316
5,8,21.034721
5,9,22.286251
6,0,0.0
6,1,4.4791565
6,10,27.68372
6,11,28.312248
6,12,28.782684
6,13,29.18339
6,14,29.581285
6,15,30.0
6,2,8.782604
6,3,12.761731
6,4,16.311298
6,5,19.372646
6,6,21.927896
6,7,23.990894
6,8,25.598837
6,9,26.80661
7,0,0.0
7,1,5.5992765
7,10,32.24377
7,11,32.38194
7,12,32.140907
7,13,31.600536
7,14,30.853037
7,15,30.0
7,2,10.941385
7,3,15.817987
7,4,20.093298
7,5,23.701714
7,6,26.631315
7,7,28.904661
7,8,30.563263
7,9,31.65777
8,0,0.0
8,1,6.976596
8,10,37.251785
8,11,36.83094
8,12,35.798542
8,13,34.224884
8,14,32.230354
8,15,30.0
8,2,13.565731
8,3,19.475624
8,4,24.542303
8,5,28.709728
8,6,31.991125
8,7,34.433327
8,8,36.091927
8,9,37.01758
9,0,0.0
9,1,8.741408
9,10,42.91497
9,11,41.891624
9,12,39.997517
9,13,37.270164
9,14,33.843536
9,15,30.0
9,2,16.869379
9,3,23.976566
9,4,29.89067
9,5,34.603897
9,6,38.190273
9,7,40.745747
9,8,42.35369
9,9,43.068985
