0,0,0.0
0,1,0.0
0,10,0.0
0,11,0.0
0,12,0.0
0,13,0.0
0,14,0.0
0,15,30.0
0,2,0.0
0,3,0.0
0,4,0.0
0,5,0.0
0,6,0.0
0,7,0.0
0,8,0.0
0,9,0.0
1,0,0.0
1,1,0.63567424
1,10,5.176494
1,11,5.9455523
1,12,7.2357883
1,13,9.73654
1,14,15.342277
1,15,30.0
1,2,1.2555714
1,3,1.8457944
1,4,2.3960295
1,5,2.90102
1,6,3.3619974
1,7,3.7885308
1,8,4.201726
1,9,4.640673
10,0,0.0
10,1,11.119915
10,10,49.44857
10,11,47.823975
10,12,45.03047
10,13,41.01522
10,14,35.873894
10,15,30.0
10,2,21.194317
10,3,29.671307
10,4,36.44085
10,5,41.62599
10,6,45.421494
10,7,48.006927
10,8,49.509335
10,9,49.99087
11,0,0.0
11,1,14.543692
11,10,57.06344
11,11,54.924377
11,12,51.284492
11,13,45.885857
11,14,38.636574
11,15,30.0
11,2,27.11619
11,3,37.072815
11,4,44.574547
11,5,50.036728
11,6,53.861675
11,7,56.349983
11,8,57.68468
11,9,57.935482
12,0,0.0
12,1,19.938667
12,10,65.94536
12,11,63.52562
12,12,59.297264
12,13,52.60717
12,14,42.786552
12,15,30.0
12,2,35.653954
12,3,46.929222
12,4,54.747833
12,5,60.084694
12,6,63.63852
12,7,65.84668
12,8,66.94396
12,9,67.00296
13,0,0.0
13,1,29.557022
13,10,76.18942
13,11,73.9355
13,12,69.7718
13,13,62.459023
13,14,49.902466
13,15,30.0
13,2,48.63175
13,3,60.24231
13,4,67.40287
13,5,71.915726
13,6,74.76106
13,7,76.454254
13,8,77.241554
13,9,77.18709
14,0,0.0
14,1,49.65768
14,10,87.68975
14,11,86.25516
14,12,83.39541
14,13,77.55467
14,14,64.36428
14,15,30.0
14,2,69.07371
14,3,78.00541
14,4,82.705635
14,5,85.414276
14,6,87.03577
14,7,87.967735
14,8,88.38093
14,9,88.31444
15,0,0.0
15,1,100.0
15,10,100.0
15,11,100.0
15,12,100.0
15,13,100.0
15,14,100.0
15,15,30.0
15,2,100.0
15,3,100.0
15,4,100.0
15,5,100.0
15,6,100.0
15,7,100.0
15,8,100.0
15,9,100.0
2,0,0.0
2,1,1.2871274
2,10,10.119758
2,11,11.369932
2,12,13.261066
2,13,16.3681
2,14,21.632568
2,15,30.0
2,2,2.54082
2,3,3.7315822
2,4,4.837309
2,5,5.84606
2,6,6.7584476
2,7,7.5904064
2,8,8.37771
2,9,9.184479
3,0,0.0
3,1,1.9720188
3,10,14.748142
3,11,16.153364
3,12,18.070457
3,13,20.842222
3,14,24.819904
3,15,30.0
3,2,3.8890052
3,3,5.702416
3,4,7.3755755
3,5,8.887479
3,6,10.235341
3,7,11.4369545
3,8,12.534245
3,9,13.599791
4,0,0.0
4,1,2.7119474
4,10,19.119675
4,11,20.424946
4,12,22.025187
4,13,24.110445
4,14,26.804829
4,15,30.0
4,2,5.3407774
4,3,7.8135123
4,4,10.075119
4,5,12.092956
4,6,13.85851
4,7,15.387848
4,8,16.72255
4,9,17.93232
5,0,0.0
5,1,3.5350003
5,10,23.373318
5,11,24.401577
5,12,25.49492
5,13,26.769552
5,14,28.288977
5,15,30.0
5,2,6.948654
5,3,10.135758
5,4,13.018447
5,5,15.550746
5,6,17.717918
5,7,19.53341
5,8,21.035812
5,9,22.287292
6,0,0.0
6,1,4.4794064
6,10,27.684761
6,11,28.313145
6,12,28.78339
6,13,29.18388
6,14,29.581537
6,15,30.0
6,2,8.783094
6,3,12.762438
6,4,16.312195
6,5,19.37369
6,6,21.929043
6,7,23.992092
6,8,25.600035
6,9,26.807755
7,0,0.0
7,1,5.599538
7,10,32.24486
7,11,32.382874
7,12,32.141644
7,13,31.601051
7,14,30.853298
7,15,30.0
7,2,10.941896
7,3,15.8187275
7,4,20.094234
7,5,23.702805
7,6,26.632511
7,7,28.905914
7,8,30.564514
7,9,31.658968
8,0,0.0
8,1,6.9768577
8,10,37.252876
8,11,36.83188
8,12,35.799282
8,13,34.2254
8,14,32.230618
8,15,30.0
8,2,13.566244
8,3,19.476364
8,4,24.543242
8,5,28.71082
8,6,31.992323
8,7,34.434578
8,8,36.093178
8,9,37.01878
9,0,0.0
9,1,8.741658
9,10,42.916016
9,11,41.892517
9,12,39.99823
9,13,37.270653
9,14,33.84379
9,15,30.0
9,2,16.86987
9,3,23.977272
9,4,29.891567
9,5,34.604942
9,6,38.191414
9,7,40.746944
9,8,42.35489
9,9,43.07013
