0,0,0.0
0,1,0.0
0,10,0.0
0,11,0.0
0,12,0.0
0,13,0.0
0,14,0.0
0,15,30.0
0,2,0.0
0,3,0.0
0,4,0.0
0,5,0.0
0,6,0.0
0,7,0.0
0,8,0.0
0,9,0.0
1,0,0.0
1,1,0.6353208
1,10,5.1750207
1,11,5.9442883
1,12,7.2347884
1,13,9.735848
1,14,15.341923
1,15,30.0
1,2,1.2548797
1,3,1.844795
1,4,2.3947654
1,5,2.899547
1,6,3.3603802
1,7,3.786839
1,8,4.200035
1,9,4.6390553
10,0,0.0
10,1,11.118439
10,10,49.44242
10,11,47.818695
10,12,45.0263
10,13,41.01233
10,14,35.872414
10,15,30.0
10,2,21.19143
10,3,29.667133
10,4,36.43557
10,5,41.619843
10,6,45.41474
10,7,47.99987
10,8,49.502274
10,9,49.984116
11,0,0.0
11,1,14.542425
11,10,57.05816
11,11,54.91985
11,12,51.280907
11,13,45.883385
11,14,38.635307
11,15,30.0
11,2,27.113712
11,3,37.06923
11,4,44.57002
11,5,50.03144
11,6,53.855873
11,7,56.343925
11,8,57.678623
11,9,57.92969
12,0,0.0
12,1,19.937664
12,10,65.941185
12,11,63.522034
12,12,59.294437
12,13,52.605217
12,14,42.785553
12,15,30.0
12,2,35.651993
12,3,46.92639
12,4,54.744247
12,5,60.080513
12,6,63.633934
12,7,65.84187
12,8,66.93917
12,9,66.99838
13,0,0.0
13,1,29.55633
13,10,76.18654
13,11,73.933014
13,12,69.76984
13,13,62.457672
13,14,49.90177
13,15,30.0
13,2,48.630386
13,3,60.240356
13,4,67.40039
13,5,71.912834
13,6,74.75789
13,7,76.450935
13,8,77.238235
13,9,77.18392
14,0,0.0
14,1,49.657326
14,10,87.68828
14,11,86.2539
14,12,83.39441
14,13,77.553986
14,14,64.36393
14,15,30.0
14,2,69.07302
14,3,78.00441
14,4,82.70438
14,5,85.41281
14,6,87.03414
14,7,87.966034
14,8,88.379234
14,9,88.31282
15,0,0.0
15,1,100.0
15,10,100.0
15,11,100.0
15,12,100.0
15,13,100.0
15,14,100.0
15,15,30.0
15,2,100.0
15,3,100.0
15,4,100.0
15,5,100.0
15,6,100.0
15,7,100.0
15,8,100.0
15,9,100.0
2,0,0.0
2,1,1.2864358
2,10,10.116877
2,11,11.367458
2,12,13.259111
2,13,16.366745
2,14,21.631878
2,15,30.0
2,2,2.5394669
2,3,3.729627
2,4,4.834836
2,5,5.8431787
2,6,6.7552834
2,7,7.587098
2,8,8.374401
2,9,9.181314
3,0,0.0
3,1,1.971019
3,10,14.743977
3,11,16.149792
3,12,18.06763
3,13,20.840267
3,14,24.818905
3,15,30.0
3,2,3.8870502
3,3,5.699589
3,4,7.372002
3,5,8.883314
3,6,10.230768
3,7,11.432172
3,8,12.529463
3,9,13.595217
4,0,0.0
4,1,2.7106833
4,10,19.114408
4,11,20.420425
4,12,22.021612
4,13,24.107971
4,14,26.803564
4,15,30.0
4,2,5.3383036
4,3,7.8099384
4,4,10.070599
4,5,12.087689
4,6,13.852725
4,7,15.3818
4,8,16.7165
4,9,17.926535
5,0,0.0
5,1,3.5335264
5,10,23.367178
5,11,24.396309
5,12,25.490753
5,13,26.76667
5,14,28.287504
5,15,30.0
5,2,6.945771
5,3,10.131592
5,4,13.013179
5,5,15.544606
5,6,17.711176
5,7,19.526358
5,8,21.02876
5,9,22.28055
6,0,0.0
6,1,4.477788
6,10,27.678017
6,11,28.307354
6,12,28.778816
6,13,29.18071
6,14,29.579918
6,15,30.0
6,2,8.779928
6,3,12.757861
6,4,16.30641
6,5,19.366943
6,6,21.921638
6,7,23.984344
6,8,25.592287
6,9,26.800346
7,0,0.0
7,1,5.597845
7,10,32.2378
7,11,32.37682
7,12,32.136852
7,13,31.597736
7,14,30.851604
7,15,30.0
7,2,10.938584
7,3,15.813941
7,4,20.08818
7,5,23.695751
7,6,26.624763
7,7,28.897816
7,8,30.55641
7,9,31.651218
8,0,0.0
8,1,6.975164
8,10,37.24582
8,11,36.82582
8,12,35.794487
8,13,34.22208
8,14,32.228924
8,15,30.0
8,2,13.562929
8,3,19.471575
8,4,24.537186
8,5,28.70376
8,6,31.984575
8,7,34.426476
8,8,36.085075
8,9,37.011024
9,0,0.0
9,1,8.740038
9,10,42.909256
9,11,41.886723
9,12,39.99364
9,13,37.267483
9,14,33.84217
9,15,30.0
9,2,16.866697
9,3,23.97269
9,4,29.885775
9,5,34.59819
9,6,38.184002
9,7,40.739193
9,8,42.347134
9,9,43.062717
