0,0,0.0
0,1,0.0
0,10,0.0
0,11,0.0
0,12,0.0
0,13,0.0
0,14,0.0
0,15,30.0
0,2,0.0
0,3,0.0
0,4,0.0
0,5,0.0
0,6,0.0
0,7,0.0
0,8,0.0
0,9,0.0
1,0,0.0
1,1,0.90450025
1,10,5.768048
1,11,6.412648
1,12,7.580374
1,13,9.962337
1,14,15.45399
1,15,30.0
1,2,1.767975
1,3,2.5570261
1,4,3.245647
1,5,3.8256006
1,6,4.2986546
1,7,4.685597
1,8,5.018793
1,9,5.3518972
10,0,0.0
10,1,10.63023
10,10,45.27217
10,11,44.064163
10,12,41.941875
10,13,38.822395
10,14,34.734436
10,15,30.0
10,2,20.18726
10,3,28.099007
10,4,34.2637
10,5,38.826714
10,6,42.036087
10,7,44.130394
10,8,45.302353
10,9,45.672512
11,0,0.0
11,1,13.9534235
11,10,52.7722
11,11,51.086052
11,12,48.15226
11,13,43.667397
11,14,37.487885
11,15,30.0
11,2,25.917694
11,3,35.243626
11,4,42.097763
11,5,46.92864
11,6,50.18053
11,7,52.212353
11,8,53.263885
11,9,53.45128
12,0,0.0
12,1,19.357847
12,10,62.077057
12,11,60.084824
12,12,56.495888
12,13,50.63014
12,14,41.76291
12,15,30.0
12,2,34.484837
12,3,45.161232
12,4,52.385338
12,5,57.15499
12,6,60.210663
12,7,62.034058
12,8,62.905968
12,9,62.93958
13,0,0.0
13,1,29.095856
13,10,73.26572
13,11,71.33983
13,12,67.66521
13,13,60.972683
13,14,49.13453
13,15,30.0
13,2,47.70584
13,3,58.851547
13,4,65.55534
13,5,69.64195
13,6,72.11785
13,7,73.53234
13,8,74.164185
13,9,74.10257
14,0,0.0
14,1,49.4028
14,10,86.1154
14,11,84.860855
14,12,82.26391
14,13,76.757904
14,14,63.95229
14,15,30.0
14,2,68.56354
14,3,77.24056
14,4,81.693855
14,5,84.17296
14,6,85.598206
14,7,86.38377
14,8,86.71697
14,9,86.65145
15,0,0.0
15,1,100.0
15,10,100.0
15,11,100.0
15,12,100.0
15,13,100.0
15,14,100.0
15,15,30.0
15,2,100.0
15,3,100.0
15,4,100.0
15,5,100.0
15,6,100.0
15,7,100.0
15,8,100.0
15,9,100.0
2,0,0.0
2,1,1.7813175
2,10,11.148605
2,11,12.174171
2,12,13.84753
2,13,16.74987
2,14,21.819988
2,15,30.0
2,2,3.4830275
2,3,5.0338693
2,4,6.3896813
2,5,7.524836
2,6,8.450617
2,7,9.197481
2,8,9.829327
2,9,10.435329
3,0,0.0
3,1,2.6133525
3,10,15.934162
3,11,17.056038
3,12,18.713705
3,13,21.25127
3,14,25.018412
3,15,30.0
3,2,5.105965
3,3,7.379052
3,4,9.356556
3,5,11.012097
3,6,12.347685
3,7,13.413901
3,8,14.28581
3,9,15.076596
4,0,0.0
4,1,3.3967528
4,10,20.10399
4,11,21.125092
4,12,22.487324
4,13,24.385757
4,14,26.931217
4,15,30.0
4,2,6.636059
4,3,9.578688
4,4,12.1368065
4,5,14.260424
4,6,15.964359
4,7,17.295387
4,8,18.346926
4,9,19.235107
5,0,0.0
5,1,4.155404
5,10,23.787323
5,11,24.585613
5,12,25.534988
5,13,26.743168
5,14,28.259613
5,15,30.0
5,2,8.108031
5,3,11.69212
5,4,14.785148
5,5,17.341867
5,6,19.36335
5,7,20.914598
5,8,22.086552
5,9,22.999779
6,0,0.0
6,1,4.93555
6,10,27.21389
6,11,27.722143
6,12,28.196503
6,13,28.719723
6,14,29.325417
6,15,30.0
6,2,9.619549
6,3,13.837606
6,4,17.45729
6,5,20.412071
6,6,22.721838
6,7,24.447535
6,8,25.693975
6,9,26.576752
7,0,0.0
7,1,5.8220005
7,10,30.699715
7,11,30.857105
7,12,30.811443
7,13,30.616714
7,14,30.331455
7,15,30.0
7,2,11.316254
7,3,16.225395
7,4,20.382015
7,5,23.734978
7,6,26.303284
7,7,28.174244
7,8,29.454689
7,9,30.260483
8,0,0.0
8,1,6.9326563
8,10,34.60623
8,11,34.36223
8,12,33.717815
8,13,32.722855
8,14,31.442112
8,15,30.0
8,2,13.422398
8,3,19.131763
8,4,23.887138
8,5,27.641495
8,6,30.458084
8,7,32.442398
8,8,33.722843
8,9,34.41528
9,0,0.0
9,1,8.446356
9,10,39.335323
9,11,38.624638
9,12,37.292866
9,13,35.335434
9,14,32.83622
9,15,30.0
9,2,16.235262
9,3,22.933971
9,4,28.359787
9,5,32.533504
9,6,35.57155
9,7,37.6382
9,8,38.88464
9,9,39.426464
