0,0,0.0
0,1,0.0
0,10,0.0
0,11,0.0
0,12,0.0
0,13,0.0
0,14,0.0
0,15,30.0
0,2,0.0
0,3,0.0
0,4,0.0
0,5,0.0
0,6,0.0
0,7,0.0
0,8,0.0
0,9,0.0
1,0,0.0
1,1,0.63159156
1,10,5.1589966
1,11,5.9304895
1,12,7.223843
1,13,9.728258
1,14,15.338038
1,15,30.0
1,2,1.2475737
1,3,1.8342142
1,4,2.3813472
1,5,2.8838549
1,6,3.3430767
1,7,3.7686677
1,8,4.181783
1,9,4.6215277
10,0,0.0
10,1,11.10127
10,10,49.368862
10,11,47.75538
10,12,44.97608
10,13,40.977516
10,14,35.8546
10,15,30.0
10,2,21.157803
10,3,29.618437
10,4,36.37384
10,5,41.54767
10,6,45.335197
10,7,47.91636
10,8,49.418434
10,9,49.903625
11,0,0.0
11,1,14.527533
11,10,56.99437
11,11,54.864937
11,12,51.23737
11,13,45.853195
11,14,38.619858
11,15,30.0
11,2,27.084541
11,3,37.026993
11,4,44.51647
11,5,49.96884
11,6,53.78688
11,7,56.271496
11,8,57.605907
11,9,57.859886
12,0,0.0
12,1,19.92578
12,10,65.8903
12,11,63.47823
12,12,59.259693
12,13,52.58113
12,14,42.773224
12,15,30.0
12,2,35.628716
12,3,46.892685
12,4,54.70152
12,5,60.030567
12,6,63.57888
12,7,65.78409
12,8,66.881165
12,9,66.94269
13,0,0.0
13,1,29.548054
13,10,76.15109
13,11,73.90251
13,12,69.74565
13,13,62.4409
13,14,49.89319
13,15,30.0
13,2,48.61418
13,3,60.216873
13,4,67.370636
13,5,71.878044
13,6,74.71954
13,7,76.41069
13,8,77.19783
13,9,77.14514
14,0,0.0
14,1,49.65308
14,10,87.67009
14,11,86.23824
14,12,83.38199
14,13,77.54538
14,14,64.35953
14,15,30.0
14,2,69.0647
14,3,77.99236
14,4,82.6891
14,5,85.39495
14,6,87.014465
14,7,87.94538
14,8,88.358505
14,9,88.292915
15,0,0.0
15,1,100.0
15,10,100.0
15,11,100.0
15,12,100.0
15,13,100.0
15,14,100.0
15,15,30.0
15,2,100.0
15,3,100.0
15,4,100.0
15,5,100.0
15,6,100.0
15,7,100.0
15,8,100.0
15,9,100.0
2,0,0.0
2,1,1.2791063
2,10,10.085388
2,11,11.340344
2,12,13.237603
2,13,16.35183
2,14,21.624243
2,15,30.0
2,2,2.5251095
2,3,3.708831
2,4,4.8084683
2,5,5.812339
2,6,6.7212806
2,7,7.551387
2,8,8.338535
2,9,9.14687
3,0,0.0
3,1,1.9603493
3,10,14.698145
3,11,16.110325
3,12,18.036327
3,13,20.818562
3,14,24.807795
3,15,30.0
3,2,3.8661468
3,3,5.6693172
3,4,7.3336134
3,5,8.838422
3,6,10.181268
3,7,11.380192
3,8,12.477255
3,9,13.545082
4,0,0.0
4,1,2.6970596
4,10,19.055908
4,11,20.370056
4,12,21.981659
4,13,24.080267
4,14,26.789385
4,15,30.0
4,2,5.311618
4,3,7.771287
4,4,10.021593
4,5,12.030375
4,6,13.789538
4,7,15.315443
4,8,16.64986
4,9,17.862541
5,0,0.0
5,1,3.5174642
5,10,23.29823
5,11,24.336937
5,12,25.443666
5,13,26.734018
5,14,28.270794
5,15,30.0
5,2,6.9143047
5,3,10.086022
5,4,12.955399
5,5,15.477039
5,6,17.636683
5,7,19.44814
5,8,20.950207
5,9,22.20512
6,0,0.0
6,1,4.459915
6,10,27.60133
6,11,28.241331
6,12,28.726446
6,13,29.144402
6,14,29.561335
6,15,30.0
6,2,8.74492
6,3,12.707161
6,4,16.242126
6,5,19.291775
6,6,21.838772
6,7,23.897333
6,8,25.504911
6,9,26.71645
7,0,0.0
7,1,5.5788965
7,10,32.156532
7,11,32.306847
7,12,32.08136
7,13,31.559258
7,14,30.831911
7,15,30.0
7,2,10.901466
7,3,15.760191
7,4,20.020031
7,5,23.616066
7,6,26.53692
7,7,28.805584
7,8,30.4638
7,9,31.5623
8,0,0.0
8,1,6.9559493
8,10,37.163437
8,11,36.754906
8,12,35.738247
8,13,34.183083
8,14,32.208965
8,15,30.0
8,2,13.525294
8,3,19.417072
8,4,24.468088
8,5,28.622967
8,6,31.895515
8,7,34.332973
8,8,35.991196
8,9,36.920895
9,0,0.0
9,1,8.721416
9,10,42.82945
9,11,41.818016
9,12,39.939156
9,13,37.229702
9,14,33.822834
9,15,30.0
9,2,16.83022
9,3,23.91987
9,4,29.818808
9,5,34.519897
9,6,38.097702
9,7,40.64859
9,8,42.25617
9,9,42.975384
