0,0,0.0
0,1,0.0
0,10,0.0
0,11,0.0
0,12,0.0
0,13,0.0
0,14,0.0
0,15,30.0
0,2,0.0
0,3,0.0
0,4,0.0
0,5,0.0
0,6,0.0
0,7,0.0
0,8,0.0
0,9,0.0
1,0,0.0
1,1,0.6354692
1,10,5.17564
1,11,5.9448195
1,12,7.235209
1,13,9.736139
1,14,15.3420725
1,15,30.0
1,2,1.2551705
1,3,1.8452148
1,4,2.3952966
1,5,2.900166
1,6,3.3610597
1,7,3.78755
1,8,4.2007456
1,9,4.6397347
10,0,0.0
10,1,11.1190605
10,10,49.445004
10,11,47.82092
10,12,45.028057
10,13,41.013542
10,14,35.87304
10,15,30.0
10,2,21.192644
10,3,29.668892
10,4,36.43779
10,5,41.622433
10,6,45.41758
10,7,48.00284
10,8,49.50524
10,9,49.98696
11,0,0.0
11,1,14.542957
11,10,57.060387
11,11,54.921753
11,12,51.282417
11,13,45.88443
11,14,38.63584
11,15,30.0
11,2,27.114756
11,3,37.070736
11,4,44.571922
11,5,50.03366
11,6,53.858315
11,7,56.346474
11,8,57.68117
11,9,57.932125
12,0,0.0
12,1,19.938086
12,10,65.94294
12,11,63.523544
12,12,59.29563
12,13,52.60604
12,14,42.785973
12,15,30.0
12,2,35.65282
12,3,46.92758
12,4,54.745758
12,5,60.08227
12,6,63.635864
12,7,65.843895
12,8,66.941185
12,9,67.00032
13,0,0.0
13,1,29.556622
13,10,76.18775
13,11,73.93407
13,12,69.77067
13,13,62.45825
13,14,49.90206
13,15,30.0
13,2,48.630966
13,3,60.24118
13,4,67.401436
13,5,71.914055
13,6,74.759224
13,7,76.45233
13,8,77.23964
13,9,77.18526
14,0,0.0
14,1,49.65748
14,10,87.6889
14,11,86.254425
14,12,83.39483
14,13,77.554276
14,14,64.36408
14,15,30.0
14,2,69.07331
14,3,78.00484
14,4,82.70491
14,5,85.41342
14,6,87.03483
14,7,87.96675
14,8,88.37995
14,9,88.31351
15,0,0.0
15,1,100.0
15,10,100.0
15,11,100.0
15,12,100.0
15,13,100.0
15,14,100.0
15,15,30.0
15,2,100.0
15,3,100.0
15,4,100.0
15,5,100.0
15,6,100.0
15,7,100.0
15,8,100.0
15,9,100.0
2,0,0.0
2,1,1.2867265
2,10,10.118087
2,11,11.3685
2,12,13.259933
2,13,16.367313
2,14,21.632168
2,15,30.0
2,2,2.5400352
2,3,3.7304485
2,4,4.8358755
2,5,5.8443894
2,6,6.7566133
2,7,7.588488
2,8,8.375792
2,9,9.182644
3,0,0.0
3,1,1.9714392
3,10,14.745728
3,11,16.151293
3,12,18.068819
3,13,20.841091
3,14,24.819324
3,15,30.0
3,2,3.8878715
3,3,5.700777
3,4,7.3735037
3,5,8.885064
3,6,10.232691
3,7,11.434182
3,8,12.531473
3,9,13.597139
4,0,0.0
4,1,2.7112145
4,10,19.116621
4,11,20.422325
4,12,22.023113
4,13,24.10901
4,14,26.804098
4,15,30.0
4,2,5.339343
4,3,7.8114405
4,4,10.072498
4,5,12.089904
4,6,13.855156
4,7,15.384342
4,8,16.719042
4,9,17.928967
5,0,0.0
5,1,3.5341458
5,10,23.369759
5,11,24.398521
5,12,25.492506
5,13,26.76788
5,14,28.288122
5,15,30.0
5,2,6.946983
5,3,10.133343
5,4,13.015394
5,5,15.547188
5,6,17.71401
5,7,19.52932
5,8,21.031727
5,9,22.283384
6,0,0.0
6,1,4.478468
6,10,27.680851
6,11,28.309788
6,12,28.780739
6,13,29.182041
6,14,29.580599
6,15,30.0
6,2,8.78126
6,3,12.759787
6,4,16.308842
6,5,19.369781
6,6,21.924751
6,7,23.987602
6,8,25.595543
6,9,26.803461
7,0,0.0
7,1,5.5985565
7,10,32.240772
7,11,32.379364
7,12,32.13887
7,13,31.599133
7,14,30.852318
7,15,30.0
7,2,10.939978
7,3,15.815953
7,4,20.090727
7,5,23.698717
7,6,26.628023
7,7,28.90122
7,8,30.55982
7,9,31.654476
8,0,0.0
8,1,6.975876
8,10,37.248783
8,11,36.82837
8,12,35.796505
8,13,34.223476
8,14,32.229637
8,15,30.0
8,2,13.564322
8,3,19.473589
8,4,24.53973
8,5,28.70673
8,6,31.987831
8,7,34.429886
8,8,36.088486
8,9,37.01429
9,0,0.0
9,1,8.74072
9,10,42.9121
9,11,41.88916
9,12,39.995567
9,13,37.268814
9,14,33.84285
9,15,30.0
9,2,16.86803
9,3,23.974617
9,4,29.88821
9,5,34.60103
9,6,38.187126
9,7,40.742455
9,8,42.350403
9,9,43.06583
