0,0,0.0
0,1,0.0
0,10,0.0
0,11,0.0
0,12,0.0
0,13,0.0
0,14,0.0
0,15,30.0
0,2,0.0
0,3,0.0
0,4,0.0
0,5,0.0
0,6,0.0
0,7,0.0
0,8,0.0
0,9,0.0
1,0,0.0
1,1,0.63239455
1,10,5.1625676
1,11,5.933576
1,12,7.226299
1,13,9.729964
1,14,15.338913
1,15,30.0
1,2,1.2491503
1,3,1.8365017
1,4,2.3842592
1,5,2.8872728
1,6,3.3468637
1,7,3.772662
1,8,4.185815
1,9,4.6254168
10,0,0.0
10,1,11.105368
10,10,49.386864
10,11,47.770912
10,12,44.988434
10,13,40.986088
10,14,35.858994
10,15,30.0
10,2,21.165833
10,3,29.63009
10,4,36.38865
10,5,41.565033
10,6,45.354393
10,7,47.936584
10,8,49.438812
10,9,49.923264
11,0,0.0
11,1,14.53112
11,10,57.010124
11,11,54.878532
11,12,51.24817
11,13,45.860695
11,14,38.623703
11,15,30.0
11,2,27.091581
11,3,37.0372
11,4,44.52944
11,5,49.98405
11,6,53.803696
11,7,56.289207
11,8,57.62375
11,9,57.87707
12,0,0.0
12,1,19.928667
12,10,65.902954
12,11,63.489155
12,12,59.268375
12,13,52.587166
12,14,42.776314
12,15,30.0
12,2,35.63438
12,3,46.900894
12,4,54.711952
12,5,60.042793
12,6,63.5924
12,7,65.798325
12,8,66.89549
12,9,66.956505
13,0,0.0
13,1,29.550076
13,10,76.15995
13,11,73.91016
13,12,69.751724
13,13,62.445114
13,14,49.89535
13,15,30.0
13,2,48.618145
13,3,60.222626
13,4,67.377945
13,5,71.88661
13,6,74.72901
13,7,76.420654
13,8,77.20788
13,9,77.1548
14,0,0.0
14,1,49.65412
14,10,87.67465
14,11,86.24217
14,12,83.38512
14,13,77.547554
14,14,64.36064
14,15,30.0
14,2,69.06674
14,3,77.99533
14,4,82.69286
14,5,85.39936
14,6,87.01935
14,7,87.950516
14,8,88.36367
14,9,88.2979
15,0,0.0
15,1,100.0
15,10,100.0
15,11,100.0
15,12,100.0
15,13,100.0
15,14,100.0
15,15,30.0
15,2,100.0
15,3,100.0
15,4,100.0
15,5,100.0
15,6,100.0
15,7,100.0
15,8,100.0
15,9,100.0
2,0,0.0
2,1,1.2806937
2,10,10.092439
2,11,11.346437
2,12,13.242451
2,13,16.355198
2,14,21.62597
2,15,30.0
2,2,2.5282218
2,3,3.7133527
2,4,4.8142176
2,5,5.819092
2,6,6.728757
2,7,7.559277
2,8,8.346497
2,9,9.154551
3,0,0.0
3,1,1.9626778
3,10,14.708483
3,11,16.11926
3,12,18.043432
3,13,20.8235
3,14,24.810324
3,15,30.0
3,2,3.8707173
3,3,5.675949
3,4,7.3420544
3,5,8.848327
3,6,10.192242
3,7,11.391764
3,8,12.488934
3,9,13.556345
4,0,0.0
4,1,2.700066
4,10,19.069233
4,11,20.381567
4,12,21.99082
4,13,24.08663
4,14,26.792648
4,15,30.0
4,2,5.3175125
4,3,7.7798486
4,4,10.032476
4,5,12.043158
4,6,13.803685
4,7,15.330368
4,8,16.664915
4,9,17.87706
5,0,0.0
5,1,3.521052
5,10,23.314112
5,11,24.350664
5,12,25.454582
5,13,26.741602
5,14,28.27468
5,15,30.0
5,2,6.9213457
5,3,10.096239
5,4,12.968395
5,5,15.492289
5,6,17.653564
5,7,19.465939
5,8,20.968163
5,9,22.222431
6,0,0.0
6,1,4.4639635
6,10,27.619219
6,11,28.25678
6,12,28.738735
6,13,29.152939
6,14,29.565708
6,15,30.0
6,2,8.752857
6,3,12.718686
6,4,16.256777
6,5,19.308968
6,6,21.857794
6,7,23.917393
6,8,25.525139
6,9,26.735949
7,0,0.0
7,1,5.5832477
7,10,32.175735
7,11,32.323433
7,12,32.094547
7,13,31.56842
7,14,30.836607
7,15,30.0
7,2,10.910004
7,3,15.772573
7,4,20.035782
7,5,23.634539
7,6,26.557362
7,7,28.827127
7,8,30.48552
7,9,31.583237
8,0,0.0
8,1,6.960424
8,10,37.18315
8,11,36.77192
8,12,35.751778
8,13,34.192482
8,14,32.213783
8,15,30.0
8,2,13.534065
8,3,19.429806
8,4,24.484268
8,5,28.641954
8,6,31.916513
8,7,34.355106
8,8,36.0135
8,9,36.942383
9,0,0.0
9,1,8.725807
9,10,42.84877
9,11,41.834698
9,12,39.95241
9,13,37.238914
9,14,33.827553
9,15,30.0
9,2,16.838835
9,3,23.932364
9,4,29.834694
9,5,34.538525
9,6,38.118305
9,7,40.670296
9,8,42.278038
9,9,42.99646
