0,0,0.0
0,1,0.0
0,10,0.0
0,11,0.0
0,12,0.0
0,13,0.0
0,14,0.0
0,15,30.0
0,2,0.0
0,3,0.0
0,4,0.0
0,5,0.0
0,6,0.0
0,7,0.0
0,8,0.0
0,9,0.0
1,0,0.0
1,1,0.6351567
1,10,5.140375
1,11,5.911257
1,12,7.206531
1,13,9.715174
1,14,15.331013
1,15,30.0
1,2,1.2538265
1,3,1.8416659
1,4,2.3879893
1,5,2.8877883
1,6,3.3426025
1,7,3.7628875
1,8,4.170576
1,9,4.6057687
10,0,0.0
10,1,11.0051775
10,10,48.829346
10,11,47.27903
10,12,44.590385
10,13,40.70616
10,14,35.714405
10,15,30.0
10,2,20.967001
10,3,29.335865
10,4,36.005287
10,5,41.10207
10,6,44.826088
10,7,47.36186
10,8,48.84136
10,9,49.330833
11,0,0.0
11,1,14.43416
11,10,56.485924
11,11,54.41693
11,12,50.875557
11,13,45.598843
11,14,38.488655
11,15,30.0
11,2,26.89934
11,3,36.753643
11,4,44.161015
11,5,49.54093
11,6,53.299915
11,7,55.7433
11,8,57.058414
11,9,57.318203
12,0,0.0
12,1,19.844734
12,10,65.45819
12,11,63.098362
12,12,58.95317
12,13,52.366
12,14,42.662243
12,15,30.0
12,2,35.468254
12,3,46.656162
12,4,54.394806
12,5,59.66222
12,6,63.16095
12,7,65.332054
12,8,66.41378
12,9,66.481544
13,0,0.0
13,1,29.488277
13,10,75.8367
13,11,73.62632
13,12,69.52312
13,13,62.284725
13,14,49.81271
13,15,30.0
13,2,48.495853
13,3,60.042755
13,4,67.145096
13,5,71.60773
13,6,74.41337
13,7,76.080124
13,8,76.85672
13,9,76.809006
14,0,0.0
14,1,49.621346
14,10,87.50447
14,11,86.0929
14,12,83.26489
14,13,77.46328
14,14,64.3172
14,15,30.0
14,2,69.00193
14,3,77.900024
14,4,82.56964
14,5,85.25188
14,6,86.8526
14,7,87.77081
14,8,88.1785
14,9,88.11577
15,0,0.0
15,1,100.0
15,10,100.0
15,11,100.0
15,12,100.0
15,13,100.0
15,14,100.0
15,15,30.0
15,2,100.0
15,3,100.0
15,4,100.0
15,5,100.0
15,6,100.0
15,7,100.0
15,8,100.0
15,9,100.0
2,0,0.0
2,1,1.283787
2,10,10.039502
2,11,11.294655
2,12,13.197298
2,13,16.32183
2,14,21.60822
2,15,30.0
2,2,2.5329611
2,3,3.7169356
2,4,4.8134384
2,5,5.8105254
2,6,6.7100496
2,7,7.529203
2,8,8.305794
2,9,9.105682
3,0,0.0
3,1,1.9618522
3,10,14.609791
3,11,16.025305
3,12,17.963146
3,13,20.764795
3,14,24.779362
3,15,30.0
3,2,3.86705
3,3,5.6661396
3,4,7.321745
3,5,8.813823
3,6,10.140711
3,7,11.322835
3,8,12.404564
3,9,13.461309
4,0,0.0
4,1,2.6899347
4,10,18.90677
4,11,20.230549
4,12,21.863695
4,13,23.99479
4,14,26.74443
4,15,30.0
4,2,5.2952895
4,3,7.741776
4,4,9.974633
4,5,11.961768
4,6,13.697302
4,7,15.199933
4,8,16.515049
4,9,17.715588
5,0,0.0
5,1,3.4965558
5,10,23.071766
5,11,24.129034
5,12,25.270496
5,13,26.609571
5,14,28.205784
5,15,30.0
5,2,6.87041
5,3,10.015975
5,4,12.855284
5,5,15.344493
5,6,17.471188
5,7,19.25304
5,8,20.732536
5,9,21.975937
6,0,0.0
6,1,4.421179
6,10,27.287086
6,11,27.95694
6,12,28.491737
6,13,28.97707
6,14,29.474178
6,15,30.0
6,2,8.666073
6,3,12.585663
6,4,16.076153
6,5,19.080616
6,6,21.585238
6,7,23.60785
6,8,25.190699
6,9,26.392918
7,0,0.0
7,1,5.5208263
7,10,31.754639
7,11,31.946362
7,12,31.786226
7,13,31.349716
7,14,30.723202
7,15,30.0
7,2,10.78444
7,3,15.583462
7,4,19.78335
7,5,23.321993
7,6,26.191113
7,7,28.418633
7,8,30.05096
7,9,31.143322
8,0,0.0
8,1,6.8797865
8,10,36.686295
8,11,36.330074
8,12,35.39199
8,13,33.938354
8,14,32.082165
8,15,30.0
8,2,13.373077
8,3,19.18922
8,4,24.167067
8,5,28.25365
8,6,31.467278
8,7,33.859726
8,8,35.49205
8,9,36.419487
9,0,0.0
9,1,8.631734
9,10,42.30291
9,11,41.351227
9,12,39.560394
9,13,36.962513
9,14,33.68473
9,15,30.0
9,2,16.651516
9,3,23.654324
9,4,29.47044
9,5,34.09644
9,6,37.61084
9,7,40.11522
9,8,41.69807
9,9,42.418518
