0,0,0.0
0,1,0.0
0,10,0.0
0,11,0.0
0,12,0.0
0,13,0.0
0,14,0.0
0,15,30.0
0,2,0.0
0,3,0.0
0,4,0.0
0,5,0.0
0,6,0.0
0,7,0.0
0,8,0.0
0,9,0.0
1,0,0.0
1,1,15.0
1,10,22.5
1,11,22.5
1,12,22.5
1,13,22.5
1,14,22.5
1,15,30.0
1,2,22.5
1,3,22.5
1,4,22.5
1,5,22.5
1,6,22.5
1,7,22.5
1,8,22.5
1,9,22.5
10,0,0.0
10,1,22.5
10,10,30.0
10,11,30.0
10,12,30.0
10,13,30.0
10,14,30.0
10,15,30.0
10,2,30.0
10,3,30.0
10,4,30.0
10,5,30.0
10,6,30.0
10,7,30.0
10,8,30.0
10,9,30.0
11,0,0.0
11,1,22.5
11,10,30.0
11,11,30.0
11,12,30.0
11,13,30.0
11,14,30.0
11,15,30.0
11,2,30.0
11,3,30.0
11,4,30.0
11,5,30.0
11,6,30.0
11,7,30.0
11,8,30.0
11,9,30.0
12,0,0.0
12,1,22.5
12,10,30.0
12,11,30.0
12,12,30.0
12,13,30.0
12,14,30.0
12,15,30.0
12,2,30.0
12,3,30.0
12,4,30.0
12,5,30.0
12,6,30.0
12,7,30.0
12,8,30.0
12,9,30.0
13,0,0.0
13,1,22.5
13,10,30.0
13,11,30.0
13,12,30.0
13,13,30.0
13,14,30.0
13,15,30.0
13,2,30.0
13,3,30.0
13,4,30.0
13,5,30.0
13,6,30.0
13,7,30.0
13,8,30.0
13,9,30.0
14,0,0.0
14,1,40.0
14,10,47.5
14,11,47.5
14,12,47.5
14,13,47.5
14,14,47.5
14,15,30.0
14,2,47.5
14,3,47.5
14,4,47.5
14,5,47.5
14,6,47.5
14,7,47.5
14,8,47.5
14,9,47.5
15,0,0.0
15,1,100.0
15,10,100.0
15,11,100.0
15,12,100.0
15,13,100.0
15,14,100.0
15,15,30.0
15,2,100.0
15,3,100.0
15,4,100.0
15,5,100.0
15,6,100.0
15,7,100.0
15,8,100.0
15,9,100.0
2,0,0.0
2,1,22.5
2,10,30.0
2,11,30.0
2,12,30.0
2,13,30.0
2,14,30.0
2,15,30.0
2,2,30.0
2,3,30.0
2,4,30.0
2,5,30.0
2,6,30.0
2,7,30.0
2,8,30.0
2,9,30.0
3,0,0.0
3,1,22.5
3,10,30.0
3,11,30.0
3,12,30.0
3,13,30.0
3,14,30.0
3,15,30.0
3,2,30.0
3,3,30.0
3,4,30.0
3,5,30.0
3,6,30.0
3,7,30.0
3,8,30.0
3,9,30.0
4,0,0.0
4,1,22.5
4,10,30.0
4,11,30.0
4,12,30.0
4,13,30.0
4,14,30.0
4,15,30.0
4,2,30.0
4,3,30.0
4,4,30.0
4,5,30.0
4,6,30.0
4,7,30.0
4,8,30.0
4,9,30.0
5,0,0.0
5,1,22.5
5,10,30.0
5,11,30.0
5,12,30.0
5,13,30.0
5,14,30.0
5,15,30.0
5,2,30.0
5,3,30.0
5,4,30.0
5,5,30.0
5,6,30.0
5,7,30.0
5,8,30.0
5,9,30.0
6,0,0.0
6,1,22.5
6,10,30.0
6,11,30.0
6,12,30.0
6,13,30.0
6,14,30.0
6,15,30.0
6,2,30.0
6,3,30.0
6,4,30.0
6,5,30.0
6,6,30.0
6,7,30.0
6,8,30.0
6,9,30.0
7,0,0.0
7,1,22.5
7,10,30.0
7,11,30.0
7,12,30.0
7,13,30.0
7,14,30.0
7,15,30.0
7,2,30.0
7,3,30.0
7,4,30.0
7,5,30.0
7,6,30.0
7,7,30.0
7,8,30.0
7,9,30.0
8,0,0.0
8,1,22.5
8,10,30.0
8,11,30.0
8,12,30.0
8,13,30.0
8,14,30.0
8,15,30.0
8,2,30.0
8,3,30.0
8,4,30.0
8,5,30.0
8,6,30.0
8,7,30.0
8,8,30.0
8,9,30.0
9,0,0.0
9,1,22.5
9,10,30.0
9,11,30.0
9,12,30.0
9,13,30.0
9,14,30.0
9,15,30.0
9,2,30.0
9,3,30.0
9,4,30.0
9,5,30.0
9,6,30.0
9,7,30.0
9,8,30.0
9,9,30.0
