0,0,0.0
0,1,0.0
0,10,0.0
0,11,0.0
0,12,0.0
0,13,0.0
0,14,0.0
0,15,30.0
0,2,0.0
0,3,0.0
0,4,0.0
0,5,0.0
0,6,0.0
0,7,0.0
0,8,0.0
0,9,0.0
1,0,0.0
1,1,1.862788
1,10,7.7392154
1,11,8.09103
1,12,8.909954
1,13,10.8917885
1,14,15.931398
1,15,30.0
1,2,3.556231
1,3,4.9417963
1,4,5.9810724
1,5,6.6744833
1,6,7.1028404
1,7,7.3396387
1,8,7.474316
1,9,7.5798893
10,0,0.0
10,1,10.247006
10,10,37.157375
10,11,36.730824
10,12,35.913223
10,13,34.51692
10,14,32.49778
10,15,30.0
10,2,19.186655
10,3,26.136868
10,4,30.997654
10,5,34.094303
10,6,35.873474
10,7,36.79551
10,8,37.201084
10,9,37.293636
11,0,0.0
11,1,13.0208435
11,10,43.360012
11,11,42.657692
11,12,41.22975
11,13,38.7538
11,14,34.927017
11,15,30.0
11,2,23.900438
11,3,31.893578
11,4,37.234108
11,5,40.488144
11,6,42.31147
11,7,43.224705
11,8,43.60103
11,9,43.640594
12,0,0.0
12,1,18.170488
12,10,52.789402
12,11,51.77998
12,12,49.71237
12,13,45.802612
12,14,39.259914
12,15,30.0
12,2,32.00537
12,3,41.264458
12,4,46.970406
12,5,50.268475
12,6,52.028633
12,7,52.884274
12,8,53.212692
12,9,53.182518
13,0,0.0
13,1,28.008327
13,10,65.75235
13,11,64.65312
13,12,62.192726
13,13,57.096962
13,14,47.11645
13,15,30.0
13,2,45.484016
13,3,55.420773
13,4,60.904324
13,5,63.827106
13,6,65.31896
13,7,66.01216
13,8,66.25769
13,9,66.194984
14,0,0.0
14,1,48.758156
14,10,81.90846
14,11,81.11161
14,12,79.20803
14,13,74.58553
14,14,62.826767
14,15,30.0
14,2,67.249985
14,3,75.239876
14,4,79.00165
14,5,80.84373
14,6,81.73077
14,7,82.13135
14,8,82.26602
14,9,82.20782
15,0,0.0
15,1,100.0
15,10,100.0
15,11,100.0
15,12,100.0
15,13,100.0
15,14,100.0
15,15,30.0
15,2,100.0
15,3,100.0
15,4,100.0
15,5,100.0
15,6,100.0
15,7,100.0
15,8,100.0
15,9,100.0
2,0,0.0
2,1,3.556473
2,10,14.651481
2,11,15.141914
2,12,16.201935
2,13,18.387146
2,14,22.664598
2,15,30.0
2,2,6.7742004
2,3,9.42998
2,4,11.393119
2,5,12.7262335
2,6,13.529133
2,7,13.982164
2,8,14.227691
2,9,14.405163
3,0,0.0
3,1,4.9432945
3,10,20.20154
3,11,20.6594
3,12,21.55265
3,13,23.229431
3,14,26.03272
3,15,30.0
3,2,9.432195
3,3,13.104731
3,4,15.84983
3,5,17.68061
3,6,18.802845
3,7,19.416653
3,8,19.745075
3,9,19.956728
4,0,0.0
4,1,5.987653
4,10,24.249458
4,11,24.579079
4,12,25.197847
4,13,26.257812
4,14,27.893826
4,15,30.0
4,2,11.404453
4,3,15.861672
4,4,19.155495
4,5,21.377598
4,6,22.712872
4,7,23.45111
4,8,23.827435
4,9,24.041996
5,0,0.0
5,1,6.697899
5,10,26.947124
5,11,27.157946
5,12,27.510132
5,13,28.099426
5,14,28.94867
5,15,30.0
5,2,12.769164
5,3,17.733774
5,4,21.42478
5,5,23.884048
5,6,25.37576
5,7,26.183102
5,8,26.588678
5,9,26.795918
6,0,0.0
6,1,7.1769414
6,10,28.677391
6,11,28.782225
6,12,28.948456
6,13,29.201488
6,14,29.565317
6,15,30.0
6,2,13.664541
6,3,18.98072
6,4,22.902643
6,5,25.528078
6,6,27.101131
6,7,27.955805
6,8,28.373188
6,9,28.567162
7,0,0.0
7,1,7.5454283
7,10,29.922623
7,11,29.951168
7,12,29.959402
7,13,29.972551
7,14,29.982939
7,15,30.0
7,2,14.363552
7,3,19.919115
7,4,24.019093
7,5,26.738901
7,6,28.37186
7,7,29.248096
7,8,29.67105
7,9,29.853935
8,0,0.0
8,1,7.9943533
8,10,31.274538
8,11,31.205585
8,12,31.054138
8,13,30.790976
8,14,30.431864
8,15,30.0
8,2,15.181974
8,3,21.013853
8,4,25.273506
8,5,28.090818
8,6,29.763136
8,7,30.65794
8,8,31.080894
8,9,31.245213
9,0,0.0
9,1,8.767105
9,10,33.411255
9,11,33.21264
9,12,32.794746
9,13,32.121586
9,14,31.155483
9,15,30.0
9,2,16.584637
9,3,22.827005
9,4,27.333061
9,5,30.26194
9,6,31.987894
9,7,32.89606
9,8,33.313442
9,9,33.45392
