0,0,0.0
0,1,0.0
0,10,0.0
0,11,0.0
0,12,0.0
0,13,0.0
0,14,0.0
0,15,30.0
0,2,0.0
0,3,0.0
0,4,0.0
0,5,0.0
0,6,0.0
0,7,0.0
0,8,0.0
0,9,0.0
1,0,0.0
1,1,0.6356145
1,10,5.176245
1,11,5.9453387
1,12,7.2356195
1,13,9.7364235
1,14,15.3422165
1,15,30.0
1,2,1.2554542
1,3,1.8456254
1,4,2.3958154
1,5,2.9007707
1,6,3.3617234
1,7,3.7882442
1,8,4.2014403
1,9,4.640399
10,0,0.0
10,1,11.119667
10,10,49.44753
10,11,47.82309
10,12,45.02977
10,13,41.014732
10,14,35.873642
10,15,30.0
10,2,21.193829
10,3,29.670605
10,4,36.439957
10,5,41.624954
10,6,45.420353
10,7,48.005737
10,8,49.50814
10,9,49.98973
11,0,0.0
11,1,14.543478
11,10,57.062553
11,11,54.923615
11,12,51.28389
11,13,45.88544
11,14,38.636364
11,15,30.0
11,2,27.115776
11,3,37.07221
11,4,44.573784
11,5,50.035828
11,6,53.860695
11,7,56.34896
11,8,57.683662
11,9,57.934505
12,0,0.0
12,1,19.9385
12,10,65.94466
12,11,63.525017
12,12,59.29679
12,13,52.60685
12,14,42.78638
12,15,30.0
12,2,35.653625
12,3,46.928745
12,4,54.747227
12,5,60.083992
12,6,63.63775
12,7,65.84586
12,8,66.94315
12,9,67.0022
13,0,0.0
13,1,29.556908
13,10,76.188934
13,11,73.93508
13,12,69.77147
13,13,62.458797
13,14,49.90235
13,15,30.0
13,2,48.63152
13,3,60.241985
13,4,67.40245
13,5,71.91524
13,6,74.76053
13,7,76.45369
13,8,77.241
13,9,77.186554
14,0,0.0
14,1,49.657623
14,10,87.68951
14,11,86.25495
14,12,83.39524
14,13,77.554565
14,14,64.36423
14,15,30.0
14,2,69.07359
14,3,78.00525
14,4,82.70543
14,5,85.41403
14,6,87.03549
14,7,87.96745
14,8,88.380646
14,9,88.31416
15,0,0.0
15,1,100.0
15,10,100.0
15,11,100.0
15,12,100.0
15,13,100.0
15,14,100.0
15,15,30.0
15,2,100.0
15,3,100.0
15,4,100.0
15,5,100.0
15,6,100.0
15,7,100.0
15,8,100.0
15,9,100.0
2,0,0.0
2,1,1.2870102
2,10,10.119272
2,11,11.369514
2,12,13.260736
2,13,16.36787
2,14,21.632452
2,15,30.0
2,2,2.5405912
2,3,3.731251
2,4,4.8368907
2,5,5.845572
2,6,6.757912
2,7,7.5898466
2,8,8.377151
2,9,9.183945
3,0,0.0
3,1,1.9718497
3,10,14.747438
3,11,16.152761
3,12,18.06998
3,13,20.841892
3,14,24.819736
3,15,30.0
3,2,3.8886745
3,3,5.7019377
3,4,7.3749704
3,5,8.886774
3,6,10.234568
3,7,11.436146
3,8,12.533436
3,9,13.599018
4,0,0.0
4,1,2.7117333
4,10,19.118786
4,11,20.424181
4,12,22.024586
4,13,24.110027
4,14,26.804617
4,15,30.0
4,2,5.3403587
4,3,7.812907
4,4,10.074353
4,5,12.092065
4,6,13.857531
4,7,15.386824
4,8,16.721527
4,9,17.931341
5,0,0.0
5,1,3.534751
5,10,23.37228
5,11,24.400684
5,12,25.494219
5,13,26.769064
5,14,28.288729
5,15,30.0
5,2,6.9481654
5,3,10.135054
5,4,13.017555
5,5,15.549707
5,6,17.716778
5,7,19.532215
5,8,21.034618
5,9,22.286152
6,0,0.0
6,1,4.4791327
6,10,27.683622
6,11,28.312166
6,12,28.782618
6,13,29.183342
6,14,29.581263
6,15,30.0
6,2,8.78256
6,3,12.761663
6,4,16.311218
6,5,19.37255
6,6,21.927792
6,7,23.99078
6,8,25.598722
6,9,26.806501
7,0,0.0
7,1,5.5992517
7,10,32.243668
7,11,32.38185
7,12,32.140835
7,13,31.600492
7,14,30.853012
7,15,30.0
7,2,10.941337
7,3,15.817919
7,4,20.093212
7,5,23.701612
7,6,26.6312
7,7,28.904547
7,8,30.563145
7,9,31.657658
8,0,0.0
8,1,6.9765716
8,10,37.251682
8,11,36.830856
8,12,35.798473
8,13,34.22484
8,14,32.23033
8,15,30.0
8,2,13.565683
8,3,19.475555
8,4,24.542213
8,5,28.709625
8,6,31.991013
8,7,34.433212
8,8,36.091812
8,9,37.01747
9,0,0.0
9,1,8.7413845
9,10,42.91487
9,11,41.89154
9,12,39.99745
9,13,37.27012
9,14,33.843513
9,15,30.0
9,2,16.869335
9,3,23.976498
9,4,29.89059
9,5,34.6038
9,6,38.190166
9,7,40.745636
9,8,42.353577
9,9,43.068874
