0,0,0.0
0,1,0.0
0,2,0.0
0,3,0.0
0,4,0.0
0,5,0.0
0,6,0.0
0,7,30.0
1,0,0.0
1,1,2.9708905
1,2,5.598003
1,3,7.746052
1,4,9.598497
1,5,11.871058
1,6,16.5996
1,7,30.0
2,0,0.0
2,1,6.285653
2,2,11.675241
2,3,15.78792
2,4,18.777094
2,5,21.286308
2,6,24.527433
2,7,30.0
3,0,0.0
3,1,10.496653
3,2,19.029701
3,3,24.953678
3,4,28.436035
3,5,29.969955
3,6,30.223999
3,7,30.0
4,0,0.0
4,1,16.671473
4,2,28.993614
4,3,36.56154
4,4,40.04389
4,5,39.93387
4,6,36.39882
4,7,30.0
5,0,0.0
5,1,27.195839
5,2,43.71213
5,3,52.25544
5,4,55.244614
5,5,53.323196
5,6,45.437614
5,7,30.0
6,0,0.0
6,1,48.39992
6,2,66.40394
6,3,73.503876
6,4,75.356316
6,5,72.676994
6,6,62.028625
6,7,30.0
7,0,0.0
7,1,100.0
7,2,100.0
7,3,100.0
7,4,100.0
7,5,100.0
7,6,100.0
7,7,30.0
