0,0,0.0
0,1,0.0
0,10,0.0
0,11,0.0
0,12,0.0
0,13,0.0
0,14,0.0
0,15,30.0
0,2,0.0
0,3,0.0
0,4,0.0
0,5,0.0
0,6,0.0
0,7,0.0
0,8,0.0
0,9,0.0
1,0,0.0
1,1,0.635672
1,10,5.1764846
1,11,5.9455442
1,12,7.2357817
1,13,9.736536
1,14,15.342275
1,15,30.0
1,2,1.2555668
1,3,1.845788
1,4,2.3960211
1,5,2.9010105
1,6,3.3619874
1,7,3.7885194
1,8,4.2017155
1,9,4.640662
10,0,0.0
10,1,11.119905
10,10,49.448524
10,11,47.823944
10,12,45.03045
10,13,41.015198
10,14,35.873886
10,15,30.0
10,2,21.1943
10,3,29.67128
10,4,36.440815
10,5,41.625954
10,6,45.421455
10,7,48.006886
10,8,49.509293
10,9,49.990826
11,0,0.0
11,1,14.543684
11,10,57.063408
11,11,54.924343
11,12,51.28447
11,13,45.885845
11,14,38.636566
11,15,30.0
11,2,27.116173
11,3,37.072792
11,4,44.574516
11,5,50.03669
11,6,53.86164
11,7,56.34995
11,8,57.684647
11,9,57.935444
12,0,0.0
12,1,19.93866
12,10,65.94533
12,11,63.525604
12,12,59.29725
12,13,52.607162
12,14,42.786545
12,15,30.0
12,2,35.653946
12,3,46.929207
12,4,54.74781
12,5,60.084667
12,6,63.63849
12,7,65.84664
12,8,66.94394
12,9,67.002945
13,0,0.0
13,1,29.557022
13,10,76.18941
13,11,73.935486
13,12,69.77179
13,13,62.45902
13,14,49.902462
13,15,30.0
13,2,48.63174
13,3,60.242302
13,4,67.402855
13,5,71.9157
13,6,74.76105
13,7,76.45423
13,8,77.24154
13,9,77.18707
14,0,0.0
14,1,49.65768
14,10,87.68975
14,11,86.25516
14,12,83.3954
14,13,77.55467
14,14,64.36428
14,15,30.0
14,2,69.07371
14,3,78.00541
14,4,82.705635
14,5,85.414276
14,6,87.03577
14,7,87.96773
14,8,88.38092
14,9,88.31444
15,0,0.0
15,1,100.0
15,10,100.0
15,11,100.0
15,12,100.0
15,13,100.0
15,14,100.0
15,15,30.0
15,2,100.0
15,3,100.0
15,4,100.0
15,5,100.0
15,6,100.0
15,7,100.0
15,8,100.0
15,9,100.0
2,0,0.0
2,1,1.287123
2,10,10.11974
2,11,11.369916
2,12,13.261054
2,13,16.36809
2,14,21.632565
2,15,30.0
2,2,2.540811
2,3,3.7315698
2,4,4.8372927
2,5,5.846042
2,6,6.7584267
2,7,7.5903854
2,8,8.377688
2,9,9.184459
3,0,0.0
3,1,1.9720124
3,10,14.748115
3,11,16.153341
3,12,18.070438
3,13,20.84221
3,14,24.819899
3,15,30.0
3,2,3.8889928
3,3,5.702397
3,4,7.375553
3,5,8.887451
3,6,10.235312
3,7,11.436924
3,8,12.534215
3,9,13.599762
4,0,0.0
4,1,2.7119393
4,10,19.119642
4,11,20.424915
4,12,22.025166
4,13,24.110428
4,14,26.804821
4,15,30.0
4,2,5.3407607
4,3,7.81349
4,4,10.075088
4,5,12.092922
4,6,13.858471
4,7,15.387809
4,8,16.72251
4,9,17.932281
5,0,0.0
5,1,3.5349903
5,10,23.37328
5,11,24.40154
5,12,25.494892
5,13,26.769533
5,14,28.288967
5,15,30.0
5,2,6.9486356
5,3,10.135731
5,4,13.018414
5,5,15.550705
5,6,17.717875
5,7,19.533363
5,8,21.035767
5,9,22.28725
6,0,0.0
6,1,4.479396
6,10,27.684715
6,11,28.313107
6,12,28.783361
6,13,29.183857
6,14,29.581526
6,15,30.0
6,2,8.783074
6,3,12.762409
6,4,16.312159
6,5,19.373646
6,6,21.928997
6,7,23.992039
6,8,25.599983
6,9,26.807707
7,0,0.0
7,1,5.5995274
7,10,32.244816
7,11,32.382835
7,12,32.141613
7,13,31.601028
7,14,30.85329
7,15,30.0
7,2,10.941875
7,3,15.818696
7,4,20.094194
7,5,23.702759
7,6,26.632462
7,7,28.905863
7,8,30.56446
7,9,31.658916
8,0,0.0
8,1,6.976847
8,10,37.252827
8,11,36.83184
8,12,35.79925
8,13,34.225376
8,14,32.23061
8,15,30.0
8,2,13.566222
8,3,19.476332
8,4,24.5432
8,5,28.710773
8,6,31.992271
8,7,34.43453
8,8,36.09313
8,9,37.018726
9,0,0.0
9,1,8.741649
9,10,42.91597
9,11,41.89248
9,12,39.998196
9,13,37.270638
9,14,33.84378
9,15,30.0
9,2,16.869848
9,3,23.977245
9,4,29.89153
9,5,34.604897
9,6,38.19137
9,7,40.746895
9,8,42.354836
9,9,43.070084
