0,0,0.0
0,1,0.0
0,2,0.0
0,3,0.0
0,4,0.0
0,5,0.0
0,6,0.0
0,7,30.0
1,0,0.0
1,1,2.9710145
1,2,5.598227
1,3,7.746331
1,4,9.598777
1,5,11.871283
1,6,16.599724
1,7,30.0
2,0,0.0
2,1,6.2858777
2,2,11.675645
2,3,15.788424
2,4,18.777597
2,5,21.286713
2,6,24.527658
2,7,30.0
3,0,0.0
3,1,10.496932
3,2,19.030205
3,3,24.954308
3,4,28.436665
3,5,29.970459
3,6,30.224277
3,7,30.0
4,0,0.0
4,1,16.671753
4,2,28.994118
4,3,36.562164
4,4,40.044525
4,5,39.934372
4,6,36.3991
4,7,30.0
5,0,0.0
5,1,27.196062
5,2,43.712532
5,3,52.255947
5,4,55.245117
5,5,53.3236
5,6,45.437843
5,7,30.0
6,0,0.0
6,1,48.400043
6,2,66.40416
6,3,73.50415
6,4,75.3566
6,5,72.677216
6,6,62.02875
6,7,30.0
7,0,0.0
7,1,100.0
7,2,100.0
7,3,100.0
7,4,100.0
7,5,100.0
7,6,100.0
7,7,30.0
