0,0,0.0
0,1,0.0
0,10,0.0
0,11,0.0
0,12,0.0
0,13,0.0
0,14,0.0
0,15,30.0
0,2,0.0
0,3,0.0
0,4,0.0
0,5,0.0
0,6,0.0
0,7,0.0
0,8,0.0
0,9,0.0
1,0,0.0
1,1,0.6351632
1,10,5.174363
1,11,5.943723
1,12,7.2343426
1,13,9.7355385
1,14,15.341765
1,15,30.0
1,2,1.2545716
1,3,1.8443495
1,4,2.3942022
1,5,2.8988905
1,6,3.359659
1,7,3.7860844
1,8,4.1992803
1,9,4.6383333
10,0,0.0
10,1,11.117778
10,10,49.43966
10,11,47.816334
10,12,45.02442
10,13,41.011032
10,14,35.871754
10,15,30.0
10,2,21.190138
10,3,29.665264
10,4,36.43321
10,5,41.61709
10,6,45.411716
10,7,47.996704
10,8,49.499107
10,9,49.981087
11,0,0.0
11,1,14.541858
11,10,57.055794
11,11,54.917812
11,12,51.279297
11,13,45.88227
11,14,38.634735
11,15,30.0
11,2,27.112602
11,3,37.067627
11,4,44.56799
11,5,50.029076
11,6,53.85328
11,7,56.3412
11,8,57.675903
11,9,57.927086
12,0,0.0
12,1,19.937214
12,10,65.93931
12,11,63.52043
12,12,59.29316
12,13,52.604332
12,14,42.785103
12,15,30.0
12,2,35.651115
12,3,46.925117
12,4,54.74264
12,5,60.078644
12,6,63.631874
12,7,65.83972
12,8,66.93702
12,9,66.99632
13,0,0.0
13,1,29.556019
13,10,76.185234
13,11,73.93191
13,12,69.76896
13,13,62.457058
13,14,49.90146
13,15,30.0
13,2,48.62978
13,3,60.239475
13,4,67.39928
13,5,71.91154
13,6,74.75646
13,7,76.44945
13,8,77.23674
13,9,77.182495
14,0,0.0
14,1,49.65717
14,10,87.68762
14,11,86.25333
14,12,83.39396
14,13,77.55367
14,14,64.36377
14,15,30.0
14,2,69.07271
14,3,78.00396
14,4,82.703804
14,5,85.41214
14,6,87.03342
14,7,87.96528
14,8,88.37847
14,9,88.31209
15,0,0.0
15,1,100.0
15,10,100.0
15,11,100.0
15,12,100.0
15,13,100.0
15,14,100.0
15,15,30.0
15,2,100.0
15,3,100.0
15,4,100.0
15,5,100.0
15,6,100.0
15,7,100.0
15,8,100.0
15,9,100.0
2,0,0.0
2,1,1.2861276
2,10,10.115589
2,11,11.366354
2,12,13.258235
2,13,16.36614
2,14,21.631569
2,15,30.0
2,2,2.5388634
2,3,3.7287552
2,4,4.8337336
2,5,5.841894
2,6,6.753871
2,7,7.585621
2,8,8.372923
2,9,9.179902
3,0,0.0
3,1,1.9705733
3,10,14.742116
3,11,16.148191
3,12,18.066368
3,13,20.83939
3,14,24.818457
3,15,30.0
3,2,3.8861778
3,3,5.6983285
3,4,7.370408
3,5,8.881455
3,6,10.228726
3,7,11.430036
3,8,12.527328
3,9,13.593173
4,0,0.0
4,1,2.7101195
4,10,19.112053
4,11,20.418404
4,12,22.020012
4,13,24.106867
4,14,26.802998
4,15,30.0
4,2,5.3372
4,3,7.808344
4,4,10.068582
4,5,12.085339
4,6,13.850142
4,7,15.379099
4,8,16.713797
4,9,17.92395
5,0,0.0
5,1,3.5328689
5,10,23.364433
5,11,24.393948
5,12,25.48889
5,13,26.765377
5,14,28.286844
5,15,30.0
5,2,6.9444847
5,3,10.129732
5,4,13.010827
5,5,15.541864
5,6,17.708164
5,7,19.523205
5,8,21.025608
5,9,22.277534
6,0,0.0
6,1,4.477065
6,10,27.674995
6,11,28.304764
6,12,28.776762
6,13,29.179295
6,14,29.579191
6,15,30.0
6,2,8.778513
6,3,12.755817
6,4,16.303822
6,5,19.36393
6,6,21.918324
6,7,23.98088
6,8,25.588821
6,9,26.797033
7,0,0.0
7,1,5.597088
7,10,32.234646
7,11,32.374107
7,12,32.13471
7,13,31.596249
7,14,30.85085
7,15,30.0
7,2,10.937104
7,3,15.811799
7,4,20.085474
7,5,23.692593
7,6,26.621298
7,7,28.894184
7,8,30.552784
7,9,31.647749
8,0,0.0
8,1,6.9744062
8,10,37.242653
8,11,36.82311
8,12,35.792343
8,13,34.220596
8,14,32.228165
8,15,30.0
8,2,13.561447
8,3,19.469433
8,4,24.534475
8,5,28.700603
8,6,31.981102
8,7,34.422848
8,8,36.081444
8,9,37.007553
9,0,0.0
9,1,8.739313
9,10,42.906235
9,11,41.884125
9,12,39.99159
9,13,37.26606
9,14,33.841442
9,15,30.0
9,2,16.865278
9,3,23.970638
9,4,29.88318
9,5,34.595165
9,6,38.180683
9,7,40.735718
9,8,42.343662
9,9,43.059387
