0,0,0.0
0,1,0.0
0,10,0.0
0,11,0.0
0,12,0.0
0,13,0.0
0,14,0.0
0,15,30.0
0,2,0.0
0,3,0.0
0,4,0.0
0,5,0.0
0,6,0.0
0,7,0.0
0,8,0.0
0,9,0.0
1,0,0.0
1,1,0.6351015
1,10,5.1741056
1,11,5.9435024
1,12,7.234167
1,13,9.735418
1,14,15.341703
1,15,30.0
1,2,1.2544508
1,3,1.8441752
1,4,2.3939815
1,5,2.8986335
1,6,3.359376
1,7,3.7857895
1,8,4.198984
1,9,4.6380506
10,0,0.0
10,1,11.117517
10,10,49.438576
10,11,47.8154
10,12,45.02369
10,13,41.01052
10,14,35.871494
10,15,30.0
10,2,21.189629
10,3,29.664532
10,4,36.43228
10,5,41.61601
10,6,45.41053
10,7,47.99546
10,8,49.49786
10,9,49.979897
11,0,0.0
11,1,14.541634
11,10,57.054863
11,11,54.917015
11,12,51.278667
11,13,45.88183
11,14,38.634514
11,15,30.0
11,2,27.112167
11,3,37.066994
11,4,44.567196
11,5,50.028145
11,6,53.852257
11,7,56.340134
11,8,57.674835
11,9,57.926064
12,0,0.0
12,1,19.937038
12,10,65.93857
12,11,63.519802
12,12,59.292656
12,13,52.603985
12,14,42.78492
12,15,30.0
12,2,35.650772
12,3,46.924625
12,4,54.742012
12,5,60.07791
12,6,63.63107
12,7,65.83888
12,8,66.93617
12,9,66.995514
13,0,0.0
13,1,29.555899
13,10,76.18473
13,11,73.931465
13,12,69.76861
13,13,62.45682
13,14,49.901337
13,15,30.0
13,2,48.629547
13,3,60.23913
13,4,67.39885
13,5,71.911026
13,6,74.755905
13,7,76.44886
13,8,77.23617
13,9,77.18194
14,0,0.0
14,1,49.657104
14,10,87.68735
14,11,86.253105
14,12,83.393776
14,13,77.55355
14,14,64.36371
14,15,30.0
14,2,69.072586
14,3,78.003784
14,4,82.70358
14,5,85.41189
14,6,87.03313
14,7,87.96498
14,8,88.378174
14,9,88.31181
15,0,0.0
15,1,100.0
15,10,100.0
15,11,100.0
15,12,100.0
15,13,100.0
15,14,100.0
15,15,30.0
15,2,100.0
15,3,100.0
15,4,100.0
15,5,100.0
15,6,100.0
15,7,100.0
15,8,100.0
15,9,100.0
2,0,0.0
2,1,1.2860068
2,10,10.115086
2,11,11.365922
2,12,13.2578945
2,13,16.365902
2,14,21.631447
2,15,30.0
2,2,2.5386276
2,3,3.7284138
2,4,4.833302
2,5,5.84139
2,6,6.753319
2,7,7.585042
2,8,8.372346
2,9,9.179347
3,0,0.0
3,1,1.9703989
3,10,14.741386
3,11,16.147568
3,12,18.065872
3,13,20.83905
3,14,24.818283
3,15,30.0
3,2,3.885836
3,3,5.697835
3,4,7.3697834
3,5,8.880728
3,6,10.227926
3,7,11.429201
3,8,12.526488
3,9,13.592374
4,0,0.0
4,1,2.7098985
4,10,19.11113
4,11,20.417612
4,12,22.019386
4,13,24.106432
4,14,26.802778
4,15,30.0
4,2,5.336768
4,3,7.8077188
4,4,10.067792
4,5,12.084417
4,6,13.849131
4,7,15.378038
4,8,16.712742
4,9,17.922935
5,0,0.0
5,1,3.5326114
5,10,23.363356
5,11,24.393024
5,12,25.488157
5,13,26.764874
5,14,28.286585
5,15,30.0
5,2,6.9439797
5,3,10.129004
5,4,13.009905
5,5,15.540791
5,6,17.706984
5,7,19.521973
5,8,21.024372
5,9,22.276356
6,0,0.0
6,1,4.476781
6,10,27.673813
6,11,28.303747
6,12,28.775959
6,13,29.178734
6,14,29.578907
6,15,30.0
6,2,8.77796
6,3,12.755016
6,4,16.30281
6,5,19.36275
6,6,21.917027
6,7,23.97952
6,8,25.587467
6,9,26.795732
7,0,0.0
7,1,5.5967913
7,10,32.233406
7,11,32.373047
7,12,32.133865
7,13,31.595669
7,14,30.850548
7,15,30.0
7,2,10.9365225
7,3,15.810961
7,4,20.084412
7,5,23.691357
7,6,26.619938
7,7,28.892765
7,8,30.551361
7,9,31.646393
8,0,0.0
8,1,6.974109
8,10,37.241413
8,11,36.82204
8,12,35.7915
8,13,34.220013
8,14,32.227867
8,15,30.0
8,2,13.560865
8,3,19.468592
8,4,24.53341
8,5,28.699364
8,6,31.979742
8,7,34.42142
8,8,36.08002
8,9,37.006195
9,0,0.0
9,1,8.739029
9,10,42.905045
9,11,41.883106
9,12,39.99078
9,13,37.265503
9,14,33.841156
9,15,30.0
9,2,16.864723
9,3,23.969833
9,4,29.882164
9,5,34.59398
9,6,38.17938
9,7,40.734352
9,8,42.342293
9,9,43.058086
