0,0,0.0
0,1,0.0
0,10,0.0
0,11,0.0
0,12,0.0
0,13,0.0
0,14,0.0
0,15,30.0
0,2,0.0
0,3,0.0
0,4,0.0
0,5,0.0
0,6,0.0
0,7,0.0
0,8,0.0
0,9,0.0
1,0,0.0
1,1,0.8715896
1,10,5.6910295
1,11,6.35003
1,12,7.5328093
1,13,9.930373
1,14,15.437907
1,15,30.0
1,2,1.7053694
1,3,2.4703531
1,4,3.142346
1,5,3.7132573
1,6,4.1845455
1,7,4.575505
1,8,4.917157
1,9,5.26165
10,0,0.0
10,1,10.661633
10,10,45.637066
10,11,44.393997
10,12,42.213425
10,13,39.015327
10,14,34.83474
10,15,30.0
10,2,20.25467
10,3,28.210438
10,4,34.42688
10,5,39.046997
10,6,42.312782
10,7,44.456154
10,8,45.662693
10,9,46.046974
11,0,0.0
11,1,13.999393
11,10,53.16426
11,11,51.437576
11,12,48.439392
11,13,43.87087
11,14,37.593235
11,15,30.0
11,2,26.012894
11,3,35.39277
11,4,42.30552
11,5,47.196095
11,6,50.50409
11,7,52.58188
11,8,53.66313
11,9,53.85923
12,0,0.0
12,1,19.40718
12,10,62.441067
12,11,60.409046
12,12,56.76007
12,13,50.816593
12,14,41.859467
12,15,30.0
12,2,34.585274
12,3,45.315666
12,4,52.595367
12,5,57.41987
12,6,60.524925
12,7,62.387367
12,8,63.282997
12,9,63.320824
13,0,0.0
13,1,29.13683
13,10,73.54611
13,11,71.589066
13,12,67.86755
13,13,61.115498
13,14,49.208298
13,15,30.0
13,2,47.78883
13,3,58.977673
13,4,65.72514
13,5,69.85353
13,6,72.36644
13,7,73.809364
13,8,74.45762
13,9,74.39778
14,0,0.0
14,1,49.425983
14,10,86.26806
14,11,84.996155
14,12,82.37377
14,13,76.83526
14,14,63.992294
14,15,30.0
14,2,68.61026
14,3,77.31132
14,4,81.78848
14,5,84.29028
14,6,85.73529
14,7,86.53586
14,8,86.87752
14,9,86.81239
15,0,0.0
15,1,100.0
15,10,100.0
15,11,100.0
15,12,100.0
15,13,100.0
15,14,100.0
15,15,30.0
15,2,100.0
15,3,100.0
15,4,100.0
15,5,100.0
15,6,100.0
15,7,100.0
15,8,100.0
15,9,100.0
2,0,0.0
2,1,1.7201533
2,10,11.010601
2,11,12.062472
2,12,13.763164
2,13,16.693274
2,14,21.79162
2,15,30.0
2,2,3.366607
2,3,4.8732877
2,4,6.1985455
2,5,7.318012
2,6,8.241264
2,7,8.99671
2,8,9.644965
2,9,10.272607
3,0,0.0
3,1,2.532324
3,10,15.764433
3,11,16.920322
3,12,18.612034
3,13,21.183672
3,14,24.984613
3,15,30.0
3,2,4.952355
3,3,7.1676216
3,4,9.106644
3,5,10.743233
3,6,12.078211
3,7,13.157934
3,8,14.053566
3,9,14.874105
4,0,0.0
4,1,3.307113
4,10,19.940548
4,11,20.99737
4,12,22.393795
4,13,24.324448
4,14,26.900953
4,15,30.0
4,2,6.466467
4,3,9.347175
4,4,11.865305
4,5,13.972385
4,6,15.679909
4,7,17.030556
4,8,18.111818
4,9,19.035042
5,0,0.0
5,1,4.0690565
5,10,23.670181
5,11,24.500122
5,12,25.476093
5,13,26.7067
5,14,28.242167
5,15,30.0
5,2,7.946043
5,3,11.473101
5,4,14.533007
5,5,17.080116
5,6,19.11293
5,7,20.690147
5,8,21.896683
5,9,22.847122
6,0,0.0
6,1,4.8638897
6,10,27.178888
6,11,27.708708
6,12,28.195978
6,13,28.724041
6,14,29.329115
6,15,30.0
6,2,9.486486
6,3,13.661962
6,4,17.261452
6,5,20.218933
6,6,22.549526
6,7,24.30828
6,8,25.592476
6,9,26.511478
7,0,0.0
7,1,5.7735653
7,10,30.771278
7,11,30.936546
7,12,30.884918
7,13,30.672892
7,14,30.361675
7,15,30.0
7,2,11.229092
7,3,16.116087
7,4,20.271149
7,5,23.641478
7,6,26.241982
7,7,28.15242
7,8,29.472305
7,9,30.310839
8,0,0.0
8,1,6.912409
8,10,34.793064
8,11,34.540752
8,12,33.87036
8,13,32.833733
8,14,31.500519
8,15,30.0
8,2,13.389936
8,3,19.101528
8,4,23.875359
8,5,27.663261
8,6,30.522633
8,7,32.55204
8,8,33.871925
8,9,34.591484
9,0,0.0
9,1,8.454236
9,10,39.626194
9,11,38.892487
9,12,37.515625
9,13,35.495186
9,14,32.91946
9,15,30.0
9,2,16.257631
9,3,22.98161
9,4,28.445229
9,5,32.666237
9,6,35.756027
9,7,37.871128
9,8,39.155323
9,9,39.71798
