0,0,0.0
0,1,0.0
0,10,0.0
0,11,0.0
0,12,0.0
0,13,0.0
0,14,0.0
0,15,30.0
0,2,0.0
0,3,0.0
0,4,0.0
0,5,0.0
0,6,0.0
0,7,0.0
0,8,0.0
0,9,0.0
1,0,0.0
1,1,0.635684
1,10,5.176535
1,11,5.9455876
1,12,7.235817
1,13,9.73656
1,14,15.342287
1,15,30.0
1,2,1.2555904
1,3,1.8458221
1,4,2.3960643
1,5,2.9010608
1,6,3.3620424
1,7,3.788578
1,8,4.201773
1,9,4.6407185
10,0,0.0
10,1,11.119957
10,10,49.44874
10,11,47.824127
10,12,45.030586
10,13,41.015297
10,14,35.873936
10,15,30.0
10,2,21.194397
10,3,29.671423
10,4,36.440994
10,5,41.626167
10,6,45.421684
10,7,48.007133
10,8,49.50953
10,9,49.99106
11,0,0.0
11,1,14.543726
11,10,57.06359
11,11,54.9245
11,12,51.284588
11,13,45.88593
11,14,38.636612
11,15,30.0
11,2,27.11626
11,3,37.07291
11,4,44.574673
11,5,50.036865
11,6,53.861835
11,7,56.35015
11,8,57.684853
11,9,57.935646
12,0,0.0
12,1,19.938694
12,10,65.94548
12,11,63.525723
12,12,59.297344
12,13,52.607227
12,14,42.78658
12,15,30.0
12,2,35.654007
12,3,46.929302
12,4,54.747925
12,5,60.08481
12,6,63.638645
12,7,65.84681
12,8,66.9441
12,9,67.0031
13,0,0.0
13,1,29.557041
13,10,76.1895
13,11,73.93556
13,12,69.77185
13,13,62.459064
13,14,49.90248
13,15,30.0
13,2,48.631783
13,3,60.242363
13,4,67.40294
13,5,71.915794
13,6,74.76115
13,7,76.45434
13,8,77.241646
13,9,77.18718
14,0,0.0
14,1,49.657692
14,10,87.68979
14,11,86.2552
14,12,83.39544
14,13,77.5547
14,14,64.36429
14,15,30.0
14,2,69.07372
14,3,78.00544
14,4,82.705666
14,5,85.414314
14,6,87.035805
14,7,87.96778
14,8,88.380974
14,9,88.31448
15,0,0.0
15,1,100.0
15,10,100.0
15,11,100.0
15,12,100.0
15,13,100.0
15,14,100.0
15,15,30.0
15,2,100.0
15,3,100.0
15,4,100.0
15,5,100.0
15,6,100.0
15,7,100.0
15,8,100.0
15,9,100.0
2,0,0.0
2,1,1.2871466
2,10,10.119839
2,11,11.370003
2,12,13.261121
2,13,16.368135
2,14,21.63259
2,15,30.0
2,2,2.5408573
2,3,3.7316363
2,4,4.837377
2,5,5.84614
2,6,6.7585363
2,7,7.5904984
2,8,8.377804
2,9,9.1845665
3,0,0.0
3,1,1.9720463
3,10,14.748259
3,11,16.153465
3,12,18.070538
3,13,20.842278
3,14,24.819933
3,15,30.0
3,2,3.8890593
3,3,5.7024937
3,4,7.3756742
3,5,8.887594
3,6,10.235469
3,7,11.437088
3,8,12.534378
3,9,13.599918
4,0,0.0
4,1,2.7119823
4,10,19.119822
4,11,20.425074
4,12,22.025288
4,13,24.110516
4,14,26.804865
4,15,30.0
4,2,5.340845
4,3,7.8136115
4,4,10.075242
4,5,12.0931015
4,6,13.85867
4,7,15.388016
4,8,16.722717
4,9,17.932482
5,0,0.0
5,1,3.5350409
5,10,23.373491
5,11,24.401722
5,12,25.49504
5,13,26.769634
5,14,28.28902
5,15,30.0
5,2,6.9487333
5,3,10.135873
5,4,13.018594
5,5,15.550915
5,6,17.718105
5,7,19.533604
5,8,21.036007
5,9,22.287481
6,0,0.0
6,1,4.479451
6,10,27.684948
6,11,28.313305
6,12,28.783518
6,13,29.18397
6,14,29.581581
6,15,30.0
6,2,8.783182
6,3,12.762566
6,4,16.312355
6,5,19.373875
6,6,21.929249
6,7,23.992306
6,8,25.600248
6,9,26.80796
7,0,0.0
7,1,5.599585
7,10,32.245056
7,11,32.38304
7,12,32.141777
7,13,31.601143
7,14,30.853348
7,15,30.0
7,2,10.941989
7,3,15.818859
7,4,20.094402
7,5,23.703
7,6,26.632727
7,7,28.90614
7,8,30.56474
7,9,31.659184
8,0,0.0
8,1,6.9769053
8,10,37.25307
8,11,36.83205
8,12,35.79941
8,13,34.22549
8,14,32.230667
8,15,30.0
8,2,13.566335
8,3,19.476498
8,4,24.543406
8,5,28.711014
8,6,31.992535
8,7,34.434807
8,8,36.093407
8,9,37.018993
9,0,0.0
9,1,8.741703
9,10,42.916203
9,11,41.892677
9,12,39.998352
9,13,37.27074
9,14,33.843834
9,15,30.0
9,2,16.869957
9,3,23.977398
9,4,29.89173
9,5,34.605125
9,6,38.191624
9,7,40.747158
9,8,42.355103
9,9,43.070335
