0,0,0.0
0,1,0.0
0,10,0.0
0,11,0.0
0,12,0.0
0,13,0.0
0,14,0.0
0,15,30.0
0,2,0.0
0,3,0.0
0,4,0.0
0,5,0.0
0,6,0.0
0,7,0.0
0,8,0.0
0,9,0.0
1,0,0.0
1,1,0.63569176
1,10,5.1765666
1,11,5.945615
1,12,7.2358375
1,13,9.736573
1,14,15.342293
1,15,30.0
1,2,1.2556055
1,3,1.845844
1,4,2.3960917
1,5,2.9010928
1,6,3.3620772
1,7,3.7886143
1,8,4.2018094
1,9,4.640753
10,0,0.0
10,1,11.119987
10,10,49.448864
10,11,47.82423
10,12,45.03067
10,13,41.015354
10,14,35.873962
10,15,30.0
10,2,21.194456
10,3,29.671509
10,4,36.4411
10,5,41.62629
10,6,45.421818
10,7,48.007267
10,8,49.50967
10,9,49.991196
11,0,0.0
11,1,14.543753
11,10,57.063694
11,11,54.92459
11,12,51.28466
11,13,45.88598
11,14,38.636635
11,15,30.0
11,2,27.11631
11,3,37.072983
11,4,44.574764
11,5,50.036972
11,6,53.861946
11,7,56.350266
11,8,57.68497
11,9,57.935757
12,0,0.0
12,1,19.938713
12,10,65.94556
12,11,63.525787
12,12,59.297398
12,13,52.60726
12,14,42.7866
12,15,30.0
12,2,35.654045
12,3,46.929356
12,4,54.747997
12,5,60.08489
12,6,63.638733
12,7,65.84689
12,8,66.94418
12,9,67.00319
13,0,0.0
13,1,29.557053
13,10,76.18956
13,11,73.93561
13,12,69.77188
13,13,62.459084
13,14,49.902496
13,15,30.0
13,2,48.63181
13,3,60.2424
13,4,67.402985
13,5,71.91585
13,6,74.7612
13,7,76.4544
13,8,77.24171
13,9,77.18724
14,0,0.0
14,1,49.657696
14,10,87.68982
14,11,86.25522
14,12,83.39545
14,13,77.55471
14,14,64.3643
14,15,30.0
14,2,69.07374
14,3,78.005455
14,4,82.705696
14,5,85.41434
14,6,87.035835
14,7,87.96781
14,8,88.381004
14,9,88.314514
15,0,0.0
15,1,100.0
15,10,100.0
15,11,100.0
15,12,100.0
15,13,100.0
15,14,100.0
15,15,30.0
15,2,100.0
15,3,100.0
15,4,100.0
15,5,100.0
15,6,100.0
15,7,100.0
15,8,100.0
15,9,100.0
2,0,0.0
2,1,1.2871616
2,10,10.119901
2,11,11.370054
2,12,13.261162
2,13,16.368164
2,14,21.632603
2,15,30.0
2,2,2.540887
2,3,3.731679
2,4,4.837431
2,5,5.8462024
2,6,6.758604
2,7,7.5905695
2,8,8.377873
2,9,9.184635
3,0,0.0
3,1,1.9720683
3,10,14.748348
3,11,16.153542
3,12,18.070597
3,13,20.84232
3,14,24.819954
3,15,30.0
3,2,3.8891017
3,3,5.702555
3,4,7.3757524
3,5,8.887684
3,6,10.235567
3,7,11.43719
3,8,12.534481
3,9,13.600016
4,0,0.0
4,1,2.71201
4,10,19.119934
4,11,20.425169
4,12,22.025364
4,13,24.110567
4,14,26.804892
4,15,30.0
4,2,5.340899
4,3,7.8136888
4,4,10.075339
4,5,12.093215
4,6,13.858792
4,7,15.388145
4,8,16.722847
4,9,17.932604
5,0,0.0
5,1,3.5350728
5,10,23.37362
5,11,24.401834
5,12,25.495127
5,13,26.769691
5,14,28.28905
5,15,30.0
5,2,6.948796
5,3,10.1359625
5,4,13.018707
5,5,15.551046
5,6,17.71825
5,7,19.533754
5,8,21.036158
5,9,22.287624
6,0,0.0
6,1,4.479486
6,10,27.685091
6,11,28.313427
6,12,28.783613
6,13,29.184032
6,14,29.581615
6,15,30.0
6,2,8.783251
6,3,12.762664
6,4,16.312479
6,5,19.37402
6,6,21.929405
6,7,23.99247
6,8,25.60041
6,9,26.808117
7,0,0.0
7,1,5.599621
7,10,32.245205
7,11,32.38317
7,12,32.141876
7,13,31.601212
7,14,30.853382
7,15,30.0
7,2,10.9420595
7,3,15.818962
7,4,20.09453
7,5,23.70315
7,6,26.63289
7,7,28.90631
7,8,30.56491
7,9,31.659348
8,0,0.0
8,1,6.9769406
8,10,37.253216
8,11,36.832172
8,12,35.79951
8,13,34.22556
8,14,32.2307
8,15,30.0
8,2,13.566404
8,3,19.476599
8,4,24.543533
8,5,28.711163
8,6,31.992699
8,7,34.434975
8,8,36.093575
8,9,37.019154
9,0,0.0
9,1,8.741737
9,10,42.91634
9,11,41.89279
9,12,39.998444
9,13,37.270805
9,14,33.843864
9,15,30.0
9,2,16.870022
9,3,23.977493
9,4,29.89185
9,5,34.60527
9,6,38.191776
9,7,40.74732
9,8,42.355263
9,9,43.070484
