0,0,0.0
0,1,0.0
0,10,0.0
0,11,0.0
0,12,0.0
0,13,0.0
0,14,0.0
0,15,30.0
0,2,0.0
0,3,0.0
0,4,0.0
0,5,0.0
0,6,0.0
0,7,0.0
0,8,0.0
0,9,0.0
1,0,0.0
1,1,0.63568586
1,10,5.1765423
1,11,5.945594
1,12,7.2358212
1,13,9.736564
1,14,15.342289
1,15,30.0
1,2,1.255594
1,3,1.8458272
1,4,2.396071
1,5,2.9010682
1,6,3.362051
1,7,3.7885861
1,8,4.201782
1,9,4.640726
10,0,0.0
10,1,11.119963
10,10,49.44877
10,11,47.82415
10,12,45.030605
10,13,41.01531
10,14,35.87394
10,15,30.0
10,2,21.194412
10,3,29.671444
10,4,36.44102
10,5,41.626194
10,6,45.421715
10,7,48.007164
10,8,49.509567
10,9,49.991093
11,0,0.0
11,1,14.543734
11,10,57.063614
11,11,54.924522
11,12,51.284603
11,13,45.88594
11,14,38.636616
11,15,30.0
11,2,27.116272
11,3,37.07293
11,4,44.574696
11,5,50.036892
11,6,53.861862
11,7,56.350185
11,8,57.684883
11,9,57.935677
12,0,0.0
12,1,19.938698
12,10,65.94549
12,11,63.52574
12,12,59.29736
12,13,52.60724
12,14,42.786587
12,15,30.0
12,2,35.65402
12,3,46.929314
12,4,54.747948
12,5,60.08483
12,6,63.638676
12,7,65.84683
12,8,66.94412
12,9,67.00312
13,0,0.0
13,1,29.557045
13,10,76.189514
13,11,73.93558
13,12,69.771866
13,13,62.459076
13,14,49.90249
13,15,30.0
13,2,48.63179
13,3,60.242374
13,4,67.402954
13,5,71.915825
13,6,74.76116
13,7,76.45436
13,8,77.24167
13,9,77.187195
14,0,0.0
14,1,49.657692
14,10,87.689804
14,11,86.2552
14,12,83.39545
14,13,77.5547
14,14,64.364296
14,15,30.0
14,2,69.07373
14,3,78.00545
14,4,82.70569
14,5,85.41434
14,6,87.03583
14,7,87.96779
14,8,88.38099
14,9,88.3145
15,0,0.0
15,1,100.0
15,10,100.0
15,11,100.0
15,12,100.0
15,13,100.0
15,14,100.0
15,15,30.0
15,2,100.0
15,3,100.0
15,4,100.0
15,5,100.0
15,6,100.0
15,7,100.0
15,8,100.0
15,9,100.0
2,0,0.0
2,1,1.28715
2,10,10.119853
2,11,11.370014
2,12,13.261131
2,13,16.368143
2,14,21.632591
2,15,30.0
2,2,2.5408642
2,3,3.7316465
2,4,4.83739
2,5,5.846155
2,6,6.7585516
2,7,7.590516
2,8,8.377819
2,9,9.184584
3,0,0.0
3,1,1.9720517
3,10,14.74828
3,11,16.153482
3,12,18.070549
3,13,20.842289
3,14,24.819937
3,15,30.0
3,2,3.8890693
3,3,5.7025084
3,4,7.3756933
3,5,8.887615
3,6,10.235493
3,7,11.437113
3,8,12.534405
3,9,13.599941
4,0,0.0
4,1,2.711989
4,10,19.11985
4,11,20.425095
4,12,22.025307
4,13,24.110527
4,14,26.804873
4,15,30.0
4,2,5.3408585
4,3,7.813629
4,4,10.075266
4,5,12.093128
4,6,13.858699
4,7,15.388048
4,8,16.722748
4,9,17.932512
5,0,0.0
5,1,3.5350487
5,10,23.373522
5,11,24.40175
5,12,25.495058
5,13,26.769648
5,14,28.289026
5,15,30.0
5,2,6.948748
5,3,10.135895
5,4,13.01862
5,5,15.550946
5,6,17.71814
5,7,19.53364
5,8,21.036045
5,9,22.287516
6,0,0.0
6,1,4.479459
6,10,27.684984
6,11,28.313335
6,12,28.783543
6,13,29.183983
6,14,29.58159
6,15,30.0
6,2,8.783199
6,3,12.762587
6,4,16.312386
6,5,19.373909
6,6,21.929287
6,7,23.992344
6,8,25.600286
6,9,26.808
7,0,0.0
7,1,5.599594
7,10,32.245094
7,11,32.38307
7,12,32.1418
7,13,31.601158
7,14,30.853352
7,15,30.0
7,2,10.942004
7,3,15.818884
7,4,20.094433
7,5,23.703035
7,6,26.632767
7,7,28.906181
7,8,30.564781
7,9,31.659222
8,0,0.0
8,1,6.976913
8,10,37.253105
8,11,36.832077
8,12,35.79944
8,13,34.225502
8,14,32.230675
8,15,30.0
8,2,13.566352
8,3,19.47652
8,4,24.543436
8,5,28.71105
8,6,31.992577
8,7,34.434845
8,8,36.093445
8,9,37.019035
9,0,0.0
9,1,8.741712
9,10,42.916237
9,11,41.892704
9,12,39.998375
9,13,37.270756
9,14,33.84384
9,15,30.0
9,2,16.869972
9,3,23.97742
9,4,29.891756
9,5,34.605164
9,6,38.19166
9,7,40.7472
9,8,42.355145
9,9,43.070374
