0,0,0.0
0,1,0.0
0,10,0.0
0,11,0.0
0,12,0.0
0,13,0.0
0,14,0.0
0,15,30.0
0,2,0.0
0,3,0.0
0,4,0.0
0,5,0.0
0,6,0.0
0,7,0.0
0,8,0.0
0,9,0.0
1,0,0.0
1,1,0.63555264
1,10,5.1759877
1,11,5.9451175
1,12,7.235445
1,13,9.736301
1,14,15.342155
1,15,30.0
1,2,1.2553335
1,3,1.8454506
1,4,2.3955946
1,5,2.9005136
1,6,3.3614416
1,7,3.787949
1,8,4.201145
1,9,4.6401167
10,0,0.0
10,1,11.119408
10,10,49.446457
10,11,47.822166
10,12,45.029037
10,13,41.01423
10,14,35.873386
10,15,30.0
10,2,21.193325
10,3,29.669876
10,4,36.439037
10,5,41.623882
10,6,45.41918
10,7,48.004505
10,8,49.506912
10,9,49.988556
11,0,0.0
11,1,14.543257
11,10,57.06163
11,11,54.922825
11,12,51.283264
11,13,45.88501
11,14,38.63614
11,15,30.0
11,2,27.115341
11,3,37.071587
11,4,44.57299
11,5,50.03491
11,6,53.85968
11,7,56.347908
11,8,57.682606
11,9,57.933495
12,0,0.0
12,1,19.938322
12,10,65.943924
12,11,63.52439
12,12,59.296295
12,13,52.606506
12,14,42.78621
12,15,30.0
12,2,35.653282
12,3,46.928253
12,4,54.746597
12,5,60.08326
12,6,63.636944
12,7,65.84503
12,8,66.94232
12,9,67.001396
13,0,0.0
13,1,29.556786
13,10,76.18843
13,11,73.934654
13,12,69.771126
13,13,62.45857
13,14,49.90223
13,15,30.0
13,2,48.631283
13,3,60.24164
13,4,67.40202
13,5,71.914734
13,6,74.75997
13,7,76.45311
13,8,77.24042
13,9,77.186005
14,0,0.0
14,1,49.657562
14,10,87.689255
14,11,86.25473
14,12,83.39507
14,13,77.55444
14,14,64.36417
14,15,30.0
14,2,69.07347
14,3,78.00507
14,4,82.70521
14,5,85.41378
14,6,87.03521
14,7,87.967155
14,8,88.38035
14,9,88.31389
15,0,0.0
15,1,100.0
15,10,100.0
15,11,100.0
15,12,100.0
15,13,100.0
15,14,100.0
15,15,30.0
15,2,100.0
15,3,100.0
15,4,100.0
15,5,100.0
15,6,100.0
15,7,100.0
15,8,100.0
15,9,100.0
2,0,0.0
2,1,1.2868897
2,10,10.118768
2,11,11.369083
2,12,13.260393
2,13,16.367634
2,14,21.632332
2,15,30.0
2,2,2.5403545
2,3,3.7309098
2,4,4.8364587
2,5,5.84507
2,6,6.7573595
2,7,7.5892696
2,8,8.376573
2,9,9.183392
3,0,0.0
3,1,1.971675
3,10,14.746712
3,11,16.152136
3,12,18.069485
3,13,20.84155
3,14,24.819561
3,15,30.0
3,2,3.8883328
3,3,5.7014437
3,4,7.3743463
3,5,8.886046
3,6,10.233769
3,7,11.43531
3,8,12.532601
3,9,13.598218
4,0,0.0
4,1,2.7115128
4,10,19.117865
4,11,20.423393
4,12,22.023958
4,13,24.109596
4,14,26.804396
4,15,30.0
4,2,5.3399267
4,3,7.8122835
4,4,10.073565
4,5,12.091145
4,6,13.856521
4,7,15.385769
4,8,16.72047
4,9,17.930332
5,0,0.0
5,1,3.534494
5,10,23.371208
5,11,24.399765
5,12,25.493488
5,13,26.768562
5,14,28.288471
5,15,30.0
5,2,6.9476633
5,3,10.134327
5,4,13.016637
5,5,15.5486355
5,6,17.715601
5,7,19.530987
5,8,21.03339
5,9,22.284975
6,0,0.0
6,1,4.4788504
6,10,27.682446
6,11,28.311155
6,12,28.781818
6,13,29.18279
6,14,29.58098
6,15,30.0
6,2,8.782007
6,3,12.760866
6,4,16.310207
6,5,19.371372
6,6,21.926498
6,7,23.98943
6,8,25.59737
6,9,26.805208
7,0,0.0
7,1,5.598956
7,10,32.24244
7,11,32.3808
7,12,32.14
7,13,31.599913
7,14,30.852718
7,15,30.0
7,2,10.94076
7,3,15.817083
7,4,20.092155
7,5,23.700382
7,6,26.62985
7,7,28.903131
7,8,30.561733
7,9,31.656305
8,0,0.0
8,1,6.9762764
8,10,37.25045
8,11,36.829803
8,12,35.797634
8,13,34.22426
8,14,32.230034
8,15,30.0
8,2,13.565104
8,3,19.47472
8,4,24.541159
8,5,28.708395
8,6,31.98966
8,7,34.431797
8,8,36.090397
8,9,37.01612
9,0,0.0
9,1,8.741101
9,10,42.913696
9,11,41.89053
9,12,39.996655
9,13,37.26956
9,14,33.84323
9,15,30.0
9,2,16.868782
9,3,23.975698
9,4,29.88958
9,5,34.602623
9,6,38.188873
9,7,40.744286
9,8,42.352226
9,9,43.06758
