0,0,0.0
0,1,0.0
0,10,0.0
0,11,0.0
0,12,0.0
0,13,0.0
0,14,0.0
0,15,0.0
0,16,0.0
0,17,0.0
0,18,0.0
0,19,0.0
0,2,0.0
0,20,0.0
0,21,0.0
0,22,0.0
0,23,0.0
0,24,0.0
0,25,0.0
0,26,0.0
0,27,0.0
0,28,0.0
0,29,30.0
0,3,0.0
0,4,0.0
0,5,0.0
0,6,0.0
0,7,0.0
0,8,0.0
0,9,0.0
1,0,0.0
1,1,0.31443152
1,10,2.4700456
1,11,2.6003845
1,12,2.711239
1,13,2.805563
1,14,2.886591
1,15,2.9582732
1,16,3.0250201
1,17,3.092109
1,18,3.165934
1,19,3.2546296
1,2,0.6237224
1,20,3.3692245
1,21,3.525327
1,22,3.7467787
1,23,4.07207
1,24,4.5689096
1,25,5.3672132
1,26,6.745827
1,27,9.382187
1,28,15.156597
1,29,30.0
1,3,0.9230662
1,4,1.2079823
1,5,1.4749006
1,6,1.7207913
1,7,1.9438745
1,8,2.1429563
1,9,2.318147
10,0,0.0
10,1,2.464243
10,10,19.326532
10,11,20.330952
10,12,21.17553
10,13,21.877821
10,14,22.458712
10,15,22.939539
10,16,23.342854
10,17,23.69085
10,18,24.005522
10,19,24.30835
10,2,4.888323
10,20,24.619713
10,21,24.95936
10,22,25.34488
10,23,25.792189
10,24,26.312954
10,25,26.914474
10,26,27.596516
10,27,28.35104
10,28,29.160553
10,29,30.0
10,3,7.2336836
10,4,9.466269
10,5,11.556306
10,6,13.481738
10,7,15.226109
10,8,16.78185
10,9,18.146725
11,0,0.0
11,1,2.5912619
11,10,20.317669
11,11,21.372028
11,12,22.256723
11,13,22.990992
11,14,23.595255
11,15,24.091927
11,16,24.503187
11,17,24.851274
11,18,25.157532
11,19,25.442158
11,2,5.140089
11,20,25.724255
11,21,26.020882
11,22,26.347607
11,23,26.716784
11,24,27.138035
11,25,27.615978
11,26,28.15054
11,27,28.735085
11,28,29.357414
11,29,30.0
11,3,7.6064563
11,4,9.953665
11,5,12.151534
11,6,14.175454
11,7,16.009628
11,8,17.644388
11,9,19.078957
12,0,0.0
12,1,2.6971073
12,10,21.143732
12,11,22.238811
12,12,23.157001
12,13,23.91689
12,14,24.540112
12,15,25.048653
12,16,25.465168
12,17,25.811432
12,18,26.108252
12,19,26.375055
12,2,5.3501925
12,20,26.629318
12,21,26.886917
12,22,27.160973
12,23,27.462543
12,24,27.798958
12,25,28.174496
12,26,28.588753
12,27,29.037462
12,28,29.51182
12,29,30.0
12,3,7.9170847
12,4,10.3603525
12,5,12.647509
12,6,14.754167
12,7,16.662432
12,8,18.363676
12,9,19.855488
13,0,0.0
13,1,2.7839909
13,10,21.820322
13,11,22.949057
13,12,23.893902
13,13,24.67468
13,14,25.312517
13,15,25.830132
13,16,26.249767
13,17,26.593176
13,18,26.880661
13,19,27.130764
13,2,5.522375
13,20,27.36025
13,21,27.58337
13,22,27.812443
13,23,28.056707
13,24,28.323107
13,25,28.614992
13,26,28.932966
13,27,29.27397
13,28,29.632359
13,29,30.0
13,3,8.172042
13,4,10.69363
13,5,13.054518
13,6,15.228386
13,7,17.197975
13,8,18.953003
13,9,20.49224
14,0,0.0
14,1,2.854014
14,10,22.365818
14,11,23.52102
14,12,24.487484
14,13,25.284416
14,14,25.933802
14,15,26.45794
14,16,26.879389
14,17,27.21951
14,18,27.498247
14,19,27.733688
14,2,5.661385
14,20,27.94159
14,21,28.1357
14,22,28.326992
14,23,28.524387
14,24,28.733803
14,25,28.958988
14,26,29.200676
14,27,29.457504
14,28,29.725676
14,29,30.0
14,3,8.37752
14,4,10.962658
14,5,13.382525
14,6,15.611087
14,7,17.62953
14,8,19.42841
14,9,21.005243
15,0,0.0
15,1,2.9096181
15,10,22.797937
15,11,23.974377
15,12,24.957434
15,13,25.767181
15,14,26.42516
15,15,26.954166
15,16,27.376417
15,17,27.713264
15,18,27.98433
15,19,28.207151
15,2,5.7715592
15,20,28.39716
15,21,28.567175
15,22,28.727943
15,23,28.887468
15,24,29.051804
15,25,29.224365
15,26,29.406773
15,27,29.598402
15,28,29.797262
15,29,30.0
15,3,8.540668
15,4,11.175874
15,5,13.642908
15,6,15.914375
15,7,17.971994
15,8,19.805122
15,9,21.412151
16,0,0.0
16,1,2.9529552
16,10,23.134918
16,11,24.327475
16,12,25.323603
16,13,26.142916
16,14,26.807522
16,15,27.33989
16,16,27.762434
16,17,28.096262
16,18,28.360764
16,19,28.573257
16,2,5.8576
16,20,28.748587
16,21,28.899406
16,22,29.035744
16,23,29.165634
16,24,29.294651
16,25,29.426662
16,26,29.563435
16,27,29.705406
16,28,29.851526
16,29,30.0
16,3,8.667822
16,4,11.342359
16,5,13.845837
16,6,16.151125
16,7,18.238874
16,8,20.099062
16,9,21.72919
17,0,0.0
17,1,2.9862416
17,10,23.393074
17,11,24.598171
17,12,25.603981
17,13,26.430683
17,14,27.100046
17,15,27.634865
17,16,28.057331
17,17,28.38853
17,18,28.647694
17,19,28.851812
17,2,5.923541
17,20,29.015612
17,21,29.151237
17,22,29.268703
17,23,29.375587
17,24,29.477684
17,25,29.578724
17,26,29.681082
17,27,29.785587
17,28,29.892193
17,29,30.0
17,3,8.765476
17,4,11.46995
17,5,14.001649
17,6,16.332558
17,7,18.443714
17,8,20.324299
17,9,21.972412
18,0,0.0
18,1,3.0113263
18,10,23.587772
18,11,24.802052
18,12,25.815277
18,13,26.647293
18,14,27.32024
18,15,27.856686
18,16,28.278948
18,17,28.607964
18,18,28.862839
18,19,29.060463
18,2,5.9733496
18,20,29.215246
18,21,29.339302
18,22,29.442272
18,23,29.531841
18,24,29.613567
18,25,29.691523
18,26,29.768162
18,27,29.844925
18,28,29.922237
18,29,30.0
18,3,8.839067
18,4,11.566305
18,5,14.119064
18,6,16.469532
18,7,18.598068
18,8,20.494268
18,9,22.155659
19,0,0.0
19,1,3.0299602
19,10,23.731993
19,11,24.953209
19,12,25.971727
19,13,26.807741
19,14,27.483173
19,15,28.020784
19,16,28.442749
19,17,28.770012
19,18,29.021587
19,19,29.214197
19,2,6.010256
19,20,29.362215
19,21,29.477486
19,22,29.569702
19,23,29.646305
19,24,29.713049
19,25,29.773924
19,26,29.831758
19,27,29.888186
19,28,29.944153
19,29,30.0
19,3,8.893726
19,4,11.637703
19,5,14.206249
19,6,16.57102
19,7,18.712639
19,8,20.620197
19,9,22.291607
2,0,0.0
2,1,0.6237068
2,10,4.8994823
2,11,5.157687
2,12,5.377434
2,13,5.5639944
2,14,5.7241373
2,15,5.8652463
2,16,5.9960775
2,17,6.126666
2,18,6.2691493
2,19,6.43882
2,2,1.2372966
2,20,6.655709
2,21,6.9478736
2,22,7.3560266
2,23,7.9432216
2,24,8.811237
2,25,10.133801
2,26,12.218351
2,27,15.615923
2,28,21.238926
2,29,30.0
2,3,1.8309932
2,4,2.3962939
2,5,2.9256003
2,6,3.4135172
2,7,3.8558183
2,8,4.2508645
2,9,4.598118
20,0,0.0
20,1,3.0435357
20,10,23.83717
20,11,25.063284
20,12,26.085743
20,13,26.924532
20,14,27.60179
20,15,28.140137
20,16,28.561832
20,17,28.887733
20,18,29.136791
20,19,29.325691
20,2,6.0372133
20,20,29.468634
20,21,29.577488
20,22,29.661743
20,23,29.728947
20,24,29.784721
20,25,29.833284
20,26,29.877485
20,27,29.9193
20,28,29.959888
20,29,30.0
20,3,8.933548
20,4,11.689842
20,5,14.269769
20,6,16.645115
20,7,18.7961
20,8,20.71209
20,9,22.390629
21,0,0.0
21,1,3.053287
21,10,23.912489
21,11,25.142193
21,12,26.167362
21,13,27.008183
21,14,27.68666
21,15,28.22553
21,16,28.646969
21,17,28.97184
21,18,29.219051
21,19,29.405203
21,2,6.0565233
21,20,29.544497
21,21,29.648655
21,22,29.727226
21,23,29.787632
21,24,29.835617
21,25,29.875355
21,26,29.909906
21,27,29.94132
21,28,29.971035
21,29,30.0
21,3,8.962147
21,4,11.72719
21,5,14.315372
21,6,16.698183
21,7,18.856005
21,8,20.777905
21,9,22.461664
22,0,0.0
22,1,3.060154
22,10,23.965597
22,11,25.197742
22,12,26.224873
22,13,27.06705
22,14,27.746407
22,15,28.285591
22,16,28.70683
22,17,29.030941
22,18,29.276804
22,19,29.461008
22,2,6.0701604
22,20,29.597666
22,21,29.698528
22,22,29.773037
22,23,29.82869
22,24,29.871159
22,25,29.904741
22,26,29.93251
22,27,29.956686
22,28,29.978804
22,29,30.0
22,3,8.982286
22,4,11.753559
22,5,14.347488
22,6,16.735643
22,7,18.898186
22,8,20.824337
22,9,22.511679
23,0,0.0
23,1,3.0649223
23,10,24.002354
23,11,25.236238
23,12,26.264668
23,13,27.107815
23,14,27.78773
23,15,28.32714
23,16,28.74821
23,17,29.071777
23,18,29.316696
23,19,29.499512
23,2,6.079602
23,20,29.634348
23,21,29.732883
23,22,29.8046
23,23,29.856926
23,24,29.895607
23,25,29.924927
23,26,29.948044
23,27,29.96723
23,28,29.984137
23,29,30.0
23,3,8.996269
23,4,11.771816
23,5,14.3697815
23,6,16.761576
23,7,18.927452
23,8,20.85648
23,9,22.546362
24,0,0.0
24,1,3.0681677
24,10,24.027409
24,11,25.26243
24,12,26.29177
24,13,27.13554
24,14,27.815857
24,15,28.355387
24,16,28.776344
24,17,29.099525
24,18,29.343782
24,19,29.52565
24,2,6.086047
24,20,29.65922
24,21,29.756182
24,22,29.825972
24,23,29.87605
24,24,29.912146
24,25,29.93858
24,26,29.958542
24,27,29.974358
24,28,29.987738
24,29,30.0
24,3,9.005787
24,4,11.784277
24,5,14.384952
24,6,16.779268
24,7,18.947369
24,8,20.8784
24,9,22.569963
25,0,0.0
25,1,3.0703459
25,10,24.044167
25,11,25.279974
25,12,26.309898
25,13,27.154099
25,14,27.834656
25,15,28.37428
25,16,28.795143
25,17,29.118061
25,18,29.36187
25,19,29.543095
25,2,6.0903587
25,20,29.67582
25,21,29.77171
25,22,29.840218
25,23,29.888784
25,24,29.923157
25,25,29.947666
25,26,29.965523
25,27,29.979095
25,28,29.990133
25,29,30.0
25,3,9.012173
25,4,11.792613
25,5,14.395128
25,6,16.791105
25,7,18.960726
25,8,20.893063
25,9,22.585785
26,0,0.0
26,1,3.0717783
26,10,24.055202
26,11,25.291508
26,12,26.321827
26,13,27.166298
26,14,27.847023
26,15,28.386692
26,16,28.807497
26,17,29.130238
26,18,29.373745
26,19,29.554543
26,2,6.093203
26,20,29.6867
26,21,29.781895
26,22,29.84955
26,23,29.89713
26,24,29.930367
26,25,29.95361
26,26,29.970093
26,27,29.982193
26,28,29.9917
26,29,30.0
26,3,9.016373
26,4,11.798111
26,5,14.401821
26,6,16.798908
26,7,18.96951
26,8,20.902725
26,9,22.596182
27,0,0.0
27,1,3.072707
27,10,24.062336
27,11,25.298973
27,12,26.329536
27,13,27.174187
27,14,27.855011
27,15,28.394716
27,16,28.815475
27,17,29.138096
27,18,29.38141
27,19,29.561928
27,2,6.095042
27,20,29.693726
27,21,29.788456
27,22,29.855572
27,23,29.902502
27,24,29.93501
27,25,29.95744
27,26,29.97303
27,27,29.984192
27,28,29.992706
27,29,30.0
27,3,9.019095
27,4,11.801664
27,5,14.406159
27,6,16.803953
27,7,18.975197
27,8,20.908972
27,9,22.602917
28,0,0.0
28,1,3.073297
28,10,24.066875
28,11,25.303715
28,12,26.334442
28,13,27.1792
28,14,27.860088
28,15,28.399809
28,16,28.820541
28,17,29.143085
28,18,29.386272
28,19,29.566614
28,2,6.0962143
28,20,29.698174
28,21,29.79262
28,22,29.859379
28,23,29.905909
28,24,29.93795
28,25,29.959862
28,26,29.974895
28,27,29.98545
28,28,29.993347
28,29,30.0
28,3,9.020825
28,4,11.803928
28,5,14.408915
28,6,16.807165
28,7,18.978813
28,8,20.912949
28,9,22.607199
29,0,0.0
29,1,3.0736668
29,10,24.069708
29,11,25.30668
29,12,26.3375
29,13,27.182331
29,14,27.863258
29,15,28.402988
29,16,28.823702
29,17,29.146198
29,18,29.389307
29,19,29.569534
29,2,6.0969462
29,20,29.700947
29,21,29.795212
29,22,29.861753
29,23,29.908026
29,24,29.93978
29,25,29.961372
29,26,29.976051
29,27,29.98624
29,28,29.993744
29,29,30.0
29,3,9.02191
29,4,11.805343
29,5,14.410641
29,6,16.809172
29,7,18.981075
29,8,20.915432
29,9,22.609873
3,0,0.0
3,1,0.9230013
3,10,7.2493796
3,11,7.6312523
3,12,7.9555645
3,13,8.230763
3,14,8.466049
3,15,8.6725235
3,16,8.8623705
3,17,9.049856
3,18,9.251738
3,19,9.488507
3,2,1.83091
3,20,9.7866
3,21,10.180996
3,22,10.720744
3,23,11.475868
3,24,12.55027
3,25,14.098476
3,26,16.347698
3,27,19.603767
3,28,24.172968
3,29,30.0
3,3,2.709604
3,4,3.5459368
3,5,4.329405
3,6,5.0511236
3,7,5.70583
3,8,6.290022
3,9,6.8039618
30,0,0.0
30,1,3.0738938
30,10,24.07145
30,11,25.308496
30,12,26.339382
30,13,27.184248
30,14,27.865204
30,15,28.404938
30,16,28.82564
30,17,29.148108
30,18,29.391167
30,19,29.571323
30,2,6.097397
30,20,29.70265
30,21,29.796799
30,22,29.86321
30,23,29.909325
30,24,29.940903
30,25,29.962296
30,26,29.976765
30,27,29.986717
30,28,29.993988
30,29,30.0
30,3,9.022574
30,4,11.806213
30,5,14.4117
30,6,16.810406
30,7,18.982464
30,8,20.916958
30,9,22.611515
31,0,0.0
31,1,3.0740314
31,10,24.072498
31,11,25.309597
31,12,26.340511
31,13,27.18541
31,14,27.866373
31,15,28.406115
31,16,28.826809
31,17,29.149258
31,18,29.392286
31,19,29.572407
31,2,6.0976686
31,20,29.70367
31,21,29.797758
31,22,29.864084
31,23,29.910107
31,24,29.941574
31,25,29.962852
31,26,29.977188
31,27,29.987011
31,28,29.994131
31,29,30.0
31,3,9.022977
31,4,11.806738
31,5,14.41234
31,6,16.81115
31,7,18.983303
31,8,20.917877
31,9,22.612507
32,0,0.0
32,1,3.0741124
32,10,24.07312
32,11,25.310242
32,12,26.341185
32,13,27.186092
32,14,27.86707
32,15,28.406809
32,16,28.8275
32,17,29.149939
32,18,29.39295
32,19,29.57304
32,2,6.09783
32,20,29.70428
32,21,29.79832
32,22,29.864605
32,23,29.910568
32,24,29.941975
32,25,29.963179
32,26,29.977442
32,27,29.987179
32,28,29.994219
32,29,30.0
32,3,9.023215
32,4,11.807051
32,5,14.412721
32,6,16.811592
32,7,18.983799
32,8,20.918423
32,9,22.613094
33,0,0.0
33,1,3.07416
33,10,24.073483
33,11,25.310623
33,12,26.341576
33,13,27.186493
33,14,27.867472
33,15,28.407215
33,16,28.827902
33,17,29.150335
33,18,29.393335
33,19,29.573414
33,2,6.097924
33,20,29.704628
33,21,29.798653
33,22,29.864902
33,23,29.91084
33,24,29.942204
33,25,29.963371
33,26,29.977589
33,27,29.987278
33,28,29.994268
33,29,30.0
33,3,9.023355
33,4,11.807232
33,5,14.412941
33,6,16.81185
33,7,18.984089
33,8,20.918741
33,9,22.613436
34,0,0.0
34,1,3.0741873
34,10,24.073689
34,11,25.31084
34,12,26.341799
34,13,27.186722
34,14,27.867702
34,15,28.407446
34,16,28.828135
34,17,29.150562
34,18,29.393559
34,19,29.573624
34,2,6.097978
34,20,29.704834
34,21,29.798836
34,22,29.865078
34,23,29.91099
34,24,29.942337
34,25,29.963478
34,26,29.97767
34,27,29.987335
34,28,29.994297
34,29,30.0
34,3,9.023434
34,4,11.807336
34,5,14.413069
34,6,16.811996
34,7,18.984255
34,8,20.918922
34,9,22.613632
35,0,0.0
35,1,3.0742028
35,10,24.073807
35,11,25.310959
35,12,26.341925
35,13,27.18685
35,14,27.867836
35,15,28.407578
35,16,28.828262
35,17,29.15069
35,18,29.393677
35,19,29.573746
35,2,6.098008
35,20,29.704945
35,21,29.798946
35,22,29.865171
35,23,29.91108
35,24,29.942411
35,25,29.963541
35,26,29.977718
35,27,29.987366
35,28,29.994312
35,29,30.0
35,3,9.0234785
35,4,11.807394
35,5,14.413139
35,6,16.81208
35,7,18.984348
35,8,20.919025
35,9,22.61374
36,0,0.0
36,1,3.074211
36,10,24.073868
36,11,25.311028
36,12,26.341993
36,13,27.18692
36,14,27.867905
36,15,28.40765
36,16,28.828335
36,17,29.150757
36,18,29.39375
36,19,29.573807
36,2,6.0980253
36,20,29.70501
36,21,29.799
36,22,29.865227
36,23,29.911121
36,24,29.942453
36,25,29.963573
36,26,29.977743
36,27,29.987385
36,28,29.994322
36,29,30.0
36,3,9.023503
36,4,11.807426
36,5,14.413179
36,6,16.812126
36,7,18.984402
36,8,20.919083
36,9,22.613804
37,0,0.0
37,1,3.074216
37,10,24.073906
37,11,25.311064
37,12,26.342031
37,13,27.186956
37,14,27.867943
37,15,28.407688
37,16,28.828373
37,17,29.150799
37,18,29.393784
37,19,29.573847
37,2,6.098034
37,20,29.705042
37,21,29.799034
37,22,29.865253
37,23,29.911148
37,24,29.942474
37,25,29.96359
37,26,29.977757
37,27,29.987392
37,28,29.994328
37,29,30.0
37,3,9.023518
37,4,11.807445
37,5,14.413199
37,6,16.812151
37,7,18.984428
37,8,20.919113
37,9,22.613834
38,0,0.0
38,1,3.0742178
38,10,24.073923
38,11,25.311083
38,12,26.342049
38,13,27.186977
38,14,27.867964
38,15,28.407707
38,16,28.828394
38,17,29.150814
38,18,29.393806
38,19,29.573864
38,2,6.0980387
38,20,29.705061
38,21,29.799051
38,22,29.865269
38,23,29.911163
38,24,29.942486
38,25,29.963604
38,26,29.977764
38,27,29.9874
38,28,29.99433
38,29,30.0
38,3,9.023523
38,4,11.807453
38,5,14.413211
38,6,16.812162
38,7,18.984444
38,8,20.919128
38,9,22.613853
39,0,0.0
39,1,3.0742195
39,10,24.073933
39,11,25.311092
39,12,26.34206
39,13,27.186989
39,14,27.867973
39,15,28.407719
39,16,28.828403
39,17,29.150827
39,18,29.393814
39,19,29.573875
39,2,6.098041
39,20,29.70507
39,21,29.79906
39,22,29.865278
39,23,29.911171
39,24,29.942495
39,25,29.963604
39,26,29.977772
39,27,29.9874
39,28,29.994331
39,29,30.0
39,3,9.023527
39,4,11.807458
39,5,14.413216
39,6,16.81217
39,7,18.98445
39,8,20.919138
39,9,22.613865
4,0,0.0
4,1,1.2078096
4,10,9.485292
4,11,9.983953
4,12,10.407421
4,13,10.765571
4,14,11.070919
4,15,11.336906
4,16,11.579124
4,17,11.814867
4,18,12.064206
4,19,12.35111
4,2,2.3960128
4,20,12.704876
4,21,13.163249
4,22,13.77517
4,23,14.606533
4,24,15.744801
4,25,17.304972
4,26,19.42643
4,27,22.249218
4,28,25.834343
4,29,30.0
4,3,3.5456827
4,4,4.640319
4,5,5.665225
4,6,6.609894
4,7,7.466157
4,8,8.230751
4,9,8.9026165
40,0,0.0
40,1,3.0742197
40,10,24.07394
40,11,25.311096
40,12,26.342068
40,13,27.186993
40,14,27.867981
40,15,28.407722
40,16,28.82841
40,17,29.150833
40,18,29.393822
40,19,29.573883
40,2,6.0980425
40,20,29.705076
40,21,29.799065
40,22,29.86528
40,23,29.911173
40,24,29.942493
40,25,29.963612
40,26,29.97777
40,27,29.987406
40,28,29.99433
40,29,30.0
40,3,9.023529
40,4,11.807461
40,5,14.41322
40,6,16.812172
40,7,18.984455
40,8,20.919142
40,9,22.613865
41,0,0.0
41,1,3.07422
41,10,24.07394
41,11,25.311102
41,12,26.342066
41,13,27.186996
41,14,27.867981
41,15,28.407728
41,16,28.828411
41,17,29.150835
41,18,29.393824
41,19,29.573883
41,2,6.0980425
41,20,29.705078
41,21,29.799065
41,22,29.865282
41,23,29.911175
41,24,29.9425
41,25,29.96361
41,26,29.977772
41,27,29.987404
41,28,29.994331
41,29,30.0
41,3,9.02353
41,4,11.807461
41,5,14.41322
41,6,16.812176
41,7,18.984455
41,8,20.919144
41,9,22.613869
42,0,0.0
42,1,3.07422
42,10,24.073942
42,11,25.3111
42,12,26.342072
42,13,27.186995
42,14,27.867985
42,15,28.407728
42,16,28.828413
42,17,29.150837
42,18,29.393826
42,19,29.573885
42,2,6.098043
42,20,29.705078
42,21,29.799067
42,22,29.865284
42,23,29.911175
42,24,29.9425
42,25,29.963612
42,26,29.977772
42,27,29.987404
42,28,29.994331
42,29,30.0
42,3,9.023531
42,4,11.807462
42,5,14.413221
42,6,16.812174
42,7,18.984455
42,8,20.919144
42,9,22.613873
43,0,0.0
43,1,3.07422
43,10,24.07394
43,11,25.311104
43,12,26.342068
43,13,27.186996
43,14,27.867985
43,15,28.407732
43,16,28.828413
43,17,29.150837
43,18,29.393826
43,19,29.573885
43,2,6.0980434
43,20,29.705076
43,21,29.799068
43,22,29.865284
43,23,29.911179
43,24,29.942497
43,25,29.963614
43,26,29.977772
43,27,29.987404
43,28,29.994333
43,29,30.0
43,3,9.023531
43,4,11.807463
43,5,14.413222
43,6,16.812176
43,7,18.984457
43,8,20.919146
43,9,22.61387
44,0,0.0
44,1,3.0742202
44,10,24.073944
44,11,25.311104
44,12,26.34207
44,13,27.186996
44,14,27.867987
44,15,28.40773
44,16,28.828415
44,17,29.150837
44,18,29.393826
44,19,29.573885
44,2,6.0980434
44,20,29.705082
44,21,29.799067
44,22,29.865286
44,23,29.911179
44,24,29.942501
44,25,29.96361
44,26,29.977774
44,27,29.987404
44,28,29.994333
44,29,30.0
44,3,9.023531
44,4,11.807462
44,5,14.413223
44,6,16.812176
44,7,18.984457
44,8,20.919146
44,9,22.61387
45,0,0.0
45,1,3.0742202
45,10,24.073942
45,11,25.311104
45,12,26.342068
45,13,27.186996
45,14,27.867985
45,15,28.407732
45,16,28.828413
45,17,29.150837
45,18,29.393824
45,19,29.573887
45,2,6.0980434
45,20,29.705078
45,21,29.799068
45,22,29.865284
45,23,29.911179
45,24,29.942497
45,25,29.963612
45,26,29.977772
45,27,29.987406
45,28,29.994331
45,29,30.0
45,3,9.023531
45,4,11.807463
45,5,14.413222
45,6,16.812178
45,7,18.984459
45,8,20.919146
45,9,22.61387
46,0,0.0
46,1,3.0742202
46,10,24.073944
46,11,25.311102
46,12,26.342072
46,13,27.186996
46,14,27.867985
46,15,28.40773
46,16,28.828415
46,17,29.150837
46,18,29.393826
46,19,29.573883
46,2,6.0980434
46,20,29.705082
46,21,29.799067
46,22,29.865288
46,23,29.911177
46,24,29.9425
46,25,29.963612
46,26,29.977774
46,27,29.987404
46,28,29.994333
46,29,30.0
46,3,9.023531
46,4,11.807462
46,5,14.413223
46,6,16.812176
46,7,18.984457
46,8,20.919146
46,9,22.61387
47,0,0.0
47,1,3.07422
47,10,24.073944
47,11,25.311104
47,12,26.342068
47,13,27.186996
47,14,27.867985
47,15,28.407732
47,16,28.828415
47,17,29.150839
47,18,29.393826
47,19,29.573885
47,2,6.0980434
47,20,29.705078
47,21,29.79907
47,22,29.865284
47,23,29.911179
47,24,29.942497
47,25,29.963612
47,26,29.977772
47,27,29.987406
47,28,29.994333
47,29,30.0
47,3,9.023531
47,4,11.807463
47,5,14.413222
47,6,16.812176
47,7,18.984457
47,8,20.919144
47,9,22.61387
48,0,0.0
48,1,3.0742202
48,10,24.073944
48,11,25.311104
48,12,26.342072
48,13,27.186996
48,14,27.867985
48,15,28.40773
48,16,28.828415
48,17,29.150837
48,18,29.393826
48,19,29.573883
48,2,6.0980425
48,20,29.705082
48,21,29.799067
48,22,29.865288
48,23,29.911177
48,24,29.9425
48,25,29.963608
48,26,29.977772
48,27,29.987404
48,28,29.994333
48,29,30.0
48,3,9.023531
48,4,11.807462
48,5,14.413221
48,6,16.812176
48,7,18.984455
48,8,20.919144
48,9,22.613873
49,0,0.0
49,1,3.07422
49,10,24.073942
49,11,25.311102
49,12,26.342072
49,13,27.186996
49,14,27.867985
49,15,28.407732
49,16,28.828413
49,17,29.150839
49,18,29.393824
49,19,29.573887
49,2,6.0980434
49,20,29.705078
49,21,29.79907
49,22,29.865284
49,23,29.911179
49,24,29.942497
49,25,29.963612
49,26,29.97777
49,27,29.987406
49,28,29.994331
49,29,30.0
49,3,9.02353
49,4,11.807462
49,5,14.413222
49,6,16.812174
49,7,18.984457
49,8,20.919144
49,9,22.61387
5,0,0.0
5,1,1.4745275
5,10,11.577233
5,11,12.185188
5,12,12.700161
5,13,13.135052
5,14,13.503769
5,15,13.822756
5,16,14.10957
5,17,14.384005
5,18,14.668175
5,19,14.987434
5,2,2.9249368
5,20,15.372034
5,21,15.85816
5,22,16.490938
5,23,17.325378
5,24,18.42881
5,25,19.877636
5,26,21.749056
5,27,24.095177
5,28,26.896635
5,29,30.0
5,3,4.3286285
5,4,5.6646204
5,5,6.9160595
5,6,8.068783
5,7,9.114272
5,8,10.04694
5,9,10.867033
50,0,0.0
50,1,3.0742202
50,10,24.073942
50,11,25.311104
50,12,26.34207
50,13,27.186998
50,14,27.867987
50,15,28.40773
50,16,28.828415
50,17,29.150837
50,18,29.393827
50,19,29.573883
50,2,6.0980434
50,20,29.70508
50,21,29.799065
50,22,29.865288
50,23,29.911175
50,24,29.942501
50,25,29.963608
50,26,29.977772
50,27,29.987404
50,28,29.994331
50,29,30.0
50,3,9.023531
50,4,11.807462
50,5,14.413221
50,6,16.812176
50,7,18.984455
50,8,20.919144
50,9,22.613869
51,0,0.0
51,1,3.07422
51,10,24.073944
51,11,25.311102
51,12,26.342072
51,13,27.186998
51,14,27.867985
51,15,28.407732
51,16,28.828415
51,17,29.150839
51,18,29.393824
51,19,29.573887
51,2,6.098044
51,20,29.705074
51,21,29.799072
51,22,29.865284
51,23,29.911179
51,24,29.942497
51,25,29.963612
51,26,29.977772
51,27,29.987406
51,28,29.994333
51,29,30.0
51,3,9.023531
51,4,11.807463
51,5,14.413222
51,6,16.812176
51,7,18.984455
51,8,20.919144
51,9,22.613869
52,0,0.0
52,1,3.0742202
52,10,24.073942
52,11,25.311102
52,12,26.342072
52,13,27.186998
52,14,27.867985
52,15,28.40773
52,16,28.828415
52,17,29.150839
52,18,29.393826
52,19,29.573883
52,2,6.0980434
52,20,29.70508
52,21,29.799067
52,22,29.865288
52,23,29.911175
52,24,29.942497
52,25,29.96361
52,26,29.977772
52,27,29.987404
52,28,29.994331
52,29,30.0
52,3,9.023531
52,4,11.807462
52,5,14.413221
52,6,16.812176
52,7,18.984457
52,8,20.919144
52,9,22.61387
53,0,0.0
53,1,3.0742202
53,10,24.073944
53,11,25.311102
53,12,26.34207
53,13,27.186998
53,14,27.867987
53,15,28.40773
53,16,28.828415
53,17,29.150837
53,18,29.393824
53,19,29.573883
53,2,6.0980434
53,20,29.705076
53,21,29.799068
53,22,29.865286
53,23,29.911175
53,24,29.942497
53,25,29.963612
53,26,29.977772
53,27,29.987404
53,28,29.994333
53,29,30.0
53,3,9.02353
53,4,11.807462
53,5,14.413221
53,6,16.812176
53,7,18.984457
53,8,20.919146
53,9,22.613869
54,0,0.0
54,1,3.0742204
54,10,24.073944
54,11,25.311104
54,12,26.342072
54,13,27.187
54,14,27.867985
54,15,28.407732
54,16,28.828415
54,17,29.150837
54,18,29.393824
54,19,29.573883
54,2,6.0980425
54,20,29.705074
54,21,29.799067
54,22,29.865284
54,23,29.911177
54,24,29.942497
54,25,29.96361
54,26,29.977772
54,27,29.987404
54,28,29.994333
54,29,30.0
54,3,9.023531
54,4,11.807462
54,5,14.413222
54,6,16.812176
54,7,18.984457
54,8,20.919144
54,9,22.61387
55,0,0.0
55,1,3.0742202
55,10,24.073942
55,11,25.311104
55,12,26.342072
55,13,27.186996
55,14,27.867987
55,15,28.407732
55,16,28.828415
55,17,29.150837
55,18,29.393826
55,19,29.573883
55,2,6.098044
55,20,29.705078
55,21,29.799068
55,22,29.865286
55,23,29.911179
55,24,29.9425
55,25,29.963612
55,26,29.977772
55,27,29.987404
55,28,29.994333
55,29,30.0
55,3,9.02353
55,4,11.807463
55,5,14.413221
55,6,16.812176
55,7,18.984455
55,8,20.919146
55,9,22.61387
56,0,0.0
56,1,3.0742207
56,10,24.073944
56,11,25.311104
56,12,26.342072
56,13,27.187
56,14,27.867987
56,15,28.407732
56,16,28.828415
56,17,29.150837
56,18,29.393824
56,19,29.573885
56,2,6.0980434
56,20,29.705078
56,21,29.799068
56,22,29.865286
56,23,29.911179
56,24,29.942501
56,25,29.963614
56,26,29.977772
56,27,29.987406
56,28,29.994331
56,29,30.0
56,3,9.023532
56,4,11.807462
56,5,14.413223
56,6,16.812176
56,7,18.984459
56,8,20.919146
56,9,22.613873
57,0,0.0
57,1,3.0742207
57,10,24.073946
57,11,25.311106
57,12,26.342073
57,13,27.187004
57,14,27.867989
57,15,28.407734
57,16,28.828415
57,17,29.150839
57,18,29.393827
57,19,29.573887
57,2,6.098045
57,20,29.70508
57,21,29.79907
57,22,29.865286
57,23,29.91118
57,24,29.942501
57,25,29.963615
57,26,29.977774
57,27,29.987406
57,28,29.994333
57,29,30.0
57,3,9.023532
57,4,11.807465
57,5,14.413223
57,6,16.812178
57,7,18.984457
57,8,20.919147
57,9,22.613873
58,0,0.0
58,1,3.0742214
58,10,24.073948
58,11,25.311111
58,12,26.342077
58,13,27.187004
58,14,27.867992
58,15,28.407734
58,16,28.828419
58,17,29.150845
58,18,29.393831
58,19,29.57389
58,2,6.098045
58,20,29.705084
58,21,29.799072
58,22,29.865292
58,23,29.91118
58,24,29.942503
58,25,29.963614
58,26,29.977776
58,27,29.987406
58,28,29.994333
58,29,30.0
58,3,9.023534
58,4,11.807465
58,5,14.413226
58,6,16.81218
58,7,18.984463
58,8,20.919147
58,9,22.613878
59,0,0.0
59,1,3.0742216
59,10,24.073956
59,11,25.311115
59,12,26.342083
59,13,27.187012
59,14,27.867996
59,15,28.407742
59,16,28.828424
59,17,29.150848
59,18,29.393837
59,19,29.573895
59,2,6.098047
59,20,29.70509
59,21,29.79908
59,22,29.865294
59,23,29.911186
59,24,29.942505
59,25,29.96362
59,26,29.97778
59,27,29.987408
59,28,29.994335
59,29,30.0
59,3,9.023535
59,4,11.807469
59,5,14.413229
59,6,16.812185
59,7,18.984463
59,8,20.919155
59,9,22.61388
6,0,0.0
6,1,1.7200718
6,10,13.5028515
6,11,14.210218
6,12,14.809063
6,13,15.312821
6,14,15.738196
6,15,16.102783
6,16,16.426378
6,17,16.730026
6,18,17.03685
6,19,17.372618
6,2,3.41219
6,20,17.766155
6,21,18.251057
6,22,18.865494
6,23,19.653751
6,24,20.663668
6,25,21.943874
6,26,23.532822
6,27,25.442917
6,28,27.635284
6,29,30.0
6,3,5.049411
6,4,6.608159
6,5,8.067544
6,6,9.412478
6,7,10.631365
6,8,11.719369
6,9,12.674953
60,0,0.0
60,1,3.0742238
60,10,24.073967
60,11,25.311129
60,12,26.342096
60,13,27.187025
60,14,27.868011
60,15,28.407755
60,16,28.82844
60,17,29.150862
60,18,29.393848
60,19,29.573908
60,2,6.098049
60,20,29.705101
60,21,29.799088
60,22,29.865303
60,23,29.911194
60,24,29.942514
60,25,29.963623
60,26,29.977781
60,27,29.987411
60,28,29.994333
60,29,30.0
60,3,9.023541
60,4,11.807474
60,5,14.413239
60,6,16.812191
60,7,18.984478
60,8,20.919163
60,9,22.613895
61,0,0.0
61,1,3.0742264
61,10,24.07399
61,11,25.311152
61,12,26.342121
61,13,27.18705
61,14,27.868036
61,15,28.407782
61,16,28.828465
61,17,29.150888
61,18,29.393873
61,19,29.573933
61,2,6.098057
61,20,29.705122
61,21,29.79911
61,22,29.865322
61,23,29.91121
61,24,29.942528
61,25,29.963634
61,26,29.97779
61,27,29.987415
61,28,29.994339
61,29,30.0
61,3,9.023549
61,4,11.807488
61,5,14.413251
61,6,16.812212
61,7,18.984493
61,8,20.919188
61,9,22.613914
62,0,0.0
62,1,3.074233
62,10,24.074036
62,11,25.3112
62,12,26.342169
62,13,27.1871
62,14,27.868088
62,15,28.407831
62,16,28.828514
62,17,29.150936
62,18,29.39392
62,19,29.573977
62,2,6.0980673
62,20,29.705166
62,21,29.799149
62,22,29.86536
62,23,29.911242
62,24,29.942554
62,25,29.963657
62,26,29.977806
62,27,29.987427
62,28,29.994343
62,29,30.0
62,3,9.023569
62,4,11.807509
62,5,14.413282
62,6,16.812243
62,7,18.984533
62,8,20.919226
62,9,22.61396
63,0,0.0
63,1,3.074244
63,10,24.07412
63,11,25.311287
63,12,26.342258
63,13,27.187191
63,14,27.868177
63,15,28.407923
63,16,28.828606
63,17,29.151026
63,18,29.394009
63,19,29.574062
63,2,6.098091
63,20,29.705242
63,21,29.799225
63,22,29.865423
63,23,29.9113
63,24,29.942606
63,25,29.963697
63,26,29.97784
63,27,29.98745
63,28,29.994354
63,29,30.0
63,3,9.0236
63,4,11.807555
63,5,14.413332
63,6,16.812305
63,7,18.9846
63,8,20.9193
63,9,22.614037
64,0,0.0
64,1,3.0742655
64,10,24.074274
64,11,25.311447
64,12,26.342424
64,13,27.187359
64,14,27.868347
64,15,28.408092
64,16,28.828773
64,17,29.151192
64,18,29.394169
64,19,29.574215
64,2,6.0981317
64,20,29.70539
64,21,29.799358
64,22,29.865551
64,23,29.911413
64,24,29.942701
64,25,29.963778
64,26,29.977901
64,27,29.987492
64,28,29.994377
64,29,30.0
64,3,9.023663
64,4,11.807632
64,5,14.413431
64,6,16.812416
64,7,18.984726
64,8,20.919437
64,9,22.614185
65,0,0.0
65,1,3.0743032
65,10,24.074556
65,11,25.31174
65,12,26.342724
65,13,27.187664
65,14,27.868656
65,15,28.408401
65,16,28.829079
65,17,29.15149
65,18,29.394459
65,19,29.574493
65,2,6.098209
65,20,29.705656
65,21,29.799606
65,22,29.865774
65,23,29.911613
65,24,29.942877
65,25,29.96392
65,26,29.97801
65,27,29.987566
65,28,29.994413
65,29,30.0
65,3,9.023773
65,4,11.80778
65,5,14.413607
65,6,16.812622
65,7,18.984955
65,8,20.919687
65,9,22.614452
66,0,0.0
66,1,3.074372
66,10,24.075058
66,11,25.312263
66,12,26.34326
66,13,27.18821
66,14,27.869204
66,15,28.408947
66,16,28.82962
66,17,29.152023
66,18,29.394976
66,19,29.57499
66,2,6.0983424
66,20,29.706123
66,21,29.800045
66,22,29.866179
66,23,29.911972
66,24,29.943184
66,25,29.964176
66,26,29.978207
66,27,29.987698
66,28,29.994482
66,29,30.0
66,3,9.023973
66,4,11.808037
66,5,14.413921
66,6,16.812984
66,7,18.985363
66,8,20.920134
66,9,22.61493
67,0,0.0
67,1,3.0744913
67,10,24.07594
67,11,25.313175
67,12,26.3442
67,13,27.189163
67,14,27.870165
67,15,28.40991
67,16,28.83057
67,17,29.152956
67,18,29.395882
67,19,29.57586
67,2,6.098581
67,20,29.706951
67,21,29.800814
67,22,29.866882
67,23,29.9126
67,24,29.943726
67,25,29.964622
67,26,29.978548
67,27,29.98793
67,28,29.994598
67,29,30.0
67,3,9.0243225
67,4,11.808495
67,5,14.414473
67,6,16.813625
67,7,18.986078
67,8,20.920914
67,9,22.615767
68,0,0.0
68,1,3.0746982
68,10,24.07745
68,11,25.314749
68,12,26.345814
68,13,27.190805
68,14,27.871822
68,15,28.41156
68,16,28.832207
68,17,29.15456
68,18,29.397442
68,19,29.57736
68,2,6.0989885
68,20,29.70837
68,21,29.80214
68,22,29.868093
68,23,29.913681
68,24,29.944656
68,25,29.965387
68,26,29.979137
68,27,29.988329
68,28,29.994799
68,29,30.0
68,3,9.024925
68,4,11.809277
68,5,14.415425
68,6,16.814724
68,7,18.987312
68,8,20.92226
68,9,22.617207
69,0,0.0
69,1,3.0750477
69,10,24.080013
69,11,25.317406
69,12,26.348545
69,13,27.193577
69,14,27.874615
69,15,28.41435
69,16,28.834972
69,17,29.157272
69,18,29.400078
69,19,29.579891
69,2,6.099682
69,20,29.710773
69,21,29.804379
69,22,29.87014
69,23,29.915504
69,24,29.946232
69,25,29.966686
69,26,29.980131
69,27,29.989002
69,28,29.99514
69,29,30.0
69,3,9.025945
69,4,11.810606
69,5,14.417033
69,6,16.81659
69,7,18.989395
69,8,20.924536
69,9,22.619637
7,0,0.0
7,1,1.9425877
7,10,15.245562
7,11,16.043018
7,12,16.71634
7,13,17.2816
7,14,17.755972
7,15,18.159246
7,16,18.511925
7,17,18.836151
7,18,19.15528
7,19,19.494213
7,2,3.8533897
7,20,19.880213
7,21,20.342468
7,22,20.913269
7,23,21.626041
7,24,22.51483
7,25,23.60859
7,26,24.925438
7,27,26.46092
7,28,28.177895
7,29,30.0
7,3,5.702562
7,4,7.4624987
7,5,9.11087
7,6,10.629075
7,7,12.0057
7,8,13.233402
7,9,14.312219
70,0,0.0
70,1,3.0756307
70,10,24.084267
70,11,25.321825
70,12,26.353075
70,13,27.198187
70,14,27.879255
70,15,28.418987
70,16,28.839561
70,17,29.161777
70,18,29.404453
70,19,29.584097
70,2,6.100834
70,20,29.714756
70,21,29.808102
70,22,29.873543
70,23,29.918543
70,24,29.948849
70,25,29.968843
70,26,29.981785
70,27,29.990128
70,28,29.995707
70,29,30.0
70,3,9.027645
70,4,11.812815
70,5,14.419714
70,6,16.819687
70,7,18.992867
70,8,20.928318
70,9,22.623684
71,0,0.0
71,1,3.0765843
71,10,24.09122
71,11,25.329037
71,12,26.360481
71,13,27.205708
71,14,27.886831
71,15,28.42655
71,16,28.847052
71,17,29.169128
71,18,29.411602
71,19,29.590961
71,2,6.1027217
71,20,29.721272
71,21,29.814175
71,22,29.879105
71,23,29.923498
71,24,29.95313
71,25,29.972364
71,26,29.984493
71,27,29.991959
71,28,29.996635
71,29,30.0
71,3,9.030425
71,4,11.816433
71,5,14.424098
71,6,16.82476
71,7,18.998535
71,8,20.934504
71,9,22.630291
72,0,0.0
72,1,3.0781207
72,10,24.102383
72,11,25.340622
72,12,26.37236
72,13,27.21778
72,14,27.898981
72,15,28.438686
72,16,28.859066
72,17,29.180922
72,18,29.423061
72,19,29.601978
72,2,6.105761
72,20,29.731716
72,21,29.823927
72,22,29.888023
72,23,29.931465
72,24,29.96
72,25,29.978031
72,26,29.98884
72,27,29.99491
72,28,29.998123
72,29,30.0
72,3,9.034902
72,4,11.822256
72,5,14.43115
72,6,16.832916
72,7,19.007654
72,8,20.94444
72,9,22.640911
73,0,0.0
73,1,3.0805545
73,10,24.120008
73,11,25.358898
73,12,26.391108
73,13,27.236814
73,14,27.918148
73,15,28.45782
73,16,28.878016
73,17,29.199516
73,18,29.441135
73,19,29.61935
73,2,6.110573
73,20,29.7482
73,21,29.839312
73,22,29.902113
73,23,29.94403
73,24,29.970858
73,25,29.98697
73,26,29.995712
73,27,29.999567
73,28,30.000477
73,29,30.0
73,3,9.041991
73,4,11.8314705
73,5,14.442314
73,6,16.84581
73,7,19.02207
73,8,20.960144
73,9,22.65768
74,0,0.0
74,1,3.0843453
74,10,24.147366
74,11,25.387259
74,12,26.420177
74,13,27.266333
74,14,27.947859
74,15,28.487478
74,16,28.907377
74,17,29.22834
74,18,29.469154
74,19,29.646296
74,2,6.1180725
74,20,29.77376
74,21,29.863192
74,22,29.923965
74,23,29.963558
74,24,29.987707
74,25,30.000874
74,26,30.00638
74,27,30.00681
74,28,30.004135
74,29,30.0
74,3,9.05303
74,4,11.845822
74,5,14.459679
74,6,16.86588
74,7,19.044474
74,8,20.984547
74,9,22.683723
75,0,0.0
75,1,3.0901592
75,10,24.189116
75,11,25.430517
75,12,26.464506
75,13,27.311325
75,14,27.993135
75,15,28.532673
75,16,28.952126
75,17,29.27226
75,18,29.511868
75,19,29.687359
75,2,6.1295633
75,20,29.812756
75,21,29.899609
75,22,29.957344
75,23,29.99335
75,24,30.013464
75,25,30.022099
75,26,30.022701
75,27,30.017876
75,28,30.00973
75,29,30.0
75,3,9.069948
75,4,11.867794
75,5,14.486271
75,6,16.896564
75,7,19.07874
75,8,21.021824
75,9,22.7235
76,0,0.0
76,1,3.098928
76,10,24.251785
76,11,25.495407
76,12,26.530972
76,13,27.378761
76,14,28.060976
76,15,28.600384
76,16,29.019156
76,17,29.33808
76,18,29.575863
76,19,29.748943
76,2,6.146902
76,20,29.871208
76,21,29.95427
76,22,30.007412
76,23,30.03812
76,24,30.052137
76,25,30.054028
76,26,30.047224
76,27,30.03453
76,28,30.018143
76,29,30.0
76,3,9.09545
76,4,11.900917
76,5,14.52631
76,6,16.942768
76,7,19.130262
76,8,21.077866
76,9,22.783226
77,0,0.0
77,1,3.1119552
77,10,24.344284
77,11,25.591135
77,12,26.62896
77,13,27.478138
77,14,28.16093
77,15,28.700117
77,16,29.117916
77,17,29.435028
77,18,29.6702
77,19,29.839695
77,2,6.172637
77,20,29.957462
77,21,30.034893
77,22,30.081377
77,23,30.104218
77,24,30.109337
77,25,30.10121
77,26,30.083532
77,27,30.059162
77,28,30.030603
77,29,30.0
77,3,9.133309
77,4,11.950031
77,5,14.585669
77,6,17.011175
77,7,19.206522
77,8,21.1607
77,9,22.871473
78,0,0.0
78,1,3.1309993
78,10,24.47861
78,11,25.730015
78,12,26.771044
78,13,27.622166
78,14,28.30573
78,15,28.844606
78,16,29.260952
78,17,29.575521
78,18,29.806871
78,19,29.971323
78,2,6.2102704
78,20,30.082527
78,21,30.151974
78,22,30.188755
78,23,30.200352
78,24,30.192482
78,25,30.169926
78,26,30.136364
78,27,30.095066
78,28,30.04875
78,29,30.0
78,3,9.188609
78,4,12.021762
78,5,14.672241
78,6,17.1109
78,7,19.31753
78,8,21.281221
78,9,22.999699
79,0,0.0
79,1,3.1584392
79,10,24.670448
79,11,25.928226
79,12,26.97366
79,13,27.827442
79,14,28.512062
79,15,29.050407
79,16,29.464745
79,17,29.775652
79,18,30.001738
79,19,30.158966
79,2,6.2644386
79,20,30.26107
79,21,30.319096
79,22,30.34229
79,23,30.337772
79,24,30.311567
79,25,30.2683
79,26,30.212141
79,27,30.146524
79,28,30.074793
79,29,30.0
79,3,9.268202
79,4,12.124859
79,5,14.796615
79,6,17.253942
79,7,19.476648
79,8,21.453697
79,9,23.183064
8,0,0.0
8,1,2.1407604
8,10,16.797482
8,11,17.67391
8,12,18.413319
8,13,19.031635
8,14,19.548225
8,15,19.983147
8,16,20.358221
8,17,20.695696
8,18,21.018698
8,19,21.351225
8,2,4.2466817
8,20,21.71785
8,21,22.144497
8,22,22.656996
8,23,23.281479
8,24,24.040901
8,25,24.953274
8,26,26.025286
8,27,27.247906
8,28,28.590282
8,29,30.0
8,3,6.2842493
8,4,8.224003
8,5,10.040005
8,6,11.713295
8,7,13.229498
8,8,14.582323
8,9,15.769829
80,0,0.0
80,1,3.1973712
80,10,24.940079
80,11,26.206476
80,12,27.257887
80,13,28.115215
80,14,28.801159
80,15,29.338772
80,16,29.750221
80,17,30.056171
80,18,30.274855
80,19,30.422289
80,2,6.341303
80,20,30.511621
80,21,30.554018
80,22,30.558128
80,23,30.531338
80,24,30.479282
80,25,30.407116
80,26,30.319027
80,27,30.219233
80,28,30.111563
80,29,30.0
80,3,9.380995
80,4,12.270895
80,5,14.972487
80,6,17.45605
80,7,19.701065
80,8,21.696728
80,9,23.441013
81,0,0.0
81,1,3.2518563
81,10,25.312893
81,11,26.590828
81,12,27.650072
81,13,28.51202
81,14,29.199636
81,15,29.736078
81,16,30.143675
81,17,30.442759
81,18,30.651619
81,19,30.785583
81,2,6.4487514
81,20,30.857853
81,21,30.87873
81,22,30.857052
81,23,30.799477
81,24,30.71211
81,25,30.59983
81,26,30.467703
81,27,30.320328
81,28,30.162767
81,29,30.0
81,3,9.538611
81,4,12.474613
81,5,15.217608
81,6,17.737167
81,7,20.012848
81,8,22.033699
81,9,23.798264
82,0,0.0
82,1,3.3270235
82,10,25.820316
82,11,27.113142
82,12,28.182507
82,13,29.05026
82,14,29.739822
82,15,30.274643
82,16,30.676907
82,17,30.967056
82,18,31.162666
82,19,31.27906
82,2,6.5969644
82,20,31.32834
82,21,31.32085
82,22,31.26428
82,23,31.165594
82,24,31.030155
82,25,30.86367
82,26,30.671274
82,27,30.459011
82,28,30.232973
82,29,30.0
82,3,9.755669
82,4,12.7549
82,5,15.554124
82,6,18.122564
82,7,20.439293
82,8,22.493912
82,9,24.285145
83,0,0.0
83,1,3.4294274
83,10,26.49994
83,11,27.81173
83,12,28.893639
83,13,29.768494
83,14,30.460262
83,15,30.992626
83,16,31.388016
83,17,31.666294
83,18,31.845024
83,19,31.938278
83,2,6.7986083
83,20,31.958027
83,21,31.91304
83,22,31.811024
83,23,31.65758
83,24,31.458632
83,25,31.21936
83,26,30.946337
83,27,30.646414
83,28,30.328
83,29,30.0
83,3,10.050726
83,4,13.135054
83,5,16.009815
83,6,18.64307
83,7,21.014154
83,8,23.112698
83,9,24.938631
84,0,0.0
84,1,3.5671682
84,10,27.396215
84,11,28.731155
84,12,29.828297
84,13,30.71144
84,14,31.405407
84,15,31.934414
84,16,32.32067
84,17,32.58413
84,18,32.741104
84,19,32.805428
84,2,7.069674
84,20,32.78712
84,21,32.69462
84,22,32.533543
84,23,32.309555
84,24,32.02717
84,25,31.69262
84,26,31.312628
84,27,30.896517
84,28,30.454813
84,29,30.0
84,3,10.446524
84,4,13.644128
84,5,16.618269
84,6,19.336462
84,7,21.777594
84,8,23.932566
84,9,25.802114
85,0,0.0
85,1,3.7504492
85,10,28.559744
85,11,29.92237
85,12,31.037075
85,13,31.929459
85,14,32.625385
85,15,33.149525
85,16,33.524433
85,17,33.769096
85,18,33.899597
85,19,33.927612
85,2,7.4297304
85,20,33.862526
85,21,33.70997
85,22,33.47498
85,23,33.160645
85,24,32.77175
85,25,32.31346
85,26,31.794537
85,27,31.225853
85,28,30.62211
85,29,30.0
85,3,10.971379
85,4,14.317128
85,5,17.420473
85,6,20.247343
85,7,22.777515
85,8,25.002682
85,9,26.92618
86,0,0.0
86,1,3.991819
86,10,30.047407
86,11,31.441425
86,12,32.575638
86,13,33.47756
86,14,34.174553
86,15,34.69217
86,16,35.052647
86,17,35.274914
86,18,35.373024
86,19,35.35785
86,2,7.9032764
86,20,35.235435
86,21,35.0102
86,22,34.683342
86,23,34.25711
86,24,33.73343
86,25,33.1183
86,26,32.420525
86,27,31.65487
86,28,30.840187
86,29,30.0
86,3,11.659597
86,4,15.196939
86,5,18.46484
86,6,21.428791
86,7,24.068876
86,8,26.379826
86,9,28.367432
87,0,0.0
87,1,4.3071814
87,10,31.920418
87,11,33.34866
87,12,34.50288
87,13,35.41366
87,14,36.11017
87,15,36.618713
87,16,36.96194
87,17,37.15731
87,18,37.218105
87,19,37.15174
87,2,8.520428
87,20,36.96257
87,21,36.650146
87,22,36.2136
87,23,35.65023
87,24,34.96087
87,25,34.148933
87,26,33.225426
87,27,32.2077
87,28,31.121895
87,29,30.0
87,3,12.553759
87,4,16.334787
87,5,19.809422
87,6,22.94185
87,7,25.715055
87,8,28.126905
87,9,30.188734
88,0,0.0
88,1,4.716584
88,10,34.243526
88,11,35.70601
88,12,36.878967
88,13,37.796272
88,14,38.489468
88,15,38.98614
88,16,39.30847
88,17,39.47352
88,18,39.491512
88,19,39.36802
88,2,9.3195095
88,20,39.102036
88,21,38.69005
88,22,38.124382
88,23,37.398975
88,24,36.50863
88,25,35.45573
88,26,34.250122
88,27,32.914505
88,28,31.482738
88,29,30.0
88,3,13.706039
88,4,17.793415
88,5,21.522127
88,6,24.857647
88,7,27.786402
88,8,30.313553
88,9,32.456738
89,0,0.0
89,1,5.2464733
89,10,37.08152
89,11,38.57497
89,12,39.76206
89,13,40.681374
89,14,41.367134
89,15,41.84796
89,16,42.146404
89,17,42.277374
89,18,42.24954
89,19,42.063335
89,2,10.349442
89,20,41.714264
89,21,41.190914
89,22,40.480354
89,23,39.56714
89,24,38.440865
89,25,37.097034
89,26,35.54559
89,27,33.81216
89,28,31.942785
89,29,30.0
89,3,15.18276
89,4,19.648823
89,5,23.684216
89,6,27.256683
89,7,30.361584
89,8,33.013405
89,9,35.241272
9,0,0.0
9,1,2.3145347
9,10,18.15607
9,11,19.101862
9,12,19.897804
9,13,20.561987
9,14,21.113628
9,15,21.574318
9,16,21.965828
9,17,22.310736
9,18,22.631634
9,19,22.951044
9,2,4.5911813
9,20,23.291712
9,21,23.675617
9,22,24.12459
9,23,24.658041
9,24,25.292814
9,25,26.039295
9,26,26.899883
9,27,27.86456
9,28,28.910091
9,29,30.0
9,3,6.7942877
9,4,8.891013
9,5,10.854583
9,6,12.662914
9,7,14.3021555
9,8,15.763604
9,9,17.046926
90,0,0.0
90,1,5.932496
90,10,40.497246
90,11,42.012325
90,12,43.20505
90,13,44.118816
90,14,44.790974
90,15,45.25167
90,16,45.52266
90,17,45.617985
90,18,45.542103
90,19,45.29222
90,2,11.675818
90,20,44.856018
90,21,44.21598
90,22,43.347656
90,23,42.226757
90,24,40.829803
90,25,39.144608
90,26,37.174416
90,27,34.949196
90,28,32.528053
90,29,30.0
90,3,17.068819
90,4,21.996323
90,5,26.391571
90,6,30.231628
90,7,33.525227
90,8,36.303963
90,9,38.611233
91,0,0.0
91,1,6.8257837
91,10,44.546387
91,11,46.066925
91,12,47.251038
91,13,48.148098
91,14,48.798553
91,15,49.233467
91,16,49.474693
91,17,49.533417
91,18,49.41171
91,19,49.10013
91,2,13.389111
91,20,48.58071
91,21,47.824364
91,22,46.796192
91,23,45.45467
91,24,43.761303
91,25,41.685226
91,26,39.219173
91,27,36.39033
91,28,33.275307
91,29,30.0
91,3,19.478136
91,4,24.955952
91,5,29.760406
91,6,33.88649
91,7,37.368694
91,8,40.262196
91,9,42.632694
92,0,0.0
92,1,8.003442
92,10,49.27402
92,11,50.774
92,12,51.92917
92,13,52.79411
92,14,53.412155
92,15,53.815434
92,16,54.024433
92,17,54.04898
92,18,53.88626
92,19,53.522675
92,2,15.62179
92,20,52.930595
92,21,52.071594
92,22,50.89339
92,23,49.336235
92,24,47.33435
92,25,44.830574
92,26,41.79021
92,27,38.22932
92,28,34.238747
92,29,30.0
92,3,22.567337
92,4,28.684483
92,5,33.93039
92,6,38.339268
92,7,41.98582
92,8,44.96253
92,9,47.362606
93,0,0.0
93,1,9.591019
93,10,54.707603
93,11,56.151024
93,12,57.24955
93,13,58.06269
93,14,58.635563
93,15,59.00015
93,16,59.176247
93,17,59.170513
93,18,58.97766
93,19,58.57737
93,2,18.577026
93,20,57.935772
93,21,57.00081
93,22,55.704636
93,23,53.960033
93,24,51.66787
93,25,48.723843
93,26,45.04512
93,27,40.60775
93,28,35.506233
93,29,30.0
93,3,26.56171
93,4,33.388134
93,5,39.07174
93,6,43.718758
93,7,47.470505
93,8,50.46912
93,9,52.844566
94,0,0.0
94,1,11.809212
94,10,60.85197
94,11,62.191467
94,12,63.199318
94,13,63.93698
94,14,64.44975
94,15,64.76874
94,16,64.91149
94,17,64.88316
94,18,64.67446
94,19,64.26218
94,2,22.585735
94,20,63.604446
94,21,62.640373
94,22,61.28279
94,23,59.417656
94,24,56.898518
94,25,53.555187
94,26,49.213406
94,27,43.755978
94,28,37.23132
94,29,30.0
94,3,31.792976
94,4,39.34217
94,5,45.38576
94,6,50.161057
94,7,53.906128
94,8,56.829147
94,9,59.099445
95,0,0.0
95,1,15.08521
95,10,67.68118
95,11,68.86087
95,12,69.73857
95,13,70.37447
95,14,70.8113
95,15,71.07728
95,16,71.188034
95,17,71.14602
95,18,70.94113
95,19,70.54701
95,2,28.213877
95,20,69.91991
95,21,68.99097
95,22,67.6614
95,23,65.78909
95,24,63.17897
95,25,59.569275
95,26,54.63971
95,27,48.06708
95,28,39.711746
95,29,30.0
95,3,38.75896
95,4,46.904617
95,5,53.099396
95,6,57.79245
95,7,61.352383
95,8,64.058464
95,9,66.117645
96,0,0.0
96,1,20.340208
96,10,75.13344
96,11,76.09215
96,12,76.79859
96,13,77.30586
96,14,77.6508
96,15,77.857285
96,16,77.93746
96,17,77.8929
96,18,77.71263
96,19,77.372574
96,2,36.47115
96,20,76.82974
96,21,76.01776
96,22,74.83389
96,23,73.1239
96,24,70.65216
96,25,67.063286
96,26,61.830837
96,27,54.244007
96,28,43.59017
96,29,30.0
96,3,48.192745
96,4,56.51075
96,5,62.431297
96,6,66.69915
96,7,69.81898
96,8,72.126785
96,9,73.8471
97,0,0.0
97,1,29.823061
97,10,83.10553
97,11,83.78488
97,12,84.28148
97,13,84.635635
97,14,84.87468
97,15,85.01578
97,16,85.06773
97,17,85.03071
97,18,84.89635
97,19,84.644875
97,2,49.174812
97,20,84.242676
97,21,83.63449
97,22,82.73346
97,23,81.39859
97,24,79.39713
97,25,76.32715
97,26,71.473885
97,27,63.553436
97,28,50.438282
97,29,30.0
97,3,61.08652
97,4,68.589645
97,5,73.51149
97,6,76.8689
97,7,79.23326
97,8,80.937485
97,9,82.18508
98,0,0.0
98,1,49.790306
98,10,91.4538
98,11,91.80664
98,12,92.06328
98,13,92.245514
98,14,92.36789
98,15,92.43958
98,16,92.464966
98,17,92.44416
98,18,92.37219
98,19,92.23838
98,2,69.34502
98,20,92.02353
98,21,91.6965
98,22,91.20572
98,23,90.46454
98,24,89.31732
98,25,87.46271
98,26,84.251335
98,27,78.10348
98,28,64.63247
98,29,30.0
98,3,78.42857
98,4,83.303474
98,5,86.22332
98,6,88.113266
98,7,89.40282
98,8,90.31413
98,9,90.97245
99,0,0.0
99,1,100.0
99,10,100.0
99,11,100.0
99,12,100.0
99,13,100.0
99,14,100.0
99,15,100.0
99,16,100.0
99,17,100.0
99,18,100.0
99,19,100.0
99,2,100.0
99,20,100.0
99,21,100.0
99,22,100.0
99,23,100.0
99,24,100.0
99,25,100.0
99,26,100.0
99,27,100.0
99,28,100.0
99,29,30.0
99,3,100.0
99,4,100.0
99,5,100.0
99,6,100.0
99,7,100.0
99,8,100.0
99,9,100.0
