0,0,0.0
0,1,0.0
0,10,0.0
0,11,0.0
0,12,0.0
0,13,0.0
0,14,0.0
0,15,30.0
0,2,0.0
0,3,0.0
0,4,0.0
0,5,0.0
0,6,0.0
0,7,0.0
0,8,0.0
0,9,0.0
1,0,0.0
1,1,0.6353368
1,10,5.175088
1,11,5.944346
1,12,7.234834
1,13,9.73588
1,14,15.341939
1,15,30.0
1,2,1.2549113
1,3,1.8448405
1,4,2.394823
1,5,2.8996143
1,6,3.360454
1,7,3.786916
1,8,4.2001123
1,9,4.6391287
10,0,0.0
10,1,11.1185055
10,10,49.442703
10,11,47.818935
10,12,45.02649
10,13,41.01246
10,14,35.872482
10,15,30.0
10,2,21.19156
10,3,29.667324
10,4,36.435814
10,5,41.620125
10,6,45.41505
10,7,48.00019
10,8,49.502598
10,9,49.984425
11,0,0.0
11,1,14.542482
11,10,57.058403
11,11,54.92005
11,12,51.28107
11,13,45.8835
11,14,38.63537
11,15,30.0
11,2,27.113827
11,3,37.069397
11,4,44.570225
11,5,50.031685
11,6,53.85614
11,7,56.3442
11,8,57.6789
11,9,57.929955
12,0,0.0
12,1,19.93771
12,10,65.941376
12,11,63.5222
12,12,59.294563
12,13,52.605305
12,14,42.7856
12,15,30.0
12,2,35.652084
12,3,46.92652
12,4,54.74441
12,5,60.080704
12,6,63.63414
12,7,65.84209
12,8,66.93939
12,9,66.99859
13,0,0.0
13,1,29.556366
13,10,76.18667
13,11,73.933136
13,12,69.76993
13,13,62.457733
13,14,49.901802
13,15,30.0
13,2,48.630447
13,3,60.240444
13,4,67.40051
13,5,71.912964
13,6,74.758026
13,7,76.45109
13,8,77.23839
13,9,77.18407
14,0,0.0
14,1,49.65734
14,10,87.68834
14,11,86.25396
14,12,83.394455
14,13,77.554016
14,14,64.363945
14,15,30.0
14,2,69.07306
14,3,78.004456
14,4,82.70444
14,5,85.41287
14,6,87.03422
14,7,87.96611
14,8,88.37931
14,9,88.3129
15,0,0.0
15,1,100.0
15,10,100.0
15,11,100.0
15,12,100.0
15,13,100.0
15,14,100.0
15,15,30.0
15,2,100.0
15,3,100.0
15,4,100.0
15,5,100.0
15,6,100.0
15,7,100.0
15,8,100.0
15,9,100.0
2,0,0.0
2,1,1.2864673
2,10,10.117008
2,11,11.367572
2,12,13.259201
2,13,16.366806
2,14,21.631908
2,15,30.0
2,2,2.5395284
2,3,3.7297158
2,4,4.834949
2,5,5.8433104
2,6,6.7554274
2,7,7.587249
2,8,8.374552
2,9,9.181458
3,0,0.0
3,1,1.9710646
3,10,14.744166
3,11,16.149954
3,12,18.067759
3,13,20.840357
3,14,24.81895
3,15,30.0
3,2,3.887139
3,3,5.6997175
3,4,7.3721647
3,5,8.883504
3,6,10.230976
3,7,11.432389
3,8,12.52968
3,9,13.595425
4,0,0.0
4,1,2.710741
4,10,19.114649
4,11,20.420631
4,12,22.021778
4,13,24.108086
4,14,26.803623
4,15,30.0
4,2,5.338416
4,3,7.8101006
4,4,10.070805
4,5,12.087929
4,6,13.852988
4,7,15.382075
4,8,16.716776
4,9,17.9268
5,0,0.0
5,1,3.5335937
5,10,23.367456
5,11,24.396547
5,12,25.490944
5,13,26.766802
5,14,28.28757
5,15,30.0
5,2,6.945902
5,3,10.131783
5,4,13.013419
5,5,15.544887
5,6,17.711483
5,7,19.52668
5,8,21.029083
5,9,22.280857
6,0,0.0
6,1,4.4778614
6,10,27.678326
6,11,28.307617
6,12,28.779022
6,13,29.180855
6,14,29.579992
6,15,30.0
6,2,8.780072
6,3,12.75807
6,4,16.306673
6,5,19.367252
6,6,21.921976
6,7,23.9847
6,8,25.59264
6,9,26.800684
7,0,0.0
7,1,5.5979223
7,10,32.238125
7,11,32.377094
7,12,32.13707
7,13,31.597889
7,14,30.85168
7,15,30.0
7,2,10.938735
7,3,15.814159
7,4,20.088455
7,5,23.696074
7,6,26.625114
7,7,28.898182
7,8,30.556782
7,9,31.651573
8,0,0.0
8,1,6.975241
8,10,37.24614
8,11,36.826096
8,12,35.79471
8,13,34.222233
8,14,32.229004
8,15,30.0
8,2,13.56308
8,3,19.471792
8,4,24.53746
8,5,28.704082
8,6,31.984928
8,7,34.42684
8,8,36.085445
8,9,37.01138
9,0,0.0
9,1,8.740112
9,10,42.909565
9,11,41.886986
9,12,39.993847
9,13,37.267624
9,14,33.84224
9,15,30.0
9,2,16.866842
9,3,23.972898
9,4,29.88604
9,5,34.5985
9,6,38.184338
9,7,40.739548
9,8,42.34749
9,9,43.06305
