0,0,0.0
0,1,0.0
0,10,0.0
0,11,0.0
0,12,0.0
0,13,0.0
0,14,0.0
0,15,30.0
0,2,0.0
0,3,0.0
0,4,0.0
0,5,0.0
0,6,0.0
0,7,0.0
0,8,0.0
0,9,0.0
1,0,0.0
1,1,0.6356405
1,10,5.176354
1,11,5.9454317
1,12,7.2356935
1,13,9.736474
1,14,15.342243
1,15,30.0
1,2,1.2555054
1,3,1.8456991
1,4,2.3959088
1,5,2.9008794
1,6,3.361843
1,7,3.7883697
1,8,4.2015653
1,9,4.640519
10,0,0.0
10,1,11.119776
10,10,49.447983
10,11,47.823475
10,12,45.030075
10,13,41.014942
10,14,35.873753
10,15,30.0
10,2,21.194042
10,3,29.670914
10,4,36.440342
10,5,41.62541
10,6,45.42085
10,7,48.006264
10,8,49.50866
10,9,49.990227
11,0,0.0
11,1,14.543571
11,10,57.062935
11,11,54.923943
11,12,51.284153
11,13,45.885628
11,14,38.636456
11,15,30.0
11,2,27.115955
11,3,37.07247
11,4,44.57412
11,5,50.036217
11,6,53.861122
11,7,56.349403
11,8,57.68411
11,9,57.934933
12,0,0.0
12,1,19.938572
12,10,65.94496
12,11,63.525284
12,12,59.296997
12,13,52.60699
12,14,42.786453
12,15,30.0
12,2,35.65377
12,3,46.928955
12,4,54.747494
12,5,60.084297
12,6,63.63809
12,7,65.84622
12,8,66.94351
12,9,67.00253
13,0,0.0
13,1,29.556957
13,10,76.18915
13,11,73.93526
13,12,69.771614
13,13,62.458897
13,14,49.9024
13,15,30.0
13,2,48.631622
13,3,60.242134
13,4,67.40263
13,5,71.91545
13,6,74.76076
13,7,76.45395
13,8,77.24124
13,9,77.18679
14,0,0.0
14,1,49.657646
14,10,87.68961
14,11,86.25505
14,12,83.39531
14,13,77.55461
14,14,64.36425
14,15,30.0
14,2,69.07365
14,3,78.00532
14,4,82.70552
14,5,85.41414
14,6,87.035614
14,7,87.967575
14,8,88.380775
14,9,88.314285
15,0,0.0
15,1,100.0
15,10,100.0
15,11,100.0
15,12,100.0
15,13,100.0
15,14,100.0
15,15,30.0
15,2,100.0
15,3,100.0
15,4,100.0
15,5,100.0
15,6,100.0
15,7,100.0
15,8,100.0
15,9,100.0
2,0,0.0
2,1,1.2870615
2,10,10.119485
2,11,11.369698
2,12,13.26088
2,13,16.36797
2,14,21.632504
2,15,30.0
2,2,2.540691
2,3,3.7313957
2,4,4.8370733
2,5,5.8457847
2,6,6.758147
2,7,7.5900908
2,8,8.377397
2,9,9.184177
3,0,0.0
3,1,1.9719236
3,10,14.7477455
3,11,16.153025
3,12,18.070189
3,13,20.842037
3,14,24.819809
3,15,30.0
3,2,3.8888187
3,3,5.702146
3,4,7.375234
3,5,8.887081
3,6,10.234905
3,7,11.436501
3,8,12.53379
3,9,13.599357
4,0,0.0
4,1,2.7118268
4,10,19.119175
4,11,20.424515
4,12,22.024847
4,13,24.11021
4,14,26.80471
4,15,30.0
4,2,5.3405414
4,3,7.8131714
4,4,10.074686
4,5,12.092453
4,6,13.857958
4,7,15.387271
4,8,16.721973
4,9,17.93177
5,0,0.0
5,1,3.5348597
5,10,23.372736
5,11,24.401073
5,12,25.494526
5,13,26.769276
5,14,28.288837
5,15,30.0
5,2,6.948379
5,3,10.135361
5,4,13.017944
5,5,15.55016
5,6,17.717274
5,7,19.532738
5,8,21.035141
5,9,22.286652
6,0,0.0
6,1,4.479252
6,10,27.68412
6,11,28.312595
6,12,28.782955
6,13,29.183578
6,14,29.58138
6,15,30.0
6,2,8.782793
6,3,12.762002
6,4,16.311646
6,5,19.373047
6,6,21.928337
6,7,23.991352
6,8,25.599297
6,9,26.80705
7,0,0.0
7,1,5.5993767
7,10,32.24419
7,11,32.382298
7,12,32.14119
7,13,31.60073
7,14,30.853138
7,15,30.0
7,2,10.941582
7,3,15.818272
7,4,20.093658
7,5,23.702133
7,6,26.631773
7,7,28.905144
7,8,30.563744
7,9,31.65823
8,0,0.0
8,1,6.976697
8,10,37.2522
8,11,36.831306
8,12,35.79882
8,13,34.225082
8,14,32.230457
8,15,30.0
8,2,13.565927
8,3,19.47591
8,4,24.54266
8,5,28.710146
8,6,31.991585
8,7,34.433807
8,8,36.09241
8,9,37.018044
9,0,0.0
9,1,8.741505
9,10,42.915375
9,11,41.891964
9,12,39.99779
9,13,37.270348
9,14,33.843636
9,15,30.0
9,2,16.869568
9,3,23.976833
9,4,29.891016
9,5,34.604294
9,6,38.190712
9,7,40.74621
9,8,42.35415
9,9,43.06942
