0,0,0.0
0,1,0.0
0,10,0.0
0,11,0.0
0,12,0.0
0,13,0.0
0,14,0.0
0,15,30.0
0,2,0.0
0,3,0.0
0,4,0.0
0,5,0.0
0,6,0.0
0,7,0.0
0,8,0.0
0,9,0.0
1,0,0.0
1,1,0.6320468
1,10,5.161032
1,11,5.93225
1,12,7.225245
1,13,9.729233
1,14,15.338538
1,15,30.0
1,2,1.2484673
1,3,1.835512
1,4,2.383
1,5,2.8857965
1,6,3.3452287
1,7,3.7709398
1,8,4.184078
1,9,4.6237435
10,0,0.0
10,1,11.103632
10,10,49.37928
10,11,47.764374
10,12,44.98324
10,13,40.982483
10,14,35.857147
10,15,30.0
10,2,21.162434
10,3,29.62516
10,4,36.382385
10,5,41.557693
10,6,45.346283
10,7,47.92805
10,8,49.430214
10,9,49.91499
11,0,0.0
11,1,14.529606
11,10,57.0035
11,11,54.872818
11,12,51.24363
11,13,45.857544
11,14,38.62209
11,15,30.0
11,2,27.088606
11,3,37.03289
11,4,44.523964
11,5,49.97764
11,6,53.796608
11,7,56.281746
11,8,57.61624
11,9,57.86984
12,0,0.0
12,1,19.92745
12,10,65.89764
12,11,63.484573
12,12,59.264736
12,13,52.584633
12,14,42.775024
12,15,30.0
12,2,35.63199
12,3,46.897438
12,4,54.707558
12,5,60.037647
12,6,63.586716
12,7,65.79234
12,8,66.88947
12,9,66.9507
13,0,0.0
13,1,29.549221
13,10,76.156235
13,11,73.90695
13,12,69.74918
13,13,62.443356
13,14,49.894444
13,15,30.0
13,2,48.616478
13,3,60.220207
13,4,67.37487
13,5,71.88301
13,6,74.72504
13,7,76.416466
13,8,77.20366
13,9,77.15074
14,0,0.0
14,1,49.653687
14,10,87.672745
14,11,86.24054
14,12,83.38381
14,13,77.54664
14,14,64.360176
14,15,30.0
14,2,69.06588
14,3,77.99408
14,4,82.691284
14,5,85.39751
14,6,87.017296
14,7,87.94836
14,8,88.3615
14,9,88.29581
15,0,0.0
15,1,100.0
15,10,100.0
15,11,100.0
15,12,100.0
15,13,100.0
15,14,100.0
15,15,30.0
15,2,100.0
15,3,100.0
15,4,100.0
15,5,100.0
15,6,100.0
15,7,100.0
15,8,100.0
15,9,100.0
2,0,0.0
2,1,1.2800065
2,10,10.089412
2,11,11.343824
2,12,13.240372
2,13,16.353756
2,14,21.62523
2,15,30.0
2,2,2.5268762
2,3,3.7113974
2,4,4.8117347
2,5,5.816177
2,6,6.725534
2,7,7.555878
2,8,8.343071
2,9,9.151249
3,0,0.0
3,1,1.9616727
3,10,14.704052
3,11,16.115433
3,12,18.040394
3,13,20.821384
3,14,24.809242
3,15,30.0
3,2,3.8687434
3,3,5.673089
3,4,7.338414
3,5,8.844061
3,6,10.187518
3,7,11.386789
3,8,12.483917
3,9,13.551513
4,0,0.0
4,1,2.6987705
4,10,19.063534
4,11,20.376648
4,12,21.986904
4,13,24.083916
4,14,26.791254
4,15,30.0
4,2,5.314975
4,3,7.7761626
4,4,10.027796
4,5,12.037664
4,6,13.797611
4,7,15.323965
4,8,16.658463
4,9,17.870846
5,0,0.0
5,1,3.5195112
5,10,23.307335
5,11,24.34481
5,12,25.449932
5,13,26.73837
5,14,28.273026
5,15,30.0
5,2,6.918321
5,3,10.091855
5,4,12.96282
5,5,15.485754
5,6,17.646336
5,7,19.458324
5,8,20.960487
5,9,22.215038
6,0,0.0
6,1,4.4622293
6,10,27.611607
6,11,28.250212
6,12,28.733511
6,13,29.149311
6,14,29.56385
6,15,30.0
6,2,8.74946
6,3,12.713753
6,4,16.250511
6,5,19.30162
6,6,21.849672
6,7,23.908834
6,8,25.516518
6,9,26.727646
7,0,0.0
7,1,5.581391
7,10,32.167587
7,11,32.316402
7,12,32.088955
7,13,31.564539
7,14,30.834618
7,15,30.0
7,2,10.906359
7,3,15.767293
7,4,20.029064
7,5,23.62667
7,6,26.54866
7,7,28.817965
7,8,30.476292
7,9,31.574345
8,0,0.0
8,1,6.9585185
8,10,37.17481
8,11,36.764725
8,12,35.74606
8,13,34.18851
8,14,32.211746
8,15,30.0
8,2,13.530334
8,3,19.424385
8,4,24.47739
8,5,28.633884
8,6,31.9076
8,7,34.345722
8,8,36.004044
8,9,36.93329
9,0,0.0
9,1,8.723944
9,10,42.84062
9,11,41.82766
9,12,39.946823
9,13,37.23503
9,14,33.825565
9,15,30.0
9,2,16.835178
9,3,23.927067
9,4,29.827957
9,5,34.530632
9,6,38.10958
9,7,40.661114
9,8,42.2688
9,9,42.987553
