0,0,0.0
0,1,0.0
0,10,0.0
0,11,0.0
0,12,0.0
0,13,0.0
0,14,0.0
0,15,30.0
0,2,0.0
0,3,0.0
0,4,0.0
0,5,0.0
0,6,0.0
0,7,0.0
0,8,0.0
0,9,0.0
1,0,0.0
1,1,0.63567245
1,10,5.1764865
1,11,5.9455457
1,12,7.2357836
1,13,9.736537
1,14,15.342275
1,15,30.0
1,2,1.2555678
1,3,1.8457894
1,4,2.3960228
1,5,2.9010127
1,6,3.361989
1,7,3.788522
1,8,4.2017174
1,9,4.6406646
10,0,0.0
10,1,11.119907
10,10,49.448536
10,11,47.82395
10,12,45.030453
10,13,41.015205
10,14,35.873886
10,15,30.0
10,2,21.194302
10,3,29.671288
10,4,36.44082
10,5,41.62596
10,6,45.421463
10,7,48.006897
10,8,49.5093
10,9,49.990833
11,0,0.0
11,1,14.543684
11,10,57.063408
11,11,54.924355
11,12,51.284473
11,13,45.88585
11,14,38.63657
11,15,30.0
11,2,27.11618
11,3,37.072792
11,4,44.574524
11,5,50.036697
11,6,53.861645
11,7,56.349953
11,8,57.684658
11,9,57.93546
12,0,0.0
12,1,19.938663
12,10,65.94534
12,11,63.525604
12,12,59.297256
12,13,52.607162
12,14,42.78655
12,15,30.0
12,2,35.653946
12,3,46.929214
12,4,54.747814
12,5,60.08467
12,6,63.638504
12,7,65.84665
12,8,66.94395
12,9,67.002945
13,0,0.0
13,1,29.557022
13,10,76.18941
13,11,73.935486
13,12,69.77179
13,13,62.459023
13,14,49.902462
13,15,30.0
13,2,48.631744
13,3,60.242302
13,4,67.40286
13,5,71.91571
13,6,74.76105
13,7,76.45424
13,8,77.24154
13,9,77.18708
14,0,0.0
14,1,49.65768
14,10,87.68975
14,11,86.25516
14,12,83.3954
14,13,77.55467
14,14,64.36428
14,15,30.0
14,2,69.07371
14,3,78.00541
14,4,82.705635
14,5,85.414276
14,6,87.03577
14,7,87.96773
14,8,88.38093
14,9,88.31444
15,0,0.0
15,1,100.0
15,10,100.0
15,11,100.0
15,12,100.0
15,13,100.0
15,14,100.0
15,15,30.0
15,2,100.0
15,3,100.0
15,4,100.0
15,5,100.0
15,6,100.0
15,7,100.0
15,8,100.0
15,9,100.0
2,0,0.0
2,1,1.2871239
2,10,10.119743
2,11,11.369921
2,12,13.261056
2,13,16.368092
2,14,21.632566
2,15,30.0
2,2,2.5408132
2,3,3.7315722
2,4,4.8372965
2,5,5.8460455
2,6,6.7584314
2,7,7.5903893
2,8,8.377693
2,9,9.1844635
3,0,0.0
3,1,1.9720138
3,10,14.748121
3,11,16.153347
3,12,18.070442
3,13,20.842213
3,14,24.8199
3,15,30.0
3,2,3.8889954
3,3,5.702401
3,4,7.375557
3,5,8.887458
3,6,10.235318
3,7,11.436931
3,8,12.534221
3,9,13.599768
4,0,0.0
4,1,2.7119408
4,10,19.119648
4,11,20.424923
4,12,22.02517
4,13,24.110432
4,14,26.804825
4,15,30.0
4,2,5.3407645
4,3,7.8134937
4,4,10.075095
4,5,12.092929
4,6,13.85848
4,7,15.387817
4,8,16.722519
4,9,17.932291
5,0,0.0
5,1,3.5349927
5,10,23.373287
5,11,24.40155
5,12,25.4949
5,13,26.769535
5,14,28.28897
5,15,30.0
5,2,6.9486394
5,3,10.135737
5,4,13.01842
5,5,15.5507145
5,6,17.717884
5,7,19.533371
5,8,21.035776
5,9,22.287258
6,0,0.0
6,1,4.479398
6,10,27.684727
6,11,28.313114
6,12,28.783367
6,13,29.183863
6,14,29.581528
6,15,30.0
6,2,8.783079
6,3,12.762415
6,4,16.312166
6,5,19.373655
6,6,21.929005
6,7,23.992052
6,8,25.599993
6,9,26.807716
7,0,0.0
7,1,5.5995297
7,10,32.244823
7,11,32.382843
7,12,32.141617
7,13,31.601032
7,14,30.85329
7,15,30.0
7,2,10.94188
7,3,15.818703
7,4,20.094204
7,5,23.70277
7,6,26.632471
7,7,28.905872
7,8,30.564474
7,9,31.658928
8,0,0.0
8,1,6.9768496
8,10,37.25284
8,11,36.83185
8,12,35.799255
8,13,34.225384
8,14,32.23061
8,15,30.0
8,2,13.566226
8,3,19.476341
8,4,24.543205
8,5,28.710781
8,6,31.992283
8,7,34.43454
8,8,36.09314
8,9,37.018738
9,0,0.0
9,1,8.741651
9,10,42.915977
9,11,41.892487
9,12,39.998203
9,13,37.270638
9,14,33.84378
9,15,30.0
9,2,16.869854
9,3,23.977247
9,4,29.89154
9,5,34.604908
9,6,38.19138
9,7,40.746902
9,8,42.354847
9,9,43.070087
