0,0,0.0
0,1,0.0
0,10,0.0
0,11,0.0
0,12,0.0
0,13,0.0
0,14,0.0
0,15,30.0
0,2,0.0
0,3,0.0
0,4,0.0
0,5,0.0
0,6,0.0
0,7,0.0
0,8,0.0
0,9,0.0
1,0,0.0
1,1,5.859375
1,10,13.535156
1,11,13.564453
1,12,13.7109375
1,13,14.589844
1,14,17.929688
1,15,30.0
1,2,10.253906
1,3,12.451172
1,4,13.330078
1,5,13.505859
1,6,13.535156
1,7,13.535156
1,8,13.535156
1,9,13.535156
10,0,0.0
10,1,13.603516
10,10,30.06836
10,11,30.06836
10,12,30.06836
10,13,30.06836
10,14,30.06836
10,15,30.0
10,2,23.271484
10,3,28.105469
10,4,29.716797
10,5,30.039062
10,6,30.06836
10,7,30.06836
10,8,30.06836
10,9,30.06836
11,0,0.0
11,1,14.111328
11,10,30.820312
11,11,30.820312
11,12,30.820312
11,13,30.820312
11,14,30.546875
11,15,30.0
11,2,24.023438
11,3,28.857422
11,4,30.46875
11,5,30.791016
11,6,30.820312
11,7,30.820312
11,8,30.820312
11,9,30.820312
12,0,0.0
12,1,16.65039
12,10,34.58008
12,11,34.58008
12,12,34.58008
12,13,34.16992
12,14,32.939453
12,15,30.0
12,2,27.490234
12,3,32.617188
12,4,34.228516
12,5,34.55078
12,6,34.58008
12,7,34.58008
12,8,34.58008
12,9,34.58008
13,0,0.0
13,1,24.707031
13,10,45.859375
13,11,45.859375
13,12,45.585938
13,13,44.492188
13,14,40.117188
13,15,30.0
13,2,38.28125
13,3,43.79883
13,4,45.507812
13,5,45.83008
13,6,45.859375
13,7,45.859375
13,8,45.859375
13,9,45.859375
14,0,0.0
14,1,46.09375
14,10,68.41797
14,11,68.34961
14,12,68.00781
14,13,65.95703
14,14,58.164062
14,15,30.0
14,2,61.621094
14,3,66.74805
14,4,68.115234
14,5,68.38867
14,6,68.41797
14,7,68.41797
14,8,68.41797
14,9,68.41797
15,0,0.0
15,1,100.0
15,10,100.0
15,11,100.0
15,12,100.0
15,13,100.0
15,14,100.0
15,15,30.0
15,2,100.0
15,3,100.0
15,4,100.0
15,5,100.0
15,6,100.0
15,7,100.0
15,8,100.0
15,9,100.0
2,0,0.0
2,1,10.253906
2,10,23.203125
2,11,23.203125
2,12,23.320312
2,13,23.789062
2,14,25.664062
2,15,30.0
2,2,17.578125
2,3,21.533203
2,4,22.851562
2,5,23.173828
2,6,23.203125
2,7,23.203125
2,8,23.203125
2,9,23.203125
3,0,0.0
3,1,12.451172
3,10,28.03711
3,11,28.03711
3,12,28.03711
3,13,28.21289
3,14,28.740234
3,15,30.0
3,2,21.533203
3,3,26.074219
3,4,27.685547
3,5,28.007812
3,6,28.03711
3,7,28.03711
3,8,28.03711
3,9,28.03711
4,0,0.0
4,1,13.330078
4,10,29.648438
4,11,29.648438
4,12,29.648438
4,13,29.648438
4,14,29.765625
4,15,30.0
4,2,22.851562
4,3,27.685547
4,4,29.296875
4,5,29.61914
4,6,29.648438
4,7,29.648438
4,8,29.648438
4,9,29.648438
5,0,0.0
5,1,13.505859
5,10,29.970703
5,11,29.970703
5,12,29.970703
5,13,29.970703
5,14,29.970703
5,15,30.0
5,2,23.173828
5,3,28.007812
5,4,29.61914
5,5,29.941406
5,6,29.970703
5,7,29.970703
5,8,29.970703
5,9,29.970703
6,0,0.0
6,1,13.535156
6,10,30.0
6,11,30.0
6,12,30.0
6,13,30.0
6,14,30.0
6,15,30.0
6,2,23.203125
6,3,28.03711
6,4,29.648438
6,5,29.970703
6,6,30.0
6,7,30.0
6,8,30.0
6,9,30.0
7,0,0.0
7,1,13.535156
7,10,30.0
7,11,30.0
7,12,30.0
7,13,30.0
7,14,30.0
7,15,30.0
7,2,23.203125
7,3,28.03711
7,4,29.648438
7,5,29.970703
7,6,30.0
7,7,30.0
7,8,30.0
7,9,30.0
8,0,0.0
8,1,13.535156
8,10,30.0
8,11,30.0
8,12,30.0
8,13,30.0
8,14,30.0
8,15,30.0
8,2,23.203125
8,3,28.03711
8,4,29.648438
8,5,29.970703
8,6,30.0
8,7,30.0
8,8,30.0
8,9,30.0
9,0,0.0
9,1,13.535156
9,10,30.0
9,11,30.0
9,12,30.0
9,13,30.0
9,14,30.0
9,15,30.0
9,2,23.203125
9,3,28.03711
9,4,29.648438
9,5,29.970703
9,6,30.0
9,7,30.0
9,8,30.0
9,9,30.0
