0,0,0.0
0,1,0.0
0,10,0.0
0,11,0.0
0,12,0.0
0,13,0.0
0,14,0.0
0,15,30.0
0,2,0.0
0,3,0.0
0,4,0.0
0,5,0.0
0,6,0.0
0,7,0.0
0,8,0.0
0,9,0.0
1,0,0.0
1,1,0.63566995
1,10,5.1764765
1,11,5.945537
1,12,7.235777
1,13,9.736532
1,14,15.342272
1,15,30.0
1,2,1.2555629
1,3,1.8457823
1,4,2.396014
1,5,2.901002
1,6,3.361978
1,7,3.7885098
1,8,4.201706
1,9,4.6406527
10,0,0.0
10,1,11.119898
10,10,49.448494
10,11,47.823914
10,12,45.03042
10,13,41.015182
10,14,35.873875
10,15,30.0
10,2,21.194284
10,3,29.671259
10,4,36.440784
10,5,41.62592
10,6,45.421413
10,7,48.006847
10,8,49.509247
10,9,49.99079
11,0,0.0
11,1,14.543678
11,10,57.063377
11,11,54.92432
11,12,51.284447
11,13,45.885834
11,14,38.63656
11,15,30.0
11,2,27.116161
11,3,37.072773
11,4,44.574493
11,5,50.03666
11,6,53.861603
11,7,56.34991
11,8,57.684616
11,9,57.935417
12,0,0.0
12,1,19.938656
12,10,65.945305
12,11,63.525578
12,12,59.297234
12,13,52.60715
12,14,42.786537
12,15,30.0
12,2,35.653934
12,3,46.92919
12,4,54.74779
12,5,60.084644
12,6,63.638466
12,7,65.84662
12,8,66.94391
12,9,67.002914
13,0,0.0
13,1,29.557014
13,10,76.18939
13,11,73.93547
13,12,69.771774
13,13,62.45901
13,14,49.90246
13,15,30.0
13,2,48.63173
13,3,60.24229
13,4,67.40285
13,5,71.915695
13,6,74.761024
13,7,76.45421
13,8,77.241516
13,9,77.18706
14,0,0.0
14,1,49.657677
14,10,87.68974
14,11,86.25514
14,12,83.39539
14,13,77.55467
14,14,64.36428
14,15,30.0
14,2,69.0737
14,3,78.0054
14,4,82.70563
14,5,85.41426
14,6,87.03574
14,7,87.96772
14,8,88.38091
14,9,88.31442
15,0,0.0
15,1,100.0
15,10,100.0
15,11,100.0
15,12,100.0
15,13,100.0
15,14,100.0
15,15,30.0
15,2,100.0
15,3,100.0
15,4,100.0
15,5,100.0
15,6,100.0
15,7,100.0
15,8,100.0
15,9,100.0
2,0,0.0
2,1,1.2871189
2,10,10.119722
2,11,11.369903
2,12,13.261044
2,13,16.36808
2,14,21.63256
2,15,30.0
2,2,2.5408034
2,3,3.7315586
2,4,4.8372784
2,5,5.846025
2,6,6.7584085
2,7,7.590367
2,8,8.377669
2,9,9.184441
3,0,0.0
3,1,1.9720064
3,10,14.748093
3,11,16.153322
3,12,18.070423
3,13,20.842201
3,14,24.819893
3,15,30.0
3,2,3.8889813
3,3,5.7023807
3,4,7.375532
3,5,8.887427
3,6,10.235286
3,7,11.436895
3,8,12.534187
3,9,13.599734
4,0,0.0
4,1,2.7119317
4,10,19.11961
4,11,20.42489
4,12,22.025145
4,13,24.110416
4,14,26.804815
4,15,30.0
4,2,5.3407464
4,3,7.813469
4,4,10.075062
4,5,12.092892
4,6,13.8584385
4,7,15.3877735
4,8,16.722473
4,9,17.93225
5,0,0.0
5,1,3.5349817
5,10,23.373245
5,11,24.401512
5,12,25.49487
5,13,26.769518
5,14,28.28896
5,15,30.0
5,2,6.9486184
5,3,10.135706
5,4,13.018383
5,5,15.550671
5,6,17.717834
5,7,19.533321
5,8,21.035725
5,9,22.287209
6,0,0.0
6,1,4.4793863
6,10,27.684677
6,11,28.313072
6,12,28.783337
6,13,29.18384
6,14,29.581518
6,15,30.0
6,2,8.783056
6,3,12.762382
6,4,16.312124
6,5,19.373606
6,6,21.928953
6,7,23.991995
6,8,25.599937
6,9,26.807665
7,0,0.0
7,1,5.599518
7,10,32.244774
7,11,32.382797
7,12,32.141586
7,13,31.60101
7,14,30.85328
7,15,30.0
7,2,10.941856
7,3,15.818669
7,4,20.094158
7,5,23.70272
7,6,26.632414
7,7,28.905815
7,8,30.564415
7,9,31.65887
8,0,0.0
8,1,6.976837
8,10,37.252785
8,11,36.831802
8,12,35.799225
8,13,34.225353
8,14,32.2306
8,15,30.0
8,2,13.566203
8,3,19.476307
8,4,24.543165
8,5,28.710732
8,6,31.992228
8,7,34.43448
8,8,36.093082
8,9,37.018684
9,0,0.0
9,1,8.741639
9,10,42.91593
9,11,41.89245
9,12,39.99817
9,13,37.270615
9,14,33.84377
9,15,30.0
9,2,16.869831
9,3,23.977219
9,4,29.891497
9,5,34.60486
9,6,38.191326
9,7,40.74685
9,8,42.35479
9,9,43.070038
