0,0,0.0
0,1,0.0
0,10,0.0
0,11,0.0
0,12,0.0
0,13,0.0
0,14,0.0
0,15,30.0
0,2,0.0
0,3,0.0
0,4,0.0
0,5,0.0
0,6,0.0
0,7,0.0
0,8,0.0
0,9,0.0
1,0,0.0
1,1,0.6356381
1,10,5.176344
1,11,5.945423
1,12,7.235687
1,13,9.736469
1,14,15.34224
1,15,30.0
1,2,1.2555006
1,3,1.8456923
1,4,2.3959002
1,5,2.9008694
1,6,3.3618321
1,7,3.788358
1,8,4.2015533
1,9,4.640508
10,0,0.0
10,1,11.119764
10,10,49.44794
10,11,47.82344
10,12,45.030045
10,13,41.014923
10,14,35.87374
10,15,30.0
10,2,21.194023
10,3,29.670883
10,4,36.440308
10,5,41.625366
10,6,45.420807
10,7,48.00621
10,8,49.508614
10,9,49.99018
11,0,0.0
11,1,14.543562
11,10,57.062904
11,11,54.923912
11,12,51.284126
11,13,45.88561
11,14,38.636444
11,15,30.0
11,2,27.11594
11,3,37.07245
11,4,44.57409
11,5,50.03618
11,6,53.861084
11,7,56.34936
11,8,57.68407
11,9,57.934895
12,0,0.0
12,1,19.938564
12,10,65.94493
12,11,63.52526
12,12,59.296978
12,13,52.60698
12,14,42.786453
12,15,30.0
12,2,35.653755
12,3,46.928936
12,4,54.747467
12,5,60.084267
12,6,63.638054
12,7,65.84619
12,8,66.94348
12,9,67.0025
13,0,0.0
13,1,29.556953
13,10,76.18913
13,11,73.93524
13,12,69.77161
13,13,62.458893
13,14,49.902397
13,15,30.0
13,2,48.631607
13,3,60.242115
13,4,67.40262
13,5,71.915436
13,6,74.76074
13,7,76.45392
13,8,77.24123
13,9,77.18677
14,0,0.0
14,1,49.657646
14,10,87.689606
14,11,86.255035
14,12,83.39531
14,13,77.55461
14,14,64.36425
14,15,30.0
14,2,69.07364
14,3,78.00531
14,4,82.70551
14,5,85.41412
14,6,87.03561
14,7,87.96756
14,8,88.38076
14,9,88.314285
15,0,0.0
15,1,100.0
15,10,100.0
15,11,100.0
15,12,100.0
15,13,100.0
15,14,100.0
15,15,30.0
15,2,100.0
15,3,100.0
15,4,100.0
15,5,100.0
15,6,100.0
15,7,100.0
15,8,100.0
15,9,100.0
2,0,0.0
2,1,1.2870567
2,10,10.119465
2,11,11.36968
2,12,13.260866
2,13,16.36796
2,14,21.632498
2,15,30.0
2,2,2.5406816
2,3,3.7313824
2,4,4.8370557
2,5,5.845765
2,6,6.758125
2,7,7.5900683
2,8,8.377374
2,9,9.184156
3,0,0.0
3,1,1.9719167
3,10,14.747717
3,11,16.153
3,12,18.07017
3,13,20.842022
3,14,24.819803
3,15,30.0
3,2,3.8888052
3,3,5.7021265
3,4,7.37521
3,5,8.8870535
3,6,10.234874
3,7,11.436467
3,8,12.533756
3,9,13.599325
4,0,0.0
4,1,2.7118182
4,10,19.119139
4,11,20.424486
4,12,22.024822
4,13,24.110193
4,14,26.804699
4,15,30.0
4,2,5.3405247
4,3,7.813147
4,4,10.074656
4,5,12.092417
4,6,13.85792
4,7,15.38723
4,8,16.721933
4,9,17.93173
5,0,0.0
5,1,3.5348496
5,10,23.372694
5,11,24.40104
5,12,25.4945
5,13,26.769257
5,14,28.288828
5,15,30.0
5,2,6.9483595
5,3,10.135332
5,4,13.01791
5,5,15.550119
5,6,17.717228
5,7,19.532688
5,8,21.035091
5,9,22.286608
6,0,0.0
6,1,4.4792414
6,10,27.684074
6,11,28.312557
6,12,28.78292
6,13,29.18356
6,14,29.581371
6,15,30.0
6,2,8.782772
6,3,12.761971
6,4,16.311605
6,5,19.373001
6,6,21.928288
6,7,23.991299
6,8,25.599243
6,9,26.807001
7,0,0.0
7,1,5.599365
7,10,32.244144
7,11,32.382256
7,12,32.14116
7,13,31.600712
7,14,30.853127
7,15,30.0
7,2,10.941559
7,3,15.818239
7,4,20.093616
7,5,23.702085
7,6,26.631721
7,7,28.905088
7,8,30.563686
7,9,31.658178
8,0,0.0
8,1,6.9766855
8,10,37.25215
8,11,36.831264
8,12,35.79879
8,13,34.22506
8,14,32.230446
8,15,30.0
8,2,13.565905
8,3,19.475878
8,4,24.542622
8,5,28.710098
8,6,31.991531
8,7,34.433754
8,8,36.092354
8,9,37.01799
9,0,0.0
9,1,8.741492
9,10,42.915325
9,11,41.891926
9,12,39.997757
9,13,37.27033
9,14,33.843624
9,15,30.0
9,2,16.869547
9,3,23.976803
9,4,29.890978
9,5,34.60425
9,6,38.19066
9,7,40.746155
9,8,42.354095
9,9,43.06937
