0,0,0.0
0,1,0.0
0,10,0.0
0,11,0.0
0,12,0.0
0,13,0.0
0,14,0.0
0,15,30.0
0,2,0.0
0,3,0.0
0,4,0.0
0,5,0.0
0,6,0.0
0,7,0.0
0,8,0.0
0,9,0.0
1,0,0.0
1,1,0.6355057
1,10,5.175792
1,11,5.94495
1,12,7.2353115
1,13,9.73621
1,14,15.342108
1,15,30.0
1,2,1.2552415
1,3,1.8453178
1,4,2.3954268
1,5,2.9003174
1,6,3.3612266
1,7,3.7877238
1,8,4.20092
1,9,4.639901
10,0,0.0
10,1,11.119212
10,10,49.44564
10,11,47.821472
10,12,45.02849
10,13,41.01384
10,14,35.87319
10,15,30.0
10,2,21.192942
10,3,29.669321
10,4,36.43833
10,5,41.623062
10,6,45.41828
10,7,48.003567
10,8,49.505974
10,9,49.98766
11,0,0.0
11,1,14.543088
11,10,57.060932
11,11,54.922222
11,12,51.282784
11,13,45.88468
11,14,38.63597
11,15,30.0
11,2,27.115011
11,3,37.071106
11,4,44.57239
11,5,50.03421
11,6,53.858917
11,7,56.34709
11,8,57.6818
11,9,57.932724
12,0,0.0
12,1,19.93819
12,10,65.943375
12,11,63.523922
12,12,59.29592
12,13,52.60624
12,14,42.786076
12,15,30.0
12,2,35.653023
12,3,46.92788
12,4,54.746128
12,5,60.08271
12,6,63.636337
12,7,65.84439
12,8,66.94168
12,9,67.00079
13,0,0.0
13,1,29.556694
13,10,76.18805
13,11,73.934326
13,12,69.770874
13,13,62.458385
13,14,49.902134
13,15,30.0
13,2,48.631104
13,3,60.24138
13,4,67.4017
13,5,71.91435
13,6,74.75955
13,7,76.45267
13,8,77.239975
13,9,77.185585
14,0,0.0
14,1,49.657513
14,10,87.68906
14,11,86.25457
14,12,83.394936
14,13,77.55435
14,14,64.36412
14,15,30.0
14,2,69.07338
14,3,78.00494
14,4,82.70503
14,5,85.413574
14,6,87.034996
14,7,87.966934
14,8,88.38012
14,9,88.313675
15,0,0.0
15,1,100.0
15,10,100.0
15,11,100.0
15,12,100.0
15,13,100.0
15,14,100.0
15,15,30.0
15,2,100.0
15,3,100.0
15,4,100.0
15,5,100.0
15,6,100.0
15,7,100.0
15,8,100.0
15,9,100.0
2,0,0.0
2,1,1.2867975
2,10,10.118384
2,11,11.368753
2,12,13.260135
2,13,16.367453
2,14,21.632238
2,15,30.0
2,2,2.5401745
2,3,3.73065
2,4,4.83613
2,5,5.8446865
2,6,6.7569385
2,7,7.5888295
2,8,8.376131
2,9,9.182971
3,0,0.0
3,1,1.9715421
3,10,14.746158
3,11,16.15166
3,12,18.06911
3,13,20.841291
3,14,24.819427
3,15,30.0
3,2,3.8880732
3,3,5.701068
3,4,7.3738723
3,5,8.885492
3,6,10.233161
3,7,11.434673
3,8,12.531965
3,9,13.5976095
4,0,0.0
4,1,2.7113447
4,10,19.117165
4,11,20.42279
4,12,22.023483
4,13,24.109264
4,14,26.804226
4,15,30.0
4,2,5.3395977
4,3,7.811809
4,4,10.072964
4,5,12.090446
4,6,13.855751
4,7,15.384965
4,8,16.719666
4,9,17.929564
5,0,0.0
5,1,3.5342975
5,10,23.370394
5,11,24.399065
5,12,25.492935
5,13,26.768177
5,14,28.288275
5,15,30.0
5,2,6.94728
5,3,10.133773
5,4,13.015937
5,5,15.547819
5,6,17.714706
5,7,19.530048
5,8,21.032452
5,9,22.284077
6,0,0.0
6,1,4.478635
6,10,27.68155
6,11,28.310387
6,12,28.781212
6,13,29.18237
6,14,29.580765
6,15,30.0
6,2,8.781586
6,3,12.760258
6,4,16.309437
6,5,19.370476
6,6,21.925514
6,7,23.9884
6,8,25.596342
6,9,26.804224
7,0,0.0
7,1,5.598731
7,10,32.2415
7,11,32.37999
7,12,32.139362
7,13,31.599472
7,14,30.852493
7,15,30.0
7,2,10.940318
7,3,15.816445
7,4,20.09135
7,5,23.699444
7,6,26.628822
7,7,28.902056
7,8,30.560654
7,9,31.655275
8,0,0.0
8,1,6.976051
8,10,37.24951
8,11,36.828995
8,12,35.796997
8,13,34.223816
8,14,32.229813
8,15,30.0
8,2,13.564663
8,3,19.474083
8,4,24.540354
8,5,28.707455
8,6,31.98863
8,7,34.43072
8,8,36.08932
8,9,37.015087
9,0,0.0
9,1,8.740887
9,10,42.912804
9,11,41.88976
9,12,39.996044
9,13,37.269142
9,14,33.843018
9,15,30.0
9,2,16.868359
9,3,23.97509
9,4,29.88881
9,5,34.601727
9,6,38.187885
9,7,40.743256
9,8,42.351192
9,9,43.0666
