0,0,0.0
0,1,0.0
0,10,0.0
0,11,0.0
0,12,0.0
0,13,0.0
0,14,0.0
0,15,30.0
0,2,0.0
0,3,0.0
0,4,0.0
0,5,0.0
0,6,0.0
0,7,0.0
0,8,0.0
0,9,0.0
1,0,0.0
1,1,0.6356797
1,10,5.1765175
1,11,5.9455724
1,12,7.2358046
1,13,9.736551
1,14,15.342282
1,15,30.0
1,2,1.2555823
1,3,1.8458102
1,4,2.3960495
1,5,2.9010434
1,6,3.3620229
1,7,3.7885573
1,8,4.201753
1,9,4.6406984
10,0,0.0
10,1,11.119938
10,10,49.44866
10,11,47.82406
10,12,45.030537
10,13,41.015263
10,14,35.873917
10,15,30.0
10,2,21.194363
10,3,29.671373
10,4,36.44093
10,5,41.62609
10,6,45.4216
10,7,48.007042
10,8,49.50944
10,9,49.990982
11,0,0.0
11,1,14.543711
11,10,57.063522
11,11,54.924446
11,12,51.284546
11,13,45.885902
11,14,38.636597
11,15,30.0
11,2,27.11623
11,3,37.07287
11,4,44.57462
11,5,50.036804
11,6,53.861763
11,7,56.350075
11,8,57.68478
11,9,57.935574
12,0,0.0
12,1,19.938683
12,10,65.94542
12,11,63.52568
12,12,59.29731
12,13,52.607204
12,14,42.786568
12,15,30.0
12,2,35.653988
12,3,46.92927
12,4,54.747887
12,5,60.084763
12,6,63.638588
12,7,65.846756
12,8,66.94404
12,9,67.003044
13,0,0.0
13,1,29.557037
13,10,76.189476
13,11,73.93554
13,12,69.77183
13,13,62.45905
13,14,49.902473
13,15,30.0
13,2,48.631775
13,3,60.242348
13,4,67.402916
13,5,71.91577
13,6,74.761116
13,7,76.45431
13,8,77.241615
13,9,77.18715
14,0,0.0
14,1,49.657692
14,10,87.68978
14,11,86.25519
14,12,83.395424
14,13,77.55469
14,14,64.36429
14,15,30.0
14,2,69.07372
14,3,78.00543
14,4,82.705666
14,5,85.41431
14,6,87.0358
14,7,87.967766
14,8,88.38096
14,9,88.31447
15,0,0.0
15,1,100.0
15,10,100.0
15,11,100.0
15,12,100.0
15,13,100.0
15,14,100.0
15,15,30.0
15,2,100.0
15,3,100.0
15,4,100.0
15,5,100.0
15,6,100.0
15,7,100.0
15,8,100.0
15,9,100.0
2,0,0.0
2,1,1.2871383
2,10,10.119804
2,11,11.369972
2,12,13.261098
2,13,16.36812
2,14,21.63258
2,15,30.0
2,2,2.540841
2,3,3.7316132
2,4,4.8373475
2,5,5.8461056
2,6,6.758498
2,7,7.5904584
2,8,8.377763
2,9,9.184528
3,0,0.0
3,1,1.9720343
3,10,14.748208
3,11,16.153423
3,12,18.070503
3,13,20.842255
3,14,24.819923
3,15,30.0
3,2,3.8890362
3,3,5.70246
3,4,7.3756323
3,5,8.887545
3,6,10.235414
3,7,11.437031
3,8,12.534321
3,9,13.599864
4,0,0.0
4,1,2.7119675
4,10,19.119759
4,11,20.425018
4,12,22.025246
4,13,24.110485
4,14,26.804852
4,15,30.0
4,2,5.3408155
4,3,7.813569
4,4,10.075189
4,5,12.093039
4,6,13.8586
4,7,15.387942
4,8,16.722645
4,9,17.932411
5,0,0.0
5,1,3.5350232
5,10,23.373417
5,11,24.40166
5,12,25.494987
5,13,26.769598
5,14,28.289001
5,15,30.0
5,2,6.9487
5,3,10.135823
5,4,13.01853
5,5,15.550841
5,6,17.718023
5,7,19.53352
5,8,21.035923
5,9,22.287401
6,0,0.0
6,1,4.479432
6,10,27.68487
6,11,28.313236
6,12,28.783466
6,13,29.18393
6,14,29.581564
6,15,30.0
6,2,8.783144
6,3,12.762512
6,4,16.312286
6,5,19.373796
6,6,21.929161
6,7,23.99221
6,8,25.600157
6,9,26.80787
7,0,0.0
7,1,5.5995646
7,10,32.244972
7,11,32.38297
7,12,32.14172
7,13,31.601105
7,14,30.853325
7,15,30.0
7,2,10.94195
7,3,15.818802
7,4,20.09433
7,5,23.702915
7,6,26.632633
7,7,28.906042
7,8,30.56464
7,9,31.65909
8,0,0.0
8,1,6.976885
8,10,37.252983
8,11,36.831974
8,12,35.799355
8,13,34.22545
8,14,32.230644
8,15,30.0
8,2,13.566296
8,3,19.47644
8,4,24.543333
8,5,28.71093
8,6,31.992445
8,7,34.434708
8,8,36.093307
8,9,37.018898
9,0,0.0
9,1,8.741684
9,10,42.91612
9,11,41.89261
9,12,39.9983
9,13,37.270702
9,14,33.843815
9,15,30.0
9,2,16.869919
9,3,23.977345
9,4,29.891659
9,5,34.605045
9,6,38.191536
9,7,40.747066
9,8,42.35501
9,9,43.070244
