0,0,0.0
0,1,0.0
0,10,0.0
0,11,0.0
0,12,0.0
0,13,0.0
0,14,0.0
0,15,30.0
0,2,0.0
0,3,0.0
0,4,0.0
0,5,0.0
0,6,0.0
0,7,0.0
0,8,0.0
0,9,0.0
1,0,0.0
1,1,0.6355617
1,10,5.176025
1,11,5.9451504
1,12,7.2354703
1,13,9.7363205
1,14,15.342164
1,15,30.0
1,2,1.2553512
1,3,1.8454763
1,4,2.395627
1,5,2.900551
1,6,3.361483
1,7,3.7879925
1,8,4.201188
1,9,4.6401587
10,0,0.0
10,1,11.119446
10,10,49.446617
10,11,47.8223
10,12,45.029152
10,13,41.0143
10,14,35.873425
10,15,30.0
10,2,21.193401
10,3,29.669981
10,4,36.43917
10,5,41.62404
10,6,45.41935
10,7,48.004692
10,8,49.50709
10,9,49.988724
11,0,0.0
11,1,14.54329
11,10,57.061764
11,11,54.922935
11,12,51.283356
11,13,45.88507
11,14,38.636173
11,15,30.0
11,2,27.115404
11,3,37.07168
11,4,44.57311
11,5,50.035046
11,6,53.859833
11,7,56.348057
11,8,57.682762
11,9,57.933647
12,0,0.0
12,1,19.938347
12,10,65.94403
12,11,63.524483
12,12,59.296368
12,13,52.606556
12,14,42.786232
12,15,30.0
12,2,35.653336
12,3,46.928326
12,4,54.746693
12,5,60.083366
12,6,63.637062
12,7,65.84515
12,8,66.942444
12,9,67.00152
13,0,0.0
13,1,29.556805
13,10,76.18851
13,11,73.934715
13,12,69.77118
13,13,62.4586
13,14,49.902245
13,15,30.0
13,2,48.631317
13,3,60.24169
13,4,67.402084
13,5,71.91481
13,6,74.760056
13,7,76.4532
13,8,77.2405
13,9,77.1861
14,0,0.0
14,1,49.65757
14,10,87.68929
14,11,86.25476
14,12,83.395096
14,13,77.55446
14,14,64.364174
14,15,30.0
14,2,69.073494
14,3,78.0051
14,4,82.70524
14,5,85.41382
14,6,87.035255
14,7,87.96719
14,8,88.380394
14,9,88.313934
15,0,0.0
15,1,100.0
15,10,100.0
15,11,100.0
15,12,100.0
15,13,100.0
15,14,100.0
15,15,30.0
15,2,100.0
15,3,100.0
15,4,100.0
15,5,100.0
15,6,100.0
15,7,100.0
15,8,100.0
15,9,100.0
2,0,0.0
2,1,1.2869072
2,10,10.118842
2,11,11.369144
2,12,13.260445
2,13,16.367668
2,14,21.63235
2,15,30.0
2,2,2.540389
2,3,3.7309597
2,4,4.8365216
2,5,5.8451433
2,6,6.7574406
2,7,7.5893545
2,8,8.376658
2,9,9.183472
3,0,0.0
3,1,1.9717007
3,10,14.746816
3,11,16.15223
3,12,18.069557
3,13,20.841602
3,14,24.819586
3,15,30.0
3,2,3.888383
3,3,5.7015157
3,4,7.3744383
3,5,8.886153
3,6,10.233887
3,7,11.435433
3,8,12.532723
3,9,13.598337
4,0,0.0
4,1,2.7115452
4,10,19.118
4,11,20.423508
4,12,22.024052
4,13,24.109661
4,14,26.804428
4,15,30.0
4,2,5.33999
4,3,7.8123755
4,4,10.073679
4,5,12.09128
4,6,13.856669
4,7,15.385924
4,8,16.720627
4,9,17.93048
5,0,0.0
5,1,3.5345316
5,10,23.371367
5,11,24.3999
5,12,25.493595
5,13,26.768635
5,14,28.28851
5,15,30.0
5,2,6.947737
5,3,10.134433
5,4,13.016772
5,5,15.548793
5,6,17.715775
5,7,19.531166
5,8,21.03357
5,9,22.28515
6,0,0.0
6,1,4.4788914
6,10,27.682617
6,11,28.311304
6,12,28.781937
6,13,29.182873
6,14,29.581024
6,15,30.0
6,2,8.782088
6,3,12.760983
6,4,16.310354
6,5,19.371546
6,6,21.92669
6,7,23.989628
6,8,25.597572
6,9,26.805399
7,0,0.0
7,1,5.599
7,10,32.24262
7,11,32.38095
7,12,32.14012
7,13,31.599998
7,14,30.85276
7,15,30.0
7,2,10.940844
7,3,15.817205
7,4,20.09231
7,5,23.700563
7,6,26.63005
7,7,28.90334
7,8,30.56194
7,9,31.656506
8,0,0.0
8,1,6.9763193
8,10,37.250633
8,11,36.829956
8,12,35.79776
8,13,34.224342
8,14,32.230083
8,15,30.0
8,2,13.565189
8,3,19.474842
8,4,24.541315
8,5,28.708576
8,6,31.98986
8,7,34.432007
8,8,36.090607
8,9,37.016315
9,0,0.0
9,1,8.741144
9,10,42.91387
9,11,41.89068
9,12,39.99677
9,13,37.269646
9,14,33.843273
9,15,30.0
9,2,16.868862
9,3,23.975815
9,4,29.889727
9,5,34.6028
9,6,38.18906
9,7,40.74448
9,8,42.352425
9,9,43.067776
