0,0,0.0
0,1,0.0
0,10,0.0
0,11,0.0
0,12,0.0
0,13,0.0
0,14,0.0
0,15,30.0
0,2,0.0
0,3,0.0
0,4,0.0
0,5,0.0
0,6,0.0
0,7,0.0
0,8,0.0
0,9,0.0
1,0,0.0
1,1,0.62836915
1,10,5.1329365
1,11,5.906895
1,12,7.2043695
1,13,9.714369
1,14,15.330805
1,15,30.0
1,2,1.2410206
1,3,1.8241191
1,4,2.3675714
1,5,2.8663335
1,6,3.3220534
1,7,3.744663
1,8,4.155734
1,9,4.594698
10,0,0.0
10,1,11.045794
10,10,49.085087
10,11,47.506676
10,12,44.776054
10,13,40.837326
10,14,35.78241
10,15,30.0
10,2,21.048157
10,3,29.457489
10,4,36.166016
10,5,41.299477
10,6,45.05513
10,7,47.615135
10,8,49.10867
10,9,49.599396
11,0,0.0
11,1,14.475774
11,10,56.73358
11,11,54.636772
11,12,51.053974
11,13,45.724827
11,14,38.553757
11,15,30.0
11,2,26.98238
11,3,36.877148
11,4,44.32337
11,5,49.738598
11,6,53.527626
11,7,55.993206
11,8,57.320286
11,9,57.579914
12,0,0.0
12,1,19.882141
12,10,65.672775
12,11,63.288048
12,12,59.107018
12,13,52.474274
12,14,42.718246
12,15,30.0
12,2,35.5426
12,3,46.76653
12,4,54.539085
12,5,59.837196
12,6,63.361427
12,7,65.551025
12,8,66.642296
12,9,66.70884
13,0,0.0
13,1,29.516449
13,10,75.994705
13,11,73.76593
13,12,69.63602
13,13,62.364235
13,14,49.853733
13,15,30.0
13,2,48.551853
13,3,60.125607
13,4,67.253235
13,5,71.73839
13,6,74.56267
13,7,76.24271
13,8,77.02583
13,9,76.97692
14,0,0.0
14,1,49.636486
14,10,87.58832
14,11,86.166824
14,12,83.324715
14,13,77.50531
14,14,64.33892
14,15,30.0
14,2,69.03197
14,3,77.944466
14,4,82.6275
14,5,85.321724
14,6,86.93225
14,7,87.8574
14,8,88.26847
14,9,88.204895
15,0,0.0
15,1,100.0
15,10,100.0
15,11,100.0
15,12,100.0
15,13,100.0
15,14,100.0
15,15,30.0
15,2,100.0
15,3,100.0
15,4,100.0
15,5,100.0
15,6,100.0
15,7,100.0
15,8,100.0
15,9,100.0
2,0,0.0
2,1,1.271952
2,10,10.030823
2,11,11.291096
2,12,13.197081
2,13,16.322964
2,14,21.609234
2,15,30.0
2,2,2.5105815
2,3,3.6866739
2,4,4.778405
2,5,5.7745013
2,6,6.676184
2,7,7.500321
2,8,8.283443
2,9,9.090441
3,0,0.0
3,1,1.9479777
3,10,14.610883
3,11,16.031965
3,12,17.97205
3,13,20.772915
3,14,24.78408
3,15,30.0
3,2,3.841238
3,3,5.6315565
3,4,7.283007
3,5,8.7753
3,6,10.106912
3,7,11.296727
3,8,12.388008
3,9,13.454314
4,0,0.0
4,1,2.678026
4,10,18.931385
4,11,20.258762
4,12,21.89077
4,13,24.015862
4,14,26.756004
4,15,30.0
4,2,5.2734118
4,3,7.713948
4,4,9.945358
4,5,11.936408
4,6,13.679876
4,7,15.193623
4,8,16.52069
4,9,17.732166
5,0,0.0
5,1,3.4904504
5,10,23.133055
5,11,24.190083
5,12,25.324116
5,13,26.649578
5,14,28.227066
5,15,30.0
5,2,6.8604136
5,3,10.005549
5,4,12.849425
5,5,15.347444
5,6,17.486929
5,7,19.283138
5,8,20.776678
5,9,22.031197
6,0,0.0
6,1,4.424305
6,10,27.395115
6,11,28.058685
6,12,28.578327
6,13,29.039965
6,14,29.507362
6,15,30.0
6,2,8.674021
6,3,12.601972
6,4,16.104359
6,5,19.124655
6,6,21.646975
6,7,23.687613
6,8,25.285797
6,9,26.498135
7,0,0.0
7,1,5.534951
7,10,31.91301
7,11,32.09201
7,12,31.90753
7,13,31.437008
7,14,30.768772
7,15,30.0
7,2,10.814291
7,3,15.63124
7,4,19.852133
7,5,23.41341
7,6,26.305819
7,7,28.554283
7,8,30.202694
7,9,31.303455
8,0,0.0
8,1,6.905188
8,10,36.89148
8,11,36.51557
8,12,35.54513
8,13,34.04742
8,14,32.139008
8,15,30.0
8,2,13.424702
8,3,19.268843
8,4,24.275694
8,5,28.391878
8,6,31.633104
8,7,34.04898
8,8,35.69739
8,9,36.630737
9,0,0.0
9,1,8.666453
9,10,42.54267
9,11,41.566322
9,12,39.736343
9,13,37.087486
9,14,33.74951
9,15,30.0
9,2,16.721542
9,3,23.759981
9,4,29.611996
9,5,34.27221
9,6,37.817513
9,7,40.346394
9,8,41.94458
9,9,42.66867
