0,0,0.0
0,1,0.0
0,10,0.0
0,11,0.0
0,12,0.0
0,13,0.0
0,14,0.0
0,15,0.0
0,16,0.0
0,17,0.0
0,18,0.0
0,19,0.0
0,2,0.0
0,20,0.0
0,21,0.0
0,22,0.0
0,23,0.0
0,24,0.0
0,25,0.0
0,26,0.0
0,27,0.0
0,28,0.0
0,29,30.0
0,3,0.0
0,4,0.0
0,5,0.0
0,6,0.0
0,7,0.0
0,8,0.0
0,9,0.0
1,0,0.0
1,1,1.8627241
1,10,7.512975
1,11,7.519534
1,12,7.521583
1,13,7.5220957
1,14,7.5222163
1,15,7.5222387
1,16,7.5222473
1,17,7.5222864
1,18,7.522423
1,19,7.523081
1,2,3.5561094
1,20,7.525129
1,21,7.5323772
1,22,7.5522795
1,23,7.6086636
1,24,7.748317
1,25,8.093576
1,26,8.91047
1,27,10.891821
1,28,15.931362
1,29,30.0
1,3,4.9416065
1,4,5.98073
1,5,6.673478
1,6,7.099786
1,7,7.329335
1,8,7.44411
1,9,7.4932995
10,0,0.0
10,1,7.5129747
10,10,29.9361
10,11,29.959227
10,12,29.965942
10,13,29.96762
10,14,29.967976
10,15,29.96804
10,16,29.968048
10,17,29.968048
10,18,29.968048
10,19,29.96805
10,2,14.310429
10,20,29.968056
10,21,29.968071
10,22,29.968184
10,23,29.96846
10,24,29.9694
10,25,29.971241
10,26,29.97517
10,27,29.981178
10,28,29.989895
10,29,30.0
10,3,19.872911
10,4,23.984314
10,5,26.726053
10,6,28.371094
10,7,29.25719
10,8,29.683826
10,9,29.866726
11,0,0.0
11,1,7.5195336
11,10,29.959227
11,11,29.982357
11,12,29.989069
11,13,29.99075
11,14,29.991108
11,15,29.991167
11,16,29.991177
11,17,29.991177
11,18,29.991177
11,19,29.991177
11,2,14.323135
11,20,29.991177
11,21,29.99118
11,22,29.991196
11,23,29.99128
11,24,29.991463
11,25,29.992014
11,26,29.992973
11,27,29.994743
11,28,29.997108
11,29,30.0
11,3,19.88972
11,4,24.004498
11,5,26.74768
11,6,28.39377
11,7,29.280125
11,8,29.706928
11,9,29.889841
12,0,0.0
12,1,7.5215836
12,10,29.965942
12,11,29.989069
12,12,29.995785
12,13,29.997463
12,14,29.997818
12,15,29.99788
12,16,29.997892
12,17,29.99789
12,18,29.997892
12,19,29.99789
12,2,14.326824
12,20,29.99789
12,21,29.997892
12,22,29.997896
12,23,29.997904
12,24,29.997953
12,25,29.99805
12,26,29.998302
12,27,29.998692
12,28,29.999296
12,29,30.0
12,3,19.894855
12,4,24.010355
12,5,26.754105
12,6,28.40035
12,7,29.286818
12,8,29.713633
12,9,29.896557
13,0,0.0
13,1,7.5220957
13,10,29.967619
13,11,29.99075
13,12,29.997463
13,13,29.999144
13,14,29.999496
13,15,29.99956
13,16,29.999569
13,17,29.999573
13,18,29.99957
13,19,29.999573
13,2,14.32782
13,20,29.999573
13,21,29.999573
13,22,29.99957
13,23,29.999573
13,24,29.999578
13,25,29.9996
13,26,29.99964
13,27,29.999727
13,28,29.999847
13,29,30.0
13,3,19.896137
13,4,24.011883
13,5,26.755709
13,6,28.402016
13,7,29.288488
13,8,29.715313
13,9,29.898237
14,0,0.0
14,1,7.522216
14,10,29.967976
14,11,29.991104
14,12,29.997818
14,13,29.9995
14,14,29.999853
14,15,29.999916
14,16,29.999928
14,17,29.999928
14,18,29.999928
14,19,29.999928
14,2,14.32803
14,20,29.999928
14,21,29.999928
14,22,29.999928
14,23,29.999928
14,24,29.999928
14,25,29.999931
14,26,29.999937
14,27,29.99995
14,28,29.999973
14,29,30.0
14,3,19.896431
14,4,24.012203
14,5,26.756058
14,6,28.402369
14,7,29.288847
14,8,29.715668
14,9,29.898594
15,0,0.0
15,1,7.522237
15,10,29.968037
15,11,29.991169
15,12,29.99788
15,13,29.999563
15,14,29.999916
15,15,29.99998
15,16,29.999989
15,17,29.99999
15,18,29.999992
15,19,29.99999
15,2,14.328072
15,20,29.999992
15,21,29.99999
15,22,29.999992
15,23,29.999992
15,24,29.999992
15,25,29.99999
15,26,29.99999
15,27,29.999992
15,28,29.999996
15,29,30.0
15,3,19.89648
15,4,24.012264
15,5,26.756119
15,6,28.402431
15,7,29.28891
15,8,29.715733
15,9,29.898655
16,0,0.0
16,1,7.5222406
16,10,29.968048
16,11,29.991177
16,12,29.997894
16,13,29.99957
16,14,29.999928
16,15,29.999989
16,16,30.0
16,17,30.0
16,18,30.0
16,19,30.0
16,2,14.328077
16,20,30.0
16,21,30.0
16,22,30.0
16,23,30.0
16,24,30.0
16,25,30.0
16,26,30.0
16,27,30.0
16,28,30.0
16,29,30.0
16,3,19.89649
16,4,24.012272
16,5,26.756128
16,6,28.402441
16,7,29.288918
16,8,29.71574
16,9,29.898663
17,0,0.0
17,1,7.5222406
17,10,29.968048
17,11,29.991177
17,12,29.997892
17,13,29.999573
17,14,29.999928
17,15,29.999989
17,16,30.0
17,17,30.0
17,18,30.0
17,19,30.0
17,2,14.328077
17,20,30.0
17,21,30.0
17,22,30.0
17,23,30.0
17,24,30.0
17,25,30.0
17,26,30.0
17,27,30.0
17,28,30.0
17,29,30.0
17,3,19.896488
17,4,24.012272
17,5,26.756128
17,6,28.402443
17,7,29.288918
17,8,29.71574
17,9,29.898666
18,0,0.0
18,1,7.5222406
18,10,29.968048
18,11,29.991177
18,12,29.997892
18,13,29.999573
18,14,29.999928
18,15,29.99999
18,16,30.0
18,17,30.0
18,18,30.0
18,19,30.0
18,2,14.328077
18,20,30.0
18,21,30.0
18,22,30.0
18,23,30.0
18,24,30.0
18,25,30.0
18,26,30.0
18,27,30.0
18,28,30.0
18,29,30.0
18,3,19.89649
18,4,24.012272
18,5,26.75613
18,6,28.402443
18,7,29.288918
18,8,29.71574
18,9,29.898666
19,0,0.0
19,1,7.5222406
19,10,29.968048
19,11,29.991177
19,12,29.997894
19,13,29.999573
19,14,29.99993
19,15,29.999992
19,16,30.0
19,17,30.0
19,18,30.0
19,19,30.0
19,2,14.328078
19,20,30.0
19,21,30.0
19,22,30.0
19,23,30.0
19,24,30.0
19,25,30.0
19,26,30.0
19,27,30.0
19,28,30.0
19,29,30.0
19,3,19.896492
19,4,24.012274
19,5,26.75613
19,6,28.402443
19,7,29.288918
19,8,29.71574
19,9,29.898664
2,0,0.0
2,1,3.5561094
2,10,14.310431
2,11,14.323135
2,12,14.326825
2,13,14.32782
2,14,14.328032
2,15,14.3280735
2,16,14.328091
2,17,14.328134
2,18,14.328392
2,19,14.32925
2,2,6.7735415
2,20,14.332815
2,21,14.343138
2,22,14.375511
2,23,14.457888
2,24,14.668144
2,25,15.145925
2,26,16.202347
2,27,18.386772
2,28,22.664291
2,29,30.0
2,3,9.429079
2,4,11.391865
2,5,12.724076
2,6,13.523399
2,7,13.9661045
2,8,14.179257
2,9,14.274357
20,0,0.0
20,1,7.5222406
20,10,29.968048
20,11,29.991177
20,12,29.99789
20,13,29.999573
20,14,29.999928
20,15,29.99999
20,16,30.0
20,17,30.0
20,18,30.0
20,19,30.0
20,2,14.328078
20,20,30.0
20,21,30.0
20,22,30.0
20,23,30.0
20,24,30.0
20,25,30.0
20,26,30.0
20,27,30.0
20,28,30.0
20,29,30.0
20,3,19.896492
20,4,24.012274
20,5,26.75613
20,6,28.402443
20,7,29.288918
20,8,29.71574
20,9,29.898666
21,0,0.0
21,1,7.5222406
21,10,29.968048
21,11,29.991177
21,12,29.997892
21,13,29.99957
21,14,29.999928
21,15,29.999992
21,16,30.0
21,17,30.0
21,18,30.0
21,19,30.0
21,2,14.328078
21,20,30.0
21,21,30.0
21,22,30.0
21,23,30.0
21,24,30.0
21,25,30.0
21,26,30.0
21,27,30.0
21,28,30.0
21,29,30.0
21,3,19.896492
21,4,24.012274
21,5,26.75613
21,6,28.402443
21,7,29.288921
21,8,29.71574
21,9,29.898664
22,0,0.0
22,1,7.5222406
22,10,29.968048
22,11,29.991177
22,12,29.997892
22,13,29.999573
22,14,29.999928
22,15,29.99999
22,16,30.0
22,17,30.0
22,18,30.0
22,19,30.0
22,2,14.328078
22,20,30.0
22,21,30.0
22,22,30.0
22,23,30.0
22,24,30.0
22,25,30.0
22,26,30.0
22,27,30.0
22,28,30.0
22,29,30.0
22,3,19.896492
22,4,24.012276
22,5,26.75613
22,6,28.402443
22,7,29.288918
22,8,29.71574
22,9,29.898666
23,0,0.0
23,1,7.522241
23,10,29.968048
23,11,29.991177
23,12,29.997892
23,13,29.999573
23,14,29.999928
23,15,29.99999
23,16,30.0
23,17,30.0
23,18,30.0
23,19,30.0
23,2,14.328078
23,20,30.0
23,21,30.0
23,22,30.0
23,23,30.0
23,24,30.0
23,25,30.0
23,26,30.0
23,27,30.0
23,28,30.0
23,29,30.0
23,3,19.896492
23,4,24.012274
23,5,26.756132
23,6,28.402443
23,7,29.288918
23,8,29.715742
23,9,29.898664
24,0,0.0
24,1,7.5222406
24,10,29.968048
24,11,29.991177
24,12,29.99789
24,13,29.99957
24,14,29.99993
24,15,29.999992
24,16,30.0
24,17,30.0
24,18,30.0
24,19,30.0
24,2,14.328079
24,20,30.0
24,21,30.0
24,22,30.0
24,23,30.0
24,24,30.0
24,25,30.0
24,26,30.0
24,27,30.0
24,28,30.0
24,29,30.0
24,3,19.896488
24,4,24.012276
24,5,26.75613
24,6,28.402443
24,7,29.288918
24,8,29.715742
24,9,29.898664
25,0,0.0
25,1,7.5222416
25,10,29.968048
25,11,29.991177
25,12,29.99789
25,13,29.999573
25,14,29.999928
25,15,29.99999
25,16,30.0
25,17,30.0
25,18,30.0
25,19,30.0
25,2,14.328078
25,20,30.0
25,21,30.0
25,22,30.0
25,23,30.0
25,24,30.0
25,25,30.0
25,26,30.0
25,27,30.0
25,28,30.0
25,29,30.0
25,3,19.896492
25,4,24.012274
25,5,26.756132
25,6,28.402443
25,7,29.288918
25,8,29.71574
25,9,29.898666
26,0,0.0
26,1,7.5222406
26,10,29.968048
26,11,29.991177
26,12,29.99789
26,13,29.999573
26,14,29.999928
26,15,29.99999
26,16,30.0
26,17,30.0
26,18,30.0
26,19,30.0
26,2,14.328078
26,20,30.0
26,21,30.0
26,22,30.0
26,23,30.0
26,24,30.0
26,25,30.0
26,26,30.0
26,27,30.0
26,28,30.0
26,29,30.0
26,3,19.89649
26,4,24.012278
26,5,26.75613
26,6,28.402443
26,7,29.288918
26,8,29.715742
26,9,29.898664
27,0,0.0
27,1,7.5222416
27,10,29.968048
27,11,29.991177
27,12,29.997892
27,13,29.999573
27,14,29.999928
27,15,29.99999
27,16,30.0
27,17,30.0
27,18,30.0
27,19,30.0
27,2,14.328078
27,20,30.0
27,21,30.0
27,22,30.0
27,23,30.0
27,24,30.0
27,25,30.0
27,26,30.0
27,27,30.0
27,28,30.0
27,29,30.0
27,3,19.896492
27,4,24.012272
27,5,26.75613
27,6,28.402443
27,7,29.288918
27,8,29.715742
27,9,29.898666
28,0,0.0
28,1,7.5222416
28,10,29.968048
28,11,29.991177
28,12,29.997892
28,13,29.999573
28,14,29.99993
28,15,29.99999
28,16,30.0
28,17,30.0
28,18,30.0
28,19,30.0
28,2,14.328078
28,20,30.0
28,21,30.0
28,22,30.0
28,23,30.0
28,24,30.0
28,25,30.0
28,26,30.0
28,27,30.0
28,28,30.0
28,29,30.0
28,3,19.896492
28,4,24.012276
28,5,26.75613
28,6,28.402443
28,7,29.288921
28,8,29.715742
28,9,29.898666
29,0,0.0
29,1,7.522241
29,10,29.968048
29,11,29.991177
29,12,29.997892
29,13,29.999573
29,14,29.999928
29,15,29.99999
29,16,30.0
29,17,30.0
29,18,30.0
29,19,30.0
29,2,14.328078
29,20,30.0
29,21,30.0
29,22,30.0
29,23,30.0
29,24,30.0
29,25,30.0
29,26,30.0
29,27,30.0
29,28,30.0
29,29,30.0
29,3,19.896492
29,4,24.012272
29,5,26.75613
29,6,28.402443
29,7,29.288918
29,8,29.71574
29,9,29.898663
3,0,0.0
3,1,4.9416065
3,10,19.872913
3,11,19.88972
3,12,19.894855
3,13,19.89614
3,14,19.896431
3,15,19.896484
3,16,19.896496
3,17,19.896553
3,18,19.896744
3,19,19.897743
3,2,9.429079
3,20,19.900822
3,21,19.912046
3,22,19.942055
3,23,20.025837
3,24,20.22034
3,25,20.661625
3,26,21.550323
3,27,23.22673
3,28,26.031136
3,29,30.0
3,3,13.100646
3,4,15.844997
3,5,17.674562
3,6,18.79362
3,7,19.396187
3,8,19.694603
3,9,19.822495
30,0,0.0
30,1,7.5222406
30,10,29.968048
30,11,29.991177
30,12,29.99789
30,13,29.999573
30,14,29.999928
30,15,29.99999
30,16,30.0
30,17,30.0
30,18,30.0
30,19,30.0
30,2,14.328079
30,20,30.0
30,21,30.0
30,22,30.0
30,23,30.0
30,24,30.0
30,25,30.0
30,26,30.0
30,27,30.0
30,28,30.0
30,29,30.0
30,3,19.896492
30,4,24.012276
30,5,26.75613
30,6,28.402443
30,7,29.288921
30,8,29.71574
30,9,29.898664
31,0,0.0
31,1,7.522241
31,10,29.968048
31,11,29.991177
31,12,29.997892
31,13,29.99957
31,14,29.99993
31,15,29.99999
31,16,30.0
31,17,30.0
31,18,30.0
31,19,30.0
31,2,14.328078
31,20,30.0
31,21,30.0
31,22,30.0
31,23,30.0
31,24,30.0
31,25,30.0
31,26,30.0
31,27,30.0
31,28,30.0
31,29,30.0
31,3,19.896492
31,4,24.012274
31,5,26.75613
31,6,28.402443
31,7,29.288918
31,8,29.71574
31,9,29.898663
32,0,0.0
32,1,7.5222406
32,10,29.968048
32,11,29.991177
32,12,29.997892
32,13,29.999573
32,14,29.999928
32,15,29.999989
32,16,30.0
32,17,30.0
32,18,30.0
32,19,30.0
32,2,14.328079
32,20,30.0
32,21,30.0
32,22,30.0
32,23,30.0
32,24,30.0
32,25,30.0
32,26,30.0
32,27,30.0
32,28,30.0
32,29,30.0
32,3,19.896492
32,4,24.012276
32,5,26.75613
32,6,28.402443
32,7,29.288921
32,8,29.71574
32,9,29.898664
33,0,0.0
33,1,7.5222406
33,10,29.968048
33,11,29.991177
33,12,29.997892
33,13,29.999573
33,14,29.999928
33,15,29.999992
33,16,30.0
33,17,30.0
33,18,30.0
33,19,30.0
33,2,14.328078
33,20,30.0
33,21,30.0
33,22,30.0
33,23,30.0
33,24,30.0
33,25,30.0
33,26,30.0
33,27,30.0
33,28,30.0
33,29,30.0
33,3,19.896492
33,4,24.012274
33,5,26.75613
33,6,28.402443
33,7,29.288921
33,8,29.71574
33,9,29.898664
34,0,0.0
34,1,7.5222406
34,10,29.968048
34,11,29.991177
34,12,29.997892
34,13,29.999573
34,14,29.999928
34,15,29.999992
34,16,30.0
34,17,30.0
34,18,30.0
34,19,30.0
34,2,14.328078
34,20,30.0
34,21,30.0
34,22,30.0
34,23,30.0
34,24,30.0
34,25,30.0
34,26,30.0
34,27,30.0
34,28,30.0
34,29,30.0
34,3,19.896492
34,4,24.012274
34,5,26.75613
34,6,28.402443
34,7,29.288921
34,8,29.71574
34,9,29.898664
35,0,0.0
35,1,7.5222406
35,10,29.968048
35,11,29.991177
35,12,29.997892
35,13,29.999573
35,14,29.999928
35,15,29.999992
35,16,30.0
35,17,30.0
35,18,30.0
35,19,30.0
35,2,14.328078
35,20,30.0
35,21,30.0
35,22,30.0
35,23,30.0
35,24,30.0
35,25,30.0
35,26,30.0
35,27,30.0
35,28,30.0
35,29,30.0
35,3,19.896492
35,4,24.012274
35,5,26.75613
35,6,28.402443
35,7,29.288921
35,8,29.71574
35,9,29.898664
36,0,0.0
36,1,7.5222406
36,10,29.968048
36,11,29.991177
36,12,29.997892
36,13,29.999573
36,14,29.999928
36,15,29.999992
36,16,30.0
36,17,30.0
36,18,30.0
36,19,30.0
36,2,14.328078
36,20,30.0
36,21,30.0
36,22,30.0
36,23,30.0
36,24,30.0
36,25,30.0
36,26,30.0
36,27,30.0
36,28,30.0
36,29,30.0
36,3,19.896492
36,4,24.012274
36,5,26.75613
36,6,28.402443
36,7,29.288921
36,8,29.71574
36,9,29.898664
37,0,0.0
37,1,7.5222406
37,10,29.968048
37,11,29.991177
37,12,29.997892
37,13,29.999573
37,14,29.999928
37,15,29.999992
37,16,30.0
37,17,30.0
37,18,30.0
37,19,30.0
37,2,14.328078
37,20,30.0
37,21,30.0
37,22,30.0
37,23,30.0
37,24,30.0
37,25,30.0
37,26,30.0
37,27,30.0
37,28,30.0
37,29,30.0
37,3,19.896492
37,4,24.012274
37,5,26.75613
37,6,28.402443
37,7,29.288921
37,8,29.71574
37,9,29.898664
38,0,0.0
38,1,7.5222406
38,10,29.968048
38,11,29.991177
38,12,29.997892
38,13,29.999573
38,14,29.999928
38,15,29.999992
38,16,30.0
38,17,30.0
38,18,30.0
38,19,30.0
38,2,14.328078
38,20,30.0
38,21,30.0
38,22,30.0
38,23,30.0
38,24,30.0
38,25,30.0
38,26,30.0
38,27,30.0
38,28,30.0
38,29,30.0
38,3,19.896492
38,4,24.012274
38,5,26.75613
38,6,28.402443
38,7,29.288921
38,8,29.71574
38,9,29.898664
39,0,0.0
39,1,7.5222406
39,10,29.968048
39,11,29.991177
39,12,29.997892
39,13,29.999573
39,14,29.999928
39,15,29.999992
39,16,30.0
39,17,30.0
39,18,30.0
39,19,30.0
39,2,14.328078
39,20,30.0
39,21,30.0
39,22,30.0
39,23,30.0
39,24,30.0
39,25,30.0
39,26,30.0
39,27,30.0
39,28,30.0
39,29,30.0
39,3,19.896492
39,4,24.012272
39,5,26.75613
39,6,28.402443
39,7,29.288918
39,8,29.715742
39,9,29.898664
4,0,0.0
4,1,5.98073
4,10,23.984316
4,11,24.004496
4,12,24.010355
4,13,24.011883
4,14,24.012205
4,15,24.012264
4,16,24.012281
4,17,24.012302
4,18,24.012484
4,19,24.013073
4,2,11.391866
4,20,24.015749
4,21,24.023384
4,22,24.048012
4,23,24.108221
4,24,24.2575
4,25,24.568218
4,26,25.183372
4,27,26.245941
4,28,27.887156
4,29,30.0
4,3,15.844996
4,4,19.13644
4,5,21.356789
4,6,22.688997
4,7,23.419458
4,8,23.771162
4,9,23.925695
40,0,0.0
40,1,7.5222406
40,10,29.968048
40,11,29.991177
40,12,29.997892
40,13,29.99957
40,14,29.999928
40,15,29.99999
40,16,30.0
40,17,30.0
40,18,30.0
40,19,30.0
40,2,14.328078
40,20,30.0
40,21,30.0
40,22,30.0
40,23,30.0
40,24,30.0
40,25,30.0
40,26,30.0
40,27,30.0
40,28,30.0
40,29,30.0
40,3,19.89649
40,4,24.012274
40,5,26.75613
40,6,28.402443
40,7,29.288918
40,8,29.71574
40,9,29.898666
41,0,0.0
41,1,7.5222416
41,10,29.968048
41,11,29.991177
41,12,29.99789
41,13,29.999573
41,14,29.999928
41,15,29.999992
41,16,30.0
41,17,30.0
41,18,30.0
41,19,30.0
41,2,14.328078
41,20,30.0
41,21,30.0
41,22,30.0
41,23,30.0
41,24,30.0
41,25,30.0
41,26,30.0
41,27,30.0
41,28,30.0
41,29,30.0
41,3,19.89649
41,4,24.012272
41,5,26.75613
41,6,28.402443
41,7,29.288918
41,8,29.715742
41,9,29.898664
42,0,0.0
42,1,7.5222406
42,10,29.968048
42,11,29.991177
42,12,29.997892
42,13,29.999569
42,14,29.99993
42,15,29.999992
42,16,30.0
42,17,30.0
42,18,30.0
42,19,30.0
42,2,14.328079
42,20,30.0
42,21,30.0
42,22,30.0
42,23,30.0
42,24,30.0
42,25,30.0
42,26,30.0
42,27,30.0
42,28,30.0
42,29,30.0
42,3,19.89649
42,4,24.012274
42,5,26.75613
42,6,28.402443
42,7,29.288918
42,8,29.71574
42,9,29.898664
43,0,0.0
43,1,7.522241
43,10,29.968048
43,11,29.991177
43,12,29.99789
43,13,29.999573
43,14,29.999928
43,15,29.999992
43,16,30.0
43,17,30.0
43,18,30.0
43,19,30.0
43,2,14.328078
43,20,30.0
43,21,30.0
43,22,30.0
43,23,30.0
43,24,30.0
43,25,30.0
43,26,30.0
43,27,30.0
43,28,30.0
43,29,30.0
43,3,19.89649
43,4,24.012272
43,5,26.75613
43,6,28.402443
43,7,29.288918
43,8,29.71574
43,9,29.898666
44,0,0.0
44,1,7.5222406
44,10,29.968048
44,11,29.991177
44,12,29.997892
44,13,29.999569
44,14,29.999928
44,15,29.999992
44,16,30.0
44,17,30.0
44,18,30.0
44,19,30.0
44,2,14.328077
44,20,30.0
44,21,30.0
44,22,30.0
44,23,30.0
44,24,30.0
44,25,30.0
44,26,30.0
44,27,30.0
44,28,30.0
44,29,30.0
44,3,19.89649
44,4,24.012272
44,5,26.75613
44,6,28.402443
44,7,29.288921
44,8,29.71574
44,9,29.898666
45,0,0.0
45,1,7.5222406
45,10,29.968048
45,11,29.991177
45,12,29.99789
45,13,29.99957
45,14,29.999928
45,15,29.99999
45,16,30.0
45,17,30.0
45,18,30.0
45,19,30.0
45,2,14.328078
45,20,30.0
45,21,30.0
45,22,30.0
45,23,30.0
45,24,30.0
45,25,30.0
45,26,30.0
45,27,30.0
45,28,30.0
45,29,30.0
45,3,19.896488
45,4,24.012272
45,5,26.75613
45,6,28.402443
45,7,29.288918
45,8,29.71574
45,9,29.898663
46,0,0.0
46,1,7.5222406
46,10,29.968048
46,11,29.991177
46,12,29.99789
46,13,29.999569
46,14,29.999928
46,15,29.999992
46,16,30.0
46,17,30.0
46,18,30.0
46,19,30.0
46,2,14.328078
46,20,30.0
46,21,30.0
46,22,30.0
46,23,30.0
46,24,30.0
46,25,30.0
46,26,30.0
46,27,30.0
46,28,30.0
46,29,30.0
46,3,19.896488
46,4,24.012272
46,5,26.75613
46,6,28.402443
46,7,29.288918
46,8,29.71574
46,9,29.898666
47,0,0.0
47,1,7.5222406
47,10,29.96805
47,11,29.991177
47,12,29.99789
47,13,29.999573
47,14,29.999928
47,15,29.99999
47,16,30.0
47,17,30.0
47,18,30.0
47,19,30.0
47,2,14.328079
47,20,30.0
47,21,30.0
47,22,30.0
47,23,30.0
47,24,30.0
47,25,30.0
47,26,30.0
47,27,30.0
47,28,30.0
47,29,30.0
47,3,19.896488
47,4,24.012274
47,5,26.75613
47,6,28.402443
47,7,29.288921
47,8,29.71574
47,9,29.898666
48,0,0.0
48,1,7.522241
48,10,29.968048
48,11,29.991177
48,12,29.99789
48,13,29.999569
48,14,29.999928
48,15,29.999989
48,16,30.0
48,17,30.0
48,18,30.0
48,19,30.0
48,2,14.328078
48,20,30.0
48,21,30.0
48,22,30.0
48,23,30.0
48,24,30.0
48,25,30.0
48,26,30.0
48,27,30.0
48,28,30.0
48,29,30.0
48,3,19.89649
48,4,24.012274
48,5,26.75613
48,6,28.402443
48,7,29.288918
48,8,29.71574
48,9,29.898664
49,0,0.0
49,1,7.5222406
49,10,29.968048
49,11,29.991177
49,12,29.99789
49,13,29.999573
49,14,29.999928
49,15,29.999992
49,16,30.0
49,17,30.0
49,18,30.0
49,19,30.0
49,2,14.328077
49,20,30.0
49,21,30.0
49,22,30.0
49,23,30.0
49,24,30.0
49,25,30.0
49,26,30.0
49,27,30.0
49,28,30.0
49,29,30.0
49,3,19.896492
49,4,24.012272
49,5,26.75613
49,6,28.402443
49,7,29.288918
49,8,29.71574
49,9,29.898666
5,0,0.0
5,1,6.6734786
5,10,26.726051
5,11,26.74768
5,12,26.754105
5,13,26.755709
5,14,26.756058
5,15,26.75612
5,16,26.75613
5,17,26.756151
5,18,26.756218
5,19,26.756653
5,2,12.724075
5,20,26.757986
5,21,26.763317
5,22,26.777294
5,23,26.817293
5,24,26.905802
5,25,27.099293
5,26,27.454222
5,27,28.055931
5,28,28.925161
5,29,30.0
5,3,17.674562
5,4,21.356789
5,5,23.811607
5,6,25.300127
5,7,26.101639
5,8,26.493307
5,9,26.661167
50,0,0.0
50,1,7.5222406
50,10,29.968048
50,11,29.991177
50,12,29.997892
50,13,29.99957
50,14,29.999928
50,15,29.999992
50,16,30.0
50,17,30.0
50,18,30.0
50,19,30.0
50,2,14.328079
50,20,30.0
50,21,30.0
50,22,30.0
50,23,30.0
50,24,30.0
50,25,30.0
50,26,30.0
50,27,30.0
50,28,30.0
50,29,30.0
50,3,19.89649
50,4,24.012274
50,5,26.75613
50,6,28.402443
50,7,29.288918
50,8,29.71574
50,9,29.898664
51,0,0.0
51,1,7.5222416
51,10,29.96805
51,11,29.991177
51,12,29.997894
51,13,29.999573
51,14,29.999928
51,15,29.99999
51,16,30.0
51,17,30.0
51,18,30.0
51,19,30.0
51,2,14.328078
51,20,30.0
51,21,30.0
51,22,30.0
51,23,30.0
51,24,30.0
51,25,30.0
51,26,30.0
51,27,30.0
51,28,30.0
51,29,30.0
51,3,19.896492
51,4,24.012272
51,5,26.75613
51,6,28.402443
51,7,29.288921
51,8,29.71574
51,9,29.898664
52,0,0.0
52,1,7.5222416
52,10,29.968048
52,11,29.991177
52,12,29.997892
52,13,29.999573
52,14,29.999928
52,15,29.99999
52,16,30.0
52,17,30.0
52,18,30.0
52,19,30.0
52,2,14.328079
52,20,30.0
52,21,30.0
52,22,30.0
52,23,30.0
52,24,30.0
52,25,30.0
52,26,30.0
52,27,30.0
52,28,30.0
52,29,30.0
52,3,19.89649
52,4,24.012276
52,5,26.75613
52,6,28.402443
52,7,29.288918
52,8,29.71574
52,9,29.898666
53,0,0.0
53,1,7.5222416
53,10,29.968048
53,11,29.991177
53,12,29.997892
53,13,29.99957
53,14,29.99993
53,15,29.999992
53,16,30.0
53,17,30.0
53,18,30.0
53,19,30.0
53,2,14.328078
53,20,30.0
53,21,30.0
53,22,30.0
53,23,30.0
53,24,30.0
53,25,30.0
53,26,30.0
53,27,30.0
53,28,30.0
53,29,30.0
53,3,19.896492
53,4,24.012274
53,5,26.75613
53,6,28.402443
53,7,29.288918
53,8,29.71574
53,9,29.898664
54,0,0.0
54,1,7.5222406
54,10,29.96805
54,11,29.991177
54,12,29.99789
54,13,29.999573
54,14,29.999928
54,15,29.999992
54,16,30.0
54,17,30.0
54,18,30.0
54,19,30.0
54,2,14.328079
54,20,30.0
54,21,30.0
54,22,30.0
54,23,30.0
54,24,30.0
54,25,30.0
54,26,30.0
54,27,30.0
54,28,30.0
54,29,30.0
54,3,19.89649
54,4,24.012276
54,5,26.75613
54,6,28.402443
54,7,29.288918
54,8,29.715742
54,9,29.898666
55,0,0.0
55,1,7.522241
55,10,29.968048
55,11,29.991177
55,12,29.99789
55,13,29.99957
55,14,29.999928
55,15,29.999992
55,16,30.0
55,17,30.0
55,18,30.0
55,19,30.0
55,2,14.328079
55,20,30.0
55,21,30.0
55,22,30.0
55,23,30.0
55,24,30.0
55,25,30.0
55,26,30.0
55,27,30.0
55,28,30.0
55,29,30.0
55,3,19.896492
55,4,24.012272
55,5,26.756132
55,6,28.402443
55,7,29.288918
55,8,29.71574
55,9,29.898664
56,0,0.0
56,1,7.5222416
56,10,29.968048
56,11,29.991177
56,12,29.997892
56,13,29.99957
56,14,29.999928
56,15,29.999992
56,16,30.0
56,17,30.0
56,18,30.0
56,19,30.0
56,2,14.328079
56,20,30.0
56,21,30.0
56,22,30.0
56,23,30.0
56,24,30.0
56,25,30.0
56,26,30.0
56,27,30.0
56,28,30.0
56,29,30.0
56,3,19.896492
56,4,24.012276
56,5,26.75613
56,6,28.402443
56,7,29.288918
56,8,29.71574
56,9,29.898664
57,0,0.0
57,1,7.5222416
57,10,29.968048
57,11,29.991177
57,12,29.99789
57,13,29.999573
57,14,29.999928
57,15,29.99999
57,16,30.0
57,17,30.0
57,18,30.0
57,19,30.0
57,2,14.328078
57,20,30.0
57,21,30.0
57,22,30.0
57,23,30.0
57,24,30.0
57,25,30.0
57,26,30.0
57,27,30.0
57,28,30.0
57,29,30.0
57,3,19.896492
57,4,24.012272
57,5,26.75613
57,6,28.402443
57,7,29.288918
57,8,29.715742
57,9,29.898664
58,0,0.0
58,1,7.5222406
58,10,29.968048
58,11,29.991177
58,12,29.997892
58,13,29.999573
58,14,29.99993
58,15,29.999992
58,16,30.0
58,17,30.0
58,18,30.0
58,19,30.0
58,2,14.328079
58,20,30.0
58,21,30.0
58,22,30.0
58,23,30.0
58,24,30.0
58,25,30.0
58,26,30.0
58,27,30.0
58,28,30.0
58,29,30.0
58,3,19.896492
58,4,24.012276
58,5,26.75613
58,6,28.402443
58,7,29.288918
58,8,29.71574
58,9,29.898664
59,0,0.0
59,1,7.522241
59,10,29.968048
59,11,29.991175
59,12,29.99789
59,13,29.999573
59,14,29.999928
59,15,29.99999
59,16,30.0
59,17,30.0
59,18,30.0
59,19,30.0
59,2,14.328078
59,20,30.0
59,21,30.0
59,22,30.0
59,23,30.0
59,24,30.0
59,25,30.0
59,26,30.0
59,27,30.0
59,28,30.0
59,29,30.0
59,3,19.89649
59,4,24.012272
59,5,26.75613
59,6,28.402443
59,7,29.288921
59,8,29.71574
59,9,29.898663
6,0,0.0
6,1,7.0997853
6,10,28.371098
6,11,28.393768
6,12,28.400352
6,13,28.402018
6,14,28.40237
6,15,28.402435
6,16,28.402445
6,17,28.402449
6,18,28.40249
6,19,28.402637
6,2,13.523401
6,20,28.403446
6,21,28.405748
6,22,28.4139
6,23,28.433401
6,24,28.482834
6,25,28.580774
6,26,28.767784
6,27,29.065514
6,28,29.491121
6,29,30.0
6,3,18.79362
6,4,22.689
6,5,25.300127
6,6,26.866806
6,7,27.717163
6,8,28.126596
6,9,28.30386
60,0,0.0
60,1,7.5222416
60,10,29.96805
60,11,29.991177
60,12,29.997894
60,13,29.999573
60,14,29.999928
60,15,29.99999
60,16,30.0
60,17,30.0
60,18,30.0
60,19,30.0
60,2,14.328079
60,20,30.0
60,21,30.0
60,22,30.0
60,23,30.0
60,24,30.0
60,25,30.0
60,26,30.0
60,27,30.0
60,28,30.0
60,29,30.0
60,3,19.89649
60,4,24.012272
60,5,26.75613
60,6,28.402443
60,7,29.288921
60,8,29.715742
60,9,29.898666
61,0,0.0
61,1,7.522241
61,10,29.968048
61,11,29.991177
61,12,29.99789
61,13,29.999573
61,14,29.999928
61,15,29.99999
61,16,30.0
61,17,30.0
61,18,30.0
61,19,30.0
61,2,14.328079
61,20,30.0
61,21,30.0
61,22,30.0
61,23,30.0
61,24,30.0
61,25,30.0
61,26,30.0
61,27,30.0
61,28,30.0
61,29,30.0
61,3,19.896492
61,4,24.012272
61,5,26.75613
61,6,28.402443
61,7,29.288921
61,8,29.715742
61,9,29.898664
62,0,0.0
62,1,7.5222416
62,10,29.968048
62,11,29.991177
62,12,29.997894
62,13,29.999573
62,14,29.999928
62,15,29.99999
62,16,30.0
62,17,30.0
62,18,30.0
62,19,30.0
62,2,14.328079
62,20,30.0
62,21,30.0
62,22,30.0
62,23,30.0
62,24,30.0
62,25,30.0
62,26,30.0
62,27,30.0
62,28,30.0
62,29,30.0
62,3,19.89649
62,4,24.012274
62,5,26.75613
62,6,28.402443
62,7,29.288921
62,8,29.715744
62,9,29.898664
63,0,0.0
63,1,7.5222406
63,10,29.968052
63,11,29.991177
63,12,29.997892
63,13,29.999573
63,14,29.999928
63,15,29.99999
63,16,30.0
63,17,30.0
63,18,30.0
63,19,30.0
63,2,14.328078
63,20,30.0
63,21,30.0
63,22,30.0
63,23,30.0
63,24,30.0
63,25,30.0
63,26,30.0
63,27,30.0
63,28,30.0
63,29,30.0
63,3,19.896492
63,4,24.012272
63,5,26.75613
63,6,28.402443
63,7,29.288921
63,8,29.71574
63,9,29.898664
64,0,0.0
64,1,7.5222406
64,10,29.968048
64,11,29.991177
64,12,29.997892
64,13,29.999573
64,14,29.999928
64,15,29.999992
64,16,30.0
64,17,30.0
64,18,30.0
64,19,30.0
64,2,14.328078
64,20,30.0
64,21,30.0
64,22,30.0
64,23,30.0
64,24,30.0
64,25,30.0
64,26,30.0
64,27,30.0
64,28,30.0
64,29,30.0
64,3,19.896488
64,4,24.012272
64,5,26.75613
64,6,28.402443
64,7,29.288921
64,8,29.71574
64,9,29.898664
65,0,0.0
65,1,7.5222406
65,10,29.968052
65,11,29.991177
65,12,29.997892
65,13,29.99957
65,14,29.999928
65,15,29.99999
65,16,30.0
65,17,30.0
65,18,30.0
65,19,30.0
65,2,14.328078
65,20,30.0
65,21,30.0
65,22,30.0
65,23,30.0
65,24,30.0
65,25,30.0
65,26,30.0
65,27,30.0
65,28,30.0
65,29,30.0
65,3,19.896488
65,4,24.012272
65,5,26.75613
65,6,28.402443
65,7,29.288921
65,8,29.715744
65,9,29.898664
66,0,0.0
66,1,7.5222406
66,10,29.968048
66,11,29.991177
66,12,29.997892
66,13,29.999573
66,14,29.999928
66,15,29.999992
66,16,30.0
66,17,30.0
66,18,30.0
66,19,30.0
66,2,14.328078
66,20,30.0
66,21,30.0
66,22,30.0
66,23,30.0
66,24,30.0
66,25,30.0
66,26,30.0
66,27,30.0
66,28,30.0
66,29,30.0
66,3,19.896488
66,4,24.012272
66,5,26.75613
66,6,28.402443
66,7,29.288921
66,8,29.71574
66,9,29.898664
67,0,0.0
67,1,7.5222406
67,10,29.968052
67,11,29.991177
67,12,29.997892
67,13,29.99957
67,14,29.999928
67,15,29.99999
67,16,30.0
67,17,30.0
67,18,30.0
67,19,30.0
67,2,14.328078
67,20,30.0
67,21,30.0
67,22,30.0
67,23,30.0
67,24,30.0
67,25,30.0
67,26,30.0
67,27,30.0
67,28,30.0
67,29,30.0
67,3,19.896488
67,4,24.012272
67,5,26.75613
67,6,28.402443
67,7,29.288921
67,8,29.71574
67,9,29.898664
68,0,0.0
68,1,7.5222406
68,10,29.968048
68,11,29.991177
68,12,29.997892
68,13,29.999573
68,14,29.999928
68,15,29.999992
68,16,30.0
68,17,30.0
68,18,30.0
68,19,30.0
68,2,14.328078
68,20,30.0
68,21,30.0
68,22,30.0
68,23,30.0
68,24,30.0
68,25,30.0
68,26,30.0
68,27,30.0
68,28,30.0
68,29,30.0
68,3,19.896488
68,4,24.012272
68,5,26.75613
68,6,28.402443
68,7,29.288921
68,8,29.71574
68,9,29.898664
69,0,0.0
69,1,7.5222406
69,10,29.968048
69,11,29.991177
69,12,29.997892
69,13,29.99957
69,14,29.999928
69,15,29.99999
69,16,30.0
69,17,30.0
69,18,30.0
69,19,30.0
69,2,14.328078
69,20,30.0
69,21,30.0
69,22,30.0
69,23,30.0
69,24,30.0
69,25,30.0
69,26,30.0
69,27,30.0
69,28,30.0
69,29,30.0
69,3,19.896488
69,4,24.012272
69,5,26.75613
69,6,28.402443
69,7,29.288918
69,8,29.715742
69,9,29.898664
7,0,0.0
7,1,7.329335
7,10,29.25719
7,11,29.280125
7,12,29.286818
7,13,29.28849
7,14,29.288847
7,15,29.28891
7,16,29.288918
7,17,29.288921
7,18,29.288929
7,19,29.289005
7,2,13.9661045
7,20,29.289246
7,21,29.290432
7,22,29.29353
7,23,29.303263
7,24,29.324345
7,25,29.371447
7,26,29.454132
7,27,29.590591
7,28,29.777054
7,29,30.0
7,3,19.396187
7,4,23.419456
7,5,26.10164
7,6,27.717163
7,7,28.587063
7,8,29.007988
7,9,29.188385
70,0,0.0
70,1,7.5222406
70,10,29.968048
70,11,29.991177
70,12,29.99789
70,13,29.99957
70,14,29.999928
70,15,29.999992
70,16,30.0
70,17,30.0
70,18,30.0
70,19,30.0
70,2,14.328077
70,20,30.0
70,21,30.0
70,22,30.0
70,23,30.0
70,24,30.0
70,25,30.0
70,26,30.0
70,27,30.0
70,28,30.0
70,29,30.0
70,3,19.89649
70,4,24.012272
70,5,26.75613
70,6,28.402443
70,7,29.288918
70,8,29.71574
70,9,29.898664
71,0,0.0
71,1,7.5222406
71,10,29.968048
71,11,29.991177
71,12,29.99789
71,13,29.999573
71,14,29.999928
71,15,29.999992
71,16,30.0
71,17,30.0
71,18,30.0
71,19,30.0
71,2,14.328077
71,20,30.0
71,21,30.0
71,22,30.0
71,23,30.0
71,24,30.0
71,25,30.0
71,26,30.0
71,27,30.0
71,28,30.0
71,29,30.0
71,3,19.896488
71,4,24.012272
71,5,26.75613
71,6,28.402443
71,7,29.288921
71,8,29.71574
71,9,29.898666
72,0,0.0
72,1,7.522241
72,10,29.968048
72,11,29.991177
72,12,29.997894
72,13,29.999573
72,14,29.99993
72,15,29.99999
72,16,30.0
72,17,30.0
72,18,30.0
72,19,30.0
72,2,14.328078
72,20,30.0
72,21,30.0
72,22,30.0
72,23,30.0
72,24,30.0
72,25,30.0
72,26,30.0
72,27,30.0
72,28,30.0
72,29,30.0
72,3,19.89649
72,4,24.012272
72,5,26.75613
72,6,28.402443
72,7,29.288921
72,8,29.71574
72,9,29.898664
73,0,0.0
73,1,7.5222406
73,10,29.968048
73,11,29.991177
73,12,29.99789
73,13,29.999573
73,14,29.999928
73,15,29.99999
73,16,30.0
73,17,30.0
73,18,30.0
73,19,30.0
73,2,14.328078
73,20,30.0
73,21,30.0
73,22,30.0
73,23,30.0
73,24,30.0
73,25,30.0
73,26,30.0
73,27,30.0
73,28,30.0
73,29,30.0
73,3,19.896488
73,4,24.012272
73,5,26.75613
73,6,28.402443
73,7,29.288921
73,8,29.715742
73,9,29.898664
74,0,0.0
74,1,7.5222406
74,10,29.968048
74,11,29.991175
74,12,29.997892
74,13,29.99957
74,14,29.999928
74,15,29.99999
74,16,30.0
74,17,30.0
74,18,30.0
74,19,30.0
74,2,14.328077
74,20,30.0
74,21,30.0
74,22,30.0
74,23,30.0
74,24,30.0
74,25,30.0
74,26,30.0
74,27,30.0
74,28,30.0
74,29,30.0
74,3,19.896488
74,4,24.012272
74,5,26.75613
74,6,28.402443
74,7,29.288921
74,8,29.71574
74,9,29.898663
75,0,0.0
75,1,7.5222406
75,10,29.968044
75,11,29.991177
75,12,29.99789
75,13,29.999573
75,14,29.999928
75,15,29.99999
75,16,30.0
75,17,30.0
75,18,30.0
75,19,30.0
75,2,14.328077
75,20,30.0
75,21,30.0
75,22,30.0
75,23,30.0
75,24,30.0
75,25,30.0
75,26,30.0
75,27,30.0
75,28,30.0
75,29,30.0
75,3,19.896488
75,4,24.012272
75,5,26.75613
75,6,28.402443
75,7,29.288921
75,8,29.71574
75,9,29.898664
76,0,0.0
76,1,7.5222406
76,10,29.968048
76,11,29.991175
76,12,29.997892
76,13,29.99957
76,14,29.999928
76,15,29.99999
76,16,30.0
76,17,30.0
76,18,30.0
76,19,30.0
76,2,14.328078
76,20,30.0
76,21,30.0
76,22,30.0
76,23,30.0
76,24,30.0
76,25,30.0
76,26,30.0
76,27,30.0
76,28,30.0
76,29,30.0
76,3,19.896488
76,4,24.012272
76,5,26.75613
76,6,28.402443
76,7,29.28892
76,8,29.715742
76,9,29.89866
77,0,0.0
77,1,7.522241
77,10,29.968048
77,11,29.991177
77,12,29.997892
77,13,29.99957
77,14,29.999928
77,15,29.99999
77,16,30.0
77,17,30.0
77,18,30.0
77,19,30.0
77,2,14.328078
77,20,30.0
77,21,30.0
77,22,30.0
77,23,30.0
77,24,30.0
77,25,30.0
77,26,30.0
77,27,30.0
77,28,30.0
77,29,30.0
77,3,19.89649
77,4,24.012272
77,5,26.75613
77,6,28.402443
77,7,29.288921
77,8,29.71574
77,9,29.898664
78,0,0.0
78,1,7.522241
78,10,29.968048
78,11,29.991177
78,12,29.99789
78,13,29.999569
78,14,29.999928
78,15,29.999989
78,16,30.0
78,17,30.0
78,18,30.0
78,19,30.0
78,2,14.328079
78,20,30.0
78,21,30.0
78,22,30.0
78,23,30.0
78,24,30.0
78,25,30.0
78,26,30.0
78,27,30.0
78,28,30.0
78,29,30.0
78,3,19.89649
78,4,24.012274
78,5,26.75613
78,6,28.402443
78,7,29.288918
78,8,29.715742
78,9,29.898664
79,0,0.0
79,1,7.5222406
79,10,29.968048
79,11,29.991177
79,12,29.99789
79,13,29.999573
79,14,29.999928
79,15,29.99999
79,16,30.0
79,17,30.0
79,18,30.0
79,19,30.0
79,2,14.328079
79,20,30.0
79,21,30.0
79,22,30.0
79,23,30.0
79,24,30.0
79,25,30.0
79,26,30.0
79,27,30.0
79,28,30.0
79,29,30.0
79,3,19.896488
79,4,24.012272
79,5,26.75613
79,6,28.402443
79,7,29.288921
79,8,29.71574
79,9,29.898666
8,0,0.0
8,1,7.44411
8,10,29.683828
8,11,29.706926
8,12,29.713633
8,13,29.715311
8,14,29.715668
8,15,29.715733
8,16,29.71574
8,17,29.71574
8,18,29.715744
8,19,29.715755
8,2,14.179256
8,20,29.715866
8,21,29.716179
8,22,29.717558
8,23,29.720848
8,24,29.729992
8,25,29.747776
8,26,29.782555
8,27,29.836119
8,28,29.911732
8,29,30.0
8,3,19.694601
8,4,23.771162
8,5,26.493309
8,6,28.126596
8,7,29.007988
8,8,29.432362
8,9,29.614676
80,0,0.0
80,1,7.522241
80,10,29.968048
80,11,29.991177
80,12,29.997892
80,13,29.99957
80,14,29.999928
80,15,29.99999
80,16,30.0
80,17,30.0
80,18,30.0
80,19,30.0
80,2,14.328077
80,20,30.0
80,21,30.0
80,22,30.0
80,23,30.0
80,24,30.0
80,25,30.0
80,26,30.0
80,27,30.0
80,28,30.0
80,29,30.0
80,3,19.89649
80,4,24.012272
80,5,26.75613
80,6,28.402443
80,7,29.288921
80,8,29.71574
80,9,29.898664
81,0,0.0
81,1,7.5222406
81,10,29.96805
81,11,29.991177
81,12,29.99789
81,13,29.999573
81,14,29.999928
81,15,29.999992
81,16,30.0
81,17,30.0
81,18,30.0
81,19,30.0
81,2,14.328078
81,20,30.0
81,21,30.0
81,22,30.0
81,23,30.0
81,24,30.0
81,25,30.0
81,26,30.0
81,27,30.0
81,28,30.0
81,29,30.0
81,3,19.89649
81,4,24.012272
81,5,26.75613
81,6,28.402443
81,7,29.288921
81,8,29.71574
81,9,29.898664
82,0,0.0
82,1,7.5222406
82,10,29.968048
82,11,29.991177
82,12,29.99789
82,13,29.99957
82,14,29.999928
82,15,29.999992
82,16,30.0
82,17,30.0
82,18,30.0
82,19,30.0
82,2,14.328077
82,20,30.0
82,21,30.0
82,22,30.0
82,23,30.0
82,24,30.0
82,25,30.0
82,26,30.0
82,27,30.0
82,28,30.0
82,29,30.0
82,3,19.89649
82,4,24.012272
82,5,26.75613
82,6,28.402443
82,7,29.288921
82,8,29.71574
82,9,29.898664
83,0,0.0
83,1,7.5222416
83,10,29.968052
83,11,29.99118
83,12,29.997894
83,13,29.999573
83,14,29.999931
83,15,29.999992
83,16,30.0
83,17,30.000002
83,18,30.000002
83,19,30.000002
83,2,14.32808
83,20,30.000002
83,21,30.000002
83,22,30.000002
83,23,30.000002
83,24,30.000002
83,25,30.000002
83,26,30.000002
83,27,30.000002
83,28,30.0
83,29,30.0
83,3,19.896492
83,4,24.012276
83,5,26.75613
83,6,28.402443
83,7,29.288921
83,8,29.715744
83,9,29.898666
84,0,0.0
84,1,7.5222507
84,10,29.968075
84,11,29.991201
84,12,29.997915
84,13,29.999596
84,14,29.99995
84,15,30.000013
84,16,30.000023
84,17,30.000023
84,18,30.000023
84,19,30.000023
84,2,14.3280945
84,20,30.000023
84,21,30.000023
84,22,30.000023
84,23,30.000023
84,24,30.000023
84,25,30.000021
84,26,30.000021
84,27,30.000017
84,28,30.00001
84,29,30.0
84,3,19.896511
84,4,24.012295
84,5,26.756153
84,6,28.402466
84,7,29.28894
84,8,29.715763
84,9,29.898685
85,0,0.0
85,1,7.5223045
85,10,29.968216
85,11,29.991348
85,12,29.998062
85,13,29.99974
85,14,30.000097
85,15,30.00016
85,16,30.000168
85,17,30.00017
85,18,30.00017
85,19,30.00017
85,2,14.328195
85,20,30.00017
85,21,30.00017
85,22,30.00017
85,23,30.00017
85,24,30.000168
85,25,30.000162
85,26,30.000143
85,27,30.000114
85,28,30.000063
85,29,30.0
85,3,19.896637
85,4,24.01244
85,5,26.756294
85,6,28.40261
85,7,29.28909
85,8,29.715908
85,9,29.898834
86,0,0.0
86,1,7.522603
86,10,29.969051
86,11,29.99218
86,12,29.998894
86,13,30.000572
86,14,30.000929
86,15,30.00099
86,16,30.001
86,17,30.001
86,18,30.001001
86,19,30.001001
86,2,14.328725
86,20,30.001
86,21,30.001
86,22,30.001001
86,23,30.000996
86,24,30.000984
86,25,30.000933
86,26,30.00084
86,27,30.000633
86,28,30.000355
86,29,30.0
86,3,19.897339
86,4,24.013214
86,5,26.757114
86,6,28.403439
86,7,29.28992
86,8,29.716742
86,9,29.899666
87,0,0.0
87,1,7.5239267
87,10,29.972967
87,11,29.996098
87,12,30.00281
87,13,30.00449
87,14,30.004845
87,15,30.00491
87,16,30.004915
87,17,30.004921
87,18,30.004917
87,19,30.004921
87,2,14.331186
87,20,30.004921
87,21,30.004917
87,22,30.004911
87,23,30.004889
87,24,30.004776
87,25,30.004547
87,26,30.003962
87,27,30.003054
87,28,30.00164
87,29,30.0
87,3,19.900515
87,4,24.016853
87,5,26.760927
87,6,28.407337
87,7,29.29383
87,8,29.72066
87,9,29.903582
88,0,0.0
88,1,7.5291634
88,10,29.988634
88,11,30.011763
88,12,30.018478
88,13,30.020155
88,14,30.020514
88,15,30.020573
88,16,30.020588
88,17,30.020588
88,18,30.020588
88,19,30.020588
88,2,14.340656
88,20,30.020588
88,21,30.020573
88,22,30.020546
88,23,30.02035
88,24,30.019918
88,25,30.018637
88,26,30.01639
88,27,30.012266
88,28,30.00674
88,29,30.0
88,3,19.913136
88,4,24.03112
88,5,26.776138
88,6,28.42284
88,7,29.309473
88,8,29.73632
88,9,29.919252
89,0,0.0
89,1,7.5466604
89,10,30.0426
89,11,30.06573
89,12,30.072443
89,13,30.074123
89,14,30.074476
89,15,30.074543
89,16,30.07455
89,17,30.074554
89,18,30.074553
89,19,30.074554
89,2,14.373165
89,20,30.07454
89,21,30.074503
89,22,30.074238
89,23,30.073593
89,24,30.071398
89,25,30.067099
89,26,30.057938
89,27,30.043915
89,28,30.02358
89,29,30.0
89,3,19.955679
89,4,24.080175
89,5,26.828049
89,6,28.47623
89,7,29.363243
89,8,29.790258
89,9,29.97321
9,0,0.0
9,1,7.4932995
9,10,29.866724
9,11,29.889843
9,12,29.896557
9,13,29.898235
9,14,29.898594
9,15,29.898653
9,16,29.898664
9,17,29.898666
9,18,29.898664
9,19,29.898668
9,2,14.274355
9,20,29.898685
9,21,29.898808
9,22,29.89914
9,23,29.900414
9,24,29.90318
9,25,29.909946
9,26,29.921669
9,27,29.94154
9,28,29.96817
9,29,30.0
9,3,19.822495
9,4,23.925697
9,5,26.661167
9,6,28.30386
9,7,29.188385
9,8,29.614676
9,9,29.79737
90,0,0.0
90,1,7.5993967
90,10,30.20449
90,11,30.227627
90,12,30.23434
90,13,30.23602
90,14,30.236378
90,15,30.236439
90,16,30.23645
90,17,30.23645
90,18,30.236452
90,19,30.236439
90,2,14.469215
90,20,30.236404
90,21,30.236113
90,22,30.235344
90,23,30.232368
90,24,30.225908
90,25,30.210121
90,26,30.182762
90,27,30.136402
90,28,30.074268
90,29,30.0
90,3,20.083586
90,4,24.225872
90,5,26.983898
90,6,28.635813
90,7,29.52459
90,8,29.95198
90,9,30.135086
91,0,0.0
91,1,7.738334
91,10,30.631306
91,11,30.654442
91,12,30.661161
91,13,30.662842
91,14,30.663197
91,15,30.663261
91,16,30.663269
91,17,30.663273
91,18,30.663263
91,19,30.663237
91,2,14.725526
91,20,30.662983
91,21,30.662245
91,22,30.659035
91,23,30.651352
91,24,30.630024
91,25,30.588518
91,26,30.507368
91,27,30.382387
91,28,30.205956
91,29,30.0
91,3,20.419415
91,4,24.611906
91,5,27.393341
91,6,29.057102
91,7,29.949465
91,8,30.378426
91,9,30.561787
92,0,0.0
92,1,8.072483
92,10,31.627169
92,11,31.650362
92,12,31.65708
92,13,31.658758
92,14,31.659117
92,15,31.659178
92,16,31.659187
92,17,31.659185
92,18,31.659168
92,19,31.658987
92,2,15.330797
92,20,31.658426
92,21,31.655663
92,22,31.648426
92,23,31.62572
92,24,31.57653
92,25,31.466625
92,26,31.273687
92,27,30.955284
92,28,30.520203
92,29,30.0
92,3,21.215746
92,4,25.514637
92,5,28.353827
92,6,30.03962
92,7,30.94196
92,8,31.373217
92,9,31.557564
93,0,0.0
93,1,8.796047
93,10,33.695644
93,11,33.7188
93,12,33.725525
93,13,33.727203
93,14,33.727562
93,15,33.727623
93,16,33.72763
93,17,33.727623
93,18,33.72752
93,19,33.727184
93,2,16.63836
93,20,33.725296
93,21,33.71992
93,22,33.700897
93,23,33.655396
93,24,33.540054
93,25,33.311523
93,26,32.875175
93,27,32.18047
93,28,31.187382
93,29,30.0
93,3,22.901012
93,4,27.419748
93,5,30.357347
93,6,32.0888
93,7,33.00416
93,8,33.44077
93,9,33.625706
94,0,0.0
94,1,10.256271
94,10,37.537212
94,11,37.56029
94,12,37.56694
94,13,37.568604
94,14,37.56896
94,15,37.569023
94,16,37.569027
94,17,37.568985
94,18,37.56882
94,19,37.56781
94,2,19.20431
94,20,37.564697
94,21,37.552258
94,22,37.519646
94,23,37.42631
94,24,37.21979
94,25,36.768326
94,26,35.940147
94,27,34.536163
94,28,32.507957
94,29,30.0
94,3,26.160494
94,4,31.025826
94,5,34.125595
94,6,35.909153
94,7,36.843994
94,8,37.28225
94,9,37.467884
95,0,0.0
95,1,13.023552
95,10,43.940742
95,11,43.962887
95,12,43.969337
95,13,43.970947
95,14,43.97129
95,15,43.97135
95,16,43.971344
95,17,43.971287
95,18,43.97087
95,19,43.969498
95,2,23.905396
95,20,43.96325
95,21,43.945435
95,22,43.88797
95,23,43.747482
95,24,43.399166
95,25,42.674156
95,26,41.2388
95,27,38.759468
95,28,34.929977
95,29,30.0
95,3,31.900425
95,4,37.24237
95,5,40.498463
95,6,42.32826
95,7,43.259422
95,8,43.693214
95,9,43.873196
96,0,0.0
96,1,18.17115
96,10,53.547104
96,11,53.567245
96,12,53.573013
96,13,53.57448
96,14,53.57479
96,15,53.574844
96,16,53.57483
96,17,53.574715
96,18,53.57426
96,19,53.571938
96,2,32.006645
96,20,53.564747
96,21,53.53856
96,22,53.468544
96,23,53.273045
96,24,52.819202
96,25,51.789543
96,26,49.71591
96,27,45.8043
96,28,39.260677
96,29,30.0
96,3,41.266235
96,4,46.972923
96,5,50.273422
96,6,52.040833
96,7,52.922672
96,8,53.321117
96,9,53.486423
97,0,0.0
97,1,28.008478
97,10,66.546265
97,11,66.56183
97,12,66.56638
97,13,66.56752
97,14,66.567764
97,15,66.5678
97,16,66.56779
97,17,66.56769
97,18,66.567085
97,19,66.56508
97,2,45.484306
97,20,66.55676
97,21,66.53268
97,22,66.45714
97,23,66.26492
97,24,65.77432
97,25,64.65951
97,26,62.194523
97,27,57.097527
97,28,47.11666
97,29,30.0
97,3,55.421253
97,4,60.90545
97,5,63.83026
97,6,65.33044
97,7,66.04774
97,8,66.3688
97,9,66.498314
98,0,0.0
98,1,48.758186
98,10,82.43605
98,11,82.44479
98,12,82.447296
98,13,82.44794
98,14,82.448074
98,15,82.4481
98,16,82.44808
98,17,82.448
98,18,82.44768
98,19,82.446144
98,2,67.250046
98,20,82.44136
98,21,82.42445
98,22,82.37801
98,23,82.24645
98,24,81.92059
98,25,81.11499
98,26,79.20891
98,27,74.585754
98,28,62.82682
98,29,30.0
98,3,75.24004
98,4,79.002144
98,5,80.84576
98,6,81.73757
98,7,82.15507
98,8,82.33619
98,9,82.40953
99,0,0.0
99,1,100.0
99,10,100.0
99,11,100.0
99,12,100.0
99,13,100.0
99,14,100.0
99,15,100.0
99,16,100.0
99,17,100.0
99,18,100.0
99,19,100.0
99,2,100.0
99,20,100.0
99,21,100.0
99,22,100.0
99,23,100.0
99,24,100.0
99,25,100.0
99,26,100.0
99,27,100.0
99,28,100.0
99,29,30.0
99,3,100.0
99,4,100.0
99,5,100.0
99,6,100.0
99,7,100.0
99,8,100.0
99,9,100.0
