0,0,0.0
0,1,0.0
0,10,0.0
0,11,0.0
0,12,0.0
0,13,0.0
0,14,0.0
0,15,30.0
0,2,0.0
0,3,0.0
0,4,0.0
0,5,0.0
0,6,0.0
0,7,0.0
0,8,0.0
0,9,0.0
1,0,0.0
1,1,0.63511443
1,10,5.1741595
1,11,5.943549
1,12,7.234204
1,13,9.735443
1,14,15.341717
1,15,30.0
1,2,1.2544761
1,3,1.8442115
1,4,2.3940277
1,5,2.898687
1,6,3.3594356
1,7,3.7858505
1,8,4.1990466
1,9,4.638109
10,0,0.0
10,1,11.117573
10,10,49.438797
10,11,47.815598
10,12,45.02384
10,13,41.010628
10,14,35.871548
10,15,30.0
10,2,21.189735
10,3,29.664684
10,4,36.432476
10,5,41.616234
10,6,45.410774
10,7,47.99572
10,8,49.498123
10,9,49.98015
11,0,0.0
11,1,14.541681
11,10,57.055054
11,11,54.917183
11,12,51.2788
11,13,45.88192
11,14,38.63456
11,15,30.0
11,2,27.112257
11,3,37.06713
11,4,44.56736
11,5,50.028343
11,6,53.85247
11,7,56.340355
11,8,57.675056
11,9,57.926277
12,0,0.0
12,1,19.937077
12,10,65.93873
12,11,63.519928
12,12,59.292763
12,13,52.604057
12,14,42.784958
12,15,30.0
12,2,35.650845
12,3,46.92473
12,4,54.742146
12,5,60.078064
12,6,63.63124
12,7,65.83906
12,8,66.93635
12,9,66.99568
13,0,0.0
13,1,29.555923
13,10,76.18483
13,11,73.931564
13,12,69.768684
13,13,62.45687
13,14,49.90136
13,15,30.0
13,2,48.629593
13,3,60.2392
13,4,67.39894
13,5,71.91114
13,6,74.75602
13,7,76.44899
13,8,77.23629
13,9,77.18205
14,0,0.0
14,1,49.65712
14,10,87.687416
14,11,86.25314
14,12,83.393814
14,13,77.55357
14,14,64.36372
14,15,30.0
14,2,69.07261
14,3,78.00383
14,4,82.70363
14,5,85.41193
14,6,87.03319
14,7,87.96504
14,8,88.37824
14,9,88.31187
15,0,0.0
15,1,100.0
15,10,100.0
15,11,100.0
15,12,100.0
15,13,100.0
15,14,100.0
15,15,30.0
15,2,100.0
15,3,100.0
15,4,100.0
15,5,100.0
15,6,100.0
15,7,100.0
15,8,100.0
15,9,100.0
2,0,0.0
2,1,1.286032
2,10,10.1151905
2,11,11.366013
2,12,13.257966
2,13,16.365953
2,14,21.631474
2,15,30.0
2,2,2.5386767
2,3,3.728485
2,4,4.8333926
2,5,5.8414955
2,6,6.7534337
2,7,7.5851636
2,8,8.372465
2,9,9.179463
3,0,0.0
3,1,1.9704353
3,10,14.741539
3,11,16.147697
3,12,18.065975
3,13,20.839123
3,14,24.81832
3,15,30.0
3,2,3.8859074
3,3,5.697938
3,4,7.369914
3,5,8.880879
3,6,10.228094
3,7,11.429375
3,8,12.526665
3,9,13.59254
4,0,0.0
4,1,2.7099447
4,10,19.111322
4,11,20.417778
4,12,22.019518
4,13,24.106522
4,14,26.802824
4,15,30.0
4,2,5.3368583
4,3,7.80785
4,4,10.067957
4,5,12.08461
4,6,13.849342
4,7,15.378262
4,8,16.71296
4,9,17.92315
5,0,0.0
5,1,3.5326648
5,10,23.36358
5,11,24.393219
5,12,25.488312
5,13,26.764977
5,14,28.28664
5,15,30.0
5,2,6.944086
5,3,10.129155
5,4,13.010099
5,5,15.541014
5,6,17.70723
5,7,19.522228
5,8,21.024635
5,9,22.2766
6,0,0.0
6,1,4.4768405
6,10,27.67406
6,11,28.303959
6,12,28.776127
6,13,29.178852
6,14,29.578966
6,15,30.0
6,2,8.778075
6,3,12.755184
6,4,16.30302
6,5,19.362995
6,6,21.917297
6,7,23.979809
6,8,25.587746
6,9,26.796007
7,0,0.0
7,1,5.5968533
7,10,32.233665
7,11,32.373264
7,12,32.134045
7,13,31.595789
7,14,30.850613
7,15,30.0
7,2,10.936645
7,3,15.811136
7,4,20.084633
7,5,23.691616
7,6,26.620224
7,7,28.893059
7,8,30.551662
7,9,31.646673
8,0,0.0
8,1,6.9741716
8,10,37.24167
8,11,36.822266
8,12,35.791676
8,13,34.220135
8,14,32.22793
8,15,30.0
8,2,13.560987
8,3,19.468767
8,4,24.533632
8,5,28.699621
8,6,31.980026
8,7,34.42172
8,8,36.08032
8,9,37.006477
9,0,0.0
9,1,8.739087
9,10,42.905296
9,11,41.883316
9,12,39.99095
9,13,37.265617
9,14,33.841217
9,15,30.0
9,2,16.86484
9,3,23.970001
9,4,29.882376
9,5,34.59423
9,6,38.17965
9,7,40.734634
9,8,42.34258
9,9,43.058357
