0,0,0.0
0,1,0.0
0,10,0.0
0,11,0.0
0,12,0.0
0,13,0.0
0,14,0.0
0,15,30.0
0,2,0.0
0,3,0.0
0,4,0.0
0,5,0.0
0,6,0.0
0,7,0.0
0,8,0.0
0,9,0.0
1,0,0.0
1,1,0.6286978
1,10,5.144513
1,11,5.917822
1,12,7.21367
1,13,9.721136
1,14,15.334373
1,15,30.0
1,2,1.2418609
1,3,1.8258443
1,4,2.370565
1,5,2.8710148
1,6,3.3286285
1,7,3.7531757
1,8,4.1658955
1,9,4.6059656
10,0,0.0
10,1,11.081124
10,10,49.274837
10,11,47.673714
10,12,44.910835
10,13,40.932034
10,14,35.83124
10,15,30.0
10,2,21.118189
10,3,29.5607
10,4,36.300026
10,5,41.460484
10,6,45.238018
10,7,47.81313
10,8,49.31356
10,9,49.80181
11,0,0.0
11,1,14.509455
11,10,56.910385
11,11,54.79201
11,12,51.17913
11,13,45.812607
11,14,38.599022
11,15,30.0
11,2,27.048992
11,3,36.975204
11,4,44.450283
11,5,49.890717
11,6,53.699852
11,7,56.179115
11,8,57.51212
11,9,57.76888
12,0,0.0
12,1,19.91096
12,10,65.82169
12,11,63.4187
12,12,59.212166
12,13,52.548016
12,14,42.756226
12,15,30.0
12,2,35.599586
12,3,46.85025
12,4,54.647316
12,5,59.96661
12,6,63.507668
12,7,65.708534
12,8,66.80449
12,9,66.86833
13,0,0.0
13,1,29.53753
13,10,76.10251
13,11,73.86035
13,12,69.712
13,13,62.417458
13,14,49.881157
13,15,30.0
13,2,48.59349
13,3,60.186752
13,4,67.33216
13,5,71.832664
13,6,74.66904
13,7,76.35712
13,8,77.14349
13,9,77.09245
14,0,0.0
14,1,49.647614
14,10,87.6449
14,11,86.21639
14,12,83.36455
14,13,77.53323
14,14,64.353294
14,15,30.0
14,2,69.053955
14,3,77.97672
14,4,82.66913
14,5,85.3714
14,6,86.98826
14,7,87.917595
14,8,88.330315
14,9,88.2656
15,0,0.0
15,1,100.0
15,10,100.0
15,11,100.0
15,12,100.0
15,13,100.0
15,14,100.0
15,15,30.0
15,2,100.0
15,3,100.0
15,4,100.0
15,5,100.0
15,6,100.0
15,7,100.0
15,8,100.0
15,9,100.0
2,0,0.0
2,1,1.2732774
2,10,10.056362
2,11,11.314973
2,12,13.217228
2,13,16.337576
2,14,21.616905
2,15,30.0
2,2,2.5136125
2,3,3.6919832
2,4,4.786787
2,5,5.786523
2,6,6.6922617
2,7,7.5202827
2,8,8.306663
2,9,9.115668
3,0,0.0
3,1,1.9515407
3,10,14.654585
3,11,16.07227
3,12,18.00579
3,13,20.7972
3,14,24.796804
3,15,30.0
3,2,3.8487673
3,3,5.64388
3,4,7.300886
3,5,8.799505
3,6,10.13755
3,7,11.333391
3,8,12.4293375
3,9,13.498217
4,0,0.0
4,1,2.6852624
4,10,18.998096
4,11,20.319597
4,12,21.94119
4,13,24.05198
4,14,26.774832
4,15,30.0
4,2,5.2883673
4,3,7.7372613
4,4,9.977877
4,5,11.978429
4,6,13.731269
4,7,15.253126
4,8,16.586138
4,9,17.800285
5,0,0.0
5,1,3.5027952
5,10,23.227005
5,11,24.274826
5,12,25.393894
5,13,26.699238
5,14,28.25291
5,15,30.0
5,2,6.885392
5,3,10.043766
5,4,12.901137
5,5,15.412661
5,6,17.564537
5,7,19.371096
5,8,20.87152
5,9,22.128334
6,0,0.0
6,1,4.4426537
6,10,27.51833
6,11,28.169022
6,12,28.668535
6,13,29.103966
6,14,29.540545
6,15,30.0
6,2,8.710932
6,3,12.657499
6,4,16.178448
6,5,19.216284
6,6,21.754303
6,7,23.80723
6,8,25.41301
6,9,26.626877
7,0,0.0
7,1,5.559566
7,10,32.06439
7,11,32.226635
7,12,32.017178
7,13,31.514454
7,14,30.808891
7,15,30.0
7,2,10.863402
7,3,15.704637
7,4,19.948837
7,5,23.531782
7,6,26.442703
7,7,28.705221
7,8,30.36155
7,9,31.462751
8,0,0.0
8,1,6.935301
8,10,37.065815
8,11,36.67
8,12,35.67034
8,13,34.13572
8,14,32.184628
8,15,30.0
8,2,13.484668
8,3,19.357794
8,4,24.392208
8,5,28.533201
8,6,31.795296
8,7,34.226326
8,8,35.882656
8,9,36.81534
9,0,0.0
9,1,8.700444
9,10,42.73098
9,11,41.73242
9,12,39.87075
9,13,37.18199
9,14,33.798336
9,15,30.0
9,2,16.788958
9,3,23.859715
9,4,29.74184
9,5,34.42894
9,6,37.99623
9,7,40.540726
9,8,42.146496
9,9,42.868813
