0,0,0.0
0,1,0.0
0,2,0.0
0,3,0.0
0,4,0.0
0,5,0.0
0,6,0.0
0,7,30.0
1,0,0.0
1,1,2.9704494
1,2,5.5972085
1,3,7.745061
1,4,9.597506
1,5,11.870264
1,6,16.59916
1,7,30.0
2,0,0.0
2,1,6.284859
2,2,11.67381
2,3,15.786133
2,4,18.775309
2,5,21.284874
2,6,24.526638
2,7,30.0
3,0,0.0
3,1,10.495663
3,2,19.027914
3,3,24.951448
3,4,28.433805
3,5,29.96817
3,6,30.223007
3,7,30.0
4,0,0.0
4,1,16.670483
4,2,28.991827
4,3,36.55931
4,4,40.041664
4,5,39.932083
4,6,36.397827
4,7,30.0
5,0,0.0
5,1,27.195042
5,2,43.710697
5,3,52.253654
5,4,55.24283
5,5,53.321766
5,6,45.43682
5,7,30.0
6,0,0.0
6,1,48.39948
6,2,66.40314
6,3,73.502884
6,4,75.35532
6,5,72.6762
6,6,62.028187
6,7,30.0
7,0,0.0
7,1,100.0
7,2,100.0
7,3,100.0
7,4,100.0
7,5,100.0
7,6,100.0
7,7,30.0
