0,0,0.0
0,1,0.0
0,10,0.0
0,11,0.0
0,12,0.0
0,13,0.0
0,14,0.0
0,15,30.0
0,2,0.0
0,3,0.0
0,4,0.0
0,5,0.0
0,6,0.0
0,7,0.0
0,8,0.0
0,9,0.0
1,0,0.0
1,1,0.73957175
1,10,5.377697
1,11,6.097592
1,12,7.342963
1,13,9.803913
1,14,15.374669
1,15,30.0
1,2,1.4534864
1,3,2.1201286
1,4,2.7226818
1,5,3.2544122
1,6,3.7163813
1,7,4.1226916
1,8,4.4992747
1,9,4.8919463
10,0,0.0
10,1,10.8103075
10,10,47.20284
10,11,45.81099
10,12,43.381557
10,13,39.846275
10,14,35.267048
10,15,30.0
10,2,20.568203
10,3,28.71723
10,4,35.153984
10,5,40.01281
10,6,43.51259
10,7,45.859306
10,8,47.209705
10,9,47.65307
11,0,0.0
11,1,14.202761
11,10,54.8229
11,11,52.9263
11,12,49.656757
11,13,44.734295
11,14,38.04055
11,15,30.0
11,2,26.43087
11,3,36.04136
11,4,43.200245
11,5,48.33885
11,6,51.878708
11,7,54.146538
11,8,55.35119
11,9,55.58385
12,0,0.0
12,1,19.619104
12,10,63.965424
12,11,61.768143
12,12,57.86839
12,13,51.599403
12,14,42.265015
12,15,30.0
12,2,35.01496
12,3,45.97251
12,4,53.48364
12,5,58.534626
12,6,61.843075
12,7,63.866463
12,8,64.86038
12,9,64.91621
13,0,0.0
13,1,29.310152
13,10,74.71213
13,11,72.62632
13,12,68.71031
13,13,61.7106
13,14,49.515846
13,15,30.0
13,2,48.13879
13,3,59.507484
13,4,66.435486
13,5,70.7357
13,6,73.40047
13,7,74.96035
13,8,75.67645
13,9,75.624466
14,0,0.0
14,1,49.523228
14,10,86.90017
14,11,85.556885
14,12,82.82933
14,13,77.15622
14,14,64.158325
14,15,30.0
14,2,68.805786
14,3,77.60648
14,4,82.18198
14,5,84.77688
14,6,86.302826
14,7,87.16497
14,8,87.54156
14,9,87.47839
15,0,0.0
15,1,100.0
15,10,100.0
15,11,100.0
15,12,100.0
15,13,100.0
15,14,100.0
15,15,30.0
15,2,100.0
15,3,100.0
15,4,100.0
15,5,100.0
15,6,100.0
15,7,100.0
15,8,100.0
15,9,100.0
2,0,0.0
2,1,1.4753973
2,10,10.451881
2,11,11.614903
2,12,13.428844
2,13,16.471237
2,14,21.68109
2,15,30.0
2,2,2.8994267
2,3,4.2260184
2,4,5.4240737
2,5,6.475456
2,6,7.384694
2,7,8.173366
2,8,8.889472
2,9,9.608687
3,0,0.0
3,1,2.2096562
3,10,15.084337
3,11,16.383484
3,12,18.215462
3,13,20.923311
3,14,24.855566
3,15,30.0
3,2,4.338874
3,3,6.3195815
3,4,8.098985
3,5,9.653533
3,6,10.981557
3,7,12.114403
3,8,13.108321
3,9,14.0546875
4,0,0.0
4,1,2.953061
4,10,19.299557
4,11,20.50612
4,12,22.04176
4,13,24.098198
4,14,26.790848
4,15,30.0
4,2,5.794772
4,3,8.426365
4,4,10.780064
4,5,12.815507
4,6,14.533556
4,7,15.9627075
4,8,17.167362
4,9,18.238697
5,0,0.0
5,1,3.7326913
5,10,23.236061
5,11,24.19749
5,12,25.278881
5,13,26.591524
5,14,28.189434
5,15,30.0
5,2,7.313451
5,3,10.6145525
5,4,13.540487
5,5,16.046024
5,6,18.12235
5,7,19.80494
5,8,21.155342
5,9,22.26283
6,0,0.0
6,1,4.591617
6,10,27.099422
6,11,27.717054
6,12,28.250607
6,13,28.784771
6,14,29.36755
6,15,30.0
6,2,8.980036
6,3,12.992148
6,4,16.513508
6,5,19.48235
6,6,21.897123
6,7,23.791561
6,8,25.233051
6,9,26.304634
7,0,0.0
7,1,5.599271
7,10,31.14315
7,11,31.337856
7,12,31.252182
7,13,30.95251
7,14,30.511955
7,15,30.0
7,2,10.916416
7,3,15.726567
7,4,19.882706
7,5,23.326843
7,6,26.060188
7,7,28.133738
7,8,29.6181
7,9,30.59423
8,0,0.0
8,1,6.8545475
8,10,35.644497
8,11,35.35337
8,12,34.565247
8,13,33.33953
8,14,31.767231
8,15,30.0
8,2,13.303436
8,3,19.039627
8,4,23.898224
8,5,27.828182
8,6,30.865154
8,7,33.081615
8,8,34.56598
8,9,35.399193
9,0,0.0
9,1,8.510166
9,10,40.90102
9,11,40.06752
9,12,38.49437
9,13,36.19808
9,14,33.2861
9,15,30.0
9,2,16.393347
9,3,23.235914
9,4,28.863974
9,5,33.28395
9,6,36.58883
9,7,38.90502
9,8,40.34651
9,9,40.996338
