0,0,0.0
0,1,0.0
0,10,0.0
0,11,0.0
0,12,0.0
0,13,0.0
0,14,0.0
0,15,30.0
0,2,0.0
0,3,0.0
0,4,0.0
0,5,0.0
0,6,0.0
0,7,0.0
0,8,0.0
0,9,0.0
1,0,0.0
1,1,0.6356902
1,10,5.176561
1,11,5.94561
1,12,7.235834
1,13,9.736571
1,14,15.342293
1,15,30.0
1,2,1.2556026
1,3,1.8458399
1,4,2.3960865
1,5,2.9010868
1,6,3.362071
1,7,3.7886076
1,8,4.201803
1,9,4.6407466
10,0,0.0
10,1,11.119981
10,10,49.44884
10,11,47.82421
10,12,45.030655
10,13,41.015343
10,14,35.873955
10,15,30.0
10,2,21.194447
10,3,29.671497
10,4,36.441086
10,5,41.62627
10,6,45.421795
10,7,48.00724
10,8,49.509647
10,9,49.991173
11,0,0.0
11,1,14.543748
11,10,57.063675
11,11,54.924576
11,12,51.28465
11,13,45.88597
11,14,38.636627
11,15,30.0
11,2,27.116302
11,3,37.072975
11,4,44.57475
11,5,50.036957
11,6,53.861927
11,7,56.35025
11,8,57.68495
11,9,57.93574
12,0,0.0
12,1,19.93871
12,10,65.94554
12,11,63.52578
12,12,59.297394
12,13,52.60726
12,14,42.786594
12,15,30.0
12,2,35.65404
12,3,46.92935
12,4,54.747993
12,5,60.084877
12,6,63.63872
12,7,65.846886
12,8,66.944176
12,9,67.003174
13,0,0.0
13,1,29.557053
13,10,76.18955
13,11,73.93561
13,12,69.77188
13,13,62.459084
13,14,49.902493
13,15,30.0
13,2,48.631805
13,3,60.2424
13,4,67.402985
13,5,71.91585
13,6,74.7612
13,7,76.45439
13,8,77.2417
13,9,77.18723
14,0,0.0
14,1,49.657696
14,10,87.68982
14,11,86.25522
14,12,83.39545
14,13,77.5547
14,14,64.364296
14,15,30.0
14,2,69.07374
14,3,78.005455
14,4,82.705696
14,5,85.41434
14,6,87.035835
14,7,87.96781
14,8,88.381004
14,9,88.314514
15,0,0.0
15,1,100.0
15,10,100.0
15,11,100.0
15,12,100.0
15,13,100.0
15,14,100.0
15,15,30.0
15,2,100.0
15,3,100.0
15,4,100.0
15,5,100.0
15,6,100.0
15,7,100.0
15,8,100.0
15,9,100.0
2,0,0.0
2,1,1.2871587
2,10,10.119889
2,11,11.370045
2,12,13.261155
2,13,16.368158
2,14,21.632599
2,15,30.0
2,2,2.5408812
2,3,3.7316706
2,4,4.837421
2,5,5.8461905
2,6,6.758591
2,7,7.5905566
2,8,8.377861
2,9,9.184623
3,0,0.0
3,1,1.972064
3,10,14.748331
3,11,16.153526
3,12,18.070585
3,13,20.84231
3,14,24.819948
3,15,30.0
3,2,3.8890936
3,3,5.7025433
3,4,7.375737
3,5,8.887668
3,6,10.235549
3,7,11.437172
3,8,12.534462
3,9,13.599998
4,0,0.0
4,1,2.7120047
4,10,19.119913
4,11,20.42515
4,12,22.025349
4,13,24.110558
4,14,26.804886
4,15,30.0
4,2,5.3408885
4,3,7.813674
4,4,10.075322
4,5,12.093194
4,6,13.858772
4,7,15.388122
4,8,16.722824
4,9,17.932583
5,0,0.0
5,1,3.5350666
5,10,23.373596
5,11,24.401814
5,12,25.49511
5,13,26.769682
5,14,28.289043
5,15,30.0
5,2,6.948785
5,3,10.135946
5,4,13.018686
5,5,15.5510235
5,6,17.718224
5,7,19.53373
5,8,21.03613
5,9,22.287598
6,0,0.0
6,1,4.47948
6,10,27.685066
6,11,28.313402
6,12,28.783598
6,13,29.184021
6,14,29.58161
6,15,30.0
6,2,8.783237
6,3,12.762646
6,4,16.312456
6,5,19.373993
6,6,21.929379
6,7,23.99244
6,8,25.600384
6,9,26.80809
7,0,0.0
7,1,5.5996146
7,10,32.24518
7,11,32.38315
7,12,32.141857
7,13,31.6012
7,14,30.853374
7,15,30.0
7,2,10.942047
7,3,15.818943
7,4,20.09451
7,5,23.703125
7,6,26.632862
7,7,28.90628
7,8,30.564878
7,9,31.659317
8,0,0.0
8,1,6.9769344
8,10,37.253193
8,11,36.83215
8,12,35.799496
8,13,34.22554
8,14,32.230694
8,15,30.0
8,2,13.566393
8,3,19.476582
8,4,24.543512
8,5,28.711138
8,6,31.992672
8,7,34.434944
8,8,36.093544
8,9,37.019127
9,0,0.0
9,1,8.741731
9,10,42.916317
9,11,41.892776
9,12,39.99843
9,13,37.27079
9,14,33.843857
9,15,30.0
9,2,16.870012
9,3,23.977478
9,4,29.891829
9,5,34.605247
9,6,38.19175
9,7,40.74729
9,8,42.355232
9,9,43.070457
