0,0,0.0
0,1,0.0
0,10,0.0
0,11,0.0
0,12,0.0
0,13,0.0
0,14,0.0
0,15,30.0
0,2,0.0
0,3,0.0
0,4,0.0
0,5,0.0
0,6,0.0
0,7,0.0
0,8,0.0
0,9,0.0
1,0,0.0
1,1,0.65190434
1,10,5.1738505
1,11,5.936595
1,12,7.2243066
1,13,9.726372
1,14,15.336355
1,15,30.0
1,2,1.2859023
1,3,1.8861045
1,4,2.4412763
1,5,2.9455252
1,6,3.400918
1,7,3.818017
1,8,4.21992
1,9,4.647541
10,0,0.0
10,1,10.9559
10,10,48.472847
10,11,46.958427
10,12,44.327885
10,13,40.51944
10,14,35.617622
10,15,30.0
10,2,20.867165
10,3,29.184437
10,4,35.800964
10,5,40.84668
10,6,44.523834
10,7,47.021854
10,8,48.47716
10,9,48.9598
11,0,0.0
11,1,14.379876
11,10,56.13012
11,11,54.099678
11,12,50.616314
11,13,45.41561
11,14,38.393555
11,15,30.0
11,2,26.790588
11,3,36.589844
11,4,43.943405
11,5,49.27207
11,6,52.986244
11,7,55.394707
11,8,56.68885
11,9,56.945698
12,0,0.0
12,1,19.794073
12,10,65.144554
12,11,62.819214
12,12,58.72634
12,13,52.205574
12,14,42.579338
12,15,30.0
12,2,35.36683
12,3,46.504715
12,4,54.194633
12,5,59.417183
12,6,62.877117
12,7,65.01896
12,8,66.084305
12,9,66.15097
13,0,0.0
13,1,29.44912
13,10,75.6026
13,11,73.418915
13,12,69.35451
13,13,62.16595
13,14,49.751205
13,15,30.0
13,2,48.41785
13,3,59.926407
13,4,66.99223
13,5,71.42125
13,6,74.19849
13,7,75.84417
13,8,76.60925
13,9,76.561935
14,0,0.0
14,1,49.600075
14,10,87.37958
14,11,85.9822
14,12,83.175186
14,13,77.39998
14,14,64.28453
14,15,30.0
14,2,68.9595
14,3,77.83699
14,4,82.48687
14,5,85.15126
14,6,86.73689
14,7,87.64405
14,8,88.045944
14,9,87.98352
15,0,0.0
15,1,100.0
15,10,100.0
15,11,100.0
15,12,100.0
15,13,100.0
15,14,100.0
15,15,30.0
15,2,100.0
15,3,100.0
15,4,100.0
15,5,100.0
15,6,100.0
15,7,100.0
15,8,100.0
15,9,100.0
2,0,0.0
2,1,1.3142247
2,10,10.095011
2,11,11.335514
2,12,13.225357
2,13,16.338936
2,14,21.616306
2,15,30.0
2,2,2.5908298
2,3,3.797264
2,4,4.908829
2,5,5.913656
2,6,6.8129168
2,7,7.6256495
2,8,8.390735
2,9,9.176369
3,0,0.0
3,1,2.0000644
3,10,14.666393
3,11,16.064316
3,12,17.987581
3,13,20.778595
3,14,24.785328
3,15,30.0
3,2,3.9398522
3,3,5.7659526
3,4,7.4397373
3,5,8.939022
3,6,10.263798
3,7,11.435033
3,8,12.500386
3,9,13.537657
4,0,0.0
4,1,2.7288141
4,10,18.93859
4,11,20.245441
4,12,21.86772
4,13,23.993328
4,14,26.742495
4,15,30.0
4,2,5.368307
4,3,7.8412495
4,4,10.089168
4,5,12.080541
4,6,13.808807
4,7,15.296179
4,8,16.59032
4,9,17.768267
5,0,0.0
5,1,3.5281496
5,10,23.052275
5,11,24.098265
5,12,25.236652
5,13,26.581594
5,14,28.189869
5,15,30.0
5,2,6.9293194
5,3,10.093204
5,4,12.940806
5,5,15.426102
5,6,17.53954
5,7,19.300262
5,8,20.755573
5,9,21.975504
6,0,0.0
6,1,4.4391966
6,10,27.19577
6,11,27.862621
6,12,28.407251
6,13,28.913136
6,14,29.439987
6,15,30.0
6,2,8.697466
6,3,12.623257
6,4,16.109388
6,5,19.100481
6,6,21.582926
6,7,23.579313
6,8,25.135414
6,9,26.31526
7,0,0.0
7,1,5.5205436
7,10,31.579964
7,11,31.780403
7,12,31.643978
7,13,31.246082
7,14,30.668354
7,15,30.0
7,2,10.780529
7,3,15.5688
7,4,19.750849
7,5,23.263485
7,6,26.102365
7,7,28.298088
7,8,29.902546
7,9,30.97569
8,0,0.0
8,1,6.860221
8,10,36.430992
8,11,36.094215
8,12,35.19515
8,13,33.79637
8,14,32.008026
8,15,30.0
8,2,13.330814
8,3,19.119976
8,4,24.064657
8,5,28.11452
8,6,31.289368
8,7,33.64628
8,8,35.250736
8,9,36.162697
9,0,0.0
9,1,8.594605
9,10,41.982323
9,11,41.060814
9,12,39.320118
9,13,36.791306
9,14,33.595398
9,15,30.0
9,2,16.575638
9,3,23.536121
9,4,29.307587
9,5,33.88703
9,6,37.35737
9,7,39.823734
9,8,41.379837
9,9,42.0897
