0,0,0.0
0,1,0.0
0,10,0.0
0,11,0.0
0,12,0.0
0,13,0.0
0,14,0.0
0,15,30.0
0,2,0.0
0,3,0.0
0,4,0.0
0,5,0.0
0,6,0.0
0,7,0.0
0,8,0.0
0,9,0.0
1,0,0.0
1,1,0.6726459
1,10,5.220255
1,11,5.9727883
1,12,7.2505703
1,13,9.7433605
1,14,15.344655
1,15,30.0
1,2,1.3256372
1,3,1.9414544
1,4,2.5079083
1,5,3.0184054
1,6,3.4752343
1,7,3.8893595
1,8,4.284922
1,9,4.70386
10,0,0.0
10,1,10.91287
10,10,48.127655
10,11,46.646774
10,12,44.07165
10,13,40.33696
10,14,35.52281
10,15,30.0
10,2,20.779308
10,3,29.049246
10,4,35.615936
10,5,40.61168
10,6,44.24186
10,7,46.700714
10,8,48.1296
10,9,48.602978
11,0,0.0
11,1,14.329835
11,10,55.779316
11,11,53.785652
11,12,50.359314
11,13,45.23352
11,14,38.299057
11,15,30.0
11,2,26.689693
11,3,36.436794
11,4,43.738014
11,5,49.015923
11,6,52.68455
11,7,55.056656
11,8,56.328045
11,9,56.579834
12,0,0.0
12,1,19.745922
12,10,64.83138
12,11,62.539963
12,12,58.498848
12,13,52.044624
12,14,42.49603
12,15,30.0
12,2,35.27015
12,3,46.35942
12,4,54.00139
12,5,59.178837
12,6,62.599167
12,7,64.71046
12,8,65.75787
12,9,65.822174
13,0,0.0
13,1,29.411318
13,10,75.3672
13,11,73.2098
13,12,69.184364
13,13,62.04589
13,14,49.68905
13,15,30.0
13,2,48.34225
13,3,59.8132
13,4,66.8426
13,5,71.23769
13,6,73.98574
13,7,75.60936
13,8,76.36198
13,9,76.314064
14,0,0.0
14,1,49.579346
14,10,87.2534
14,11,85.87019
14,12,83.08426
14,13,77.3358
14,14,64.25136
14,15,30.0
14,2,68.918076
14,3,77.77515
14,4,82.405304
14,5,85.05155
14,6,86.62167
14,7,87.51725
14,8,87.91281
14,9,87.850296
15,0,0.0
15,1,100.0
15,10,100.0
15,11,100.0
15,12,100.0
15,13,100.0
15,14,100.0
15,15,30.0
15,2,100.0
15,3,100.0
15,4,100.0
15,5,100.0
15,6,100.0
15,7,100.0
15,8,100.0
15,9,100.0
2,0,0.0
2,1,1.3522393
2,10,10.175032
2,11,11.397029
2,12,13.269453
2,13,16.367073
2,14,21.62997
2,15,30.0
2,2,2.6634274
2,3,3.8982935
2,4,5.029828
2,5,6.045524
2,6,6.946385
2,7,7.752881
2,8,8.505494
2,9,9.274702
3,0,0.0
3,1,2.0488694
3,10,14.75671
3,11,16.131565
3,12,18.03408
3,13,20.807423
3,14,24.798977
3,15,30.0
3,2,4.0329504
3,3,5.8946486
3,4,7.5929947
3,5,9.104164
3,6,10.428992
3,7,11.589792
3,8,12.6372175
3,9,13.652002
4,0,0.0
4,1,2.7802384
4,10,19.009867
4,11,20.293514
4,12,21.897411
4,13,24.00952
4,14,26.749458
4,15,30.0
4,2,5.4656897
4,3,7.9748926
4,4,10.2458725
4,5,12.246477
4,6,13.970349
4,7,15.442572
4,8,16.713955
4,9,17.865637
5,0,0.0
5,1,3.5733728
5,10,23.074398
5,11,24.102139
5,12,25.229826
5,13,26.571938
5,14,28.183317
5,15,30.0
5,2,7.014286
5,3,10.207423
5,4,13.071308
5,5,15.558421
5,6,17.661058
5,7,19.400894
5,8,20.829782
5,9,22.022175
6,0,0.0
6,1,4.47066
6,10,27.1442
6,11,27.801561
6,12,28.34829
6,13,28.866732
6,14,29.414593
6,15,30.0
6,2,8.754926
6,3,12.697239
6,4,16.1873
6,5,19.16996
6,6,21.632833
6,7,23.602673
6,8,25.129692
6,9,26.283056
7,0,0.0
7,1,5.532789
7,10,31.440275
7,11,31.64318
7,12,31.524027
7,13,31.15741
7,14,30.621155
7,15,30.0
7,2,10.800465
7,3,15.587827
7,4,19.758957
7,5,23.250328
7,6,26.060616
7,7,28.224134
7,8,29.798225
7,9,30.848053
8,0,0.0
8,1,6.8513308
8,10,36.203236
8,11,35.88113
8,12,35.015446
8,13,33.66612
8,14,31.939695
8,15,30.0
8,2,13.309173
8,3,19.079247
8,4,23.996897
8,5,28.01329
8,6,31.150684
8,7,33.471107
8,8,35.045197
8,9,35.938126
9,0,0.0
9,1,8.566076
9,10,41.68125
9,11,40.785854
9,12,39.09166
9,13,36.627792
9,14,33.51001
9,15,30.0
9,2,16.515984
9,3,23.440605
9,4,29.171595
9,5,33.70701
9,6,37.133575
9,7,39.5608
9,8,41.08782
9,9,41.78379
