0,0,0.0
0,1,0.0
0,10,0.0
0,11,0.0
0,12,0.0
0,13,0.0
0,14,0.0
0,15,30.0
0,2,0.0
0,3,0.0
0,4,0.0
0,5,0.0
0,6,0.0
0,7,0.0
0,8,0.0
0,9,0.0
1,0,0.0
1,1,0.6344745
1,10,5.1714773
1,11,5.941245
1,12,7.2323813
1,13,9.734181
1,14,15.341072
1,15,30.0
1,2,1.253224
1,3,1.8424013
1,4,2.3917377
1,5,2.8960166
1,6,3.3565001
1,7,3.7827787
1,8,4.1959715
1,9,4.6351666
10,0,0.0
10,1,11.114854
10,10,49.4274
10,11,47.80581
10,12,45.016094
10,13,41.005264
10,14,35.86881
10,15,30.0
10,2,21.184414
10,3,29.656992
10,4,36.422737
10,5,41.604885
10,6,45.3983
10,7,47.982666
10,8,49.485054
10,9,49.967644
11,0,0.0
11,1,14.539342
11,10,57.045258
11,11,54.90876
11,12,51.272137
11,13,45.87731
11,14,38.632202
11,15,30.0
11,2,27.107681
11,3,37.06051
11,4,44.55899
11,5,50.018578
11,6,53.841743
11,7,56.329124
11,8,57.66382
11,9,57.91552
12,0,0.0
12,1,19.935223
12,10,65.930954
12,11,63.51326
12,12,59.287483
12,13,52.600403
12,14,42.783092
12,15,30.0
12,2,35.647217
12,3,46.919483
12,4,54.735508
12,5,60.07033
12,6,63.622734
12,7,65.83016
12,8,66.92744
12,9,66.98716
13,0,0.0
13,1,29.55464
13,10,76.17944
13,11,73.92693
13,12,69.76503
13,13,62.454338
13,14,49.90007
13,15,30.0
13,2,48.62708
13,3,60.235565
13,4,67.39434
13,5,71.90577
13,6,74.75014
13,7,76.44282
13,8,77.23012
13,9,77.17615
14,0,0.0
14,1,49.65646
14,10,87.68465
14,11,86.25078
14,12,83.391945
14,13,77.55228
14,14,64.36306
14,15,30.0
14,2,69.07133
14,3,78.00196
14,4,82.70128
14,5,85.409195
14,6,87.030174
14,7,87.96189
14,8,88.375084
14,9,88.30884
15,0,0.0
15,1,100.0
15,10,100.0
15,11,100.0
15,12,100.0
15,13,100.0
15,14,100.0
15,15,30.0
15,2,100.0
15,3,100.0
15,4,100.0
15,5,100.0
15,6,100.0
15,7,100.0
15,8,100.0
15,9,100.0
2,0,0.0
2,1,1.2847792
2,10,10.109939
2,11,11.361504
2,12,13.254396
2,13,16.363483
2,14,21.630207
2,15,30.0
2,2,2.5362253
2,3,3.7249405
2,4,4.8289084
2,5,5.8362665
2,6,6.7476873
2,7,7.5791483
2,8,8.366446
2,9,9.173701
3,0,0.0
3,1,1.9686222
3,10,14.733939
3,11,16.14117
3,12,18.06081
3,13,20.835545
3,14,24.816492
3,15,30.0
3,2,3.8823595
3,3,5.692809
3,4,7.3634253
3,5,8.873312
3,6,10.219778
3,7,11.42067
3,8,12.517952
3,9,13.584201
4,0,0.0
4,1,2.7076476
4,10,19.101696
4,11,20.409512
4,12,22.012974
4,13,24.101994
4,14,26.800508
4,15,30.0
4,2,5.332364
4,3,7.8013515
4,4,10.059736
4,5,12.075024
4,6,13.838806
4,7,15.367233
4,8,16.701923
4,9,17.912586
5,0,0.0
5,1,3.5299819
5,10,23.352337
5,11,24.38356
5,12,25.48067
5,13,26.759686
5,14,28.283936
5,15,30.0
5,2,6.938835
5,3,10.121565
5,4,13.000497
5,5,15.529817
5,6,17.694923
5,7,19.50935
5,8,21.011742
5,9,22.264261
6,0,0.0
6,1,4.4738865
6,10,27.661678
6,11,28.293331
6,12,28.767712
6,13,29.173027
6,14,29.575989
6,15,30.0
6,2,8.772295
6,3,12.746825
6,4,16.29245
6,5,19.350668
6,6,21.903748
6,7,23.965626
6,8,25.573555
6,9,26.782421
7,0,0.0
7,1,5.5937552
7,10,32.220684
7,11,32.362114
7,12,32.12522
7,13,31.58968
7,14,30.847486
7,15,30.0
7,2,10.930582
7,3,15.802371
7,4,20.073547
7,5,23.678688
7,6,26.606014
7,7,28.87819
7,8,30.536777
7,9,31.632425
8,0,0.0
8,1,6.9710646
8,10,37.228645
8,11,36.81109
8,12,35.782825
8,13,34.214012
8,14,32.224796
8,15,30.0
8,2,13.554907
8,3,19.45998
8,4,24.522514
8,5,28.686657
8,6,31.965775
8,7,34.406807
8,8,36.06539
8,9,36.99219
9,0,0.0
9,1,8.736108
9,10,42.892807
9,11,41.872593
9,12,39.982464
9,13,37.259743
9,14,33.83821
9,15,30.0
9,2,16.85901
9,3,23.961573
9,4,29.871717
9,5,34.581795
9,6,38.165985
9,7,40.720337
9,8,42.32827
9,9,43.044655
