0,0,0.0
0,1,0.0
0,10,0.0
0,11,0.0
0,12,0.0
0,13,0.0
0,14,0.0
0,15,30.0
0,2,0.0
0,3,0.0
0,4,0.0
0,5,0.0
0,6,0.0
0,7,0.0
0,8,0.0
0,9,0.0
1,0,0.0
1,1,0.63167
1,10,5.1593513
1,11,5.930796
1,12,7.2240877
1,13,9.728428
1,14,15.338125
1,15,30.0
1,2,1.2477288
1,3,1.834438
1,4,2.3816342
1,5,2.8841906
1,6,3.3434508
1,7,3.7690616
1,8,4.1821823
1,9,4.6219125
10,0,0.0
10,1,11.101688
10,10,49.370705
10,11,47.756973
10,12,44.977356
10,13,40.978394
10,14,35.855053
10,15,30.0
10,2,21.158617
10,3,29.619627
10,4,36.375347
10,5,41.549446
10,6,45.337154
10,7,47.918427
10,8,49.420517
10,9,49.90564
11,0,0.0
11,1,14.527898
11,10,56.995995
11,11,54.866337
11,12,51.238476
11,13,45.85397
11,14,38.620255
11,15,30.0
11,2,27.085262
11,3,37.028034
11,4,44.5178
11,5,49.970398
11,6,53.788605
11,7,56.273308
11,8,57.607742
11,9,57.86165
12,0,0.0
12,1,19.926075
12,10,65.891594
12,11,63.47936
12,12,59.260593
12,13,52.581753
12,14,42.773544
12,15,30.0
12,2,35.629295
12,3,46.893528
12,4,54.702587
12,5,60.031822
12,6,63.58027
12,7,65.78556
12,8,66.88263
12,9,66.94412
13,0,0.0
13,1,29.54826
13,10,76.15201
13,11,73.903305
13,12,69.74628
13,13,62.441338
13,14,49.893414
13,15,30.0
13,2,48.614582
13,3,60.21747
13,4,67.37138
13,5,71.87892
13,6,74.72052
13,7,76.41171
13,8,77.198875
13,9,77.14613
14,0,0.0
14,1,49.653187
14,10,87.67056
14,11,86.23865
14,12,83.382324
14,13,77.5456
14,14,64.35964
14,15,30.0
14,2,69.0649
14,3,77.99267
14,4,82.68949
14,5,85.3954
14,6,87.01497
14,7,87.94592
14,8,88.35903
14,9,88.293434
15,0,0.0
15,1,100.0
15,10,100.0
15,11,100.0
15,12,100.0
15,13,100.0
15,14,100.0
15,15,30.0
15,2,100.0
15,3,100.0
15,4,100.0
15,5,100.0
15,6,100.0
15,7,100.0
15,8,100.0
15,9,100.0
2,0,0.0
2,1,1.2792625
2,10,10.086089
2,11,11.340951
2,12,13.238086
2,13,16.352165
2,14,21.624416
2,15,30.0
2,2,2.5254145
2,3,3.7092774
2,4,4.809033
2,5,5.8130064
2,6,6.7220173
2,7,7.552169
2,8,8.339324
2,9,9.147634
3,0,0.0
3,1,1.9605782
3,10,14.699176
3,11,16.111217
3,12,18.037037
3,13,20.819056
3,14,24.808046
3,15,30.0
3,2,3.8665984
3,3,5.6699696
3,4,7.3344502
3,5,8.839399
3,6,10.182358
3,7,11.381338
3,8,12.478417
3,9,13.546203
4,0,0.0
4,1,2.697358
4,10,19.057243
4,11,20.371208
4,12,21.982578
4,13,24.080906
4,14,26.789713
4,15,30.0
4,2,5.3121996
4,3,7.7721376
4,4,10.022669
4,5,12.031649
4,6,13.790941
4,7,15.316933
4,8,16.651361
4,9,17.863993
5,0,0.0
5,1,3.51782
5,10,23.299824
5,11,24.338322
5,12,25.444765
5,13,26.734781
5,14,28.271183
5,15,30.0
5,2,6.9150066
5,3,10.087038
5,4,12.956696
5,5,15.478558
5,6,17.638372
5,7,19.449917
5,8,20.952007
5,9,22.206856
6,0,0.0
6,1,4.4603205
6,10,27.603134
6,11,28.24289
6,12,28.72769
6,13,29.145266
6,14,29.561777
6,15,30.0
6,2,8.745712
6,3,12.708315
6,4,16.243591
6,5,19.2935
6,6,21.840677
6,7,23.89935
6,8,25.506948
6,9,26.718414
7,0,0.0
7,1,5.579333
7,10,32.158478
7,11,32.308533
7,12,32.0827
7,13,31.560188
7,14,30.83239
7,15,30.0
7,2,10.902326
7,3,15.761433
7,4,20.021618
7,5,23.617924
7,6,26.538986
7,7,28.807758
7,8,30.466
7,9,31.56442
8,0,0.0
8,1,6.956402
8,10,37.165443
8,11,36.756638
8,12,35.739624
8,13,34.184044
8,14,32.209457
8,15,30.0
8,2,13.526176
8,3,19.418362
8,4,24.46972
8,5,28.624891
8,6,31.89764
8,7,34.33522
8,8,35.99346
8,9,36.92308
9,0,0.0
9,1,8.721859
9,10,42.831425
9,11,41.819725
9,12,39.940514
9,13,37.230648
9,14,33.82332
9,15,30.0
9,2,16.831097
9,3,23.921135
9,4,29.820423
9,5,34.521786
9,6,38.0998
9,7,40.6508
9,8,42.2584
9,9,42.977535
