0,0,0.0
0,1,0.0
0,10,0.0
0,11,0.0
0,12,0.0
0,13,0.0
0,14,0.0
0,15,30.0
0,2,0.0
0,3,0.0
0,4,0.0
0,5,0.0
0,6,0.0
0,7,0.0
0,8,0.0
0,9,0.0
1,0,0.0
1,1,0.6336498
1,10,5.167988
1,11,5.938246
1,12,7.2300053
1,13,9.732535
1,14,15.340229
1,15,30.0
1,2,1.2516094
1,3,1.8400655
1,4,2.38878
1,5,2.8925633
1,6,3.3527007
1,7,3.7787967
1,8,4.191981
1,9,4.631342
10,0,0.0
10,1,11.111237
10,10,49.41211
10,11,47.792664
10,12,45.005684
10,13,40.998055
10,14,35.865116
10,15,30.0
10,2,21.17733
10,3,29.646748
10,4,36.409767
10,5,41.589745
10,6,45.38164
10,7,47.96521
10,8,49.46756
10,9,49.95088
11,0,0.0
11,1,14.53622
11,10,57.03206
11,11,54.897415
11,12,51.26315
11,13,45.871086
11,14,38.62902
11,15,30.0
11,2,27.101568
11,3,37.051666
11,4,44.547794
11,5,50.00551
11,6,53.82737
11,7,56.314064
11,8,57.648727
11,9,57.901054
12,0,0.0
12,1,19.932741
12,10,65.92047
12,11,63.504246
12,12,59.280342
12,13,52.59546
12,14,42.78056
12,15,30.0
12,2,35.642357
12,3,46.91246
12,4,54.726612
12,5,60.059948
12,6,63.611313
12,7,65.81819
12,8,66.91545
12,9,66.97567
13,0,0.0
13,1,29.552914
13,10,76.172165
13,11,73.92068
13,12,69.76007
13,13,62.450905
13,14,49.89831
13,15,30.0
13,2,48.62371
13,3,60.230686
13,4,67.38817
13,5,71.89856
13,6,74.7422
13,7,76.43451
13,8,77.22179
13,9,77.16817
14,0,0.0
14,1,49.655582
14,10,87.68093
14,11,86.24759
14,12,83.389404
14,13,77.55052
14,14,64.36216
14,15,30.0
14,2,69.069595
14,3,77.999466
14,4,82.69811
14,5,85.4055
14,6,87.026115
14,7,87.957634
14,8,88.37082
14,9,88.304756
15,0,0.0
15,1,100.0
15,10,100.0
15,11,100.0
15,12,100.0
15,13,100.0
15,14,100.0
15,15,30.0
15,2,100.0
15,3,100.0
15,4,100.0
15,5,100.0
15,6,100.0
15,7,100.0
15,8,100.0
15,9,100.0
2,0,0.0
2,1,1.283162
2,10,10.103097
2,11,11.355621
2,12,13.249738
2,13,16.360254
2,14,21.62856
2,15,30.0
2,2,2.5330596
2,3,3.7203605
2,4,4.8231087
2,5,5.8294964
2,6,6.7402363
2,7,7.5713406
2,8,8.358621
2,9,9.166203
3,0,0.0
3,1,1.9662764
3,10,14.724016
3,11,16.13264
3,12,18.054054
3,13,20.830864
3,14,24.814096
3,15,30.0
3,2,3.8777673
3,3,5.6861653
3,4,7.355013
3,5,8.863491
3,6,10.208971
3,7,11.409346
3,8,12.506602
3,9,13.573324
4,0,0.0
4,1,2.704667
4,10,19.089088
4,11,20.398672
4,12,22.00439
4,13,24.096046
4,14,26.797466
4,15,30.0
4,2,5.3265295
4,3,7.7929096
4,4,10.049048
4,5,12.062546
4,6,13.825075
4,7,15.352846
4,8,16.687504
4,9,17.898767
5,0,0.0
5,1,3.5264883
5,10,23.337555
5,11,24.370857
5,12,25.470604
5,13,26.752716
5,14,28.280369
5,15,30.0
5,2,6.9319954
5,3,10.11167
5,4,12.987967
5,5,15.515188
5,6,17.67883
5,7,19.492485
5,8,20.994837
5,9,22.248062
6,0,0.0
6,1,4.470023
6,10,27.645342
6,11,28.279282
6,12,28.756588
6,13,29.16532
6,14,29.572048
6,15,30.0
6,2,8.764732
6,3,12.735886
6,4,16.278595
6,5,19.334497
6,6,21.885954
6,7,23.94698
6,8,25.554869
6,9,26.764511
7,0,0.0
7,1,5.5896873
7,10,32.203476
7,11,32.347324
7,12,32.113503
7,13,31.581566
7,14,30.843336
7,15,30.0
7,2,10.922619
7,3,15.79085
7,4,20.058962
7,5,23.661657
7,6,26.587275
7,7,28.858555
7,8,30.517096
7,9,31.613567
8,0,0.0
8,1,6.9669666
8,10,37.211323
8,11,36.79619
8,12,35.77103
8,13,34.205833
8,14,32.220615
8,15,30.0
8,2,13.5468855
8,3,19.448376
8,4,24.50782
8,5,28.669504
8,6,31.9469
8,7,34.38703
8,8,36.04557
8,9,36.973198
9,0,0.0
9,1,8.7321615
9,10,42.87612
9,11,41.858253
9,12,39.9711
9,13,37.251873
9,14,33.834187
9,15,30.0
9,2,16.851284
9,3,23.950396
9,4,29.857565
9,5,34.565273
9,6,38.14781
9,7,40.70129
9,8,42.30918
9,9,43.026367
