0,0,0.0
0,1,0.0
0,10,0.0
0,11,0.0
0,12,0.0
0,13,0.0
0,14,0.0
0,15,30.0
0,2,0.0
0,3,0.0
0,4,0.0
0,5,0.0
0,6,0.0
0,7,0.0
0,8,0.0
0,9,0.0
1,0,0.0
1,1,0.6335155
1,10,5.1674147
1,11,5.9377527
1,12,7.2296143
1,13,9.7322645
1,14,15.34009
1,15,30.0
1,2,1.2513463
1,3,1.8396847
1,4,2.3882973
1,5,2.8919997
1,6,3.3520794
1,7,3.7781456
1,8,4.191327
1,9,4.6307154
10,0,0.0
10,1,11.110632
10,10,49.40954
10,11,47.79045
10,12,45.00393
10,13,40.996834
10,14,35.864494
10,15,30.0
10,2,21.176147
10,3,29.645035
10,4,36.4076
10,5,41.587204
10,6,45.378853
10,7,47.96228
10,8,49.464622
10,9,49.94806
11,0,0.0
11,1,14.535696
11,10,57.029827
11,11,54.895508
11,12,51.26163
11,13,45.870033
11,14,38.62848
11,15,30.0
11,2,27.100544
11,3,37.050186
11,4,44.545914
11,5,50.00332
11,6,53.824947
11,7,56.31153
11,8,57.64618
11,9,57.89862
12,0,0.0
12,1,19.932323
12,10,65.9187
12,11,63.502716
12,12,59.279137
12,13,52.594616
12,14,42.780136
12,15,30.0
12,2,35.641544
12,3,46.911274
12,4,54.72512
12,5,60.058197
12,6,63.60939
12,7,65.81618
12,8,66.91342
12,9,66.973724
13,0,0.0
13,1,29.552626
13,10,76.17093
13,11,73.91962
13,12,69.759224
13,13,62.450325
13,14,49.898014
13,15,30.0
13,2,48.62314
13,3,60.229866
13,4,67.38712
13,5,71.897354
13,6,74.74086
13,7,76.4331
13,8,77.22038
13,9,77.16682
14,0,0.0
14,1,49.655434
14,10,87.6803
14,11,86.24703
14,12,83.38898
14,13,77.550224
14,14,64.36201
14,15,30.0
14,2,69.069305
14,3,77.99905
14,4,82.69758
14,5,85.404884
14,6,87.02544
14,7,87.95692
14,8,88.37009
14,9,88.30407
15,0,0.0
15,1,100.0
15,10,100.0
15,11,100.0
15,12,100.0
15,13,100.0
15,14,100.0
15,15,30.0
15,2,100.0
15,3,100.0
15,4,100.0
15,5,100.0
15,6,100.0
15,7,100.0
15,8,100.0
15,9,100.0
2,0,0.0
2,1,1.2828983
2,10,10.101973
2,11,11.354652
2,12,13.248972
2,13,16.359722
2,14,21.628284
2,15,30.0
2,2,2.532543
2,3,3.7196128
2,4,4.8221617
2,5,5.8283887
2,6,6.7390175
2,7,7.5700617
2,8,8.357338
2,9,9.16497
3,0,0.0
3,1,1.9658931
3,10,14.72238
3,11,16.131235
3,12,18.052937
3,13,20.830093
3,14,24.8137
3,15,30.0
3,2,3.8770168
3,3,5.6850786
3,4,7.3536363
3,5,8.861883
3,6,10.207198
3,7,11.407487
3,8,12.504737
3,9,13.571535
4,0,0.0
4,1,2.704179
4,10,19.087006
4,11,20.396881
4,12,22.002972
4,13,24.095062
4,14,26.796963
4,15,30.0
4,2,5.325573
4,3,7.791527
4,4,10.047295
4,5,12.060496
4,6,13.822819
4,7,15.350477
4,8,16.685127
4,9,17.896486
5,0,0.0
5,1,3.5259142
5,10,23.335106
5,11,24.368753
5,12,25.468937
5,13,26.75156
5,14,28.279778
5,15,30.0
5,2,6.9308715
5,3,10.110043
5,4,12.985905
5,5,15.51278
5,6,17.676174
5,7,19.4897
5,8,20.992044
5,9,22.245384
6,0,0.0
6,1,4.4693866
6,10,27.642628
6,11,28.276949
6,12,28.754738
6,13,29.16404
6,14,29.571392
6,15,30.0
6,2,8.763485
6,3,12.73408
6,4,16.27631
6,5,19.331823
6,6,21.88301
6,7,23.943892
6,8,25.55177
6,9,26.76154
7,0,0.0
7,1,5.589014
7,10,32.200607
7,11,32.344856
7,12,32.11155
7,13,31.580212
7,14,30.842644
7,15,30.0
7,2,10.921301
7,3,15.788942
7,4,20.056541
7,5,23.658834
7,6,26.584164
7,7,28.855291
7,8,30.513824
7,9,31.610428
8,0,0.0
8,1,6.9662867
8,10,37.20842
8,11,36.793694
8,12,35.76905
8,13,34.204468
8,14,32.219917
8,15,30.0
8,2,13.545553
8,3,19.446445
8,4,24.505379
8,5,28.666647
8,6,31.943758
8,7,34.383728
8,8,36.042263
8,9,36.970024
9,0,0.0
9,1,8.731504
9,10,42.87332
9,11,41.85584
9,12,39.969193
9,13,37.25055
9,14,33.83351
9,15,30.0
9,2,16.849998
9,3,23.948536
9,4,29.855202
9,5,34.56252
9,6,38.14477
9,7,40.698105
9,8,42.305984
9,9,43.0233
