0,0,0.0
0,1,0.0
0,10,0.0
0,11,0.0
0,12,0.0
0,13,0.0
0,14,0.0
0,15,30.0
0,2,0.0
0,3,0.0
0,4,0.0
0,5,0.0
0,6,0.0
0,7,0.0
0,8,0.0
0,9,0.0
1,0,0.0
1,1,0.63487065
1,10,5.1731405
1,11,5.942673
1,12,7.233511
1,13,9.734964
1,14,15.341471
1,15,30.0
1,2,1.2539991
1,3,1.8435221
1,4,2.3931556
1,5,2.8976703
1,6,3.3583183
1,7,3.7846818
1,8,4.197877
1,9,4.6369905
10,0,0.0
10,1,11.116543
10,10,49.434494
10,11,47.8119
10,12,45.02092
10,13,41.008606
10,14,35.870514
10,15,30.0
10,2,21.187721
10,3,29.661774
10,4,36.42879
10,5,41.611946
10,6,45.40606
10,7,47.990784
10,8,49.493187
10,9,49.975418
11,0,0.0
11,1,14.540795
11,10,57.051353
11,11,54.914005
11,12,51.27629
11,13,45.88018
11,14,38.633675
11,15,30.0
11,2,27.110525
11,3,37.064625
11,4,44.564194
11,5,50.02465
11,6,53.84842
11,7,56.33612
11,8,57.67082
11,9,57.92222
12,0,0.0
12,1,19.936375
12,10,65.9358
12,11,63.51741
12,12,59.290775
12,13,52.602684
12,14,42.784256
12,15,30.0
12,2,35.64947
12,3,46.922745
12,4,54.73963
12,5,60.07515
12,6,63.62803
12,7,65.83571
12,8,66.93299
12,9,66.99247
13,0,0.0
13,1,29.555435
13,10,76.1828
13,11,73.92982
13,12,69.7673
13,13,62.455917
13,14,49.90088
13,15,30.0
13,2,48.628647
13,3,60.237823
13,4,67.3972
13,5,71.90911
13,6,74.7538
13,7,76.446655
13,8,77.23396
13,9,77.179825
14,0,0.0
14,1,49.65687
14,10,87.68637
14,11,86.25226
14,12,83.39311
14,13,77.55309
14,14,64.36347
14,15,30.0
14,2,69.07213
14,3,78.00312
14,4,82.70274
14,5,85.410904
14,6,87.03205
14,7,87.96385
14,8,88.377045
14,9,88.31073
15,0,0.0
15,1,100.0
15,10,100.0
15,11,100.0
15,12,100.0
15,13,100.0
15,14,100.0
15,15,30.0
15,2,100.0
15,3,100.0
15,4,100.0
15,5,100.0
15,6,100.0
15,7,100.0
15,8,100.0
15,9,100.0
2,0,0.0
2,1,1.2855549
2,10,10.1131935
2,11,11.364299
2,12,13.25661
2,13,16.365013
2,14,21.630993
2,15,30.0
2,2,2.5377433
2,3,3.7271354
2,4,4.831685
2,5,5.8395057
2,6,6.751247
2,7,7.5828757
2,8,8.370176
2,9,9.177273
3,0,0.0
3,1,1.9697452
3,10,14.738652
3,11,16.145218
3,12,18.064014
3,13,20.837765
3,14,24.817625
3,15,30.0
3,2,3.884557
3,3,5.695986
3,4,7.367445
3,5,8.878
3,6,10.224932
3,7,11.426064
3,8,12.523354
3,9,13.589371
4,0,0.0
4,1,2.7090707
4,10,19.107666
4,11,20.41464
4,12,22.017035
4,13,24.104801
4,14,26.801947
4,15,30.0
4,2,5.335149
4,3,7.805378
4,4,10.06483
4,5,12.080966
4,6,13.845337
4,7,15.374072
4,8,16.708767
4,9,17.91914
5,0,0.0
5,1,3.531645
5,10,23.359318
5,11,24.389555
5,12,25.485413
5,13,26.762974
5,14,28.285614
5,15,30.0
5,2,6.9420896
5,3,10.12627
5,4,13.006451
5,5,15.536759
5,6,17.702557
5,7,19.517342
5,8,21.019741
5,9,22.271917
6,0,0.0
6,1,4.4757185
6,10,27.669367
6,11,28.299932
6,12,28.772942
6,13,29.176647
6,14,29.57784
6,15,30.0
6,2,8.775879
6,3,12.75201
6,4,16.299007
6,5,19.358318
6,6,21.912157
6,7,23.974428
6,8,25.582365
6,9,26.79086
7,0,0.0
7,1,5.595678
7,10,32.22875
7,11,32.36904
7,12,32.130703
7,13,31.593481
7,14,30.84943
7,15,30.0
7,2,10.934344
7,3,15.807812
7,4,20.080431
7,5,23.686714
7,6,26.614838
7,7,28.887424
7,8,30.546024
7,9,31.641277
8,0,0.0
8,1,6.972994
8,10,37.236748
8,11,36.818035
8,12,35.788326
8,13,34.21782
8,14,32.226746
8,15,30.0
8,2,13.5586815
8,3,19.465439
8,4,24.52942
8,5,28.694714
8,6,31.97463
8,7,34.416077
8,8,36.07467
8,9,37.001076
9,0,0.0
9,1,8.737959
9,10,42.900574
9,11,41.879265
9,12,39.987747
9,13,37.263397
9,14,33.84008
9,15,30.0
9,2,16.862633
9,3,23.966812
9,4,29.878342
9,5,34.589523
9,6,38.174484
9,7,40.72923
9,8,42.337166
9,9,43.053177
