0,0,0.0
0,1,0.0
0,10,0.0
0,11,0.0
0,12,0.0
0,13,0.0
0,14,0.0
0,15,30.0
0,2,0.0
0,3,0.0
0,4,0.0
0,5,0.0
0,6,0.0
0,7,0.0
0,8,0.0
0,9,0.0
1,0,0.0
1,1,0.63568866
1,10,5.176554
1,11,5.945604
1,12,7.2358294
1,13,9.736568
1,14,15.342292
1,15,30.0
1,2,1.2555995
1,3,1.8458353
1,4,2.396081
1,5,2.9010801
1,6,3.362064
1,7,3.7885995
1,8,4.2017956
1,9,4.6407394
10,0,0.0
10,1,11.119975
10,10,49.448814
10,11,47.82419
10,12,45.03064
10,13,41.01533
10,14,35.87395
10,15,30.0
10,2,21.194435
10,3,29.671476
10,4,36.441063
10,5,41.626244
10,6,45.42177
10,7,48.007217
10,8,49.50962
10,9,49.991142
11,0,0.0
11,1,14.543743
11,10,57.06365
11,11,54.924553
11,12,51.28463
11,13,45.88596
11,14,38.636623
11,15,30.0
11,2,27.116293
11,3,37.07296
11,4,44.57473
11,5,50.036934
11,6,53.861908
11,7,56.350227
11,8,57.684925
11,9,57.935715
12,0,0.0
12,1,19.938707
12,10,65.94552
12,11,63.52576
12,12,59.29738
12,13,52.60725
12,14,42.786594
12,15,30.0
12,2,35.654034
12,3,46.929337
12,4,54.747974
12,5,60.08486
12,6,63.638702
12,7,65.84686
12,8,66.94415
12,9,67.00314
13,0,0.0
13,1,29.557053
13,10,76.18953
13,11,73.93559
13,12,69.77187
13,13,62.45908
13,14,49.902493
13,15,30.0
13,2,48.631805
13,3,60.24239
13,4,67.40297
13,5,71.91583
13,6,74.761185
13,7,76.454384
13,8,77.241684
13,9,77.18721
14,0,0.0
14,1,49.657696
14,10,87.68981
14,11,86.25522
14,12,83.39545
14,13,77.5547
14,14,64.364296
14,15,30.0
14,2,69.07374
14,3,78.005455
14,4,82.70569
14,5,85.41434
14,6,87.03583
14,7,87.967804
14,8,88.381
14,9,88.3145
15,0,0.0
15,1,100.0
15,10,100.0
15,11,100.0
15,12,100.0
15,13,100.0
15,14,100.0
15,15,30.0
15,2,100.0
15,3,100.0
15,4,100.0
15,5,100.0
15,6,100.0
15,7,100.0
15,8,100.0
15,9,100.0
2,0,0.0
2,1,1.2871556
2,10,10.119877
2,11,11.370033
2,12,13.261147
2,13,16.368155
2,14,21.632599
2,15,30.0
2,2,2.5408752
2,3,3.731662
2,4,4.8374095
2,5,5.846178
2,6,6.758577
2,7,7.5905423
2,8,8.377846
2,9,9.184608
3,0,0.0
3,1,1.9720596
3,10,14.748312
3,11,16.153511
3,12,18.070572
3,13,20.842304
3,14,24.819946
3,15,30.0
3,2,3.889085
3,3,5.702531
3,4,7.3757215
3,5,8.887649
3,6,10.235529
3,7,11.43715
3,8,12.534441
3,9,13.5999775
4,0,0.0
4,1,2.711999
4,10,19.11989
4,11,20.42513
4,12,22.025333
4,13,24.110546
4,14,26.804882
4,15,30.0
4,2,5.3408775
4,3,7.8136578
4,4,10.075302
4,5,12.09317
4,6,13.858746
4,7,15.388094
4,8,16.722795
4,9,17.932556
5,0,0.0
5,1,3.5350602
5,10,23.37357
5,11,24.401793
5,12,25.495092
5,13,26.76967
5,14,28.28904
5,15,30.0
5,2,6.9487715
5,3,10.135927
5,4,13.0186615
5,5,15.550997
5,6,17.718191
5,7,19.533695
5,8,21.036098
5,9,22.287567
6,0,0.0
6,1,4.479472
6,10,27.685038
6,11,28.31338
6,12,28.783579
6,13,29.184008
6,14,29.581604
6,15,30.0
6,2,8.783224
6,3,12.762624
6,4,16.312431
6,5,19.373962
6,6,21.929344
6,7,23.992405
6,8,25.600348
6,9,26.808058
7,0,0.0
7,1,5.5996075
7,10,32.245148
7,11,32.383118
7,12,32.141838
7,13,31.601185
7,14,30.853367
7,15,30.0
7,2,10.942032
7,3,15.818923
7,4,20.094479
7,5,23.70309
7,6,26.632826
7,7,28.906242
7,8,30.564842
7,9,31.659283
8,0,0.0
8,1,6.976927
8,10,37.253162
8,11,36.832123
8,12,35.799477
8,13,34.22553
8,14,32.230686
8,15,30.0
8,2,13.566379
8,3,19.476559
8,4,24.543484
8,5,28.711103
8,6,31.992638
8,7,34.43491
8,8,36.09351
8,9,37.019093
9,0,0.0
9,1,8.741724
9,10,42.916286
9,11,41.892754
9,12,39.99841
9,13,37.270782
9,14,33.843853
9,15,30.0
9,2,16.869997
9,3,23.977459
9,4,29.891802
9,5,34.605213
9,6,38.191715
9,7,40.74726
9,8,42.3552
9,9,43.07043
