0,0,0.0
0,1,0.0
0,10,0.0
0,11,0.0
0,12,0.0
0,13,0.0
0,14,0.0
0,15,30.0
0,2,0.0
0,3,0.0
0,4,0.0
0,5,0.0
0,6,0.0
0,7,0.0
0,8,0.0
0,9,0.0
1,0,0.0
1,1,1.960794
1,10,7.914395
1,11,8.242953
1,12,9.039349
1,13,10.980921
1,14,15.9804
1,15,30.0
1,2,3.7255063
1,3,5.1693726
1,4,6.219552
1,5,6.9199944
1,6,7.3301406
1,7,7.555462
1,8,7.6750374
1,9,7.767061
10,0,0.0
10,1,10.252127
10,10,36.586433
10,11,36.22506
10,12,35.475777
10,13,34.21472
10,14,32.33026
10,15,30.0
10,2,19.17492
10,3,26.043312
10,4,30.803581
10,5,33.766804
10,6,35.438004
10,7,36.27415
10,8,36.629814
10,9,36.713978
11,0,0.0
11,1,12.9686775
11,10,42.636993
11,11,41.98619
11,12,40.69021
11,13,38.3473
11,14,34.723827
11,15,30.0
11,2,23.760984
11,3,31.655235
11,4,36.85001
11,5,39.978474
11,6,41.68013
11,7,42.51404
11,8,42.848816
11,9,42.87486
12,0,0.0
12,1,18.07026
12,10,51.992554
12,11,51.0785
12,12,49.10974
12,13,45.38644
12,14,39.030506
12,15,30.0
12,2,31.802917
12,3,40.92
12,4,46.499146
12,5,49.655636
12,6,51.315376
12,7,52.09572
12,8,52.3854
12,9,52.362595
13,0,0.0
13,1,27.91036
13,10,65.07952
13,11,64.03143
13,12,61.694344
13,13,56.722893
13,14,46.929386
13,15,30.0
13,2,45.270245
13,3,55.10053
13,4,60.45598
13,5,63.280914
13,6,64.683044
13,7,65.32228
13,8,65.54364
13,9,65.477264
14,0,0.0
14,1,48.69281
14,10,81.50816
14,11,80.76012
14,12,78.90684
14,13,74.37768
14,14,62.712414
14,15,30.0
14,2,67.12227
14,3,75.036865
14,4,78.73671
14,5,80.51377
14,6,81.357285
14,7,81.72625
14,8,81.845825
14,9,81.7942
15,0,0.0
15,1,100.0
15,10,100.0
15,11,100.0
15,12,100.0
15,13,100.0
15,14,100.0
15,15,30.0
15,2,100.0
15,3,100.0
15,4,100.0
15,5,100.0
15,6,100.0
15,7,100.0
15,8,100.0
15,9,100.0
2,0,0.0
2,1,3.7256455
2,10,14.946848
2,11,15.410376
2,12,16.415943
2,13,18.547405
2,14,22.744675
2,15,30.0
2,2,7.0947576
2,3,9.822125
2,4,11.834923
2,5,13.148241
2,6,13.935905
2,7,14.353376
2,8,14.57474
2,9,14.730124
3,0,0.0
3,1,5.1703405
3,10,20.551025
3,11,20.961916
3,12,21.810608
3,13,23.40705
3,14,26.130589
3,15,30.0
3,2,9.823525
3,3,13.620868
3,4,16.382559
3,5,18.214111
3,6,19.284775
3,7,19.862549
3,8,20.152224
3,9,20.332
4,0,0.0
4,1,6.224006
4,10,24.565395
4,11,24.865595
4,12,25.42569
4,13,26.429129
4,14,27.979155
4,15,30.0
4,2,11.842812
4,3,16.390715
4,4,19.729416
4,5,21.906872
4,6,23.198812
4,7,23.87624
4,8,24.211014
4,9,24.393541
5,0,0.0
5,1,6.937458
5,10,27.187675
5,11,27.363312
5,12,27.686056
5,13,28.219364
5,14,29.015589
5,15,30.0
5,2,13.1795635
5,3,18.253595
5,4,21.941832
5,5,24.368048
5,6,25.783596
5,7,26.532068
5,8,26.887733
5,9,27.059574
6,0,0.0
6,1,7.3880243
6,10,28.800213
6,11,28.892454
6,12,29.032164
6,13,29.26693
6,14,29.596165
6,15,30.0
6,2,14.042791
6,3,19.422985
6,4,23.34806
6,5,25.903893
6,6,27.404104
6,7,28.184841
6,8,28.552055
6,9,28.714718
7,0,0.0
7,1,7.7275157
7,10,29.914719
7,11,29.933208
7,12,29.948383
7,13,29.958261
7,14,29.97875
7,15,30.0
7,2,14.667589
7,3,20.278433
7,4,24.341867
7,5,26.992098
7,6,28.5322
7,7,29.33499
7,8,29.705456
7,9,29.8568
8,0,0.0
8,1,8.1261
8,10,31.100267
8,11,31.049118
8,12,30.913973
8,13,30.696138
8,14,30.377337
8,15,30.0
8,2,15.40547
8,3,21.244019
8,4,25.457779
8,5,28.177645
8,6,29.75625
8,7,30.569881
8,8,30.940348
8,9,31.080849
9,0,0.0
9,1,8.844428
9,10,33.05347
9,11,32.874893
9,12,32.52291
9,13,31.914335
9,14,31.05257
9,15,30.0
9,2,16.690193
9,3,22.91373
9,4,27.330494
9,5,30.15715
9,6,31.77282
9,7,32.600174
9,8,32.96739
9,9,33.083435
