0,0,0.0
0,1,0.0
0,10,0.0
0,11,0.0
0,12,0.0
0,13,0.0
0,14,0.0
0,15,0.0
0,16,0.0
0,17,0.0
0,18,0.0
0,19,0.0
0,2,0.0
0,20,0.0
0,21,0.0
0,22,0.0
0,23,0.0
0,24,0.0
0,25,0.0
0,26,0.0
0,27,0.0
0,28,0.0
0,29,30.0
0,3,0.0
0,4,0.0
0,5,0.0
0,6,0.0
0,7,0.0
0,8,0.0
0,9,0.0
1,0,0.0
1,1,0.4042031
1,10,2.9852645
1,11,3.1125553
1,12,3.2146583
1,13,3.29569
1,14,3.3604422
1,15,3.4136038
1,16,3.4603128
1,17,3.5060735
1,18,3.5572577
1,19,3.62189
1,2,0.79998803
1,20,3.7105305
1,21,3.8386216
1,22,4.02945
1,23,4.321531
1,24,4.782228
1,25,5.541799
1,26,6.8791265
1,27,9.472282
1,28,15.201998
1,29,30.0
1,3,1.1792891
1,4,1.5353812
1,5,1.8624313
1,6,2.156823
1,7,2.4159756
1,8,2.6397076
1,9,2.8286126
10,0,0.0
10,1,2.983222
10,10,22.005783
10,11,22.93584
10,12,23.674067
10,13,24.25056
10,14,24.694384
10,15,25.034674
10,16,25.298035
10,17,25.509163
10,18,25.69051
10,19,25.86216
10,2,5.9036474
10,20,26.043068
10,21,26.249842
10,22,26.49859
10,23,26.802298
10,24,27.172325
10,25,27.614477
10,26,28.129757
10,27,28.710506
10,28,29.341627
10,29,30.0
10,3,8.703004
10,4,11.329245
10,5,13.742194
10,6,15.911545
10,7,17.82202
10,8,19.468079
10,9,20.857788
11,0,0.0
11,1,3.109043
11,10,22.931276
11,11,23.898888
11,12,24.666958
11,13,25.265057
11,14,25.724277
11,15,26.073582
11,16,26.340382
11,17,26.549152
11,18,26.721642
11,19,26.877289
11,2,6.152914
11,20,27.032705
11,21,27.203154
11,22,27.400969
11,23,27.637278
11,24,27.919327
11,25,28.251892
11,26,28.634193
11,27,29.06113
11,28,29.521482
11,29,30.0
11,3,9.069973
11,4,11.807366
11,5,14.32136
11,6,16.582539
11,7,18.572569
11,8,20.288162
11,9,21.735212
12,0,0.0
12,1,3.2087498
12,10,23.662718
12,11,24.660618
12,12,25.451431
12,13,26.066784
12,14,26.537407
12,15,26.89343
12,16,27.16206
12,17,27.367783
12,18,27.531994
12,19,27.67286
12,2,6.3499517
12,20,27.80628
12,21,27.945065
12,22,28.100512
12,23,28.280708
12,24,28.492136
12,25,28.737392
12,26,29.016605
12,27,29.325466
12,28,29.656775
12,29,30.0
12,3,9.360735
12,4,12.185308
12,5,14.780127
12,6,17.112932
12,7,19.166868
12,8,20.93637
12,9,22.429644
13,0,0.0
13,1,3.285881
13,10,24.229147
13,11,25.249714
13,12,26.058485
13,13,26.686546
13,14,27.16596
13,15,27.526588
13,16,27.796104
13,17,27.99876
13,18,28.155426
13,19,28.283886
13,2,6.502785
13,20,28.398548
13,21,28.511654
13,22,28.632359
13,23,28.768257
13,24,28.923843
13,25,29.101997
13,26,29.302319
13,27,29.522486
13,28,29.75728
13,29,30.0
13,3,9.585662
13,4,12.478391
13,5,15.135017
13,6,17.524086
13,7,19.62659
13,8,21.43863
13,9,22.966785
14,0,0.0
14,1,3.3444438
14,10,24.65787
14,11,25.696035
14,12,26.517841
14,13,27.155695
14,14,27.641304
14,15,28.005255
14,16,28.275007
14,17,28.474781
14,18,28.625221
14,19,28.743309
14,2,6.6184807
14,20,28.84314
14,21,28.935543
14,22,29.029377
14,23,29.130646
14,24,29.243914
14,25,29.371094
14,26,29.512749
14,27,29.667053
14,28,29.830992
14,29,30.0
14,3,9.756411
14,4,12.700256
14,5,15.404337
14,6,17.835331
14,7,19.975311
14,8,21.81882
14,9,23.374012
15,0,0.0
15,1,3.387823
15,10,24.975853
15,11,26.026566
15,12,26.858286
15,13,27.50301
15,14,27.993244
15,15,28.359348
15,16,28.629044
15,17,28.826393
15,18,28.9717
15,19,29.081778
15,2,6.70445
15,20,29.169865
15,21,29.246613
15,22,29.319733
15,23,29.395226
15,24,29.476685
15,25,29.566484
15,26,29.664982
15,27,29.77157
15,28,29.884144
15,29,30.0
15,3,9.882891
15,4,12.865072
15,5,15.60383
15,6,18.066446
15,7,20.233614
15,8,22.100986
15,9,23.675632
16,0,0.0
16,1,3.4193716
16,10,25.206287
16,11,26.266375
16,12,27.104952
16,13,27.754782
16,14,28.248123
16,15,28.615734
16,16,28.885197
16,17,29.080542
16,18,29.221958
16,19,29.325802
16,2,6.766758
16,20,29.405209
16,21,29.470078
16,22,29.528095
16,23,29.584467
16,24,29.642998
16,25,29.70561
16,26,29.773317
16,27,29.84573
16,28,29.921877
16,29,30.0
16,3,9.974857
16,4,12.984525
16,5,15.748835
16,6,18.233948
16,7,20.421268
16,8,22.305477
16,9,23.894623
17,0,0.0
17,1,3.4417422
17,10,25.36994
17,11,26.436392
17,12,27.279991
17,13,27.933233
17,14,28.428818
17,15,28.797358
17,16,29.06656
17,17,29.260378
17,18,29.398813
17,19,29.498154
17,2,6.811099
17,20,29.571089
17,21,29.62749
17,22,29.674461
17,23,29.717316
17,24,29.759388
17,25,29.802942
17,26,29.848879
17,27,29.897472
17,28,29.948143
17,29,30.0
17,3,10.04007
17,4,13.069508
17,5,15.851654
17,6,18.353058
17,7,20.554327
17,8,22.450806
17,9,24.049896
18,0,0.0
18,1,3.4573216
18,10,25.483454
18,11,26.554482
18,12,27.40139
18,13,28.057076
18,14,28.554094
18,15,28.923264
18,16,29.192219
18,17,29.384874
18,18,29.521194
18,19,29.617233
18,2,6.8418584
18,20,29.685658
18,21,29.735962
18,22,29.7753
18,23,29.80859
18,24,29.839348
18,25,29.869614
18,26,29.90066
18,27,29.932838
18,28,29.966114
18,29,30.0
18,3,10.085474
18,4,13.128458
18,5,15.923214
18,6,18.43568
18,7,20.646881
18,8,22.551615
18,9,24.157827
19,0,0.0
19,1,3.4678934
19,10,25.56062
19,11,26.63461
19,12,27.483845
19,13,28.14109
19,14,28.639107
19,15,29.008646
19,16,29.277391
19,17,29.46923
19,18,29.604027
19,19,29.697817
19,2,6.862816
19,20,29.763048
19,21,29.809233
19,22,29.843246
19,23,29.870108
19,24,29.893091
19,25,29.914452
19,26,29.935387
19,27,29.956581
19,28,29.978151
19,29,30.0
19,3,10.116285
19,4,13.168611
19,5,15.97177
19,6,18.49193
19,7,20.709682
19,8,22.620197
19,9,24.231064
2,0,0.0
2,1,0.79998493
2,10,5.907566
2,11,6.159626
2,12,6.3612823
2,13,6.52153
2,14,6.649093
2,15,6.753628
2,16,6.8448377
2,17,6.9333982
2,18,7.031504
2,19,7.1538787
2,2,1.5831335
2,20,7.3202085
2,21,7.5574617
2,22,7.9061546
2,23,8.428397
2,24,9.226303
2,25,10.4732685
2,26,12.477695
2,27,15.79108
2,28,21.327253
2,29,30.0
2,3,2.3339937
2,4,3.038436
2,5,3.6859899
2,6,4.268229
2,7,4.7814384
2,8,5.2238073
2,9,5.5979404
20,0,0.0
20,1,3.4749413
20,10,25.611832
20,11,26.687866
20,12,27.538568
20,13,28.196884
20,14,28.695517
20,15,29.065294
20,16,29.333881
20,17,29.525135
20,18,29.658913
20,19,29.751139
20,2,6.876726
20,20,29.814262
20,21,29.857626
20,22,29.888145
20,23,29.910648
20,24,29.928535
20,25,29.94394
20,26,29.95825
20,27,29.972174
20,28,29.986069
20,29,30.0
20,3,10.136821
20,4,13.19526
20,5,16.00412
20,6,18.529259
20,7,20.751495
20,8,22.665712
20,9,24.279785
21,0,0.0
21,1,3.479516
21,10,25.645145
21,11,26.722437
21,12,27.57413
21,13,28.233097
21,14,28.73214
21,15,29.102053
21,16,29.37052
21,17,29.561394
21,18,29.694473
21,19,29.785692
21,2,6.8857965
21,20,29.847395
21,21,29.888945
21,22,29.917133
21,23,29.93685
21,24,29.951382
21,25,29.962969
21,26,29.97297
21,27,29.982225
21,28,29.991161
21,29,30.0
21,3,10.150149
21,4,13.212632
21,5,16.025116
21,6,18.553581
21,7,20.778633
21,8,22.695343
21,9,24.311409
22,0,0.0
22,1,3.4824347
22,10,25.666288
22,11,26.744421
22,12,27.596703
22,13,28.256107
22,14,28.755384
22,15,29.125383
22,16,29.39377
22,17,29.584383
22,18,29.717026
22,19,29.807573
22,2,6.891555
22,20,29.868391
22,21,29.908752
22,22,29.935486
22,23,29.953394
22,24,29.965826
22,25,29.97497
22,26,29.982262
22,27,29.988558
22,28,29.994375
22,29,30.0
22,3,10.158651
22,4,13.223659
22,5,16.038502
22,6,18.56902
22,7,20.795921
22,8,22.714151
22,9,24.33154
23,0,0.0
23,1,3.4842463
23,10,25.679443
23,11,26.758062
23,12,27.610733
23,13,28.270386
23,14,28.769821
23,15,29.139864
23,16,29.408194
23,17,29.598646
23,18,29.731003
23,19,29.821146
23,2,6.8951473
23,20,29.881386
23,21,29.921028
23,22,29.94683
23,23,29.963638
23,24,29.97475
23,25,29.982393
23,26,29.987997
23,27,29.992472
23,28,29.996357
23,29,30.0
23,3,10.163927
23,4,13.2305355
23,5,16.04681
23,6,18.578638
23,7,20.806652
23,8,22.725863
23,9,24.344028
24,0,0.0
24,1,3.4853513
24,10,25.687424
24,11,26.766361
24,12,27.619247
24,13,28.27906
24,14,28.77858
24,15,29.148655
24,16,29.416946
24,17,29.607296
24,18,29.739481
24,19,29.829365
24,2,6.8973265
24,20,29.889269
24,21,29.928453
24,22,29.95371
24,23,29.969833
24,24,29.98015
24,25,29.986877
24,26,29.991468
24,27,29.994835
24,28,29.997557
24,29,30.0
24,3,10.167146
24,4,13.234708
24,5,16.051872
24,6,18.584476
24,7,20.813187
24,8,22.73297
24,9,24.35163
25,0,0.0
25,1,3.486007
25,10,25.692171
25,11,26.771278
25,12,27.624306
25,13,28.284203
25,14,28.783783
25,15,29.153866
25,16,29.42214
25,17,29.612427
25,18,29.744507
25,19,29.834242
25,2,6.8986273
25,20,29.893934
25,21,29.932858
25,22,29.957777
25,23,29.973501
25,24,29.983345
25,25,29.989532
25,26,29.993519
25,27,29.996233
25,28,29.998262
25,29,30.0
25,3,10.169056
25,4,13.237198
25,5,16.054878
25,6,18.587955
25,7,20.817066
25,8,22.737198
25,9,24.35614
26,0,0.0
26,1,3.4863896
26,10,25.694925
26,11,26.77414
26,12,27.627237
26,13,28.287193
26,14,28.786795
26,15,29.15689
26,16,29.425148
26,17,29.615402
26,18,29.747421
26,19,29.837067
26,2,6.8993816
26,20,29.89664
26,21,29.935406
26,22,29.960135
26,23,29.975624
26,24,29.985193
26,25,29.991068
26,26,29.994705
26,27,29.997044
26,28,29.998672
26,29,30.0
26,3,10.170169
26,4,13.23864
26,5,16.05663
26,6,18.589973
26,7,20.81932
26,8,22.739655
26,9,24.358763
27,0,0.0
27,1,3.4866066
27,10,25.69649
27,11,26.77576
27,12,27.628906
27,13,28.288887
27,14,28.788507
27,15,29.158604
27,16,29.426857
27,17,29.617086
27,18,29.749073
27,19,29.838667
27,2,6.8998117
27,20,29.89817
27,21,29.936852
27,22,29.961468
27,23,29.976826
27,24,29.98624
27,25,29.991936
27,26,29.995378
27,27,29.997498
27,28,29.998905
27,29,30.0
27,3,10.1708
27,4,13.239462
27,5,16.057621
27,6,18.591122
27,7,20.820602
27,8,22.741049
27,9,24.36025
28,0,0.0
28,1,3.4867272
28,10,25.697355
28,11,26.776659
28,12,27.629826
28,13,28.289825
28,14,28.789454
28,15,29.159555
28,16,29.427801
28,17,29.618021
28,18,29.749985
28,19,29.839554
28,2,6.90005
28,20,29.899021
28,21,29.937653
28,22,29.962208
28,23,29.977493
28,24,29.98682
28,25,29.992418
28,26,29.995749
28,27,29.997753
28,28,29.999033
28,29,30.0
28,3,10.171151
28,4,13.239918
28,5,16.058172
28,6,18.591759
28,7,20.821312
28,8,22.741821
28,9,24.361076
29,0,0.0
29,1,3.4867928
29,10,25.697826
29,11,26.777145
29,12,27.630325
29,13,28.290337
29,14,28.789968
29,15,29.160069
29,16,29.428312
29,17,29.618526
29,18,29.750483
29,19,29.840034
29,2,6.9001794
29,20,29.89948
29,21,29.938084
29,22,29.962606
29,23,29.977852
29,24,29.987133
29,25,29.992678
29,26,29.99595
29,27,29.997889
29,28,29.999104
29,29,30.0
29,3,10.171343
29,4,13.240164
29,5,16.058472
29,6,18.592102
29,7,20.821697
29,8,22.74224
29,9,24.361523
3,0,0.0
3,1,1.1792752
3,10,8.708448
3,11,9.079353
3,12,9.376513
3,13,9.611816
3,14,9.7989645
3,15,9.951239
3,16,10.082939
3,17,10.209007
3,18,10.346154
3,19,10.514555
3,2,2.3339756
3,20,10.739313
3,21,11.054905
3,22,11.508797
3,23,12.171038
3,24,13.144533
3,25,14.584724
3,26,16.718899
3,27,19.854628
3,28,24.299376
3,29,30.0
3,3,3.4405828
3,4,4.4794364
3,5,5.4335575
3,6,6.29234
3,7,7.0483046
3,8,7.7008524
3,9,8.2517605
30,0,0.0
30,1,3.4868274
30,10,25.698076
30,11,26.777405
30,12,27.630592
30,13,28.290604
30,14,28.790241
30,15,29.160343
30,16,29.428581
30,17,29.618793
30,18,29.750744
30,19,29.840288
30,2,6.900248
30,20,29.899723
30,21,29.938313
30,22,29.962818
30,23,29.978043
30,24,29.987297
30,25,29.992817
30,26,29.996054
30,27,29.997963
30,28,29.99914
30,29,30.0
30,3,10.171443
30,4,13.240297
30,5,16.058632
30,6,18.592285
30,7,20.821901
30,8,22.742466
30,9,24.361763
31,0,0.0
31,1,3.4868455
31,10,25.698204
31,11,26.77754
31,12,27.630726
31,13,28.290745
31,14,28.790379
31,15,29.16048
31,16,29.428724
31,17,29.61893
31,18,29.75088
31,19,29.84042
31,2,6.900284
31,20,29.899849
31,21,29.93843
31,22,29.962927
31,23,29.978142
31,24,29.987385
31,25,29.992886
31,26,29.996113
31,27,29.998
31,28,29.99916
31,29,30.0
31,3,10.171496
31,4,13.240365
31,5,16.058716
31,6,18.592382
31,7,20.82201
31,8,22.74258
31,9,24.361885
32,0,0.0
32,1,3.4868546
32,10,25.698269
32,11,26.777605
32,12,27.630798
32,13,28.29081
32,14,28.790451
32,15,29.160553
32,16,29.428793
32,17,29.619
32,18,29.750946
32,19,29.84048
32,2,6.9003024
32,20,29.89991
32,21,29.938492
32,22,29.962982
32,23,29.978191
32,24,29.987427
32,25,29.992924
32,26,29.996138
32,27,29.99802
32,28,29.999168
32,29,30.0
32,3,10.171522
32,4,13.2404
32,5,16.058756
32,6,18.59243
32,7,20.822063
32,8,22.742638
32,9,24.361946
33,0,0.0
33,1,3.4868593
33,10,25.698301
33,11,26.777637
33,12,27.630829
33,13,28.290848
33,14,28.790485
33,15,29.160587
33,16,29.42883
33,17,29.619034
33,18,29.75098
33,19,29.840515
33,2,6.9003115
33,20,29.899944
33,21,29.938519
33,22,29.96301
33,23,29.978212
33,24,29.98745
33,25,29.99294
33,26,29.996155
33,27,29.998028
33,28,29.999174
33,29,30.0
33,3,10.1715355
33,4,13.240416
33,5,16.058777
33,6,18.592453
33,7,20.82209
33,8,22.742666
33,9,24.361977
34,0,0.0
34,1,3.4868617
34,10,25.698315
34,11,26.777657
34,12,27.630848
34,13,28.290863
34,14,28.7905
34,15,29.160603
34,16,29.428844
34,17,29.619051
34,18,29.750994
34,19,29.840532
34,2,6.9003158
34,20,29.899956
34,21,29.938536
34,22,29.963022
34,23,29.978228
34,24,29.987457
34,25,29.99295
34,26,29.996159
34,27,29.998034
34,28,29.999176
34,29,30.0
34,3,10.171541
34,4,13.240425
34,5,16.058784
34,6,18.592464
34,7,20.822102
34,8,22.74268
34,9,24.361992
35,0,0.0
35,1,3.4868624
35,10,25.698324
35,11,26.777662
35,12,27.630854
35,13,28.290874
35,14,28.790508
35,15,29.160612
35,16,29.428852
35,17,29.619057
35,18,29.751005
35,19,29.840538
35,2,6.900317
35,20,29.899967
35,21,29.938541
35,22,29.963032
35,23,29.978231
35,24,29.987465
35,25,29.992954
35,26,29.996164
35,27,29.998034
35,28,29.999178
35,29,30.0
35,3,10.171545
35,4,13.240427
35,5,16.05879
35,6,18.592468
35,7,20.822107
35,8,22.742687
35,9,24.362
36,0,0.0
36,1,3.486863
36,10,25.698328
36,11,26.777666
36,12,27.63086
36,13,28.290874
36,14,28.790514
36,15,29.160618
36,16,29.428856
36,17,29.61906
36,18,29.751007
36,19,29.840544
36,2,6.9003177
36,20,29.899967
36,21,29.938545
36,22,29.963032
36,23,29.978235
36,24,29.987467
36,25,29.992954
36,26,29.996164
36,27,29.998037
36,28,29.999178
36,29,30.0
36,3,10.171547
36,4,13.240429
36,5,16.058792
36,6,18.592472
36,7,20.822113
36,8,22.742691
36,9,24.362003
37,0,0.0
37,1,3.4868631
37,10,25.69833
37,11,26.777668
37,12,27.63086
37,13,28.290876
37,14,28.790516
37,15,29.160618
37,16,29.428856
37,17,29.619064
37,18,29.751007
37,19,29.840542
37,2,6.900318
37,20,29.899971
37,21,29.938545
37,22,29.963034
37,23,29.978235
37,24,29.987467
37,25,29.992958
37,26,29.996164
37,27,29.998037
37,28,29.999178
37,29,30.0
37,3,10.171547
37,4,13.240431
37,5,16.058792
37,6,18.592474
37,7,20.822111
37,8,22.742693
37,9,24.362003
38,0,0.0
38,1,3.4868631
38,10,25.69833
38,11,26.777668
38,12,27.63086
38,13,28.290876
38,14,28.790516
38,15,29.160618
38,16,29.428858
38,17,29.619064
38,18,29.751007
38,19,29.840546
38,2,6.9003186
38,20,29.899967
38,21,29.938547
38,22,29.963032
38,23,29.978235
38,24,29.987469
38,25,29.992954
38,26,29.996164
38,27,29.998037
38,28,29.999178
38,29,30.0
38,3,10.171547
38,4,13.240431
38,5,16.058792
38,6,18.592472
38,7,20.822113
38,8,22.742693
38,9,24.362005
39,0,0.0
39,1,3.4868631
39,10,25.69833
39,11,26.777668
39,12,27.630863
39,13,28.290876
39,14,28.790516
39,15,29.160618
39,16,29.42886
39,17,29.619064
39,18,29.75101
39,19,29.840544
39,2,6.9003186
39,20,29.899971
39,21,29.938543
39,22,29.963034
39,23,29.978235
39,24,29.987465
39,25,29.992958
39,26,29.996164
39,27,29.998037
39,28,29.999178
39,29,30.0
39,3,10.171547
39,4,13.240431
39,5,16.058792
39,6,18.592476
39,7,20.822111
39,8,22.742693
39,9,24.362005
4,0,0.0
4,1,1.5353428
4,10,11.33579
4,11,11.818632
4,12,12.204337
4,13,12.509819
4,14,12.751416
4,15,12.946884
4,16,13.113665
4,17,13.270296
4,18,13.436974
4,19,13.636636
4,2,3.038372
4,20,13.897902
4,21,14.2565
4,22,14.760936
4,23,15.47534
4,24,16.48769
4,25,17.912334
4,26,19.89032
4,27,22.562471
4,28,25.992294
4,29,30.0
4,3,4.4793777
4,4,5.831296
4,5,7.0739393
4,6,8.191221
4,7,9.175898
4,8,10.02459
4,9,10.742151
40,0,0.0
40,1,3.4868631
40,10,25.69833
40,11,26.777672
40,12,27.63086
40,13,28.290878
40,14,28.790516
40,15,29.160622
40,16,29.428856
40,17,29.619066
40,18,29.75101
40,19,29.840546
40,2,6.9003186
40,20,29.899967
40,21,29.938547
40,22,29.963032
40,23,29.978233
40,24,29.987467
40,25,29.992954
40,26,29.996166
40,27,29.998035
40,28,29.999178
40,29,30.0
40,3,10.171547
40,4,13.240431
40,5,16.058794
40,6,18.592472
40,7,20.822113
40,8,22.742691
40,9,24.362003
41,0,0.0
41,1,3.4868631
41,10,25.69833
41,11,26.777666
41,12,27.630863
41,13,28.290874
41,14,28.79052
41,15,29.160618
41,16,29.42886
41,17,29.619064
41,18,29.751013
41,19,29.840546
41,2,6.9003186
41,20,29.899971
41,21,29.938541
41,22,29.963034
41,23,29.978233
41,24,29.987465
41,25,29.992956
41,26,29.996162
41,27,29.998035
41,28,29.999178
41,29,30.0
41,3,10.171547
41,4,13.240431
41,5,16.058792
41,6,18.592476
41,7,20.82211
41,8,22.742693
41,9,24.362
42,0,0.0
42,1,3.4868631
42,10,25.698326
42,11,26.777668
42,12,27.63086
42,13,28.290878
42,14,28.790516
42,15,29.160622
42,16,29.428856
42,17,29.619064
42,18,29.751007
42,19,29.840546
42,2,6.900318
42,20,29.899971
42,21,29.938547
42,22,29.963032
42,23,29.978235
42,24,29.987465
42,25,29.992952
42,26,29.996162
42,27,29.998034
42,28,29.999176
42,29,30.0
42,3,10.171547
42,4,13.240429
42,5,16.058792
42,6,18.592472
42,7,20.822111
42,8,22.742687
42,9,24.362005
43,0,0.0
43,1,3.486863
43,10,25.698328
43,11,26.777666
43,12,27.630863
43,13,28.290874
43,14,28.790516
43,15,29.160618
43,16,29.42886
43,17,29.619064
43,18,29.75101
43,19,29.840542
43,2,6.9003186
43,20,29.899973
43,21,29.938541
43,22,29.963036
43,23,29.978233
43,24,29.987467
43,25,29.992954
43,26,29.996162
43,27,29.998034
43,28,29.999178
43,29,30.0
43,3,10.171546
43,4,13.240431
43,5,16.058792
43,6,18.592472
43,7,20.82211
43,8,22.742691
43,9,24.362
44,0,0.0
44,1,3.486863
44,10,25.698326
44,11,26.777668
44,12,27.63086
44,13,28.290878
44,14,28.790514
44,15,29.160618
44,16,29.428856
44,17,29.619066
44,18,29.751007
44,19,29.840546
44,2,6.900318
44,20,29.899967
44,21,29.938547
44,22,29.963032
44,23,29.978237
44,24,29.987465
44,25,29.992956
44,26,29.996164
44,27,29.998035
44,28,29.999178
44,29,30.0
44,3,10.171546
44,4,13.240429
44,5,16.058792
44,6,18.592472
44,7,20.82211
44,8,22.742687
44,9,24.362001
45,0,0.0
45,1,3.486863
45,10,25.698326
45,11,26.777666
45,12,27.63086
45,13,28.290876
45,14,28.790516
45,15,29.160618
45,16,29.428858
45,17,29.61906
45,18,29.75101
45,19,29.840542
45,2,6.900318
45,20,29.899971
45,21,29.938541
45,22,29.963034
45,23,29.978233
45,24,29.987467
45,25,29.992954
45,26,29.996164
45,27,29.998035
45,28,29.999178
45,29,30.0
45,3,10.171545
45,4,13.240429
45,5,16.058792
45,6,18.592472
45,7,20.822111
45,8,22.742687
45,9,24.362001
46,0,0.0
46,1,3.486863
46,10,25.698326
46,11,26.777666
46,12,27.630857
46,13,28.290878
46,14,28.790514
46,15,29.160618
46,16,29.428856
46,17,29.619064
46,18,29.751007
46,19,29.840546
46,2,6.900318
46,20,29.89997
46,21,29.938547
46,22,29.963032
46,23,29.978237
46,24,29.987465
46,25,29.992956
46,26,29.996162
46,27,29.998035
46,28,29.999176
46,29,30.0
46,3,10.171545
46,4,13.24043
46,5,16.058792
46,6,18.592472
46,7,20.822111
46,8,22.742691
46,9,24.362001
47,0,0.0
47,1,3.486863
47,10,25.698326
47,11,26.777666
47,12,27.63086
47,13,28.290876
47,14,28.790516
47,15,29.160618
47,16,29.428856
47,17,29.619062
47,18,29.75101
47,19,29.840542
47,2,6.9003186
47,20,29.899971
47,21,29.938543
47,22,29.963034
47,23,29.978233
47,24,29.987467
47,25,29.992952
47,26,29.996164
47,27,29.998034
47,28,29.999178
47,29,30.0
47,3,10.171545
47,4,13.240429
47,5,16.058792
47,6,18.592472
47,7,20.822111
47,8,22.742687
47,9,24.362001
48,0,0.0
48,1,3.486863
48,10,25.69833
48,11,26.777668
48,12,27.63086
48,13,28.290878
48,14,28.790516
48,15,29.160618
48,16,29.428856
48,17,29.619064
48,18,29.751007
48,19,29.840546
48,2,6.900318
48,20,29.899967
48,21,29.938547
48,22,29.963034
48,23,29.978235
48,24,29.987465
48,25,29.992956
48,26,29.996162
48,27,29.998035
48,28,29.999178
48,29,30.0
48,3,10.171547
48,4,13.240429
48,5,16.058792
48,6,18.592472
48,7,20.822111
48,8,22.742691
48,9,24.362
49,0,0.0
49,1,3.4868631
49,10,25.698328
49,11,26.777668
49,12,27.63086
49,13,28.290878
49,14,28.790516
49,15,29.160618
49,16,29.42886
49,17,29.619064
49,18,29.75101
49,19,29.840544
49,2,6.900318
49,20,29.899971
49,21,29.938545
49,22,29.963034
49,23,29.978235
49,24,29.987467
49,25,29.992952
49,26,29.996164
49,27,29.998034
49,28,29.999178
49,29,30.0
49,3,10.171546
49,4,13.240431
49,5,16.058792
49,6,18.592472
49,7,20.822113
49,8,22.74269
49,9,24.362001
5,0,0.0
5,1,1.8623428
5,10,13.749282
5,11,14.333701
5,12,14.800947
5,13,15.169498
5,14,15.4602375
5,15,15.693143
5,16,15.8890705
5,17,16.068935
5,18,16.254833
5,19,16.47162
5,2,3.6858323
5,20,16.747562
5,21,17.11799
5,22,17.625637
5,23,18.325407
5,24,19.283085
5,25,20.576279
5,26,22.282207
5,27,24.455399
5,28,27.078127
5,29,30.0
5,3,5.4333696
5,4,7.0737896
5,5,8.580396
5,6,9.936268
5,7,11.129755
5,8,12.159706
5,9,13.029058
50,0,0.0
50,1,3.4868631
50,10,25.69833
50,11,26.777668
50,12,27.630861
50,13,28.290878
50,14,28.790516
50,15,29.160618
50,16,29.428856
50,17,29.619064
50,18,29.751009
50,19,29.840544
50,2,6.900318
50,20,29.899971
50,21,29.938545
50,22,29.963032
50,23,29.978233
50,24,29.987465
50,25,29.992956
50,26,29.996162
50,27,29.998035
50,28,29.999176
50,29,30.0
50,3,10.171546
50,4,13.240429
50,5,16.058792
50,6,18.592472
50,7,20.822111
50,8,22.74269
50,9,24.362
51,0,0.0
51,1,3.486863
51,10,25.698326
51,11,26.777668
51,12,27.63086
51,13,28.290878
51,14,28.790516
51,15,29.160618
51,16,29.42886
51,17,29.61906
51,18,29.75101
51,19,29.840542
51,2,6.900318
51,20,29.899971
51,21,29.938541
51,22,29.963034
51,23,29.978233
51,24,29.987467
51,25,29.992954
51,26,29.996162
51,27,29.998035
51,28,29.999178
51,29,30.0
51,3,10.171546
51,4,13.24043
51,5,16.058792
51,6,18.592472
51,7,20.82211
51,8,22.742691
51,9,24.362001
52,0,0.0
52,1,3.486863
52,10,25.69833
52,11,26.777666
52,12,27.630861
52,13,28.290878
52,14,28.790516
52,15,29.160618
52,16,29.428856
52,17,29.619066
52,18,29.751007
52,19,29.840544
52,2,6.9003186
52,20,29.89997
52,21,29.938547
52,22,29.963032
52,23,29.978235
52,24,29.987465
52,25,29.992954
52,26,29.996162
52,27,29.998034
52,28,29.999178
52,29,30.0
52,3,10.171546
52,4,13.24043
52,5,16.058792
52,6,18.592472
52,7,20.822111
52,8,22.742691
52,9,24.362
53,0,0.0
53,1,3.4868631
53,10,25.698326
53,11,26.777668
53,12,27.63086
53,13,28.290878
53,14,28.790516
53,15,29.160618
53,16,29.42886
53,17,29.61906
53,18,29.751007
53,19,29.840542
53,2,6.900318
53,20,29.899971
53,21,29.938545
53,22,29.963034
53,23,29.978233
53,24,29.987467
53,25,29.992954
53,26,29.996164
53,27,29.998034
53,28,29.999178
53,29,30.0
53,3,10.171547
53,4,13.240431
53,5,16.058792
53,6,18.592472
53,7,20.82211
53,8,22.742691
53,9,24.362003
54,0,0.0
54,1,3.486863
54,10,25.698326
54,11,26.777666
54,12,27.63086
54,13,28.290878
54,14,28.790516
54,15,29.160618
54,16,29.428856
54,17,29.619064
54,18,29.75101
54,19,29.840546
54,2,6.900318
54,20,29.899971
54,21,29.938547
54,22,29.963034
54,23,29.978235
54,24,29.987465
54,25,29.992956
54,26,29.996162
54,27,29.998035
54,28,29.999176
54,29,30.0
54,3,10.171546
54,4,13.24043
54,5,16.058792
54,6,18.592474
54,7,20.822111
54,8,22.742687
54,9,24.362001
55,0,0.0
55,1,3.4868631
55,10,25.698328
55,11,26.777668
55,12,27.63086
55,13,28.290876
55,14,28.790516
55,15,29.160618
55,16,29.428856
55,17,29.619064
55,18,29.751007
55,19,29.840546
55,2,6.9003186
55,20,29.899971
55,21,29.938547
55,22,29.963034
55,23,29.978233
55,24,29.987467
55,25,29.992954
55,26,29.996166
55,27,29.998035
55,28,29.999178
55,29,30.0
55,3,10.171547
55,4,13.240431
55,5,16.058794
55,6,18.592472
55,7,20.822113
55,8,22.74269
55,9,24.362
56,0,0.0
56,1,3.4868631
56,10,25.69833
56,11,26.777668
56,12,27.63086
56,13,28.290878
56,14,28.790516
56,15,29.160618
56,16,29.428856
56,17,29.619064
56,18,29.751009
56,19,29.840544
56,2,6.900319
56,20,29.899971
56,21,29.938547
56,22,29.963034
56,23,29.978235
56,24,29.987469
56,25,29.992956
56,26,29.996164
56,27,29.998035
56,28,29.999178
56,29,30.0
56,3,10.171546
56,4,13.240431
56,5,16.058792
56,6,18.592474
56,7,20.822111
56,8,22.742687
56,9,24.362
57,0,0.0
57,1,3.4868631
57,10,25.698326
57,11,26.777668
57,12,27.630863
57,13,28.290876
57,14,28.790516
57,15,29.160618
57,16,29.428856
57,17,29.619064
57,18,29.751007
57,19,29.840544
57,2,6.900318
57,20,29.89997
57,21,29.938545
57,22,29.963032
57,23,29.978235
57,24,29.987467
57,25,29.992958
57,26,29.996164
57,27,29.998035
57,28,29.999178
57,29,30.0
57,3,10.171547
57,4,13.24043
57,5,16.058796
57,6,18.592472
57,7,20.822113
57,8,22.742687
57,9,24.362001
58,0,0.0
58,1,3.4868627
58,10,25.69833
58,11,26.777668
58,12,27.63086
58,13,28.290878
58,14,28.790516
58,15,29.160618
58,16,29.428856
58,17,29.619064
58,18,29.751009
58,19,29.840544
58,2,6.9003186
58,20,29.899971
58,21,29.938543
58,22,29.963032
58,23,29.978233
58,24,29.987469
58,25,29.992956
58,26,29.996166
58,27,29.998035
58,28,29.999178
58,29,30.0
58,3,10.171545
58,4,13.240432
58,5,16.058792
58,6,18.592476
58,7,20.82211
58,8,22.742691
58,9,24.362
59,0,0.0
59,1,3.4868631
59,10,25.698326
59,11,26.777668
59,12,27.630863
59,13,28.290878
59,14,28.790516
59,15,29.160618
59,16,29.428858
59,17,29.619064
59,18,29.751009
59,19,29.840542
59,2,6.900318
59,20,29.899971
59,21,29.938541
59,22,29.963032
59,23,29.978235
59,24,29.987465
59,25,29.992956
59,26,29.996162
59,27,29.998035
59,28,29.999178
59,29,30.0
59,3,10.171547
59,4,13.24043
59,5,16.058794
59,6,18.592472
59,7,20.822113
59,8,22.742687
59,9,24.362005
6,0,0.0
6,1,2.1566415
6,10,15.9186325
6,11,16.59502
6,12,17.134201
6,13,17.559261
6,14,17.892433
6,15,18.15725
6,16,18.376204
6,17,18.572102
6,18,18.768284
6,19,18.98919
6,2,4.267891
6,20,19.262672
6,21,19.619652
6,22,20.097553
6,23,20.738289
6,24,21.590157
6,25,22.70082
6,26,24.110682
6,27,25.833008
6,28,27.831945
6,29,30.0
6,3,6.291902
6,4,8.190771
6,5,9.935942
6,6,11.505018
6,7,12.887564
6,8,14.079048
6,9,15.085989
60,0,0.0
60,1,3.4868627
60,10,25.698328
60,11,26.777668
60,12,27.630863
60,13,28.290878
60,14,28.790516
60,15,29.160618
60,16,29.42886
60,17,29.619066
60,18,29.751009
60,19,29.840546
60,2,6.9003186
60,20,29.899967
60,21,29.938545
60,22,29.963032
60,23,29.978233
60,24,29.987467
60,25,29.992952
60,26,29.996164
60,27,29.998035
60,28,29.999178
60,29,30.0
60,3,10.171546
60,4,13.240432
60,5,16.058792
60,6,18.592476
60,7,20.82211
60,8,22.742693
60,9,24.362001
61,0,0.0
61,1,3.4868634
61,10,25.698326
61,11,26.777672
61,12,27.630863
61,13,28.290878
61,14,28.790516
61,15,29.160622
61,16,29.42886
61,17,29.619064
61,18,29.75101
61,19,29.840542
61,2,6.900318
61,20,29.899971
61,21,29.938545
61,22,29.963032
61,23,29.978237
61,24,29.987465
61,25,29.992958
61,26,29.996164
61,27,29.998035
61,28,29.999178
61,29,30.0
61,3,10.171547
61,4,13.240429
61,5,16.058796
61,6,18.592472
61,7,20.822115
61,8,22.74269
61,9,24.362005
62,0,0.0
62,1,3.4868631
62,10,25.69833
62,11,26.777672
62,12,27.630863
62,13,28.29088
62,14,28.79052
62,15,29.160622
62,16,29.42886
62,17,29.619068
62,18,29.75101
62,19,29.840548
62,2,6.90032
62,20,29.899971
62,21,29.938547
62,22,29.963037
62,23,29.978235
62,24,29.987469
62,25,29.992954
62,26,29.996164
62,27,29.998035
62,28,29.999178
62,29,30.0
62,3,10.171547
62,4,13.240433
62,5,16.058792
62,6,18.592476
62,7,20.822111
62,8,22.742695
62,9,24.362003
63,0,0.0
63,1,3.486864
63,10,25.698334
63,11,26.777674
63,12,27.630867
63,13,28.290886
63,14,28.790524
63,15,29.160627
63,16,29.428867
63,17,29.619072
63,18,29.751019
63,19,29.84055
63,2,6.9003196
63,20,29.899975
63,21,29.93855
63,22,29.963037
63,23,29.978243
63,24,29.987469
63,25,29.992958
63,26,29.996166
63,27,29.998035
63,28,29.999178
63,29,30.0
63,3,10.17155
63,4,13.240433
63,5,16.0588
63,6,18.592476
63,7,20.822117
63,8,22.742695
63,9,24.36201
64,0,0.0
64,1,3.4868646
64,10,25.698343
64,11,26.777681
64,12,27.630877
64,13,28.290892
64,14,28.790533
64,15,29.160633
64,16,29.428873
64,17,29.61908
64,18,29.751024
64,19,29.840557
64,2,6.9003234
64,20,29.899982
64,21,29.938557
64,22,29.963045
64,23,29.978247
64,24,29.987476
64,25,29.992964
64,26,29.996168
64,27,29.99804
64,28,29.99918
64,29,30.0
64,3,10.171552
64,4,13.240438
64,5,16.0588
64,6,18.592485
64,7,20.82212
64,8,22.742704
64,9,24.362015
65,0,0.0
65,1,3.4868677
65,10,25.698359
65,11,26.777699
65,12,27.630894
65,13,28.29091
65,14,28.79055
65,15,29.160654
65,16,29.428892
65,17,29.619097
65,18,29.751041
65,19,29.840574
65,2,6.9003267
65,20,29.9
65,21,29.938574
65,22,29.963058
65,23,29.97826
65,24,29.987488
65,25,29.992973
65,26,29.996178
65,27,29.998043
65,28,29.999182
65,29,30.0
65,3,10.17156
65,4,13.240446
65,5,16.058815
65,6,18.592495
65,7,20.822138
65,8,22.742718
65,9,24.362034
66,0,0.0
66,1,3.4868727
66,10,25.698399
66,11,26.777737
66,12,27.630932
66,13,28.29095
66,14,28.790588
66,15,29.160694
66,16,29.42893
66,17,29.619135
66,18,29.75108
66,19,29.84061
66,2,6.900338
66,20,29.900036
66,21,29.938606
66,22,29.96309
66,23,29.978287
66,24,29.98751
66,25,29.992992
66,26,29.996193
66,27,29.998055
66,28,29.999187
66,29,30.0
66,3,10.171575
66,4,13.240468
66,5,16.058836
66,6,18.592525
66,7,20.822166
66,8,22.742752
66,9,24.362064
67,0,0.0
67,1,3.486884
67,10,25.698471
67,11,26.777817
67,12,27.631012
67,13,28.29103
67,14,28.790672
67,15,29.160774
67,16,29.429012
67,17,29.619217
67,18,29.751158
67,19,29.840687
67,2,6.9003596
67,20,29.900106
67,21,29.938675
67,22,29.963154
67,23,29.978344
67,24,29.98756
67,25,29.993034
67,26,29.996223
67,27,29.998077
67,28,29.999199
67,29,30.0
67,3,10.171608
67,4,13.240507
67,5,16.05889
67,6,18.59258
67,7,20.822233
67,8,22.742819
67,9,24.36214
68,0,0.0
68,1,3.4869065
68,10,25.698627
68,11,26.777977
68,12,27.631176
68,13,28.291199
68,14,28.790836
68,15,29.160942
68,16,29.429176
68,17,29.619379
68,18,29.751316
68,19,29.84084
68,2,6.900405
68,20,29.900253
68,21,29.938812
68,22,29.963282
68,23,29.978458
68,24,29.987661
68,25,29.993118
68,26,29.99629
68,27,29.99812
68,28,29.999222
68,29,30.0
68,3,10.171672
68,4,13.240595
68,5,16.058989
68,6,18.592701
68,7,20.822361
68,8,22.742962
68,9,24.362286
69,0,0.0
69,1,3.4869518
69,10,25.698936
69,11,26.778294
69,12,27.6315
69,13,28.291525
69,14,28.791168
69,15,29.16127
69,16,29.429506
69,17,29.619701
69,18,29.751633
69,19,29.841146
69,2,6.900493
69,20,29.900547
69,21,29.939089
69,22,29.963535
69,23,29.97869
69,24,29.987862
69,25,29.993282
69,26,29.996416
69,27,29.998207
69,28,29.999264
69,29,30.0
69,3,10.1718025
69,4,13.240763
69,5,16.059193
69,6,18.59293
69,7,20.82262
69,8,22.743237
69,9,24.362585
7,0,0.0
7,1,2.4156237
7,10,17.828465
7,11,18.58438
7,12,19.187214
7,13,19.660522
7,14,20.03029
7,15,20.32105
7,16,20.557518
7,17,20.763376
7,18,20.962051
7,19,21.177826
7,2,4.780776
7,20,21.435566
7,21,21.763271
7,22,22.190296
7,23,22.749697
7,24,23.473549
7,25,24.39195
7,26,25.522863
7,27,26.864403
7,28,28.381134
7,29,30.0
7,3,7.047407
7,4,9.174894
7,5,11.128808
7,6,12.886919
7,7,14.43438
7,8,15.76936
7,9,16.895897
70,0,0.0
70,1,3.4870386
70,10,25.699532
70,11,26.77891
70,12,27.632128
70,13,28.29216
70,14,28.791807
70,15,29.16191
70,16,29.430138
70,17,29.620327
70,18,29.752243
70,19,29.841742
70,2,6.9006653
70,20,29.901114
70,21,29.939621
70,22,29.96403
70,23,29.97913
70,24,29.988247
70,25,29.993603
70,26,29.996664
70,27,29.998375
70,28,29.99935
70,29,30.0
70,3,10.172056
70,4,13.241088
70,5,16.059586
70,6,18.593382
70,7,20.823116
70,8,22.74378
70,9,24.363155
71,0,0.0
71,1,3.4872046
71,10,25.70066
71,11,26.780075
71,12,27.633316
71,13,28.293365
71,14,28.793018
71,15,29.16312
71,16,29.43134
71,17,29.621513
71,18,29.753403
71,19,29.84286
71,2,6.9009914
71,20,29.902185
71,21,29.940632
71,22,29.964958
71,23,29.979973
71,24,29.988977
71,25,29.99421
71,26,29.997131
71,27,29.998695
71,28,29.999512
71,29,30.0
71,3,10.172534
71,4,13.241707
71,5,16.06033
71,6,18.594234
71,7,20.824066
71,8,22.744802
71,9,24.36424
72,0,0.0
72,1,3.4875107
72,10,25.702753
72,11,26.782227
72,12,27.635515
72,13,28.295591
72,14,28.795258
72,15,29.165354
72,16,29.43356
72,17,29.623697
72,18,29.755543
72,19,29.844933
72,2,6.901596
72,20,29.904167
72,21,29.942497
72,22,29.966682
72,23,29.981522
72,24,29.990326
72,25,29.995329
72,26,29.998
72,27,29.999283
72,28,29.999811
72,29,30.0
72,3,10.173421
72,4,13.242853
72,5,16.061707
72,6,18.595816
72,7,20.825817
72,8,22.746695
72,9,24.366243
73,0,0.0
73,1,3.4880662
73,10,25.706532
73,11,26.786121
73,12,27.639488
73,13,28.299614
73,14,28.799297
73,15,29.169395
73,16,29.437569
73,17,29.627653
73,18,29.759405
73,19,29.848675
73,2,6.9026914
73,20,29.907745
73,21,29.945871
73,22,29.969799
73,23,29.98433
73,24,29.992767
73,25,29.99736
73,26,29.999563
73,27,30.000355
73,28,30.00035
73,29,30.0
73,3,10.175026
73,4,13.244929
73,5,16.064201
73,6,18.598675
73,7,20.828983
73,8,22.750116
73,9,24.369867
74,0,0.0
74,1,3.4890497
74,10,25.713207
74,11,26.793
74,12,27.646505
74,13,28.306715
74,14,28.806438
74,15,29.176523
74,16,29.444649
74,17,29.634628
74,18,29.766232
74,19,29.855278
74,2,6.9046307
74,20,29.91407
74,21,29.951824
74,22,29.975302
74,23,29.989283
74,24,29.997086
74,25,30.000938
74,26,30.002335
74,27,30.002235
74,28,30.001308
74,29,30.0
74,3,10.17787
74,4,13.248602
74,5,16.068619
74,6,18.603733
74,7,20.834589
74,8,22.756165
74,9,24.376272
75,0,0.0
75,1,3.4907534
75,10,25.724743
75,11,26.804874
75,12,27.658619
75,13,28.31897
75,14,28.818756
75,15,29.188828
75,16,29.456858
75,17,29.646667
75,18,29.778002
75,19,29.86669
75,2,6.9079924
75,20,29.924976
75,21,29.962112
75,22,29.9848
75,23,29.997845
75,24,30.004538
75,25,30.007133
75,26,30.007114
75,27,30.0055
75,28,30.002956
75,29,30.0
75,3,10.182793
75,4,13.254965
75,5,16.07626
75,6,18.612492
75,7,20.844276
75,8,22.766624
75,9,24.387337
76,0,0.0
76,1,3.4936447
76,10,25.74422
76,11,26.824928
76,12,27.679058
76,13,28.33965
76,14,28.839535
76,15,29.209581
76,16,29.477459
76,17,29.666975
76,18,29.79787
76,19,29.885925
76,2,6.9136877
76,20,29.943403
76,21,29.979465
76,22,30.000858
76,23,30.012304
76,24,30.017143
76,25,30.017597
76,26,30.015217
76,27,30.011013
76,28,30.005756
76,29,30.0
76,3,10.191144
76,4,13.2657385
76,5,16.089207
76,6,18.627304
76,7,20.860674
76,8,22.784302
76,9,24.40604
77,0,0.0
77,1,3.4984398
77,10,25.776398
77,11,26.858027
77,12,27.712795
77,13,28.373764
77,14,28.87381
77,15,29.243809
77,16,29.51143
77,17,29.700478
77,18,29.830633
77,19,29.917686
77,2,6.9231453
77,20,29.973795
77,21,30.008144
77,22,30.027359
77,23,30.03622
77,24,30.037968
77,25,30.034924
77,26,30.028599
77,27,30.02015
77,28,30.01038
77,29,30.0
77,3,10.204985
77,4,13.283611
77,5,16.110641
77,6,18.651842
77,7,20.887793
77,8,22.813541
77,9,24.436937
78,0,0.0
78,1,3.5062366
78,10,25.828365
78,11,26.91147
78,12,27.767231
78,13,28.428802
78,14,28.929092
78,15,29.299007
78,16,29.566227
78,17,29.754496
78,18,29.88351
78,19,29.968916
78,2,6.9384985
78,20,30.022888
78,21,30.05443
78,22,30.07022
78,23,30.074852
78,24,30.071688
78,25,30.062933
78,26,30.050293
78,27,30.034925
78,28,30.017881
78,29,30.0
78,3,10.227473
78,4,13.312596
78,5,16.145424
78,6,18.691582
78,7,20.931717
78,8,22.860828
78,9,24.486898
79,0,0.0
79,1,3.5186372
79,10,25.910515
79,11,26.995867
79,12,27.853167
79,13,28.51564
79,14,29.016296
79,15,29.386078
79,16,29.652636
79,17,29.83974
79,18,29.966915
79,19,30.049826
79,2,6.9629393
79,20,30.10038
79,21,30.127626
79,22,30.137934
79,23,30.136032
79,24,30.125025
79,25,30.107353
79,26,30.084639
79,27,30.058388
79,28,30.029764
79,29,30.0
79,3,10.26321
79,4,13.358673
79,5,16.200607
79,6,18.754642
79,7,21.001286
79,8,22.93571
79,9,24.565897
8,0,0.0
8,1,2.6390576
8,10,19.473255
8,11,20.29842
8,12,20.95472
8,13,21.469551
8,14,21.869274
8,15,22.18103
8,16,22.43008
8,17,22.64086
8,18,22.836819
8,19,23.040527
8,2,5.2225666
8,20,23.275318
8,21,23.564095
8,22,23.931578
8,23,24.401138
8,24,24.995901
8,25,25.732622
8,26,26.619764
8,27,27.649
8,28,28.792429
8,29,30.0
8,3,7.699153
8,4,10.022597
8,5,12.157666
8,6,14.077243
8,7,15.76819
8,8,17.225275
8,9,18.456053
80,0,0.0
80,1,3.5379853
80,10,26.037512
80,11,27.126286
80,12,27.985851
80,13,28.649673
80,14,29.150852
80,15,29.520388
80,16,29.78598
80,17,29.971237
80,18,30.09571
80,19,30.174711
80,2,7.001012
80,20,30.220188
80,21,30.240726
80,22,30.242802
80,23,30.230694
80,24,30.207764
80,25,30.176182
80,26,30.138004
80,27,30.094776
80,28,30.048244
80,29,30.0
80,3,10.318901
80,4,13.430344
80,5,16.286442
80,6,18.852518
80,7,21.109236
80,8,23.051691
80,9,24.688202
81,0,0.0
81,1,3.5675426
81,10,26.229729
81,11,27.323425
81,12,28.186316
81,13,28.852047
81,14,29.353943
81,15,29.723114
81,16,29.987186
81,17,30.169806
81,18,30.290136
81,19,30.363514
81,2,7.059207
81,20,30.40125
81,21,30.412006
81,22,30.401537
81,23,30.374348
81,24,30.333231
81,25,30.280836
81,26,30.219053
81,27,30.150187
81,28,30.076336
81,29,30.0
81,3,10.40387
81,4,13.5396805
81,5,16.417099
81,6,19.001438
81,7,21.27312
81,8,23.227657
81,9,24.873423
82,0,0.0
82,1,3.611875
82,10,26.51435
82,11,27.615128
82,12,28.48262
82,13,29.151012
82,14,29.653868
82,15,30.022404
82,16,30.284348
82,17,30.463005
82,18,30.57755
82,19,30.642567
82,2,7.146349
82,20,30.669365
82,21,30.665588
82,22,30.637127
82,23,30.587492
82,24,30.519909
82,25,30.436462
82,26,30.339909
82,27,30.232723
82,28,30.118275
82,29,30.0
82,3,10.531097
82,4,13.70303
82,5,16.612175
82,6,19.223236
82,7,21.51699
82,8,23.488909
82,9,25.14817
83,0,0.0
83,1,3.6770678
83,10,26.927088
83,11,28.037457
83,12,28.911282
83,13,29.583185
83,14,30.087215
83,15,30.454834
83,16,30.7136
83,17,30.886877
83,18,30.993038
83,19,31.046608
83,2,7.2745104
83,20,31.0576
83,21,31.03363
83,22,30.979095
83,23,30.89775
83,24,30.791645
83,25,30.66366
83,26,30.51627
83,27,30.353481
83,28,30.179573
83,29,30.0
83,3,10.717813
83,4,13.942575
83,5,16.897484
83,6,19.547234
83,7,21.872269
83,8,23.869026
83,9,25.547012
84,0,0.0
84,1,3.7713072
84,10,27.51287
84,11,28.636162
84,12,29.518147
84,13,30.19457
84,14,30.699982
84,15,31.066082
84,16,31.32061
84,17,31.48625
84,18,31.581303
84,19,31.618797
84,2,7.4594383
84,20,31.608557
84,21,31.556175
84,22,31.465973
84,23,31.33972
84,24,31.179949
84,25,30.988426
84,26,30.769123
84,27,30.526558
84,28,30.26763
84,29,30.0
84,3,10.987031
84,4,14.287012
84,5,17.307096
84,6,20.01094
84,7,22.379854
84,8,24.410547
84,9,26.114323
85,0,0.0
85,1,3.905127
85,10,28.327297
85,11,29.46688
85,12,30.359232
85,13,31.041061
85,14,31.54788
85,15,31.91183
85,16,32.160374
85,17,32.316177
85,18,32.396065
85,19,32.41274
85,2,7.721906
85,20,32.373554
85,21,32.28366
85,22,32.144474
85,23,31.957676
85,24,31.723427
85,25,31.444532
85,26,31.124443
85,27,30.770481
85,28,30.391676
85,29,30.0
85,3,11.368105
85,4,14.773697
85,5,17.88385
85,6,20.662357
85,7,23.090406
85,8,25.166933
85,9,26.904425
86,0,0.0
86,1,4.0923033
86,10,29.435944
86,11,30.595749
86,12,31.500237
86,13,32.188263
86,14,32.69628
86,15,33.05691
86,16,33.297817
86,17,33.440514
86,18,33.50146
86,19,33.490685
86,2,8.088188
86,20,33.414776
86,21,33.27511
86,22,33.072296
86,23,32.804108
86,24,32.470757
86,25,32.0727
86,26,31.615597
86,27,31.107887
86,28,30.563702
86,29,30.0
86,3,11.898944
86,4,15.449094
86,5,18.68193
86,6,21.559937
86,7,24.06652
86,8,26.202084
86,9,27.98301
87,0,0.0
87,1,4.3502383
87,10,30.91473
87,11,32.097622
87,12,33.015846
87,13,33.710117
87,14,34.218605
87,15,34.574627
87,16,34.805393
87,17,34.932198
87,18,34.969006
87,19,34.924877
87,2,8.592192
87,20,34.80208
87,21,34.600502
87,22,34.315296
87,23,33.942924
87,24,33.478767
87,25,32.923843
87,26,32.282475
87,27,31.567707
87,28,30.798264
87,29,30.0
87,3,12.626604
87,4,16.371756
87,5,19.766758
87,6,22.775145
87,7,25.381653
87,8,27.591805
87,9,29.425442
88,0,0.0
88,1,4.701568
88,10,32.846718
88,11,34.05491
88,12,34.98674
88,13,35.68654
88,14,36.19406
88,15,36.543373
88,16,36.76186
88,17,36.868942
88,18,36.877663
88,19,36.792732
88,2,9.276426
88,20,36.614468
88,21,36.336178
88,22,35.95034
88,23,35.445904
88,24,34.81627
88,25,34.057205
88,26,33.175064
88,27,32.18464
88,28,31.114006
88,29,30.0
88,3,13.610843
88,4,17.61268
88,5,21.218302
88,6,24.391163
88,7,27.121937
88,8,29.421185
88,9,31.31697
89,0,0.0
89,1,5.17535
89,10,35.32054
89,11,36.552788
89,12,37.49654
89,13,38.199272
89,14,38.703285
89,15,39.04358
89,16,39.246746
89,17,39.331642
89,18,39.307457
89,19,39.17692
89,2,10.196102
89,20,38.933426
89,21,38.56669
89,22,38.059578
89,23,37.396378
89,24,36.560547
89,25,35.545223
89,26,34.352478
89,27,33.00296
89,28,31.533754
89,29,30.0
89,3,14.925725
89,4,19.259987
89,5,23.130417
89,6,26.505621
89,7,29.383007
89,8,31.784927
89,9,33.748142
9,0,0.0
9,1,2.827443
9,10,20.860882
9,11,21.743118
9,12,22.444935
9,13,22.993488
9,14,23.418016
9,15,23.745853
9,16,24.003626
9,17,24.215824
9,18,24.405262
9,19,24.593754
9,2,5.595712
9,20,24.801506
9,21,25.048988
9,22,25.354837
9,23,25.737686
9,24,26.212156
9,25,26.78938
9,26,27.471336
9,27,28.250235
9,28,29.104288
9,29,30.0
9,3,8.24866
9,4,10.738475
9,5,13.0251255
9,6,15.082218
9,7,16.892729
9,8,18.454084
9,9,19.771324
90,0,0.0
90,1,5.8108096
90,10,38.423893
90,11,39.675636
90,12,40.62574
90,13,41.32685
90,14,41.82344
90,15,42.151276
90,16,42.33699
90,17,42.39663
90,18,42.337776
90,19,42.156765
90,2,11.422677
90,20,41.843273
90,21,41.376602
90,22,40.73315
90,23,39.88331
90,24,38.802574
90,25,37.471382
90,26,35.889282
90,27,34.077198
90,28,32.087654
90,29,30.0
90,3,16.666603
90,4,21.420479
90,5,25.61554
90,6,29.22784
90,7,32.27104
90,8,34.7817
90,9,36.813087
91,0,0.0
91,1,6.6620936
91,10,42.239624
91,11,43.499065
91,12,44.446224
91,13,45.137825
91,14,45.62121
91,15,45.93297
91,16,46.09835
91,17,46.132362
91,18,46.037468
91,19,45.806892
91,2,13.053957
91,20,45.42068
91,21,44.851475
91,22,44.060177
91,23,43.005527
91,24,41.642586
91,25,39.938316
91,26,37.87693
91,27,35.480392
91,28,32.815464
91,29,30.0
91,3,18.956322
91,4,24.228283
91,5,28.804354
91,6,32.68163
91,7,35.89679
91,8,38.512653
91,9,40.601414
92,0,0.0
92,1,7.809806
92,10,46.83595
92,11,48.084305
92,12,49.012817
92,13,49.68376
92,14,50.14624
92,15,50.436996
92,16,50.58076
92,17,50.588974
92,18,50.46198
92,19,50.18531
92,2,15.227915
92,20,49.733753
92,21,49.065872
92,22,48.13072
92,23,46.863342
92,24,45.197308
92,25,43.067993
92,26,40.437153
92,27,37.31154
92,28,33.77532
92,29,30.0
92,3,21.961693
92,4,27.85094
92,5,32.852562
92,6,37.00057
92,7,40.374794
92,8,43.07196
92,9,45.194084
93,0,0.0
93,1,9.3816595
93,10,52.260628
93,11,53.46814
93,12,54.35675
93,13,54.991585
93,14,55.423233
93,15,55.68805
93,16,55.808525
93,17,55.794655
93,18,55.641403
93,19,55.331184
93,2,18.15348
93,20,54.828316
93,21,54.082764
93,22,53.022865
93,23,51.56199
93,24,49.594982
93,25,47.0157
93,26,43.733192
93,27,39.718597
93,28,35.05696
93,29,30.0
93,3,25.91441
93,4,32.50565
93,5,37.940765
93,6,42.328712
93,7,45.812878
93,8,48.54216
93,9,50.651634
94,0,0.0
94,1,11.6003275
94,10,58.529137
94,11,59.656937
94,12,60.47717
94,13,61.057076
94,14,61.446205
94,15,61.679115
94,16,61.776646
94,17,61.745155
94,18,61.57807
94,19,61.251488
94,2,22.164028
94,20,60.725826
94,21,59.937695
94,22,58.80136
94,23,57.19833
94,24,54.98177
94,25,51.975
94,26,48.00074
94,27,42.933594
94,28,36.81611
94,29,30.0
94,3,31.151905
94,4,38.47251
94,5,44.27908
94,6,48.809193
94,7,52.305473
94,8,54.97941
94,9,57.007317
95,0,0.0
95,1,14.893037
95,10,65.61856
95,11,66.61745
95,12,67.33642
95,13,67.83945
95,14,68.17304
95,15,68.368515
95,16,68.44329
95,17,68.402374
95,18,68.23579
95,19,67.91942
95,2,27.826973
95,20,67.40813
95,21,66.63486
95,22,65.49786
95,23,63.85567
95,24,61.508488
95,25,58.1932
95,26,53.583073
95,27,47.351067
95,28,39.349987
95,29,30.0
95,3,38.172134
95,4,46.11216
95,5,52.094734
95,6,56.57155
95,7,59.912823
95,8,62.402946
95,9,64.25238
96,0,0.0
96,1,20.180332
96,10,73.457306
96,11,74.27376
96,12,74.85542
96,13,75.25901
96,14,75.52396
96,15,75.67622
96,16,75.73013
96,17,75.68792
96,18,75.54055
96,19,75.263405
96,2,36.14944
96,20,74.8152
96,21,74.12789
96,22,73.09981
96,23,71.5737
96,24,69.3138
96,25,65.9602
96,26,60.984467
96,27,53.67009
96,28,43.300434
96,29,30.0
96,3,47.70615
96,4,55.85491
96,5,61.602814
96,6,65.695
96,7,68.639305
96,8,70.77384
96,9,72.327644
97,0,0.0
97,1,29.708439
97,10,81.923096
97,11,82.50392
97,12,82.91469
97,13,83.19763
97,14,83.38197
97,15,83.48651
97,16,83.520935
97,17,83.4868
97,18,83.37579
97,19,83.1694
97,2,48.944534
97,20,82.8333
97,21,82.31322
97,22,81.52071
97,23,80.3152
97,24,78.4613
97,25,75.556404
97,26,70.882126
97,27,63.15248
97,28,50.23571
97,29,30.0
97,3,60.738422
97,4,68.12157
97,5,72.92099
97,6,76.15503
97,7,78.395996
97,8,79.97955
97,9,81.11102
98,0,0.0
98,1,49.730522
98,10,90.84221
98,11,91.144806
98,12,91.357605
98,13,91.5036
98,14,91.59827
98,15,91.65143
98,16,91.66823
98,17,91.649025
98,18,91.58949
98,19,91.47882
98,2,69.22487
98,20,91.2984
98,21,91.016495
98,22,90.58195
98,23,89.90703
98,24,88.836075
98,25,87.06611
98,26,83.94705
98,27,77.89716
98,28,64.52832
98,29,30.0
98,3,78.24722
98,4,83.05969
98,5,85.916275
98,6,87.742325
98,7,88.96846
98,8,89.81758
98,9,90.41647
99,0,0.0
99,1,100.0
99,10,100.0
99,11,100.0
99,12,100.0
99,13,100.0
99,14,100.0
99,15,100.0
99,16,100.0
99,17,100.0
99,18,100.0
99,19,100.0
99,2,100.0
99,20,100.0
99,21,100.0
99,22,100.0
99,23,100.0
99,24,100.0
99,25,100.0
99,26,100.0
99,27,100.0
99,28,100.0
99,29,30.0
99,3,100.0
99,4,100.0
99,5,100.0
99,6,100.0
99,7,100.0
99,8,100.0
99,9,100.0
