0,0,0.0
0,1,0.0
0,10,0.0
0,11,0.0
0,12,0.0
0,13,0.0
0,14,0.0
0,15,30.0
0,2,0.0
0,3,0.0
0,4,0.0
0,5,0.0
0,6,0.0
0,7,0.0
0,8,0.0
0,9,0.0
1,0,0.0
1,1,0.63552153
1,10,5.1758585
1,11,5.9450064
1,12,7.2353573
1,13,9.736242
1,14,15.342125
1,15,30.0
1,2,1.2552727
1,3,1.8453629
1,4,2.395484
1,5,2.900384
1,6,3.3612995
1,7,3.7878
1,8,4.2009964
1,9,4.6399746
10,0,0.0
10,1,11.119279
10,10,49.44592
10,11,47.821705
10,12,45.02868
10,13,41.013973
10,14,35.873257
10,15,30.0
10,2,21.193071
10,3,29.66951
10,4,36.438572
10,5,41.62334
10,6,45.418587
10,7,48.00389
10,8,49.50629
10,9,49.98796
11,0,0.0
11,1,14.543146
11,10,57.061172
11,11,54.922432
11,12,51.282948
11,13,45.884796
11,14,38.63603
11,15,30.0
11,2,27.115124
11,3,37.071266
11,4,44.572594
11,5,50.034447
11,6,53.859173
11,7,56.347374
11,8,57.682076
11,9,57.932987
12,0,0.0
12,1,19.938236
12,10,65.94356
12,11,63.52408
12,12,59.29605
12,13,52.60633
12,14,42.78612
12,15,30.0
12,2,35.65311
12,3,46.928005
12,4,54.746284
12,5,60.082893
12,6,63.636547
12,7,65.844604
12,8,66.9419
12,9,67.001
13,0,0.0
13,1,29.556725
13,10,76.18819
13,11,73.93443
13,12,69.77096
13,13,62.458447
13,14,49.90217
13,15,30.0
13,2,48.631165
13,3,60.241467
13,4,67.40181
13,5,71.91448
13,6,74.75969
13,7,76.45282
13,8,77.24013
13,9,77.18572
14,0,0.0
14,1,49.65753
14,10,87.68912
14,11,86.25462
14,12,83.39498
14,13,77.55438
14,14,64.364136
14,15,30.0
14,2,69.07341
14,3,78.00499
14,4,82.70509
14,5,85.413635
14,6,87.035065
14,7,87.96701
14,8,88.380196
14,9,88.31374
15,0,0.0
15,1,100.0
15,10,100.0
15,11,100.0
15,12,100.0
15,13,100.0
15,14,100.0
15,15,30.0
15,2,100.0
15,3,100.0
15,4,100.0
15,5,100.0
15,6,100.0
15,7,100.0
15,8,100.0
15,9,100.0
2,0,0.0
2,1,1.2868288
2,10,10.118515
2,11,11.368865
2,12,13.260223
2,13,16.367514
2,14,21.63227
2,15,30.0
2,2,2.5402358
2,3,3.7307382
2,4,4.8362412
2,5,5.844816
2,6,6.757081
2,7,7.588979
2,8,8.376282
2,9,9.183113
3,0,0.0
3,1,1.9715872
3,10,14.746345
3,11,16.151823
3,12,18.069237
3,13,20.841381
3,14,24.819471
3,15,30.0
3,2,3.8881614
3,3,5.7011957
3,4,7.374033
3,5,8.88568
3,6,10.233368
3,7,11.434889
3,8,12.532181
3,9,13.597816
4,0,0.0
4,1,2.7114017
4,10,19.117401
4,11,20.422995
4,12,22.023645
4,13,24.109379
4,14,26.804283
4,15,30.0
4,2,5.3397093
4,3,7.8119698
4,4,10.073167
4,5,12.090683
4,6,13.856012
4,7,15.385237
4,8,16.719936
4,9,17.929823
5,0,0.0
5,1,3.5343642
5,10,23.37067
5,11,24.399303
5,12,25.493122
5,13,26.768307
5,14,28.288342
5,15,30.0
5,2,6.9474096
5,3,10.133961
5,4,13.016174
5,5,15.548096
5,6,17.715008
5,7,19.530365
5,8,21.032768
5,9,22.284382
6,0,0.0
6,1,4.478708
6,10,27.68185
6,11,28.310646
6,12,28.781416
6,13,29.182512
6,14,29.580837
6,15,30.0
6,2,8.781729
6,3,12.760464
6,4,16.309698
6,5,19.370779
6,6,21.925846
6,7,23.988747
6,8,25.596691
6,9,26.804558
7,0,0.0
7,1,5.5988073
7,10,32.241817
7,11,32.380264
7,12,32.139576
7,13,31.59962
7,14,30.85257
7,15,30.0
7,2,10.940468
7,3,15.816662
7,4,20.091621
7,5,23.69976
7,6,26.62917
7,7,28.90242
7,8,30.561018
7,9,31.655628
8,0,0.0
8,1,6.976127
8,10,37.249832
8,11,36.82927
8,12,35.797215
8,13,34.22397
8,14,32.22989
8,15,30.0
8,2,13.564812
8,3,19.474298
8,4,24.540627
8,5,28.707775
8,6,31.988981
8,7,34.431084
8,8,36.089687
8,9,37.015434
9,0,0.0
9,1,8.740959
9,10,42.9131
9,11,41.890022
9,12,39.99625
9,13,37.269287
9,14,33.84309
9,15,30.0
9,2,16.868502
9,3,23.975296
9,4,29.889069
9,5,34.60203
9,6,38.18822
9,7,40.743603
9,8,42.351547
9,9,43.066933
