0,0,0.0
0,1,0.0
0,2,0.0
0,3,0.0
0,4,0.0
0,5,0.0
0,6,0.0
0,7,30.0
1,0,0.0
1,1,2.961066
1,2,5.5802813
1,3,7.7239046
1,4,9.5763035
1,5,11.853226
1,6,16.589687
1,7,30.0
2,0,0.0
2,1,6.2678757
2,2,11.643154
2,3,15.747835
2,4,18.73692
2,5,21.254025
2,6,24.509497
2,7,30.0
3,0,0.0
3,1,10.474332
3,2,18.989433
3,3,24.90336
3,4,28.385609
3,5,29.929445
3,6,30.20148
3,7,30.0
4,0,0.0
4,1,16.648994
4,2,28.953049
4,3,36.510857
4,4,39.99311
4,5,39.89306
4,6,36.376144
4,7,30.0
5,0,0.0
5,1,27.177692
5,2,43.67939
5,3,52.21454
5,4,55.20362
5,5,53.29026
5,6,45.419315
5,7,30.0
6,0,0.0
6,1,48.389805
6,2,66.38569
6,3,73.481064
6,4,75.333466
6,5,72.65863
6,6,62.018425
6,7,30.0
7,0,0.0
7,1,100.0
7,2,100.0
7,3,100.0
7,4,100.0
7,5,100.0
7,6,100.0
7,7,30.0
