0,0,0.0
0,1,0.0
0,10,0.0
0,11,0.0
0,12,0.0
0,13,0.0
0,14,0.0
0,15,30.0
0,2,0.0
0,3,0.0
0,4,0.0
0,5,0.0
0,6,0.0
0,7,0.0
0,8,0.0
0,9,0.0
1,0,0.0
1,1,0.63553965
1,10,5.1759334
1,11,5.945071
1,12,7.2354083
1,13,9.736277
1,14,15.342142
1,15,30.0
1,2,1.255308
1,3,1.8454139
1,4,2.3955479
1,5,2.900459
1,6,3.3613815
1,7,3.7878866
1,8,4.201082
1,9,4.6400566
10,0,0.0
10,1,11.119353
10,10,49.44623
10,11,47.821976
10,12,45.028885
10,13,41.014126
10,14,35.873333
10,15,30.0
10,2,21.193218
10,3,29.66972
10,4,36.438843
10,5,41.623657
10,6,45.418926
10,7,48.00425
10,8,49.50665
10,9,49.988304
11,0,0.0
11,1,14.54321
11,10,57.06144
11,11,54.922653
11,12,51.28313
11,13,45.88492
11,14,38.636097
11,15,30.0
11,2,27.11525
11,3,37.07145
11,4,44.572826
11,5,50.034714
11,6,53.85947
11,7,56.34768
11,8,57.68238
11,9,57.933285
12,0,0.0
12,1,19.938286
12,10,65.94377
12,11,63.52426
12,12,59.296192
12,13,52.60643
12,14,42.78617
12,15,30.0
12,2,35.65321
12,3,46.928146
12,4,54.746468
12,5,60.083107
12,6,63.636772
12,7,65.84485
12,8,66.94214
12,9,67.00122
13,0,0.0
13,1,29.556759
13,10,76.188324
13,11,73.934555
13,12,69.77106
13,13,62.45852
13,14,49.902203
13,15,30.0
13,2,48.631233
13,3,60.241566
13,4,67.40193
13,5,71.91462
13,6,74.75986
13,7,76.45299
13,8,77.240295
13,9,77.18589
14,0,0.0
14,1,49.657547
14,10,87.68919
14,11,86.254684
14,12,83.395035
14,13,77.55441
14,14,64.36415
14,15,30.0
14,2,69.07345
14,3,78.005035
14,4,82.705154
14,5,85.41373
14,6,87.03515
14,7,87.967094
14,8,88.38029
14,9,88.31383
15,0,0.0
15,1,100.0
15,10,100.0
15,11,100.0
15,12,100.0
15,13,100.0
15,14,100.0
15,15,30.0
15,2,100.0
15,3,100.0
15,4,100.0
15,5,100.0
15,6,100.0
15,7,100.0
15,8,100.0
15,9,100.0
2,0,0.0
2,1,1.286864
2,10,10.118662
2,11,11.368992
2,12,13.260321
2,13,16.367584
2,14,21.632305
2,15,30.0
2,2,2.540305
2,3,3.7308378
2,4,4.836367
2,5,5.844963
2,6,6.757242
2,7,7.589147
2,8,8.376451
2,9,9.183275
3,0,0.0
3,1,1.9716382
3,10,14.746556
3,11,16.152004
3,12,18.069382
3,13,20.841478
3,14,24.819525
3,15,30.0
3,2,3.8882608
3,3,5.7013392
3,4,7.374215
3,5,8.885893
3,6,10.233601
3,7,11.435134
3,8,12.532425
3,9,13.59805
4,0,0.0
4,1,2.711466
4,10,19.11767
4,11,20.423225
4,12,22.023827
4,13,24.109503
4,14,26.804348
4,15,30.0
4,2,5.339835
4,3,7.812152
4,4,10.073397
4,5,12.090951
4,6,13.856307
4,7,15.385546
4,8,16.720245
4,9,17.930119
5,0,0.0
5,1,3.5344396
5,10,23.370983
5,11,24.39957
5,12,25.493336
5,13,26.768454
5,14,28.288416
5,15,30.0
5,2,6.947557
5,3,10.1341715
5,4,13.016442
5,5,15.5484085
5,6,17.715351
5,7,19.530724
5,8,21.033129
5,9,22.284725
6,0,0.0
6,1,4.4787903
6,10,27.682196
6,11,28.310942
6,12,28.781649
6,13,29.18267
6,14,29.58092
6,15,30.0
6,2,8.781889
6,3,12.760697
6,4,16.309994
6,5,19.37112
6,6,21.926224
6,7,23.989143
6,8,25.597086
6,9,26.804935
7,0,0.0
7,1,5.5988936
7,10,32.242176
7,11,32.38057
7,12,32.139824
7,13,31.59979
7,14,30.852654
7,15,30.0
7,2,10.940637
7,3,15.816906
7,4,20.09193
7,5,23.700123
7,6,26.629564
7,7,28.902832
7,8,30.561432
7,9,31.656021
8,0,0.0
8,1,6.9762135
8,10,37.25019
8,11,36.82958
8,12,35.79746
8,13,34.224136
8,14,32.229973
8,15,30.0
8,2,13.564983
8,3,19.474543
8,4,24.540936
8,5,28.708136
8,6,31.989376
8,7,34.4315
8,8,36.090096
8,9,37.015835
9,0,0.0
9,1,8.741042
9,10,42.913452
9,11,41.890312
9,12,39.996487
9,13,37.269447
9,14,33.843174
9,15,30.0
9,2,16.868664
9,3,23.975529
9,4,29.889366
9,5,34.602375
9,6,38.1886
9,7,40.743996
9,8,42.351944
9,9,43.067307
