0,0,0.0
0,1,0.0
0,10,0.0
0,11,0.0
0,12,0.0
0,13,0.0
0,14,0.0
0,15,30.0
0,2,0.0
0,3,0.0
0,4,0.0
0,5,0.0
0,6,0.0
0,7,0.0
0,8,0.0
0,9,0.0
1,0,0.0
1,1,0.6356243
1,10,5.176286
1,11,5.9453745
1,12,7.235648
1,13,9.736443
1,14,15.342227
1,15,30.0
1,2,1.2554736
1,3,1.8456533
1,4,2.3958507
1,5,2.900812
1,6,3.3617687
1,7,3.7882917
1,8,4.2014875
1,9,4.6404448
10,0,0.0
10,1,11.119707
10,10,49.4477
10,11,47.823235
10,12,45.029884
10,13,41.014812
10,14,35.873688
10,15,30.0
10,2,21.19391
10,3,29.67072
10,4,36.4401
10,5,41.625126
10,6,45.420544
10,7,48.005936
10,8,49.50834
10,9,49.989918
11,0,0.0
11,1,14.543513
11,10,57.0627
11,11,54.92374
11,12,51.283985
11,13,45.885513
11,14,38.6364
11,15,30.0
11,2,27.11584
11,3,37.072308
11,4,44.57391
11,5,50.03598
11,6,53.860855
11,7,56.34913
11,8,57.68383
11,9,57.934666
12,0,0.0
12,1,19.938526
12,10,65.94477
12,11,63.52512
12,12,59.29687
12,13,52.6069
12,14,42.786415
12,15,30.0
12,2,35.65368
12,3,46.92883
12,4,54.747326
12,5,60.084106
12,6,63.63788
12,7,65.846
12,8,66.94328
12,9,67.00232
13,0,0.0
13,1,29.556925
13,10,76.18902
13,11,73.93515
13,12,69.77153
13,13,62.45884
13,14,49.90237
13,15,30.0
13,2,48.63156
13,3,60.24203
13,4,67.40253
13,5,71.91531
13,6,74.76061
13,7,76.45378
13,8,77.24109
13,9,77.186646
14,0,0.0
14,1,49.65763
14,10,87.689545
14,11,86.25499
14,12,83.39527
14,13,77.55458
14,14,64.364235
14,15,30.0
14,2,69.073616
14,3,78.00528
14,4,82.70546
14,5,85.41408
14,6,87.03554
14,7,87.96749
14,8,88.38069
14,9,88.31421
15,0,0.0
15,1,100.0
15,10,100.0
15,11,100.0
15,12,100.0
15,13,100.0
15,14,100.0
15,15,30.0
15,2,100.0
15,3,100.0
15,4,100.0
15,5,100.0
15,6,100.0
15,7,100.0
15,8,100.0
15,9,100.0
2,0,0.0
2,1,1.2870296
2,10,10.119353
2,11,11.369584
2,12,13.260792
2,13,16.367908
2,14,21.632471
2,15,30.0
2,2,2.5406287
2,3,3.7313058
2,4,4.8369594
2,5,5.8456526
2,6,6.758001
2,7,7.5899396
2,8,8.377244
2,9,9.184032
3,0,0.0
3,1,1.9718776
3,10,14.747554
3,11,16.15286
3,12,18.070059
3,13,20.84195
3,14,24.819763
3,15,30.0
3,2,3.8887289
3,3,5.7020164
3,4,7.3750706
3,5,8.88689
3,6,10.234695
3,7,11.436279
3,8,12.533569
3,9,13.599146
4,0,0.0
4,1,2.7117686
4,10,19.118933
4,11,20.424307
4,12,22.024683
4,13,24.110096
4,14,26.804653
4,15,30.0
4,2,5.3404274
4,3,7.8130074
4,4,10.07448
4,5,12.092212
4,6,13.857693
4,7,15.386994
4,8,16.721695
4,9,17.931503
5,0,0.0
5,1,3.534792
5,10,23.372452
5,11,24.400833
5,12,25.494335
5,13,26.769146
5,14,28.288769
5,15,30.0
5,2,6.9482465
5,3,10.13517
5,4,13.017703
5,5,15.549879
5,6,17.716965
5,7,19.532413
5,8,21.034817
5,9,22.286343
6,0,0.0
6,1,4.4791775
6,10,27.68381
6,11,28.312328
6,12,28.782745
6,13,29.183434
6,14,29.581308
6,15,30.0
6,2,8.782648
6,3,12.761792
6,4,16.311378
6,5,19.372738
6,6,21.927998
6,7,23.990997
6,8,25.598942
6,9,26.80671
7,0,0.0
7,1,5.5992994
7,10,32.243866
7,11,32.38202
7,12,32.140972
7,13,31.600582
7,14,30.853058
7,15,30.0
7,2,10.94143
7,3,15.818052
7,4,20.09338
7,5,23.701809
7,6,26.63142
7,7,28.904772
7,8,30.56337
7,9,31.657875
8,0,0.0
8,1,6.9766192
8,10,37.25188
8,11,36.831028
8,12,35.798603
8,13,34.22493
8,14,32.230377
8,15,30.0
8,2,13.565775
8,3,19.475689
8,4,24.542385
8,5,28.709824
8,6,31.99123
8,7,34.433437
8,8,36.092037
8,9,37.017685
9,0,0.0
9,1,8.74143
9,10,42.915062
9,11,41.8917
9,12,39.99758
9,13,37.270206
9,14,33.84356
9,15,30.0
9,2,16.869423
9,3,23.976625
9,4,29.890753
9,5,34.60399
9,6,38.190372
9,7,40.74585
9,8,42.353794
9,9,43.069084
