0,0,0.0
0,1,0.0
0,10,0.0
0,11,0.0
0,12,0.0
0,13,0.0
0,14,0.0
0,15,30.0
0,2,0.0
0,3,0.0
0,4,0.0
0,5,0.0
0,6,0.0
0,7,0.0
0,8,0.0
0,9,0.0
1,0,0.0
1,1,0.6350884
1,10,5.174051
1,11,5.943455
1,12,7.2341294
1,13,9.735393
1,14,15.34169
1,15,30.0
1,2,1.254425
1,3,1.8441379
1,4,2.3939347
1,5,2.8985782
1,6,3.3593159
1,7,3.7857256
1,8,4.1989217
1,9,4.6379895
10,0,0.0
10,1,11.117464
10,10,49.438347
10,11,47.815205
10,12,45.02353
10,13,41.010414
10,14,35.871437
10,15,30.0
10,2,21.18952
10,3,29.664371
10,4,36.432083
10,5,41.615776
10,6,45.410275
10,7,47.995193
10,8,49.497597
10,9,49.979645
11,0,0.0
11,1,14.541586
11,10,57.054665
11,11,54.916847
11,12,51.27853
11,13,45.881733
11,14,38.634468
11,15,30.0
11,2,27.112072
11,3,37.066864
11,4,44.56702
11,5,50.02795
11,6,53.85204
11,7,56.33991
11,8,57.674606
11,9,57.925846
12,0,0.0
12,1,19.937
12,10,65.938416
12,11,63.51966
12,12,59.292553
12,13,52.60391
12,14,42.784885
12,15,30.0
12,2,35.650696
12,3,46.924515
12,4,54.74188
12,5,60.07775
12,6,63.630898
12,7,65.8387
12,8,66.93599
12,9,66.995346
13,0,0.0
13,1,29.55587
13,10,76.184616
13,11,73.93138
13,12,69.76853
13,13,62.456768
13,14,49.90131
13,15,30.0
13,2,48.629494
13,3,60.239056
13,4,67.39876
13,5,71.91092
13,6,74.75578
13,7,76.44874
13,8,77.23604
13,9,77.18182
14,0,0.0
14,1,49.657097
14,10,87.6873
14,11,86.25306
14,12,83.39374
14,13,77.55353
14,14,64.36369
14,15,30.0
14,2,69.072556
14,3,78.003746
14,4,82.70354
14,5,85.41182
14,6,87.03308
14,7,87.96492
14,8,88.37811
14,9,88.311745
15,0,0.0
15,1,100.0
15,10,100.0
15,11,100.0
15,12,100.0
15,13,100.0
15,14,100.0
15,15,30.0
15,2,100.0
15,3,100.0
15,4,100.0
15,5,100.0
15,6,100.0
15,7,100.0
15,8,100.0
15,9,100.0
2,0,0.0
2,1,1.2859809
2,10,10.114977
2,11,11.365829
2,12,13.257821
2,13,16.365852
2,14,21.63142
2,15,30.0
2,2,2.538577
2,3,3.7283409
2,4,4.83321
2,5,5.8412833
2,6,6.7532005
2,7,7.58492
2,8,8.372221
2,9,9.179231
3,0,0.0
3,1,1.9703616
3,10,14.741232
3,11,16.147434
3,12,18.065765
3,13,20.838978
3,14,24.818243
3,15,30.0
3,2,3.8857634
3,3,5.6977296
3,4,7.369651
3,5,8.880571
3,6,10.2277565
3,7,11.42902
3,8,12.526313
3,9,13.592201
4,0,0.0
4,1,2.7098513
4,10,19.110933
4,11,20.417442
4,12,22.019253
4,13,24.106339
4,14,26.80273
4,15,30.0
4,2,5.3366756
4,3,7.807586
4,4,10.067622
4,5,12.084221
4,6,13.848913
4,7,15.377814
4,8,16.712511
4,9,17.922722
5,0,0.0
5,1,3.532556
5,10,23.363127
5,11,24.392828
5,12,25.488003
5,13,26.764763
5,14,28.28653
5,15,30.0
5,2,6.943873
5,3,10.128847
5,4,13.009709
5,5,15.54056
5,6,17.706732
5,7,19.521708
5,8,21.024113
5,9,22.2761
6,0,0.0
6,1,4.476721
6,10,27.67356
6,11,28.303532
6,12,28.775787
6,13,29.178617
6,14,29.578846
6,15,30.0
6,2,8.777841
6,3,12.754845
6,4,16.302593
6,5,19.362497
6,6,21.91675
6,7,23.979235
6,8,25.587173
6,9,26.795458
7,0,0.0
7,1,5.596728
7,10,32.233143
7,11,32.372814
7,12,32.13369
7,13,31.595543
7,14,30.850483
7,15,30.0
7,2,10.936399
7,3,15.8107815
7,4,20.084187
7,5,23.691093
7,6,26.619648
7,7,28.89246
7,8,30.55106
7,9,31.646095
8,0,0.0
8,1,6.9740458
8,10,37.241146
8,11,36.821815
8,12,35.791317
8,13,34.219887
8,14,32.227802
8,15,30.0
8,2,13.560741
8,3,19.468412
8,4,24.533184
8,5,28.699099
8,6,31.97945
8,7,34.42112
8,8,36.079716
8,9,37.005905
9,0,0.0
9,1,8.738967
9,10,42.904793
9,11,41.882885
9,12,39.99061
9,13,37.26538
9,14,33.841095
9,15,30.0
9,2,16.864605
9,3,23.969662
9,4,29.881947
9,5,34.593727
9,6,38.1791
9,7,40.734062
9,8,42.342003
9,9,43.057808
