0,0,0.0
0,1,0.0
0,10,0.0
0,11,0.0
0,12,0.0
0,13,0.0
0,14,0.0
0,15,30.0
0,2,0.0
0,3,0.0
0,4,0.0
0,5,0.0
0,6,0.0
0,7,0.0
0,8,0.0
0,9,0.0
1,0,0.0
1,1,0.65003175
1,10,5.1697865
1,11,5.933418
1,12,7.222081
1,13,9.724899
1,14,15.3356695
1,15,30.0
1,2,1.2822096
1,3,1.8811107
1,4,2.4351149
1,5,2.9389627
1,6,3.3941147
1,7,3.811622
1,8,4.214073
1,9,4.642535
10,0,0.0
10,1,10.960411
10,10,48.507668
10,11,46.990303
10,12,44.353577
10,13,40.538105
10,14,35.627098
10,15,30.0
10,2,20.87664
10,3,29.198524
10,4,35.820526
10,5,40.870975
10,6,44.55304
10,7,47.05486
10,8,48.51258
10,9,48.99635
11,0,0.0
11,1,14.385141
11,10,56.16569
11,11,54.13102
11,12,50.64238
11,13,45.43372
11,14,38.403145
11,15,30.0
11,2,26.800928
11,3,36.605785
11,4,43.96438
11,5,49.298378
11,6,53.016933
11,7,55.428978
11,8,56.725468
11,9,56.982437
12,0,0.0
12,1,19.798956
12,10,65.17573
12,11,62.847374
12,12,58.748905
12,13,52.22181
12,14,42.587585
12,15,30.0
12,2,35.37681
12,3,46.519432
12,4,54.214386
12,5,59.44127
12,6,62.905212
12,7,65.05008
12,8,66.117004
12,9,66.18413
13,0,0.0
13,1,29.453
13,10,75.62624
13,11,73.43963
13,12,69.3716
13,13,62.17782
13,14,49.757454
13,15,30.0
13,2,48.42547
13,3,59.937946
13,4,67.00729
13,5,71.43979
13,6,74.21986
13,7,75.86768
13,8,76.63409
13,9,76.586586
14,0,0.0
14,1,49.602158
14,10,87.39208
14,11,85.99342
14,12,83.18417
14,13,77.40642
14,14,64.287796
14,15,30.0
14,2,68.96373
14,3,77.84319
14,4,82.49512
14,5,85.161255
14,6,86.74845
14,7,87.65675
14,8,88.059204
14,9,87.99687
15,0,0.0
15,1,100.0
15,10,100.0
15,11,100.0
15,12,100.0
15,13,100.0
15,14,100.0
15,15,30.0
15,2,100.0
15,3,100.0
15,4,100.0
15,5,100.0
15,6,100.0
15,7,100.0
15,8,100.0
15,9,100.0
2,0,0.0
2,1,1.3106997
2,10,10.088032
2,11,11.330319
2,12,13.221584
2,13,16.336658
2,14,21.615154
2,15,30.0
2,2,2.5843108
2,3,3.787929
2,4,4.8979836
2,5,5.901573
2,6,6.8010054
2,7,7.614175
2,8,8.380581
2,9,9.167736
3,0,0.0
3,1,1.9957228
3,10,14.658894
3,11,16.058733
3,12,17.983997
3,13,20.776293
3,14,24.784348
3,15,30.0
3,2,3.9312887
3,3,5.7545257
3,4,7.425743
3,5,8.924433
3,6,10.248944
3,7,11.421503
3,8,12.488436
3,9,13.527853
4,0,0.0
4,1,2.7241302
4,10,18.933094
4,11,20.242224
4,12,21.86575
4,13,23.992601
4,14,26.74213
4,15,30.0
4,2,5.359809
4,3,7.829158
4,4,10.0755825
4,5,12.065775
4,6,13.795014
4,7,15.283606
4,8,16.580101
4,9,17.760517
5,0,0.0
5,1,3.5243325
5,10,23.052032
5,11,24.099247
5,12,25.238708
5,13,26.583244
5,14,28.19102
5,15,30.0
5,2,6.9217815
5,3,10.083658
5,4,12.929465
5,5,15.415342
5,6,17.529524
5,7,19.292652
5,8,20.750374
5,9,21.972843
6,0,0.0
6,1,4.4365396
6,10,27.20253
6,11,27.870422
6,12,28.414097
6,13,28.91873
6,14,29.44284
6,15,30.0
6,2,8.693075
6,3,12.617214
6,4,16.103848
6,5,19.095474
6,6,21.580423
6,7,23.579172
6,8,25.138172
6,9,26.320595
7,0,0.0
7,1,5.5199866
7,10,31.595715
7,11,31.795195
7,12,31.65722
7,13,31.255459
7,14,30.673523
7,15,30.0
7,2,10.779406
7,3,15.568652
7,4,19.751583
7,5,23.267054
7,6,26.108467
7,7,28.307627
7,8,29.914982
7,9,30.990116
8,0,0.0
8,1,6.8614907
8,10,36.4548
8,11,36.11684
8,12,35.21367
8,13,33.81014
8,14,32.01503
8,15,30.0
8,2,13.334091
8,3,19.125097
8,4,24.073233
8,5,28.126135
8,6,31.305132
8,7,33.66548
8,8,35.27284
8,9,36.18678
9,0,0.0
9,1,8.5979395
9,10,42.013588
9,11,41.08877
9,12,39.34379
9,13,36.80783
9,14,33.60424
9,15,30.0
9,2,16.582176
9,3,23.54691
9,4,29.322193
9,5,33.90654
9,6,37.380993
9,7,39.851334
9,8,41.41033
9,9,42.121162
