0,0,0.0
0,1,0.0
0,10,0.0
0,11,0.0
0,12,0.0
0,13,0.0
0,14,0.0
0,15,30.0
0,2,0.0
0,3,0.0
0,4,0.0
0,5,0.0
0,6,0.0
0,7,0.0
0,8,0.0
0,9,0.0
1,0,0.0
1,1,2.313922
1,10,8.535413
1,11,8.806117
1,12,9.502995
1,13,11.321959
1,14,16.156961
1,15,30.0
1,2,4.370742
1,3,5.970493
1,4,7.0903316
1,5,7.762368
1,6,8.129398
1,7,8.298826
1,8,8.377486
1,9,8.433959
10,0,0.0
10,1,10.344349
10,10,34.814972
10,11,34.58852
10,12,34.11524
10,13,33.20614
10,14,31.806723
10,15,30.0
10,2,19.21128
10,3,25.851574
10,4,30.212132
10,5,32.752228
10,6,34.04428
10,7,34.621235
10,8,34.83662
10,9,34.878258
11,0,0.0
11,1,12.810614
11,10,40.20736
11,11,39.78985
11,12,38.82376
11,13,37.010838
11,14,34.00407
11,15,30.0
11,2,23.362316
11,3,30.857132
11,4,35.59434
11,5,38.2436
11,6,39.56983
11,7,40.145004
11,8,40.348686
11,9,40.365784
12,0,0.0
12,1,17.745644
12,10,49.27705
12,11,48.58806
12,12,47.049232
12,13,43.866276
12,14,38.242584
12,15,30.0
12,2,31.075829
12,3,39.74244
12,4,44.806915
12,5,47.51619
12,6,48.80973
12,7,49.360764
12,8,49.543774
12,9,49.516037
13,0,0.0
13,1,27.54148
13,10,62.65065
13,11,61.84584
13,12,59.844284
13,13,55.40149
13,14,46.219513
13,15,30.0
13,2,44.515137
13,3,53.90165
13,4,58.841606
13,5,61.27889
13,6,62.401947
13,7,62.85887
13,8,62.998512
13,9,62.95237
14,0,0.0
14,1,48.457386
14,10,80.07666
14,11,79.45097
14,12,77.82614
14,13,73.58208
14,14,62.300423
14,15,30.0
14,2,66.63086
14,3,74.29364
14,4,77.73518
14,5,79.30362
14,6,79.983284
14,7,80.254364
14,8,80.333015
14,9,80.28785
15,0,0.0
15,1,100.0
15,10,100.0
15,11,100.0
15,12,100.0
15,13,100.0
15,14,100.0
15,15,30.0
15,2,100.0
15,3,100.0
15,4,100.0
15,5,100.0
15,6,100.0
15,7,100.0
15,8,100.0
15,9,100.0
2,0,0.0
2,1,4.3707566
2,10,16.001133
2,11,16.350767
2,12,17.209461
2,13,19.113653
2,14,23.048794
2,15,30.0
2,2,8.227301
2,3,11.2668295
2,4,13.346533
2,5,14.629373
2,6,15.302228
2,7,15.624877
2,8,15.764515
2,9,15.8526535
3,0,0.0
3,1,5.970633
3,10,21.731508
3,11,22.032625
3,12,22.693249
3,13,24.057503
3,14,26.467579
3,15,30.0
3,2,11.267054
3,3,15.386451
3,4,18.251488
3,5,19.970638
3,6,20.897617
3,7,21.322186
3,8,21.5052
3,9,21.603924
4,0,0.0
4,1,7.091329
4,10,25.619396
4,11,25.804821
4,12,26.219963
4,13,26.996725
4,14,28.284784
4,15,30.0
4,2,13.348203
4,3,18.253332
4,4,21.609314
4,5,23.655636
4,6,24.72793
4,7,25.228954
4,8,25.432636
4,9,25.523882
5,0,0.0
5,1,7.7675333
5,10,27.939161
5,11,28.042652
5,12,28.24568
5,13,28.633595
5,14,29.229908
5,15,30.0
5,2,14.6387415
5,3,19.982018
5,4,23.666264
5,5,25.876417
5,6,27.04914
5,7,27.583103
5,8,27.798489
5,9,27.883121
6,0,0.0
6,1,8.152439
6,10,29.194956
6,11,29.236237
6,12,29.323723
6,13,29.47283
6,14,29.708603
6,15,30.0
6,2,15.342913
6,3,20.95009
6,4,24.783667
6,5,27.096416
6,6,28.307192
6,7,28.86207
6,8,29.080639
6,9,29.157972
7,0,0.0
7,1,8.382486
7,10,29.909191
7,11,29.920506
7,12,29.92806
7,13,29.947418
7,14,29.969147
7,15,30.0
7,2,15.77722
7,3,21.516489
7,4,25.445694
7,5,27.797752
7,6,29.032604
7,7,29.593117
7,8,29.813175
7,9,29.887657
8,0,0.0
8,1,8.644686
8,10,30.627148
8,11,30.59945
8,12,30.538113
8,13,30.412884
8,14,30.231344
8,15,30.0
8,2,16.242683
8,3,22.126541
8,4,26.124634
8,5,28.515709
8,6,29.761166
8,7,30.326653
8,8,30.546711
8,9,30.61622
9,0,0.0
9,1,9.167642
9,10,31.974886
9,11,31.88941
9,12,31.678078
9,13,31.307577
9,14,30.72381
9,15,30.0
9,2,17.177662
9,3,23.304443
9,4,27.43684
9,5,29.876345
9,6,31.143124
9,7,31.712257
9,8,31.930824
9,9,31.993904
