0,0,0.0
0,1,0.0
0,10,0.0
0,11,0.0
0,12,0.0
0,13,0.0
0,14,0.0
0,15,30.0
0,2,0.0
0,3,0.0
0,4,0.0
0,5,0.0
0,6,0.0
0,7,0.0
0,8,0.0
0,9,0.0
1,0,0.0
1,1,0.63568425
1,10,5.176536
1,11,5.9455886
1,12,7.235817
1,13,9.73656
1,14,15.342287
1,15,30.0
1,2,1.2555909
1,3,1.8458227
1,4,2.396065
1,5,2.9010615
1,6,3.3620439
1,7,3.7885785
1,8,4.201775
1,9,4.6407185
10,0,0.0
10,1,11.119957
10,10,49.448746
10,11,47.824127
10,12,45.03059
10,13,41.015297
10,14,35.873936
10,15,30.0
10,2,21.1944
10,3,29.671425
10,4,36.440998
10,5,41.626167
10,6,45.42169
10,7,48.007133
10,8,49.509537
10,9,49.99106
11,0,0.0
11,1,14.543728
11,10,57.06359
11,11,54.924507
11,12,51.284588
11,13,45.885933
11,14,38.636612
11,15,30.0
11,2,27.11626
11,3,37.072914
11,4,44.574673
11,5,50.036873
11,6,53.861835
11,7,56.35016
11,8,57.684853
11,9,57.93565
12,0,0.0
12,1,19.938694
12,10,65.94548
12,11,63.525723
12,12,59.297348
12,13,52.607227
12,14,42.78658
12,15,30.0
12,2,35.654007
12,3,46.929302
12,4,54.747932
12,5,60.08481
12,6,63.63865
12,7,65.84681
12,8,66.9441
12,9,67.0031
13,0,0.0
13,1,29.557043
13,10,76.1895
13,11,73.93557
13,12,69.77185
13,13,62.459064
13,14,49.90248
13,15,30.0
13,2,48.631783
13,3,60.24237
13,4,67.40294
13,5,71.9158
13,6,74.76115
13,7,76.454346
13,8,77.241646
13,9,77.18718
14,0,0.0
14,1,49.657692
14,10,87.68979
14,11,86.2552
14,12,83.39544
14,13,77.5547
14,14,64.364296
14,15,30.0
14,2,69.07372
14,3,78.00544
14,4,82.70567
14,5,85.414314
14,6,87.035805
14,7,87.96778
14,8,88.380974
14,9,88.31448
15,0,0.0
15,1,100.0
15,10,100.0
15,11,100.0
15,12,100.0
15,13,100.0
15,14,100.0
15,15,30.0
15,2,100.0
15,3,100.0
15,4,100.0
15,5,100.0
15,6,100.0
15,7,100.0
15,8,100.0
15,9,100.0
2,0,0.0
2,1,1.2871469
2,10,10.119841
2,11,11.370003
2,12,13.261123
2,13,16.368135
2,14,21.63259
2,15,30.0
2,2,2.540858
2,3,3.7316377
2,4,4.837379
2,5,5.8461423
2,6,6.7585373
2,7,7.590502
2,8,8.377804
2,9,9.18457
3,0,0.0
3,1,1.972047
3,10,14.7482605
3,11,16.15347
3,12,18.070538
3,13,20.842281
3,14,24.819933
3,15,30.0
3,2,3.8890605
3,3,5.7024956
3,4,7.375677
3,5,8.887596
3,6,10.235473
3,7,11.43709
3,8,12.534382
3,9,13.59992
4,0,0.0
4,1,2.7119832
4,10,19.119825
4,11,20.425074
4,12,22.025291
4,13,24.110516
4,14,26.804867
4,15,30.0
4,2,5.340847
4,3,7.8136134
4,4,10.075245
4,5,12.093105
4,6,13.858673
4,7,15.38802
4,8,16.722721
4,9,17.932484
5,0,0.0
5,1,3.5350416
5,10,23.373493
5,11,24.40173
5,12,25.49504
5,13,26.769636
5,14,28.28902
5,15,30.0
5,2,6.948735
5,3,10.135877
5,4,13.018596
5,5,15.550919
5,6,17.71811
5,7,19.533607
5,8,21.036013
5,9,22.287483
6,0,0.0
6,1,4.479452
6,10,27.684954
6,11,28.313309
6,12,28.783524
6,13,29.18397
6,14,29.581583
6,15,30.0
6,2,8.783185
6,3,12.7625675
6,4,16.312359
6,5,19.373878
6,6,21.929253
6,7,23.99231
6,8,25.600254
6,9,26.807964
7,0,0.0
7,1,5.5995865
7,10,32.24506
7,11,32.383045
7,12,32.141777
7,13,31.601147
7,14,30.853348
7,15,30.0
7,2,10.94199
7,3,15.818864
7,4,20.094404
7,5,23.703003
7,6,26.632732
7,7,28.906145
7,8,30.564743
7,9,31.659187
8,0,0.0
8,1,6.976906
8,10,37.253075
8,11,36.83205
8,12,35.799416
8,13,34.22549
8,14,32.230667
8,15,30.0
8,2,13.566338
8,3,19.4765
8,4,24.543411
8,5,28.711016
8,6,31.992542
8,7,34.43481
8,8,36.09341
8,9,37.018997
9,0,0.0
9,1,8.741705
9,10,42.916206
9,11,41.89268
9,12,39.998352
9,13,37.270744
9,14,33.843834
9,15,30.0
9,2,16.869957
9,3,23.977402
9,4,29.891731
9,5,34.605133
9,6,38.191624
9,7,40.74717
9,8,42.35511
9,9,43.07034
