0,0,0.0
0,1,0.0
0,10,0.0
0,11,0.0
0,12,0.0
0,13,0.0
0,14,0.0
0,15,30.0
0,2,0.0
0,3,0.0
0,4,0.0
0,5,0.0
0,6,0.0
0,7,0.0
0,8,0.0
0,9,0.0
1,0,0.0
1,1,0.94168544
1,10,5.8543315
1,11,6.483046
1,12,7.634055
1,13,9.998531
1,14,15.472244
1,15,30.0
1,2,1.8386123
1,3,2.6546183
1,4,3.3616617
1,5,3.9514432
1,6,4.4261866
1,7,4.8084674
1,8,5.132209
1,9,5.452734
10,0,0.0
10,1,10.59675
10,10,44.868614
10,11,43.699608
10,12,41.6419
10,13,38.609364
10,14,34.62371
10,15,30.0
10,2,20.11484
10,3,27.978193
10,4,34.085358
10,5,38.584538
10,6,41.730755
10,7,43.770203
10,8,44.903633
10,9,45.258194
11,0,0.0
11,1,13.903076
11,10,52.33629
11,11,50.695366
11,12,47.83329
11,13,43.441406
11,14,37.37091
11,15,30.0
11,2,25.813124
11,3,35.079193
11,4,41.867897
11,5,46.631905
11,6,49.820923
11,7,51.801308
11,8,52.81969
11,9,52.997505
12,0,0.0
12,1,19.303202
12,10,61.670692
12,11,59.723007
12,12,56.20115
12,13,50.422173
12,14,41.655212
12,15,30.0
12,2,34.373413
12,3,44.989548
12,4,52.15138
12,5,56.859478
12,6,59.859734
12,7,61.639366
12,8,62.484795
12,9,62.513824
13,0,0.0
13,1,29.050194
13,10,72.951805
13,11,71.06087
13,12,67.4388
13,13,60.812893
13,14,49.051994
13,15,30.0
13,2,47.61326
13,3,58.71065
13,4,65.365395
13,5,69.40505
13,6,71.83937
13,7,73.221954
13,8,73.835464
13,9,73.77195
14,0,0.0
14,1,49.376884
14,10,85.9442
14,11,84.70916
14,12,82.14075
14,13,76.671196
14,14,63.907444
14,15,30.0
14,2,68.51128
14,3,77.161316
14,4,81.587776
14,5,84.04131
14,6,85.44434
14,7,86.21306
14,8,86.536804
14,9,86.470894
15,0,0.0
15,1,100.0
15,10,100.0
15,11,100.0
15,12,100.0
15,13,100.0
15,14,100.0
15,15,30.0
15,2,100.0
15,3,100.0
15,4,100.0
15,5,100.0
15,6,100.0
15,7,100.0
15,8,100.0
15,9,100.0
2,0,0.0
2,1,1.850465
2,10,11.303383
2,11,12.29994
2,12,13.942923
2,13,16.814102
2,14,21.852264
2,15,30.0
2,2,3.6144686
2,3,5.2147818
2,4,6.604471
2,5,7.756636
2,6,8.684727
2,7,9.421689
2,8,10.035196
2,9,10.617306
3,0,0.0
3,1,2.7050774
3,10,16.125013
3,11,17.209356
3,12,18.829151
3,13,21.328371
3,14,25.057083
3,15,30.0
3,2,5.2796082
3,3,7.617554
3,4,9.637733
3,5,11.313801
3,6,12.649397
3,7,13.700125
3,8,14.54555
3,9,15.303481
4,0,0.0
4,1,3.4984617
4,10,20.288792
4,11,21.270462
4,12,22.594547
4,13,24.456501
4,14,26.966297
4,15,30.0
4,2,6.828222
4,3,9.84045
4,4,12.442991
4,5,14.584406
4,6,16.283619
4,7,17.592321
4,8,18.610706
4,9,19.460201
5,0,0.0
5,1,4.253788
5,10,23.921696
5,11,24.684994
5,12,25.604519
5,13,26.786879
5,14,28.28075
5,15,30.0
5,2,8.292351
5,3,11.940813
5,4,15.070742
5,5,17.637619
5,6,19.645794
5,7,21.167675
5,8,22.301104
5,9,23.173237
6,0,0.0
6,1,5.0178223
6,10,27.2579
6,11,27.742231
6,12,28.20178
6,13,28.718527
6,14,29.32327
6,15,30.0
6,2,9.772134
6,3,14.038677
6,4,17.68104
6,5,20.632412
6,6,22.918411
6,7,24.606934
6,8,25.811338
6,9,26.654095
7,0,0.0
7,1,5.878502
7,10,30.62576
7,11,30.774323
7,12,30.734697
7,13,30.558006
7,14,30.299881
7,15,30.0
7,2,11.417925
7,3,16.352924
7,4,20.511627
7,5,23.845
7,6,26.377018
7,7,28.203735
7,8,29.44029
7,9,30.209892
8,0,0.0
8,1,6.957643
8,10,34.403854
8,11,34.16893
8,12,33.55279
8,13,32.60302
8,14,31.379023
8,15,30.0
8,2,13.462942
8,3,19.171019
8,4,23.906237
8,5,27.623095
8,6,30.391708
8,7,32.32559
8,8,33.56215
8,9,34.22458
9,0,0.0
9,1,8.439646
9,10,39.016045
9,11,38.33084
9,12,37.04872
9,13,35.16046
9,14,32.745094
9,15,30.0
9,2,16.214066
9,3,22.885624
9,4,28.269651
9,5,32.39056
9,6,35.37069
9,7,37.383186
9,8,38.587593
9,9,39.10637
