0,0,0.0
0,1,0.0
0,10,0.0
0,11,0.0
0,12,0.0
0,13,0.0
0,14,0.0
0,15,30.0
0,2,0.0
0,3,0.0
0,4,0.0
0,5,0.0
0,6,0.0
0,7,0.0
0,8,0.0
0,9,0.0
1,0,0.0
1,1,0.63537407
1,10,5.1752434
1,11,5.944479
1,12,7.2349396
1,13,9.735952
1,14,15.341976
1,15,30.0
1,2,1.2549841
1,3,1.8449459
1,4,2.3949566
1,5,2.8997695
1,6,3.3606243
1,7,3.7870946
1,8,4.2002907
1,9,4.6392994
10,0,0.0
10,1,11.118663
10,10,49.443348
10,11,47.819496
10,12,45.02693
10,13,41.012764
10,14,35.872643
10,15,30.0
10,2,21.191868
10,3,29.667767
10,4,36.43637
10,5,41.620777
10,6,45.415764
10,7,48.00094
10,8,49.50334
10,9,49.985138
11,0,0.0
11,1,14.542617
11,10,57.05896
11,11,54.920532
11,12,51.281452
11,13,45.88376
11,14,38.635498
11,15,30.0
11,2,27.11409
11,3,37.069775
11,4,44.57071
11,5,50.03224
11,6,53.856754
11,7,56.344837
11,8,57.679543
11,9,57.93056
12,0,0.0
12,1,19.937817
12,10,65.94182
12,11,63.522583
12,12,59.29486
12,13,52.605515
12,14,42.785698
12,15,30.0
12,2,35.65229
12,3,46.926826
12,4,54.744793
12,5,60.08116
12,6,63.63463
12,7,65.842606
12,8,66.939896
12,9,66.999084
13,0,0.0
13,1,29.556435
13,10,76.18697
13,11,73.933395
13,12,69.770134
13,13,62.45788
13,14,49.90188
13,15,30.0
13,2,48.6306
13,3,60.24065
13,4,67.40077
13,5,71.91327
13,6,74.75838
13,7,76.45144
13,8,77.23874
13,9,77.1844
14,0,0.0
14,1,49.657387
14,10,87.6885
14,11,86.25409
14,12,83.39456
14,13,77.55409
14,14,64.36398
14,15,30.0
14,2,69.07312
14,3,78.00457
14,4,82.70457
14,5,85.413025
14,6,87.03439
14,7,87.96629
14,8,88.37949
14,9,88.313065
15,0,0.0
15,1,100.0
15,10,100.0
15,11,100.0
15,12,100.0
15,13,100.0
15,14,100.0
15,15,30.0
15,2,100.0
15,3,100.0
15,4,100.0
15,5,100.0
15,6,100.0
15,7,100.0
15,8,100.0
15,9,100.0
2,0,0.0
2,1,1.2865403
2,10,10.1173115
2,11,11.367833
2,12,13.259406
2,13,16.36695
2,14,21.63198
2,15,30.0
2,2,2.5396712
2,3,3.7299223
2,4,4.83521
2,5,5.8436136
2,6,6.755761
2,7,7.587597
2,8,8.374901
2,9,9.181793
3,0,0.0
3,1,1.9711702
3,10,14.744606
3,11,16.15033
3,12,18.068058
3,13,20.840563
3,14,24.819057
3,15,30.0
3,2,3.8873448
3,3,5.7000155
3,4,7.372542
3,5,8.883942
3,6,10.231459
3,7,11.432894
3,8,12.530185
3,9,13.595907
4,0,0.0
4,1,2.710874
4,10,19.115204
4,11,20.42111
4,12,22.022152
4,13,24.108345
4,14,26.803757
4,15,30.0
4,2,5.338677
4,3,7.810478
4,4,10.0712805
4,5,12.088485
4,6,13.853599
4,7,15.382713
4,8,16.717415
4,9,17.92741
5,0,0.0
5,1,3.533749
5,10,23.368107
5,11,24.397102
5,12,25.491386
5,13,26.767105
5,14,28.287727
5,15,30.0
5,2,6.9462066
5,3,10.13222
5,4,13.013976
5,5,15.545534
5,6,17.712196
5,7,19.527424
5,8,21.029827
5,9,22.281569
6,0,0.0
6,1,4.478032
6,10,27.679035
6,11,28.308231
6,12,28.779507
6,13,29.181189
6,14,29.580164
6,15,30.0
6,2,8.780407
6,3,12.758554
6,4,16.307283
6,5,19.367966
6,6,21.922756
6,7,23.985516
6,8,25.593458
6,9,26.801468
7,0,0.0
7,1,5.598101
7,10,32.238873
7,11,32.37773
7,12,32.137577
7,13,31.59824
7,14,30.85186
7,15,30.0
7,2,10.939085
7,3,15.814663
7,4,20.089098
7,5,23.696817
7,6,26.625938
7,7,28.899036
7,8,30.557638
7,9,31.65239
8,0,0.0
8,1,6.9754205
8,10,37.24688
8,11,36.826736
8,12,35.795216
8,13,34.22258
8,14,32.22918
8,15,30.0
8,2,13.56343
8,3,19.4723
8,4,24.538097
8,5,28.70483
8,6,31.985744
8,7,34.427704
8,8,36.0863
8,9,37.0122
9,0,0.0
9,1,8.740284
9,10,42.910286
9,11,41.887596
9,12,39.99433
9,13,37.267963
9,14,33.842415
9,15,30.0
9,2,16.867178
9,3,23.973381
9,4,29.886652
9,5,34.599213
9,6,38.185123
9,7,40.740364
9,8,42.34831
9,9,43.06383
