0,0,0.0
0,1,0.0
0,2,0.0
0,3,0.0
0,4,0.0
0,5,0.0
0,6,0.0
0,7,30.0
1,0,0.0
1,1,2.931542
1,2,5.5226655
1,3,7.6411514
1,4,9.482873
1,5,11.770498
1,6,16.540424
1,7,30.0
2,0,0.0
2,1,6.1975183
2,2,11.504535
2,3,15.558512
2,4,18.527237
2,5,21.071054
2,6,24.403072
2,7,30.0
3,0,0.0
3,1,10.352055
3,2,18.758686
3,3,24.591732
3,4,28.049366
3,5,29.642769
3,6,30.034576
3,7,30.0
4,0,0.0
4,1,16.491129
4,2,28.65443
4,3,36.117188
4,4,39.57482
4,5,39.538517
4,6,36.17365
4,7,30.0
5,0,0.0
5,1,27.023628
5,2,43.392937
5,3,51.838795
5,4,54.807518
5,5,52.959457
5,6,45.229183
5,7,30.0
6,0,0.0
6,1,48.294487
6,2,66.207855
6,3,73.24956
6,4,75.09128
6,5,72.45569
6,6,61.903374
6,7,30.0
7,0,0.0
7,1,100.0
7,2,100.0
7,3,100.0
7,4,100.0
7,5,100.0
7,6,100.0
7,7,30.0
