0,0,0.0
0,1,0.0
0,10,0.0
0,11,0.0
0,12,0.0
0,13,0.0
0,14,0.0
0,15,30.0
0,2,0.0
0,3,0.0
0,4,0.0
0,5,0.0
0,6,0.0
0,7,0.0
0,8,0.0
0,9,0.0
1,0,0.0
1,1,0.6356828
1,10,5.176531
1,11,5.9455833
1,12,7.2358136
1,13,9.736557
1,14,15.342285
1,15,30.0
1,2,1.2555883
1,3,1.8458188
1,4,2.39606
1,5,2.9010556
1,6,3.3620372
1,7,3.7885716
1,8,4.201768
1,9,4.6407123
10,0,0.0
10,1,11.119951
10,10,49.448723
10,11,47.82411
10,12,45.03058
10,13,41.015285
10,14,35.87393
10,15,30.0
10,2,21.19439
10,3,29.671408
10,4,36.44098
10,5,41.62614
10,6,45.42166
10,7,48.007103
10,8,49.50951
10,9,49.991035
11,0,0.0
11,1,14.543724
11,10,57.063572
11,11,54.92449
11,12,51.284576
11,13,45.885918
11,14,38.636604
11,15,30.0
11,2,27.116253
11,3,37.072903
11,4,44.574654
11,5,50.03685
11,6,53.861813
11,7,56.350136
11,8,57.68483
11,9,57.93563
12,0,0.0
12,1,19.93869
12,10,65.94546
12,11,63.525703
12,12,59.297333
12,13,52.607216
12,14,42.786575
12,15,30.0
12,2,35.654003
12,3,46.92929
12,4,54.747913
12,5,60.084793
12,6,63.638634
12,7,65.84679
12,8,66.944084
12,9,67.00308
13,0,0.0
13,1,29.55704
13,10,76.18949
13,11,73.935555
13,12,69.771835
13,13,62.459053
13,14,49.90248
13,15,30.0
13,2,48.631775
13,3,60.242355
13,4,67.40292
13,5,71.91579
13,6,74.76114
13,7,76.45433
13,8,77.24164
13,9,77.18717
14,0,0.0
14,1,49.657692
14,10,87.68979
14,11,86.25519
14,12,83.39543
14,13,77.554695
14,14,64.36429
14,15,30.0
14,2,69.07372
14,3,78.00544
14,4,82.705666
14,5,85.41431
14,6,87.035805
14,7,87.96778
14,8,88.380974
14,9,88.31448
15,0,0.0
15,1,100.0
15,10,100.0
15,11,100.0
15,12,100.0
15,13,100.0
15,14,100.0
15,15,30.0
15,2,100.0
15,3,100.0
15,4,100.0
15,5,100.0
15,6,100.0
15,7,100.0
15,8,100.0
15,9,100.0
2,0,0.0
2,1,1.2871443
2,10,10.119829
2,11,11.369993
2,12,13.261116
2,13,16.368132
2,14,21.632586
2,15,30.0
2,2,2.5408528
2,3,3.73163
2,4,4.8373685
2,5,5.8461304
2,6,6.758525
2,7,7.5904884
2,8,8.377791
2,9,9.184557
3,0,0.0
3,1,1.9720432
3,10,14.748244
3,11,16.153454
3,12,18.070526
3,13,20.842274
3,14,24.819927
3,15,30.0
3,2,3.8890529
3,3,5.702484
3,4,7.375663
3,5,8.88758
3,6,10.235454
3,7,11.437071
3,8,12.534363
3,9,13.599903
4,0,0.0
4,1,2.7119782
4,10,19.119804
4,11,20.425056
4,12,22.025278
4,13,24.110506
4,14,26.804863
4,15,30.0
4,2,5.3408375
4,3,7.813599
4,4,10.075228
4,5,12.093084
4,6,13.85865
4,7,15.387997
4,8,16.722696
4,9,17.93246
5,0,0.0
5,1,3.535036
5,10,23.37347
5,11,24.401707
5,12,25.495026
5,13,26.769627
5,14,28.289013
5,15,30.0
5,2,6.948724
5,3,10.1358595
5,4,13.018576
5,5,15.550894
5,6,17.718082
5,7,19.53358
5,8,21.035984
5,9,22.287458
6,0,0.0
6,1,4.4794455
6,10,27.684927
6,11,28.313286
6,12,28.783504
6,13,29.183956
6,14,29.581577
6,15,30.0
6,2,8.783173
6,3,12.762549
6,4,16.312336
6,5,19.373852
6,6,21.929222
6,7,23.99228
6,8,25.600222
6,9,26.807936
7,0,0.0
7,1,5.59958
7,10,32.245033
7,11,32.383022
7,12,32.14176
7,13,31.601133
7,14,30.85334
7,15,30.0
7,2,10.941977
7,3,15.818844
7,4,20.094381
7,5,23.702976
7,6,26.6327
7,7,28.906113
7,8,30.564713
7,9,31.659157
8,0,0.0
8,1,6.976899
8,10,37.253048
8,11,36.832027
8,12,35.7994
8,13,34.22548
8,14,32.23066
8,15,30.0
8,2,13.566324
8,3,19.47648
8,4,24.543386
8,5,28.710989
8,6,31.992512
8,7,34.434776
8,8,36.09338
8,9,37.018967
9,0,0.0
9,1,8.741699
9,10,42.91618
9,11,41.892662
9,12,39.998337
9,13,37.270733
9,14,33.843826
9,15,30.0
9,2,16.869946
9,3,23.977385
9,4,29.891706
9,5,34.605106
9,6,38.191597
9,7,40.747135
9,8,42.355076
9,9,43.070312
