0,0,0.0
0,1,0.0
0,10,0.0
0,11,0.0
0,12,0.0
0,13,0.0
0,14,0.0
0,15,30.0
0,2,0.0
0,3,0.0
0,4,0.0
0,5,0.0
0,6,0.0
0,7,0.0
0,8,0.0
0,9,0.0
1,0,0.0
1,1,0.633469
1,10,5.1672163
1,11,5.9375815
1,12,7.2294784
1,13,9.73217
1,14,15.340042
1,15,30.0
1,2,1.2512552
1,3,1.8395526
1,4,2.3881302
1,5,2.891804
1,6,3.351864
1,7,3.777919
1,8,4.1911
1,9,4.630497
10,0,0.0
10,1,11.11042
10,10,49.408638
10,11,47.789673
10,12,45.003315
10,13,40.99641
10,14,35.864277
10,15,30.0
10,2,21.175735
10,3,29.644436
10,4,36.40684
10,5,41.586323
10,6,45.377876
10,7,47.961254
10,8,49.4636
10,9,49.947075
11,0,0.0
11,1,14.535515
11,10,57.029053
11,11,54.894833
11,12,51.2611
11,13,45.869663
11,14,38.62829
11,15,30.0
11,2,27.100187
11,3,37.049667
11,4,44.545258
11,5,50.002552
11,6,53.824104
11,7,56.310646
11,8,57.645294
11,9,57.897766
12,0,0.0
12,1,19.932178
12,10,65.918076
12,11,63.50219
12,12,59.27871
12,13,52.59433
12,14,42.77998
12,15,30.0
12,2,35.64126
12,3,46.910866
12,4,54.724594
12,5,60.05759
12,6,63.608715
12,7,65.81547
12,8,66.91272
12,9,66.973045
13,0,0.0
13,1,29.552525
13,10,76.1705
13,11,73.91924
13,12,69.758934
13,13,62.45012
13,14,49.89791
13,15,30.0
13,2,48.622948
13,3,60.229576
13,4,67.386765
13,5,71.896935
13,6,74.7404
13,7,76.43262
13,8,77.21988
13,9,77.16634
14,0,0.0
14,1,49.65538
14,10,87.68007
14,11,86.24684
14,12,83.388824
14,13,77.550125
14,14,64.36195
14,15,30.0
14,2,69.06921
14,3,77.99889
14,4,82.697395
14,5,85.40466
14,6,87.02519
14,7,87.95665
14,8,88.36984
14,9,88.303825
15,0,0.0
15,1,100.0
15,10,100.0
15,11,100.0
15,12,100.0
15,13,100.0
15,14,100.0
15,15,30.0
15,2,100.0
15,3,100.0
15,4,100.0
15,5,100.0
15,6,100.0
15,7,100.0
15,8,100.0
15,9,100.0
2,0,0.0
2,1,1.2828069
2,10,10.101581
2,11,11.354318
2,12,13.248704
2,13,16.359539
2,14,21.62819
2,15,30.0
2,2,2.532364
2,3,3.7193537
2,4,4.8218327
2,5,5.828005
2,6,6.738594
2,7,7.569618
2,8,8.356892
2,9,9.164544
3,0,0.0
3,1,1.9657604
3,10,14.721813
3,11,16.130745
3,12,18.052551
3,13,20.829823
3,14,24.813562
3,15,30.0
3,2,3.8767564
3,3,5.684702
3,4,7.3531585
3,5,8.861324
3,6,10.206584
3,7,11.40684
3,8,12.504089
3,9,13.570912
4,0,0.0
4,1,2.7040095
4,10,19.08628
4,11,20.39626
4,12,22.002476
4,13,24.09472
4,14,26.79679
4,15,30.0
4,2,5.3252416
4,3,7.7910457
4,4,10.046686
4,5,12.059786
4,6,13.822034
4,7,15.349655
4,8,16.684303
4,9,17.895695
5,0,0.0
5,1,3.5257144
5,10,23.334259
5,11,24.36802
5,12,25.468357
5,13,26.751156
5,14,28.279572
5,15,30.0
5,2,6.930481
5,3,10.109478
5,4,12.985189
5,5,15.511942
5,6,17.675251
5,7,19.488731
5,8,20.991074
5,9,22.24445
6,0,0.0
6,1,4.4691653
6,10,27.641682
6,11,28.276136
6,12,28.754093
6,13,29.163593
6,14,29.571163
6,15,30.0
6,2,8.763052
6,3,12.733453
6,4,16.275513
6,5,19.330894
6,6,21.881987
6,7,23.942818
6,8,25.550694
6,9,26.760506
7,0,0.0
7,1,5.5887804
7,10,32.199608
7,11,32.344
7,12,32.110867
7,13,31.57974
7,14,30.842403
7,15,30.0
7,2,10.920841
7,3,15.78828
7,4,20.055702
7,5,23.657848
7,6,26.58308
7,7,28.854153
7,8,30.512684
7,9,31.609335
8,0,0.0
8,1,6.9660497
8,10,37.207413
8,11,36.792824
8,12,35.768364
8,13,34.203987
8,14,32.219673
8,15,30.0
8,2,13.54509
8,3,19.445774
8,4,24.504526
8,5,28.665657
8,6,31.942663
8,7,34.382584
8,8,36.04111
8,9,36.968914
9,0,0.0
9,1,8.7312765
9,10,42.87234
9,11,41.855003
9,12,39.968525
9,13,37.250084
9,14,33.83327
9,15,30.0
9,2,16.849548
9,3,23.947887
9,4,29.854382
9,5,34.561554
9,6,38.143715
9,7,40.696995
9,8,42.304867
9,9,43.022236
