0,0,0.0
0,1,0.0
0,2,0.0
0,3,0.0
0,4,0.0
0,5,0.0
0,6,0.0
0,7,30.0
1,0,0.0
1,1,15.0
1,2,22.5
1,3,22.5
1,4,22.5
1,5,22.5
1,6,22.5
1,7,30.0
2,0,0.0
2,1,22.5
2,2,30.0
2,3,30.0
2,4,30.0
2,5,30.0
2,6,30.0
2,7,30.0
3,0,0.0
3,1,22.5
3,2,30.0
3,3,30.0
3,4,30.0
3,5,30.0
3,6,30.0
3,7,30.0
4,0,0.0
4,1,22.5
4,2,30.0
4,3,30.0
4,4,30.0
4,5,30.0
4,6,30.0
4,7,30.0
5,0,0.0
5,1,22.5
5,2,30.0
5,3,30.0
5,4,30.0
5,5,30.0
5,6,30.0
5,7,30.0
6,0,0.0
6,1,40.0
6,2,47.5
6,3,47.5
6,4,47.5
6,5,47.5
6,6,47.5
6,7,30.0
7,0,0.0
7,1,100.0
7,2,100.0
7,3,100.0
7,4,100.0
7,5,100.0
7,6,100.0
7,7,30.0
