0,0,0.0
0,1,0.0
0,10,0.0
0,11,0.0
0,12,0.0
0,13,0.0
0,14,0.0
0,15,30.0
0,2,0.0
0,3,0.0
0,4,0.0
0,5,0.0
0,6,0.0
0,7,0.0
0,8,0.0
0,9,0.0
1,0,0.0
1,1,0.63535225
1,10,5.1751523
1,11,5.9444013
1,12,7.2348776
1,13,9.735909
1,14,15.341954
1,15,30.0
1,2,1.2549413
1,3,1.8448839
1,4,2.3948781
1,5,2.8996787
1,6,3.3605244
1,7,3.7869897
1,8,4.200186
1,9,4.6391997
10,0,0.0
10,1,11.11857
10,10,49.442966
10,11,47.819168
10,12,45.026672
10,13,41.01259
10,14,35.872547
10,15,30.0
10,2,21.191689
10,3,29.667505
10,4,36.436043
10,5,41.62039
10,6,45.415348
10,7,48.000496
10,8,49.502903
10,9,49.98472
11,0,0.0
11,1,14.542538
11,10,57.05863
11,11,54.92025
11,12,51.281227
11,13,45.883602
11,14,38.63542
11,15,30.0
11,2,27.113934
11,3,37.069553
11,4,44.570423
11,5,50.031918
11,6,53.85639
11,7,56.344463
11,8,57.67916
11,9,57.93021
12,0,0.0
12,1,19.937752
12,10,65.94156
12,11,63.522354
12,12,59.29469
12,13,52.605392
12,14,42.78564
12,15,30.0
12,2,35.652172
12,3,46.926643
12,4,54.744576
12,5,60.080887
12,6,63.634346
12,7,65.8423
12,8,66.9396
12,9,66.998795
13,0,0.0
13,1,29.556396
13,10,76.1868
13,11,73.93324
13,12,69.77001
13,13,62.457794
13,14,49.901833
13,15,30.0
13,2,48.63051
13,3,60.240536
13,4,67.40061
13,5,71.9131
13,6,74.75817
13,7,76.451225
13,8,77.23854
13,9,77.184204
14,0,0.0
14,1,49.657356
14,10,87.688416
14,11,86.25401
14,12,83.3945
14,13,77.55405
14,14,64.36396
14,15,30.0
14,2,69.07308
14,3,78.0045
14,4,82.70449
14,5,85.41293
14,6,87.03429
14,7,87.96619
14,8,88.37939
14,9,88.31297
15,0,0.0
15,1,100.0
15,10,100.0
15,11,100.0
15,12,100.0
15,13,100.0
15,14,100.0
15,15,30.0
15,2,100.0
15,3,100.0
15,4,100.0
15,5,100.0
15,6,100.0
15,7,100.0
15,8,100.0
15,9,100.0
2,0,0.0
2,1,1.2864975
2,10,10.117134
2,11,11.36768
2,12,13.259285
2,13,16.366865
2,14,21.631939
2,15,30.0
2,2,2.5395873
2,3,3.7298012
2,4,4.8350573
2,5,5.8434353
2,6,6.7555656
2,7,7.587393
2,8,8.374696
2,9,9.181597
3,0,0.0
3,1,1.9711082
3,10,14.744349
3,11,16.150108
3,12,18.067883
3,13,20.840443
3,14,24.818993
3,15,30.0
3,2,3.8872237
3,3,5.6998415
3,4,7.3723207
3,5,8.883685
3,6,10.231175
3,7,11.432598
3,8,12.529889
3,9,13.595625
4,0,0.0
4,1,2.7107959
4,10,19.114878
4,11,20.420828
4,12,22.021933
4,13,24.108192
4,14,26.803679
4,15,30.0
4,2,5.338524
4,3,7.8102565
4,4,10.071001
4,5,12.088159
4,6,13.853241
4,7,15.3823395
4,8,16.71704
4,9,17.927052
5,0,0.0
5,1,3.5336578
5,10,23.367723
5,11,24.396778
5,12,25.491125
5,13,26.766926
5,14,28.287636
5,15,30.0
5,2,6.9460278
5,3,10.131964
5,4,13.013649
5,5,15.545155
5,6,17.711779
5,7,19.526987
5,8,21.029392
5,9,22.281155
6,0,0.0
6,1,4.477932
6,10,27.678617
6,11,28.307869
6,12,28.779222
6,13,29.180994
6,14,29.580063
6,15,30.0
6,2,8.7802105
6,3,12.758268
6,4,16.306925
6,5,19.367546
6,6,21.922298
6,7,23.985035
6,8,25.59298
6,9,26.801006
7,0,0.0
7,1,5.5979958
7,10,32.238434
7,11,32.377357
7,12,32.137283
7,13,31.598032
7,14,30.851757
7,15,30.0
7,2,10.938879
7,3,15.814367
7,4,20.08872
7,5,23.69638
7,6,26.625456
7,7,28.898537
7,8,30.557135
7,9,31.65191
8,0,0.0
8,1,6.975315
8,10,37.246445
8,11,36.826363
8,12,35.794914
8,13,34.222378
8,14,32.229076
8,15,30.0
8,2,13.563225
8,3,19.472002
8,4,24.537725
8,5,28.70439
8,6,31.985264
8,7,34.427197
8,8,36.0858
8,9,37.01172
9,0,0.0
9,1,8.740183
9,10,42.909863
9,11,41.887238
9,12,39.99405
9,13,37.26776
9,14,33.84231
9,15,30.0
9,2,16.866982
9,3,23.9731
9,4,29.886292
9,5,34.598793
9,6,38.184666
9,7,40.739887
9,8,42.347824
9,9,43.063377
