0,0,0.0
0,1,0.0
0,10,0.0
0,11,0.0
0,12,0.0
0,13,0.0
0,14,0.0
0,15,30.0
0,2,0.0
0,3,0.0
0,4,0.0
0,5,0.0
0,6,0.0
0,7,0.0
0,8,0.0
0,9,0.0
1,0,0.0
1,1,0.6387586
1,10,5.146863
1,11,5.916011
1,12,7.2097673
1,13,9.717138
1,14,15.331934
1,15,30.0
1,2,1.260687
1,3,1.8511717
1,4,2.3992937
1,5,2.8999867
1,6,3.3547747
1,7,3.774273
1,8,4.1805873
1,9,4.614072
10,0,0.0
10,1,10.992146
10,10,48.73967
10,11,47.19873
10,12,44.524643
10,13,40.659557
10,14,35.69021
10,15,30.0
10,2,20.940784
10,3,29.29622
10,4,35.95227
10,5,41.036163
10,6,44.74868
10,7,47.27529
10,8,48.749073
10,9,49.2373
11,0,0.0
11,1,14.420203
11,10,56.39741
11,11,54.338036
11,12,50.811302
11,13,45.553383
11,14,38.465122
11,15,30.0
11,2,26.871382
11,3,36.71177
11,4,44.10555
11,5,49.472797
11,6,53.22075
11,7,55.655697
11,8,56.965923
11,9,57.22519
12,0,0.0
12,1,19.831865
12,10,65.38054
12,11,63.02947
12,12,58.897156
12,13,52.326492
12,14,42.641792
12,15,30.0
12,2,35.44258
12,3,46.61787
12,4,54.344425
12,5,59.600716
12,6,63.08999
12,7,65.254036
12,8,66.33189
12,9,66.39964
13,0,0.0
13,1,29.478428
13,10,75.77905
13,11,73.57524
13,12,69.4817
13,13,62.25552
13,14,49.797623
13,15,30.0
13,2,48.47623
13,3,60.013588
13,4,67.10686
13,5,71.56123
13,6,74.35994
13,7,76.021614
13,8,76.79553
13,9,76.74799
14,0,0.0
14,1,49.61601
14,10,87.47374
14,11,86.065735
14,12,83.24287
14,13,77.44777
14,14,64.30919
14,15,30.0
14,2,68.99132
14,3,77.88428
14,4,82.54903
14,5,85.22687
14,6,86.82392
14,7,87.73947
14,8,88.14579
14,9,88.08322
15,0,0.0
15,1,100.0
15,10,100.0
15,11,100.0
15,12,100.0
15,13,100.0
15,14,100.0
15,15,30.0
15,2,100.0
15,3,100.0
15,4,100.0
15,5,100.0
15,6,100.0
15,7,100.0
15,8,100.0
15,9,100.0
2,0,0.0
2,1,1.2902571
2,10,10.04982
2,11,11.301928
2,12,13.202011
2,13,16.324568
2,14,21.609447
2,15,30.0
2,2,2.5452814
2,3,3.7339053
2,4,4.833538
2,5,5.832
2,6,6.7312737
2,7,7.5487432
2,8,8.322661
2,9,9.119324
3,0,0.0
3,1,1.9698794
3,10,14.619161
3,11,16.031044
3,12,17.966206
3,13,20.766136
3,14,24.779808
3,15,30.0
3,2,3.8822284
3,3,5.68692
3,4,7.3460016
3,5,8.839333
3,6,10.165268
3,7,11.344715
3,8,12.422563
3,9,13.474926
4,0,0.0
4,1,2.6978126
4,10,18.909199
4,11,20.229748
4,12,21.861162
4,13,23.992077
4,14,26.742733
4,15,30.0
4,2,5.310084
4,3,7.761634
4,4,9.997261
4,5,11.984583
4,6,13.718045
4,7,15.21678
4,8,16.527008
4,9,17.72248
5,0,0.0
5,1,3.5025597
5,10,23.061333
5,11,24.116684
5,12,25.258547
5,13,26.600155
5,14,28.200623
5,15,30.0
5,2,6.881385
5,3,10.030131
5,4,12.870217
5,5,15.35783
5,6,17.480747
5,7,19.257437
5,8,20.73122
5,9,21.969374
6,0,0.0
6,1,4.423792
6,10,27.259094
6,11,27.92923
6,12,28.46738
6,13,28.958992
6,14,29.464535
6,15,30.0
6,2,8.670393
6,3,12.589964
6,4,16.078419
6,5,19.07871
6,6,21.577627
6,7,23.593699
6,8,25.17029
6,9,26.367588
7,0,0.0
7,1,5.5191193
7,10,31.706844
7,11,31.901442
7,12,31.748198
7,13,31.32208
7,14,30.70868
7,15,30.0
7,2,10.780219
7,3,15.575402
7,4,19.769766
7,5,23.301487
7,6,26.162764
7,7,28.382553
7,8,30.008324
7,9,31.096457
8,0,0.0
8,1,6.873499
8,10,36.619457
8,11,36.268867
8,12,35.34102
8,13,33.901806
8,14,32.06306
8,15,30.0
8,2,13.359947
8,3,19.168222
8,4,24.137194
8,5,28.2141
8,6,31.418064
8,7,33.801796
8,8,35.42757
8,9,36.351753
9,0,0.0
9,1,8.6214485
9,10,42.221176
9,11,41.277344
9,12,39.499573
9,13,36.919155
9,14,33.662193
9,15,30.0
9,2,16.630554
9,3,23.622158
9,4,29.42653
9,5,34.0408
9,6,37.544167
9,7,40.039337
9,8,41.615925
9,9,42.334133
