0,0,0.0
0,1,0.0
0,10,0.0
0,11,0.0
0,12,0.0
0,13,0.0
0,14,0.0
0,15,0.0
0,16,0.0
0,17,0.0
0,18,0.0
0,19,0.0
0,2,0.0
0,20,0.0
0,21,0.0
0,22,0.0
0,23,0.0
0,24,0.0
0,25,0.0
0,26,0.0
0,27,0.0
0,28,0.0
0,29,30.0
0,3,0.0
0,4,0.0
0,5,0.0
0,6,0.0
0,7,0.0
0,8,0.0
0,9,0.0
1,0,0.0
1,1,0.56593096
1,10,3.7828727
1,11,3.8935041
1,12,3.9733393
1,13,4.0299625
1,14,4.069594
1,15,4.0981646
1,16,4.1207604
1,17,4.142356
1,18,4.1684113
1,19,4.205445
1,2,1.1152169
1,20,4.262976
1,21,4.354718
1,22,4.5033813
1,23,4.7461452
1,24,5.15064
1,25,5.8466473
1,26,7.114255
1,27,9.632148
1,28,15.282962
1,29,30.0
1,3,1.6331155
1,4,2.106624
1,5,2.5275223
1,6,2.8899682
1,7,3.1936493
1,8,3.4399028
1,9,3.6343622
10,0,0.0
10,1,3.7825525
10,10,25.244629
10,11,25.975378
10,12,26.501453
10,13,26.868805
10,14,27.119133
10,15,27.286345
10,16,27.398203
10,17,27.476406
10,18,27.537811
10,19,27.596567
10,2,7.454413
10,20,27.663929
10,21,27.751348
10,22,27.868252
10,23,28.025248
10,24,28.229784
10,25,28.488749
10,26,28.802761
10,27,29.168253
10,28,29.573147
10,29,30.0
10,3,10.913413
10,4,14.0773735
10,5,16.884836
10,6,19.30422
10,7,21.325916
10,8,22.96691
10,9,24.2579
11,0,0.0
11,1,3.892858
11,10,25.974766
11,11,26.726486
11,12,27.266624
11,13,27.643965
11,14,27.90012
11,15,28.070408
11,16,28.18262
11,17,28.25838
11,18,28.314407
11,19,28.363197
11,2,7.671221
11,20,28.415438
11,21,28.479256
11,22,28.562956
11,23,28.672512
11,24,28.8142
11,25,28.990652
11,26,29.203144
11,27,29.447647
11,28,29.717138
11,29,30.0
11,3,11.231398
11,4,14.486417
11,5,17.376053
11,6,19.864357
11,7,21.945118
11,8,23.632252
11,9,24.960775
12,0,0.0
12,1,3.9720516
12,10,26.499825
12,11,27.265728
12,12,27.81644
12,13,28.20042
12,14,28.460873
12,15,28.633064
12,16,28.745255
12,17,28.819016
12,18,28.870375
12,19,28.911602
12,2,7.8276286
12,20,28.951492
12,21,28.99766
12,22,29.05543
12,23,29.130157
12,24,29.22483
12,25,29.342186
12,26,29.48171
12,27,29.641613
12,28,29.816628
12,29,30.0
12,3,11.459694
12,4,14.781342
12,5,17.72872
12,6,20.26789
12,7,22.389673
12,8,24.111141
12,9,25.465397
13,0,0.0
13,1,4.0274878
13,10,26.865364
13,11,27.641655
13,12,28.199203
13,13,28.588036
13,14,28.851196
13,15,29.024677
13,16,29.136698
13,17,29.208725
13,18,29.256702
13,19,29.291933
13,2,7.93652
13,20,29.323002
13,21,29.355732
13,22,29.39515
13,23,29.444332
13,24,29.506233
13,25,29.581715
13,26,29.671242
13,27,29.772905
13,28,29.883986
13,29,30.0
13,3,11.619433
13,4,14.986668
13,5,17.975294
13,6,20.548834
13,7,22.700188
13,8,24.444538
13,9,25.817514
14,0,0.0
14,1,4.064907
14,10,27.112583
14,11,27.895401
14,12,28.457836
14,13,28.84966
14,14,29.11472
14,15,29.288939
14,16,29.400734
14,17,29.471539
14,18,29.5169
14,19,29.548037
14,2,8.010447
14,20,29.57256
14,21,29.596153
14,22,29.622402
14,23,29.654339
14,24,29.693428
14,25,29.740955
14,26,29.796612
14,27,29.859772
14,28,29.928373
14,29,30.0
14,3,11.727257
14,4,15.125971
14,5,18.14173
14,6,20.73925
14,7,22.909782
14,8,24.670261
14,9,26.05519
15,0,0.0
15,1,4.089549
15,10,27.274342
15,11,28.061695
15,12,28.627062
15,13,29.020964
15,14,29.287134
15,15,29.461832
15,16,29.573433
15,17,29.643303
15,18,29.686947
15,19,29.715126
15,2,8.058817
15,20,29.735382
15,21,29.752567
15,22,29.770245
15,23,29.79042
15,24,29.814737
15,25,29.843666
15,26,29.877525
15,27,29.915588
15,28,29.956944
15,29,30.0
15,3,11.798229
15,4,15.217117
15,5,18.251179
15,6,20.863842
15,7,23.047455
15,8,24.817955
15,9,26.211117
16,0,0.0
16,1,4.105175
16,10,27.377153
16,11,28.16715
16,12,28.734505
16,13,29.129595
16,14,29.396511
16,15,29.571457
16,16,29.6829
16,17,29.752172
16,18,29.79461
16,19,29.820938
16,2,8.089698
16,20,29.83827
16,21,29.851448
16,22,29.863401
16,23,29.87622
16,24,29.890903
16,25,29.908222
16,26,29.928154
16,27,29.950575
16,28,29.974785
16,29,30.0
16,3,11.843233
16,4,15.275262
16,5,18.320585
16,6,20.943232
16,7,23.134758
16,8,24.91194
16,9,26.309998
17,0,0.0
17,1,4.114849
17,10,27.440325
17,11,28.232067
17,12,28.800526
17,13,29.196404
17,14,29.463718
17,15,29.638824
17,16,29.750153
17,17,29.819014
17,18,29.860725
17,19,29.885817
17,2,8.108673
17,20,29.901396
17,21,29.911957
17,22,29.920467
17,23,29.928583
17,24,29.937456
17,25,29.947508
17,26,29.959023
17,27,29.971819
17,28,29.985645
17,29,30.0
17,3,11.871077
17,4,15.310988
17,5,18.363478
17,6,20.992012
17,7,23.188637
17,8,24.96969
17,9,26.370941
18,0,0.0
18,1,4.1206074
18,10,27.478024
18,11,28.270706
18,12,28.83988
18,13,29.236168
18,14,29.503746
18,15,29.67892
18,16,29.790174
18,17,29.858795
18,18,29.900034
18,19,29.924416
18,2,8.120055
18,20,29.938873
18,21,29.947926
18,22,29.954277
18,23,29.959667
18,24,29.964977
18,25,29.970789
18,26,29.977238
18,27,29.984385
18,28,29.992044
18,29,30.0
18,3,11.88765
18,4,15.332401
18,5,18.38901
18,6,21.021204
18,7,23.22071
18,8,25.0042
18,9,26.407217
19,0,0.0
19,1,4.123955
19,10,27.499754
19,11,28.293028
19,12,28.862566
19,13,29.259117
19,14,29.52682
19,15,29.702042
19,16,29.813248
19,17,29.881718
19,18,29.922695
19,19,29.946632
19,2,8.1266165
19,20,29.960474
19,21,29.968597
19,22,29.973753
19,23,29.9775
19,24,29.980812
19,25,29.98412
19,26,29.987701
19,27,29.991573
19,28,29.995718
19,29,30.0
19,3,11.89728
19,4,15.344745
19,5,18.403826
19,6,21.038036
19,7,23.239292
19,8,25.024096
19,9,26.4282
2,0,0.0
2,1,1.1152167
2,10,7.4550114
2,11,7.6724463
2,12,7.8300405
2,13,7.9412003
2,14,8.019231
2,15,8.075048
2,16,8.118868
2,17,8.160246
2,18,8.209186
2,19,8.278339
2,2,2.198095
2,20,8.384074
2,21,8.551654
2,22,8.818486
2,23,9.2463
2,24,9.935359
2,25,11.060479
2,26,12.930176
2,27,16.09903
2,28,21.483051
2,29,30.0
2,3,3.2181983
2,4,4.1520615
2,5,4.9807057
2,6,5.6957994
2,7,6.293366
2,8,6.7793865
2,9,7.1618223
20,0,0.0
20,1,4.125823
20,10,27.511919
20,11,28.305487
20,12,28.875248
20,13,29.271927
20,14,29.53971
20,15,29.71495
20,16,29.826126
20,17,29.894516
20,18,29.935331
20,19,29.959036
20,2,8.130311
20,20,29.972506
20,21,29.980139
20,22,29.984583
20,23,29.987452
20,24,29.989603
20,25,29.991552
20,26,29.993507
20,27,29.995579
20,28,29.997753
20,29,30.0
20,3,11.902655
20,4,15.3516865
20,5,18.412094
20,6,21.047487
20,7,23.249664
20,8,25.03525
20,9,26.43991
21,0,0.0
21,1,4.1268425
21,10,27.51849
21,11,28.312233
21,12,28.8821
21,13,29.278854
21,14,29.546669
21,15,29.721926
21,16,29.833084
21,17,29.901424
21,18,29.942162
21,19,29.965729
21,2,8.132307
21,20,29.979013
21,21,29.986355
21,22,29.99044
21,23,29.992805
21,24,29.994358
21,25,29.995548
21,26,29.996643
21,27,29.99773
21,28,29.998854
21,29,30.0
21,3,11.905584
21,4,15.355437
21,5,18.416595
21,6,21.052593
21,7,23.255297
21,8,25.041277
21,9,26.446262
22,0,0.0
22,1,4.127375
22,10,27.521938
22,11,28.315758
22,12,28.885687
22,13,29.282475
22,14,29.550312
22,15,29.72557
22,16,29.836723
22,17,29.905039
22,18,29.945732
22,19,29.96923
22,2,8.133362
22,20,29.982407
22,21,29.989616
22,22,29.993492
22,23,29.995613
22,24,29.99683
22,25,29.997643
22,26,29.998276
22,27,29.998856
22,28,29.999428
22,29,30.0
22,3,11.907114
22,4,15.357414
22,5,18.418947
22,6,21.05528
22,7,23.258244
22,8,25.044441
22,9,26.449583
23,0,0.0
23,1,4.1276474
23,10,27.523678
23,11,28.317543
23,12,28.8875
23,13,29.284307
23,14,29.552156
23,15,29.727415
23,16,29.838562
23,17,29.906866
23,18,29.947536
23,19,29.971
23,2,8.133893
23,20,29.984127
23,21,29.991257
23,22,29.995045
23,23,29.997025
23,24,29.998089
23,25,29.998697
23,26,29.999102
23,27,29.999426
23,28,29.999718
23,29,30.0
23,3,11.907898
23,4,15.358414
23,5,18.420147
23,6,21.05664
23,7,23.25974
23,8,25.046041
23,9,26.451267
24,0,0.0
24,1,4.127781
24,10,27.524532
24,11,28.318417
24,12,28.88839
24,13,29.285206
24,14,29.553055
24,15,29.728317
24,16,29.83946
24,17,29.907759
24,18,29.94842
24,19,29.971867
24,2,8.134157
24,20,29.984968
24,21,29.992064
24,22,29.995798
24,23,29.997723
24,24,29.998703
24,25,29.999214
24,26,29.999508
24,27,29.999702
24,28,29.999859
24,29,30.0
24,3,11.908279
24,4,15.358908
24,5,18.420732
24,6,21.057308
24,7,23.260475
24,8,25.046825
24,9,26.452091
25,0,0.0
25,1,4.127844
25,10,27.524937
25,11,28.318832
25,12,28.88881
25,13,29.285627
25,14,29.553482
25,15,29.728743
25,16,29.839886
25,17,29.90818
25,18,29.948835
25,19,29.972277
25,2,8.134281
25,20,29.985363
25,21,29.992445
25,22,29.996159
25,23,29.99805
25,24,29.998991
25,25,29.999462
25,26,29.999699
25,27,29.999838
25,28,29.999924
25,29,30.0
25,3,11.908461
25,4,15.359141
25,5,18.421013
25,6,21.057625
25,7,23.26082
25,8,25.0472
25,9,26.45248
26,0,0.0
26,1,4.127873
26,10,27.52512
26,11,28.31902
26,12,28.889
26,13,29.285822
26,14,29.553677
26,15,29.72894
26,16,29.84008
26,17,29.908375
26,18,29.949026
26,19,29.97246
26,2,8.134338
26,20,29.985546
26,21,29.992619
26,22,29.996319
26,23,29.998198
26,24,29.999125
26,25,29.999569
26,26,29.999788
26,27,29.999893
26,28,29.999958
26,29,30.0
26,3,11.908545
26,4,15.359248
26,5,18.421143
26,6,21.05777
26,7,23.260983
26,8,25.04737
26,9,26.45266
27,0,0.0
27,1,4.127886
27,10,27.525204
27,11,28.319105
27,12,28.889084
27,13,29.285908
27,14,29.553764
27,15,29.729025
27,16,29.840168
27,17,29.908459
27,18,29.94911
27,19,29.972546
27,2,8.134363
27,20,29.985626
27,21,29.992695
27,22,29.996391
27,23,29.998264
27,24,29.999182
27,25,29.99962
27,26,29.999826
27,27,29.999924
27,28,29.99997
27,29,30.0
27,3,11.908583
27,4,15.359296
27,5,18.421198
27,6,21.057835
27,7,23.261051
27,8,25.047443
27,9,26.45274
28,0,0.0
28,1,4.1278915
28,10,27.525238
28,11,28.31914
28,12,28.889122
28,13,29.285942
28,14,29.553799
28,15,29.729061
28,16,29.840202
28,17,29.908495
28,18,29.949146
28,19,29.972578
28,2,8.134375
28,20,29.98566
28,21,29.99273
28,22,29.996424
28,23,29.998293
28,24,29.999208
28,25,29.999645
28,26,29.999844
28,27,29.999935
28,28,29.999977
28,29,30.0
28,3,11.908597
28,4,15.359316
28,5,18.421223
28,6,21.057861
28,7,23.261084
28,8,25.047476
28,9,26.452774
29,0,0.0
29,1,4.127894
29,10,27.525251
29,11,28.319155
29,12,28.889135
29,13,29.285957
29,14,29.553812
29,15,29.729073
29,16,29.840218
29,17,29.908508
29,18,29.94916
29,19,29.972595
29,2,8.134379
29,20,29.985674
29,21,29.99274
29,22,29.996437
29,23,29.998306
29,24,29.999218
29,25,29.999653
29,26,29.999851
29,27,29.99994
29,28,29.999979
29,29,30.0
29,3,11.908605
29,4,15.3593235
29,5,18.421232
29,6,21.057875
29,7,23.261093
29,8,25.047491
29,9,26.452787
3,0,0.0
3,1,1.633115
3,10,10.914233
3,11,11.233051
3,12,11.462988
3,13,11.625753
3,14,11.739204
3,15,11.820114
3,16,11.8826685
3,17,11.940304
3,18,12.007154
3,19,12.099178
3,2,3.2181973
3,20,12.238526
3,21,12.454869
3,22,12.794004
3,23,13.3222885
3,24,14.143278
3,25,15.41109
3,26,17.35624
3,27,20.287949
3,28,24.51883
3,29,30.0
3,3,4.7126055
3,4,6.078923
3,5,7.293271
3,6,8.338972
3,7,9.2149515
3,8,9.92527
3,9,10.486019
30,0,0.0
30,1,4.1278944
30,10,27.525259
30,11,28.31916
30,12,28.889143
30,13,29.285965
30,14,29.553816
30,15,29.72908
30,16,29.840221
30,17,29.908516
30,18,29.949167
30,19,29.9726
30,2,8.134381
30,20,29.985683
30,21,29.992746
30,22,29.99644
30,23,29.998308
30,24,29.999226
30,25,29.999657
30,26,29.999855
30,27,29.999943
30,28,29.99998
30,29,30.0
30,3,11.908607
30,4,15.359328
30,5,18.421236
30,6,21.057878
30,7,23.2611
30,8,25.047495
30,9,26.452797
31,0,0.0
31,1,4.1278954
31,10,27.52526
31,11,28.319164
31,12,28.889145
31,13,29.285965
31,14,29.553822
31,15,29.729082
31,16,29.840225
31,17,29.908518
31,18,29.94917
31,19,29.972605
31,2,8.13438
31,20,29.985683
31,21,29.992752
31,22,29.996443
31,23,29.998314
31,24,29.999224
31,25,29.999659
31,26,29.999855
31,27,29.999943
31,28,29.99998
31,29,30.0
31,3,11.908608
31,4,15.359329
31,5,18.421238
31,6,21.05788
31,7,23.2611
31,8,25.047499
31,9,26.452797
32,0,0.0
32,1,4.127895
32,10,27.52526
32,11,28.319164
32,12,28.889145
32,13,29.285967
32,14,29.553822
32,15,29.729084
32,16,29.840225
32,17,29.90852
32,18,29.949171
32,19,29.972603
32,2,8.134382
32,20,29.985687
32,21,29.992748
32,22,29.996445
32,23,29.998312
32,24,29.999228
32,25,29.999657
32,26,29.999857
32,27,29.999943
32,28,29.99998
32,29,30.0
32,3,11.9086075
32,4,15.359331
32,5,18.421238
32,6,21.05788
32,7,23.261103
32,8,25.047499
32,9,26.452797
33,0,0.0
33,1,4.127896
33,10,27.52526
33,11,28.319164
33,12,28.889145
33,13,29.285967
33,14,29.553823
33,15,29.729086
33,16,29.840229
33,17,29.90852
33,18,29.949171
33,19,29.972607
33,2,8.134381
33,20,29.985683
33,21,29.992752
33,22,29.996443
33,23,29.998314
33,24,29.999226
33,25,29.999659
33,26,29.999855
33,27,29.999943
33,28,29.99998
33,29,30.0
33,3,11.908609
33,4,15.359329
33,5,18.42124
33,6,21.05788
33,7,23.261105
33,8,25.047499
33,9,26.452797
34,0,0.0
34,1,4.1278954
34,10,27.525263
34,11,28.319164
34,12,28.889145
34,13,29.28597
34,14,29.553823
34,15,29.729086
34,16,29.840229
34,17,29.90852
34,18,29.949171
34,19,29.972607
34,2,8.134382
34,20,29.985687
34,21,29.992752
34,22,29.996449
34,23,29.998312
34,24,29.99923
34,25,29.999657
34,26,29.999857
34,27,29.999943
34,28,29.99998
34,29,30.0
34,3,11.908608
34,4,15.359333
34,5,18.421238
34,6,21.057882
34,7,23.261103
34,8,25.0475
34,9,26.452797
35,0,0.0
35,1,4.127896
35,10,27.52526
35,11,28.319164
35,12,28.889147
35,13,29.28597
35,14,29.553825
35,15,29.729086
35,16,29.840229
35,17,29.90852
35,18,29.949171
35,19,29.972607
35,2,8.134382
35,20,29.985687
35,21,29.992752
35,22,29.996445
35,23,29.998318
35,24,29.999226
35,25,29.999659
35,26,29.999855
35,27,29.999943
35,28,29.99998
35,29,30.0
35,3,11.90861
35,4,15.359329
35,5,18.42124
35,6,21.05788
35,7,23.261105
35,8,25.047499
35,9,26.4528
36,0,0.0
36,1,4.1278954
36,10,27.525265
36,11,28.319164
36,12,28.889149
36,13,29.285969
36,14,29.553825
36,15,29.729086
36,16,29.840229
36,17,29.90852
36,18,29.949171
36,19,29.972607
36,2,8.134382
36,20,29.985685
36,21,29.992752
36,22,29.996445
36,23,29.998312
36,24,29.999228
36,25,29.999659
36,26,29.999857
36,27,29.999943
36,28,29.99998
36,29,30.0
36,3,11.908608
36,4,15.359333
36,5,18.421238
36,6,21.057882
36,7,23.261103
36,8,25.0475
36,9,26.452797
37,0,0.0
37,1,4.127896
37,10,27.52526
37,11,28.319166
37,12,28.889145
37,13,29.28597
37,14,29.553823
37,15,29.729086
37,16,29.840229
37,17,29.90852
37,18,29.949171
37,19,29.972603
37,2,8.134382
37,20,29.985687
37,21,29.99275
37,22,29.996445
37,23,29.998312
37,24,29.999228
37,25,29.999659
37,26,29.999855
37,27,29.999943
37,28,29.99998
37,29,30.0
37,3,11.908609
37,4,15.359329
37,5,18.42124
37,6,21.05788
37,7,23.261105
37,8,25.047499
37,9,26.4528
38,0,0.0
38,1,4.1278954
38,10,27.525265
38,11,28.319164
38,12,28.889149
38,13,29.285967
38,14,29.553825
38,15,29.729086
38,16,29.840229
38,17,29.90852
38,18,29.94917
38,19,29.972607
38,2,8.134382
38,20,29.985683
38,21,29.992752
38,22,29.996443
38,23,29.998312
38,24,29.999226
38,25,29.999659
38,26,29.999855
38,27,29.999943
38,28,29.99998
38,29,30.0
38,3,11.908608
38,4,15.35933
38,5,18.421238
38,6,21.057882
38,7,23.261103
38,8,25.0475
38,9,26.452797
39,0,0.0
39,1,4.1278954
39,10,27.52526
39,11,28.319168
39,12,28.889145
39,13,29.28597
39,14,29.553822
39,15,29.729086
39,16,29.840225
39,17,29.90852
39,18,29.94917
39,19,29.972603
39,2,8.134382
39,20,29.985687
39,21,29.992748
39,22,29.996445
39,23,29.99831
39,24,29.999228
39,25,29.999657
39,26,29.999855
39,27,29.999943
39,28,29.99998
39,29,30.0
39,3,11.908608
39,4,15.359329
39,5,18.421238
39,6,21.057882
39,7,23.261105
39,8,25.0475
39,9,26.4528
4,0,0.0
4,1,2.1066217
4,10,14.078318
4,11,14.488352
4,12,14.785143
4,13,14.994034
4,14,15.139744
4,15,15.242462
4,16,15.320541
4,17,15.390479
4,18,15.468499
4,19,15.573714
4,2,4.152058
4,20,15.7288
4,21,15.966316
4,22,16.329243
4,23,16.880886
4,24,17.705952
4,25,18.921122
4,26,20.667595
4,27,23.091446
4,28,26.259909
4,29,30.0
4,3,6.0789194
4,4,7.842628
4,5,9.407617
4,6,10.757822
4,7,11.886111
4,8,12.803457
4,9,13.525261
40,0,0.0
40,1,4.1278954
40,10,27.525265
40,11,28.319166
40,12,28.889147
40,13,29.285969
40,14,29.553823
40,15,29.729084
40,16,29.840229
40,17,29.90852
40,18,29.949171
40,19,29.972607
40,2,8.134382
40,20,29.985683
40,21,29.992752
40,22,29.996443
40,23,29.998312
40,24,29.999226
40,25,29.999657
40,26,29.999855
40,27,29.999943
40,28,29.99998
40,29,30.0
40,3,11.908608
40,4,15.359329
40,5,18.421238
40,6,21.05788
40,7,23.261103
40,8,25.047503
40,9,26.452799
41,0,0.0
41,1,4.1278954
41,10,27.525263
41,11,28.319164
41,12,28.889147
41,13,29.285967
41,14,29.553822
41,15,29.729084
41,16,29.840229
41,17,29.908522
41,18,29.94917
41,19,29.972603
41,2,8.134382
41,20,29.985683
41,21,29.99275
41,22,29.996445
41,23,29.99831
41,24,29.999226
41,25,29.999657
41,26,29.999855
41,27,29.999943
41,28,29.99998
41,29,30.0
41,3,11.908608
41,4,15.359329
41,5,18.421238
41,6,21.05788
41,7,23.261106
41,8,25.047499
41,9,26.4528
42,0,0.0
42,1,4.1278954
42,10,27.525263
42,11,28.319164
42,12,28.889147
42,13,29.285967
42,14,29.553822
42,15,29.729086
42,16,29.840229
42,17,29.90852
42,18,29.94917
42,19,29.972605
42,2,8.134382
42,20,29.985687
42,21,29.992752
42,22,29.996445
42,23,29.99831
42,24,29.999226
42,25,29.999657
42,26,29.999855
42,27,29.99994
42,28,29.99998
42,29,30.0
42,3,11.908608
42,4,15.35933
42,5,18.421238
42,6,21.057882
42,7,23.261103
42,8,25.0475
42,9,26.452799
43,0,0.0
43,1,4.1278954
43,10,27.525263
43,11,28.319164
43,12,28.889145
43,13,29.285969
43,14,29.553822
43,15,29.729088
43,16,29.840225
43,17,29.908522
43,18,29.94917
43,19,29.972605
43,2,8.134382
43,20,29.985683
43,21,29.992752
43,22,29.996443
43,23,29.998312
43,24,29.999226
43,25,29.999657
43,26,29.999855
43,27,29.999943
43,28,29.99998
43,29,30.0
43,3,11.908608
43,4,15.35933
43,5,18.421238
43,6,21.05788
43,7,23.261103
43,8,25.0475
43,9,26.452799
44,0,0.0
44,1,4.1278954
44,10,27.525263
44,11,28.319164
44,12,28.889147
44,13,29.285967
44,14,29.553823
44,15,29.729084
44,16,29.84023
44,17,29.90852
44,18,29.949171
44,19,29.972605
44,2,8.134381
44,20,29.985687
44,21,29.992748
44,22,29.996445
44,23,29.99831
44,24,29.999226
44,25,29.999657
44,26,29.999855
44,27,29.99994
44,28,29.99998
44,29,30.0
44,3,11.908608
44,4,15.35933
44,5,18.421238
44,6,21.05788
44,7,23.261105
44,8,25.047499
44,9,26.452799
45,0,0.0
45,1,4.127895
45,10,27.525263
45,11,28.319164
45,12,28.889145
45,13,29.285969
45,14,29.553822
45,15,29.729088
45,16,29.840229
45,17,29.908522
45,18,29.949171
45,19,29.972607
45,2,8.134381
45,20,29.985683
45,21,29.992752
45,22,29.99644
45,23,29.998312
45,24,29.999226
45,25,29.999657
45,26,29.999855
45,27,29.999943
45,28,29.999979
45,29,30.0
45,3,11.9086075
45,4,15.359329
45,5,18.421238
45,6,21.05788
45,7,23.261103
45,8,25.0475
45,9,26.452799
46,0,0.0
46,1,4.127895
46,10,27.525263
46,11,28.319164
46,12,28.889145
46,13,29.285967
46,14,29.553825
46,15,29.729084
46,16,29.840229
46,17,29.90852
46,18,29.949173
46,19,29.972605
46,2,8.134381
46,20,29.985687
46,21,29.992748
46,22,29.996445
46,23,29.99831
46,24,29.999226
46,25,29.999657
46,26,29.999855
46,27,29.999943
46,28,29.99998
46,29,30.0
46,3,11.9086075
46,4,15.359329
46,5,18.421238
46,6,21.057882
46,7,23.261105
46,8,25.0475
46,9,26.452799
47,0,0.0
47,1,4.127895
47,10,27.52526
47,11,28.319164
47,12,28.889145
47,13,29.285969
47,14,29.553822
47,15,29.729088
47,16,29.840229
47,17,29.90852
47,18,29.94917
47,19,29.972605
47,2,8.134382
47,20,29.985682
47,21,29.992752
47,22,29.99644
47,23,29.99831
47,24,29.999226
47,25,29.999659
47,26,29.999855
47,27,29.999943
47,28,29.99998
47,29,30.0
47,3,11.9086075
47,4,15.35933
47,5,18.421238
47,6,21.05788
47,7,23.261103
47,8,25.0475
47,9,26.452799
48,0,0.0
48,1,4.1278954
48,10,27.525263
48,11,28.319164
48,12,28.889145
48,13,29.285967
48,14,29.553822
48,15,29.729086
48,16,29.840229
48,17,29.90852
48,18,29.949173
48,19,29.972603
48,2,8.134382
48,20,29.985687
48,21,29.992748
48,22,29.996445
48,23,29.998312
48,24,29.999226
48,25,29.999657
48,26,29.999855
48,27,29.999943
48,28,29.99998
48,29,30.0
48,3,11.908608
48,4,15.35933
48,5,18.421238
48,6,21.057882
48,7,23.261105
48,8,25.0475
48,9,26.452797
49,0,0.0
49,1,4.1278954
49,10,27.52526
49,11,28.319164
49,12,28.889143
49,13,29.285965
49,14,29.553822
49,15,29.729084
49,16,29.840229
49,17,29.90852
49,18,29.94917
49,19,29.972607
49,2,8.134382
49,20,29.985682
49,21,29.99275
49,22,29.99644
49,23,29.99831
49,24,29.999224
49,25,29.999659
49,26,29.999855
49,27,29.999943
49,28,29.99998
49,29,30.0
49,3,11.908608
49,4,15.359329
49,5,18.42124
49,6,21.05788
49,7,23.261103
49,8,25.0475
49,9,26.452799
5,0,0.0
5,1,2.5275168
5,10,16.88583
5,11,17.378063
5,12,17.732725
5,13,17.982952
5,14,18.156158
5,15,18.277466
5,16,18.367641
5,17,18.445366
5,18,18.528877
5,19,18.6369
5,2,4.980695
5,20,18.793253
5,21,19.026386
5,22,19.376425
5,23,19.893024
5,24,20.642647
5,25,21.700993
5,26,23.149553
5,27,25.045067
5,28,27.376747
5,29,30.0
5,3,7.2932587
5,4,9.407606
5,5,11.286322
5,6,12.904123
5,7,14.258837
5,8,15.357332
5,9,16.22405
50,0,0.0
50,1,4.1278954
50,10,27.525265
50,11,28.319164
50,12,28.889145
50,13,29.285965
50,14,29.553822
50,15,29.729084
50,16,29.840229
50,17,29.90852
50,18,29.94917
50,19,29.972603
50,2,8.134382
50,20,29.985685
50,21,29.992748
50,22,29.996443
50,23,29.998312
50,24,29.999226
50,25,29.999657
50,26,29.999855
50,27,29.999943
50,28,29.99998
50,29,30.0
50,3,11.908609
50,4,15.35933
50,5,18.421238
50,6,21.057882
50,7,23.261105
50,8,25.0475
50,9,26.452799
51,0,0.0
51,1,4.127895
51,10,27.525263
51,11,28.319164
51,12,28.889145
51,13,29.285965
51,14,29.553822
51,15,29.729084
51,16,29.840229
51,17,29.908522
51,18,29.94917
51,19,29.972605
51,2,8.134383
51,20,29.985682
51,21,29.992748
51,22,29.996443
51,23,29.99831
51,24,29.999226
51,25,29.999657
51,26,29.999855
51,27,29.99994
51,28,29.99998
51,29,30.0
51,3,11.908608
51,4,15.359331
51,5,18.421238
51,6,21.05788
51,7,23.261103
51,8,25.0475
51,9,26.452797
52,0,0.0
52,1,4.1278954
52,10,27.525263
52,11,28.319164
52,12,28.889145
52,13,29.285967
52,14,29.553822
52,15,29.729086
52,16,29.840229
52,17,29.90852
52,18,29.94917
52,19,29.972603
52,2,8.134382
52,20,29.985683
52,21,29.992748
52,22,29.996445
52,23,29.99831
52,24,29.999226
52,25,29.999657
52,26,29.999853
52,27,29.999943
52,28,29.99998
52,29,30.0
52,3,11.908609
52,4,15.35933
52,5,18.421238
52,6,21.05788
52,7,23.2611
52,8,25.047497
52,9,26.452799
53,0,0.0
53,1,4.1278954
53,10,27.525265
53,11,28.319164
53,12,28.889145
53,13,29.285967
53,14,29.553822
53,15,29.729084
53,16,29.840229
53,17,29.90852
53,18,29.94917
53,19,29.972605
53,2,8.134382
53,20,29.985683
53,21,29.992748
53,22,29.996443
53,23,29.998312
53,24,29.999226
53,25,29.999657
53,26,29.999855
53,27,29.99994
53,28,29.99998
53,29,30.0
53,3,11.908609
53,4,15.35933
53,5,18.421238
53,6,21.05788
53,7,23.2611
53,8,25.0475
53,9,26.452797
54,0,0.0
54,1,4.1278954
54,10,27.52526
54,11,28.319164
54,12,28.889145
54,13,29.285967
54,14,29.553822
54,15,29.729086
54,16,29.840225
54,17,29.90852
54,18,29.94917
54,19,29.972603
54,2,8.134381
54,20,29.985683
54,21,29.992748
54,22,29.996445
54,23,29.99831
54,24,29.999226
54,25,29.999657
54,26,29.999855
54,27,29.999943
54,28,29.99998
54,29,30.0
54,3,11.908609
54,4,15.35933
54,5,18.421238
54,6,21.05788
54,7,23.261105
54,8,25.047497
54,9,26.4528
55,0,0.0
55,1,4.127895
55,10,27.525265
55,11,28.319164
55,12,28.889145
55,13,29.285967
55,14,29.553822
55,15,29.729084
55,16,29.840227
55,17,29.90852
55,18,29.94917
55,19,29.972603
55,2,8.134382
55,20,29.985682
55,21,29.992752
55,22,29.99644
55,23,29.99831
55,24,29.999226
55,25,29.999657
55,26,29.999855
55,27,29.999943
55,28,29.99998
55,29,30.0
55,3,11.908608
55,4,15.35933
55,5,18.421238
55,6,21.057882
55,7,23.261105
55,8,25.0475
55,9,26.452799
56,0,0.0
56,1,4.1278954
56,10,27.525263
56,11,28.319164
56,12,28.889145
56,13,29.285969
56,14,29.553822
56,15,29.729084
56,16,29.840227
56,17,29.908522
56,18,29.949171
56,19,29.972603
56,2,8.134381
56,20,29.985685
56,21,29.99275
56,22,29.996445
56,23,29.99831
56,24,29.999226
56,25,29.999657
56,26,29.999855
56,27,29.999943
56,28,29.99998
56,29,30.0
56,3,11.908608
56,4,15.359329
56,5,18.421238
56,6,21.057882
56,7,23.261105
56,8,25.0475
56,9,26.452799
57,0,0.0
57,1,4.127895
57,10,27.525265
57,11,28.319164
57,12,28.889145
57,13,29.285969
57,14,29.553822
57,15,29.729084
57,16,29.840229
57,17,29.90852
57,18,29.94917
57,19,29.972607
57,2,8.134382
57,20,29.985683
57,21,29.992752
57,22,29.996443
57,23,29.99831
57,24,29.999226
57,25,29.999657
57,26,29.999855
57,27,29.999943
57,28,29.999979
57,29,30.0
57,3,11.908608
57,4,15.359331
57,5,18.421238
57,6,21.057882
57,7,23.261103
57,8,25.0475
57,9,26.452797
58,0,0.0
58,1,4.127896
58,10,27.52526
58,11,28.319166
58,12,28.889145
58,13,29.285969
58,14,29.553822
58,15,29.729088
58,16,29.840225
58,17,29.908522
58,18,29.949171
58,19,29.972603
58,2,8.134381
58,20,29.985687
58,21,29.992748
58,22,29.996445
58,23,29.99831
58,24,29.999226
58,25,29.999657
58,26,29.999855
58,27,29.999943
58,28,29.99998
58,29,30.0
58,3,11.908609
58,4,15.359329
58,5,18.42124
58,6,21.05788
58,7,23.261105
58,8,25.0475
58,9,26.4528
59,0,0.0
59,1,4.127895
59,10,27.525265
59,11,28.319162
59,12,28.889145
59,13,29.285967
59,14,29.553822
59,15,29.729084
59,16,29.840229
59,17,29.90852
59,18,29.94917
59,19,29.972607
59,2,8.134382
59,20,29.985682
59,21,29.99275
59,22,29.99644
59,23,29.99831
59,24,29.999226
59,25,29.999657
59,26,29.999855
59,27,29.999943
59,28,29.999979
59,29,30.0
59,3,11.9086075
59,4,15.359331
59,5,18.421238
59,6,21.057884
59,7,23.261103
59,8,25.0475
59,9,26.452797
6,0,0.0
6,1,2.889954
6,10,19.305162
6,11,19.86631
6,12,20.271736
6,13,20.55627
6,14,20.753098
6,15,20.889193
6,16,20.988176
6,17,21.07021
6,18,21.153528
6,19,21.257524
6,2,5.695774
6,20,21.402567
6,21,21.615334
6,22,21.926397
6,23,22.376328
6,24,23.009384
6,25,23.875721
6,26,25.015821
6,27,26.44894
6,28,28.143543
6,29,30.0
6,3,8.338939
6,4,10.757786
6,5,12.904096
6,6,14.755178
6,7,16.302013
6,8,17.558996
6,9,18.547987
60,0,0.0
60,1,4.1278954
60,10,27.52526
60,11,28.319164
60,12,28.889143
60,13,29.285967
60,14,29.55382
60,15,29.729084
60,16,29.840225
60,17,29.90852
60,18,29.94917
60,19,29.972603
60,2,8.13438
60,20,29.985683
60,21,29.992746
60,22,29.996443
60,23,29.99831
60,24,29.999226
60,25,29.999657
60,26,29.999855
60,27,29.99994
60,28,29.99998
60,29,30.0
60,3,11.908608
60,4,15.359328
60,5,18.42124
60,6,21.05788
60,7,23.261105
60,8,25.047497
60,9,26.4528
61,0,0.0
61,1,4.127895
61,10,27.525263
61,11,28.31916
61,12,28.889145
61,13,29.285967
61,14,29.553822
61,15,29.729084
61,16,29.840229
61,17,29.90852
61,18,29.94917
61,19,29.972605
61,2,8.134381
61,20,29.985683
61,21,29.992748
61,22,29.996443
61,23,29.99831
61,24,29.999226
61,25,29.999657
61,26,29.999855
61,27,29.999943
61,28,29.99998
61,29,30.0
61,3,11.9086075
61,4,15.35933
61,5,18.421238
61,6,21.057882
61,7,23.261103
61,8,25.047503
61,9,26.452797
62,0,0.0
62,1,4.127895
62,10,27.52526
62,11,28.319164
62,12,28.889143
62,13,29.285969
62,14,29.553822
62,15,29.729086
62,16,29.840227
62,17,29.90852
62,18,29.94917
62,19,29.972605
62,2,8.13438
62,20,29.985683
62,21,29.992748
62,22,29.99644
62,23,29.99831
62,24,29.999226
62,25,29.999657
62,26,29.999855
62,27,29.99994
62,28,29.99998
62,29,30.0
62,3,11.908608
62,4,15.359329
62,5,18.421238
62,6,21.05788
62,7,23.261105
62,8,25.047497
62,9,26.452799
63,0,0.0
63,1,4.127895
63,10,27.525265
63,11,28.319164
63,12,28.889145
63,13,29.285967
63,14,29.553823
63,15,29.729084
63,16,29.840229
63,17,29.90852
63,18,29.94917
63,19,29.972605
63,2,8.134381
63,20,29.985683
63,21,29.992748
63,22,29.99644
63,23,29.99831
63,24,29.999226
63,25,29.999657
63,26,29.999855
63,27,29.99994
63,28,29.99998
63,29,30.0
63,3,11.9086075
63,4,15.35933
63,5,18.421238
63,6,21.057882
63,7,23.261103
63,8,25.0475
63,9,26.452797
64,0,0.0
64,1,4.1278954
64,10,27.52526
64,11,28.319168
64,12,28.889145
64,13,29.285969
64,14,29.553822
64,15,29.729086
64,16,29.840227
64,17,29.90852
64,18,29.94917
64,19,29.972605
64,2,8.134381
64,20,29.985683
64,21,29.992748
64,22,29.99644
64,23,29.99831
64,24,29.999226
64,25,29.999657
64,26,29.999855
64,27,29.999943
64,28,29.99998
64,29,30.0
64,3,11.908608
64,4,15.359329
64,5,18.421238
64,6,21.05788
64,7,23.261105
64,8,25.047497
64,9,26.4528
65,0,0.0
65,1,4.127895
65,10,27.525265
65,11,28.319164
65,12,28.889147
65,13,29.285969
65,14,29.553822
65,15,29.729084
65,16,29.840229
65,17,29.90852
65,18,29.949173
65,19,29.972605
65,2,8.134382
65,20,29.985683
65,21,29.99275
65,22,29.99644
65,23,29.99831
65,24,29.999226
65,25,29.999657
65,26,29.999855
65,27,29.999943
65,28,29.99998
65,29,30.0
65,3,11.9086075
65,4,15.35933
65,5,18.421238
65,6,21.057882
65,7,23.261103
65,8,25.047503
65,9,26.452797
66,0,0.0
66,1,4.1278954
66,10,27.525263
66,11,28.319168
66,12,28.889145
66,13,29.285969
66,14,29.553823
66,15,29.729084
66,16,29.840229
66,17,29.90852
66,18,29.94917
66,19,29.972605
66,2,8.134381
66,20,29.985687
66,21,29.992748
66,22,29.99644
66,23,29.99831
66,24,29.999226
66,25,29.999657
66,26,29.999855
66,27,29.999943
66,28,29.99998
66,29,30.0
66,3,11.908608
66,4,15.359329
66,5,18.421238
66,6,21.05788
66,7,23.261105
66,8,25.047497
66,9,26.4528
67,0,0.0
67,1,4.127895
67,10,27.525265
67,11,28.319164
67,12,28.889147
67,13,29.285969
67,14,29.553822
67,15,29.729084
67,16,29.840229
67,17,29.908522
67,18,29.949173
67,19,29.972607
67,2,8.134382
67,20,29.985683
67,21,29.992752
67,22,29.996443
67,23,29.998314
67,24,29.999226
67,25,29.999657
67,26,29.999855
67,27,29.999943
67,28,29.99998
67,29,30.0
67,3,11.9086075
67,4,15.359331
67,5,18.421238
67,6,21.057884
67,7,23.261103
67,8,25.047503
67,9,26.452797
68,0,0.0
68,1,4.1278954
68,10,27.525265
68,11,28.319168
68,12,28.889147
68,13,29.285973
68,14,29.553825
68,15,29.729088
68,16,29.84023
68,17,29.908522
68,18,29.949175
68,19,29.972607
68,2,8.134382
68,20,29.985687
68,21,29.992752
68,22,29.996447
68,23,29.998314
68,24,29.999228
68,25,29.999657
68,26,29.999855
68,27,29.999943
68,28,29.99998
68,29,30.0
68,3,11.908609
68,4,15.359331
68,5,18.421242
68,6,21.057882
68,7,23.261108
68,8,25.0475
68,9,26.4528
69,0,0.0
69,1,4.1278963
69,10,27.525272
69,11,28.31917
69,12,28.889154
69,13,29.285975
69,14,29.55383
69,15,29.729092
69,16,29.840235
69,17,29.90853
69,18,29.949179
69,19,29.972612
69,2,8.134384
69,20,29.98569
69,21,29.992756
69,22,29.996449
69,23,29.998318
69,24,29.99923
69,25,29.99966
69,26,29.999859
69,27,29.999943
69,28,29.99998
69,29,30.0
69,3,11.908611
69,4,15.359335
69,5,18.421242
69,6,21.057888
69,7,23.261108
69,8,25.047508
69,9,26.4528
7,0,0.0
7,1,3.1936178
7,10,21.32675
7,11,21.946856
7,12,22.393167
7,13,22.706871
7,14,22.922338
7,15,23.07019
7,16,23.175175
7,17,23.258287
7,18,23.33833
7,19,23.43248
7,2,6.2933054
7,20,23.560219
7,21,23.741756
7,22,24.003136
7,23,24.371553
7,24,24.879395
7,25,25.554571
7,26,26.419252
7,27,27.473745
7,28,28.6897
7,29,30.0
7,3,9.21487
7,4,11.886021
7,5,14.25875
7,6,16.301952
7,7,18.012077
7,8,19.398735
7,9,20.49207
70,0,0.0
70,1,4.127899
70,10,27.52528
70,11,28.319187
70,12,28.889166
70,13,29.285992
70,14,29.553844
70,15,29.729107
70,16,29.84025
70,17,29.90854
70,18,29.949192
70,19,29.972624
70,2,8.134388
70,20,29.985706
70,21,29.992767
70,22,29.99646
70,23,29.998327
70,24,29.999239
70,25,29.999668
70,26,29.999863
70,27,29.999949
70,28,29.999983
70,29,30.0
70,3,11.908619
70,4,15.359341
70,5,18.421253
70,6,21.057896
70,7,23.261122
70,8,25.047516
70,9,26.45282
71,0,0.0
71,1,4.127904
71,10,27.525318
71,11,28.319218
71,12,28.889204
71,13,29.286022
71,14,29.553879
71,15,29.729143
71,16,29.840286
71,17,29.908579
71,18,29.949226
71,19,29.972658
71,2,8.134399
71,20,29.985737
71,21,29.992802
71,22,29.99649
71,23,29.998356
71,24,29.999262
71,25,29.99969
71,26,29.99988
71,27,29.999958
71,28,29.99999
71,29,30.0
71,3,11.908634
71,4,15.359363
71,5,18.421276
71,6,21.057926
71,7,23.26115
71,8,25.047552
71,9,26.45285
72,0,0.0
72,1,4.1279182
72,10,27.525398
72,11,28.319305
72,12,28.889286
72,13,29.286112
72,14,29.553965
72,15,29.729229
72,16,29.840372
72,17,29.90866
72,18,29.94931
72,19,29.97274
72,2,8.134426
72,20,29.985817
72,21,29.992878
72,22,29.996563
72,23,29.99842
72,24,29.999321
72,25,29.999737
72,26,29.999916
72,27,29.999987
72,28,30.0
72,29,30.0
72,3,11.908672
72,4,15.359412
72,5,18.421335
72,6,21.057991
72,7,23.261225
72,8,25.047626
72,9,26.45293
73,0,0.0
73,1,4.12795
73,10,27.525593
73,11,28.3195
73,12,28.889488
73,13,29.28631
73,14,29.554169
73,15,29.72943
73,16,29.840572
73,17,29.908861
73,18,29.949507
73,19,29.972935
73,2,8.13449
73,20,29.986004
73,21,29.993057
73,22,29.99673
73,23,29.998573
73,24,29.999456
73,25,29.999853
73,26,30.000008
73,27,30.000048
73,28,30.000034
73,29,30.0
73,3,11.908765
73,4,15.3595295
73,5,18.421474
73,6,21.058147
73,7,23.261395
73,8,25.047808
73,9,26.45312
74,0,0.0
74,1,4.128023
74,10,27.526031
74,11,28.319948
74,12,28.889936
74,13,29.286766
74,14,29.55462
74,15,29.729885
74,16,29.841024
74,17,29.909311
74,18,29.949953
74,19,29.97337
74,2,8.134633
74,20,29.986427
74,21,29.993462
74,22,29.997112
74,23,29.998924
74,24,29.999767
74,25,30.000113
74,26,30.00021
74,27,30.000187
74,28,30.000105
74,29,30.0
74,3,11.908973
74,4,15.359795
74,5,18.421787
74,6,21.058502
74,7,23.261778
74,8,25.048218
74,9,26.453545
75,0,0.0
75,1,4.1281834
75,10,27.52699
75,11,28.320925
75,12,28.890926
75,13,29.287758
75,14,29.55562
75,15,29.73088
75,16,29.842018
75,17,29.9103
75,18,29.950928
75,19,29.974327
75,2,8.134946
75,20,29.987356
75,21,29.994352
75,22,29.997946
75,23,29.99969
75,24,30.000444
75,25,30.000683
75,26,30.000658
75,27,30.000492
75,28,30.000261
75,29,30.0
75,3,11.909429
75,4,15.360375
75,5,18.422478
75,6,21.059277
75,7,23.262625
75,8,25.049112
75,9,26.45448
76,0,0.0
76,1,4.128522
76,10,27.529022
76,11,28.322994
76,12,28.893017
76,13,29.289867
76,14,29.55773
76,15,29.732994
76,16,29.84412
76,17,29.912384
76,18,29.952988
76,19,29.976347
76,2,8.135611
76,20,29.989317
76,21,29.996227
76,22,29.999712
76,23,30.001305
76,24,30.001875
76,25,30.00189
76,26,30.001598
76,27,30.001143
76,28,30.000591
76,29,30.0
76,3,11.910392
76,4,15.361607
76,5,18.423931
76,6,21.060919
76,7,23.26441
76,8,25.05101
76,9,26.456457
77,0,0.0
77,1,4.129216
77,10,27.533184
77,11,28.327229
77,12,28.8973
77,13,29.294174
77,14,29.562052
77,15,29.737307
77,16,29.848423
77,17,29.916653
77,18,29.957203
77,19,29.980476
77,2,8.13697
77,20,29.993328
77,21,30.000067
77,22,30.003323
77,23,30.00461
77,24,30.004803
77,25,30.00435
77,26,30.00353
77,27,30.002466
77,28,30.001268
77,29,30.0
77,3,11.912367
77,4,15.364123
77,5,18.426914
77,6,21.064278
77,7,23.26807
77,8,25.054893
77,9,26.460503
78,0,0.0
78,1,4.1305914
78,10,27.54141
78,11,28.335606
78,12,28.905767
78,13,29.302696
78,14,29.570591
78,15,29.745846
78,16,29.856926
78,17,29.925095
78,18,29.965534
78,19,29.988647
78,2,8.139669
78,20,30.001255
78,21,30.007664
78,22,30.010452
78,23,30.01115
78,24,30.01058
78,25,30.009232
78,26,30.00734
78,27,30.005095
78,28,30.002604
78,29,30.0
78,3,11.91628
78,4,15.369118
78,5,18.432821
78,6,21.070934
78,7,23.275309
78,8,25.06258
78,9,26.468506
79,0,0.0
79,1,4.133238
79,10,27.55716
79,11,28.351637
79,12,28.921974
79,13,29.318998
79,14,29.586937
79,15,29.762177
79,16,29.8732
79,17,29.94124
79,18,29.981482
79,19,30.004276
79,2,8.144848
79,20,30.016432
79,21,30.02218
79,22,30.024113
79,23,30.023653
79,24,30.021667
79,25,30.018559
79,26,30.014654
79,27,30.010115
79,28,30.005169
79,29,30.0
79,3,11.923801
79,4,15.3786955
79,5,18.444159
79,6,21.08369
79,7,23.28919
79,8,25.077295
79,9,26.483837
8,0,0.0
8,1,3.4398313
8,10,22.967552
8,11,23.633705
8,12,24.114075
8,13,24.450262
8,14,24.6809
8,15,24.837349
8,16,24.946072
8,17,25.028557
8,18,25.102676
8,19,25.185278
8,2,6.7792535
8,20,25.291748
8,21,25.440088
8,22,25.647915
8,23,25.936707
8,24,26.325403
8,25,26.832739
8,26,27.467058
8,27,28.225471
8,28,29.08404
8,29,30.0
8,3,9.925088
8,4,12.80325
8,5,15.357122
8,6,17.558815
8,7,19.398615
8,8,20.892792
8,9,22.068335
80,0,0.0
80,1,4.1381583
80,10,27.58635
80,11,28.381327
80,12,28.951986
80,13,29.349186
80,14,29.617191
80,15,29.792414
80,16,29.903316
80,17,29.971138
80,18,30.010994
80,19,30.033228
80,2,8.154499
80,20,30.044518
80,21,30.049107
80,22,30.049395
80,23,30.046867
80,24,30.04219
80,25,30.0359
80,26,30.0282
80,27,30.019457
80,28,30.00992
80,29,30.0
80,3,11.93778
80,4,15.3965225
80,5,18.46521
80,6,21.107399
80,7,23.314941
80,8,25.104603
80,9,26.512245
81,0,0.0
81,1,4.1470547
81,10,27.638702
81,11,28.434584
81,12,29.005785
81,13,29.40329
81,14,29.671413
81,15,29.84659
81,16,29.957296
81,17,30.024702
81,18,30.063913
81,19,30.085093
81,2,8.1719
81,20,30.094927
81,21,30.097351
81,22,30.094831
81,23,30.088484
81,24,30.079128
81,25,30.067009
81,26,30.052616
81,27,30.036228
81,28,30.018492
81,29,30.0
81,3,11.963028
81,4,15.428624
81,5,18.503159
81,6,21.150024
81,7,23.361261
81,8,25.153633
81,9,26.563267
82,0,0.0
82,1,4.162628
82,10,27.729712
82,11,28.527061
82,12,29.099195
82,13,29.497194
82,14,29.765507
82,15,29.94061
82,16,30.050943
82,17,30.117685
82,18,30.15572
82,19,30.175203
82,2,8.202412
82,20,30.182402
82,21,30.181286
82,22,30.173737
82,23,30.161007
82,24,30.143349
82,25,30.121326
82,26,30.095114
82,27,30.065556
82,28,30.033422
82,29,30.0
82,3,12.007166
82,4,15.484806
82,5,18.569374
82,6,21.224434
82,7,23.441914
82,8,25.23902
82,9,26.65195
83,0,0.0
83,1,4.1891584
83,10,27.882893
83,11,28.682695
83,12,29.256266
83,13,29.65507
83,14,29.923662
83,15,30.09861
83,16,30.208374
83,17,30.273933
83,18,30.310156
83,19,30.326675
83,2,8.254248
83,20,30.329742
83,21,30.322498
83,22,30.306894
83,23,30.2832
83,24,30.251968
83,25,30.213
83,26,30.167147
83,27,30.115124
83,28,30.058765
83,29,30.0
83,3,12.082227
83,4,15.58004
83,5,18.681646
83,6,21.350214
83,7,23.578247
83,8,25.382996
83,9,26.801472
84,0,0.0
84,1,4.232995
84,10,28.132942
84,11,28.936398
84,12,29.512247
84,13,29.912207
84,14,30.181204
84,15,30.3559
84,16,30.464676
84,17,30.528492
84,18,30.56165
84,19,30.573727
84,2,8.339989
84,20,30.569897
84,21,30.553259
84,22,30.52428
84,23,30.483404
84,24,30.4297
84,25,30.363628
84,26,30.285282
84,27,30.196758
84,28,30.100391
84,29,30.0
84,3,12.205988
84,4,15.737079
84,5,18.866144
84,6,21.556824
84,7,23.801495
84,8,25.618647
84,9,27.045635
85,0,0.0
85,1,4.303589
85,10,28.52842
85,11,29.337444
85,12,29.91646
85,13,30.318123
85,14,30.587633
85,15,30.761845
85,16,30.869202
85,17,30.93016
85,18,30.958942
85,19,30.963873
85,2,8.4776745
85,20,30.949959
85,21,30.9183
85,22,30.869284
85,23,30.80095
85,24,30.712759
85,25,30.603298
85,26,30.47408
85,27,30.327
85,28,30.167053
85,29,30.0
85,3,12.404723
85,4,15.988317
85,5,19.161058
85,6,21.88586
85,7,24.156664
85,8,25.992413
85,9,27.432585
86,0,0.0
86,1,4.414131
86,10,29.13533
86,11,29.951859
86,12,30.535381
86,13,30.939194
86,14,31.209301
86,15,31.382786
86,16,31.48785
86,17,31.54491
86,18,31.566902
86,19,31.561903
86,2,8.693298
86,20,31.532494
86,21,31.479399
86,22,31.399597
86,23,31.290989
86,24,31.149574
86,25,30.97486
86,26,30.766613
86,27,30.529682
86,28,30.27063
86,29,30.0
86,3,12.714804
86,4,16.37981
86,5,19.618637
86,6,22.395489
86,7,24.704638
86,8,26.568207
86,9,28.027006
87,0,0.0
87,1,4.5832214
87,10,30.038305
87,11,30.865063
87,12,31.454073
87,13,31.860603
87,14,32.13123
87,15,32.303417
87,16,32.40544
87,17,32.45665
87,18,32.46971
87,19,32.45008
87,2,9.02205
87,20,32.399734
87,21,32.3151
87,22,32.19237
87,23,32.024117
87,24,31.806189
87,25,31.533775
87,26,31.208858
87,27,30.836037
87,28,30.4278
87,29,30.0
87,3,13.18684
87,4,16.972935
87,5,20.310078
87,6,23.161852
87,7,25.526615
87,8,27.428583
87,9,28.913637
88,0,0.0
88,1,4.8356633
88,10,31.342426
88,11,32.181168
88,12,32.776863
88,13,33.186085
88,14,33.45694
88,15,33.627224
88,16,33.72474
88,17,33.768623
88,18,33.76909
88,19,33.730858
88,2,9.512201
88,20,33.65114
88,21,33.525013
88,22,33.341633
88,23,33.092014
88,24,32.76437
88,25,32.35403
88,26,31.858862
88,27,31.288628
88,28,30.659945
88,29,30.0
88,3,13.887115
88,4,17.849796
88,5,21.326225
88,6,24.283857
88,7,26.723797
88,8,28.678007
88,9,30.196476
89,0,0.0
89,1,5.205332
89,10,33.169464
89,11,34.021946
89,12,34.623974
89,13,35.035587
89,14,35.305824
89,15,35.473038
89,16,35.564987
89,17,35.598923
89,18,35.58438
89,19,35.521397
89,2,10.226719
89,20,35.40557
89,21,35.22393
89,22,34.962833
89,23,34.602413
89,24,34.128044
89,25,33.52517
89,26,32.793087
89,27,31.940556
89,28,30.995926
89,29,30.0
89,3,14.903735
89,4,19.113796
89,5,22.783096
89,6,25.881386
89,7,28.420498
89,8,30.439487
89,9,31.999538
9,0,0.0
9,1,3.6342103
9,10,24.25829
9,11,24.961842
9,12,25.467726
9,13,25.822075
9,14,26.063812
9,15,26.226694
9,16,26.337542
9,17,26.418001
9,18,26.485897
9,19,26.55579
9,2,7.161533
9,20,26.642057
9,21,26.757435
9,22,26.91678
9,23,27.133024
9,24,27.420477
9,25,27.78804
9,26,28.241014
9,27,28.773329
9,28,29.369144
9,29,30.0
9,3,10.48563
9,4,13.524807
9,5,16.223587
9,6,18.547546
9,7,20.49171
9,8,22.06811
9,9,23.310184
90,0,0.0
90,1,5.7370033
90,10,35.65492
90,11,36.519447
90,12,37.126667
90,13,37.538734
90,14,37.80687
90,15,37.969753
90,16,38.0542
90,17,38.07695
90,18,38.043503
90,19,37.952427
90,2,11.250246
90,20,37.791267
90,21,37.54373
90,22,37.183266
90,23,36.684418
90,24,36.01651
90,25,35.16017
90,26,34.10385
90,27,32.862045
90,28,31.471935
90,29,30.0
90,3,16.348465
90,4,20.89694
90,5,24.819618
90,6,28.098934
90,7,30.758194
90,8,32.85441
90,9,34.45939
91,0,0.0
91,1,6.4929667
91,10,38.93611
91,11,39.808666
91,12,40.416203
91,13,40.825596
91,14,41.089005
91,15,41.24545
91,16,41.321415
91,17,41.33069
91,18,41.27765
91,19,41.15384
91,2,12.69417
91,20,40.94387
91,21,40.618492
91,22,40.144413
91,23,39.47605
91,24,38.571766
91,25,37.389263
91,26,35.909756
91,27,34.14039
91,28,32.137177
91,29,30.0
91,3,18.367785
91,4,23.359776
91,5,27.603485
91,6,31.09816
91,7,33.895107
91,8,36.071194
91,9,37.720455
92,0,0.0
92,1,7.56123
92,10,43.142838
92,11,44.01187
92,12,44.612247
92,13,45.012794
92,14,45.26763
92,15,45.41549
92,16,45.481094
92,17,45.477375
92,18,45.403347
92,19,45.24857
92,2,14.7139845
92,20,44.986633
92,21,44.58256
92,22,43.98286
92,23,43.128372
92,24,41.945934
92,25,40.371704
92,26,38.35467
92,27,35.894424
92,28,33.057312
92,29,30.0
92,3,21.150288
92,4,26.703154
92,5,31.32529
92,6,35.05877
92,7,37.9918
92,8,40.239532
92,9,41.91848
93,0,0.0
93,1,9.078089
93,10,48.377384
93,11,49.225716
93,12,49.805283
93,13,50.188686
93,14,50.429474
93,15,50.56556
93,16,50.620594
93,17,50.603756
93,18,50.512947
93,19,50.329742
93,2,17.532484
93,20,50.024467
93,21,49.545883
93,22,48.829407
93,23,47.784294
93,24,46.309464
93,25,44.289104
93,26,41.629368
93,27,38.285652
93,28,34.33168
93,29,30.0
93,3,24.952482
93,4,31.171165
93,5,36.20417
93,6,40.16314
93,7,43.205013
93,8,45.489548
93,9,47.169884
94,0,0.0
94,1,11.271643
94,10,54.70144
94,11,55.50099
94,12,56.04227
94,13,56.396416
94,14,56.616295
94,15,56.737602
94,16,56.781105
94,17,56.754913
94,18,56.651802
94,19,56.45251
94,2,21.496998
94,20,56.117012
94,21,55.588867
94,22,54.78038
94,23,53.579147
94,24,51.832085
94,25,49.363564
94,26,45.984043
94,27,41.56137
94,28,36.120872
94,29,30.0
94,3,30.127747
94,4,37.070175
94,5,42.47575
94,6,46.590244
94,7,49.66279
94,8,51.919807
94,9,53.547806
95,0,0.0
95,1,14.573547
95,10,62.114155
95,11,62.830452
95,12,63.30973
95,13,63.620773
95,14,63.811577
95,15,63.914295
95,16,63.947285
95,17,63.915062
95,18,63.810604
95,19,63.60955
95,2,27.180464
95,20,63.272446
95,21,62.731583
95,22,61.891716
95,23,60.608078
95,24,58.68464
95,25,55.850067
95,26,51.775322
95,27,46.119854
95,28,38.726837
95,29,30.0
95,3,37.186646
95,4,44.771564
95,5,50.3863
95,6,54.48501
95,7,57.44858
95,8,59.568718
95,9,61.06891
96,0,0.0
96,1,19.903656
96,10,70.54313
96,11,71.13382
96,12,71.52588
96,13,71.77786
96,14,71.93105
96,15,72.01196
96,16,72.034775
96,17,72.0032
96,18,71.90792
96,19,71.72807
96,2,35.591606
96,20,71.42229
96,21,70.92793
96,22,70.142075
96,23,68.912155
96,24,66.99788
96,25,64.040276
96,26,59.501896
96,27,52.66136
96,28,42.78937
96,29,30.0
96,3,46.85826
96,4,54.708103
96,5,60.147865
96,6,63.928837
96,7,66.56302
96,8,68.39833
96,9,69.66978
97,0,0.0
97,1,29.505016
97,10,79.832664
97,11,80.256645
97,12,80.53548
97,13,80.71375
97,14,80.82123
97,15,80.877045
97,16,80.891426
97,17,80.865685
97,18,80.79339
97,19,80.65599
97,2,48.534603
97,20,80.42262
97,21,80.03878
97,22,79.419914
97,23,78.42359
97,24,76.8167
97,25,74.19187
97,26,69.82944
97,27,62.43554
97,28,49.872852
97,29,30.0
97,3,60.117455
97,4,67.28345
97,5,71.862045
97,6,74.87308
97,7,76.89479
97,8,78.26651
97,9,79.20036
98,0,0.0
98,1,49.62271
98,10,89.75052
98,11,89.97235
98,12,90.11771
98,13,90.2101
98,14,90.265594
98,15,90.294174
98,16,90.3009
98,17,90.28673
98,18,90.24726
98,19,90.173096
98,2,69.008026
98,20,90.04564
98,21,89.83524
98,22,89.490265
98,23,88.92478
98,24,87.98144
98,25,86.357635
98,26,83.399994
98,27,77.524956
98,28,64.339745
98,29,30.0
98,3,77.91885
98,4,82.617615
98,5,85.35832
98,6,87.0686
98,7,88.18054
98,8,88.920425
98,9,89.41702
99,0,0.0
99,1,100.0
99,10,100.0
99,11,100.0
99,12,100.0
99,13,100.0
99,14,100.0
99,15,100.0
99,16,100.0
99,17,100.0
99,18,100.0
99,19,100.0
99,2,100.0
99,20,100.0
99,21,100.0
99,22,100.0
99,23,100.0
99,24,100.0
99,25,100.0
99,26,100.0
99,27,100.0
99,28,100.0
99,29,30.0
99,3,100.0
99,4,100.0
99,5,100.0
99,6,100.0
99,7,100.0
99,8,100.0
99,9,100.0
