0,0,0.0
0,1,0.0
0,2,0.0
0,3,0.0
0,4,0.0
0,5,0.0
0,6,0.0
0,7,30.0
1,0,0.0
1,1,2.9711008
1,2,5.5983825
1,3,7.746525
1,4,9.598969
1,5,11.871437
1,6,16.59981
1,7,30.0
2,0,0.0
2,1,6.2860327
2,2,11.675926
2,3,15.788772
2,4,18.777945
2,5,21.286991
2,6,24.527813
2,7,30.0
3,0,0.0
3,1,10.497126
3,2,19.030554
3,3,24.95474
3,4,28.4371
3,5,29.970808
3,6,30.224472
3,7,30.0
4,0,0.0
4,1,16.671946
4,2,28.994465
4,3,36.562603
4,4,40.044956
4,5,39.934723
4,6,36.399292
4,7,30.0
5,0,0.0
5,1,27.196217
5,2,43.712814
5,3,52.256294
5,4,55.245476
5,5,53.32388
5,6,45.438
5,7,30.0
6,0,0.0
6,1,48.40013
6,2,66.40431
6,3,73.50435
6,4,75.35679
6,5,72.677376
6,6,62.02884
6,7,30.0
7,0,0.0
7,1,100.0
7,2,100.0
7,3,100.0
7,4,100.0
7,5,100.0
7,6,100.0
7,7,30.0
