0,0,0.0
0,1,0.0
0,10,0.0
0,11,0.0
0,12,0.0
0,13,0.0
0,14,0.0
0,15,30.0
0,2,0.0
0,3,0.0
0,4,0.0
0,5,0.0
0,6,0.0
0,7,0.0
0,8,0.0
0,9,0.0
1,0,0.0
1,1,0.6356751
1,10,5.1764975
1,11,5.9455547
1,12,7.235791
1,13,9.736542
1,14,15.342278
1,15,30.0
1,2,1.255573
1,3,1.845797
1,4,2.3960323
1,5,2.9010236
1,6,3.3620014
1,7,3.7885346
1,8,4.2017303
1,9,4.6406765
10,0,0.0
10,1,11.119919
10,10,49.448586
10,11,47.82399
10,12,45.03048
10,13,41.015224
10,14,35.873894
10,15,30.0
10,2,21.194324
10,3,29.671318
10,4,36.44086
10,5,41.626007
10,6,45.421513
10,7,48.006943
10,8,49.509354
10,9,49.990887
11,0,0.0
11,1,14.543695
11,10,57.06345
11,11,54.924385
11,12,51.2845
11,13,45.885864
11,14,38.636578
11,15,30.0
11,2,27.116196
11,3,37.072823
11,4,44.57456
11,5,50.036736
11,6,53.86169
11,7,56.35
11,8,57.684696
11,9,57.9355
12,0,0.0
12,1,19.938667
12,10,65.945366
12,11,63.525627
12,12,59.297276
12,13,52.60718
12,14,42.786552
12,15,30.0
12,2,35.65396
12,3,46.92923
12,4,54.74784
12,5,60.084705
12,6,63.63853
12,7,65.84669
12,8,66.94398
12,9,67.002975
13,0,0.0
13,1,29.557022
13,10,76.18942
13,11,73.9355
13,12,69.771805
13,13,62.45903
13,14,49.902466
13,15,30.0
13,2,48.63175
13,3,60.242317
13,4,67.40288
13,5,71.915726
13,6,74.76107
13,7,76.454254
13,8,77.24156
13,9,77.1871
14,0,0.0
14,1,49.65768
14,10,87.68975
14,11,86.255165
14,12,83.39542
14,13,77.55469
14,14,64.36429
14,15,30.0
14,2,69.07371
14,3,78.00541
14,4,82.70564
14,5,85.414276
14,6,87.03577
14,7,87.967735
14,8,88.380936
14,9,88.31444
15,0,0.0
15,1,100.0
15,10,100.0
15,11,100.0
15,12,100.0
15,13,100.0
15,14,100.0
15,15,30.0
15,2,100.0
15,3,100.0
15,4,100.0
15,5,100.0
15,6,100.0
15,7,100.0
15,8,100.0
15,9,100.0
2,0,0.0
2,1,1.287129
2,10,10.119764
2,11,11.369939
2,12,13.26107
2,13,16.368103
2,14,21.63257
2,15,30.0
2,2,2.5408235
2,3,3.731587
2,4,4.837315
2,5,5.8460674
2,6,6.7584553
2,7,7.5904145
2,8,8.377718
2,9,9.184486
3,0,0.0
3,1,1.9720213
3,10,14.748153
3,11,16.153372
3,12,18.070465
3,13,20.842228
3,14,24.819908
3,15,30.0
3,2,3.8890102
3,3,5.702423
3,4,7.3755846
3,5,8.887489
3,6,10.235353
3,7,11.436966
3,8,12.534256
3,9,13.599802
4,0,0.0
4,1,2.7119503
4,10,19.119688
4,11,20.424957
4,12,22.025196
4,13,24.110453
4,14,26.804832
4,15,30.0
4,2,5.340783
4,3,7.8135214
4,4,10.075129
4,5,12.092969
4,6,13.858524
4,7,15.387863
4,8,16.722565
4,9,17.932335
5,0,0.0
5,1,3.535004
5,10,23.373333
5,11,24.401588
5,12,25.494932
5,13,26.76956
5,14,28.28898
5,15,30.0
5,2,6.948661
5,3,10.135768
5,4,13.018461
5,5,15.55076
5,6,17.717934
5,7,19.533426
5,8,21.03583
5,9,22.28731
6,0,0.0
6,1,4.47941
6,10,27.684778
6,11,28.313156
6,12,28.783403
6,13,29.183887
6,14,29.581541
6,15,30.0
6,2,8.783103
6,3,12.762449
6,4,16.31221
6,5,19.373705
6,6,21.929062
6,7,23.99211
6,8,25.600052
6,9,26.807774
7,0,0.0
7,1,5.5995426
7,10,32.244877
7,11,32.38289
7,12,32.14166
7,13,31.601059
7,14,30.853306
7,15,30.0
7,2,10.941904
7,3,15.81874
7,4,20.09425
7,5,23.702824
7,6,26.63253
7,7,28.905933
7,8,30.564535
7,9,31.658985
8,0,0.0
8,1,6.9768615
8,10,37.25289
8,11,36.831894
8,12,35.799294
8,13,34.225407
8,14,32.23062
8,15,30.0
8,2,13.566252
8,3,19.476376
8,4,24.543255
8,5,28.710835
8,6,31.99234
8,7,34.434597
8,8,36.0932
8,9,37.0188
9,0,0.0
9,1,8.741663
9,10,42.91603
9,11,41.892532
9,12,39.998238
9,13,37.27066
9,14,33.843796
9,15,30.0
9,2,16.869877
9,3,23.977283
9,4,29.891582
9,5,34.604958
9,6,38.191433
9,7,40.746964
9,8,42.354904
9,9,43.07015
