0,0,0.0
0,1,0.0
0,10,0.0
0,11,0.0
0,12,0.0
0,13,0.0
0,14,0.0
0,15,0.0
0,16,0.0
0,17,0.0
0,18,0.0
0,19,0.0
0,2,0.0
0,20,0.0
0,21,0.0
0,22,0.0
0,23,0.0
0,24,0.0
0,25,0.0
0,26,0.0
0,27,0.0
0,28,0.0
0,29,30.0
0,3,0.0
0,4,0.0
0,5,0.0
0,6,0.0
0,7,0.0
0,8,0.0
0,9,0.0
1,0,0.0
1,1,0.34886366
1,10,2.6744814
1,11,2.8044972
1,12,2.9124823
1,13,3.0019786
1,14,3.0766804
1,15,3.1409402
1,16,3.199432
1,17,3.2575939
1,18,3.3218887
1,19,3.4004211
1,2,0.69139206
1,20,3.504173
1,21,3.6486366
1,22,3.8575962
1,23,4.169447
1,24,4.651913
1,25,5.4349117
1,26,6.797413
1,27,9.416976
1,28,15.174116
1,29,30.0
1,3,1.0217046
1,4,1.3343554
1,5,1.6251225
1,6,1.8904848
1,7,2.1285596
1,8,2.3381805
1,9,2.5198207
10,0,0.0
10,1,2.6705933
10,10,20.44675
10,11,21.428051
10,12,22.235233
10,13,22.889965
10,14,23.416859
10,15,23.84016
10,16,24.184528
10,17,24.473465
10,18,24.729477
10,19,24.974075
10,2,5.292886
10,20,25.227125
10,21,25.507797
10,22,25.832851
10,23,26.217669
10,24,26.673355
10,25,27.207123
10,26,27.818726
10,27,28.50059
10,28,29.235756
10,29,30.0
10,3,7.8207407
10,4,10.213913
10,5,12.437847
10,6,14.467904
10,7,16.28666
10,8,17.887735
10,9,19.27124
11,0,0.0
11,1,2.798186
11,10,21.419186
11,11,22.446056
11,12,23.289017
11,13,23.971779
11,14,24.51855
11,15,24.95484
11,16,25.305042
11,17,25.59272
11,18,25.839867
11,19,26.066605
11,2,5.545519
11,20,26.291655
11,21,26.531305
11,22,26.800444
11,23,27.110626
11,24,27.471046
11,25,27.885956
11,26,28.35535
11,27,28.872803
11,28,29.426653
11,29,30.0
11,3,8.194303
11,4,10.701282
11,5,13.031647
11,6,15.157871
11,7,17.063547
11,8,18.739973
11,9,20.189182
12,0,0.0
12,1,2.902386
12,10,22.213749
12,11,23.276934
12,12,24.14935
12,13,24.854076
12,14,25.416765
12,15,25.862568
12,16,26.21643
12,17,26.50156
12,18,26.739368
12,19,26.949333
12,2,5.752205
12,20,27.148417
12,21,27.351845
12,22,27.571869
12,23,27.818857
12,24,28.099478
12,25,28.417713
12,26,28.772995
12,27,29.161255
12,28,29.574015
12,29,30.0
12,3,8.499371
12,4,11.099953
12,5,13.516562
12,6,15.722132
12,7,17.697939
12,8,19.436684
12,9,20.938644
13,0,0.0
13,1,2.986085
13,10,22.850473
13,11,23.943172
13,12,24.838451
13,13,25.56083
13,14,26.135498
13,15,26.588459
13,16,26.944315
13,17,27.226276
13,18,27.455341
13,19,27.650028
13,2,5.917894
13,20,27.826694
13,21,27.998814
13,22,28.177921
13,23,28.372393
13,24,28.588577
13,25,28.829317
13,26,29.095062
13,27,29.382742
13,28,29.686981
13,29,30.0
13,3,8.744394
13,4,11.41954
13,5,13.905947
13,6,16.17444
13,7,18.207191
13,8,19.995117
13,9,21.539995
14,0,0.0
14,1,3.0519462
14,10,23.35186
14,11,24.467152
14,12,25.380646
14,13,26.11631
14,14,26.7003
14,15,27.15826
14,16,27.515152
14,17,27.793865
14,18,28.01502
14,19,28.196758
14,2,6.0485487
14,20,28.35436
14,21,28.500868
14,22,28.646349
14,23,28.79893
14,24,28.96376
14,25,29.144108
14,26,29.340364
14,27,29.551111
14,28,29.772633
14,29,30.0
14,3,8.937195
14,4,11.67151
14,5,14.2123375
14,6,16.53095
14,7,18.607872
14,8,20.435097
14,9,22.01308
15,0,0.0
15,1,3.1029344
15,10,23.738983
15,11,24.872034
15,12,25.799109
15,13,26.545126
15,14,27.135857
15,15,27.597477
15,16,27.954687
15,17,28.23036
15,18,28.444859
15,19,28.61575
15,2,6.149461
15,20,28.758038
15,21,28.883772
15,22,29.00284
15,23,29.12234
15,24,29.247581
15,25,29.381355
15,26,29.52491
15,27,29.677406
15,28,29.836853
15,29,30.0
15,3,9.086438
15,4,11.8661175
15,5,14.449448
15,6,16.80629
15,7,18.917845
15,8,20.774872
15,9,22.378883
16,0,0.0
16,1,3.1415863
16,10,24.032719
16,11,25.178827
16,12,26.116375
16,13,26.869879
16,14,27.465704
16,15,27.929773
16,16,28.286983
16,17,28.560017
16,18,28.769
16,19,28.93132
16,2,6.2261486
16,20,29.061363
16,21,29.171057
16,22,29.269505
16,23,29.363855
16,24,29.458836
16,25,29.557684
16,26,29.661661
16,27,29.770933
16,28,29.884315
16,29,30.0
16,3,9.199572
16,4,12.013978
16,5,14.629188
16,6,17.01542
16,7,19.152805
16,8,21.03283
16,9,22.656132
17,0,0.0
17,1,3.1704211
17,10,24.251205
17,11,25.407236
17,12,26.352283
17,13,27.11144
17,14,27.710812
17,15,28.176626
17,16,28.533615
17,17,28.804447
17,18,29.009117
17,19,29.164677
17,2,6.283203
17,20,29.285435
17,21,29.382763
17,22,29.465784
17,23,29.541119
17,24,29.613724
17,25,29.686596
17,26,29.761578
17,27,29.839111
17,28,29.918922
17,29,30.0
17,3,9.283959
17,4,12.123984
17,5,14.763219
17,6,17.17101
17,7,19.327944
17,8,21.224731
17,9,22.862686
18,0,0.0
18,1,3.1914752
18,10,24.410917
18,11,25.573954
18,12,26.524601
18,13,27.287685
18,14,27.889658
18,15,28.35659
18,16,28.71332
18,17,28.98241
18,18,29.18372
18,19,29.33424
18,2,6.32498
18,20,29.447933
18,21,29.536177
18,22,29.607677
18,23,29.66917
18,24,29.725319
18,25,29.779434
18,26,29.833359
18,27,29.888094
18,28,29.943745
18,29,30.0
18,3,9.345576
18,4,12.204516
18,5,14.861082
18,6,17.284866
18,7,19.455816
18,8,21.365097
18,9,23.01348
19,0,0.0
19,1,3.2066069
19,10,24.525335
19,11,25.69352
19,12,26.648018
19,13,27.413977
19,14,28.01769
19,15,28.4854
19,16,28.841848
19,17,29.109589
19,18,29.308428
19,19,29.455166
19,2,6.354915
19,20,29.563763
19,21,29.64531
19,22,29.708567
19,23,29.760006
19,24,29.804453
19,25,29.845116
19,26,29.884148
19,27,29.92268
19,28,29.96128
19,29,30.0
19,3,9.3898535
19,4,12.262218
19,5,14.931386
19,6,17.36645
19,7,19.547638
19,8,21.465668
19,9,23.121704
2,0,0.0
2,1,0.6913835
2,10,5.300347
2,11,5.5576696
2,12,5.7716103
2,13,5.9484754
2,14,6.096043
2,15,6.222426
2,16,6.3369374
2,17,6.449931
2,18,6.5736523
2,19,6.7233915
2,2,1.370322
2,20,6.9190063
2,21,7.188427
2,22,7.5721316
2,23,8.133116
2,24,8.973051
2,25,10.265792
2,26,12.318899
2,27,15.683741
2,28,21.273071
2,29,30.0
2,3,2.024829
2,4,2.6446397
2,5,3.2206845
2,6,3.7468183
2,7,4.218378
2,8,4.6340256
2,9,4.9937077
20,0,0.0
20,1,3.217247
20,10,24.605898
20,11,25.777569
20,12,26.734846
20,13,27.502728
20,14,28.107685
20,15,28.575867
20,16,28.932083
20,17,29.198826
20,18,29.395832
20,19,29.539892
20,2,6.37603
20,20,29.644785
20,21,29.721626
20,22,29.778976
20,23,29.823385
20,24,29.859554
20,25,29.89085
20,26,29.919441
20,27,29.946732
20,28,29.973454
20,29,30.0
20,3,9.420986
20,4,12.302911
20,5,14.980817
20,6,17.423958
20,7,19.612196
20,8,21.536522
20,9,23.197786
21,0,0.0
21,1,3.2246127
21,10,24.661472
21,11,25.835625
21,12,26.794735
21,13,27.563976
21,14,28.16973
21,15,28.63824
21,16,28.994251
21,17,29.26027
21,18,29.455997
21,19,29.598137
21,2,6.390597
21,20,29.700476
21,21,29.77399
21,22,29.827284
21,23,29.86679
21,24,29.89729
21,25,29.922112
21,26,29.94358
21,27,29.963148
21,28,29.981773
21,29,30.0
21,3,9.442537
21,4,12.330984
21,5,15.015021
21,6,17.463633
21,7,19.656847
21,8,21.585405
21,9,23.25038
22,0,0.0
22,1,3.2295985
22,10,24.699152
22,11,25.874916
22,12,26.835312
22,13,27.605421
22,14,28.211731
22,15,28.680424
22,16,29.036293
22,17,29.3018
22,18,29.496624
22,19,29.637463
22,2,6.4004936
22,20,29.738022
22,21,29.809301
22,22,29.859802
22,23,29.896011
22,24,29.92265
22,25,29.943134
22,26,29.959776
22,27,29.974176
22,28,29.987352
22,29,30.0
22,3,9.457124
22,4,12.35005
22,5,15.038175
22,6,17.490564
22,7,19.68707
22,8,21.618572
22,9,23.285976
23,0,0.0
23,1,3.232923
23,10,24.724174
23,11,25.901049
23,12,26.862251
23,13,27.632961
23,14,28.239609
23,15,28.708435
23,16,29.064186
23,17,29.32934
23,18,29.523563
23,19,29.66351
23,2,6.4070654
23,20,29.762897
23,21,29.832653
23,22,29.881317
23,23,29.915312
23,24,29.93941
23,25,29.956995
23,26,29.970469
23,27,29.981443
23,28,29.99103
23,29,30.0
23,3,9.466846
23,4,12.362714
23,5,15.0536
23,6,17.508453
23,7,19.7072
23,8,21.640596
23,9,23.309668
24,0,0.0
24,1,3.2350886
24,10,24.740509
24,11,25.918068
24,12,26.879826
24,13,27.650898
24,14,28.25778
24,15,28.72667
24,16,29.082346
24,17,29.347267
24,18,29.541084
24,19,29.680454
24,2,6.4113646
24,20,29.779053
24,21,29.847832
24,22,29.895275
24,23,29.927845
24,24,29.950268
24,25,29.965986
24,26,29.977392
24,27,29.98615
24,28,29.993412
24,29,30.0
24,3,9.473181
24,4,12.370993
24,5,15.063652
24,6,17.520142
24,7,19.720312
24,8,21.654984
24,9,23.3251
25,0,0.0
25,1,3.2364783
25,10,24.750944
25,11,25.928967
25,12,26.891052
25,13,27.662374
25,14,28.269386
25,15,28.738327
25,16,29.093948
25,17,29.358711
25,18,29.552273
25,19,29.691257
25,2,6.414112
25,20,29.789364
25,21,29.857498
25,22,29.904175
25,23,29.935816
25,24,29.957184
25,25,29.971704
25,26,29.981796
25,27,29.989145
25,28,29.994925
25,29,30.0
25,3,9.477245
25,4,12.376284
25,5,15.070097
25,6,17.527615
25,7,19.728718
25,8,21.664177
25,9,23.334988
26,0,0.0
26,1,3.2373497
26,10,24.757504
26,11,25.935795
26,12,26.898102
26,13,27.669565
26,14,28.276669
26,15,28.745628
26,16,29.10122
26,17,29.365887
26,18,29.559273
26,19,29.698029
26,2,6.4158416
26,20,29.795809
26,21,29.863554
26,22,29.909737
26,23,29.940804
26,24,29.961508
26,25,29.975277
26,26,29.98455
26,27,29.991013
26,28,29.995872
26,29,30.0
26,3,9.479794
26,4,12.379614
26,5,15.074139
26,6,17.532314
26,7,19.733986
26,8,21.669958
26,9,23.341185
27,0,0.0
27,1,3.2378879
27,10,24.761534
27,11,25.940004
27,12,26.902435
27,13,27.673992
27,14,28.281147
27,15,28.750124
27,16,29.105686
27,17,29.370289
27,18,29.563583
27,19,29.70218
27,2,6.4169054
27,20,29.799774
27,21,29.867262
27,22,29.91315
27,23,29.943863
27,24,29.964155
27,25,29.977468
27,26,29.986233
27,27,29.99216
27,28,29.996452
27,29,30.0
27,3,9.481367
27,4,12.381662
27,5,15.0766325
27,6,17.535204
27,7,19.737236
27,8,21.67351
27,9,23.345007
28,0,0.0
28,1,3.2382123
28,10,24.763971
28,11,25.942541
28,12,26.905052
28,13,27.676662
28,14,28.283844
28,15,28.752832
28,16,29.10838
28,17,29.372952
28,18,29.566172
28,19,29.704689
28,2,6.4175496
28,20,29.802156
28,21,29.869503
28,22,29.915203
28,23,29.945702
28,24,29.965752
28,25,29.978785
28,26,29.987247
28,27,29.99285
28,28,29.9968
28,29,30.0
28,3,9.482316
28,4,12.382902
28,5,15.078136
28,6,17.536953
28,7,19.739197
28,8,21.675661
28,9,23.34731
29,0,0.0
29,1,3.2384052
29,10,24.76541
29,11,25.944044
29,12,26.906597
29,13,27.678242
29,14,28.285442
29,15,28.754433
29,16,29.109976
29,17,29.37452
29,18,29.567707
29,19,29.706165
29,2,6.41793
29,20,29.803566
29,21,29.870821
29,22,29.916418
29,23,29.946789
29,24,29.96669
29,25,29.979563
29,26,29.987844
29,27,29.993256
29,28,29.997005
29,29,30.0
29,3,9.48288
29,4,12.383635
29,5,15.07903
29,6,17.537987
29,7,19.74036
29,8,21.676931
29,9,23.348677
3,0,0.0
3,1,1.0216684
3,10,7.8312073
3,11,8.211351
3,12,8.5266695
3,13,8.787329
3,14,9.003878
3,15,9.188586
3,16,9.354422
3,17,9.516113
3,18,9.690631
3,19,9.898378
3,2,2.0247822
3,20,10.165659
3,21,10.52711
3,22,11.0316105
3,23,11.748905
3,24,12.782921
3,25,14.288179
3,26,16.492222
3,27,19.701218
3,28,24.222042
3,29,30.0
3,3,2.9921021
3,4,3.9076936
3,5,4.759161
3,6,5.536214
3,7,6.233295
3,8,6.847006
3,9,7.3786693
30,0,0.0
30,1,3.2385168
30,10,24.766249
30,11,25.944916
30,12,26.907497
30,13,27.679153
30,14,28.28637
30,15,28.75536
30,16,29.110897
30,17,29.375427
30,18,29.568592
30,19,29.707022
30,2,6.418153
30,20,29.804382
30,21,29.871586
30,22,29.917122
30,23,29.947418
30,24,29.967236
30,25,29.980011
30,26,29.988194
30,27,29.99349
30,28,29.997126
30,29,30.0
30,3,9.483207
30,4,12.384062
30,5,15.079548
30,6,17.53859
30,7,19.741035
30,8,21.677671
30,9,23.349468
31,0,0.0
31,1,3.238581
31,10,24.766724
31,11,25.945412
31,12,26.908009
31,13,27.67968
31,14,28.286896
31,15,28.75589
31,16,29.111423
31,17,29.375946
31,18,29.5691
31,19,29.707512
31,2,6.4182787
31,20,29.804846
31,21,29.87202
31,22,29.91752
31,23,29.947777
31,24,29.967545
31,25,29.98027
31,26,29.988388
31,27,29.993626
31,28,29.997192
31,29,30.0
31,3,9.483393
31,4,12.384305
31,5,15.0798435
31,6,17.53893
31,7,19.74142
31,8,21.678091
31,9,23.349918
32,0,0.0
32,1,3.2386165
32,10,24.76699
32,11,25.94569
32,12,26.908293
32,13,27.679966
32,14,28.287191
32,15,28.756184
32,16,29.111713
32,17,29.376234
32,18,29.56938
32,19,29.707783
32,2,6.4183493
32,20,29.805105
32,21,29.872263
32,22,29.917744
32,23,29.947975
32,24,29.967718
32,25,29.980412
32,26,29.988503
32,27,29.993698
32,28,29.99723
32,29,30.0
32,3,9.483498
32,4,12.38444
32,5,15.0800085
32,6,17.539124
32,7,19.741634
32,8,21.678326
32,9,23.350172
33,0,0.0
33,1,3.238636
33,10,24.767138
33,11,25.94584
33,12,26.90845
33,13,27.680128
33,14,28.28735
33,15,28.756346
33,16,29.111876
33,17,29.37639
33,18,29.569534
33,19,29.707932
33,2,6.4183884
33,20,29.805244
33,21,29.872396
33,22,29.917864
33,23,29.948084
33,24,29.967812
33,25,29.98049
33,26,29.988558
33,27,29.99374
33,28,29.99725
33,29,30.0
33,3,9.483555
33,4,12.384516
33,5,15.080098
33,6,17.539228
33,7,19.741753
33,8,21.678455
33,9,23.350311
34,0,0.0
34,1,3.2386467
34,10,24.767214
34,11,25.94592
34,12,26.908531
34,13,27.680212
34,14,28.287437
34,15,28.756432
34,16,29.111961
34,17,29.376474
34,18,29.569616
34,19,29.708008
34,2,6.418409
34,20,29.805323
34,21,29.872465
34,22,29.91793
34,23,29.948141
34,24,29.967863
34,25,29.98053
34,26,29.98859
34,27,29.993761
34,28,29.997261
34,29,30.0
34,3,9.483585
34,4,12.384556
34,5,15.080148
34,6,17.539284
34,7,19.741817
34,8,21.678524
34,9,23.350386
35,0,0.0
35,1,3.2386522
35,10,24.767254
35,11,25.945963
35,12,26.908577
35,13,27.68026
35,14,28.287483
35,15,28.756477
35,16,29.112005
35,17,29.376522
35,18,29.569658
35,19,29.708052
35,2,6.41842
35,20,29.80536
35,21,29.872505
35,22,29.917961
35,23,29.948174
35,24,29.967886
35,25,29.980553
35,26,29.988605
35,27,29.99377
35,28,29.997267
35,29,30.0
35,3,9.483601
35,4,12.384577
35,5,15.080172
35,6,17.539314
35,7,19.741848
35,8,21.678562
35,9,23.350422
36,0,0.0
36,1,3.2386549
36,10,24.767275
36,11,25.945986
36,12,26.9086
36,13,27.68028
36,14,28.287506
36,15,28.7565
36,16,29.11203
36,17,29.376543
36,18,29.569683
36,19,29.708073
36,2,6.4184256
36,20,29.805384
36,21,29.872522
36,22,29.91798
36,23,29.948187
36,24,29.967903
36,25,29.980562
36,26,29.988615
36,27,29.993778
36,28,29.99727
36,29,30.0
36,3,9.483609
36,4,12.384588
36,5,15.080186
36,6,17.539328
36,7,19.741865
36,8,21.678577
36,9,23.350441
37,0,0.0
37,1,3.2386565
37,10,24.767284
37,11,25.945995
37,12,26.908611
37,13,27.68029
37,14,28.287518
37,15,28.756512
37,16,29.11204
37,17,29.376556
37,18,29.569693
37,19,29.708084
37,2,6.4184284
37,20,29.805391
37,21,29.872534
37,22,29.917988
37,23,29.948196
37,24,29.967907
37,25,29.980568
37,26,29.988619
37,27,29.993784
37,28,29.997272
37,29,30.0
37,3,9.483614
37,4,12.384592
37,5,15.080192
37,6,17.539335
37,7,19.741875
37,8,21.678587
37,9,23.35045
38,0,0.0
38,1,3.238657
38,10,24.76729
38,11,25.946001
38,12,26.908615
38,13,27.680296
38,14,28.287523
38,15,28.756517
38,16,29.112047
38,17,29.37656
38,18,29.569698
38,19,29.708092
38,2,6.41843
38,20,29.805399
38,21,29.872536
38,22,29.917995
38,23,29.948198
38,24,29.96791
38,25,29.980572
38,26,29.988625
38,27,29.993784
38,28,29.997272
38,29,30.0
38,3,9.483616
38,4,12.384595
38,5,15.080195
38,6,17.53934
38,7,19.741877
38,8,21.678593
38,9,23.350456
39,0,0.0
39,1,3.2386575
39,10,24.767292
39,11,25.946005
39,12,26.908619
39,13,27.680298
39,14,28.287523
39,15,28.756521
39,16,29.11205
39,17,29.376564
39,18,29.569702
39,19,29.708092
39,2,6.41843
39,20,29.8054
39,21,29.872541
39,22,29.917995
39,23,29.948204
39,24,29.967915
39,25,29.980572
39,26,29.988625
39,27,29.993784
39,28,29.997272
39,29,30.0
39,3,9.483616
39,4,12.384596
39,5,15.080196
39,6,17.539341
39,7,19.741879
39,8,21.678593
39,9,23.350458
4,0,0.0
4,1,1.3342571
4,10,10.226547
4,11,10.7220125
4,12,11.1331415
4,13,11.471817
4,14,11.752484
4,15,11.9900055
4,16,12.201038
4,17,12.4035
4,18,12.617676
4,19,12.8675375
4,2,2.6444795
4,20,13.18205
4,21,13.598714
4,22,14.166022
4,23,14.949733
4,24,16.037085
4,25,17.54329
4,26,19.607922
4,27,22.371607
4,28,25.895958
4,29,30.0
4,3,3.9075475
4,4,5.1036053
4,5,6.2151847
4,6,7.2303576
4,7,8.140165
4,8,8.941928
4,9,9.635557
40,0,0.0
40,1,3.2386575
40,10,24.767296
40,11,25.946003
40,12,26.908619
40,13,27.6803
40,14,28.287527
40,15,28.75652
40,16,29.112053
40,17,29.376564
40,18,29.569704
40,19,29.708092
40,2,6.4184303
40,20,29.805405
40,21,29.87254
40,22,29.918
40,23,29.948204
40,24,29.967915
40,25,29.980576
40,26,29.98862
40,27,29.993782
40,28,29.997272
40,29,30.0
40,3,9.483616
40,4,12.384596
40,5,15.080196
40,6,17.539341
40,7,19.741879
40,8,21.678595
40,9,23.35046
41,0,0.0
41,1,3.2386577
41,10,24.767292
41,11,25.946007
41,12,26.908617
41,13,27.680302
41,14,28.287523
41,15,28.756521
41,16,29.112053
41,17,29.376568
41,18,29.569704
41,19,29.708096
41,2,6.4184303
41,20,29.8054
41,21,29.872543
41,22,29.917997
41,23,29.948204
41,24,29.967915
41,25,29.980572
41,26,29.988623
41,27,29.993782
41,28,29.997274
41,29,30.0
41,3,9.483617
41,4,12.384596
41,5,15.080197
41,6,17.539341
41,7,19.74188
41,8,21.678595
41,9,23.35046
42,0,0.0
42,1,3.2386575
42,10,24.767296
42,11,25.946005
42,12,26.908623
42,13,27.6803
42,14,28.287529
42,15,28.756521
42,16,29.112053
42,17,29.376566
42,18,29.569706
42,19,29.708092
42,2,6.4184303
42,20,29.805405
42,21,29.87254
42,22,29.918
42,23,29.948204
42,24,29.967916
42,25,29.980574
42,26,29.988625
42,27,29.993782
42,28,29.997272
42,29,30.0
42,3,9.483616
42,4,12.384596
42,5,15.080196
42,6,17.539341
42,7,19.74188
42,8,21.678595
42,9,23.35046
43,0,0.0
43,1,3.2386575
43,10,24.767294
43,11,25.946007
43,12,26.908617
43,13,27.680304
43,14,28.287525
43,15,28.756523
43,16,29.112053
43,17,29.376568
43,18,29.569704
43,19,29.708096
43,2,6.4184303
43,20,29.805399
43,21,29.872543
43,22,29.917997
43,23,29.948204
43,24,29.967915
43,25,29.980576
43,26,29.988625
43,27,29.993786
43,28,29.997272
43,29,30.0
43,3,9.483617
43,4,12.384596
43,5,15.080196
43,6,17.539341
43,7,19.74188
43,8,21.678595
43,9,23.35046
44,0,0.0
44,1,3.2386575
44,10,24.767296
44,11,25.946007
44,12,26.90862
44,13,27.6803
44,14,28.287527
44,15,28.756521
44,16,29.112053
44,17,29.376568
44,18,29.569706
44,19,29.708092
44,2,6.4184303
44,20,29.805405
44,21,29.872538
44,22,29.918
44,23,29.948204
44,24,29.967916
44,25,29.980574
44,26,29.988625
44,27,29.993786
44,28,29.997272
44,29,30.0
44,3,9.483616
44,4,12.384596
44,5,15.080197
44,6,17.539341
44,7,19.74188
44,8,21.678595
44,9,23.350462
45,0,0.0
45,1,3.2386575
45,10,24.767296
45,11,25.946005
45,12,26.90862
45,13,27.680304
45,14,28.287527
45,15,28.756523
45,16,29.112053
45,17,29.376568
45,18,29.569702
45,19,29.708096
45,2,6.4184303
45,20,29.8054
45,21,29.872543
45,22,29.917995
45,23,29.948204
45,24,29.967915
45,25,29.980576
45,26,29.988625
45,27,29.993786
45,28,29.997272
45,29,30.0
45,3,9.483617
45,4,12.384596
45,5,15.080196
45,6,17.539343
45,7,19.74188
45,8,21.678596
45,9,23.35046
46,0,0.0
46,1,3.2386575
46,10,24.767294
46,11,25.946007
46,12,26.90862
46,13,27.680302
46,14,28.287529
46,15,28.756521
46,16,29.112053
46,17,29.376566
46,18,29.569704
46,19,29.708092
46,2,6.4184303
46,20,29.805403
46,21,29.872538
46,22,29.918
46,23,29.948204
46,24,29.967916
46,25,29.980576
46,26,29.988625
46,27,29.993782
46,28,29.997272
46,29,30.0
46,3,9.483616
46,4,12.384596
46,5,15.080197
46,6,17.539341
46,7,19.74188
46,8,21.678596
46,9,23.350462
47,0,0.0
47,1,3.2386575
47,10,24.767296
47,11,25.946007
47,12,26.908619
47,13,27.680304
47,14,28.287529
47,15,28.756523
47,16,29.112053
47,17,29.376566
47,18,29.569702
47,19,29.708096
47,2,6.4184303
47,20,29.8054
47,21,29.872543
47,22,29.917995
47,23,29.948206
47,24,29.967915
47,25,29.980576
47,26,29.988623
47,27,29.993786
47,28,29.99727
47,29,30.0
47,3,9.483616
47,4,12.384596
47,5,15.080196
47,6,17.539341
47,7,19.74188
47,8,21.678596
47,9,23.350462
48,0,0.0
48,1,3.2386575
48,10,24.767296
48,11,25.946005
48,12,26.908619
48,13,27.680302
48,14,28.287529
48,15,28.756521
48,16,29.112053
48,17,29.376566
48,18,29.569704
48,19,29.708092
48,2,6.4184303
48,20,29.805405
48,21,29.87254
48,22,29.918
48,23,29.948202
48,24,29.967916
48,25,29.980572
48,26,29.988625
48,27,29.993782
48,28,29.997272
48,29,30.0
48,3,9.483616
48,4,12.384596
48,5,15.080197
48,6,17.539341
48,7,19.74188
48,8,21.678595
48,9,23.35046
49,0,0.0
49,1,3.2386575
49,10,24.767296
49,11,25.946007
49,12,26.908619
49,13,27.680302
49,14,28.287529
49,15,28.756523
49,16,29.112053
49,17,29.376566
49,18,29.569702
49,19,29.708094
49,2,6.4184303
49,20,29.8054
49,21,29.872541
49,22,29.917995
49,23,29.948204
49,24,29.967915
49,25,29.980574
49,26,29.988623
49,27,29.993782
49,28,29.997272
49,29,30.0
49,3,9.483616
49,4,12.384596
49,5,15.080197
49,6,17.539343
49,7,19.74188
49,8,21.678596
49,9,23.35046
5,0,0.0
5,1,1.6249064
5,10,12.4516945
5,11,13.054541
5,12,13.553437
5,13,13.963989
5,14,14.302266
5,15,14.5865555
5,16,14.835665
5,17,15.070141
5,18,15.312431
5,19,15.58777
5,2,3.2202985
5,20,15.926197
5,21,16.36337
5,22,16.944124
5,23,17.723015
5,24,18.767368
5,25,20.153536
5,26,21.95916
5,27,24.236809
5,28,26.967947
5,29,30.0
5,3,4.758707
5,4,6.2148294
5,5,7.5688567
5,6,8.804491
5,7,9.912763
5,8,10.888323
5,9,11.733091
50,0,0.0
50,1,3.2386575
50,10,24.767296
50,11,25.946007
50,12,26.908619
50,13,27.680304
50,14,28.287529
50,15,28.756527
50,16,29.112053
50,17,29.376566
50,18,29.569704
50,19,29.708094
50,2,6.4184303
50,20,29.8054
50,21,29.87254
50,22,29.918
50,23,29.948202
50,24,29.967915
50,25,29.980574
50,26,29.988623
50,27,29.993786
50,28,29.997272
50,29,30.0
50,3,9.483617
50,4,12.384596
50,5,15.080196
50,6,17.539341
50,7,19.74188
50,8,21.678596
50,9,23.35046
51,0,0.0
51,1,3.2386575
51,10,24.767294
51,11,25.946007
51,12,26.908623
51,13,27.680304
51,14,28.287529
51,15,28.756523
51,16,29.112053
51,17,29.376568
51,18,29.569702
51,19,29.708096
51,2,6.4184303
51,20,29.8054
51,21,29.872543
51,22,29.917995
51,23,29.948204
51,24,29.967915
51,25,29.980576
51,26,29.988625
51,27,29.993782
51,28,29.997272
51,29,30.0
51,3,9.483616
51,4,12.384596
51,5,15.080196
51,6,17.539341
51,7,19.74188
51,8,21.678595
51,9,23.35046
52,0,0.0
52,1,3.2386575
52,10,24.767296
52,11,25.946007
52,12,26.908619
52,13,27.680304
52,14,28.287529
52,15,28.756523
52,16,29.112053
52,17,29.376566
52,18,29.569704
52,19,29.708092
52,2,6.41843
52,20,29.805403
52,21,29.872538
52,22,29.918
52,23,29.948204
52,24,29.967916
52,25,29.980574
52,26,29.988625
52,27,29.993786
52,28,29.997272
52,29,30.0
52,3,9.483616
52,4,12.384596
52,5,15.080196
52,6,17.539341
52,7,19.74188
52,8,21.678595
52,9,23.35046
53,0,0.0
53,1,3.2386572
53,10,24.767294
53,11,25.946005
53,12,26.90862
53,13,27.680302
53,14,28.287529
53,15,28.756521
53,16,29.112051
53,17,29.376568
53,18,29.569702
53,19,29.708096
53,2,6.4184303
53,20,29.8054
53,21,29.872543
53,22,29.917995
53,23,29.948204
53,24,29.967915
53,25,29.980576
53,26,29.988625
53,27,29.993782
53,28,29.997272
53,29,30.0
53,3,9.483616
53,4,12.384596
53,5,15.080196
53,6,17.539341
53,7,19.74188
53,8,21.678593
53,9,23.35046
54,0,0.0
54,1,3.2386575
54,10,24.767294
54,11,25.946005
54,12,26.90862
54,13,27.680305
54,14,28.287527
54,15,28.756521
54,16,29.112053
54,17,29.376564
54,18,29.569704
54,19,29.708094
54,2,6.41843
54,20,29.8054
54,21,29.87254
54,22,29.918
54,23,29.948204
54,24,29.967916
54,25,29.980574
54,26,29.988625
54,27,29.993782
54,28,29.997272
54,29,30.0
54,3,9.483617
54,4,12.384596
54,5,15.080196
54,6,17.539341
54,7,19.74188
54,8,21.678596
54,9,23.35046
55,0,0.0
55,1,3.2386575
55,10,24.767296
55,11,25.946005
55,12,26.908623
55,13,27.680302
55,14,28.287529
55,15,28.756521
55,16,29.112051
55,17,29.376566
55,18,29.569704
55,19,29.708092
55,2,6.4184303
55,20,29.8054
55,21,29.872543
55,22,29.917995
55,23,29.948204
55,24,29.967915
55,25,29.980576
55,26,29.988625
55,27,29.993782
55,28,29.997272
55,29,30.0
55,3,9.483616
55,4,12.384596
55,5,15.080196
55,6,17.539341
55,7,19.74188
55,8,21.678596
55,9,23.35046
56,0,0.0
56,1,3.2386577
56,10,24.767294
56,11,25.946007
56,12,26.90862
56,13,27.680304
56,14,28.287527
56,15,28.756523
56,16,29.112051
56,17,29.376564
56,18,29.5697
56,19,29.708094
56,2,6.4184303
56,20,29.8054
56,21,29.872541
56,22,29.918
56,23,29.948204
56,24,29.967915
56,25,29.980574
56,26,29.988625
56,27,29.993782
56,28,29.997272
56,29,30.0
56,3,9.483618
56,4,12.384596
56,5,15.080197
56,6,17.539341
56,7,19.74188
56,8,21.678596
56,9,23.35046
57,0,0.0
57,1,3.2386575
57,10,24.767296
57,11,25.946005
57,12,26.908623
57,13,27.680304
57,14,28.287529
57,15,28.756523
57,16,29.112053
57,17,29.376566
57,18,29.569704
57,19,29.708094
57,2,6.4184313
57,20,29.805403
57,21,29.872541
57,22,29.918
57,23,29.948204
57,24,29.967915
57,25,29.980574
57,26,29.988625
57,27,29.993782
57,28,29.997272
57,29,30.0
57,3,9.483617
57,4,12.384598
57,5,15.080196
57,6,17.539343
57,7,19.74188
57,8,21.678596
57,9,23.35046
58,0,0.0
58,1,3.2386582
58,10,24.767296
58,11,25.946007
58,12,26.908623
58,13,27.680302
58,14,28.28753
58,15,28.756521
58,16,29.112053
58,17,29.376568
58,18,29.569704
58,19,29.708096
58,2,6.4184303
58,20,29.8054
58,21,29.872543
58,22,29.918
58,23,29.948204
58,24,29.967915
58,25,29.980576
58,26,29.988623
58,27,29.993782
58,28,29.997272
58,29,30.0
58,3,9.483619
58,4,12.384596
58,5,15.080199
58,6,17.539341
58,7,19.741882
58,8,21.678595
58,9,23.350462
59,0,0.0
59,1,3.2386577
59,10,24.767296
59,11,25.94601
59,12,26.908623
59,13,27.680307
59,14,28.287529
59,15,28.756527
59,16,29.112053
59,17,29.376568
59,18,29.569706
59,19,29.708097
59,2,6.418432
59,20,29.805405
59,21,29.872543
59,22,29.918
59,23,29.948204
59,24,29.967918
59,25,29.980576
59,26,29.988625
59,27,29.993786
59,28,29.997272
59,29,30.0
59,3,9.483618
59,4,12.3846
59,5,15.080197
59,6,17.539345
59,7,19.74188
59,8,21.678596
59,9,23.350462
6,0,0.0
6,1,1.8900573
6,10,14.481816
6,11,15.181383
6,12,15.760263
6,13,16.234753
6,14,16.624266
6,15,16.948423
6,16,17.22852
6,17,17.486502
6,18,17.745811
6,19,18.032217
6,2,3.746029
6,20,18.374115
6,21,18.804731
6,22,19.36161
6,23,20.088799
6,24,21.033796
6,25,22.245422
6,26,23.762342
6,27,25.597637
6,28,27.713161
6,29,30.0
6,3,5.5351915
6,4,7.2293167
6,5,8.803741
6,6,10.241412
6,7,11.529736
6,8,12.664705
6,9,13.646241
60,0,0.0
60,1,3.2386587
60,10,24.7673
60,11,25.94601
60,12,26.908628
60,13,27.680307
60,14,28.287537
60,15,28.756527
60,16,29.112059
60,17,29.376572
60,18,29.569708
60,19,29.7081
60,2,6.4184313
60,20,29.805407
60,21,29.872543
60,22,29.918001
60,23,29.948208
60,24,29.967915
60,25,29.980577
60,26,29.988625
60,27,29.993786
60,28,29.997272
60,29,30.0
60,3,9.48362
60,4,12.3846
60,5,15.080202
60,6,17.539343
60,7,19.741886
60,8,21.678598
60,9,23.350468
61,0,0.0
61,1,3.238659
61,10,24.767307
61,11,25.946018
61,12,26.908632
61,13,27.680317
61,14,28.287539
61,15,28.756538
61,16,29.112064
61,17,29.37658
61,18,29.569715
61,19,29.708105
61,2,6.418434
61,20,29.805412
61,21,29.872551
61,22,29.918005
61,23,29.94821
61,24,29.967922
61,25,29.980577
61,26,29.98863
61,27,29.993786
61,28,29.997274
61,29,30.0
61,3,9.483622
61,4,12.384603
61,5,15.080204
61,6,17.539352
61,7,19.741888
61,8,21.678608
61,9,23.350471
62,0,0.0
62,1,3.238661
62,10,24.767319
62,11,25.946032
62,12,26.908646
62,13,27.680328
62,14,28.287556
62,15,28.756546
62,16,29.11208
62,17,29.37659
62,18,29.56973
62,19,29.708118
62,2,6.418437
62,20,29.805426
62,21,29.872562
62,22,29.918015
62,23,29.94822
62,24,29.967928
62,25,29.980587
62,26,29.988632
62,27,29.993792
62,28,29.997276
62,29,30.0
62,3,9.483626
62,4,12.384609
62,5,15.080214
62,6,17.539358
62,7,19.741901
62,8,21.678617
62,9,23.350483
63,0,0.0
63,1,3.2386644
63,10,24.767345
63,11,25.946056
63,12,26.908674
63,13,27.680355
63,14,28.287582
63,15,28.756578
63,16,29.112104
63,17,29.376621
63,18,29.569754
63,19,29.708145
63,2,6.418444
63,20,29.805447
63,21,29.872585
63,22,29.918037
63,23,29.948238
63,24,29.967945
63,25,29.980598
63,26,29.988644
63,27,29.993797
63,28,29.997278
63,29,30.0
63,3,9.483637
63,4,12.384624
63,5,15.080227
63,6,17.53938
63,7,19.74192
63,8,21.67864
63,9,23.350506
64,0,0.0
64,1,3.2386715
64,10,24.767393
64,11,25.94611
64,12,26.908726
64,13,27.68041
64,14,28.287636
64,15,28.756632
64,16,29.11216
64,17,29.376673
64,18,29.569805
64,19,29.708193
64,2,6.418458
64,20,29.805496
64,21,29.87263
64,22,29.918077
64,23,29.948273
64,24,29.96798
64,25,29.980625
64,26,29.988665
64,27,29.99381
64,28,29.997286
64,29,30.0
64,3,9.483658
64,4,12.384648
64,5,15.080262
64,6,17.539413
64,7,19.741962
64,8,21.678684
64,9,23.350555
65,0,0.0
65,1,3.238685
65,10,24.767494
65,11,25.946209
65,12,26.90883
65,13,27.680515
65,14,28.287745
65,15,28.756739
65,16,29.112267
65,17,29.376774
65,18,29.569908
65,19,29.70829
65,2,6.418485
65,20,29.805588
65,21,29.872715
65,22,29.918158
65,23,29.948347
65,24,29.968039
65,25,29.980679
65,26,29.988703
65,27,29.993837
65,28,29.9973
65,29,30.0
65,3,9.483697
65,4,12.384702
65,5,15.080323
65,6,17.539488
65,7,19.742043
65,8,21.678772
65,9,23.350649
66,0,0.0
66,1,3.2387114
66,10,24.767681
66,11,25.946407
66,12,26.909029
66,13,27.68072
66,14,28.287947
66,15,28.756943
66,16,29.112465
66,17,29.376974
66,18,29.570099
66,19,29.708475
66,2,6.4185367
66,20,29.805765
66,21,29.87288
66,22,29.91831
66,23,29.94848
66,24,29.968159
66,25,29.980774
66,26,29.988777
66,27,29.993887
66,28,29.997326
66,29,30.0
66,3,9.483774
66,4,12.384799
66,5,15.080444
66,6,17.539625
66,7,19.742195
66,8,21.67894
66,9,23.350826
67,0,0.0
67,1,3.2387605
67,10,24.76803
67,11,25.946766
67,12,26.9094
67,13,27.681095
67,14,28.288328
67,15,28.75732
67,16,29.112846
67,17,29.377344
67,18,29.570461
67,19,29.708824
67,2,6.418633
67,20,29.806095
67,21,29.87319
67,22,29.918594
67,23,29.948736
67,24,29.968376
67,25,29.980957
67,26,29.988916
67,27,29.993984
67,28,29.997374
67,29,30.0
67,3,9.483915
67,4,12.384984
67,5,15.080667
67,6,17.539885
67,7,19.742485
67,8,21.67925
67,9,23.35116
68,0,0.0
68,1,3.23885
68,10,24.768673
68,11,25.947433
68,12,26.910082
68,13,27.681787
68,14,28.289024
68,15,28.758017
68,16,29.113533
68,17,29.378025
68,18,29.571121
68,19,29.70946
68,2,6.4188104
68,20,29.8067
68,21,29.873756
68,22,29.919113
68,23,29.949203
68,24,29.968779
68,25,29.981289
68,26,29.989174
68,27,29.994156
68,28,29.99746
68,29,30.0
68,3,9.484177
68,4,12.3853245
68,5,15.081078
68,6,17.540358
68,7,19.743013
68,8,21.679825
68,9,23.351772
69,0,0.0
69,1,3.2390113
69,10,24.769825
69,11,25.948624
69,12,26.911304
69,13,27.683027
69,14,28.290272
69,15,28.759264
69,16,29.114773
69,17,29.379238
69,18,29.572308
69,19,29.710602
69,2,6.4191294
69,20,29.807787
69,21,29.874771
69,22,29.920048
69,23,29.950035
69,24,29.969501
69,25,29.981884
69,26,29.989632
69,27,29.994469
69,28,29.997618
69,29,30.0
69,3,9.484646
69,4,12.385933
69,5,15.081814
69,6,17.541206
69,7,19.743961
69,8,21.680857
69,9,23.35287
7,0,0.0
7,1,2.1277745
7,10,16.299446
7,11,17.08599
7,12,17.735088
7,13,18.26631
7,14,18.699673
7,15,19.05737
7,16,19.36155
7,17,19.635347
7,18,19.90257
7,19,20.188
7,2,4.216894
7,20,20.518608
7,21,20.922932
7,22,21.432827
7,23,22.081135
7,24,22.901787
7,25,23.923618
7,26,25.165165
7,27,26.622444
7,28,28.259201
7,29,30.0
7,3,6.2312975
7,4,8.137922
7,5,9.910669
7,6,11.5283165
7,7,12.978889
7,8,14.255494
7,9,15.360333
70,0,0.0
70,1,3.239296
70,10,24.771852
70,11,25.95073
70,12,26.913456
70,13,27.685213
70,14,28.29247
70,15,28.761461
70,16,29.116947
70,17,29.381378
70,18,29.57439
70,19,29.712612
70,2,6.419692
70,20,29.809696
70,21,29.876562
70,22,29.921688
70,23,29.951508
70,24,29.970772
70,25,29.982937
70,26,29.99044
70,27,29.995018
70,28,29.997896
70,29,30.0
70,3,9.485474
70,4,12.387007
70,5,15.083113
70,6,17.542706
70,7,19.74563
70,8,21.68267
70,9,23.354807
71,0,0.0
71,1,3.239788
71,10,24.77536
71,11,25.954353
71,12,26.917173
71,13,27.68898
71,14,28.296267
71,15,28.765253
71,16,29.120707
71,17,29.385073
71,18,29.577991
71,19,29.716076
71,2,6.4206657
71,20,29.813
71,21,29.87965
71,22,29.924526
71,23,29.954042
71,24,29.972971
71,25,29.984747
71,26,29.991837
71,27,29.995964
71,28,29.998375
71,29,30.0
71,3,9.486904
71,4,12.388866
71,5,15.085359
71,6,17.545296
71,7,19.748518
71,8,21.68581
71,9,23.358147
72,0,0.0
72,1,3.2406247
72,10,24.781296
72,11,25.9605
72,12,26.923462
72,13,27.695366
72,14,28.30269
72,15,28.77167
72,16,29.127064
72,17,29.391327
72,18,29.584078
72,19,29.72195
72,2,6.422318
72,20,29.81858
72,21,29.884884
72,22,29.929325
72,23,29.958345
72,24,29.976692
72,25,29.987827
72,26,29.994202
72,27,29.997576
72,28,29.999187
72,29,30.0
72,3,9.489336
72,4,12.392019
72,5,15.08917
72,6,17.549686
72,7,19.753412
72,8,21.69113
72,9,23.363811
73,0,0.0
73,1,3.2420187
73,10,24.791164
73,11,25.970709
73,12,26.933914
73,13,27.705963
73,14,28.313358
73,15,28.782318
73,16,29.137623
73,17,29.4017
73,18,29.594193
73,19,29.73169
73,2,6.425072
73,20,29.827858
73,21,29.893566
73,22,29.93731
73,23,29.965487
73,24,29.982882
73,25,29.992937
73,26,29.998142
73,27,30.000246
73,28,30.000542
73,29,30.0
73,3,9.493385
73,4,12.397272
73,5,15.095514
73,6,17.556997
73,7,19.761559
73,8,21.69997
73,9,23.373228
74,0,0.0
74,1,3.2442985
74,10,24.807247
74,11,25.987343
74,12,26.950935
74,13,27.723228
74,14,28.330723
74,15,28.799662
74,16,29.154804
74,17,29.418602
74,18,29.610651
74,19,29.747568
74,2,6.429577
74,20,29.84296
74,21,29.907728
74,22,29.950308
74,23,29.977142
74,24,29.992968
74,25,30.001286
74,26,30.004559
74,27,30.004612
74,28,30.002747
74,29,30.0
74,3,9.500006
74,4,12.405861
74,5,15.105881
74,6,17.56894
74,7,19.77485
74,8,21.714403
74,9,23.388584
75,0,0.0
75,1,3.2479608
75,10,24.832975
75,11,26.013939
75,12,26.978142
75,13,27.750809
75,14,28.358467
75,15,28.827358
75,16,29.182259
75,17,29.445587
75,18,29.63696
75,19,29.772924
75,2,6.4368086
75,20,29.867115
75,21,29.930355
75,22,29.971119
75,23,29.995777
75,24,30.009129
75,25,30.014631
75,26,30.014847
75,27,30.011595
75,28,30.006283
75,29,30.0
75,3,9.510636
75,4,12.419636
75,5,15.12251
75,6,17.588074
75,7,19.796152
75,8,21.737507
75,9,23.413158
76,0,0.0
76,1,3.2537344
76,10,24.87336
76,11,26.055656
76,12,27.0208
76,13,27.794044
76,14,28.40194
76,15,28.870766
76,16,29.225271
76,17,29.487894
76,18,29.678177
76,19,29.812698
76,2,6.448215
76,20,29.904976
76,21,29.965878
76,22,30.003757
76,23,30.025059
76,24,30.034492
76,25,30.035631
76,26,30.031006
76,27,30.022593
76,28,30.01184
76,29,30.0
76,3,9.527386
76,4,12.441348
76,5,15.148685
76,6,17.618196
76,7,19.82964
76,8,21.77382
76,9,23.451748
77,0,0.0
77,1,3.2626827
77,10,24.935555
77,11,26.119888
77,12,27.086435
77,13,27.860538
77,14,28.4688
77,15,28.937492
77,16,29.291416
77,17,29.552925
77,18,29.7416
77,19,29.873867
77,2,6.465872
77,20,29.963291
77,21,30.02055
77,22,30.054083
77,23,30.070164
77,24,30.073648
77,25,30.068005
77,26,30.055977
77,27,30.039555
77,28,30.020433
77,29,30.0
77,3,9.553325
77,4,12.474924
77,5,15.189169
77,6,17.664717
77,7,19.881348
77,8,21.829823
77,9,23.511242
78,0,0.0
78,1,3.2762957
78,10,25.029604
78,11,26.216915
78,12,27.18555
78,13,27.96091
78,14,28.569674
78,15,29.038185
78,16,29.391184
78,17,29.651085
78,18,29.837292
78,19,29.96627
78,2,6.4927516
78,20,30.051332
78,21,30.10324
78,22,30.130146
78,23,30.138481
78,24,30.132895
78,25,30.117104
78,26,30.093798
78,27,30.065302
78,28,30.033455
78,29,30.0
78,3,9.592755
78,4,12.525974
78,5,15.250624
78,6,17.735321
78,7,19.95971
78,8,21.914654
78,9,23.60124
79,0,0.0
79,1,3.296669
79,10,25.169167
79,11,26.36083
79,12,27.332432
79,13,28.109585
79,14,28.71906
79,15,29.187243
79,16,29.53894
79,17,29.796408
79,18,29.979095
79,19,30.103157
79,2,6.5329275
79,20,30.181965
79,21,30.225872
79,22,30.243177
79,23,30.239944
79,24,30.221077
79,25,30.190115
79,26,30.150164
79,27,30.10363
79,28,30.052877
79,29,30.0
79,3,9.651709
79,4,12.602175
79,5,15.3423395
79,6,17.840513
79,7,20.0764
79,8,22.040771
79,9,23.73497
8,0,0.0
8,1,2.3367994
8,10,17.897997
8,11,18.759727
8,12,19.470613
8,13,20.050148
8,14,20.521011
8,15,20.905779
8,16,21.228127
8,17,21.511423
8,18,21.77922
8,19,22.055532
8,2,4.6313977
8,20,22.364433
8,21,22.731369
8,22,23.181425
8,23,23.74034
8,24,24.430634
8,25,25.270386
8,26,26.26643
8,27,27.410358
8,28,28.672022
8,29,30.0
8,3,6.843379
8,4,8.937691
8,5,10.883961
8,6,12.660877
8,7,14.253018
8,8,15.655126
8,9,16.867184
80,0,0.0
80,1,3.326623
80,10,25.372566
80,11,26.570316
80,12,27.546116
80,13,28.32574
80,14,28.936161
80,15,29.403873
80,16,29.753613
80,17,30.00769
80,18,30.185219
80,19,30.302399
80,2,6.5920186
80,20,30.372059
80,21,30.404661
80,22,30.40792
80,23,30.38814
80,24,30.349821
80,25,30.296953
80,26,30.232578
80,27,30.159786
80,28,30.081295
80,29,30.0
80,3,9.738283
80,4,12.714056
80,5,15.476753
80,6,17.994583
80,7,20.246994
80,8,22.225018
80,9,23.930004
81,0,0.0
81,1,3.369978
81,10,25.663563
81,11,26.869774
81,12,27.851254
81,13,28.634228
81,14,29.245882
81,15,29.712814
81,16,30.059868
81,17,30.30906
81,18,30.479544
81,19,30.58688
81,2,6.677434
81,20,30.64394
81,21,30.660366
81,22,30.644041
81,23,30.600533
81,24,30.534763
81,25,30.450377
81,26,30.351192
81,27,30.240547
81,28,30.122246
81,29,30.0
81,3,9.863407
81,4,12.875458
81,5,15.670526
81,6,18.21623
81,7,20.492176
81,8,22.489292
81,9,24.209484
82,0,0.0
82,1,3.4316921
82,10,26.072536
82,11,27.290009
82,12,28.279097
82,13,29.066422
82,14,29.679579
82,15,30.145397
82,16,30.488594
82,17,30.731262
82,18,30.891884
82,19,30.98601
82,2,6.7990227
82,20,31.02547
82,21,31.019936
82,22,30.976156
82,23,30.899994
82,24,30.795563
82,25,30.667255
82,26,30.518833
82,27,30.35493
82,28,30.180195
82,29,30.0
82,3,10.041212
82,4,13.104641
82,5,15.945057
82,6,18.52988
82,7,20.838318
82,8,22.861902
82,9,24.602726
83,0,0.0
83,1,3.5182676
83,10,26.636951
83,11,27.869247
83,12,28.868052
83,13,29.66089
83,14,30.275822
83,15,30.73989
83,16,31.077997
83,17,31.311691
83,18,31.459423
83,19,31.535545
83,2,6.9693418
83,20,31.551771
83,21,31.516214
83,22,31.435669
83,23,31.314575
83,24,31.157581
83,25,30.968422
83,26,30.752195
83,27,30.514126
83,28,30.260998
83,29,30.0
83,3,10.290106
83,4,13.424719
83,5,16.327929
83,6,18.966143
83,7,21.318972
83,8,23.37799
83,9,25.146538
84,0,0.0
84,1,3.6378987
84,10,27.402363
84,11,28.653261
84,12,29.66425
84,13,30.463717
84,14,31.080519
84,15,31.542145
84,16,31.873274
84,17,32.095505
84,18,32.22608
84,19,32.279137
84,2,7.204587
84,20,32.264442
84,21,32.189857
84,22,32.06003
84,23,31.879501
84,24,31.651367
84,25,31.380398
84,26,31.071594
84,27,30.732533
84,28,30.371819
84,29,30.0
84,3,10.633124
84,4,13.86516
84,5,16.853231
84,6,19.563448
84,7,21.975035
84,8,24.080956
84,9,25.88529
85,0,0.0
85,1,3.8010855
85,10,28.421974
85,11,29.695793
85,12,30.721207
85,13,31.528328
85,14,32.146923
85,15,32.60488
85,16,32.92717
85,17,33.134426
85,18,33.24366
85,19,33.266872
85,2,7.524895
85,20,33.213284
85,21,33.08789
85,22,32.894863
85,23,32.63604
85,24,32.314835
85,25,31.934698
85,26,31.50264
85,27,31.027458
85,28,30.521774
85,29,30.0
85,3,11.099468
85,4,14.4621
85,5,17.563408
85,6,20.368057
85,7,22.856384
85,8,25.022118
85,9,26.871998
86,0,0.0
86,1,4.020874
86,10,29.756989
86,11,31.057426
86,12,32.099377
86,13,32.914646
86,14,33.53444
86,15,33.987396
86,16,34.298134
86,17,34.4872
86,18,34.569588
86,19,34.556545
86,2,7.9557924
86,20,34.453934
86,21,34.265663
86,22,33.99196
86,23,33.633926
86,24,33.191895
86,25,32.67022
86,26,32.07559
86,27,31.420643
86,28,30.721771
86,29,30.0
86,3,11.724914
86,4,15.260439
86,5,18.509262
86,6,21.43597
86,7,24.021225
86,8,26.261961
86,9,28.167233
87,0,0.0
87,1,4.313913
87,10,31.474611
87,11,32.80491
87,12,33.86425
87,13,34.687447
87,14,35.307274
87,15,35.753082
87,16,36.049797
87,17,36.21646
87,18,36.26735
87,19,36.210197
87,2,8.528823
87,20,36.049324
87,21,35.783676
87,22,35.41159
87,23,34.929005
87,24,34.335327
87,25,33.631954
87,26,32.827873
87,27,31.937874
87,28,30.985546
87,29,30.0
87,3,12.554245
87,4,16.314192
87,5,19.75241
87,6,22.832273
87,7,25.537657
87,8,27.868515
87,9,29.839552
88,0,0.0
88,1,4.7011685
88,10,33.647266
88,11,35.008137
88,12,36.08438
88,13,36.91378
88,14,37.53141
88,15,37.967697
88,16,38.247047
88,17,38.388084
88,18,38.40195
88,19,38.294685
88,2,9.284209
88,20,38.065125
88,21,37.70939
88,22,37.218777
88,23,36.58615
88,24,35.80452
88,25,34.874477
88,26,33.8034
88,27,32.611496
88,28,31.329636
88,29,30.0
88,3,13.642349
88,4,17.689808
88,5,21.36512
88,6,24.633398
88,7,27.48188
88,8,29.918055
88,9,31.962654
89,0,0.0
89,1,5.210211
89,10,36.34848
89,11,37.737953
89,12,38.8275
89,13,39.659546
89,14,40.271538
89,15,40.69484
89,16,40.95411
89,17,41.065735
89,18,41.039375
89,19,40.875805
89,2,10.273008
89,20,40.570618
89,21,40.111805
89,22,39.48576
89,23,38.675594
89,24,37.669476
89,25,36.460648
89,26,35.05684
89,27,33.480713
89,28,31.775375
89,29,30.0
89,3,15.058851
89,4,19.467438
89,5,23.433968
89,6,26.925827
89,7,29.93957
89,8,32.49174
89,9,34.61473
9,0,0.0
9,1,2.5174778
9,10,19.27739
9,11,20.204462
9,12,20.96738
9,13,21.588308
9,14,22.089859
9,15,22.496426
9,16,22.831753
9,17,23.11961
9,18,23.383137
9,19,23.644756
9,2,4.9892116
9,20,23.926867
9,21,24.250715
9,22,24.63757
9,23,25.106136
9,24,25.672998
9,25,26.348312
9,26,27.134758
9,27,28.022688
9,28,28.98965
9,29,30.0
9,3,7.372414
9,4,9.628067
9,5,11.725073
9,6,13.638489
9,7,15.353851
9,8,16.863157
9,9,18.168617
90,0,0.0
90,1,5.877845
90,10,39.65065
90,11,41.060974
90,12,42.15686
90,13,42.985104
90,14,43.58618
90,15,43.992744
90,16,44.22855
90,17,44.309086
90,18,44.23965
90,19,44.018013
90,2,11.563232
90,20,43.6317
90,21,43.06297
90,22,42.286358
90,23,41.27656
90,24,40.008232
90,25,38.46734
90,26,36.654404
90,27,34.59671
90,28,32.350018
90,29,30.0
90,3,16.89206
90,4,21.747093
90,5,26.060305
90,6,29.808918
90,7,33.002636
90,8,35.67541
90,9,37.87345
91,0,0.0
91,1,6.7564135
91,10,43.61861
91,11,45.035862
91,12,46.12554
91,13,46.9403
91,14,47.52334
91,15,47.908104
91,16,48.118275
91,17,48.16635
91,18,48.05536
91,19,47.776146
91,2,13.24762
91,20,47.31098
91,21,46.630188
91,22,45.698334
91,23,44.472466
91,24,42.912724
91,25,40.98591
91,26,38.68251
91,27,36.026577
91,28,33.091637
91,29,30.0
91,3,19.259459
91,4,24.653215
91,5,29.366053
91,6,33.393
91,7,36.769928
91,8,39.55394
91,9,41.81373
92,0,0.0
92,1,7.9240394
92,10,48.305794
92,11,49.706352
92,12,50.77165
92,13,51.55906
92,14,52.114513
92,15,52.472202
92,16,52.6543
92,17,52.67191
92,18,52.522934
92,19,52.194344
92,2,15.460812
92,20,51.658394
92,21,50.87654
92,22,49.795555
92,23,48.354836
92,24,46.486767
92,25,44.13247
92,26,41.254524
92,27,37.866364
92,28,34.05546
92,29,30.0
92,3,22.320656
92,4,28.346771
92,5,33.495655
92,6,37.802017
92,7,41.341618
92,8,44.209103
92,9,46.500114
93,0,0.0
93,1,9.507126
93,10,53.745724
93,11,55.0965
93,12,56.11192
93,13,56.854103
93,14,57.370335
93,15,57.694496
93,16,57.847862
93,17,57.838158
93,18,57.66093
93,19,57.296124
93,2,18.407505
93,20,56.71012
93,21,55.85036
93,22,54.64863
93,23,53.016388
93,24,50.853344
93,25,48.053043
93,26,44.530598
93,27,40.25911
93,28,35.33023
93,29,30.0
93,3,26.303442
93,4,33.036945
93,5,38.623295
93,6,43.169006
93,7,46.816753
93,8,49.71034
93,9,51.982243
94,0,0.0
94,1,11.726791
94,10,59.946754
94,11,61.203186
94,12,62.13714
94,13,62.81214
94,14,63.27546
94,15,63.559742
94,16,63.683815
94,17,63.653843
94,18,63.461082
94,19,63.082832
94,2,22.419624
94,20,62.47713
94,21,61.58306
94,22,60.31266
94,23,58.55123
94,24,56.150753
94,25,52.939625
94,26,48.74123
94,27,43.436134
94,28,37.069828
94,29,30.0
94,3,31.54078
94,4,39.000916
94,5,44.952248
94,6,49.63271
94,7,53.281303
94,8,56.108013
94,9,58.284027
95,0,0.0
95,1,15.0103
95,10,66.88273
95,11,67.99188
95,12,68.80711
95,13,69.39044
95,14,69.78608
95,15,70.02361
95,16,70.11967
95,17,70.07748
95,18,69.88754
95,19,69.52372
95,2,28.06311
95,20,68.94249
95,21,68.07461
95,22,66.821045
95,23,65.0387
95,24,62.53161
95,25,59.03635
95,26,54.231064
95,27,47.790237
95,28,39.572002
95,29,30.0
95,3,38.530685
95,4,46.59667
95,5,52.70971
95,6,57.319324
95,7,60.795193
95,8,63.417824
95,9,65.395996
96,0,0.0
96,1,20.278376
96,10,74.488075
96,11,75.39127
96,12,76.04883
96,13,76.515114
96,14,76.82821
96,15,77.01291
96,16,77.08221
96,17,77.03828
96,18,76.870544
96,19,76.55525
96,2,36.346863
96,20,76.04935
96,21,75.28648
96,22,74.163376
96,23,72.52538
96,24,70.135826
96,25,66.63837
96,26,61.504967
96,27,54.023304
96,28,43.47875
96,29,30.0
96,3,48.00485
96,4,56.25788
96,5,62.112072
96,6,66.31269
96,7,69.36505
96,8,71.606384
96,9,73.26235
97,0,0.0
97,1,29.779003
97,10,82.651886
97,11,83.29296
97,12,83.75592
97,13,84.082016
97,14,84.29931
97,15,84.42569
97,16,84.47047
97,17,84.434235
97,18,84.30895
97,19,84.07493
97,2,49.086296
97,20,83.698715
97,21,83.12483
97,22,82.26631
97,23,80.98161
97,24,79.037506
97,25,76.031166
97,26,71.246956
97,27,63.399715
97,28,50.360695
97,29,30.0
97,3,60.95288
97,4,68.41001
97,5,73.28514
97,6,76.59531
97,7,78.91257
97,8,80.570435
97,9,81.77342
98,0,0.0
98,1,49.76739
98,10,91.21971
98,11,91.55301
98,12,91.79252
98,13,91.960464
98,14,92.07183
98,15,92.13609
98,16,92.15791
98,17,92.137634
98,18,92.07039
98,19,91.94565
98,2,69.29901
98,20,91.744156
98,21,91.43482
98,22,90.96586
98,23,90.25049
98,24,89.132706
98,25,87.31079
98,26,84.13484
98,27,78.02459
98,28,64.59264
98,29,30.0
98,3,78.35913
98,4,83.210236
98,5,86.10591
98,6,87.971535
98,7,89.236824
98,8,90.124374
98,9,90.75981
99,0,0.0
99,1,100.0
99,10,100.0
99,11,100.0
99,12,100.0
99,13,100.0
99,14,100.0
99,15,100.0
99,16,100.0
99,17,100.0
99,18,100.0
99,19,100.0
99,2,100.0
99,20,100.0
99,21,100.0
99,22,100.0
99,23,100.0
99,24,100.0
99,25,100.0
99,26,100.0
99,27,100.0
99,28,100.0
99,29,30.0
99,3,100.0
99,4,100.0
99,5,100.0
99,6,100.0
99,7,100.0
99,8,100.0
99,9,100.0
