0,0,0.0
0,1,0.0
0,10,0.0
0,11,0.0
0,12,0.0
0,13,0.0
0,14,0.0
0,15,30.0
0,2,0.0
0,3,0.0
0,4,0.0
0,5,0.0
0,6,0.0
0,7,0.0
0,8,0.0
0,9,0.0
1,0,0.0
1,1,2.6327276
1,10,9.066477
1,11,9.292074
1,12,9.912693
1,13,11.623631
1,14,16.316364
1,15,30.0
1,2,4.936364
1,3,6.664092
1,4,7.815913
1,5,8.455856
1,6,8.775993
1,7,8.9053955
1,8,8.957117
1,9,8.992601
10,0,0.0
10,1,10.492808
10,10,33.597393
10,11,33.46007
10,12,33.15103
10,13,32.491295
10,14,31.425669
10,15,30.0
10,2,19.365032
10,3,25.819891
10,4,29.859175
10,5,32.055862
10,6,33.073055
10,7,33.47624
10,8,33.60727
10,9,33.62969
11,0,0.0
11,1,12.736662
11,10,38.400837
11,11,38.123898
11,12,37.402813
11,13,35.96627
11,14,33.444496
11,15,30.0
11,2,23.11301
11,3,30.293568
11,4,34.64225
11,5,36.91872
11,6,37.96222
11,7,38.36521
11,8,38.49083
11,9,38.50056
12,0,0.0
12,1,17.49278
12,10,47.104626
12,11,46.58808
12,12,45.355072
12,13,42.61592
12,14,37.58008
12,15,30.0
12,2,30.500774
12,3,38.77433
12,4,43.41554
12,5,45.75497
12,6,46.778824
12,7,47.17083
12,8,47.28632
12,9,47.2643
13,0,0.0
13,1,27.22725
13,10,60.626755
13,11,59.990803
13,12,58.268654
13,13,54.249695
13,14,45.603622
13,15,30.0
13,2,43.85697
13,3,52.861835
13,4,57.433907
13,5,59.559734
13,6,60.464622
13,7,60.79548
13,8,60.88508
13,9,60.85116
14,0,0.0
14,1,48.24485
14,10,78.842674
14,11,78.31819
14,12,76.87036
14,13,72.8782
14,14,61.928482
14,15,30.0
14,2,66.19093
14,3,73.62176
14,4,76.842026
14,5,78.232056
14,6,78.78723
14,7,78.98787
14,8,79.0396
14,9,79.003845
15,0,0.0
15,1,100.0
15,10,100.0
15,11,100.0
15,12,100.0
15,13,100.0
15,14,100.0
15,15,30.0
15,2,100.0
15,3,100.0
15,4,100.0
15,5,100.0
15,6,100.0
15,7,100.0
15,8,100.0
15,9,100.0
2,0,0.0
2,1,4.9363656
2,10,16.872559
2,11,17.146599
2,12,17.884848
2,13,19.607275
2,14,23.312737
2,15,30.0
2,2,9.214548
2,3,12.478033
2,4,14.589705
2,5,15.805539
2,6,16.381794
2,7,16.627491
2,8,16.717089
2,9,16.768333
3,0,0.0
3,1,6.6641088
3,10,22.6675
3,11,22.890604
3,12,23.41926
3,13,24.593203
3,14,26.751408
3,15,30.0
3,2,12.478061
3,3,16.838516
3,4,19.718063
3,5,21.317839
3,6,22.103298
3,7,22.418808
3,8,22.534302
3,9,22.588772
4,0,0.0
4,1,7.816125
4,10,26.397854
4,11,26.51841
4,12,26.827671
4,13,27.443293
4,14,28.52396
4,15,30.0
4,2,14.590031
4,3,19.718428
4,4,23.036762
4,5,24.91574
4,6,25.805878
4,7,26.172758
4,8,26.298376
4,9,26.344223
5,0,0.0
5,1,8.457403
5,10,28.458963
5,11,28.519684
5,12,28.652166
5,13,28.934553
5,14,29.390265
5,15,30.0
5,2,15.808295
5,3,21.321028
5,4,24.91879
5,5,26.917435
5,6,27.877283
5,7,28.261444
5,8,28.392473
5,9,28.433912
6,0,0.0
6,1,8.785386
6,10,29.454323
6,11,29.473621
6,12,29.525957
6,13,29.62255
6,14,29.78876
6,15,30.0
6,2,16.397701
6,3,22.1233
6,4,25.826721
6,5,27.895592
6,6,28.875383
6,7,29.270063
6,8,29.401976
6,9,29.439245
7,0,0.0
7,1,8.94772
7,10,29.92757
7,11,29.933031
7,12,29.937971
7,13,29.953754
7,14,29.972466
7,15,30.0
7,2,16.70336
7,3,22.512367
7,4,26.275297
7,5,28.363132
7,6,29.35427
7,7,29.750484
7,8,29.88281
7,9,29.919312
8,0,0.0
8,1,9.120125
8,10,30.364332
8,11,30.351755
8,12,30.32295
8,13,30.252415
8,14,30.144869
8,15,30.0
8,2,17.002018
8,3,22.897346
8,4,26.69402
8,5,28.799896
8,6,29.793983
8,7,30.191574
8,8,30.3239
8,9,30.359024
9,0,0.0
9,1,9.507412
9,10,31.309757
9,11,31.268105
9,12,31.14421
9,13,30.911015
9,14,30.510786
9,15,30.0
9,2,17.686165
9,3,23.741554
9,4,27.6212
9,5,29.751026
9,6,30.754923
9,7,31.153538
9,8,31.28545
9,9,31.318787
