0,0,0.0
0,1,0.0
0,10,0.0
0,11,0.0
0,12,0.0
0,13,0.0
0,14,0.0
0,15,0.0
0,16,0.0
0,17,0.0
0,18,0.0
0,19,0.0
0,2,0.0
0,20,0.0
0,21,0.0
0,22,0.0
0,23,0.0
0,24,0.0
0,25,0.0
0,26,0.0
0,27,0.0
0,28,0.0
0,29,30.0
0,3,0.0
0,4,0.0
0,5,0.0
0,6,0.0
0,7,0.0
0,8,0.0
0,9,0.0
1,0,0.0
1,1,1.2953779
1,10,6.208465
1,11,6.2372637
1,12,6.250224
1,13,6.255782
1,14,6.2579145
1,15,6.258733
1,16,6.259158
1,17,6.2597275
1,18,6.2612424
1,19,6.2649627
1,2,2.504397
1,20,6.27456
1,21,6.2964153
1,22,6.346428
1,23,6.4528666
1,24,6.6788015
1,25,7.1475945
1,26,8.142346
1,27,10.343847
1,28,15.64769
1,29,30.0
1,3,3.5622892
1,4,4.4218264
1,5,5.0791197
1,6,5.5430913
1,7,5.8524055
1,8,6.0414314
1,9,6.1508665
10,0,0.0
10,1,6.2084646
10,10,29.550377
10,11,29.678997
10,12,29.736952
10,13,29.760983
10,14,29.770147
10,15,29.773346
10,16,29.774372
10,17,29.7747
10,18,29.774864
10,19,29.775185
10,2,12.003991
10,20,29.775864
10,21,29.777617
10,22,29.781075
10,23,29.788244
10,24,29.80049
10,25,29.821182
10,26,29.851307
10,27,29.892881
10,28,29.9435
10,29,30.0
10,3,17.051708
10,4,21.154976
10,5,24.263514
10,6,26.459486
10,7,27.902552
10,8,28.785326
10,9,29.286362
11,0,0.0
11,1,6.237263
11,10,29.678997
11,11,29.80802
11,12,29.866076
11,13,29.890163
11,14,29.89934
11,15,29.902542
11,16,29.903564
11,17,29.903868
11,18,29.903988
11,19,29.904104
11,2,12.058709
11,20,29.90442
11,21,29.905075
11,22,29.906643
11,23,29.909517
11,24,29.914976
11,25,29.923555
11,26,29.936747
11,27,29.95425
11,28,29.976017
11,29,30.0
11,3,17.129879
11,4,21.2502
11,5,24.372692
11,6,26.576801
11,7,28.025888
11,8,28.911436
11,9,29.414326
12,0,0.0
12,1,6.250223
12,10,29.736954
12,11,29.866077
12,12,29.924194
12,13,29.948296
12,14,29.957478
12,15,29.960682
12,16,29.9617
12,17,29.962002
12,18,29.962086
12,19,29.96215
12,2,12.084011
12,20,29.962248
12,21,29.962526
12,22,29.96307
12,23,29.964264
12,24,29.96629
12,25,29.969807
12,26,29.974878
12,27,29.981941
12,28,29.990469
12,29,30.0
12,3,17.165052
12,4,21.293905
12,5,24.421822
12,6,26.63018
12,7,28.081385
12,8,28.968443
12,9,29.471905
13,0,0.0
13,1,6.2557774
13,10,29.760984
13,11,29.890163
13,12,29.948296
13,13,29.9724
13,14,29.981585
13,15,29.984787
13,16,29.985807
13,17,29.986101
13,18,29.986185
13,19,29.98621
13,2,12.094502
13,20,29.986252
13,21,29.986334
13,22,29.986546
13,23,29.986929
13,24,29.987705
13,25,29.988914
13,26,29.990826
13,27,29.993351
13,28,29.99652
13,29,30.0
13,3,17.180033
13,4,21.312025
13,5,24.442537
13,6,26.65231
13,7,28.10458
13,8,28.992077
13,9,29.495842
14,0,0.0
14,1,6.2578926
14,10,29.770145
14,11,29.89934
14,12,29.957478
14,13,29.981583
14,14,29.990767
14,15,29.993969
14,16,29.99499
14,17,29.995285
14,18,29.995363
14,19,29.995384
14,2,12.098639
14,20,29.9954
14,21,29.995426
14,22,29.995481
14,23,29.99562
14,24,29.995852
14,25,29.996273
14,26,29.99689
14,27,29.99776
14,28,29.998816
14,29,30.0
14,3,17.185738
14,4,21.319098
14,5,24.450428
14,6,26.660852
14,7,28.113415
14,8,29.001123
14,9,29.504963
15,0,0.0
15,1,6.258662
15,10,29.773346
15,11,29.902542
15,12,29.96068
15,13,29.984785
15,14,29.993969
15,15,29.997173
15,16,29.998194
15,17,29.99849
15,18,29.998566
15,19,29.998585
15,2,12.1000805
15,20,29.998592
15,21,29.998596
15,22,29.998617
15,23,29.99865
15,24,29.998726
15,25,29.998844
15,26,29.999043
15,27,29.999302
15,28,29.999634
15,29,30.0
15,3,17.187798
15,4,21.321564
15,5,24.453238
15,6,26.66383
15,7,28.116522
15,8,29.004282
15,9,29.508148
16,0,0.0
16,1,6.258907
16,10,29.774363
16,11,29.90356
16,12,29.9617
16,13,29.985807
16,14,29.994987
16,15,29.998196
16,16,29.999212
16,17,29.999508
16,18,29.999584
16,19,29.999603
16,2,12.100559
16,20,29.999607
16,21,29.999609
16,22,29.999613
16,23,29.999624
16,24,29.999641
16,25,29.999678
16,26,29.99973
16,27,29.999805
16,28,29.999895
16,29,30.0
16,3,17.18845
16,4,21.322372
16,5,24.45413
16,6,26.664791
16,7,28.117512
16,8,29.00529
16,9,29.509163
17,0,0.0
17,1,6.2589817
17,10,29.774654
17,11,29.903854
17,12,29.961994
17,13,29.986103
17,14,29.995285
17,15,29.998487
17,16,29.999508
17,17,29.999802
17,18,29.999878
17,19,29.999897
17,2,12.1006975
17,20,29.9999
17,21,29.9999
17,22,29.999905
17,23,29.999907
17,24,29.999908
17,25,29.999916
17,26,29.999933
17,27,29.99995
17,28,29.999973
17,29,30.0
17,3,17.188646
17,4,21.322605
17,5,24.454393
17,6,26.66507
17,7,28.117802
17,8,29.00558
17,9,29.509459
18,0,0.0
18,1,6.2590013
18,10,29.774733
18,11,29.903933
18,12,29.962072
18,13,29.98618
18,14,29.995361
18,15,29.998566
18,16,29.999584
18,17,29.999878
18,18,29.999956
18,19,29.999973
18,2,12.100735
18,20,29.999977
18,21,29.999977
18,22,29.99998
18,23,29.999979
18,24,29.99998
18,25,29.999985
18,26,29.999985
18,27,29.99999
18,28,29.999996
18,29,30.0
18,3,17.188698
18,4,21.322666
18,5,24.454464
18,6,26.665146
18,7,28.117876
18,8,29.00566
18,9,29.509535
19,0,0.0
19,1,6.259006
19,10,29.774752
19,11,29.90395
19,12,29.96209
19,13,29.986197
19,14,29.99538
19,15,29.998585
19,16,29.999603
19,17,29.999897
19,18,29.999973
19,19,29.999992
19,2,12.100744
19,20,29.999996
19,21,29.999996
19,22,29.999996
19,23,29.999996
19,24,29.999996
19,25,29.999996
19,26,29.999998
19,27,30.0
19,28,30.0
19,29,30.0
19,3,17.188711
19,4,21.322683
19,5,24.454481
19,6,26.665161
19,7,28.117895
19,8,29.005676
19,9,29.509552
2,0,0.0
2,1,2.504397
2,10,12.003992
2,11,12.05871
2,12,12.084013
2,13,12.094512
2,14,12.098671
2,15,12.10021
2,16,12.100964
2,17,12.102022
2,18,12.104448
2,19,12.111107
2,2,4.8468723
2,20,12.126803
2,21,12.164563
2,22,12.246273
2,23,12.42185
2,24,12.776135
2,25,13.481183
2,26,14.840455
2,27,17.423437
2,28,22.16055
2,29,30.0
2,3,6.8870916
2,4,8.555606
2,5,9.819632
2,6,10.721798
2,7,11.3146515
2,8,11.682753
2,9,11.891676
20,0,0.0
20,1,6.259007
20,10,29.774755
20,11,29.903954
20,12,29.962093
20,13,29.986202
20,14,29.995384
20,15,29.998589
20,16,29.999607
20,17,29.9999
20,18,29.999977
20,19,29.999996
20,2,12.100747
20,20,30.0
20,21,30.0
20,22,30.0
20,23,30.0
20,24,30.0
20,25,30.0
20,26,30.0
20,27,30.0
20,28,30.0
20,29,30.0
20,3,17.188715
20,4,21.322687
20,5,24.454485
20,6,26.665167
20,7,28.117899
20,8,29.00568
20,9,29.509558
21,0,0.0
21,1,6.259007
21,10,29.774755
21,11,29.903954
21,12,29.962093
21,13,29.9862
21,14,29.995384
21,15,29.998589
21,16,29.999609
21,17,29.999903
21,18,29.99998
21,19,29.999996
21,2,12.100747
21,20,30.0
21,21,30.0
21,22,30.0
21,23,30.0
21,24,30.0
21,25,30.0
21,26,30.0
21,27,30.0
21,28,30.0
21,29,30.0
21,3,17.188715
21,4,21.32269
21,5,24.454487
21,6,26.665165
21,7,28.1179
21,8,29.00568
21,9,29.509558
22,0,0.0
22,1,6.2590075
22,10,29.774754
22,11,29.903954
22,12,29.962091
22,13,29.986202
22,14,29.995384
22,15,29.998589
22,16,29.999607
22,17,29.999903
22,18,29.99998
22,19,29.999996
22,2,12.100747
22,20,30.0
22,21,30.0
22,22,30.0
22,23,30.0
22,24,30.0
22,25,30.0
22,26,30.0
22,27,30.0
22,28,30.0
22,29,30.0
22,3,17.188715
22,4,21.32269
22,5,24.454489
22,6,26.665165
22,7,28.1179
22,8,29.00568
22,9,29.509558
23,0,0.0
23,1,6.259007
23,10,29.774757
23,11,29.903954
23,12,29.962093
23,13,29.986198
23,14,29.995388
23,15,29.998589
23,16,29.999609
23,17,29.999903
23,18,29.99998
23,19,29.999996
23,2,12.100748
23,20,30.0
23,21,30.0
23,22,30.0
23,23,30.0
23,24,30.0
23,25,30.0
23,26,30.0
23,27,30.0
23,28,30.0
23,29,30.0
23,3,17.188715
23,4,21.32269
23,5,24.454485
23,6,26.665167
23,7,28.1179
23,8,29.005684
23,9,29.509556
24,0,0.0
24,1,6.259007
24,10,29.774754
24,11,29.903954
24,12,29.96209
24,13,29.9862
24,14,29.995384
24,15,29.998589
24,16,29.999607
24,17,29.999905
24,18,29.999979
24,19,29.999996
24,2,12.100747
24,20,30.0
24,21,30.0
24,22,30.0
24,23,30.0
24,24,30.0
24,25,30.0
24,26,30.0
24,27,30.0
24,28,30.0
24,29,30.0
24,3,17.188715
24,4,21.322687
24,5,24.454489
24,6,26.665165
24,7,28.1179
24,8,29.005682
24,9,29.509558
25,0,0.0
25,1,6.259007
25,10,29.774755
25,11,29.903952
25,12,29.962093
25,13,29.986198
25,14,29.995384
25,15,29.998587
25,16,29.99961
25,17,29.999905
25,18,29.99998
25,19,29.999996
25,2,12.100748
25,20,30.0
25,21,30.0
25,22,30.0
25,23,30.0
25,24,30.0
25,25,30.0
25,26,30.0
25,27,30.0
25,28,30.0
25,29,30.0
25,3,17.188713
25,4,21.32269
25,5,24.454487
25,6,26.665167
25,7,28.117899
25,8,29.00568
25,9,29.509556
26,0,0.0
26,1,6.2590075
26,10,29.774754
26,11,29.903954
26,12,29.962093
26,13,29.986202
26,14,29.995382
26,15,29.998589
26,16,29.999607
26,17,29.999905
26,18,29.99998
26,19,29.999996
26,2,12.100747
26,20,30.0
26,21,30.0
26,22,30.0
26,23,30.0
26,24,30.0
26,25,30.0
26,26,30.0
26,27,30.0
26,28,30.0
26,29,30.0
26,3,17.188713
26,4,21.322687
26,5,24.454487
26,6,26.665169
26,7,28.1179
26,8,29.005682
26,9,29.509558
27,0,0.0
27,1,6.2590075
27,10,29.774755
27,11,29.903954
27,12,29.962093
27,13,29.9862
27,14,29.995384
27,15,29.998587
27,16,29.999607
27,17,29.999905
27,18,29.99998
27,19,29.999998
27,2,12.100747
27,20,30.0
27,21,30.0
27,22,30.0
27,23,30.0
27,24,30.0
27,25,30.0
27,26,30.0
27,27,30.0
27,28,30.0
27,29,30.0
27,3,17.188713
27,4,21.32269
27,5,24.454487
27,6,26.665167
27,7,28.1179
27,8,29.005682
27,9,29.509558
28,0,0.0
28,1,6.2590075
28,10,29.774755
28,11,29.903954
28,12,29.962093
28,13,29.986202
28,14,29.995386
28,15,29.998589
28,16,29.999609
28,17,29.999903
28,18,29.99998
28,19,29.999996
28,2,12.100747
28,20,30.0
28,21,30.0
28,22,30.0
28,23,30.0
28,24,30.0
28,25,30.0
28,26,30.0
28,27,30.0
28,28,30.0
28,29,30.0
28,3,17.188715
28,4,21.322687
28,5,24.454487
28,6,26.665169
28,7,28.1179
28,8,29.005682
28,9,29.509558
29,0,0.0
29,1,6.259007
29,10,29.774755
29,11,29.903955
29,12,29.962091
29,13,29.986202
29,14,29.995384
29,15,29.998589
29,16,29.999607
29,17,29.999903
29,18,29.999979
29,19,29.999996
29,2,12.100748
29,20,30.0
29,21,30.0
29,22,30.0
29,23,30.0
29,24,30.0
29,25,30.0
29,26,30.0
29,27,30.0
29,28,30.0
29,29,30.0
29,3,17.188713
29,4,21.32269
29,5,24.454485
29,6,26.665167
29,7,28.1179
29,8,29.00568
29,9,29.50956
3,0,0.0
3,1,3.5622892
3,10,17.051708
3,11,17.129877
3,12,17.165054
3,13,17.180042
3,14,17.185778
3,15,17.187931
3,16,17.188942
3,17,17.190105
3,18,17.193113
3,19,17.200397
3,2,6.8870916
3,20,17.21912
3,21,17.26085
3,22,17.35418
3,23,17.543907
3,24,17.921902
3,25,18.627155
3,26,19.897036
3,27,22.046635
3,28,25.419943
3,29,30.0
3,3,9.794073
3,4,12.155994
3,5,13.959337
3,6,15.2322855
3,7,16.07883
3,8,16.596163
3,9,16.894623
30,0,0.0
30,1,6.2590075
30,10,29.774755
30,11,29.903954
30,12,29.962093
30,13,29.9862
30,14,29.995384
30,15,29.998589
30,16,29.999607
30,17,29.9999
30,18,29.999979
30,19,29.999996
30,2,12.100747
30,20,30.0
30,21,30.0
30,22,30.0
30,23,30.0
30,24,30.0
30,25,30.0
30,26,30.0
30,27,30.0
30,28,30.0
30,29,30.0
30,3,17.188713
30,4,21.322687
30,5,24.454485
30,6,26.665167
30,7,28.117899
30,8,29.005684
30,9,29.509556
31,0,0.0
31,1,6.259007
31,10,29.774755
31,11,29.903954
31,12,29.962093
31,13,29.9862
31,14,29.995384
31,15,29.998587
31,16,29.999607
31,17,29.9999
31,18,29.999979
31,19,29.999996
31,2,12.100748
31,20,30.0
31,21,30.0
31,22,30.0
31,23,30.0
31,24,30.0
31,25,30.0
31,26,30.0
31,27,30.0
31,28,30.0
31,29,30.0
31,3,17.188715
31,4,21.32269
31,5,24.454487
31,6,26.665165
31,7,28.1179
31,8,29.005682
31,9,29.509558
32,0,0.0
32,1,6.2590075
32,10,29.774755
32,11,29.903954
32,12,29.962093
32,13,29.986202
32,14,29.995382
32,15,29.998589
32,16,29.999607
32,17,29.9999
32,18,29.999977
32,19,29.999996
32,2,12.100747
32,20,30.0
32,21,30.0
32,22,30.0
32,23,30.0
32,24,30.0
32,25,30.0
32,26,30.0
32,27,30.0
32,28,30.0
32,29,30.0
32,3,17.188715
32,4,21.322687
32,5,24.454487
32,6,26.665165
32,7,28.1179
32,8,29.005682
32,9,29.509558
33,0,0.0
33,1,6.259007
33,10,29.774755
33,11,29.903954
33,12,29.962093
33,13,29.986198
33,14,29.995384
33,15,29.998587
33,16,29.999607
33,17,29.9999
33,18,29.999977
33,19,29.999996
33,2,12.100748
33,20,30.0
33,21,30.0
33,22,30.0
33,23,30.0
33,24,30.0
33,25,30.0
33,26,30.0
33,27,30.0
33,28,30.0
33,29,30.0
33,3,17.188715
33,4,21.32269
33,5,24.454487
33,6,26.665165
33,7,28.1179
33,8,29.005684
33,9,29.50956
34,0,0.0
34,1,6.2590075
34,10,29.774755
34,11,29.903954
34,12,29.962093
34,13,29.986202
34,14,29.995384
34,15,29.998589
34,16,29.999607
34,17,29.9999
34,18,29.999977
34,19,29.999996
34,2,12.100748
34,20,30.0
34,21,30.0
34,22,30.0
34,23,30.0
34,24,30.0
34,25,30.0
34,26,30.0
34,27,30.0
34,28,30.0
34,29,30.0
34,3,17.188717
34,4,21.32269
34,5,24.454487
34,6,26.665165
34,7,28.1179
34,8,29.005684
34,9,29.50956
35,0,0.0
35,1,6.2590075
35,10,29.774755
35,11,29.903954
35,12,29.962093
35,13,29.986202
35,14,29.995384
35,15,29.998589
35,16,29.999607
35,17,29.9999
35,18,29.999977
35,19,29.999996
35,2,12.100748
35,20,30.0
35,21,30.0
35,22,30.0
35,23,30.0
35,24,30.0
35,25,30.0
35,26,30.0
35,27,30.0
35,28,30.0
35,29,30.0
35,3,17.188715
35,4,21.32269
35,5,24.454487
35,6,26.665165
35,7,28.1179
35,8,29.005684
35,9,29.50956
36,0,0.0
36,1,6.2590075
36,10,29.774755
36,11,29.903954
36,12,29.962093
36,13,29.986202
36,14,29.995384
36,15,29.998589
36,16,29.999607
36,17,29.9999
36,18,29.999977
36,19,29.999996
36,2,12.100748
36,20,30.0
36,21,30.0
36,22,30.0
36,23,30.0
36,24,30.0
36,25,30.0
36,26,30.0
36,27,30.0
36,28,30.0
36,29,30.0
36,3,17.188717
36,4,21.32269
36,5,24.454487
36,6,26.665165
36,7,28.1179
36,8,29.005684
36,9,29.50956
37,0,0.0
37,1,6.2590075
37,10,29.774755
37,11,29.903954
37,12,29.962093
37,13,29.986202
37,14,29.995384
37,15,29.998589
37,16,29.999607
37,17,29.9999
37,18,29.999977
37,19,29.999996
37,2,12.100748
37,20,30.0
37,21,30.0
37,22,30.0
37,23,30.0
37,24,30.0
37,25,30.0
37,26,30.0
37,27,30.0
37,28,30.0
37,29,30.0
37,3,17.188715
37,4,21.32269
37,5,24.454487
37,6,26.665165
37,7,28.1179
37,8,29.005684
37,9,29.50956
38,0,0.0
38,1,6.2590075
38,10,29.774755
38,11,29.903954
38,12,29.962093
38,13,29.986202
38,14,29.995384
38,15,29.998589
38,16,29.999607
38,17,29.9999
38,18,29.999977
38,19,29.999996
38,2,12.100748
38,20,30.0
38,21,30.0
38,22,30.0
38,23,30.0
38,24,30.0
38,25,30.0
38,26,30.0
38,27,30.0
38,28,30.0
38,29,30.0
38,3,17.188717
38,4,21.32269
38,5,24.454487
38,6,26.665169
38,7,28.1179
38,8,29.005684
38,9,29.509556
39,0,0.0
39,1,6.259007
39,10,29.774754
39,11,29.903954
39,12,29.962093
39,13,29.986202
39,14,29.995384
39,15,29.998589
39,16,29.999607
39,17,29.999903
39,18,29.999979
39,19,29.999996
39,2,12.100748
39,20,30.0
39,21,30.0
39,22,30.0
39,23,30.0
39,24,30.0
39,25,30.0
39,26,30.0
39,27,30.0
39,28,30.0
39,29,30.0
39,3,17.188713
39,4,21.32269
39,5,24.454487
39,6,26.665167
39,7,28.117899
39,8,29.005682
39,9,29.509558
4,0,0.0
4,1,4.4218264
4,10,21.154978
4,11,21.250202
4,12,21.293905
4,13,21.312035
4,14,21.31913
4,15,21.321697
4,16,21.322794
4,17,21.324015
4,18,21.326622
4,19,21.33379
4,2,8.555606
4,20,21.350376
4,21,21.38987
4,22,21.472399
4,23,21.642962
4,24,21.964214
4,25,22.547878
4,26,23.528835
4,27,25.074423
4,28,27.274231
4,29,30.0
4,3,12.155993
4,4,15.095757
4,5,17.32285
4,6,18.908031
4,7,19.949726
4,8,20.593903
4,9,20.95952
40,0,0.0
40,1,6.2590075
40,10,29.774755
40,11,29.903955
40,12,29.962093
40,13,29.986202
40,14,29.995384
40,15,29.998589
40,16,29.999607
40,17,29.9999
40,18,29.999977
40,19,29.999996
40,2,12.100747
40,20,30.0
40,21,30.0
40,22,30.0
40,23,30.0
40,24,30.0
40,25,30.0
40,26,30.0
40,27,30.0
40,28,30.0
40,29,30.0
40,3,17.188715
40,4,21.322687
40,5,24.454487
40,6,26.665167
40,7,28.1179
40,8,29.00568
40,9,29.50956
41,0,0.0
41,1,6.2590075
41,10,29.774755
41,11,29.903955
41,12,29.962093
41,13,29.986202
41,14,29.995384
41,15,29.998589
41,16,29.999609
41,17,29.9999
41,18,29.99998
41,19,29.999996
41,2,12.100747
41,20,30.0
41,21,30.0
41,22,30.0
41,23,30.0
41,24,30.0
41,25,30.0
41,26,30.0
41,27,30.0
41,28,30.0
41,29,30.0
41,3,17.188713
41,4,21.32269
41,5,24.454485
41,6,26.665165
41,7,28.1179
41,8,29.005684
41,9,29.50956
42,0,0.0
42,1,6.259007
42,10,29.774755
42,11,29.903955
42,12,29.962093
42,13,29.986202
42,14,29.995386
42,15,29.998589
42,16,29.999609
42,17,29.999903
42,18,29.99998
42,19,29.999996
42,2,12.100747
42,20,30.0
42,21,30.0
42,22,30.0
42,23,30.0
42,24,30.0
42,25,30.0
42,26,30.0
42,27,30.0
42,28,30.0
42,29,30.0
42,3,17.188713
42,4,21.322687
42,5,24.454487
42,6,26.665167
42,7,28.117899
42,8,29.005684
42,9,29.509556
43,0,0.0
43,1,6.259007
43,10,29.774755
43,11,29.903954
43,12,29.962093
43,13,29.986202
43,14,29.995384
43,15,29.998589
43,16,29.999607
43,17,29.999905
43,18,29.999979
43,19,29.999996
43,2,12.100748
43,20,30.0
43,21,30.0
43,22,30.0
43,23,30.0
43,24,30.0
43,25,30.0
43,26,30.0
43,27,30.0
43,28,30.0
43,29,30.0
43,3,17.188713
43,4,21.322685
43,5,24.454485
43,6,26.665167
43,7,28.1179
43,8,29.00568
43,9,29.50956
44,0,0.0
44,1,6.2590065
44,10,29.774755
44,11,29.903954
44,12,29.962093
44,13,29.986202
44,14,29.995384
44,15,29.998589
44,16,29.999609
44,17,29.9999
44,18,29.99998
44,19,29.999996
44,2,12.100746
44,20,30.0
44,21,30.0
44,22,30.0
44,23,30.0
44,24,30.0
44,25,30.0
44,26,30.0
44,27,30.0
44,28,30.0
44,29,30.0
44,3,17.188713
44,4,21.322687
44,5,24.454483
44,6,26.665169
44,7,28.1179
44,8,29.005682
44,9,29.509558
45,0,0.0
45,1,6.259007
45,10,29.774754
45,11,29.903954
45,12,29.962091
45,13,29.9862
45,14,29.995384
45,15,29.998589
45,16,29.999607
45,17,29.999905
45,18,29.99998
45,19,29.999996
45,2,12.100746
45,20,30.0
45,21,30.0
45,22,30.0
45,23,30.0
45,24,30.0
45,25,30.0
45,26,30.0
45,27,30.0
45,28,30.0
45,29,30.0
45,3,17.188713
45,4,21.322685
45,5,24.454485
45,6,26.665167
45,7,28.117899
45,8,29.00568
45,9,29.509556
46,0,0.0
46,1,6.259007
46,10,29.774754
46,11,29.903954
46,12,29.962093
46,13,29.986202
46,14,29.995384
46,15,29.998589
46,16,29.999609
46,17,29.999903
46,18,29.99998
46,19,29.999996
46,2,12.100746
46,20,30.0
46,21,30.0
46,22,30.0
46,23,30.0
46,24,30.0
46,25,30.0
46,26,30.0
46,27,30.0
46,28,30.0
46,29,30.0
46,3,17.188713
46,4,21.32269
46,5,24.454483
46,6,26.665167
46,7,28.117899
46,8,29.00568
46,9,29.509556
47,0,0.0
47,1,6.2590065
47,10,29.774754
47,11,29.903954
47,12,29.962091
47,13,29.986198
47,14,29.995384
47,15,29.998589
47,16,29.999607
47,17,29.999905
47,18,29.999979
47,19,29.999996
47,2,12.100747
47,20,30.0
47,21,30.0
47,22,30.0
47,23,30.0
47,24,30.0
47,25,30.0
47,26,30.0
47,27,30.0
47,28,30.0
47,29,30.0
47,3,17.188713
47,4,21.32269
47,5,24.454487
47,6,26.665165
47,7,28.117899
47,8,29.00568
47,9,29.509556
48,0,0.0
48,1,6.259007
48,10,29.774755
48,11,29.903954
48,12,29.962093
48,13,29.986202
48,14,29.995382
48,15,29.998589
48,16,29.999607
48,17,29.9999
48,18,29.99998
48,19,29.999996
48,2,12.100748
48,20,30.0
48,21,30.0
48,22,30.0
48,23,30.0
48,24,30.0
48,25,30.0
48,26,30.0
48,27,30.0
48,28,30.0
48,29,30.0
48,3,17.188713
48,4,21.32269
48,5,24.454487
48,6,26.665167
48,7,28.117897
48,8,29.005682
48,9,29.509556
49,0,0.0
49,1,6.2590075
49,10,29.774755
49,11,29.903954
49,12,29.962093
49,13,29.9862
49,14,29.995384
49,15,29.998587
49,16,29.999609
49,17,29.999903
49,18,29.99998
49,19,29.999996
49,2,12.100747
49,20,30.0
49,21,30.0
49,22,30.0
49,23,30.0
49,24,30.0
49,25,30.0
49,26,30.0
49,27,30.0
49,28,30.0
49,29,30.0
49,3,17.188713
49,4,21.32269
49,5,24.454487
49,6,26.665165
49,7,28.1179
49,8,29.00568
49,9,29.50956
5,0,0.0
5,1,5.0791197
5,10,24.263515
5,11,24.372692
5,12,24.421824
5,13,24.442543
5,14,24.450459
5,15,24.45333
5,16,24.45448
5,17,24.45544
5,18,24.457695
5,19,24.463018
5,2,9.819632
5,20,24.47678
5,21,24.5067
5,22,24.572474
5,23,24.700233
5,24,24.94224
5,25,25.358631
5,26,26.037434
5,27,27.043495
5,28,28.40032
5,29,30.0
5,3,13.959337
5,4,17.32285
5,5,19.88448
5,6,21.692692
5,7,22.8905
5,8,23.622498
5,9,24.042473
50,0,0.0
50,1,6.2590075
50,10,29.774754
50,11,29.903954
50,12,29.962093
50,13,29.986202
50,14,29.995384
50,15,29.998589
50,16,29.999607
50,17,29.999905
50,18,29.999979
50,19,29.999996
50,2,12.100747
50,20,30.0
50,21,30.0
50,22,30.0
50,23,30.0
50,24,30.0
50,25,30.0
50,26,30.0
50,27,30.0
50,28,30.0
50,29,30.0
50,3,17.188715
50,4,21.32269
50,5,24.454487
50,6,26.665167
50,7,28.117899
50,8,29.005684
50,9,29.509556
51,0,0.0
51,1,6.2590075
51,10,29.774755
51,11,29.903954
51,12,29.962093
51,13,29.9862
51,14,29.995388
51,15,29.998589
51,16,29.999609
51,17,29.9999
51,18,29.99998
51,19,29.999996
51,2,12.100748
51,20,30.0
51,21,30.0
51,22,30.0
51,23,30.0
51,24,30.0
51,25,30.0
51,26,30.0
51,27,30.0
51,28,30.0
51,29,30.0
51,3,17.188715
51,4,21.32269
51,5,24.454487
51,6,26.665167
51,7,28.1179
51,8,29.00568
51,9,29.509558
52,0,0.0
52,1,6.2590075
52,10,29.774754
52,11,29.903955
52,12,29.962093
52,13,29.986202
52,14,29.995388
52,15,29.998589
52,16,29.999607
52,17,29.999905
52,18,29.999979
52,19,29.999996
52,2,12.100748
52,20,30.0
52,21,30.0
52,22,30.0
52,23,30.0
52,24,30.0
52,25,30.0
52,26,30.0
52,27,30.0
52,28,30.0
52,29,30.0
52,3,17.188715
52,4,21.32269
52,5,24.454489
52,6,26.665165
52,7,28.1179
52,8,29.00568
52,9,29.509556
53,0,0.0
53,1,6.2590075
53,10,29.774755
53,11,29.903954
53,12,29.962095
53,13,29.9862
53,14,29.995386
53,15,29.998589
53,16,29.999607
53,17,29.9999
53,18,29.99998
53,19,29.999996
53,2,12.100748
53,20,30.0
53,21,30.0
53,22,30.0
53,23,30.0
53,24,30.0
53,25,30.0
53,26,30.0
53,27,30.0
53,28,30.0
53,29,30.0
53,3,17.188715
53,4,21.32269
53,5,24.454487
53,6,26.665169
53,7,28.1179
53,8,29.005684
53,9,29.509556
54,0,0.0
54,1,6.2590075
54,10,29.774754
54,11,29.903955
54,12,29.962093
54,13,29.986202
54,14,29.995388
54,15,29.998589
54,16,29.999609
54,17,29.999905
54,18,29.99998
54,19,29.999996
54,2,12.100748
54,20,30.0
54,21,30.0
54,22,30.0
54,23,30.0
54,24,30.0
54,25,30.0
54,26,30.0
54,27,30.0
54,28,30.0
54,29,30.0
54,3,17.188715
54,4,21.32269
54,5,24.454487
54,6,26.665167
54,7,28.1179
54,8,29.00568
54,9,29.509558
55,0,0.0
55,1,6.2590075
55,10,29.774755
55,11,29.903954
55,12,29.962093
55,13,29.986202
55,14,29.995384
55,15,29.998589
55,16,29.999607
55,17,29.999903
55,18,29.99998
55,19,29.999996
55,2,12.100748
55,20,30.0
55,21,30.0
55,22,30.0
55,23,30.0
55,24,30.0
55,25,30.0
55,26,30.0
55,27,30.0
55,28,30.0
55,29,30.0
55,3,17.188715
55,4,21.32269
55,5,24.454487
55,6,26.665169
55,7,28.117899
55,8,29.00568
55,9,29.509556
56,0,0.0
56,1,6.2590075
56,10,29.774755
56,11,29.903954
56,12,29.962093
56,13,29.986202
56,14,29.995384
56,15,29.998589
56,16,29.999607
56,17,29.9999
56,18,29.99998
56,19,29.999996
56,2,12.100748
56,20,30.0
56,21,30.0
56,22,30.0
56,23,30.0
56,24,30.0
56,25,30.0
56,26,30.0
56,27,30.0
56,28,30.0
56,29,30.0
56,3,17.188717
56,4,21.32269
56,5,24.454487
56,6,26.665165
56,7,28.117899
56,8,29.00568
56,9,29.509556
57,0,0.0
57,1,6.2590075
57,10,29.774755
57,11,29.903954
57,12,29.962093
57,13,29.986202
57,14,29.995388
57,15,29.998589
57,16,29.999607
57,17,29.9999
57,18,29.999979
57,19,29.999996
57,2,12.100749
57,20,30.0
57,21,30.0
57,22,30.0
57,23,30.0
57,24,30.0
57,25,30.0
57,26,30.0
57,27,30.0
57,28,30.0
57,29,30.0
57,3,17.188715
57,4,21.32269
57,5,24.454487
57,6,26.665169
57,7,28.117899
57,8,29.00568
57,9,29.509558
58,0,0.0
58,1,6.2590084
58,10,29.774754
58,11,29.903954
58,12,29.962091
58,13,29.986202
58,14,29.995384
58,15,29.998589
58,16,29.999607
58,17,29.9999
58,18,29.999977
58,19,29.999996
58,2,12.100747
58,20,30.0
58,21,30.0
58,22,30.0
58,23,30.0
58,24,30.0
58,25,30.0
58,26,30.0
58,27,30.0
58,28,30.0
58,29,30.0
58,3,17.188717
58,4,21.32269
58,5,24.454487
58,6,26.665167
58,7,28.1179
58,8,29.00568
58,9,29.509558
59,0,0.0
59,1,6.2590065
59,10,29.774755
59,11,29.903954
59,12,29.962093
59,13,29.986202
59,14,29.995388
59,15,29.998589
59,16,29.999607
59,17,29.9999
59,18,29.999977
59,19,29.999996
59,2,12.10075
59,20,30.0
59,21,30.0
59,22,30.0
59,23,30.0
59,24,30.0
59,25,30.0
59,26,30.0
59,27,30.0
59,28,30.0
59,29,30.0
59,3,17.188713
59,4,21.32269
59,5,24.454487
59,6,26.665165
59,7,28.1179
59,8,29.005684
59,9,29.509556
6,0,0.0
6,1,5.543091
6,10,26.459486
6,11,26.576805
6,12,26.63018
6,13,26.652317
6,14,26.660868
6,15,26.663898
6,16,26.665007
6,17,26.665821
6,18,26.667263
6,19,26.671236
6,2,10.721798
6,20,26.680267
6,21,26.701845
6,22,26.74562
6,23,26.834084
6,24,26.992455
6,25,27.26507
6,26,27.688375
6,27,28.29995
6,28,29.090225
6,29,30.0
6,3,15.232285
6,4,18.908031
6,5,21.69269
6,6,23.668167
6,7,24.966343
6,8,25.765244
6,9,26.218678
60,0,0.0
60,1,6.2590075
60,10,29.774755
60,11,29.903955
60,12,29.962093
60,13,29.986202
60,14,29.995384
60,15,29.998589
60,16,29.999607
60,17,29.9999
60,18,29.999979
60,19,29.999996
60,2,12.100747
60,20,30.0
60,21,30.0
60,22,30.0
60,23,30.0
60,24,30.0
60,25,30.0
60,26,30.0
60,27,30.0
60,28,30.0
60,29,30.0
60,3,17.188717
60,4,21.322687
60,5,24.454489
60,6,26.665165
60,7,28.1179
60,8,29.005682
60,9,29.509558
61,0,0.0
61,1,6.2590065
61,10,29.774757
61,11,29.903954
61,12,29.962095
61,13,29.986202
61,14,29.995384
61,15,29.998589
61,16,29.999607
61,17,29.9999
61,18,29.99998
61,19,29.999996
61,2,12.100748
61,20,30.0
61,21,30.0
61,22,30.0
61,23,30.0
61,24,30.0
61,25,30.0
61,26,30.0
61,27,30.0
61,28,30.0
61,29,30.0
61,3,17.188713
61,4,21.322691
61,5,24.454487
61,6,26.665169
61,7,28.1179
61,8,29.005684
61,9,29.509556
62,0,0.0
62,1,6.2590075
62,10,29.774755
62,11,29.903955
62,12,29.962093
62,13,29.986204
62,14,29.995388
62,15,29.998589
62,16,29.999607
62,17,29.999905
62,18,29.99998
62,19,29.999996
62,2,12.100747
62,20,30.0
62,21,30.0
62,22,30.0
62,23,30.0
62,24,30.0
62,25,30.0
62,26,30.0
62,27,30.0
62,28,30.0
62,29,30.0
62,3,17.188715
62,4,21.32269
62,5,24.454487
62,6,26.665169
62,7,28.1179
62,8,29.00568
62,9,29.50956
63,0,0.0
63,1,6.259007
63,10,29.774755
63,11,29.903954
63,12,29.962097
63,13,29.9862
63,14,29.995384
63,15,29.998589
63,16,29.999607
63,17,29.999905
63,18,29.99998
63,19,29.999996
63,2,12.100748
63,20,30.0
63,21,30.0
63,22,30.0
63,23,30.0
63,24,30.0
63,25,30.0
63,26,30.0
63,27,30.0
63,28,30.0
63,29,30.0
63,3,17.188715
63,4,21.32269
63,5,24.454489
63,6,26.665167
63,7,28.1179
63,8,29.00568
63,9,29.50956
64,0,0.0
64,1,6.259007
64,10,29.774755
64,11,29.903955
64,12,29.962091
64,13,29.986202
64,14,29.995384
64,15,29.998589
64,16,29.999607
64,17,29.999905
64,18,29.99998
64,19,29.999996
64,2,12.100746
64,20,30.0
64,21,30.0
64,22,30.0
64,23,30.0
64,24,30.0
64,25,30.0
64,26,30.0
64,27,30.0
64,28,30.0
64,29,30.0
64,3,17.188713
64,4,21.32269
64,5,24.454485
64,6,26.665169
64,7,28.1179
64,8,29.00568
64,9,29.50956
65,0,0.0
65,1,6.2590065
65,10,29.774755
65,11,29.903954
65,12,29.962095
65,13,29.9862
65,14,29.995384
65,15,29.998589
65,16,29.999607
65,17,29.999905
65,18,29.99998
65,19,29.999996
65,2,12.100746
65,20,30.0
65,21,30.0
65,22,30.0
65,23,30.0
65,24,30.0
65,25,30.0
65,26,30.0
65,27,30.0
65,28,30.0
65,29,30.0
65,3,17.188715
65,4,21.322685
65,5,24.454485
65,6,26.665167
65,7,28.1179
65,8,29.00568
65,9,29.50956
66,0,0.0
66,1,6.2590065
66,10,29.774755
66,11,29.903955
66,12,29.962091
66,13,29.986202
66,14,29.995384
66,15,29.998589
66,16,29.999607
66,17,29.999905
66,18,29.99998
66,19,29.999996
66,2,12.100746
66,20,30.0
66,21,30.0
66,22,30.0
66,23,30.0
66,24,30.0
66,25,30.0
66,26,30.0
66,27,30.0
66,28,30.0
66,29,30.0
66,3,17.188713
66,4,21.322687
66,5,24.454485
66,6,26.665169
66,7,28.1179
66,8,29.00568
66,9,29.50956
67,0,0.0
67,1,6.2590065
67,10,29.774755
67,11,29.903954
67,12,29.962095
67,13,29.9862
67,14,29.995384
67,15,29.998589
67,16,29.999607
67,17,29.999905
67,18,29.99998
67,19,29.999996
67,2,12.100746
67,20,30.0
67,21,30.0
67,22,30.0
67,23,30.0
67,24,30.0
67,25,30.0
67,26,30.0
67,27,30.0
67,28,30.0
67,29,30.0
67,3,17.188715
67,4,21.322685
67,5,24.454485
67,6,26.665167
67,7,28.1179
67,8,29.00568
67,9,29.50956
68,0,0.0
68,1,6.2590065
68,10,29.774755
68,11,29.903954
68,12,29.962093
68,13,29.986202
68,14,29.995384
68,15,29.998589
68,16,29.999607
68,17,29.999905
68,18,29.99998
68,19,29.999996
68,2,12.100747
68,20,30.0
68,21,30.0
68,22,30.0
68,23,30.0
68,24,30.0
68,25,30.0
68,26,30.0
68,27,30.0
68,28,30.0
68,29,30.0
68,3,17.188713
68,4,21.322687
68,5,24.454485
68,6,26.665169
68,7,28.1179
68,8,29.00568
68,9,29.509558
69,0,0.0
69,1,6.2590065
69,10,29.774755
69,11,29.903954
69,12,29.962093
69,13,29.9862
69,14,29.995384
69,15,29.998589
69,16,29.999607
69,17,29.9999
69,18,29.99998
69,19,29.999996
69,2,12.100746
69,20,30.0
69,21,30.0
69,22,30.0
69,23,30.0
69,24,30.0
69,25,30.0
69,26,30.0
69,27,30.0
69,28,30.0
69,29,30.0
69,3,17.188715
69,4,21.322685
69,5,24.454487
69,6,26.665167
69,7,28.117899
69,8,29.005682
69,9,29.509556
7,0,0.0
7,1,5.8524055
7,10,27.902554
7,11,28.025885
7,12,28.081388
7,13,28.10458
7,14,28.113426
7,15,28.116558
7,16,28.117651
7,17,28.11822
7,18,28.11922
7,19,28.121471
7,2,11.3146515
7,20,28.127426
7,21,28.14013
7,22,28.168102
7,23,28.220718
7,24,28.318027
7,25,28.477322
7,26,28.724651
7,27,29.068378
7,28,29.505978
7,29,30.0
7,3,16.07883
7,4,19.949724
7,5,22.890501
7,6,24.966341
7,7,26.3362
7,8,27.173338
7,9,27.651098
70,0,0.0
70,1,6.2590065
70,10,29.774755
70,11,29.903954
70,12,29.962093
70,13,29.986202
70,14,29.995384
70,15,29.998589
70,16,29.999607
70,17,29.999905
70,18,29.999979
70,19,29.999996
70,2,12.100746
70,20,30.0
70,21,30.0
70,22,30.0
70,23,30.0
70,24,30.0
70,25,30.0
70,26,30.0
70,27,30.0
70,28,30.0
70,29,30.0
70,3,17.188713
70,4,21.322685
70,5,24.454485
70,6,26.665165
70,7,28.117899
70,8,29.005682
70,9,29.509556
71,0,0.0
71,1,6.259007
71,10,29.774755
71,11,29.903955
71,12,29.962093
71,13,29.986202
71,14,29.995388
71,15,29.998589
71,16,29.999607
71,17,29.9999
71,18,29.99998
71,19,29.999996
71,2,12.100746
71,20,30.0
71,21,30.0
71,22,30.0
71,23,30.0
71,24,30.0
71,25,30.0
71,26,30.0
71,27,30.0
71,28,30.0
71,29,30.0
71,3,17.188713
71,4,21.322685
71,5,24.454485
71,6,26.665167
71,7,28.117899
71,8,29.00568
71,9,29.509558
72,0,0.0
72,1,6.259007
72,10,29.774755
72,11,29.903954
72,12,29.962093
72,13,29.986202
72,14,29.995384
72,15,29.998589
72,16,29.999607
72,17,29.999905
72,18,29.999979
72,19,29.999996
72,2,12.100746
72,20,30.0
72,21,30.0
72,22,30.0
72,23,30.0
72,24,30.0
72,25,30.0
72,26,30.0
72,27,30.0
72,28,30.0
72,29,30.0
72,3,17.188713
72,4,21.322687
72,5,24.454485
72,6,26.665167
72,7,28.117899
72,8,29.005682
72,9,29.509556
73,0,0.0
73,1,6.2590065
73,10,29.774755
73,11,29.903954
73,12,29.962093
73,13,29.986202
73,14,29.995384
73,15,29.998589
73,16,29.999607
73,17,29.9999
73,18,29.99998
73,19,29.999996
73,2,12.100746
73,20,30.0
73,21,30.0
73,22,30.0
73,23,30.0
73,24,30.0
73,25,30.0
73,26,30.0
73,27,30.0
73,28,30.0
73,29,30.0
73,3,17.188715
73,4,21.322685
73,5,24.454485
73,6,26.665165
73,7,28.1179
73,8,29.005682
73,9,29.50956
74,0,0.0
74,1,6.2590065
74,10,29.774754
74,11,29.903955
74,12,29.962091
74,13,29.9862
74,14,29.995384
74,15,29.998589
74,16,29.999609
74,17,29.999905
74,18,29.99998
74,19,29.999996
74,2,12.100746
74,20,30.0
74,21,30.0
74,22,30.0
74,23,30.0
74,24,30.0
74,25,30.0
74,26,30.0
74,27,30.0
74,28,30.0
74,29,30.0
74,3,17.188713
74,4,21.322687
74,5,24.454485
74,6,26.665167
74,7,28.1179
74,8,29.00568
74,9,29.509556
75,0,0.0
75,1,6.2590065
75,10,29.774754
75,11,29.903954
75,12,29.962093
75,13,29.986202
75,14,29.995384
75,15,29.998589
75,16,29.999607
75,17,29.9999
75,18,29.99998
75,19,29.999996
75,2,12.100746
75,20,30.0
75,21,30.0
75,22,30.0
75,23,30.0
75,24,30.0
75,25,30.0
75,26,30.0
75,27,30.0
75,28,30.0
75,29,30.0
75,3,17.188715
75,4,21.322687
75,5,24.454485
75,6,26.665165
75,7,28.1179
75,8,29.005682
75,9,29.50956
76,0,0.0
76,1,6.2590065
76,10,29.774755
76,11,29.903954
76,12,29.962091
76,13,29.9862
76,14,29.995384
76,15,29.998589
76,16,29.999607
76,17,29.9999
76,18,29.999977
76,19,29.999996
76,2,12.100746
76,20,30.0
76,21,30.0
76,22,30.0
76,23,30.0
76,24,30.0
76,25,30.0
76,26,30.0
76,27,30.0
76,28,30.0
76,29,30.0
76,3,17.188713
76,4,21.322685
76,5,24.454485
76,6,26.665167
76,7,28.1179
76,8,29.005682
76,9,29.509556
77,0,0.0
77,1,6.2590065
77,10,29.774754
77,11,29.903952
77,12,29.962093
77,13,29.986198
77,14,29.995384
77,15,29.998587
77,16,29.999607
77,17,29.9999
77,18,29.999979
77,19,29.999996
77,2,12.100746
77,20,30.0
77,21,30.0
77,22,30.0
77,23,30.0
77,24,30.0
77,25,30.0
77,26,30.0
77,27,30.0
77,28,30.0
77,29,30.0
77,3,17.188713
77,4,21.322685
77,5,24.454485
77,6,26.665167
77,7,28.1179
77,8,29.00568
77,9,29.509556
78,0,0.0
78,1,6.2590065
78,10,29.774755
78,11,29.903954
78,12,29.962093
78,13,29.986202
78,14,29.995382
78,15,29.998589
78,16,29.999607
78,17,29.999903
78,18,29.999979
78,19,29.999996
78,2,12.100747
78,20,30.0
78,21,30.0
78,22,30.0
78,23,30.0
78,24,30.0
78,25,30.0
78,26,30.0
78,27,30.0
78,28,30.0
78,29,30.0
78,3,17.188713
78,4,21.322687
78,5,24.454485
78,6,26.665167
78,7,28.1179
78,8,29.005682
78,9,29.509556
79,0,0.0
79,1,6.2590075
79,10,29.774754
79,11,29.903954
79,12,29.962093
79,13,29.986198
79,14,29.995386
79,15,29.998589
79,16,29.99961
79,17,29.999903
79,18,29.99998
79,19,29.999998
79,2,12.100748
79,20,30.0
79,21,30.0
79,22,30.0
79,23,30.0
79,24,30.0
79,25,30.0
79,26,30.0
79,27,30.0
79,28,30.0
79,29,30.0
79,3,17.188715
79,4,21.322687
79,5,24.454487
79,6,26.665167
79,7,28.1179
79,8,29.005682
79,9,29.509558
8,0,0.0
8,1,6.0414314
8,10,28.785326
8,11,28.911438
8,12,28.968441
8,13,28.99208
8,14,29.00113
8,15,29.004301
8,16,29.005352
8,17,29.00582
8,18,29.006336
8,19,29.007708
8,2,11.682753
8,20,29.010769
8,21,29.018272
8,22,29.033203
8,23,29.0634
8,24,29.115791
8,25,29.204033
8,26,29.33531
8,27,29.518188
8,28,29.745016
8,29,30.0
8,3,16.596163
8,4,20.593903
8,5,23.622496
8,6,25.765244
8,7,27.173338
8,8,28.036541
8,9,28.526468
80,0,0.0
80,1,6.2590094
80,10,29.774763
80,11,29.903965
80,12,29.962101
80,13,29.98621
80,14,29.995394
80,15,29.9986
80,16,29.999617
80,17,29.999912
80,18,29.999989
80,19,30.000004
80,2,12.100753
80,20,30.00001
80,21,30.000008
80,22,30.00001
80,23,30.00001
80,24,30.000008
80,25,30.000008
80,26,30.000006
80,27,30.000004
80,28,30.000002
80,29,30.0
80,3,17.18872
80,4,21.322697
80,5,24.454494
80,6,26.665176
80,7,28.117908
80,8,29.005692
80,9,29.509565
81,0,0.0
81,1,6.2590218
81,10,29.774807
81,11,29.904003
81,12,29.962147
81,13,29.98625
81,14,29.995436
81,15,29.998638
81,16,29.99966
81,17,29.999954
81,18,30.00003
81,19,30.00005
81,2,12.100773
81,20,30.00005
81,21,30.000051
81,22,30.000051
81,23,30.00005
81,24,30.00005
81,25,30.000044
81,26,30.000038
81,27,30.000027
81,28,30.000013
81,29,30.0
81,3,17.188751
81,4,21.322731
81,5,24.454535
81,6,26.665215
81,7,28.11795
81,8,29.005733
81,9,29.50961
82,0,0.0
82,1,6.2590704
82,10,29.774986
82,11,29.904186
82,12,29.962324
82,13,29.986431
82,14,29.995615
82,15,29.99882
82,16,29.999838
82,17,30.000134
82,18,30.000212
82,19,30.000227
82,2,12.100867
82,20,30.00023
82,21,30.00023
82,22,30.000227
82,23,30.000225
82,24,30.000212
82,25,30.000195
82,26,30.000162
82,27,30.00012
82,28,30.000063
82,29,30.0
82,3,17.188877
82,4,21.322884
82,5,24.454699
82,6,26.665392
82,7,28.118128
82,8,29.00591
82,9,29.509789
83,0,0.0
83,1,6.2592564
83,10,29.775675
83,11,29.904871
83,12,29.963013
83,13,29.987118
83,14,29.996302
83,15,29.999506
83,16,30.000526
83,17,30.000818
83,18,30.000896
83,19,30.000916
83,2,12.101214
83,20,30.000917
83,21,30.00091
83,22,30.000906
83,23,30.000877
83,24,30.000837
83,25,30.000755
83,26,30.000637
83,27,30.00046
83,28,30.000244
83,29,30.0
83,3,17.189362
83,4,21.323452
83,5,24.45533
83,6,26.66605
83,7,28.118807
83,8,29.006596
83,9,29.510475
84,0,0.0
84,1,6.259882
84,10,29.77805
84,11,29.907251
84,12,29.96539
84,13,29.989498
84,14,29.99868
84,15,30.001884
84,16,30.002901
84,17,30.003199
84,18,30.003275
84,19,30.00329
84,2,12.10241
84,20,30.003286
84,21,30.003275
84,22,30.003227
84,23,30.00315
84,24,30.002974
84,25,30.002697
84,26,30.002237
84,27,30.001629
84,28,30.000854
84,29,30.0
84,3,17.190992
84,4,21.325417
84,5,24.457485
84,6,26.668331
84,7,28.121141
84,8,29.008959
84,9,29.512848
85,0,0.0
85,1,6.261842
85,10,29.78552
85,11,29.914724
85,12,29.972864
85,13,29.996973
85,14,30.006157
85,15,30.00936
85,16,30.01038
85,17,30.01067
85,18,30.010748
85,19,30.010756
85,2,12.106097
85,20,30.010742
85,21,30.010674
85,22,30.010542
85,23,30.010223
85,24,30.009678
85,25,30.008688
85,26,30.00726
85,27,30.005222
85,28,30.002762
85,29,30.0
85,3,17.19611
85,4,21.331509
85,5,24.464256
85,6,26.675457
85,7,28.128473
85,8,29.016376
85,9,29.520304
86,0,0.0
86,1,6.267382
86,10,29.806929
86,11,29.936146
86,12,29.994291
86,13,30.018402
86,14,30.027586
86,15,30.030788
86,16,30.031805
86,17,30.0321
86,18,30.032164
86,19,30.03216
86,2,12.116665
86,20,30.032074
86,21,30.031889
86,22,30.031399
86,23,30.030499
86,24,30.028694
86,25,30.025864
86,26,30.021404
86,27,30.015514
86,28,30.008121
86,29,30.0
86,3,17.21061
86,4,21.348972
86,5,24.483528
86,6,26.695877
86,7,28.149437
86,8,29.037632
86,9,29.541664
87,0,0.0
87,1,6.28199
87,10,29.863113
87,11,29.992378
87,12,30.050537
87,13,30.07465
87,14,30.083836
87,15,30.087036
87,16,30.088055
87,17,30.088337
87,18,30.08839
87,19,30.088306
87,2,12.144211
87,20,30.088087
87,21,30.087442
87,22,30.08617
87,23,30.083385
87,24,30.078657
87,25,30.070452
87,26,30.058617
87,27,30.04214
87,28,30.022236
87,29,30.0
87,3,17.248789
87,4,21.39455
87,5,24.534185
87,6,26.749302
87,7,28.204485
87,8,29.09336
87,9,29.597744
88,0,0.0
88,1,6.317214
88,10,29.998634
88,11,30.127987
88,12,30.186184
88,13,30.210304
88,14,30.21949
88,15,30.222694
88,16,30.223705
88,17,30.223978
88,18,30.223957
88,19,30.223742
88,2,12.211209
88,20,30.22302
88,21,30.221489
88,22,30.217834
88,23,30.211128
88,24,30.19839
88,25,30.178364
88,26,30.14759
88,27,30.106749
88,28,30.055965
88,29,30.0
88,3,17.340721
88,4,21.505005
88,5,24.656107
88,6,26.878412
88,7,28.337074
88,8,29.227846
88,9,29.732922
89,0,0.0
89,1,6.3967957
89,10,30.29975
89,11,30.429367
89,12,30.487617
89,13,30.511765
89,14,30.520952
89,15,30.52415
89,16,30.525154
89,17,30.525368
89,18,30.525238
89,19,30.524559
89,2,12.361052
89,20,30.522984
89,21,30.518898
89,22,30.510826
89,23,30.494093
89,24,30.46552
89,25,30.41724
89,26,30.346947
89,27,30.249943
89,28,30.131832
89,29,30.0
89,3,17.54735
89,4,21.751034
89,5,24.928547
89,6,27.165335
89,7,28.632305
89,8,29.526606
89,9,30.03348
9,0,0.0
9,1,6.150867
9,10,29.286362
9,11,29.414324
9,12,29.471905
9,13,29.495842
9,14,29.504963
9,15,29.508156
9,16,29.509197
9,17,29.509556
9,18,29.50988
9,19,29.51049
9,2,11.891677
9,20,29.512165
9,21,29.515697
9,22,29.523676
9,23,29.538408
9,24,29.565693
9,25,29.60914
9,26,29.6755
9,27,29.764874
9,28,29.876308
9,29,30.0
9,3,16.894623
9,4,20.959518
9,5,24.042473
9,6,26.218678
9,7,27.651098
9,8,28.52647
9,9,29.02433
90,0,0.0
90,1,6.563178
90,10,30.918041
90,11,31.047981
90,12,31.106384
90,13,31.130545
90,14,31.139744
90,15,31.142939
90,16,31.1439
90,17,31.144037
90,18,31.14354
90,19,31.142174
90,2,12.675436
90,20,31.138285
90,21,31.13004
90,22,31.11143
90,23,31.077045
90,24,31.013386
90,25,30.911999
90,26,30.75716
90,27,30.54863
90,28,30.288618
90,29,30.0
90,3,17.97628
90,4,22.26238
90,5,25.490164
90,6,27.757317
90,7,29.238853
90,8,30.14081
90,9,30.650446
91,0,0.0
91,1,6.8913794
91,10,32.092957
91,11,32.22357
91,12,32.28205
91,13,32.306263
91,14,32.315453
91,15,32.31862
91,16,32.31954
91,17,32.319427
91,18,32.318474
91,19,32.31534
91,2,13.288788
91,20,32.308205
91,21,32.290703
91,22,32.25586
91,23,32.185402
91,24,32.06315
91,25,31.857256
91,26,31.550938
91,27,31.124226
91,28,30.594963
91,29,30.0
91,3,18.81179
91,4,23.247124
91,5,26.569855
91,6,28.887245
91,7,30.39599
91,8,31.30897
91,9,31.8239
92,0,0.0
92,1,7.499149
92,10,34.16429
92,11,34.295074
92,12,34.353664
92,13,34.37779
92,14,34.386948
92,15,34.390083
92,16,34.390858
92,17,34.390495
92,18,34.388412
92,19,34.383213
92,2,14.420055
92,20,34.36934
92,21,34.33969
92,22,34.27443
92,23,34.151653
92,24,33.924606
92,25,33.55291
92,26,32.975815
92,27,32.173782
92,28,31.152721
92,29,30.0
92,3,20.329994
92,4,25.025314
92,5,28.497078
92,6,30.897276
92,7,32.44253
92,8,33.372894
92,9,33.89301
93,0,0.0
93,1,8.575674
93,10,37.55535
93,11,37.685852
93,12,37.74379
93,13,37.767696
93,14,37.776707
93,15,37.77974
93,16,37.78039
93,17,37.77943
93,18,37.77631
93,19,37.767105
93,2,16.388641
93,20,37.74604
93,21,37.695694
93,22,37.59355
93,23,37.38713
93,24,37.017605
93,25,36.381504
93,26,35.393787
93,27,33.96679
93,28,32.12281
93,29,30.0
93,3,22.9377
93,4,28.024467
93,5,31.717842
93,6,34.22122
93,7,35.81427
93,8,36.759087
93,9,37.28445
94,0,0.0
94,1,10.411392
94,10,42.7201
94,11,42.84697
94,12,42.90338
94,13,42.92641
94,14,42.935104
94,15,42.93798
94,16,42.938343
94,17,42.937
94,18,42.931976
94,19,42.919605
94,2,19.674648
94,20,42.887512
94,21,42.81769
94,22,42.664227
94,23,42.36612
94,24,41.801437
94,25,40.829857
94,26,39.245987
94,27,36.89851
94,28,33.73259
94,29,30.0
94,3,27.167892
94,4,32.794075
94,5,36.743683
94,6,39.358578
94,7,40.982254
94,8,41.933487
94,9,42.4532
95,0,0.0
95,1,13.507721
95,10,50.04233
95,11,50.161392
95,12,50.213577
95,13,50.23497
95,14,50.242954
95,15,50.24552
95,16,50.245735
95,17,50.243683
95,18,50.237816
95,19,50.22114
95,2,24.9742
95,20,50.18245
95,21,50.0903
95,22,49.89773
95,23,49.499752
95,24,48.750164
95,25,47.388283
95,26,45.099377
95,27,41.493015
95,28,36.360123
95,29,30.0
95,3,33.72654
95,4,39.936165
95,5,44.108795
95,6,46.76483
95,7,48.375057
95,8,49.29434
95,9,49.791595
96,0,0.0
96,1,18.829145
96,10,59.71704
96,11,59.819447
96,12,59.86447
96,13,59.88266
96,14,59.88948
96,15,59.891632
96,16,59.891563
96,17,59.889526
96,18,59.882683
96,19,59.86573
96,2,33.398308
96,20,59.822052
96,21,59.72468
96,22,59.506916
96,23,59.064213
96,24,58.182228
96,25,56.536633
96,26,53.573578
96,27,48.557846
96,28,40.6868
96,29,30.0
96,3,43.47062
96,4,50.06547
96,5,54.219666
96,6,56.75259
96,7,58.23157
96,8,59.059994
96,9,59.497555
97,0,0.0
97,1,28.635902
97,10,71.63363
97,11,71.71051
97,12,71.743774
97,13,71.75731
97,14,71.762314
97,15,71.763855
97,16,71.76376
97,17,71.76178
97,18,71.756256
97,19,71.740746
97,2,46.768757
97,20,71.704124
97,21,71.61601
97,22,71.42537
97,23,71.01568
97,24,70.18901
97,25,68.5439
97,26,65.37227
97,27,59.345314
97,28,48.29205
97,29,30.0
97,3,57.418907
97,4,63.61833
97,5,67.23251
97,6,69.31563
97,7,70.493744
97,8,71.13421
97,9,71.468994
98,0,0.0
98,1,49.136414
98,10,85.32526
98,11,85.36644
98,12,85.38437
98,13,85.39157
98,14,85.39426
98,15,85.395065
98,16,85.39495
98,17,85.39388
98,18,85.39042
98,19,85.381744
98,2,68.0249
98,20,85.35936
98,21,85.30836
98,22,85.191666
98,23,84.94331
98,24,84.41613
98,25,83.32227
98,26,81.00119
98,27,75.86436
98,28,63.488728
98,29,30.0
98,3,76.421135
98,4,80.59651
98,5,82.81645
98,6,84.03354
98,7,84.69765
98,8,85.053375
98,9,85.235664
99,0,0.0
99,1,100.0
99,10,100.0
99,11,100.0
99,12,100.0
99,13,100.0
99,14,100.0
99,15,100.0
99,16,100.0
99,17,100.0
99,18,100.0
99,19,100.0
99,2,100.0
99,20,100.0
99,21,100.0
99,22,100.0
99,23,100.0
99,24,100.0
99,25,100.0
99,26,100.0
99,27,100.0
99,28,100.0
99,29,30.0
99,3,100.0
99,4,100.0
99,5,100.0
99,6,100.0
99,7,100.0
99,8,100.0
99,9,100.0
