0,0,0.0
0,1,0.0
0,10,0.0
0,11,0.0
0,12,0.0
0,13,0.0
0,14,0.0
0,15,30.0
0,2,0.0
0,3,0.0
0,4,0.0
0,5,0.0
0,6,0.0
0,7,0.0
0,8,0.0
0,9,0.0
1,0,0.0
1,1,11.25
1,10,18.75
1,11,18.75
1,12,18.75
1,13,18.75
1,14,20.625
1,15,30.0
1,2,16.875
1,3,18.75
1,4,18.75
1,5,18.75
1,6,18.75
1,7,18.75
1,8,18.75
1,9,18.75
10,0,0.0
10,1,18.75
10,10,30.0
10,11,30.0
10,12,30.0
10,13,30.0
10,14,30.0
10,15,30.0
10,2,28.125
10,3,30.0
10,4,30.0
10,5,30.0
10,6,30.0
10,7,30.0
10,8,30.0
10,9,30.0
11,0,0.0
11,1,18.75
11,10,30.0
11,11,30.0
11,12,30.0
11,13,30.0
11,14,30.0
11,15,30.0
11,2,28.125
11,3,30.0
11,4,30.0
11,5,30.0
11,6,30.0
11,7,30.0
11,8,30.0
11,9,30.0
12,0,0.0
12,1,18.75
12,10,30.0
12,11,30.0
12,12,30.0
12,13,30.0
12,14,30.0
12,15,30.0
12,2,28.125
12,3,30.0
12,4,30.0
12,5,30.0
12,6,30.0
12,7,30.0
12,8,30.0
12,9,30.0
13,0,0.0
13,1,23.125
13,10,34.375
13,11,34.375
13,12,34.375
13,13,34.375
13,14,34.375
13,15,30.0
13,2,32.5
13,3,34.375
13,4,34.375
13,5,34.375
13,6,34.375
13,7,34.375
13,8,34.375
13,9,34.375
14,0,0.0
14,1,42.5
14,10,56.25
14,11,56.25
14,12,56.25
14,13,56.25
14,14,51.875
14,15,30.0
14,2,54.375
14,3,56.25
14,4,56.25
14,5,56.25
14,6,56.25
14,7,56.25
14,8,56.25
14,9,56.25
15,0,0.0
15,1,100.0
15,10,100.0
15,11,100.0
15,12,100.0
15,13,100.0
15,14,100.0
15,15,30.0
15,2,100.0
15,3,100.0
15,4,100.0
15,5,100.0
15,6,100.0
15,7,100.0
15,8,100.0
15,9,100.0
2,0,0.0
2,1,16.875
2,10,28.125
2,11,28.125
2,12,28.125
2,13,28.125
2,14,28.125
2,15,30.0
2,2,26.25
2,3,28.125
2,4,28.125
2,5,28.125
2,6,28.125
2,7,28.125
2,8,28.125
2,9,28.125
3,0,0.0
3,1,18.75
3,10,30.0
3,11,30.0
3,12,30.0
3,13,30.0
3,14,30.0
3,15,30.0
3,2,28.125
3,3,30.0
3,4,30.0
3,5,30.0
3,6,30.0
3,7,30.0
3,8,30.0
3,9,30.0
4,0,0.0
4,1,18.75
4,10,30.0
4,11,30.0
4,12,30.0
4,13,30.0
4,14,30.0
4,15,30.0
4,2,28.125
4,3,30.0
4,4,30.0
4,5,30.0
4,6,30.0
4,7,30.0
4,8,30.0
4,9,30.0
5,0,0.0
5,1,18.75
5,10,30.0
5,11,30.0
5,12,30.0
5,13,30.0
5,14,30.0
5,15,30.0
5,2,28.125
5,3,30.0
5,4,30.0
5,5,30.0
5,6,30.0
5,7,30.0
5,8,30.0
5,9,30.0
6,0,0.0
6,1,18.75
6,10,30.0
6,11,30.0
6,12,30.0
6,13,30.0
6,14,30.0
6,15,30.0
6,2,28.125
6,3,30.0
6,4,30.0
6,5,30.0
6,6,30.0
6,7,30.0
6,8,30.0
6,9,30.0
7,0,0.0
7,1,18.75
7,10,30.0
7,11,30.0
7,12,30.0
7,13,30.0
7,14,30.0
7,15,30.0
7,2,28.125
7,3,30.0
7,4,30.0
7,5,30.0
7,6,30.0
7,7,30.0
7,8,30.0
7,9,30.0
8,0,0.0
8,1,18.75
8,10,30.0
8,11,30.0
8,12,30.0
8,13,30.0
8,14,30.0
8,15,30.0
8,2,28.125
8,3,30.0
8,4,30.0
8,5,30.0
8,6,30.0
8,7,30.0
8,8,30.0
8,9,30.0
9,0,0.0
9,1,18.75
9,10,30.0
9,11,30.0
9,12,30.0
9,13,30.0
9,14,30.0
9,15,30.0
9,2,28.125
9,3,30.0
9,4,30.0
9,5,30.0
9,6,30.0
9,7,30.0
9,8,30.0
9,9,30.0
