0,0,0.0
0,1,0.0
0,10,0.0
0,11,0.0
0,12,0.0
0,13,0.0
0,14,0.0
0,15,30.0
0,2,0.0
0,3,0.0
0,4,0.0
0,5,0.0
0,6,0.0
0,7,0.0
0,8,0.0
0,9,0.0
1,0,0.0
1,1,0.6356782
1,10,5.1765103
1,11,5.945566
1,12,7.2358
1,13,9.736547
1,14,15.342281
1,15,30.0
1,2,1.255579
1,3,1.8458058
1,4,2.3960433
1,5,2.9010363
1,6,3.3620157
1,7,3.7885494
1,8,4.2017455
1,9,4.640691
10,0,0.0
10,1,11.11993
10,10,49.44863
10,11,47.824036
10,12,45.030518
10,13,41.015244
10,14,35.87391
10,15,30.0
10,2,21.19435
10,3,29.671352
10,4,36.440907
10,5,41.626064
10,6,45.421574
10,7,48.00701
10,8,49.509415
10,9,49.990944
11,0,0.0
11,1,14.543706
11,10,57.0635
11,11,54.924423
11,12,51.284527
11,13,45.885887
11,14,38.63659
11,15,30.0
11,2,27.116217
11,3,37.072853
11,4,44.574596
11,5,50.03678
11,6,53.861736
11,7,56.35005
11,8,57.684746
11,9,57.935547
12,0,0.0
12,1,19.938677
12,10,65.945404
12,11,63.525658
12,12,59.2973
12,13,52.607197
12,14,42.786564
12,15,30.0
12,2,35.653976
12,3,46.929256
12,4,54.747868
12,5,60.08474
12,6,63.638573
12,7,65.846725
12,8,66.944016
12,9,67.00301
13,0,0.0
13,1,29.55703
13,10,76.18945
13,11,73.93553
13,12,69.77182
13,13,62.45904
13,14,49.902473
13,15,30.0
13,2,48.631767
13,3,60.242336
13,4,67.40291
13,5,71.91576
13,6,74.7611
13,7,76.45429
13,8,77.24159
13,9,77.187126
14,0,0.0
14,1,49.657684
14,10,87.68977
14,11,86.25518
14,12,83.395424
14,13,77.55469
14,14,64.36429
14,15,30.0
14,2,69.073715
14,3,78.005424
14,4,82.70565
14,5,85.41429
14,6,87.03578
14,7,87.96775
14,8,88.38095
14,9,88.31446
15,0,0.0
15,1,100.0
15,10,100.0
15,11,100.0
15,12,100.0
15,13,100.0
15,14,100.0
15,15,30.0
15,2,100.0
15,3,100.0
15,4,100.0
15,5,100.0
15,6,100.0
15,7,100.0
15,8,100.0
15,9,100.0
2,0,0.0
2,1,1.2871351
2,10,10.11979
2,11,11.36996
2,12,13.261087
2,13,16.368113
2,14,21.632576
2,15,30.0
2,2,2.5408351
2,3,3.7316039
2,4,4.837336
2,5,5.846092
2,6,6.7584825
2,7,7.590443
2,8,8.377748
2,9,9.184515
3,0,0.0
3,1,1.97203
3,10,14.748188
3,11,16.153404
3,12,18.070488
3,13,20.842247
3,14,24.819916
3,15,30.0
3,2,3.8890269
3,3,5.702447
3,4,7.375615
3,5,8.887525
3,6,10.235393
3,7,11.437008
3,8,12.534298
3,9,13.599841
4,0,0.0
4,1,2.7119613
4,10,19.119734
4,11,20.424995
4,12,22.025229
4,13,24.110474
4,14,26.804846
4,15,30.0
4,2,5.3408046
4,3,7.813552
4,4,10.075168
4,5,12.093014
4,6,13.858574
4,7,15.387915
4,8,16.722614
4,9,17.932384
5,0,0.0
5,1,3.5350165
5,10,23.373386
5,11,24.401634
5,12,25.494967
5,13,26.769585
5,14,28.288996
5,15,30.0
5,2,6.9486856
5,3,10.135805
5,4,13.018505
5,5,15.550814
5,6,17.717993
5,7,19.533485
5,8,21.035892
5,9,22.287367
6,0,0.0
6,1,4.4794245
6,10,27.684837
6,11,28.313206
6,12,28.783443
6,13,29.183914
6,14,29.581554
6,15,30.0
6,2,8.783131
6,3,12.762488
6,4,16.31226
6,5,19.373762
6,6,21.929125
6,7,23.992176
6,8,25.600117
6,9,26.807838
7,0,0.0
7,1,5.5995574
7,10,32.244938
7,11,32.382942
7,12,32.141697
7,13,31.60109
7,14,30.853317
7,15,30.0
7,2,10.941934
7,3,15.818781
7,4,20.0943
7,5,23.702885
7,6,26.632597
7,7,28.906004
7,8,30.564606
7,9,31.65905
8,0,0.0
8,1,6.9768763
8,10,37.25295
8,11,36.831947
8,12,35.799335
8,13,34.225433
8,14,32.230637
8,15,30.0
8,2,13.56628
8,3,19.476418
8,4,24.543308
8,5,28.710896
8,6,31.992409
8,7,34.43467
8,8,36.09327
8,9,37.018864
9,0,0.0
9,1,8.741677
9,10,42.916092
9,11,41.89258
9,12,39.998276
9,13,37.270687
9,14,33.843803
9,15,30.0
9,2,16.869904
9,3,23.977324
9,4,29.891634
9,5,34.60502
9,6,38.1915
9,7,40.747032
9,8,42.354973
9,9,43.070206
