0,0,0.0
0,1,0.0
0,10,0.0
0,11,0.0
0,12,0.0
0,13,0.0
0,14,0.0
0,15,0.0
0,16,0.0
0,17,0.0
0,18,0.0
0,19,0.0
0,2,0.0
0,20,0.0
0,21,0.0
0,22,0.0
0,23,0.0
0,24,0.0
0,25,0.0
0,26,0.0
0,27,0.0
0,28,0.0
0,29,30.0
0,3,0.0
0,4,0.0
0,5,0.0
0,6,0.0
0,7,0.0
0,8,0.0
0,9,0.0
1,0,0.0
1,1,0.32790202
1,10,2.5512056
1,11,2.6814637
1,12,2.7913642
1,13,2.8837874
1,14,2.962387
1,15,3.0310936
1,16,3.0945425
1,17,3.158028
1,18,3.2279754
1,19,3.312575
1,2,0.65025693
1,20,3.4227424
1,21,3.5741904
1,22,3.790575
1,23,4.1105404
1,24,4.601611
1,25,5.3938913
1,26,6.7661047
1,27,9.395875
1,28,15.163475
1,29,30.0
1,3,0.9617099
1,4,1.2576346
1,5,1.5339103
1,6,1.787668
1,7,2.0166814
1,8,2.220177
1,9,2.3979661
10,0,0.0
10,1,2.54625
10,10,19.779839
10,11,20.776585
10,12,21.606844
10,13,22.291027
10,14,22.850458
10,15,23.308409
10,16,23.687801
10,17,24.011648
10,18,24.302212
10,19,24.580814
10,2,5.049013
10,20,24.868134
10,21,25.183128
10,22,25.54383
10,23,25.965168
10,24,26.459427
10,25,27.033077
10,26,27.686604
10,27,28.411522
10,28,29.191002
10,29,30.0
10,3,7.467414
10,4,9.764038
10,5,11.908512
10,6,13.8762
10,7,15.651908
10,8,17.226643
10,9,18.600813
11,0,0.0
11,1,2.673562
11,10,20.765247
11,11,21.809526
11,12,22.678814
11,13,23.39291
11,14,23.974678
11,15,24.447065
11,16,24.833633
11,17,25.156979
11,18,25.43877
11,19,25.699448
11,2,5.3016424
11,20,25.957624
11,21,26.23066
11,22,26.53323
11,23,26.878124
11,24,27.274065
11,25,27.726252
11,26,28.23397
11,27,28.791224
11,28,29.385578
11,29,30.0
11,3,7.8407116
11,4,10.25241
11,5,12.503567
11,6,14.569788
11,7,16.433403
11,8,18.086693
11,9,19.528202
12,0,0.0
12,1,2.7789886
12,10,21.579538
12,11,22.66346
12,12,23.564089
12,13,24.302795
12,14,24.901955
12,15,25.38546
12,16,25.776505
12,17,26.097687
12,18,26.370129
12,19,26.61315
12,2,5.5105023
12,20,26.84444
12,21,27.079178
12,22,27.33077
12,23,27.609375
12,24,27.922745
12,25,28.274397
12,26,28.664448
12,27,29.088198
12,28,29.537336
12,29,30.0
12,3,8.149809
12,4,10.656162
12,5,12.996193
12,6,15.143167
12,7,17.080193
12,8,18.797588
12,9,20.295403
13,0,0.0
13,1,2.8646455
13,10,22.241405
13,11,23.35677
13,12,24.283033
13,13,25.040926
13,14,25.653927
13,15,26.145515
13,16,26.539288
13,17,26.857454
13,18,27.120665
13,19,27.347681
13,2,5.6804924
13,20,27.554857
13,21,27.756617
13,22,27.964481
13,23,28.187952
13,24,28.43316
13,25,28.703829
13,26,28.999975
13,27,29.318958
13,28,29.654903
13,29,30.0
13,3,8.400942
13,4,10.984724
13,5,13.396423
13,6,15.609651
13,7,17.605627
13,8,19.375744
13,9,20.918541
14,0,0.0
14,1,2.9331684
14,10,22.769623
14,11,23.910404
14,12,24.856491
14,13,25.62972
14,14,26.253094
14,15,26.750744
14,16,27.145906
14,17,27.460773
14,18,27.71562
14,19,27.928486
14,2,5.816217
14,20,28.11526
14,21,28.289093
14,22,28.461075
14,23,28.639359
14,24,28.830057
14,25,29.036259
14,26,29.25899
14,27,29.496485
14,28,29.745249
14,29,30.0
14,3,8.60182
14,4,11.247053
14,5,13.716496
14,6,15.982079
14,7,18.025692
14,8,19.837269
14,9,21.416485
15,0,0.0
15,1,2.9869313
15,10,23.184319
15,11,24.344515
15,12,25.306328
15,13,26.091076
15,14,26.722496
15,15,27.224361
15,16,27.620182
15,17,27.931845
15,18,28.179346
15,19,28.38041
15,2,5.9229236
15,20,28.55014
15,21,28.701403
15,22,28.844273
15,23,28.986816
15,24,29.1344
15,25,29.290577
15,26,29.456467
15,27,29.631653
15,28,29.813889
15,29,30.0
15,3,8.759426
15,4,11.45326
15,5,13.967615
15,6,16.27475
15,7,18.35524
15,8,20.19981
15,9,21.807062
16,0,0.0
16,1,3.028474
16,10,23.503916
16,11,24.679321
16,12,25.65285
16,13,26.446543
16,14,27.083773
16,15,27.588728
16,16,27.984653
16,17,28.293436
16,18,28.534842
16,19,28.726175
16,2,6.0051913
16,20,28.882345
16,21,29.01551
16,22,29.135668
16,23,29.250195
16,24,29.364672
16,25,29.482395
16,26,29.605217
16,27,29.733213
16,28,29.865454
16,29,30.0
16,3,8.881195
16,4,11.612238
16,5,14.161585
16,6,16.50038
16,7,18.6097
16,8,20.479279
16,9,22.108501
17,0,0.0
17,1,3.0599453
17,10,23.746233
17,11,24.932827
17,12,25.91537
17,13,26.715536
17,14,27.357157
17,15,27.86417
17,16,28.259987
17,17,28.566315
17,18,28.802744
17,19,28.986443
17,2,6.067661
17,20,29.13188
17,21,29.251143
17,22,29.353682
17,23,29.446978
17,24,29.536232
17,25,29.625145
17,26,29.715637
17,27,29.80857
17,28,29.903648
17,29,30.0
17,3,8.973441
17,4,11.732934
17,5,14.308525
17,6,16.671623
17,7,18.802452
17,8,20.69129
17,9,22.336807
18,0,0.0
18,1,3.0834305
18,10,23.926544
18,11,25.121632
18,12,26.110641
18,13,26.915691
18,14,27.560371
18,15,28.06886
18,16,28.464413
18,17,28.768724
18,18,29.001286
18,19,29.17902
18,2,6.1141596
18,20,29.316338
18,21,29.424946
18,22,29.514332
18,23,29.59162
18,24,29.66223
18,25,29.729729
18,26,29.796497
18,27,29.86365
18,28,29.931572
18,29,30.0
18,3,9.042271
18,4,11.822772
18,5,14.418135
18,6,16.799084
18,7,18.946178
18,8,20.849083
18,9,22.506962
19,0,0.0
19,1,3.100606
19,10,24.058552
19,11,25.259655
19,12,26.253494
19,13,27.06195
19,14,27.708878
19,15,28.218311
19,16,28.613588
19,17,28.916323
19,18,29.145893
19,19,29.319183
19,2,6.1482563
19,20,29.45036
19,21,29.551136
19,22,29.630722
19,23,29.69635
19,24,29.753248
19,25,29.805252
19,26,29.85477
19,27,29.903347
19,28,29.951668
19,29,30.0
19,3,9.092607
19,4,11.888635
19,5,14.498295
19,6,16.892494
19,7,19.051285
19,8,20.96467
19,9,22.631376
2,0,0.0
2,1,0.6502446
2,10,5.058554
2,11,5.3168488
2,12,5.5343637
2,13,5.7173443
2,14,5.8724823
2,15,6.0077996
2,16,6.1320567
2,17,6.255533
2,18,6.390437
2,19,6.5519648
2,2,1.2893956
2,20,6.7603016
2,21,7.043194
2,22,7.4416065
2,23,8.018214
2,24,8.875135
2,25,10.185783
2,26,12.257973
2,27,15.642586
2,28,21.252367
2,29,30.0
2,3,1.9071059
2,4,2.493761
2,5,3.0417714
2,6,3.5447464
2,7,3.999049
2,8,4.4023123
2,9,4.7549915
20,0,0.0
20,1,3.1129823
20,10,24.153378
20,11,25.35891
20,12,26.35608
20,13,27.167027
20,14,27.815468
20,15,28.325563
20,16,28.720568
20,17,29.022083
20,18,29.249454
20,19,29.419426
20,2,6.1727543
20,20,29.546158
20,21,29.641178
20,22,29.713741
20,23,29.770893
20,24,29.818022
20,25,29.858885
20,26,29.896162
20,27,29.931494
20,28,29.965923
20,29,30.0
20,3,9.128872
20,4,11.935957
20,5,14.55603
20,6,16.959608
20,7,19.126957
20,8,21.047714
20,9,22.720905
21,0,0.0
21,1,3.121718
21,10,24.220398
21,11,25.428944
21,12,26.428534
21,13,27.241156
21,14,27.890676
21,15,28.401176
21,16,28.795958
21,17,29.096577
21,18,29.322323
21,19,29.489931
21,2,6.190099
21,20,29.613445
21,21,29.704403
21,22,29.771921
21,23,29.823137
21,24,29.863325
21,25,29.896408
21,26,29.925062
21,27,29.951159
21,28,29.975868
21,29,30.0
21,3,9.154471
21,4,11.969452
21,5,14.596784
21,6,17.007095
21,7,19.18037
21,8,21.106441
21,9,22.78409
22,0,0.0
22,1,3.1277952
22,10,24.266863
22,11,25.477562
22,12,26.47875
22,13,27.292568
22,14,27.94279
22,15,28.45357
22,16,28.848162
22,17,29.148127
22,18,29.372732
22,19,29.53865
22,2,6.202125
22,20,29.659927
22,21,29.74801
22,22,29.812056
22,23,29.859102
22,24,29.894524
22,25,29.9222
22,26,29.944939
22,27,29.96466
22,28,29.982704
22,29,30.0
22,3,9.172277
22,4,11.992679
22,5,14.62512
22,6,17.040022
22,7,19.217491
22,8,21.147163
22,9,22.82798
23,0,0.0
23,1,3.1319344
23,10,24.298563
23,11,25.51067
23,12,26.512989
23,13,27.32757
23,14,27.978283
23,15,28.489225
23,16,28.883682
23,17,29.183186
23,18,29.406986
23,19,29.57175
23,2,6.210345
23,20,29.691467
23,21,29.777603
23,22,29.839243
23,23,29.88348
23,24,29.915634
23,25,29.939655
23,26,29.958372
23,27,29.973791
23,28,29.98732
23,29,30.0
23,3,9.184404
23,4,12.008547
23,5,14.644422
23,6,17.062511
23,7,19.242775
23,8,21.17496
23,9,22.857874
24,0,0.0
24,1,3.134714
24,10,24.319767
24,11,25.53285
24,12,26.535883
24,13,27.351006
24,14,28.002016
24,15,28.513073
24,16,28.907421
24,17,29.206608
24,18,29.429867
24,19,29.593838
24,2,6.215843
24,20,29.712517
24,21,29.797321
24,22,29.857368
24,23,29.8997
24,24,29.929684
24,25,29.951263
24,26,29.967304
24,27,29.979858
24,28,29.99039
24,29,30.0
24,3,9.192545
24,4,12.019164
24,5,14.657374
24,6,17.077557
24,7,19.259735
24,8,21.193556
24,9,22.877914
25,0,0.0
25,1,3.1365402
25,10,24.333729
25,11,25.547424
25,12,26.55095
25,13,27.366394
25,14,28.017616
25,15,28.528732
25,16,28.923012
25,17,29.221981
25,18,29.444874
25,19,29.60833
25,2,6.2194705
25,20,29.726307
25,21,29.81025
25,22,29.869228
25,23,29.910326
25,24,29.938877
25,25,29.95885
25,26,29.973143
25,27,29.983822
25,28,29.992393
25,29,30.0
25,3,9.197895
25,4,12.026164
25,5,14.665886
25,6,17.087475
25,7,19.270882
25,8,21.205807
25,9,22.891083
26,0,0.0
26,1,3.1377234
26,10,24.34274
26,11,25.556843
26,12,26.560669
26,13,27.376339
26,14,28.02768
26,15,28.53884
26,16,28.933067
26,17,29.231895
26,18,29.454552
26,19,29.617659
26,2,6.221811
26,20,29.735195
26,21,29.818565
26,22,29.87687
26,23,29.917156
26,24,29.944784
26,25,29.963734
26,26,29.976892
26,27,29.98637
26,28,29.993681
26,29,30.0
26,3,9.201361
26,4,12.030682
26,5,14.671396
26,6,17.093874
26,7,19.278095
26,8,21.213713
26,9,22.899601
27,0,0.0
27,1,3.1384735
27,10,24.348457
27,11,25.562813
27,12,26.56684
27,13,27.382637
27,14,28.034065
27,15,28.545242
27,16,28.939436
27,17,29.238174
27,18,29.460674
27,19,29.62357
27,2,6.2233
27,20,29.740812
27,21,29.823828
27,22,29.881695
27,23,29.921473
27,24,29.948519
27,25,29.966812
27,26,29.979265
27,27,29.987976
27,28,29.994495
27,29,30.0
27,3,9.203558
27,4,12.033556
27,5,14.67489
27,6,17.097942
27,7,19.282665
27,8,21.218737
27,9,22.904999
28,0,0.0
28,1,3.1389422
28,10,24.35202
28,11,25.566536
28,12,26.570677
28,13,27.386564
28,14,28.038036
28,15,28.549229
28,16,28.943403
28,17,29.242079
28,18,29.464487
28,19,29.62724
28,2,6.224228
28,20,29.74431
28,21,29.827097
28,22,29.884693
28,23,29.924152
28,24,29.950834
28,25,29.968725
28,26,29.980732
28,27,29.988976
28,28,29.994999
28,29,30.0
28,3,9.20493
28,4,12.035346
28,5,14.677073
28,6,17.100475
28,7,19.28552
28,8,21.221865
28,9,22.908367
29,0,0.0
29,1,3.1392288
29,10,24.354198
29,11,25.56881
29,12,26.573029
29,13,27.388962
29,14,28.040466
29,15,28.551664
29,16,28.945824
29,17,29.244469
29,18,29.466812
29,19,29.629482
29,2,6.2247963
29,20,29.74644
29,21,29.829092
29,22,29.88652
29,23,29.925787
29,24,29.952248
29,25,29.969889
29,26,29.981632
29,27,29.989582
29,28,29.995308
29,29,30.0
29,3,9.205769
29,4,12.036443
29,5,14.678406
29,6,17.10203
29,7,19.287266
29,8,21.22378
29,9,22.910427
3,0,0.0
3,1,0.9616581
3,10,7.480795
3,11,7.8621397
3,12,8.183416
3,13,8.452897
3,14,8.680978
3,15,8.878724
3,16,9.058968
3,17,9.236029
3,18,9.426758
3,19,9.651808
3,2,1.9070396
3,20,9.937294
3,21,10.318481
3,22,10.843899
3,23,11.583994
3,24,12.64215
3,25,14.1734085
3,26,16.40464
3,27,19.642197
3,28,24.19228
3,29,30.0
3,3,2.8204443
3,4,3.6882832
3,5,4.4984846
3,6,5.2426004
3,7,5.914116
3,8,6.5107126
3,9,7.031834
30,0,0.0
30,1,3.1394014
30,10,24.355509
30,11,25.570179
30,12,26.574436
30,13,27.390404
30,14,28.04192
30,15,28.553127
30,16,28.947277
30,17,29.245897
30,18,29.468208
30,19,29.630829
30,2,6.225138
30,20,29.747717
30,21,29.830288
30,22,29.887617
30,23,29.92677
30,24,29.953094
30,25,29.97059
30,26,29.982166
30,27,29.989948
30,28,29.99549
30,29,30.0
30,3,9.206274
30,4,12.037102
30,5,14.679209
30,6,17.102962
30,7,19.288315
30,8,21.22493
30,9,22.911663
31,0,0.0
31,1,3.1395035
31,10,24.356283
31,11,25.570984
31,12,26.575268
31,13,27.391253
31,14,28.042782
31,15,28.553988
31,16,28.948132
31,17,29.246742
31,18,29.46903
31,19,29.631618
31,2,6.2253404
31,20,29.748474
31,21,29.83099
31,22,29.888266
31,23,29.927343
31,24,29.953594
31,25,29.970999
31,26,29.982483
31,27,29.99016
31,28,29.9956
31,29,30.0
31,3,9.206573
31,4,12.037493
31,5,14.679684
31,6,17.103514
31,7,19.288935
31,8,21.225613
31,9,22.912394
32,0,0.0
32,1,3.1395626
32,10,24.35673
32,11,25.57145
32,12,26.575748
32,13,27.391745
32,14,28.043278
32,15,28.554485
32,16,28.94863
32,17,29.24723
32,18,29.469505
32,19,29.63208
32,2,6.225457
32,20,29.748905
32,21,29.8314
32,22,29.888634
32,23,29.927677
32,24,29.95388
32,25,29.971237
32,26,29.982664
32,27,29.990284
32,28,29.99566
32,29,30.0
32,3,9.206746
32,4,12.037718
32,5,14.679958
32,6,17.103832
32,7,19.289295
32,8,21.226004
32,9,22.912815
33,0,0.0
33,1,3.139596
33,10,24.356983
33,11,25.571716
33,12,26.576021
33,13,27.392023
33,14,28.043562
33,15,28.554771
33,16,28.94891
33,17,29.247509
33,18,29.469776
33,19,29.63234
33,2,6.225524
33,20,29.749155
33,21,29.831627
33,22,29.888847
33,23,29.927864
33,24,29.954048
33,25,29.971373
33,26,29.982769
33,27,29.990355
33,28,29.995697
33,29,30.0
33,3,9.206844
33,4,12.037846
33,5,14.680114
33,6,17.104015
33,7,19.289497
33,8,21.226229
33,9,22.913057
34,0,0.0
34,1,3.1396146
34,10,24.357124
34,11,25.571861
34,12,26.576176
34,13,27.39218
34,14,28.043718
34,15,28.554928
34,16,28.949066
34,17,29.247662
34,18,29.469925
34,19,29.632483
34,2,6.225561
34,20,29.74929
34,21,29.83176
34,22,29.888962
34,23,29.927973
34,24,29.954136
34,25,29.971447
34,26,29.982826
34,27,29.990395
34,28,29.995716
34,29,30.0
34,3,9.206899
34,4,12.037917
34,5,14.680201
34,6,17.104115
34,7,19.289612
34,8,21.226353
34,9,22.913189
35,0,0.0
35,1,3.139625
35,10,24.3572
35,11,25.571945
35,12,26.576258
35,13,27.392263
35,14,28.043804
35,15,28.555014
35,16,28.949154
35,17,29.247744
35,18,29.470009
35,19,29.63256
35,2,6.225581
35,20,29.749367
35,21,29.831825
35,22,29.88903
35,23,29.928028
35,24,29.954185
35,25,29.971489
35,26,29.982857
35,27,29.990414
35,28,29.995728
35,29,30.0
35,3,9.206929
35,4,12.037956
35,5,14.680249
35,6,17.104168
35,7,19.289673
35,8,21.226421
35,9,22.913265
36,0,0.0
36,1,3.1396308
36,10,24.357243
36,11,25.571987
36,12,26.576302
36,13,27.39231
36,14,28.04385
36,15,28.555061
36,16,28.949196
36,17,29.247791
36,18,29.470049
36,19,29.632605
36,2,6.2255926
36,20,29.749405
36,21,29.831867
36,22,29.889063
36,23,29.92806
36,24,29.954212
36,25,29.971512
36,26,29.982872
36,27,29.990425
36,28,29.995731
36,29,30.0
36,3,9.206945
36,4,12.037977
36,5,14.680273
36,6,17.1042
36,7,19.289705
36,8,21.226456
36,9,22.913301
37,0,0.0
37,1,3.1396337
37,10,24.357264
37,11,25.57201
37,12,26.576326
37,13,27.392334
37,14,28.043875
37,15,28.555084
37,16,28.949223
37,17,29.247812
37,18,29.470076
37,19,29.632627
37,2,6.2255983
37,20,29.749428
37,21,29.831886
37,22,29.889084
37,23,29.928076
37,24,29.954227
37,25,29.971521
37,26,29.982882
37,27,29.990433
37,28,29.995735
37,29,30.0
37,3,9.206954
37,4,12.037989
37,5,14.680287
37,6,17.104214
37,7,19.289722
37,8,21.226475
37,9,22.913322
38,0,0.0
38,1,3.139635
38,10,24.357275
38,11,25.572021
38,12,26.57634
38,13,27.392345
38,14,28.043886
38,15,28.555098
38,16,28.949234
38,17,29.247828
38,18,29.470087
38,19,29.632639
38,2,6.225601
38,20,29.74944
38,21,29.831898
38,22,29.889091
38,23,29.928083
38,24,29.954233
38,25,29.971525
38,26,29.982887
38,27,29.990435
38,28,29.995739
38,29,30.0
38,3,9.206959
38,4,12.037994
38,5,14.680294
38,6,17.104223
38,7,19.289734
38,8,21.226484
38,9,22.913334
39,0,0.0
39,1,3.1396356
39,10,24.357285
39,11,25.572027
39,12,26.576347
39,13,27.392353
39,14,28.043894
39,15,28.555101
39,16,28.949244
39,17,29.247833
39,18,29.470093
39,19,29.632645
39,2,6.2256026
39,20,29.749445
39,21,29.831902
39,22,29.889095
39,23,29.92809
39,24,29.954235
39,25,29.97153
39,26,29.982887
39,27,29.99044
39,28,29.995737
39,29,30.0
39,3,9.206961
39,4,12.037998
39,5,14.680298
39,6,17.104227
39,7,19.289738
39,8,21.22649
39,9,22.913338
4,0,0.0
4,1,1.2574961
4,10,9.780264
4,11,10.278497
4,12,10.697232
4,13,11.048153
4,14,11.343682
4,15,11.598455
4,16,11.828096
4,17,12.050361
4,18,12.2854595
4,19,12.557189
4,2,2.4935348
4,20,12.89512
4,21,13.336433
4,22,13.93051
4,23,14.742558
4,24,15.86063
4,25,17.399162
4,26,19.4982
4,27,22.297503
4,28,25.85868
4,29,30.0
4,3,3.6880786
4,4,4.822551
4,5,5.8822236
4,6,6.854767
4,7,7.7330694
4,8,8.512571
4,9,9.1940365
40,0,0.0
40,1,3.139636
40,10,24.357285
40,11,25.572031
40,12,26.576347
40,13,27.392355
40,14,28.043896
40,15,28.555105
40,16,28.949244
40,17,29.247837
40,18,29.470097
40,19,29.632648
40,2,6.2256026
40,20,29.749447
40,21,29.831905
40,22,29.8891
40,23,29.92809
40,24,29.954239
40,25,29.971529
40,26,29.982891
40,27,29.990437
40,28,29.995739
40,29,30.0
40,3,9.206961
40,4,12.037998
40,5,14.6803
40,6,17.104229
40,7,19.289738
40,8,21.226492
40,9,22.913342
41,0,0.0
41,1,3.1396358
41,10,24.357286
41,11,25.572031
41,12,26.576351
41,13,27.392355
41,14,28.0439
41,15,28.555105
41,16,28.949247
41,17,29.247837
41,18,29.470098
41,19,29.632648
41,2,6.2256026
41,20,29.74945
41,21,29.831905
41,22,29.889101
41,23,29.928093
41,24,29.954239
41,25,29.97153
41,26,29.982891
41,27,29.990438
41,28,29.995739
41,29,30.0
41,3,9.206961
41,4,12.037998
41,5,14.6803
41,6,17.104229
41,7,19.289738
41,8,21.226494
41,9,22.913343
42,0,0.0
42,1,3.139636
42,10,24.357286
42,11,25.572033
42,12,26.57635
42,13,27.392357
42,14,28.043896
42,15,28.555107
42,16,28.949245
42,17,29.247839
42,18,29.470097
42,19,29.632648
42,2,6.225603
42,20,29.749449
42,21,29.831907
42,22,29.8891
42,23,29.928093
42,24,29.954239
42,25,29.971535
42,26,29.982891
42,27,29.99044
42,28,29.995739
42,29,30.0
42,3,9.206961
42,4,12.037999
42,5,14.680301
42,6,17.10423
42,7,19.289742
42,8,21.226494
42,9,22.913345
43,0,0.0
43,1,3.139636
43,10,24.357286
43,11,25.572033
43,12,26.576351
43,13,27.392357
43,14,28.0439
43,15,28.555107
43,16,28.94925
43,17,29.247837
43,18,29.470098
43,19,29.632647
43,2,6.2256026
43,20,29.74945
43,21,29.831905
43,22,29.889103
43,23,29.928093
43,24,29.954243
43,25,29.971535
43,26,29.982893
43,27,29.990438
43,28,29.995739
43,29,30.0
43,3,9.206961
43,4,12.037999
43,5,14.680302
43,6,17.104229
43,7,19.289742
43,8,21.226494
43,9,22.913345
44,0,0.0
44,1,3.139636
44,10,24.357286
44,11,25.572033
44,12,26.57635
44,13,27.392357
44,14,28.0439
44,15,28.555109
44,16,28.94925
44,17,29.247839
44,18,29.470097
44,19,29.63265
44,2,6.225603
44,20,29.749447
44,21,29.831907
44,22,29.889101
44,23,29.928095
44,24,29.95424
44,25,29.971535
44,26,29.982891
44,27,29.99044
44,28,29.995739
44,29,30.0
44,3,9.206961
44,4,12.037999
44,5,14.680301
44,6,17.10423
44,7,19.289742
44,8,21.226496
44,9,22.913343
45,0,0.0
45,1,3.139636
45,10,24.357286
45,11,25.572033
45,12,26.57635
45,13,27.392357
45,14,28.043901
45,15,28.555109
45,16,28.94925
45,17,29.247839
45,18,29.4701
45,19,29.632648
45,2,6.225603
45,20,29.74945
45,21,29.831905
45,22,29.889103
45,23,29.928093
45,24,29.954243
45,25,29.971533
45,26,29.982893
45,27,29.990438
45,28,29.995739
45,29,30.0
45,3,9.206962
45,4,12.037999
45,5,14.680302
45,6,17.10423
45,7,19.289742
45,8,21.226494
45,9,22.913345
46,0,0.0
46,1,3.139636
46,10,24.357286
46,11,25.572033
46,12,26.576351
46,13,27.392359
46,14,28.0439
46,15,28.55511
46,16,28.949247
46,17,29.24784
46,18,29.470097
46,19,29.632652
46,2,6.225603
46,20,29.749447
46,21,29.831907
46,22,29.8891
46,23,29.928093
46,24,29.954239
46,25,29.971535
46,26,29.982891
46,27,29.99044
46,28,29.995739
46,29,30.0
46,3,9.206962
46,4,12.037999
46,5,14.680301
46,6,17.10423
46,7,19.289742
46,8,21.226496
46,9,22.913343
47,0,0.0
47,1,3.139636
47,10,24.357286
47,11,25.572033
47,12,26.576351
47,13,27.392359
47,14,28.0439
47,15,28.555109
47,16,28.949247
47,17,29.247837
47,18,29.4701
47,19,29.632648
47,2,6.225603
47,20,29.74945
47,21,29.831905
47,22,29.889103
47,23,29.928093
47,24,29.954243
47,25,29.97153
47,26,29.982893
47,27,29.99044
47,28,29.995739
47,29,30.0
47,3,9.206962
47,4,12.037999
47,5,14.680301
47,6,17.104229
47,7,19.289742
47,8,21.226494
47,9,22.913345
48,0,0.0
48,1,3.139636
48,10,24.357286
48,11,25.572033
48,12,26.57635
48,13,27.392357
48,14,28.0439
48,15,28.555107
48,16,28.949245
48,17,29.247837
48,18,29.470097
48,19,29.63265
48,2,6.225603
48,20,29.749447
48,21,29.831907
48,22,29.8891
48,23,29.928095
48,24,29.954237
48,25,29.971535
48,26,29.982891
48,27,29.99044
48,28,29.995739
48,29,30.0
48,3,9.206961
48,4,12.037999
48,5,14.680301
48,6,17.10423
48,7,19.289742
48,8,21.226494
48,9,22.913343
49,0,0.0
49,1,3.139636
49,10,24.357286
49,11,25.572033
49,12,26.576351
49,13,27.392357
49,14,28.0439
49,15,28.555107
49,16,28.94925
49,17,29.247837
49,18,29.4701
49,19,29.632647
49,2,6.2256026
49,20,29.74945
49,21,29.831905
49,22,29.889101
49,23,29.92809
49,24,29.954239
49,25,29.97153
49,26,29.982893
49,27,29.990437
49,28,29.995739
49,29,30.0
49,3,9.206961
49,4,12.037999
49,5,14.680301
49,6,17.104229
49,7,19.289742
49,8,21.226494
49,9,22.913345
5,0,0.0
5,1,1.533608
5,10,11.9263
5,11,12.532534
5,12,13.041954
5,13,13.467288
5,14,13.824263
5,15,14.129329
5,16,14.401031
5,17,14.659275
5,18,14.92633
5,19,15.227781
5,2,3.041235
5,20,15.593414
5,21,16.059816
5,22,16.671345
5,23,17.4836
5,24,18.563152
5,25,19.987135
5,26,21.83223
5,27,24.151293
5,28,26.92483
5,29,30.0
5,3,4.4978533
5,4,5.881733
5,5,7.1736574
5,6,8.360062
5,7,9.430593
5,8,10.3814125
5,9,11.211629
50,0,0.0
50,1,3.139636
50,10,24.357286
50,11,25.572033
50,12,26.57635
50,13,27.392357
50,14,28.0439
50,15,28.55511
50,16,28.94925
50,17,29.247839
50,18,29.470097
50,19,29.63265
50,2,6.225603
50,20,29.749447
50,21,29.831907
50,22,29.8891
50,23,29.928093
50,24,29.954235
50,25,29.971533
50,26,29.982891
50,27,29.990437
50,28,29.995739
50,29,30.0
50,3,9.206961
50,4,12.037999
50,5,14.680301
50,6,17.104229
50,7,19.289742
50,8,21.226494
50,9,22.913343
51,0,0.0
51,1,3.1396363
51,10,24.357286
51,11,25.572033
51,12,26.576351
51,13,27.392357
51,14,28.0439
51,15,28.55511
51,16,28.94925
51,17,29.247839
51,18,29.470097
51,19,29.632645
51,2,6.2256026
51,20,29.74945
51,21,29.831902
51,22,29.889103
51,23,29.92809
51,24,29.95424
51,25,29.97153
51,26,29.982891
51,27,29.990438
51,28,29.995737
51,29,30.0
51,3,9.206962
51,4,12.037999
51,5,14.6803
51,6,17.10423
51,7,19.289742
51,8,21.226496
51,9,22.913343
52,0,0.0
52,1,3.139636
52,10,24.357286
52,11,25.572033
52,12,26.576351
52,13,27.392359
52,14,28.043901
52,15,28.555109
52,16,28.94925
52,17,29.247839
52,18,29.470097
52,19,29.632648
52,2,6.225603
52,20,29.749447
52,21,29.831907
52,22,29.8891
52,23,29.928093
52,24,29.954239
52,25,29.971535
52,26,29.982891
52,27,29.990437
52,28,29.995739
52,29,30.0
52,3,9.206961
52,4,12.037999
52,5,14.680301
52,6,17.104229
52,7,19.289742
52,8,21.226494
52,9,22.913345
53,0,0.0
53,1,3.139636
53,10,24.357286
53,11,25.572033
53,12,26.57635
53,13,27.392359
53,14,28.0439
53,15,28.55511
53,16,28.949247
53,17,29.247839
53,18,29.470098
53,19,29.632647
53,2,6.2256026
53,20,29.749449
53,21,29.831905
53,22,29.889103
53,23,29.928091
53,24,29.95424
53,25,29.97153
53,26,29.982891
53,27,29.990438
53,28,29.995739
53,29,30.0
53,3,9.206961
53,4,12.037999
53,5,14.680301
53,6,17.104229
53,7,19.289742
53,8,21.226494
53,9,22.913343
54,0,0.0
54,1,3.1396358
54,10,24.357286
54,11,25.572033
54,12,26.576351
54,13,27.392357
54,14,28.0439
54,15,28.555107
54,16,28.94925
54,17,29.247837
54,18,29.470097
54,19,29.632648
54,2,6.225603
54,20,29.749449
54,21,29.831907
54,22,29.889101
54,23,29.928093
54,24,29.954239
54,25,29.971535
54,26,29.982891
54,27,29.990437
54,28,29.995739
54,29,30.0
54,3,9.206961
54,4,12.037999
54,5,14.6803
54,6,17.10423
54,7,19.28974
54,8,21.226494
54,9,22.913343
55,0,0.0
55,1,3.1396363
55,10,24.357286
55,11,25.572033
55,12,26.576351
55,13,27.39236
55,14,28.0439
55,15,28.555107
55,16,28.949247
55,17,29.247837
55,18,29.470097
55,19,29.632648
55,2,6.2256026
55,20,29.749449
55,21,29.831905
55,22,29.889101
55,23,29.928095
55,24,29.954243
55,25,29.971535
55,26,29.982891
55,27,29.990438
55,28,29.995739
55,29,30.0
55,3,9.206962
55,4,12.037998
55,5,14.680302
55,6,17.104229
55,7,19.289742
55,8,21.226494
55,9,22.913343
56,0,0.0
56,1,3.139636
56,10,24.357286
56,11,25.572033
56,12,26.576351
56,13,27.392359
56,14,28.0439
56,15,28.55511
56,16,28.949247
56,17,29.247837
56,18,29.470098
56,19,29.632648
56,2,6.225604
56,20,29.74945
56,21,29.831905
56,22,29.889103
56,23,29.928093
56,24,29.954243
56,25,29.971535
56,26,29.982893
56,27,29.99044
56,28,29.995739
56,29,30.0
56,3,9.206961
56,4,12.037999
56,5,14.680301
56,6,17.10423
56,7,19.289742
56,8,21.226496
56,9,22.913343
57,0,0.0
57,1,3.1396368
57,10,24.357288
57,11,25.572033
57,12,26.576351
57,13,27.39236
57,14,28.043901
57,15,28.555109
57,16,28.94925
57,17,29.247837
57,18,29.4701
57,19,29.632648
57,2,6.225604
57,20,29.74945
57,21,29.831907
57,22,29.889103
57,23,29.928095
57,24,29.954243
57,25,29.971535
57,26,29.982891
57,27,29.99044
57,28,29.995739
57,29,30.0
57,3,9.206963
57,4,12.037999
57,5,14.680302
57,6,17.104229
57,7,19.289743
57,8,21.226494
57,9,22.913345
58,0,0.0
58,1,3.1396365
58,10,24.357288
58,11,25.572037
58,12,26.576355
58,13,27.392363
58,14,28.0439
58,15,28.555113
58,16,28.94925
58,17,29.24784
58,18,29.4701
58,19,29.632652
58,2,6.225605
58,20,29.749453
58,21,29.831907
58,22,29.889105
58,23,29.928095
58,24,29.954243
58,25,29.971535
58,26,29.982893
58,27,29.99044
58,28,29.995739
58,29,30.0
58,3,9.206963
58,4,12.038002
58,5,14.680302
58,6,17.104233
58,7,19.289742
58,8,21.226498
58,9,22.913345
59,0,0.0
59,1,3.1396375
59,10,24.357292
59,11,25.572039
59,12,26.576359
59,13,27.392363
59,14,28.04391
59,15,28.555115
59,16,28.949257
59,17,29.247845
59,18,29.470106
59,19,29.632656
59,2,6.225605
59,20,29.749454
59,21,29.831911
59,22,29.889105
59,23,29.928097
59,24,29.954245
59,25,29.971537
59,26,29.982895
59,27,29.99044
59,28,29.995739
59,29,30.0
59,3,9.206965
59,4,12.038002
59,5,14.6803055
59,6,17.104233
59,7,19.289747
59,8,21.226498
59,9,22.91335
6,0,0.0
6,1,1.7870815
6,10,13.894157
6,11,14.599596
6,12,15.190798
6,13,15.683609
6,14,16.094723
6,15,16.44334
6,16,16.749363
6,17,17.034464
6,18,17.321966
6,19,17.63743
6,2,3.5436606
6,20,18.010017
6,21,18.472595
6,22,19.063864
6,23,19.827217
6,24,20.811222
6,25,22.063763
6,26,23.624119
6,27,25.504314
6,28,27.666225
6,29,30.0
6,3,5.2412024
6,4,6.8533435
6,5,8.359045
6,6,9.740845
6,7,10.988478
6,8,12.095499
6,9,13.0627575
60,0,0.0
60,1,3.139638
60,10,24.3573
60,11,25.572046
60,12,26.576363
60,13,27.392376
60,14,28.043913
60,15,28.555124
60,16,28.94926
60,17,29.247854
60,18,29.470112
60,19,29.632664
60,2,6.2256074
60,20,29.749462
60,21,29.831917
60,22,29.88911
60,23,29.9281
60,24,29.954247
60,25,29.971539
60,26,29.982897
60,27,29.99044
60,28,29.995739
60,29,30.0
60,3,9.206966
60,4,12.038008
60,5,14.680307
60,6,17.10424
60,7,19.28975
60,8,21.226507
60,9,22.913353
61,0,0.0
61,1,3.1396403
61,10,24.357313
61,11,25.57206
61,12,26.57638
61,13,27.392387
61,14,28.04393
61,15,28.555138
61,16,28.949278
61,17,29.247868
61,18,29.470127
61,19,29.632675
61,2,6.2256103
61,20,29.749477
61,21,29.831928
61,22,29.889122
61,23,29.92811
61,24,29.954254
61,25,29.971548
61,26,29.982903
61,27,29.990446
61,28,29.995743
61,29,30.0
61,3,9.206974
61,4,12.0380125
61,5,14.680319
61,6,17.104248
61,7,19.289762
61,8,21.226517
61,9,22.913368
62,0,0.0
62,1,3.1396437
62,10,24.357338
62,11,25.57209
62,12,26.576408
62,13,27.39242
62,14,28.04396
62,15,28.555168
62,16,28.949306
62,17,29.247898
62,18,29.470156
62,19,29.632706
62,2,6.225619
62,20,29.7495
62,21,29.831953
62,22,29.889143
62,23,29.928127
62,24,29.954273
62,25,29.97156
62,26,29.982912
62,27,29.990452
62,28,29.995745
62,29,30.0
62,3,9.206982
62,4,12.038029
62,5,14.680334
62,6,17.10427
62,7,19.289783
62,8,21.226543
62,9,22.913395
63,0,0.0
63,1,3.139651
63,10,24.357393
63,11,25.572144
63,12,26.576466
63,13,27.392473
63,14,28.044018
63,15,28.555225
63,16,28.949366
63,17,29.247952
63,18,29.470211
63,19,29.632755
63,2,6.2256317
63,20,29.749554
63,21,29.832
63,22,29.889187
63,23,29.928167
63,24,29.954304
63,25,29.971586
63,26,29.982931
63,27,29.990463
63,28,29.995752
63,29,30.0
63,3,9.2070055
63,4,12.0380535
63,5,14.680369
63,6,17.104307
63,7,19.28983
63,8,21.22659
63,9,22.913445
64,0,0.0
64,1,3.1396642
64,10,24.357494
64,11,25.572248
64,12,26.57657
64,13,27.392584
64,14,28.044128
64,15,28.555336
64,16,28.94947
64,17,29.248058
64,18,29.470312
64,19,29.632856
64,2,6.2256603
64,20,29.749645
64,21,29.832088
64,22,29.889267
64,23,29.92824
64,24,29.954367
64,25,29.97164
64,26,29.982971
64,27,29.990494
64,28,29.995766
64,29,30.0
64,3,9.207044
64,4,12.038108
64,5,14.680431
64,6,17.104383
64,7,19.28991
64,8,21.226679
64,9,22.913542
65,0,0.0
65,1,3.1396904
65,10,24.357681
65,11,25.572443
65,12,26.57677
65,13,27.392786
65,14,28.04433
65,15,28.55554
65,16,28.949675
65,17,29.248257
65,18,29.470505
65,19,29.633041
65,2,6.2257094
65,20,29.749819
65,21,29.832253
65,22,29.889416
65,23,29.928371
65,24,29.954483
65,25,29.971733
65,26,29.983046
65,27,29.990543
65,28,29.99579
65,29,30.0
65,3,9.207119
65,4,12.038203
65,5,14.680552
65,6,17.104519
65,7,19.290064
65,8,21.226845
65,9,22.91372
66,0,0.0
66,1,3.1397371
66,10,24.358025
66,11,25.572796
66,12,26.577135
66,13,27.393156
66,14,28.044703
66,15,28.555912
66,16,28.950043
66,17,29.24862
66,18,29.470858
66,19,29.633379
66,2,6.2258034
66,20,29.750141
66,21,29.832552
66,22,29.889692
66,23,29.92862
66,24,29.954697
66,25,29.971909
66,26,29.98318
66,27,29.990635
66,28,29.995838
66,29,30.0
66,3,9.207256
66,4,12.0383835
66,5,14.680765
66,6,17.104769
66,7,19.290342
66,8,21.22715
66,9,22.914043
67,0,0.0
67,1,3.1398218
67,10,24.358639
67,11,25.573437
67,12,26.57779
67,13,27.393822
67,14,28.045372
67,15,28.55658
67,16,28.950706
67,17,29.24927
67,18,29.47149
67,19,29.633987
67,2,6.2259703
67,20,29.75072
67,21,29.833092
67,22,29.890186
67,23,29.929062
67,24,29.955078
67,25,29.972223
67,26,29.983423
67,27,29.990799
67,28,29.99592
67,29,30.0
67,3,9.207502
67,4,12.038702
67,5,14.681155
67,6,17.105217
67,7,19.290844
67,8,21.227695
67,9,22.914629
68,0,0.0
68,1,3.1399708
68,10,24.359724
68,11,25.57456
68,12,26.578945
68,13,27.394993
68,14,28.046555
68,15,28.557762
68,16,28.951874
68,17,29.25042
68,18,29.472607
68,19,29.635061
68,2,6.226266
68,20,29.751741
68,21,29.834044
68,22,29.89106
68,23,29.929838
68,24,29.955751
68,25,29.972778
68,26,29.983849
68,27,29.991087
68,28,29.996067
68,29,30.0
68,3,9.207937
68,4,12.039269
68,5,14.681839
68,6,17.10601
68,7,19.291729
68,8,21.228662
68,9,22.915659
69,0,0.0
69,1,3.1402302
69,10,24.361599
69,11,25.576508
69,12,26.58094
69,13,27.397022
69,14,28.048595
69,15,28.559803
69,16,28.953897
69,17,29.252403
69,18,29.474539
69,19,29.63692
69,2,6.226778
69,20,29.753502
69,21,29.835693
69,22,29.892565
69,23,29.931187
69,24,29.956911
69,25,29.973736
69,26,29.984583
69,27,29.991585
69,28,29.996319
69,29,30.0
69,3,9.208693
69,4,12.04025
69,5,14.683027
69,6,17.107382
69,7,19.293264
69,8,21.230333
69,9,22.917448
7,0,0.0
7,1,2.0156188
7,10,15.668406
7,11,16.462017
7,12,17.126759
7,13,17.678677
7,14,18.137161
7,15,18.522135
7,16,18.855324
7,17,19.159046
7,18,19.45688
7,19,19.773994
7,2,3.9970477
7,20,20.137112
7,21,20.575855
7,22,21.121609
7,23,21.808437
7,24,22.669483
7,25,23.734509
7,26,25.021011
7,27,26.525368
7,28,28.210266
7,29,30.0
7,3,5.911415
7,4,7.730051
7,5,9.4277725
7,6,10.986579
7,7,12.392941
7,8,13.641571
7,9,14.731301
70,0,0.0
70,1,3.1406708
70,10,24.364792
70,11,25.579815
70,12,26.584335
70,13,27.400469
70,14,28.052069
70,15,28.563267
70,16,28.957333
70,17,29.255775
70,18,29.477821
70,19,29.640074
70,2,6.2276506
70,20,29.7565
70,21,29.83849
70,22,29.89513
70,23,29.933474
70,24,29.958889
70,25,29.975365
70,26,29.985836
70,27,29.992435
70,28,29.996748
70,29,30.0
70,3,9.209975
70,4,12.04192
70,5,14.685049
70,6,17.109718
70,7,19.295874
70,8,21.23318
70,9,22.92048
71,0,0.0
71,1,3.141409
71,10,24.370113
71,11,25.58534
71,12,26.589996
71,13,27.40622
71,14,28.057858
71,15,28.569054
71,16,28.963058
71,17,29.261404
71,18,29.48329
71,19,29.645342
71,2,6.2291083
71,20,29.761496
71,21,29.843163
71,22,29.899406
71,23,29.937298
71,24,29.96219
71,25,29.978088
71,26,29.987926
71,27,29.993856
71,28,29.997465
71,29,30.0
71,3,9.212124
71,4,12.04471
71,5,14.688429
71,6,17.113623
71,7,19.300238
71,8,21.237928
71,9,22.925556
72,0,0.0
72,1,3.142621
72,10,24.378853
72,11,25.594389
72,12,26.599277
72,13,27.415642
72,14,28.067345
72,15,28.578522
72,16,28.972445
72,17,29.270615
72,18,29.492258
72,19,29.653961
72,2,6.231507
72,20,29.76969
72,21,29.850813
72,22,29.906424
72,23,29.943563
72,24,29.967607
72,25,29.982555
72,26,29.99136
72,27,29.996183
72,28,29.998642
72,29,30.0
72,3,9.215654
72,4,12.049298
72,5,14.693981
72,6,17.120033
72,7,19.307396
72,8,21.245722
72,9,22.933868
73,0,0.0
73,1,3.1445804
73,10,24.392916
73,11,25.608967
73,12,26.61421
73,13,27.430805
73,14,28.082603
73,15,28.593763
73,16,28.987534
73,17,29.285442
73,18,29.506676
73,19,29.667841
73,2,6.2353806
73,20,29.782866
73,21,29.863138
73,22,29.917713
73,23,29.95366
73,24,29.97633
73,25,29.989754
73,26,29.99689
73,27,29.999939
73,28,30.000538
73,29,30.0
73,3,9.221355
73,4,12.056705
73,5,14.70294
73,6,17.130379
73,7,19.31894
73,8,21.258284
73,9,22.94727
74,0,0.0
74,1,3.1476922
74,10,24.415173
74,11,25.632011
74,12,26.637825
74,13,27.45477
74,14,28.106722
74,15,28.617836
74,16,29.011383
74,17,29.30886
74,18,29.529469
74,19,29.689772
74,2,6.2415304
74,20,29.803709
74,21,29.882618
74,22,29.935585
74,23,29.969624
74,24,29.990145
74,25,30.001144
74,26,30.005655
74,27,30.005882
74,28,30.003546
74,29,30.0
74,3,9.230407
74,4,12.068456
74,5,14.717154
74,6,17.146774
74,7,19.337234
74,8,21.278175
74,9,22.96848
75,0,0.0
75,1,3.1525483
75,10,24.449764
75,11,25.667824
75,12,26.674496
75,13,27.491972
75,14,28.14415
75,15,28.655207
75,16,29.04839
75,17,29.345219
75,18,29.56484
75,19,29.723839
75,2,6.251131
75,20,29.836067
75,21,29.912907
75,22,29.963345
75,23,29.99447
75,24,30.011616
75,25,30.018887
75,26,30.019287
75,27,30.015144
75,28,30.008224
75,29,30.0
75,3,9.244525
75,4,12.086788
75,5,14.739305
75,6,17.172323
75,7,19.365711
75,8,21.309135
75,9,23.001465
76,0,0.0
76,1,3.1600056
76,10,24.502594
76,11,25.722486
76,12,26.730442
76,13,27.548712
76,14,28.20123
76,15,28.71217
76,16,29.10482
76,17,29.40064
76,18,29.618805
76,19,29.775787
76,2,6.265861
76,20,29.885475
76,21,29.959118
76,22,30.005775
76,23,30.03241
76,24,30.04447
76,25,30.045998
76,26,30.040157
76,27,30.029308
76,28,30.015392
76,29,30.0
76,3,9.2661915
76,4,12.114889
76,5,14.773258
76,6,17.211441
76,7,19.409307
76,8,21.356476
76,9,23.051878
77,0,0.0
77,1,3.1712604
77,10,24.581896
77,11,25.804468
77,12,26.814316
77,13,27.63374
77,14,28.286728
77,15,28.797512
77,16,29.189333
77,17,29.483692
77,18,29.699638
77,19,29.853683
77,2,6.2881017
77,20,29.959532
77,21,30.028494
77,22,30.069433
77,23,30.089434
77,24,30.093807
77,25,30.086794
77,26,30.07153
77,27,30.050636
77,28,30.026169
77,29,30.0
77,3,9.298868
77,4,12.157272
77,5,14.824406
77,6,17.270351
77,7,19.47487
77,8,21.427645
77,9,23.127586
78,0,0.0
78,1,3.1879835
78,10,24.698849
78,11,25.925316
78,12,26.937862
78,13,27.75893
78,14,28.41259
78,15,28.92309
78,16,29.313736
78,17,29.605907
78,18,29.818697
78,19,29.968384
78,2,6.3211136
78,20,30.068726
78,21,30.130743
78,22,30.163422
78,23,30.173582
78,24,30.16676
78,25,30.147064
78,26,30.11797
78,27,30.08217
78,28,30.042133
78,29,30.0
78,3,9.34738
78,4,12.220111
78,5,14.900217
78,6,17.357544
78,7,19.571869
78,8,21.532787
78,9,23.239372
79,0,0.0
79,1,3.2124207
79,10,24.868443
79,11,26.100368
79,12,27.116718
79,13,27.940067
79,14,28.594616
79,15,29.104715
79,16,29.493605
79,17,29.782728
79,18,29.990911
79,19,30.134491
79,2,6.3693686
79,20,30.22683
79,21,30.279041
79,22,30.299694
79,23,30.295828
79,24,30.272686
79,25,30.234756
79,26,30.185488
79,27,30.128105
79,28,30.065361
79,29,30.0
79,3,9.4182
79,4,12.311829
79,5,15.010695
79,6,17.484543
79,7,19.712915
79,8,21.685577
79,9,23.401573
8,0,0.0
8,1,2.2183473
8,10,17.239922
8,11,18.111908
8,12,18.840405
8,13,19.444084
8,14,19.942501
8,15,20.357548
8,16,20.711271
8,17,21.026672
8,18,21.32711
8,19,21.636389
8,2,4.3988194
8,20,21.97942
8,21,22.381329
8,22,22.868475
8,23,23.465996
8,24,24.197582
8,25,25.080406
8,26,26.122004
8,27,27.312904
8,28,28.623024
8,29,30.0
8,3,6.505904
8,4,8.506935
8,5,10.375632
8,6,12.090418
8,7,13.638306
8,8,15.011371
8,9,16.21032
80,0,0.0
80,1,3.2476015
80,10,25.11013
80,11,26.34965
80,12,27.371181
80,13,28.197626
80,14,28.853355
80,15,29.362787
80,16,29.74927
80,17,30.034008
80,18,30.235888
80,19,30.37076
80,2,6.4387603
80,20,30.452057
80,21,30.490284
80,22,30.494188
80,23,30.470272
80,24,30.42416
80,25,30.360107
80,26,30.282194
80,27,30.193851
80,28,30.098663
80,29,30.0
80,3,9.520029
80,4,12.443492
80,5,15.169207
80,6,17.666418
80,7,19.91475
80,8,21.90382
80,9,23.633074
81,0,0.0
81,1,3.2974553
81,10,25.448874
81,11,26.698551
81,12,27.727055
81,13,28.557564
81,14,29.21476
81,15,29.723255
81,16,30.106281
81,17,30.385138
81,18,30.578201
81,19,30.701351
81,2,6.537099
81,20,30.767233
81,21,30.78645
81,22,30.766905
81,23,30.715412
81,24,30.637026
81,25,30.536648
81,26,30.418346
81,27,30.286589
81,28,30.145596
81,29,30.0
81,3,9.664118
81,4,12.629694
81,5,15.392933
81,6,17.922873
81,7,20.198755
81,8,22.210583
81,9,23.957859
82,0,0.0
82,1,3.3671188
82,10,25.9156
82,11,27.178745
82,12,28.216255
82,13,29.051981
82,14,29.710972
82,15,30.217983
82,16,30.596436
82,17,30.867195
82,18,31.048664
82,19,31.155807
82,2,6.674338
82,20,31.201256
82,21,31.194452
82,22,31.143436
82,23,31.054005
82,24,30.931738
82,25,30.781116
82,26,30.607302
82,27,30.41525
82,28,30.210821
82,29,30.0
82,3,9.865105
82,4,12.888903
82,5,15.704031
82,6,18.278652
82,7,20.592205
82,8,22.634604
82,9,24.406183
83,0,0.0
83,1,3.4630604
83,10,26.548203
83,11,27.82847
83,12,28.877426
83,13,29.719574
83,14,30.380562
83,15,30.885517
83,16,31.257685
83,17,31.518017
83,18,31.683987
83,19,31.770462
83,2,6.8632903
83,20,31.788612
83,21,31.747797
83,22,31.654491
83,23,31.51474
83,24,31.333046
83,25,31.114843
83,26,30.865332
83,27,30.59131
83,28,30.300041
83,29,30.0
83,3,10.141306
83,4,13.244687
83,5,16.12996
83,6,18.764921
83,7,21.128527
83,8,23.211563
83,9,25.014774
84,0,0.0
84,1,3.5935369
84,10,27.391392
84,11,28.693104
84,12,29.755943
84,13,30.605732
84,14,31.268833
84,15,31.770699
84,16,32.134834
84,17,32.381462
84,18,32.52794
84,19,32.587482
84,2,7.1198587
84,20,32.57096
84,21,32.48561
84,22,32.337738
84,23,32.131443
84,24,31.871763
84,25,31.56329
84,26,31.212954
84,27,30.828588
84,28,30.420492
84,29,30.0
84,3,10.515914
84,4,13.72597
84,5,16.704975
84,6,19.419378
84,7,21.848701
84,8,23.984024
84,9,25.827887
85,0,0.0
85,1,3.7687564
85,10,28.497282
85,11,29.824554
85,12,30.903807
85,13,31.762157
85,14,32.42711
85,15,32.924755
85,16,33.27834
85,17,33.50809
85,18,33.62977
85,19,33.656147
85,2,7.464115
85,20,33.595505
85,21,33.454433
85,22,33.236355
85,23,32.945168
85,24,32.58379
85,25,32.157906
85,26,31.67446
85,27,31.144382
85,28,30.580837
85,29,30.0
85,3,11.017288
85,4,14.368696
85,5,17.470224
85,6,20.287884
85,7,22.800976
85,8,25.002607
85,9,26.896732
86,0,0.0
86,1,4.001629
86,10,29.924112
86,11,31.281078
86,12,32.37851
86,13,33.24589
86,14,33.91204
86,15,34.403625
86,16,34.74425
86,17,34.952927
86,18,35.044975
86,19,35.030388
86,2,7.9206896
86,20,34.91642
86,21,34.70591
86,22,34.401154
86,23,34.002407
86,24,33.512447
86,25,32.935177
86,26,32.2798
86,27,31.559158
86,28,30.791885
86,29,30.0
86,3,11.680769
86,4,15.216072
86,5,18.475708
86,6,21.424103
86,7,24.042294
86,8,26.325033
86,9,28.280104
87,0,0.0
87,1,4.3081794
87,10,31.73603
87,11,33.125237
87,12,34.241795
87,13,35.117626
87,14,35.783455
87,15,36.26696
87,16,36.591335
87,17,36.77539
87,18,36.8319
87,19,36.769646
87,2,8.520623
87,20,36.591568
87,21,36.298576
87,22,35.88778
87,23,35.35767
87,24,34.70677
87,25,33.939297
87,26,33.063972
87,27,32.098316
87,28,31.066528
87,29,30.0
87,3,12.549332
87,4,16.321064
87,5,19.78022
87,6,22.891459
87,7,25.637197
87,8,28.016983
87,9,30.042532
88,0,0.0
88,1,4.7090244
88,10,34.000225
88,11,35.422516
88,12,36.55693
88,13,37.439243
88,14,38.102306
88,15,38.57469
88,16,38.879963
88,17,39.035095
88,18,39.05176
88,19,38.934425
88,2,9.302589
88,20,38.683594
88,21,38.29387
88,22,37.759033
88,23,37.07065
88,24,36.224693
88,25,35.221004
88,26,34.070053
88,27,32.792175
88,28,31.421041
88,29,30.0
88,3,13.676794
88,4,17.747162
88,5,21.454193
88,6,24.76231
88,7,27.659206
88,8,30.1499
88,9,32.254173
89,0,0.0
89,1,5.230813
89,10,36.78554
89,11,38.237583
89,12,39.386032
89,13,40.270584
89,14,40.92687
89,15,41.38482
89,16,41.66736
89,17,41.790836
89,18,41.763214
89,19,41.586517
89,2,10.316785
89,20,41.254612
89,21,40.757736
89,22,40.080654
89,23,39.209415
89,24,38.13096
89,25,36.841824
89,26,35.3493
89,27,33.679295
89,28,31.875568
89,29,30.0
89,3,15.13011
89,4,19.572784
89,5,23.580042
89,6,27.12045
89,7,30.188732
89,8,32.80125
89,9,34.987293
9,0,0.0
9,1,2.3949132
9,10,18.608746
9,11,19.54778
9,12,20.331757
9,13,20.979002
9,14,21.51114
9,15,21.950079
9,16,22.31894
9,17,22.640568
9,18,22.937824
9,19,23.233501
9,2,4.7491436
9,20,23.549805
9,21,23.909113
9,22,24.332304
9,23,24.83938
9,24,25.446232
9,25,26.163998
9,26,26.994415
9,27,27.928253
9,28,28.942068
9,29,30.0
9,3,7.0236664
9,4,9.184269
9,5,11.20113
9,6,13.052631
9,7,14.722813
9,8,16.205072
9,9,17.498055
90,0,0.0
90,1,5.9098883
90,10,40.15775
90,11,41.631504
90,12,42.785698
90,13,43.665497
90,14,44.309387
90,15,44.748325
90,16,45.005436
90,17,45.09451
90,18,45.02155
90,19,44.78251
90,2,11.629234
90,20,44.366783
90,21,43.75476
90,22,42.923744
90,23,41.846783
90,24,40.501835
90,25,38.87388
90,26,36.96694
90,27,34.808346
90,28,32.457043
90,29,30.0
90,3,16.99619
90,4,21.89415
90,5,26.256731
90,6,30.060032
90,7,33.314247
90,8,36.050728
90,9,38.315025
91,0,0.0
91,1,6.797564
91,10,44.17676
91,11,45.656265
91,12,46.803066
91,13,47.66742
91,14,48.29099
91,15,48.706036
91,16,48.93461
91,17,48.989334
91,18,48.871468
91,19,48.57323
91,2,13.331787
91,20,48.074936
91,21,47.349293
91,22,46.35898
91,23,45.06416
91,24,43.423508
91,25,41.407364
91,26,39.005634
91,27,36.245872
91,28,33.202244
91,29,30.0
91,3,19.389534
91,4,24.833893
91,5,29.601559
91,6,33.68858
91,7,37.12881
91,8,39.979332
91,9,42.305836
92,0,0.0
92,1,7.9716077
92,10,48.889942
92,11,50.35083
92,12,51.470325
92,13,52.304554
92,14,52.897774
92,15,53.282753
92,16,53.4812
92,17,53.502613
92,18,53.34569
92,19,52.995537
92,2,15.557167
92,20,52.426285
92,21,51.597412
92,22,50.45843
92,23,48.946983
92,24,46.99878
92,25,44.553818
92,26,41.57826
92,27,38.085487
92,28,34.166256
92,29,30.0
92,3,22.468662
92,4,28.549362
92,5,33.757065
92,6,38.125122
92,7,41.729767
92,8,44.663124
92,9,47.02047
93,0,0.0
93,1,9.557589
93,10,54.327774
93,11,55.734486
93,12,56.800278
93,13,57.585278
93,14,58.135628
93,15,58.484245
93,16,58.65103
93,17,58.643944
93,18,58.45686
93,19,58.07105
93,2,18.509655
93,20,57.450993
93,21,56.54638
93,22,55.287094
93,23,53.587547
93,24,51.345978
93,25,48.45925
93,26,44.84188
93,27,40.470314
93,28,35.436733
93,29,30.0
93,3,26.45897
93,4,33.248837
93,5,38.8938
93,6,43.50117
93,7,47.211708
93,8,50.169277
93,9,52.50373
94,0,0.0
94,1,11.776629
94,10,60.49551
94,11,61.80244
94,12,62.78103
94,13,63.493935
94,14,63.987144
94,15,64.292206
94,16,64.42768
94,17,64.39835
94,18,64.19624
94,19,63.796993
94,2,22.519974
94,20,63.160282
94,21,62.22341
94,22,60.9008
94,23,59.07614
94,24,56.60431
94,25,53.312687
94,26,49.027756
94,27,43.630028
94,28,37.167854
94,29,30.0
94,3,31.69338
94,4,39.207283
94,5,45.214813
94,6,49.9526
94,7,53.66004
94,8,56.545006
94,9,58.778496
95,0,0.0
95,1,15.055669
95,10,67.36775
95,11,68.51955
95,12,69.3727
95,13,69.987816
95,14,70.40828
95,15,70.663055
95,16,70.76775
95,17,70.72584
95,18,70.526505
95,19,70.14467
95,2,28.15455
95,20,69.53528
95,21,68.63086
95,22,67.33084
95,23,65.49442
95,24,62.924477
95,25,59.36017
95,26,54.47914
95,27,47.958523
95,28,39.656853
95,29,30.0
95,3,38.669025
95,4,46.783554
95,5,52.94607
95,6,57.606636
95,7,61.133404
95,8,63.806995
95,9,65.8342
96,0,0.0
96,1,20.315945
96,10,74.88048
96,11,75.817474
96,12,76.50461
96,13,76.995705
96,14,77.32808
96,15,77.52582
96,16,77.601776
96,17,77.55722
96,18,77.382095
96,19,77.0515
96,2,36.42231
96,20,76.52352
96,21,75.73056
96,22,74.57097
96,23,72.88896
96,24,70.44986
96,25,66.89659
96,26,61.703262
96,27,54.157463
96,28,43.54657
96,29,30.0
96,3,48.11906
96,4,56.41147
96,5,62.3062
96,6,66.54758
96,7,69.64118
96,8,71.9228
96,9,73.61806
97,0,0.0
97,1,29.805779
97,10,82.928055
97,11,83.5923
97,12,84.0757
97,13,84.41878
97,14,84.649185
97,15,84.784515
97,16,84.833496
97,17,84.796875
97,18,84.66589
97,19,84.42147
97,2,49.14016
97,20,84.02928
97,21,83.43483
97,22,82.55028
97,23,81.23537
97,24,79.2562
97,25,76.21138
97,26,71.385
97,27,63.493355
97,28,50.407898
97,29,30.0
97,3,61.034134
97,4,68.51936
97,5,73.42284
97,6,76.7619
97,7,79.10773
97,8,80.793945
97,9,82.02397
98,0,0.0
98,1,49.781345
98,10,91.36224
98,11,91.70745
98,12,91.957344
98,13,92.133934
98,14,92.25198
98,15,92.32068
98,16,92.344696
98,17,92.324005
98,18,92.25397
98,19,92.12363
98,2,69.326996
98,20,91.91413
98,21,91.59395
98,22,91.11187
98,23,90.38069
98,24,89.24515
98,25,87.40324
98,26,84.205826
98,27,78.07261
98,28,64.61692
98,29,30.0
98,3,78.40143
98,4,83.26698
98,5,86.177444
98,6,88.05783
98,7,89.33797
98,8,90.23993
98,9,90.88936
99,0,0.0
99,1,100.0
99,10,100.0
99,11,100.0
99,12,100.0
99,13,100.0
99,14,100.0
99,15,100.0
99,16,100.0
99,17,100.0
99,18,100.0
99,19,100.0
99,2,100.0
99,20,100.0
99,21,100.0
99,22,100.0
99,23,100.0
99,24,100.0
99,25,100.0
99,26,100.0
99,27,100.0
99,28,100.0
99,29,30.0
99,3,100.0
99,4,100.0
99,5,100.0
99,6,100.0
99,7,100.0
99,8,100.0
99,9,100.0
