0,0,0.0
0,1,0.0
0,10,0.0
0,11,0.0
0,12,0.0
0,13,0.0
0,14,0.0
0,15,0.0
0,16,0.0
0,17,0.0
0,18,0.0
0,19,0.0
0,2,0.0
0,20,0.0
0,21,0.0
0,22,0.0
0,23,0.0
0,24,0.0
0,25,0.0
0,26,0.0
0,27,0.0
0,28,0.0
0,29,30.0
0,3,0.0
0,4,0.0
0,5,0.0
0,6,0.0
0,7,0.0
0,8,0.0
0,9,0.0
1,0,0.0
1,1,0.30685386
1,10,2.4239423
1,11,2.554123
1,12,2.6655607
1,13,2.7608314
1,14,2.8432798
1,15,2.9166086
1,16,2.985269
1,17,3.0544415
1,18,3.1304982
1,19,3.2216105
1,2,0.60885215
1,20,3.3387265
1,21,3.4975824
1,22,3.7218912
1,23,4.0503054
1,24,4.550376
1,25,5.3521643
1,26,6.734358
1,27,9.374482
1,28,15.152711
1,29,30.0
1,3,0.9012985
1,4,1.1800976
1,5,1.4415777
1,6,1.6831105
1,7,1.902622
1,8,2.0992727
1,9,2.2727551
10,0,0.0
10,1,2.4176102
10,10,19.063034
10,11,20.071678
10,12,20.923403
10,13,21.636047
10,14,22.22872
10,15,22.722826
10,16,23.139896
10,17,23.50204
10,18,23.83102
10,19,24.148071
10,2,4.7965975
10,20,24.473965
10,21,24.828026
10,22,25.22858
10,23,25.690964
10,24,26.227642
10,25,26.845263
10,26,27.544197
10,27,28.315813
10,28,29.142899
10,29,30.0
10,3,7.100528
10,4,9.295843
10,5,11.354934
10,6,13.25502
10,7,14.981425
10,8,16.52483
10,9,17.8842
11,0,0.0
11,1,2.5442224
11,10,20.057182
11,11,21.116047
11,12,22.009401
11,13,22.754444
11,14,23.371656
11,15,23.88205
11,16,24.307728
11,17,24.670315
11,18,24.990984
11,19,25.290016
11,2,5.0479507
11,20,25.58621
11,21,25.897194
11,22,26.23809
11,23,26.62201
11,24,27.05802
11,25,27.551426
11,26,28.101582
11,27,28.702297
11,28,29.340912
11,29,30.0
11,3,7.472313
11,4,9.782791
11,5,11.949205
11,6,13.948868
11,7,15.764806
11,8,17.388714
11,9,18.817806
12,0,0.0
12,1,2.6503465
12,10,20.888748
12,11,21.989891
12,12,22.91713
12,13,23.689049
12,14,24.325605
12,15,24.848661
12,16,25.27989
12,17,25.640894
12,18,25.95224
12,19,26.233128
12,2,5.258333
12,20,26.501362
12,21,26.772495
12,22,27.060307
12,23,27.375406
12,24,27.725836
12,25,28.115376
12,26,28.544174
12,27,29.0075
12,28,29.496819
12,29,30.0
12,3,7.783911
12,4,10.1903515
12,5,12.447187
12,6,14.529552
12,7,16.421066
12,8,18.11158
12,9,19.599556
13,0,0.0
13,1,2.7377393
13,10,21.573656
13,11,22.708843
13,12,23.664059
13,13,24.457241
13,14,25.109327
13,15,25.641731
13,16,26.076477
13,17,26.434729
13,18,26.736591
13,19,27.000645
13,2,5.4318438
13,20,27.243423
13,21,27.47966
13,22,27.721355
13,23,27.978403
13,24,28.25736
13,25,28.562176
13,26,28.89304
13,27,29.247284
13,28,29.618946
13,29,30.0
13,3,8.040506
13,4,10.526436
13,5,12.857246
13,6,15.008287
13,7,16.961397
13,8,18.70731
13,9,20.243053
14,0,0.0
14,1,2.8086627
14,10,22.128227
14,11,23.291245
14,12,24.26845
14,13,25.0788
14,14,25.742714
14,15,26.282196
14,16,26.718876
14,17,27.073883
14,18,27.366898
14,19,27.61581
14,2,5.572418
14,20,27.83664
14,21,28.042913
14,22,28.246153
14,23,28.455
14,24,28.675968
14,25,28.912483
14,26,29.165745
14,27,29.434093
14,28,29.71397
14,29,30.0
14,3,8.248726
14,4,10.798718
14,5,13.189932
14,6,15.39611
14,7,17.399635
14,8,19.189835
14,9,20.764717
15,0,0.0
15,1,2.8651931
15,10,22.570429
15,11,23.755081
15,12,24.749943
15,13,25.573408
15,14,26.246593
15,15,26.791096
15,16,27.228794
15,17,27.580484
15,18,27.865562
15,19,28.101582
15,2,5.684665
15,20,28.303791
15,21,28.485409
15,22,28.656996
15,23,28.8271
15,24,29.001553
15,25,29.18426
15,26,29.37661
15,27,29.578316
15,28,29.787186
15,29,30.0
15,3,8.414687
15,4,11.016098
15,5,13.455088
15,6,15.70565
15,7,17.748884
15,8,19.574806
15,9,21.180363
16,0,0.0
16,1,2.9096081
16,10,22.916996
16,11,24.118824
16,12,25.127094
16,13,25.960873
16,14,26.640875
16,15,27.189098
16,16,27.627121
16,17,27.975723
16,18,28.25406
16,19,28.479256
16,2,5.772682
16,20,28.666355
16,21,28.827894
16,22,28.974339
16,23,29.113602
16,24,29.251732
16,25,29.392447
16,26,29.537895
16,27,29.688366
16,28,29.84303
16,29,30.0
16,3,8.545065
16,4,11.18655
16,5,13.663345
16,6,15.948352
16,7,18.023096
16,8,19.876614
16,9,21.506548
17,0,0.0
17,1,2.943869
17,10,23.18449
17,11,24.399223
17,12,25.417952
17,13,26.25935
17,14,26.944572
17,15,27.495329
17,16,27.933365
17,17,28.279253
17,18,28.551971
17,19,28.768488
17,2,5.840718
17,20,28.943422
17,21,29.089226
17,22,29.215847
17,23,29.331299
17,24,29.4413
17,25,29.54999
17,26,29.659647
17,27,29.771393
17,28,29.885096
17,29,30.0
17,3,8.645637
17,4,11.318282
17,5,13.823988
17,6,16.13587
17,7,18.234598
17,8,20.109697
17,9,21.758087
18,0,0.0
18,1,2.969926
18,10,23.387392
18,11,24.612068
18,12,25.63847
18,13,26.485697
18,14,27.174633
18,15,27.727234
18,16,28.16505
18,17,28.508656
18,18,28.776894
18,19,28.986507
18,2,5.892345
18,20,29.152039
18,21,29.285564
18,22,29.397083
18,23,29.494263
18,24,29.583061
18,25,29.667522
18,26,29.750425
18,27,29.83318
18,28,29.916405
18,29,30.0
18,3,8.7221155
18,4,11.418243
18,5,13.946117
18,6,16.278154
18,7,18.395334
18,8,20.28654
18,9,21.949158
19,0,0.0
19,1,2.989376
19,10,23.53897
19,11,24.770863
19,12,25.803082
19,13,26.654469
19,14,27.346176
19,15,27.899986
19,16,28.33754
19,17,28.679296
19,18,28.944006
19,19,29.14835
19,2,5.9309716
19,20,29.30663
19,21,29.430935
19,22,29.530983
19,23,29.614574
19,24,29.687485
19,25,29.754059
19,26,29.81713
19,27,29.878582
19,28,29.939377
19,29,30.0
19,3,8.779203
19,4,11.493018
19,5,14.037277
19,6,16.384558
19,7,18.515305
19,8,20.418726
19,9,22.091743
2,0,0.0
2,1,0.6088345
2,10,4.808799
2,11,5.0670347
2,12,5.28771
2,13,5.476382
2,14,5.6391945
2,15,5.7836742
2,16,5.9182396
2,17,6.052942
2,18,6.1998653
2,19,6.3742027
2,2,1.2079583
2,20,6.596157
2,21,6.89358
2,22,7.30748
2,23,7.900627
2,24,8.775112
2,25,10.104347
2,26,12.196008
2,27,15.600841
2,28,21.231358
2,29,30.0
2,3,1.7882756
2,4,2.341299
2,5,2.8602207
2,6,3.3392491
2,7,3.7749083
2,8,4.164841
2,9,4.5091267
20,0,0.0
20,1,3.0036929
20,10,23.650227
20,11,24.88752
20,12,25.923859
20,13,26.778347
20,14,27.471962
20,15,28.026634
20,16,28.46389
20,17,28.804195
20,18,29.066235
20,19,29.266562
20,2,5.959333
20,20,29.419472
20,21,29.53686
20,22,29.628496
20,23,29.70201
20,24,29.76335
20,25,29.8168
20,26,29.865494
20,27,29.911446
20,28,29.956015
20,29,30.0
20,3,8.821218
20,4,11.54792
20,5,14.104354
20,6,16.462677
20,7,18.603544
20,8,20.515766
20,9,22.19657
21,0,0.0
21,1,3.0140326
21,10,23.730661
21,11,24.971733
21,12,26.01111
21,13,26.867733
21,14,27.562744
21,15,28.117954
21,16,28.554962
21,17,28.894156
21,18,29.154186
21,19,29.351582
21,2,5.9798684
21,20,29.500511
21,21,29.612896
21,22,29.698372
21,23,29.76465
21,24,29.817595
21,25,29.861664
21,26,29.900015
21,27,29.934914
21,28,29.96788
21,29,30.0
21,3,8.851561
21,4,11.587666
21,5,14.152794
21,6,16.519213
21,7,18.667267
21,8,20.585966
21,9,22.272257
22,0,0.0
22,1,3.0213974
22,10,23.78778
22,11,25.0316
22,12,26.073051
22,13,26.931229
22,14,27.62716
22,15,28.182755
22,16,28.619532
22,17,28.957905
22,18,29.216478
22,19,29.411728
22,2,5.994456
22,20,29.557823
22,21,29.666592
22,22,29.747707
22,23,29.8088
22,24,29.855831
22,25,29.893234
22,26,29.924316
22,27,29.95141
22,28,29.976225
22,29,30.0
22,3,8.873172
22,4,11.615898
22,5,14.187284
22,6,16.55937
22,7,18.712618
22,8,20.635824
22,9,22.3261
23,0,0.0
23,1,3.026543
23,10,23.827736
23,11,25.07341
23,12,26.116352
23,13,26.975554
23,14,27.672148
23,15,28.227966
23,16,28.664581
23,17,29.00235
23,18,29.259876
23,19,29.453617
23,2,6.004675
23,20,29.59769
23,21,29.703938
23,22,29.781971
23,23,29.839464
23,24,29.882345
23,25,29.91513
23,26,29.941143
23,27,29.962841
23,28,29.982
23,29,30.0
23,3,8.888269
23,4,11.6356735
23,5,14.21138
23,6,16.58749
23,7,18.7443
23,8,20.670721
23,9,22.363708
24,0,0.0
24,1,3.0300884
24,10,23.855183
24,11,25.102165
24,12,26.146088
24,13,27.00602
24,14,27.703033
24,15,28.259016
24,16,28.695488
24,17,29.032833
24,18,29.28963
24,19,29.482311
24,2,6.011698
24,20,29.624996
24,21,29.729485
24,22,29.805407
24,23,29.860409
24,24,29.90046
24,25,29.930069
24,26,29.95263
24,27,29.97063
24,28,29.98594
24,29,30.0
24,3,8.898672
24,4,11.649261
24,5,14.227978
24,6,16.60681
24,7,18.766117
24,8,20.694695
24,9,22.389593
25,0,0.0
25,1,3.0324848
25,10,23.873753
25,11,25.121592
25,12,26.166195
25,13,27.026592
25,14,27.723904
25,15,28.279972
25,16,28.716354
25,17,29.053402
25,18,29.309692
25,19,29.501656
25,2,6.0164566
25,20,29.643387
25,21,29.746687
25,22,29.82117
25,23,29.8745
25,24,29.912632
25,25,29.940111
25,26,29.960342
25,27,29.975864
25,28,29.988585
25,29,30.0
25,3,8.905703
25,4,11.658468
25,5,14.239194
25,6,16.619896
25,7,18.780857
25,8,20.710926
25,9,22.407078
26,0,0.0
26,1,3.0340815
26,10,23.886093
26,11,25.134516
26,12,26.179554
26,13,27.040272
26,14,27.73776
26,15,28.293892
26,16,28.730202
26,17,29.067047
26,18,29.323004
26,19,29.514477
26,2,6.019619
26,20,29.655579
26,21,29.75808
26,22,29.831614
26,23,29.883823
26,24,29.920687
26,25,29.94675
26,26,29.96544
26,27,29.979324
26,28,29.99033
26,29,30.0
26,3,8.910387
26,4,11.664586
26,5,14.246666
26,6,16.628592
26,7,18.790676
26,8,20.72171
26,9,22.41872
27,0,0.0
27,1,3.0351253
27,10,23.894167
27,11,25.142956
27,12,26.18829
27,13,27.049204
27,14,27.746815
27,15,28.302984
27,16,28.739243
27,17,29.075958
27,18,29.331684
27,19,29.522842
27,2,6.0216923
27,20,29.663519
27,21,29.765507
27,22,29.838411
27,23,29.889898
27,24,29.925928
27,25,29.951069
27,26,29.96876
27,27,29.981571
27,28,29.991468
27,29,30.0
27,3,8.913448
27,4,11.668595
27,5,14.251549
27,6,16.634287
27,7,18.79709
27,8,20.728771
27,9,22.426327
28,0,0.0
28,1,3.035798
28,10,23.899353
28,11,25.148388
28,12,26.193901
28,13,27.054949
28,14,27.752632
28,15,28.308823
28,16,28.745052
28,17,29.081673
28,18,29.33726
28,19,29.528206
28,2,6.0230236
28,20,29.668617
28,21,29.770267
28,22,29.84277
28,23,29.893785
28,24,29.929285
28,25,29.953838
28,26,29.970879
28,27,29.983013
28,28,29.992193
28,29,30.0
28,3,8.915421
28,4,11.671171
28,5,14.254694
28,6,16.637949
28,7,18.801218
28,8,20.73331
28,9,22.431223
29,0,0.0
29,1,3.0362232
29,10,23.90264
29,11,25.151817
29,12,26.197449
29,13,27.058577
29,14,27.756308
29,15,28.312508
29,16,28.748718
29,17,29.085285
29,18,29.340775
29,19,29.531591
29,2,6.0238686
29,20,29.67183
29,21,29.773266
29,22,29.845516
29,23,29.896236
29,24,29.9314
29,25,29.955574
29,26,29.97222
29,27,29.983917
29,28,29.992653
29,29,30.0
29,3,8.916668
29,4,11.672804
29,5,14.256681
29,6,16.640265
29,7,18.80383
29,8,20.736183
29,9,22.434313
3,0,0.0
3,1,0.9012249
3,10,7.117672
3,11,7.4992576
3,12,7.8253975
3,13,8.103466
3,14,8.342961
3,15,8.554272
3,16,8.749696
3,17,8.943215
3,18,9.151527
3,19,9.395222
3,2,1.7881815
3,20,9.700516
3,21,10.102738
3,22,10.650589
3,23,11.414547
3,24,12.498074
3,25,14.056106
3,26,16.315413
3,27,19.58208
3,28,24.16203
3,29,30.0
3,3,2.647079
3,4,3.4658706
3,5,4.23378
3,6,4.9430604
3,7,5.5876226
3,8,6.1649566
3,9,6.6741443
30,0,0.0
30,1,3.036488
30,10,23.904675
30,11,25.153954
30,12,26.19965
30,13,27.060831
30,14,27.75859
30,15,28.314798
30,16,28.750992
30,17,29.087524
30,18,29.342957
30,19,29.533693
30,2,6.0243926
30,20,29.67382
30,21,29.775131
30,22,29.847218
30,23,29.897757
30,24,29.932707
30,25,29.956657
30,26,29.973045
30,27,29.98448
30,28,29.992935
30,29,30.0
30,3,8.917444
30,4,11.673818
30,5,14.257919
30,6,16.641706
30,7,18.805454
30,8,20.737965
30,9,22.43624
31,0,0.0
31,1,3.03665
31,10,23.905922
31,11,25.155254
31,12,26.200998
31,13,27.062204
31,14,27.759985
31,15,28.316196
31,16,28.752384
31,17,29.08889
31,18,29.344288
31,19,29.534971
31,2,6.0247135
31,20,29.675041
31,21,29.77626
31,22,29.848257
31,23,29.898678
31,24,29.933508
31,25,29.95731
31,26,29.973553
31,27,29.984823
31,28,29.99311
31,29,30.0
31,3,8.917919
31,4,11.674438
31,5,14.258677
31,6,16.642586
31,7,18.806446
31,8,20.739056
31,9,22.437412
32,0,0.0
32,1,3.0367475
32,10,23.90667
32,11,25.156038
32,12,26.201805
32,13,27.063032
32,14,27.760818
32,15,28.317036
32,16,28.753216
32,17,29.08971
32,18,29.345085
32,19,29.535742
32,2,6.0249066
32,20,29.675766
32,21,29.776943
32,22,29.848877
32,23,29.899237
32,24,29.933983
32,25,29.957706
32,26,29.973852
32,27,29.98503
32,28,29.993212
32,29,30.0
32,3,8.918205
32,4,11.674811
32,5,14.2591305
32,6,16.643116
32,7,18.807041
32,8,20.739712
32,9,22.43812
33,0,0.0
33,1,3.0368047
33,10,23.907112
33,11,25.156498
33,12,26.202282
33,13,27.063519
33,14,27.761312
33,15,28.31753
33,16,28.753708
33,17,29.090195
33,18,29.345554
33,19,29.536192
33,2,6.0250206
33,20,29.676197
33,21,29.777342
33,22,29.849247
33,23,29.899559
33,24,29.934267
33,25,29.957935
33,26,29.974031
33,27,29.985147
33,28,29.993273
33,29,30.0
33,3,8.918373
33,4,11.675032
33,5,14.259399
33,6,16.643429
33,7,18.807396
33,8,20.740097
33,9,22.438538
34,0,0.0
34,1,3.0368383
34,10,23.907368
34,11,25.156763
34,12,26.202559
34,13,27.0638
34,14,27.761599
34,15,28.317816
34,16,28.753994
34,17,29.090477
34,18,29.345827
34,19,29.536457
34,2,6.025087
34,20,29.676445
34,21,29.777576
34,22,29.849453
34,23,29.899752
34,24,29.93443
34,25,29.95807
34,26,29.974133
34,27,29.985216
34,28,29.993307
34,29,30.0
34,3,8.91847
34,4,11.675159
34,5,14.259556
34,6,16.643612
34,7,18.8076
34,8,20.740324
34,9,22.438776
35,0,0.0
35,1,3.0368571
35,10,23.907513
35,11,25.15692
35,12,26.202717
35,13,27.063965
35,14,27.76176
35,15,28.317982
35,16,28.754154
35,17,29.090633
35,18,29.345985
35,19,29.536604
35,2,6.0251245
35,20,29.676586
35,21,29.777706
35,22,29.849579
35,23,29.899857
35,24,29.934523
35,25,29.958147
35,26,29.97419
35,27,29.985256
35,28,29.993328
35,29,30.0
35,3,8.918527
35,4,11.675232
35,5,14.259645
35,6,16.643715
35,7,18.807716
35,8,20.740452
35,9,22.438917
36,0,0.0
36,1,3.036868
36,10,23.907597
36,11,25.157003
36,12,26.202806
36,13,27.064054
36,14,27.761854
36,15,28.318073
36,16,28.754246
36,17,29.090729
36,18,29.34607
36,19,29.53669
36,2,6.025146
36,20,29.676662
36,21,29.777782
36,22,29.849644
36,23,29.899918
36,24,29.934574
36,25,29.958189
36,26,29.974226
36,27,29.985275
36,28,29.99334
36,29,30.0
36,3,8.918558
36,4,11.675274
36,5,14.259694
36,6,16.643774
36,7,18.807781
36,8,20.740524
36,9,22.438995
37,0,0.0
37,1,3.0368738
37,10,23.90764
37,11,25.15705
37,12,26.202854
37,13,27.064102
37,14,27.761904
37,15,28.318121
37,16,28.754297
37,17,29.090773
37,18,29.346123
37,19,29.536734
37,2,6.0251575
37,20,29.676708
37,21,29.77782
37,22,29.849682
37,23,29.89995
37,24,29.934603
37,25,29.958214
37,26,29.974241
37,27,29.985292
37,28,29.993345
37,29,30.0
37,3,8.918575
37,4,11.675296
37,5,14.259723
37,6,16.643805
37,7,18.80782
37,8,20.740562
37,9,22.439037
38,0,0.0
38,1,3.0368772
38,10,23.907665
38,11,25.157076
38,12,26.20288
38,13,27.064129
38,14,27.761929
38,15,28.318151
38,16,28.754322
38,17,29.090801
38,18,29.346144
38,19,29.536762
38,2,6.0251637
38,20,29.676731
38,21,29.777843
38,22,29.849703
38,23,29.899967
38,24,29.93462
38,25,29.958225
38,26,29.974255
38,27,29.985296
38,28,29.99335
38,29,30.0
38,3,8.918585
38,4,11.675307
38,5,14.259736
38,6,16.643822
38,7,18.807838
38,8,20.740583
38,9,22.43906
39,0,0.0
39,1,3.0368783
39,10,23.907677
39,11,25.15709
39,12,26.202896
39,13,27.064144
39,14,27.761946
39,15,28.318165
39,16,28.754337
39,17,29.090813
39,18,29.34616
39,19,29.536774
39,2,6.0251675
39,20,29.676746
39,21,29.777855
39,22,29.849712
39,23,29.899979
39,24,29.934624
39,25,29.958235
39,26,29.974258
39,27,29.985302
39,28,29.993351
39,29,30.0
39,3,8.918589
39,4,11.675315
39,5,14.259744
39,6,16.643831
39,7,18.807846
39,8,20.740597
39,9,22.43907
4,0,0.0
4,1,1.1799027
4,10,9.316671
4,11,9.815693
4,12,10.241216
4,13,10.603603
4,14,10.914212
4,15,11.186726
4,16,11.4361
4,17,11.679653
4,18,11.937351
4,19,12.232985
4,2,2.3409812
4,20,12.596151
4,21,13.06424
4,22,13.686721
4,23,14.528991
4,24,15.679073
4,25,17.25141
4,26,19.38581
4,27,22.221804
4,28,25.820587
4,29,30.0
4,3,3.4655843
4,4,4.537274
4,5,5.5428123
4,6,6.4709888
4,7,7.3149996
4,8,8.070273
4,9,8.736849
40,0,0.0
40,1,3.0368795
40,10,23.907684
40,11,25.1571
40,12,26.2029
40,13,27.064154
40,14,27.761951
40,15,28.31817
40,16,28.754345
40,17,29.09082
40,18,29.346169
40,19,29.536781
40,2,6.0251684
40,20,29.676754
40,21,29.777863
40,22,29.849718
40,23,29.899982
40,24,29.934631
40,25,29.958237
40,26,29.974258
40,27,29.985302
40,28,29.993351
40,29,30.0
40,3,8.9185915
40,4,11.675317
40,5,14.2597475
40,6,16.643837
40,7,18.807854
40,8,20.7406
40,9,22.43908
41,0,0.0
41,1,3.0368798
41,10,23.907692
41,11,25.1571
41,12,26.202908
41,13,27.064154
41,14,27.76196
41,15,28.318176
41,16,28.754349
41,17,29.090826
41,18,29.34617
41,19,29.536785
41,2,6.0251703
41,20,29.676758
41,21,29.777864
41,22,29.849722
41,23,29.899986
41,24,29.934633
41,25,29.95824
41,26,29.974262
41,27,29.985304
41,28,29.993353
41,29,30.0
41,3,8.918592
41,4,11.67532
41,5,14.25975
41,6,16.643837
41,7,18.807856
41,8,20.740604
41,9,22.43908
42,0,0.0
42,1,3.0368803
42,10,23.907688
42,11,25.157104
42,12,26.202906
42,13,27.06416
42,14,27.76196
42,15,28.31818
42,16,28.754349
42,17,29.090828
42,18,29.346172
42,19,29.536789
42,2,6.0251703
42,20,29.676756
42,21,29.777866
42,22,29.849724
42,23,29.899986
42,24,29.934633
42,25,29.95824
42,26,29.974264
42,27,29.985304
42,28,29.993353
42,29,30.0
42,3,8.918594
42,4,11.67532
42,5,14.259751
42,6,16.643839
42,7,18.807858
42,8,20.740604
42,9,22.439083
43,0,0.0
43,1,3.0368803
43,10,23.907692
43,11,25.157103
43,12,26.202908
43,13,27.064157
43,14,27.761961
43,15,28.318178
43,16,28.754353
43,17,29.090828
43,18,29.346172
43,19,29.536785
43,2,6.0251703
43,20,29.676758
43,21,29.777864
43,22,29.849724
43,23,29.899986
43,24,29.934635
43,25,29.95824
43,26,29.974264
43,27,29.985306
43,28,29.993353
43,29,30.0
43,3,8.918594
43,4,11.675321
43,5,14.259752
43,6,16.643839
43,7,18.807858
43,8,20.740606
43,9,22.439083
44,0,0.0
44,1,3.0368803
44,10,23.907692
44,11,25.157104
44,12,26.202908
44,13,27.06416
44,14,27.761961
44,15,28.31818
44,16,28.754353
44,17,29.090828
44,18,29.346172
44,19,29.536789
44,2,6.0251703
44,20,29.676758
44,21,29.777868
44,22,29.849724
44,23,29.899988
44,24,29.934635
44,25,29.95824
44,26,29.974264
44,27,29.985304
44,28,29.993353
44,29,30.0
44,3,8.918594
44,4,11.675322
44,5,14.259752
44,6,16.64384
44,7,18.807858
44,8,20.740608
44,9,22.439083
45,0,0.0
45,1,3.0368803
45,10,23.907692
45,11,25.157104
45,12,26.202908
45,13,27.064157
45,14,27.761961
45,15,28.31818
45,16,28.754353
45,17,29.090828
45,18,29.346172
45,19,29.536787
45,2,6.0251703
45,20,29.676758
45,21,29.777866
45,22,29.849728
45,23,29.899988
45,24,29.934635
45,25,29.95824
45,26,29.974264
45,27,29.985304
45,28,29.993353
45,29,30.0
45,3,8.918595
45,4,11.675321
45,5,14.259754
45,6,16.64384
45,7,18.80786
45,8,20.740608
45,9,22.439083
46,0,0.0
46,1,3.0368803
46,10,23.907692
46,11,25.157104
46,12,26.202908
46,13,27.06416
46,14,27.76196
46,15,28.31818
46,16,28.75435
46,17,29.09083
46,18,29.346172
46,19,29.536789
46,2,6.0251703
46,20,29.676758
46,21,29.77787
46,22,29.849724
46,23,29.899988
46,24,29.934635
46,25,29.95824
46,26,29.974264
46,27,29.985304
46,28,29.993353
46,29,30.0
46,3,8.918594
46,4,11.675322
46,5,14.259753
46,6,16.64384
46,7,18.80786
46,8,20.740608
46,9,22.439083
47,0,0.0
47,1,3.0368803
47,10,23.907692
47,11,25.157104
47,12,26.202908
47,13,27.06416
47,14,27.761961
47,15,28.318176
47,16,28.754353
47,17,29.090828
47,18,29.346176
47,19,29.536787
47,2,6.02517
47,20,29.676762
47,21,29.777868
47,22,29.849728
47,23,29.899988
47,24,29.934635
47,25,29.95824
47,26,29.974262
47,27,29.985306
47,28,29.993353
47,29,30.0
47,3,8.918594
47,4,11.675321
47,5,14.259752
47,6,16.64384
47,7,18.807858
47,8,20.740606
47,9,22.439083
48,0,0.0
48,1,3.03688
48,10,23.907692
48,11,25.157104
48,12,26.202908
48,13,27.06416
48,14,27.76196
48,15,28.31818
48,16,28.75435
48,17,29.090832
48,18,29.346172
48,19,29.536789
48,2,6.0251703
48,20,29.676758
48,21,29.77787
48,22,29.849724
48,23,29.89999
48,24,29.934633
48,25,29.95824
48,26,29.974262
48,27,29.985304
48,28,29.993353
48,29,30.0
48,3,8.918593
48,4,11.675321
48,5,14.259751
48,6,16.643839
48,7,18.807858
48,8,20.740606
48,9,22.439083
49,0,0.0
49,1,3.0368803
49,10,23.907692
49,11,25.157104
49,12,26.202908
49,13,27.06416
49,14,27.761961
49,15,28.31818
49,16,28.754353
49,17,29.090828
49,18,29.346176
49,19,29.536785
49,2,6.0251694
49,20,29.67676
49,21,29.777864
49,22,29.849726
49,23,29.899986
49,24,29.934635
49,25,29.95824
49,26,29.974262
49,27,29.985302
49,28,29.993353
49,29,30.0
49,3,8.918594
49,4,11.67532
49,5,14.259752
49,6,16.643839
49,7,18.807858
49,8,20.740606
49,9,22.439083
5,0,0.0
5,1,1.441157
5,10,11.377824
5,11,11.985857
5,12,12.504106
5,13,12.943855
5,14,13.31941
5,15,13.646137
5,16,13.941734
5,17,14.225564
5,18,14.51964
5,19,14.849454
5,2,2.8594754
5,20,15.244942
5,21,15.742802
5,22,16.387665
5,23,17.2352
5,24,18.352118
5,25,19.815422
5,26,21.701674
5,27,24.063358
5,28,26.88059
5,29,30.0
5,3,4.232907
5,4,5.542135
5,5,6.7699494
5,6,7.9038754
5,7,8.934192
5,8,9.856749
5,9,10.670043
50,0,0.0
50,1,3.03688
50,10,23.907692
50,11,25.157104
50,12,26.202908
50,13,27.064157
50,14,27.761961
50,15,28.31818
50,16,28.754353
50,17,29.090832
50,18,29.346172
50,19,29.536789
50,2,6.0251703
50,20,29.676756
50,21,29.77787
50,22,29.849724
50,23,29.89999
50,24,29.934635
50,25,29.95824
50,26,29.974262
50,27,29.985302
50,28,29.993353
50,29,30.0
50,3,8.918593
50,4,11.675321
50,5,14.25975
50,6,16.643839
50,7,18.807858
50,8,20.740606
50,9,22.439083
51,0,0.0
51,1,3.0368803
51,10,23.907692
51,11,25.157104
51,12,26.202908
51,13,27.06416
51,14,27.761961
51,15,28.31818
51,16,28.754353
51,17,29.09083
51,18,29.346176
51,19,29.536785
51,2,6.0251703
51,20,29.676762
51,21,29.777864
51,22,29.849728
51,23,29.899986
51,24,29.934635
51,25,29.958239
51,26,29.974264
51,27,29.985304
51,28,29.993353
51,29,30.0
51,3,8.918594
51,4,11.67532
51,5,14.259751
51,6,16.643839
51,7,18.807858
51,8,20.740606
51,9,22.439083
52,0,0.0
52,1,3.0368803
52,10,23.907692
52,11,25.157104
52,12,26.202908
52,13,27.06416
52,14,27.761961
52,15,28.31818
52,16,28.754353
52,17,29.090832
52,18,29.346172
52,19,29.536787
52,2,6.0251703
52,20,29.676754
52,21,29.777868
52,22,29.849724
52,23,29.899988
52,24,29.934631
52,25,29.95824
52,26,29.974262
52,27,29.985306
52,28,29.993353
52,29,30.0
52,3,8.918594
52,4,11.67532
52,5,14.25975
52,6,16.643839
52,7,18.807858
52,8,20.740606
52,9,22.439083
53,0,0.0
53,1,3.0368803
53,10,23.907692
53,11,25.157104
53,12,26.202908
53,13,27.064157
53,14,27.761961
53,15,28.31818
53,16,28.754353
53,17,29.090832
53,18,29.346172
53,19,29.536785
53,2,6.02517
53,20,29.676758
53,21,29.777866
53,22,29.849724
53,23,29.899986
53,24,29.934635
53,25,29.958239
53,26,29.974262
53,27,29.985304
53,28,29.993353
53,29,30.0
53,3,8.918594
53,4,11.67532
53,5,14.259751
53,6,16.643839
53,7,18.807858
53,8,20.740606
53,9,22.439083
54,0,0.0
54,1,3.03688
54,10,23.907692
54,11,25.157104
54,12,26.202908
54,13,27.06416
54,14,27.761961
54,15,28.31818
54,16,28.754353
54,17,29.090828
54,18,29.346174
54,19,29.536785
54,2,6.0251703
54,20,29.676756
54,21,29.777866
54,22,29.849724
54,23,29.899988
54,24,29.934633
54,25,29.95824
54,26,29.974262
54,27,29.985304
54,28,29.993353
54,29,30.0
54,3,8.918593
54,4,11.675322
54,5,14.259751
54,6,16.64384
54,7,18.807858
54,8,20.740608
54,9,22.439083
55,0,0.0
55,1,3.0368805
55,10,23.907692
55,11,25.157104
55,12,26.202908
55,13,27.06416
55,14,27.761961
55,15,28.31818
55,16,28.754353
55,17,29.090832
55,18,29.346172
55,19,29.536787
55,2,6.0251703
55,20,29.676758
55,21,29.777868
55,22,29.849724
55,23,29.899988
55,24,29.934635
55,25,29.95824
55,26,29.974262
55,27,29.985304
55,28,29.993353
55,29,30.0
55,3,8.918594
55,4,11.67532
55,5,14.259752
55,6,16.64384
55,7,18.807858
55,8,20.740606
55,9,22.439083
56,0,0.0
56,1,3.0368805
56,10,23.907692
56,11,25.157104
56,12,26.202911
56,13,27.06416
56,14,27.761963
56,15,28.318184
56,16,28.754354
56,17,29.090832
56,18,29.346176
56,19,29.536789
56,2,6.0251713
56,20,29.676758
56,21,29.77787
56,22,29.849726
56,23,29.89999
56,24,29.934635
56,25,29.95824
56,26,29.974262
56,27,29.985304
56,28,29.993351
56,29,30.0
56,3,8.918594
56,4,11.675323
56,5,14.259752
56,6,16.64384
56,7,18.807858
56,8,20.740608
56,9,22.439083
57,0,0.0
57,1,3.0368812
57,10,23.907694
57,11,25.157108
57,12,26.202911
57,13,27.064163
57,14,27.761965
57,15,28.318184
57,16,28.754356
57,17,29.090834
57,18,29.346176
57,19,29.53679
57,2,6.0251713
57,20,29.676762
57,21,29.77787
57,22,29.849728
57,23,29.89999
57,24,29.934639
57,25,29.958242
57,26,29.974264
57,27,29.985304
57,28,29.993353
57,29,30.0
57,3,8.918596
57,4,11.675322
57,5,14.259756
57,6,16.64384
57,7,18.807861
57,8,20.740608
57,9,22.439089
58,0,0.0
58,1,3.0368812
58,10,23.9077
58,11,25.157112
58,12,26.202917
58,13,27.064169
58,14,27.761969
58,15,28.318188
58,16,28.75436
58,17,29.090837
58,18,29.346182
58,19,29.536797
58,2,6.025173
58,20,29.676765
58,21,29.777876
58,22,29.849731
58,23,29.899996
58,24,29.934639
58,25,29.958248
58,26,29.974266
58,27,29.985306
58,28,29.993355
58,29,30.0
58,3,8.918596
58,4,11.675325
58,5,14.259756
58,6,16.643847
58,7,18.807861
58,8,20.740616
58,9,22.439089
59,0,0.0
59,1,3.0368829
59,10,23.907707
59,11,25.157122
59,12,26.202927
59,13,27.064178
59,14,27.76198
59,15,28.318197
59,16,28.754368
59,17,29.090847
59,18,29.34619
59,19,29.536802
59,2,6.025174
59,20,29.676773
59,21,29.777882
59,22,29.84974
59,23,29.900002
59,24,29.934647
59,25,29.958248
59,26,29.97427
59,27,29.98531
59,28,29.993353
59,29,30.0
59,3,8.918602
59,4,11.675328
59,5,14.259763
59,6,16.643848
59,7,18.807873
59,8,20.74062
59,9,22.4391
6,0,0.0
6,1,1.6823056
6,10,13.278169
6,11,13.986719
6,12,14.589058
6,13,15.099179
6,14,15.532247
6,15,15.906122
6,16,16.239746
6,17,16.554173
6,18,16.872375
6,19,17.219883
6,2,3.3377612
6,20,17.625916
6,21,18.123617
6,22,18.751842
6,23,19.554255
6,24,20.579426
6,25,21.875278
6,26,23.480835
6,27,25.407848
6,28,27.617691
6,29,30.0
6,3,4.941147
6,4,6.469048
6,5,7.9024944
6,6,9.225536
6,7,10.428324
6,8,11.504337
6,9,12.453403
60,0,0.0
60,1,3.0368843
60,10,23.907726
60,11,25.157137
60,12,26.202942
60,13,27.064194
60,14,27.761995
60,15,28.318214
60,16,28.754387
60,17,29.090862
60,18,29.346207
60,19,29.536818
60,2,6.02518
60,20,29.676788
60,21,29.777897
60,22,29.84975
60,23,29.900013
60,24,29.934654
60,25,29.958258
60,26,29.974276
60,27,29.985312
60,28,29.993359
60,29,30.0
60,3,8.918607
60,4,11.675339
60,5,14.259771
60,6,16.643864
60,7,18.807882
60,8,20.740639
60,9,22.439114
61,0,0.0
61,1,3.036889
61,10,23.907755
61,11,25.15717
61,12,26.202976
61,13,27.064228
61,14,27.762032
61,15,28.318249
61,16,28.754421
61,17,29.090899
61,18,29.346237
61,19,29.536848
61,2,6.025187
61,20,29.676819
61,21,29.777924
61,22,29.849775
61,23,29.900032
61,24,29.934673
61,25,29.958271
61,26,29.974285
61,27,29.985321
61,28,29.993359
61,29,30.0
61,3,8.918621
61,4,11.675354
61,5,14.259794
61,6,16.643887
61,7,18.80791
61,8,20.740664
61,9,22.439144
62,0,0.0
62,1,3.0368967
62,10,23.907814
62,11,25.157232
62,12,26.203041
62,13,27.064293
62,14,27.762096
62,15,28.318314
62,16,28.754486
62,17,29.090961
62,18,29.346302
62,19,29.536911
62,2,6.0252037
62,20,29.676872
62,21,29.777977
62,22,29.849821
62,23,29.900074
62,24,29.934708
62,25,29.958302
62,26,29.97431
62,27,29.985336
62,28,29.993368
62,29,30.0
62,3,8.918642
62,4,11.675386
62,5,14.259829
62,6,16.64393
62,7,18.807957
62,8,20.740717
62,9,22.4392
63,0,0.0
63,1,3.0369117
63,10,23.907925
63,11,25.157345
63,12,26.203156
63,13,27.064413
63,14,27.762215
63,15,28.318436
63,16,28.754604
63,17,29.091078
63,18,29.346416
63,19,29.537018
63,2,6.025232
63,20,29.67698
63,21,29.778069
63,22,29.84991
63,23,29.900152
63,24,29.934776
63,25,29.958357
63,26,29.974352
63,27,29.985367
63,28,29.993383
63,29,30.0
63,3,8.918687
63,4,11.67544
63,5,14.259899
63,6,16.644007
63,7,18.808048
63,8,20.74081
63,9,22.439304
64,0,0.0
64,1,3.0369382
64,10,23.908121
64,11,25.157553
64,12,26.20337
64,13,27.064627
64,14,27.762432
64,15,28.318651
64,16,28.75482
64,17,29.091286
64,18,29.346619
64,19,29.537214
64,2,6.025286
64,20,29.677164
64,21,29.778244
64,22,29.850067
64,23,29.900293
64,24,29.934896
64,25,29.958458
64,26,29.97443
64,27,29.985416
64,28,29.99341
64,29,30.0
64,3,8.918763
64,4,11.675544
64,5,14.260019
64,6,16.644152
64,7,18.808207
64,8,20.740988
64,9,22.439491
65,0,0.0
65,1,3.0369864
65,10,23.908476
65,11,25.15792
65,12,26.203747
65,13,27.065014
65,14,27.762821
65,15,28.319038
65,16,28.755203
65,17,29.091663
65,18,29.346985
65,19,29.537565
65,2,6.025379
65,20,29.677494
65,21,29.778555
65,22,29.85035
65,23,29.900547
65,24,29.935116
65,25,29.958635
65,26,29.974567
65,27,29.985512
65,28,29.993458
65,29,30.0
65,3,8.918905
65,4,11.675722
65,5,14.260242
65,6,16.644407
65,7,18.808493
65,8,20.741302
65,9,22.439829
66,0,0.0
66,1,3.0370698
66,10,23.9091
66,11,25.158566
66,12,26.204412
66,13,27.065687
66,14,27.7635
66,15,28.31972
66,16,28.755875
66,17,29.092323
66,18,29.347626
66,19,29.53818
66,2,6.025547
66,20,29.67808
66,21,29.779097
66,22,29.85085
66,23,29.900988
66,24,29.935495
66,25,29.958948
66,26,29.974808
66,27,29.985672
66,28,29.993538
66,29,30.0
66,3,8.919148
66,4,11.676045
66,5,14.26063
66,6,16.644857
66,7,18.808998
66,8,20.741852
66,9,22.440418
67,0,0.0
67,1,3.037216
67,10,23.910172
67,11,25.159683
67,12,26.205557
67,13,27.066854
67,14,27.764677
67,15,28.32089
67,16,28.757038
67,17,29.093464
67,18,29.348732
67,19,29.539246
67,2,6.025834
67,20,29.679085
67,21,29.780037
67,22,29.851704
67,23,29.901752
67,24,29.936155
67,25,29.959492
67,26,29.975222
67,27,29.985954
67,28,29.99368
67,29,30.0
67,3,8.919575
67,4,11.676597
67,5,14.261302
67,6,16.645636
67,7,18.809872
67,8,20.742805
67,9,22.44144
68,0,0.0
68,1,3.037463
68,10,23.911999
68,11,25.161577
68,12,26.207504
68,13,27.068834
68,14,27.76667
68,15,28.322886
68,16,28.75901
68,17,29.095402
68,18,29.350613
68,19,29.54105
68,2,6.0263247
68,20,29.680794
68,21,29.781628
68,22,29.853159
68,23,29.903048
68,24,29.937271
68,25,29.960411
68,26,29.975927
68,27,29.986431
68,28,29.993921
68,29,30.0
68,3,8.920296
68,4,11.67754
68,5,14.262442
68,6,16.64696
68,7,18.811352
68,8,20.744425
68,9,22.443169
69,0,0.0
69,1,3.0378773
69,10,23.91504
69,11,25.16474
69,12,26.210752
69,13,27.072136
69,14,27.769999
69,15,28.326206
69,16,28.762302
69,17,29.098629
69,18,29.353745
69,19,29.54406
69,2,6.0271435
69,20,29.683645
69,21,29.784286
69,22,29.855587
69,23,29.905212
69,24,29.939138
69,25,29.961946
69,26,29.977104
69,27,29.987232
69,28,29.994324
69,29,30.0
69,3,8.921505
69,4,11.67911
69,5,14.264351
69,6,16.649166
69,7,18.813828
69,8,20.747124
69,9,22.446064
7,0,0.0
7,1,1.9011874
7,10,15.002727
7,11,15.801251
7,12,16.47953
7,13,17.051687
7,14,17.535275
7,15,17.948772
7,16,18.312798
7,17,18.648954
7,18,18.98047
7,19,19.332394
7,2,3.7722068
7,20,19.731623
7,21,20.207954
7,22,20.793112
7,23,21.521313
7,24,22.425888
7,25,23.536518
7,26,24.870594
7,27,26.42411
7,28,28.15934
7,29,30.0
7,3,5.5839806
7,4,7.310935
7,5,8.930406
7,6,10.425785
7,7,11.784283
7,8,13.000195
7,9,14.071484
70,0,0.0
70,1,3.0385573
70,10,23.920038
70,11,25.169928
70,12,26.216082
70,13,27.07755
70,14,27.775454
70,15,28.331657
70,16,28.767696
70,17,29.103918
70,18,29.358887
70,19,29.548992
70,2,6.028491
70,20,29.688324
70,21,29.788645
70,22,29.859573
70,23,29.908762
70,24,29.9422
70,25,29.964466
70,26,29.979042
70,27,29.98854
70,28,29.994987
70,29,30.0
70,3,8.92349
70,4,11.681696
70,5,14.267485
70,6,16.652798
70,7,18.817888
70,8,20.75156
70,9,22.450806
71,0,0.0
71,1,3.0396588
71,10,23.928097
71,11,25.178303
71,12,26.224674
71,13,27.086288
71,14,27.784252
71,15,28.340445
71,16,28.776394
71,17,29.112453
71,18,29.367174
71,19,29.556957
71,2,6.030669
71,20,29.695864
71,21,29.795683
71,22,29.866001
71,23,29.914497
71,24,29.947142
71,25,29.968538
71,26,29.98216
71,27,29.99066
71,28,29.996056
71,29,30.0
71,3,8.926702
71,4,11.685875
71,5,14.272554
71,6,16.658663
71,7,18.824455
71,8,20.758724
71,9,22.45847
72,0,0.0
72,1,3.0414116
72,10,23.9409
72,11,25.191586
72,12,26.238312
72,13,27.100143
72,14,27.798206
72,15,28.354372
72,16,28.790186
72,17,29.125984
72,18,29.380318
72,19,29.569578
72,2,6.0341372
72,20,29.707832
72,21,29.80684
72,22,29.876211
72,23,29.923594
72,24,29.954992
72,25,29.974998
72,26,29.987123
72,27,29.994017
72,28,29.997755
72,29,30.0
72,3,8.931812
72,4,11.692525
72,5,14.280616
72,6,16.667988
72,7,18.834888
72,8,20.770103
72,9,22.470634
73,0,0.0
73,1,3.0441573
73,10,23.960884
73,11,25.212324
73,12,26.259583
73,13,27.121754
73,14,27.819963
73,15,28.376097
73,16,28.811687
73,17,29.147081
73,18,29.400814
73,19,29.58927
73,2,6.0395703
73,20,29.726494
73,21,29.824259
73,22,29.892138
73,23,29.937809
73,24,29.967247
73,25,29.985096
73,26,29.99487
73,27,29.999275
73,28,30.000406
73,29,30.0
73,3,8.939814
73,4,11.702935
73,5,14.293228
73,6,16.682575
73,7,18.851198
73,8,20.787888
73,9,22.48964
74,0,0.0
74,1,3.048391
74,10,23.991573
74,11,25.244152
74,12,26.292227
74,13,27.154903
74,14,27.853333
74,15,28.409405
74,16,28.844662
74,17,29.17943
74,18,29.432253
74,19,29.619473
74,2,6.0479417
74,20,29.755146
74,21,29.850986
74,22,29.916603
74,23,29.959625
74,24,29.98609
74,25,30.00061
74,26,30.006788
74,27,30.00735
74,28,30.00449
74,29,30.0
74,3,8.952149
74,4,11.718968
74,5,14.312653
74,6,16.705019
74,7,18.876291
74,8,20.815224
74,9,22.51884
75,0,0.0
75,1,3.0548143
75,10,24.037933
75,11,25.292212
75,12,26.341492
75,13,27.20492
75,14,27.90367
75,15,28.459646
75,16,28.89439
75,17,29.228237
75,18,29.479675
75,19,29.665066
75,2,6.060649
75,20,29.798378
75,21,29.891367
75,22,29.953548
75,23,29.992622
75,24,30.01456
75,25,30.024094
75,26,30.024809
75,27,30.019583
75,28,30.010666
75,29,30.0
75,3,8.970852
75,4,11.743285
75,5,14.342078
75,6,16.739021
75,7,18.914257
75,8,20.856575
75,9,22.562973
76,0,0.0
76,1,3.064416
76,10,24.106842
76,11,25.363604
76,12,26.414637
76,13,27.279152
76,14,27.978357
76,15,28.534178
76,16,28.968178
76,17,29.300636
76,18,29.550072
76,19,29.732723
76,2,6.079625
76,20,29.862612
76,21,29.951332
76,22,30.008495
76,23,30.041664
76,24,30.056948
76,25,30.059023
76,26,30.051664
76,27,30.037788
76,28,30.019873
76,29,30.0
76,3,8.998791
76,4,11.779568
76,5,14.385984
76,6,16.789688
76,7,18.970825
76,8,20.918114
76,9,22.628624
77,0,0.0
77,1,3.0785403
77,10,24.20763
77,11,25.467941
77,12,26.521486
77,13,27.387539
77,14,28.087372
77,15,28.642963
77,16,29.075844
77,17,29.406338
77,18,29.652817
77,19,29.831581
77,2,6.1075516
77,20,29.956429
77,21,30.03905
77,22,30.088829
77,23,30.113487
77,24,30.11899
77,25,30.110237
77,26,30.091003
77,27,30.064505
77,28,30.033367
77,29,30.0
77,3,9.039862
77,4,11.832903
77,5,14.450444
77,6,16.864056
77,7,19.05374
77,8,21.008278
77,9,22.7247
78,0,0.0
78,1,3.0990229
78,10,24.352674
78,11,25.618
78,12,26.675045
78,13,27.54323
78,14,28.243929
78,15,28.799137
78,16,29.23046
78,17,29.558086
78,18,29.800457
78,19,29.97359
78,2,6.1480103
78,20,30.091381
78,21,30.16519
78,22,30.20455
78,23,30.21691
78,24,30.208485
78,25,30.184074
78,26,30.14782
78,27,30.103056
78,28,30.05287
78,29,30.0
78,3,9.099367
78,4,11.910076
78,5,14.543685
78,6,16.971474
78,7,19.173443
78,8,21.13826
78,9,22.863123
79,0,0.0
79,1,3.128274
79,10,24.558151
79,11,25.830353
79,12,26.89221
79,13,27.76329
79,14,28.465105
79,15,29.019777
79,16,29.448833
79,17,29.772549
79,18,30.009068
79,19,30.174488
79,2,6.205799
79,20,30.28227
79,21,30.343903
79,22,30.368475
79,23,30.363682
79,24,30.335459
79,25,30.289024
79,26,30.228533
79,27,30.157911
79,28,30.080597
79,29,30.0
79,3,9.184259
79,4,12.020146
79,5,14.676468
79,6,17.124348
79,7,19.343523
79,8,21.322807
79,9,23.05937
8,0,0.0
8,1,2.0968447
8,10,16.541975
8,11,17.420921
8,12,18.165565
8,13,18.792309
8,14,19.318792
8,15,19.765259
8,16,20.152565
8,17,20.50292
8,18,20.839256
8,19,21.185322
8,2,4.1602073
8,20,21.566105
8,21,22.00706
8,22,22.534773
8,23,23.17472
8,24,23.950676
8,25,24.87991
8,26,25.969742
8,27,27.21046
8,28,28.571507
8,29,30.0
8,3,6.158574
8,4,8.062796
8,5,9.849085
8,6,11.497614
8,7,12.995887
8,8,14.335789
8,9,15.516768
80,0,0.0
80,1,3.1694784
80,10,24.844616
80,11,26.126152
80,12,27.194424
80,13,28.069336
80,14,28.772602
80,15,29.326408
80,16,29.75241
80,17,30.070637
80,18,30.299301
80,19,30.453993
80,2,6.28712
80,20,30.548244
80,21,30.592926
80,22,30.597317
80,23,30.56858
80,24,30.513073
80,25,30.435802
80,26,30.341621
80,27,30.23473
80,28,30.11948
80,29,30.0
80,3,9.303695
80,4,12.174766
80,5,14.8628645
80,6,17.33857
80,7,19.581635
80,8,21.580719
80,9,23.333363
81,0,0.0
81,1,3.2266922
81,10,25.237862
81,11,26.531652
81,12,27.608353
81,13,28.4882
81,14,29.193218
81,15,29.745821
81,16,30.167551
81,17,30.478542
81,18,30.696476
81,19,30.836979
81,2,6.400032
81,20,30.912786
81,21,30.934849
81,22,30.911623
81,23,30.850594
81,24,30.75757
81,25,30.638271
81,26,30.497597
81,27,30.340868
81,28,30.17317
81,29,30.0
81,3,9.469288
81,4,12.388991
81,5,15.12063
81,6,17.634481
81,7,19.909878
81,8,21.935822
81,9,23.709908
82,0,0.0
82,1,3.3051271
82,10,25.769257
82,11,27.078943
82,12,28.166336
82,13,29.05237
82,14,29.75948
82,15,30.310236
82,16,30.72639
82,17,31.027637
82,18,31.231695
82,19,31.353252
82,2,6.5546393
82,20,31.405022
82,21,31.396801
82,22,31.337173
82,23,31.232637
82,24,31.089554
82,25,30.913286
82,26,30.709904
82,27,30.485315
82,28,30.246355
82,29,30.0
82,3,9.695891
82,4,12.68158
82,5,15.472242
82,6,18.037209
82,7,20.355923
82,8,22.417276
82,9,24.219685
83,0,0.0
83,1,3.4112546
83,10,26.476515
83,11,27.80606
83,12,28.90677
83,13,29.800278
83,14,30.509645
83,15,31.05787
83,16,31.466522
83,17,31.75541
83,18,31.941294
83,19,32.038776
83,2,6.7637506
83,20,32.059097
83,21,32.011948
83,22,31.904373
83,23,31.74311
83,24,31.533531
83,25,31.281971
83,26,30.994656
83,27,30.679434
83,28,30.344677
83,29,30.0
83,3,10.001825
83,4,13.076073
83,5,15.945145
83,6,18.57786
83,7,20.953133
83,8,23.060665
83,9,24.899296
84,0,0.0
84,1,3.5532322
84,10,27.403416
84,11,28.757357
84,12,29.873943
84,13,30.776152
84,14,31.487843
84,15,32.032345
84,16,32.43154
84,17,32.704483
84,18,32.867844
84,19,32.934563
84,2,7.0430846
84,20,32.91555
84,21,32.818386
84,22,32.64991
84,23,32.415016
84,24,32.11956
84,25,31.769192
84,26,31.371902
84,27,30.936735
84,28,30.475224
84,29,30.0
84,3,10.409979
84,4,13.601029
84,5,16.573095
84,6,19.293566
84,7,21.741798
84,8,23.907787
84,9,25.792122
85,0,0.0
85,1,3.7410622
85,10,28.600197
85,11,29.982782
85,12,31.117773
85,13,32.029564
85,14,32.74318
85,15,33.28266
85,16,33.66964
85,17,33.923206
85,18,34.058434
85,19,34.087776
85,2,7.412281
85,20,34.019592
85,21,33.86076
85,22,33.615307
85,23,33.28784
85,24,32.88227
85,25,32.4053
85,26,31.86513
85,27,31.273956
85,28,30.646372
85,29,30.0
85,3,10.948106
85,4,14.291536
85,5,17.396233
85,6,20.228947
85,7,22.768791
85,8,25.007679
85,9,26.947674
86,0,0.0
86,1,3.9873092
86,10,30.122276
86,11,31.537546
86,12,32.69262
86,13,33.61428
86,14,34.328983
86,15,34.86139
86,16,35.23352
86,17,35.463287
86,18,35.565292
86,19,35.549263
86,2,7.895312
86,20,35.422432
86,21,35.188007
86,22,34.8488
86,23,34.405907
86,24,33.863014
86,25,33.22525
86,26,32.50305
86,27,31.710754
86,28,30.868515
86,29,30.0
86,3,11.650518
86,4,15.18951
86,5,18.462902
86,6,21.435791
86,7,24.08884
86,8,26.415657
86,9,28.422064
87,0,0.0
87,1,4.3075423
87,10,32.02993
87,11,33.480194
87,12,34.655975
87,13,35.586666
87,14,36.300655
87,15,36.823715
87,16,37.177505
87,17,37.379745
87,18,37.442535
87,19,37.37431
87,2,8.522273
87,20,37.17808
87,21,36.854996
87,22,36.4028
87,23,35.820717
87,24,35.108368
87,25,34.271095
87,26,33.319115
87,27,32.271435
87,28,31.154015
87,29,30.0
87,3,12.558849
87,4,16.346073
87,5,19.829723
87,6,22.974863
87,7,25.763563
87,8,28.194075
87,9,30.276278
88,0,0.0
88,1,4.7217894
88,10,34.38569
88,11,35.871227
88,12,37.065998
88,13,38.00329
88,14,38.713768
88,15,39.224167
88,16,39.556572
88,17,39.726913
88,18,39.746162
88,19,39.618515
88,2,9.330716
88,20,39.34443
88,21,38.918846
88,22,38.336056
88,23,37.58851
88,24,36.673138
88,25,35.591164
88,26,34.35444
88,27,32.985065
88,28,31.518476
88,29,30.0
88,3,13.725173
88,4,17.822527
88,5,21.564323
88,6,24.915367
88,7,27.86277
88,8,30.410372
88,9,32.576023
89,0,0.0
89,1,5.256051
89,10,37.253017
89,11,38.76976
89,12,39.97895
89,13,40.918037
89,14,41.620537
89,15,42.114647
89,16,42.42189
89,17,42.557594
89,18,42.5291
89,19,42.33806
89,2,10.369494
89,20,41.978397
89,21,41.44055
89,22,40.70993
89,23,39.773293
89,24,38.618767
89,25,37.24409
89,26,35.658215
89,27,33.88871
89,28,31.98134
89,29,30.0
89,3,15.214545
89,4,19.69467
89,5,23.746056
89,6,27.337349
89,7,30.46278
89,8,33.137352
89,9,35.388634
9,0,0.0
9,1,2.2687798
9,10,17.894432
9,11,18.84284
9,12,19.645584
9,13,20.318674
9,14,20.88158
9,15,21.354488
9,16,21.759201
9,17,22.11771
9,18,22.452442
9,19,22.78605
9,2,4.5015044
9,20,23.140932
9,21,23.539682
9,22,24.003584
9,23,24.55287
9,24,25.2037
9,25,25.967209
9,26,26.845098
9,27,27.82782
9,28,28.891582
9,29,30.0
9,3,6.6634912
9,4,8.724092
9,5,10.6563225
9,6,12.440162
9,7,14.0604
9,8,15.509929
9,9,16.786276
90,0,0.0
90,1,5.945956
90,10,40.692177
90,11,42.230934
90,12,43.4454
90,13,44.37851
90,14,45.06688
90,15,45.53978
90,16,45.81905
90,17,45.917522
90,18,45.840538
90,19,45.583797
90,2,11.7032795
90,20,45.136593
90,21,44.479694
90,22,43.590794
90,23,42.44389
90,24,41.017876
90,25,39.299213
90,26,37.29337
90,27,35.029594
90,28,32.56876
90,29,30.0
90,3,17.11176
90,4,22.056093
90,5,26.4705
90,6,30.331184
90,7,33.647606
90,8,36.449944
90,9,38.781937
91,0,0.0
91,1,6.8421574
91,10,44.75762
91,11,46.301163
91,12,47.506577
91,13,48.42219
91,14,49.087845
91,15,49.53432
91,16,49.782444
91,17,49.843933
91,18,49.719498
91,19,49.40097
91,2,13.42253
91,20,48.86875
91,21,48.095665
91,22,47.045036
91,23,45.67766
91,24,43.953426
91,25,41.84385
91,26,39.34055
91,27,36.472786
91,28,33.31682
91,29,30.0
91,3,19.52938
91,4,25.026735
91,5,29.851837
91,6,34.000557
91,7,37.506153
91,8,40.424397
91,9,42.819416
92,0,0.0
92,1,8.021805
92,10,49.49214
92,11,51.014465
92,12,52.18969
92,13,53.072083
92,14,53.704338
92,15,54.117832
92,16,54.3332
92,17,54.35911
92,18,54.193687
92,19,53.821808
92,2,15.658833
92,20,53.217484
92,21,52.340538
92,22,51.140816
92,23,49.556847
92,24,47.525196
92,25,44.98731
92,26,41.91072
92,27,38.310734
92,28,34.279957
92,29,30.0
92,3,22.624111
92,4,28.761726
92,5,34.029716
92,6,38.46132
92,7,42.131985
92,8,45.132782
92,9,47.557346
93,0,0.0
93,1,9.6100445
93,10,54.922703
93,11,56.38662
93,12,57.503796
93,13,58.33284
93,14,58.918423
93,15,59.292305
93,16,59.473404
93,17,59.468914
93,18,59.272278
93,19,58.86442
93,2,18.615534
93,20,58.2099
93,21,57.25846
93,22,55.940582
93,23,54.17119
93,24,51.849613
93,25,48.87379
93,26,45.159794
93,27,40.685623
93,28,35.54543
93,29,30.0
93,3,26.620104
93,4,33.46756
93,5,39.17268
93,6,43.842464
93,7,47.61706
93,8,50.63918
93,9,53.037384
94,0,0.0
94,1,11.827736
94,10,61.052925
94,11,62.410988
94,12,63.43524
94,13,64.18693
94,14,64.710884
94,15,65.037605
94,16,65.18481
94,17,65.15669
94,18,64.94478
94,19,64.52456
94,2,22.622934
94,20,63.855576
94,21,62.875412
94,22,61.49875
94,23,59.610016
94,24,57.06479
94,25,53.691658
94,26,49.31829
94,27,43.826813
94,28,37.267174
94,29,30.0
94,3,31.849524
94,4,39.418373
94,5,45.48262
94,6,50.27869
94,7,54.04527
94,8,56.989357
94,9,59.28067
95,0,0.0
95,1,15.101852
95,10,67.85763
95,11,69.05283
95,12,69.94449
95,13,70.59213
95,14,71.03815
95,15,71.31066
95,16,71.424614
95,17,71.382935
95,18,71.17449
95,19,70.77395
95,2,28.247442
95,20,70.13629
95,21,69.19409
95,22,67.84722
95,23,65.95526
95,24,63.321915
95,25,59.68715
95,26,54.729828
95,27,48.128265
95,28,39.74254
95,29,30.0
95,3,38.809605
95,4,46.973015
95,5,53.185658
95,6,57.897255
95,7,61.475502
95,8,64.20012
95,9,66.27699
96,0,0.0
96,1,20.353897
96,10,75.275375
96,11,76.246445
96,12,76.96369
96,13,77.4801
96,14,77.83223
96,15,78.04353
96,16,78.126335
96,17,78.08151
96,18,77.89871
96,19,77.552925
96,2,36.498573
96,20,77.00216
96,21,76.17899
96,22,74.98191
96,23,73.25567
96,24,70.766014
96,25,67.1567
96,26,61.90262
96,27,54.292473
96,28,43.6147
96,29,30.0
96,3,48.23428
96,4,56.566467
96,5,62.501717
96,6,66.78419
96,7,69.918945
96,8,72.24121
96,9,73.975784
97,0,0.0
97,1,29.832745
97,10,83.20509
97,11,83.89283
97,12,84.39691
97,13,84.757324
97,14,85.00119
97,15,85.14568
97,16,85.19918
97,17,85.16215
97,18,85.025665
97,19,84.77049
97,2,49.19431
97,20,84.36235
97,21,83.746765
97,22,82.83612
97,23,81.49036
97,24,79.476036
97,25,76.392204
97,26,71.52361
97,27,63.587196
97,28,50.45527
97,29,30.0
97,3,61.115875
97,4,68.62915
97,5,73.56115
97,6,76.92897
97,7,79.30355
97,8,81.01802
97,9,82.27533
98,0,0.0
98,1,49.795345
98,10,91.50504
98,11,91.86223
98,12,92.12266
98,13,92.30805
98,14,92.43292
98,15,92.50625
98,16,92.5325
98,17,92.511536
98,18,92.43861
98,19,92.30272
98,2,69.3551
98,20,92.085
98,21,91.75395
98,22,91.25845
98,23,90.51147
98,24,89.35786
98,25,87.495964
98,26,84.276886
98,27,78.120735
98,28,64.6412
98,29,30.0
98,3,78.443825
98,4,83.3239
98,5,86.24906
98,6,88.14427
98,7,89.43918
98,8,90.355644
98,9,91.01903
99,0,0.0
99,1,100.0
99,10,100.0
99,11,100.0
99,12,100.0
99,13,100.0
99,14,100.0
99,15,100.0
99,16,100.0
99,17,100.0
99,18,100.0
99,19,100.0
99,2,100.0
99,20,100.0
99,21,100.0
99,22,100.0
99,23,100.0
99,24,100.0
99,25,100.0
99,26,100.0
99,27,100.0
99,28,100.0
99,29,30.0
99,3,100.0
99,4,100.0
99,5,100.0
99,6,100.0
99,7,100.0
99,8,100.0
99,9,100.0
