0,0,0.0
0,1,0.0
0,10,0.0
0,11,0.0
0,12,0.0
0,13,0.0
0,14,0.0
0,15,30.0
0,2,0.0
0,3,0.0
0,4,0.0
0,5,0.0
0,6,0.0
0,7,0.0
0,8,0.0
0,9,0.0
1,0,0.0
1,1,0.63197356
1,10,5.1607084
1,11,5.9319696
1,12,7.225022
1,13,9.729078
1,14,15.338459
1,15,30.0
1,2,1.2483245
1,3,1.8353035
1,4,2.3827357
1,5,2.8854852
1,6,3.3448853
1,7,3.7705767
1,8,4.1837125
1,9,4.6233897
10,0,0.0
10,1,11.103262
10,10,49.37765
10,11,47.76297
10,12,44.982117
10,13,40.981705
10,14,35.85675
10,15,30.0
10,2,21.161705
10,3,29.624107
10,4,36.38104
10,5,41.55612
10,6,45.344543
10,7,47.926216
10,8,49.428368
10,9,49.913204
11,0,0.0
11,1,14.52928
11,10,57.002075
11,11,54.87159
11,12,51.242653
11,13,45.85687
11,14,38.621742
11,15,30.0
11,2,27.08797
11,3,37.031963
11,4,44.522793
11,5,49.976254
11,6,53.795082
11,7,56.280144
11,8,57.614624
11,9,57.868286
12,0,0.0
12,1,19.927187
12,10,65.89649
12,11,63.48358
12,12,59.26395
12,13,52.584087
12,14,42.77474
12,15,30.0
12,2,35.631477
12,3,46.89669
12,4,54.70661
12,5,60.036545
12,6,63.585487
12,7,65.79105
12,8,66.88817
12,9,66.94945
13,0,0.0
13,1,29.54904
13,10,76.15543
13,11,73.906265
13,12,69.74863
13,13,62.44297
13,14,49.894253
13,15,30.0
13,2,48.61611
13,3,60.21969
13,4,67.37421
13,5,71.88223
13,6,74.72418
13,7,76.415565
13,8,77.20275
13,9,77.14987
14,0,0.0
14,1,49.653587
14,10,87.672325
14,11,86.24017
14,12,83.38353
14,13,77.54645
14,14,64.36007
14,15,30.0
14,2,69.0657
14,3,77.99381
14,4,82.69094
14,5,85.39711
14,6,87.01685
14,7,87.94789
14,8,88.36103
14,9,88.295364
15,0,0.0
15,1,100.0
15,10,100.0
15,11,100.0
15,12,100.0
15,13,100.0
15,14,100.0
15,15,30.0
15,2,100.0
15,3,100.0
15,4,100.0
15,5,100.0
15,6,100.0
15,7,100.0
15,8,100.0
15,9,100.0
2,0,0.0
2,1,1.2798628
2,10,10.08877
2,11,11.34327
2,12,13.239932
2,13,16.353449
2,14,21.625072
2,15,30.0
2,2,2.5265923
2,3,3.710988
2,4,4.8112106
2,5,5.8155646
2,6,6.724853
2,7,7.5551624
2,8,8.342347
2,9,9.150553
3,0,0.0
3,1,1.9614604
3,10,14.703114
3,11,16.114624
3,12,18.039745
3,13,20.820938
3,14,24.809013
3,15,30.0
3,2,3.8683298
3,3,5.672484
3,4,7.33765
3,5,8.843159
3,6,10.186523
3,7,11.385736
3,8,12.482858
3,9,13.550489
4,0,0.0
4,1,2.6984982
4,10,19.062325
4,11,20.375603
4,12,21.986076
4,13,24.083334
4,14,26.790958
4,15,30.0
4,2,5.3144374
4,3,7.7753873
4,4,10.026805
4,5,12.036506
4,6,13.796324
4,7,15.322612
4,8,16.657097
4,9,17.869526
5,0,0.0
5,1,3.5191846
5,10,23.305893
5,11,24.343565
5,12,25.448938
5,13,26.737684
5,14,28.27267
5,15,30.0
5,2,6.9176836
5,3,10.090925
5,4,12.961641
5,5,15.484367
5,6,17.644806
5,7,19.456705
5,8,20.958858
5,9,22.213469
6,0,0.0
6,1,4.4618626
6,10,27.609985
6,11,28.24881
6,12,28.732397
6,13,29.148537
6,14,29.563454
6,15,30.0
6,2,8.748737
6,3,12.712709
6,4,16.24918
6,5,19.300062
6,6,21.847944
6,7,23.907017
6,8,25.514683
6,9,26.725876
7,0,0.0
7,1,5.5809946
7,10,32.165848
7,11,32.314896
7,12,32.087765
7,13,31.563707
7,14,30.834192
7,15,30.0
7,2,10.905586
7,3,15.766165
7,4,20.027637
7,5,23.624992
7,6,26.546806
7,7,28.81601
7,8,30.47432
7,9,31.572449
8,0,0.0
8,1,6.9581146
8,10,37.17302
8,11,36.763184
8,12,35.744827
8,13,34.18766
8,14,32.21131
8,15,30.0
8,2,13.529535
8,3,19.423237
8,4,24.475918
8,5,28.632168
8,6,31.905697
8,7,34.34371
8,8,36.002026
8,9,36.931335
9,0,0.0
9,1,8.723544
9,10,42.838863
9,11,41.82615
9,12,39.94562
9,13,37.2342
9,14,33.825134
9,15,30.0
9,2,16.8344
9,3,23.92593
9,4,29.826523
9,5,34.52894
9,6,38.107716
9,7,40.65915
9,8,42.26681
9,9,42.98565
