0,0,0.0
0,1,0.0
0,2,0.0
0,3,0.0
0,4,0.0
0,5,0.0
0,6,0.0
0,7,30.0
1,0,0.0
1,1,2.9662185
1,2,5.5895796
1,3,7.7355423
1,4,9.58798
1,5,11.862619
1,6,16.594913
1,7,30.0
2,0,0.0
2,1,6.2772217
2,2,11.660043
2,3,15.768955
2,4,18.758116
2,5,21.27108
2,6,24.518978
2,7,30.0
3,0,0.0
3,1,10.486118
3,2,19.010708
3,3,24.929981
3,4,28.412323
3,5,29.950926
3,6,30.213434
3,7,30.0
4,0,0.0
4,1,16.660913
4,2,28.974579
4,3,36.537785
4,4,40.020126
4,5,39.914795
4,6,36.38823
4,7,30.0
5,0,0.0
5,1,27.187351
5,2,43.69683
5,3,52.23635
5,4,55.225513
5,5,53.307865
5,6,45.429108
5,7,30.0
6,0,0.0
6,1,48.395203
6,2,66.39543
6,3,73.493256
6,4,75.3457
6,5,72.66847
6,6,62.0239
6,7,30.0
7,0,0.0
7,1,100.0
7,2,100.0
7,3,100.0
7,4,100.0
7,5,100.0
7,6,100.0
7,7,30.0
