0,0,0.0
0,1,0.0
0,10,0.0
0,11,0.0
0,12,0.0
0,13,0.0
0,14,0.0
0,15,30.0
0,2,0.0
0,3,0.0
0,4,0.0
0,5,0.0
0,6,0.0
0,7,0.0
0,8,0.0
0,9,0.0
1,0,0.0
1,1,0.6368207
1,10,5.1432877
1,11,5.9133716
1,12,7.2079563
1,13,9.71603
1,14,15.331411
1,15,30.0
1,2,1.2569942
1,3,1.8460512
1,4,2.393197
1,5,2.8933976
1,6,3.348185
1,7,3.7680914
1,8,4.175131
1,9,4.6095243
10,0,0.0
10,1,10.998869
10,10,48.78636
10,11,47.240562
10,12,44.558903
10,13,40.683853
10,14,35.702824
10,15,30.0
10,2,20.954319
10,3,29.316708
10,4,35.979702
10,5,41.07031
10,6,44.788837
10,7,47.320248
10,8,48.79705
10,9,49.285965
11,0,0.0
11,1,14.427437
11,10,56.44359
11,11,54.379208
11,12,50.84484
11,13,45.577114
11,14,38.47741
11,15,30.0
11,2,26.88588
11,3,36.733498
11,4,44.134354
11,5,49.508213
11,6,53.261936
11,7,55.70131
11,8,57.014114
11,9,57.27368
12,0,0.0
12,1,19.838552
12,10,65.4211
12,11,63.06546
12,12,58.92643
12,13,52.34714
12,14,42.65248
12,15,30.0
12,2,35.45593
12,3,46.637787
12,4,54.370647
12,5,59.63275
12,6,63.126972
12,7,65.29472
12,8,66.37462
12,9,66.4424
13,0,0.0
13,1,29.483555
13,10,75.80918
13,11,73.601944
13,12,69.50336
13,13,62.270794
13,14,49.80551
13,15,30.0
13,2,48.48645
13,3,60.028778
13,4,67.126785
13,5,71.58548
13,6,74.38782
13,7,76.052155
13,8,76.827484
13,9,76.77987
14,0,0.0
14,1,49.61879
14,10,87.48981
14,11,86.07995
14,12,83.25439
14,13,77.45589
14,14,64.313385
14,15,30.0
14,2,68.99685
14,3,77.89249
14,4,82.55978
14,5,85.239914
14,6,86.8389
14,7,87.755844
14,8,88.16288
14,9,88.100235
15,0,0.0
15,1,100.0
15,10,100.0
15,11,100.0
15,12,100.0
15,13,100.0
15,14,100.0
15,15,30.0
15,2,100.0
15,3,100.0
15,4,100.0
15,5,100.0
15,6,100.0
15,7,100.0
15,8,100.0
15,9,100.0
2,0,0.0
2,1,1.28677
2,10,10.044079
2,11,11.297834
2,12,13.199321
2,13,16.32298
2,14,21.608727
2,15,30.0
2,2,2.538638
2,3,3.724746
2,4,4.8226743
2,5,5.8203692
2,6,6.7197466
2,7,7.538091
2,8,8.313419
2,9,9.111799
3,0,0.0
3,1,1.9655379
3,10,14.613786
3,11,16.027645
3,12,17.964296
3,13,20.765224
3,14,24.779467
3,15,30.0
3,2,3.8740127
3,3,5.6756577
3,4,7.3328285
3,5,8.825439
3,6,10.151836
3,7,11.332676
3,8,12.412571
3,9,13.467268
4,0,0.0
4,1,2.6935217
4,10,18.907372
4,11,20.2297
4,12,21.862125
4,13,23.99325
4,14,26.743494
4,15,30.0
4,2,5.302016
4,3,7.750779
4,4,9.984848
4,5,11.971995
4,6,13.706499
4,7,15.207263
4,8,16.520071
4,9,17.718245
5,0,0.0
5,1,3.4992352
5,10,23.0662
5,11,24.122652
5,12,25.264416
5,13,26.604822
5,14,28.20319
5,15,30.0
5,2,6.8752885
5,3,10.022222
5,4,12.861784
5,5,15.350151
5,6,17.475
5,7,19.254385
5,8,20.731184
5,9,21.972137
6,0,0.0
6,1,4.422241
6,10,27.273163
6,11,27.943247
6,12,28.479753
6,13,28.968197
6,14,29.469454
6,15,30.0
6,2,8.667778
6,3,12.587212
6,4,16.076614
6,5,19.079012
6,6,21.580872
6,7,23.60036
6,8,25.180256
6,9,26.380184
7,0,0.0
7,1,5.5198407
7,10,31.73133
7,11,31.924515
7,12,31.767765
7,13,31.336315
7,14,30.716164
7,15,30.0
7,2,10.782096
7,3,15.57915
7,4,19.776299
7,5,23.31157
7,6,26.176918
7,7,28.400751
7,8,30.029984
7,9,31.120384
8,0,0.0
8,1,6.876638
8,10,36.653996
8,11,36.300537
8,12,35.367416
8,13,33.920746
8,14,32.072964
8,15,30.0
8,2,13.366527
8,3,19.178799
8,4,24.152325
8,5,28.234234
8,6,31.44323
8,7,33.831524
8,8,35.460754
8,9,36.386696
9,0,0.0
9,1,8.626706
9,10,42.26361
9,11,41.315735
9,12,39.531193
9,13,36.941704
9,14,33.673916
9,15,30.0
9,2,16.641283
9,3,23.638653
9,4,29.449099
9,5,34.06946
9,6,37.578583
9,7,40.078583
9,8,41.658478
9,9,42.3779
