0,0,0.0
0,1,0.0
0,10,0.0
0,11,0.0
0,12,0.0
0,13,0.0
0,14,0.0
0,15,0.0
0,16,0.0
0,17,0.0
0,18,0.0
0,19,0.0
0,2,0.0
0,20,0.0
0,21,0.0
0,22,0.0
0,23,0.0
0,24,0.0
0,25,0.0
0,26,0.0
0,27,0.0
0,28,0.0
0,29,30.0
0,3,0.0
0,4,0.0
0,5,0.0
0,6,0.0
0,7,0.0
0,8,0.0
0,9,0.0
1,0,0.0
1,1,1.0464001
1,10,5.5224667
1,11,5.5714684
1,12,5.5980186
1,13,5.611322
1,14,5.617777
1,15,5.620832
1,16,5.622632
1,17,5.624675
1,18,5.6284194
1,19,5.6367044
1,2,2.0377269
1,20,5.6539927
1,21,5.6902657
1,22,5.7622123
1,23,5.904402
1,24,6.179172
1,25,6.7171507
1,26,7.796945
1,27,10.103237
1,28,15.5232
1,29,30.0
1,3,2.924703
1,4,3.678633
1,5,4.281777
1,6,4.7413144
1,7,5.0695567
1,8,5.2933574
1,9,5.4357767
10,0,0.0
10,1,5.5224657
10,10,28.986425
10,11,29.236458
10,12,29.369453
10,13,29.43608
10,14,29.467373
10,15,29.481205
10,16,29.487026
10,17,29.489532
10,18,29.491142
10,19,29.4931
10,2,10.74642
10,20,29.496887
10,21,29.503757
10,22,29.516611
10,23,29.537804
10,24,29.572136
10,25,29.62217
10,26,29.691956
10,27,29.780514
10,28,29.885736
10,29,30.0
10,3,15.422249
10,4,19.378721
10,5,22.54626
10,6,24.941229
10,7,26.653793
10,8,27.808777
10,9,28.544807
11,0,0.0
11,1,5.5714645
11,10,29.236458
11,11,29.48804
11,12,29.621998
11,13,29.68898
11,14,29.720457
11,15,29.734333
11,16,29.7401
11,17,29.742474
11,18,29.743643
11,19,29.74483
11,2,10.842377
11,20,29.746702
11,21,29.750391
11,22,29.75677
11,23,29.767914
11,24,29.785095
11,25,29.8109
11,26,29.84578
11,27,29.890581
11,28,29.942963
11,29,30.0
11,3,15.5584545
11,4,19.550344
11,5,22.743856
11,6,25.159805
11,7,26.885479
11,8,28.050179
11,9,28.79135
12,0,0.0
12,1,5.598006
12,10,29.369453
12,11,29.621996
12,12,29.756332
12,13,29.823532
12,14,29.855083
12,15,29.868977
12,16,29.874725
12,17,29.876999
12,18,29.877985
12,19,29.878647
12,2,10.893415
12,20,29.879637
12,21,29.88132
12,22,29.884499
12,23,29.889679
12,24,29.898106
12,25,29.91022
12,26,29.92706
12,27,29.948149
12,28,29.97308
12,29,30.0
12,3,15.632034
12,4,19.641634
12,5,22.850132
12,6,25.276066
12,7,27.009514
12,8,28.178581
12,9,28.922874
13,0,0.0
13,1,5.6112757
13,10,29.436075
13,11,29.688976
13,12,29.823532
13,13,29.890812
13,14,29.9224
13,15,29.936302
13,16,29.94204
13,17,29.944275
13,18,29.945139
13,19,29.945595
13,2,10.919426
13,20,29.946043
13,21,29.946852
13,22,29.948208
13,23,29.950617
13,24,29.954294
13,25,29.959854
13,26,29.967293
13,27,29.976847
13,28,29.987936
13,29,30.0
13,3,15.668823
13,4,19.68796
13,5,22.903267
13,6,25.334755
13,7,27.071531
13,8,28.243097
13,9,28.988638
14,0,0.0
14,1,5.6176457
14,10,29.467346
14,11,29.72045
14,12,29.855076
14,13,29.922396
14,14,29.953999
14,15,29.967905
14,16,29.973635
14,17,29.97585
14,18,29.976675
14,19,29.977003
14,2,10.931635
14,20,29.977253
14,21,29.977575
14,22,29.978178
14,23,29.979141
14,24,29.980743
14,25,29.983025
14,26,29.986225
14,27,29.990206
14,28,29.994923
14,29,30.0
14,3,15.686422
14,4,19.709703
14,5,22.928543
14,6,25.3623
14,7,27.10086
14,8,28.273378
14,9,29.019611
15,0,0.0
15,1,5.620448
15,10,29.481136
15,11,29.734297
15,12,29.868963
15,13,29.936298
15,14,29.967903
15,15,29.981812
15,16,29.987537
15,17,29.989746
15,18,29.990543
15,19,29.99084
15,2,10.937134
15,20,29.990974
15,21,29.991127
15,22,29.991346
15,23,29.991747
15,24,29.992348
15,25,29.993279
15,26,29.994518
15,27,29.99612
15,28,29.997976
15,29,30.0
15,3,15.694165
15,4,19.719444
15,5,22.939665
15,6,25.374557
15,7,27.113766
15,8,28.286777
15,9,29.033236
16,0,0.0
16,1,5.6216345
16,10,29.486813
16,11,29.740007
16,12,29.874681
16,13,29.942022
16,14,29.973629
16,15,29.987537
16,16,29.993267
16,17,29.995468
16,18,29.996262
16,19,29.996532
16,2,10.939396
16,20,29.99664
16,21,29.9967
16,22,29.996792
16,23,29.99693
16,24,29.997162
16,25,29.997494
16,26,29.997963
16,27,29.99855
16,28,29.999247
16,29,30.0
16,3,15.697428
16,4,19.723454
16,5,22.944319
16,6,25.379602
16,7,27.11913
16,8,28.292292
16,9,29.03887
17,0,0.0
17,1,5.62209
17,10,29.489002
17,11,29.7422
17,12,29.876883
17,13,29.944223
17,14,29.975834
17,15,29.989742
17,16,29.995468
17,17,29.997673
17,18,29.998459
17,19,29.998728
17,2,10.940291
17,20,29.998812
17,21,29.998852
17,22,29.998886
17,23,29.998936
17,24,29.999012
17,25,29.99913
17,26,29.999287
17,27,29.999495
17,28,29.999737
17,29,30.0
17,3,15.698683
17,4,19.72503
17,5,22.946106
17,6,25.381573
17,7,27.121187
17,8,28.29443
17,9,29.041033
18,0,0.0
18,1,5.622259
18,10,29.489786
18,11,29.742989
18,12,29.87767
18,13,29.945013
18,14,29.976624
18,15,29.990532
18,16,29.996258
18,17,29.998459
18,18,29.999249
18,19,29.99951
18,2,10.940612
18,20,29.999596
18,21,29.999624
18,22,29.999641
18,23,29.999657
18,24,29.999681
18,25,29.999718
18,26,29.999771
18,27,29.999834
18,28,29.999916
18,29,30.0
18,3,15.699144
18,4,19.725594
18,5,22.94676
18,6,25.382275
18,7,27.121937
18,8,28.295193
18,9,29.041815
19,0,0.0
19,1,5.622315
19,10,29.49005
19,11,29.74325
19,12,29.877935
19,13,29.945278
19,14,29.976887
19,15,29.990795
19,16,29.996523
19,17,29.998722
19,18,29.999512
19,19,29.999775
19,2,10.940723
19,20,29.999857
19,21,29.999882
19,22,29.999893
19,23,29.999895
19,24,29.999903
19,25,29.999916
19,26,29.999931
19,27,29.999952
19,28,29.999973
19,29,30.0
19,3,15.699298
19,4,19.725788
19,5,22.946978
19,6,25.382515
19,7,27.12218
19,8,28.29545
19,9,29.042076
2,0,0.0
2,1,2.0377269
2,10,10.746422
2,11,10.842382
2,12,10.893441
2,13,10.919503
2,14,10.931877
2,15,10.93779
2,16,10.941204
2,17,10.944788
2,18,10.951636
2,19,10.965858
2,2,3.9653058
2,20,10.996669
2,21,11.058724
2,22,11.182976
2,23,11.419933
2,24,11.867571
2,25,12.693638
2,26,14.212898
2,27,16.98265
2,28,21.93449
2,29,30.0
2,3,5.69491
2,4,7.1584206
2,5,8.335987
2,6,9.226343
2,7,9.867905
2,8,10.300589
2,9,10.579233
20,0,0.0
20,1,5.6223335
20,10,29.490131
20,11,29.743334
20,12,29.878017
20,13,29.945358
20,14,29.976967
20,15,29.990877
20,16,29.996605
20,17,29.998806
20,18,29.999596
20,19,29.999855
20,2,10.940758
20,20,29.999937
20,21,29.99996
20,22,29.99997
20,23,29.999973
20,24,29.999973
20,25,29.999977
20,26,29.999983
20,27,29.999989
20,28,29.999994
20,29,30.0
20,3,15.6993475
20,4,19.72585
20,5,22.947048
20,6,25.382591
20,7,27.122261
20,8,28.295528
20,9,29.042154
21,0,0.0
21,1,5.622339
21,10,29.490154
21,11,29.743359
21,12,29.87804
21,13,29.945381
21,14,29.97699
21,15,29.990898
21,16,29.996626
21,17,29.998829
21,18,29.999617
21,19,29.999882
21,2,10.940767
21,20,29.99996
21,21,29.999985
21,22,29.999989
21,23,29.999992
21,24,29.999996
21,25,29.999994
21,26,29.999996
21,27,29.999998
21,28,30.0
21,29,30.0
21,3,15.699363
21,4,19.725864
21,5,22.947071
21,6,25.38261
21,7,27.122286
21,8,28.295551
21,9,29.04218
22,0,0.0
22,1,5.6223397
22,10,29.490162
22,11,29.743362
22,12,29.878048
22,13,29.945387
22,14,29.976997
22,15,29.990904
22,16,29.996632
22,17,29.998835
22,18,29.999622
22,19,29.999886
22,2,10.940771
22,20,29.99997
22,21,29.999989
22,22,29.999998
22,23,30.0
22,24,30.0
22,25,30.0
22,26,30.0
22,27,30.0
22,28,30.0
22,29,30.0
22,3,15.699365
22,4,19.72587
22,5,22.947071
22,6,25.382618
22,7,27.12229
22,8,28.295559
22,9,29.042185
23,0,0.0
23,1,5.622341
23,10,29.490162
23,11,29.743366
23,12,29.878046
23,13,29.945389
23,14,29.976997
23,15,29.990904
23,16,29.996632
23,17,29.998835
23,18,29.999626
23,19,29.99989
23,2,10.94077
23,20,29.99997
23,21,29.999992
23,22,30.0
23,23,30.0
23,24,30.0
23,25,30.0
23,26,30.0
23,27,30.0
23,28,30.0
23,29,30.0
23,3,15.699368
23,4,19.725868
23,5,22.947075
23,6,25.382618
23,7,27.122295
23,8,28.29556
23,9,29.042187
24,0,0.0
24,1,5.6223407
24,10,29.490162
24,11,29.743364
24,12,29.878048
24,13,29.945389
24,14,29.976997
24,15,29.990906
24,16,29.996634
24,17,29.998835
24,18,29.999626
24,19,29.999887
24,2,10.940772
24,20,29.99997
24,21,29.999992
24,22,30.0
24,23,30.0
24,24,30.0
24,25,30.0
24,26,30.0
24,27,30.0
24,28,30.0
24,29,30.0
24,3,15.699366
24,4,19.725872
24,5,22.947073
24,6,25.382618
24,7,27.122292
24,8,28.29556
24,9,29.042187
25,0,0.0
25,1,5.622341
25,10,29.490162
25,11,29.743366
25,12,29.878046
25,13,29.945389
25,14,29.976997
25,15,29.990906
25,16,29.996632
25,17,29.998837
25,18,29.999626
25,19,29.99989
25,2,10.940769
25,20,29.99997
25,21,29.999992
25,22,30.0
25,23,30.0
25,24,30.0
25,25,30.0
25,26,30.0
25,27,30.0
25,28,30.0
25,29,30.0
25,3,15.699368
25,4,19.725868
25,5,22.947075
25,6,25.382618
25,7,27.122293
25,8,28.29556
25,9,29.042187
26,0,0.0
26,1,5.6223397
26,10,29.490162
26,11,29.743364
26,12,29.878046
26,13,29.945387
26,14,29.976997
26,15,29.990904
26,16,29.996634
26,17,29.998837
26,18,29.999626
26,19,29.99989
26,2,10.940772
26,20,29.99997
26,21,29.999992
26,22,30.0
26,23,30.0
26,24,30.0
26,25,30.0
26,26,30.0
26,27,30.0
26,28,30.0
26,29,30.0
26,3,15.699365
26,4,19.725872
26,5,22.947073
26,6,25.382618
26,7,27.122292
26,8,28.29556
26,9,29.042187
27,0,0.0
27,1,5.622341
27,10,29.490162
27,11,29.743364
27,12,29.878048
27,13,29.945389
27,14,29.976997
27,15,29.990906
27,16,29.996632
27,17,29.998835
27,18,29.999624
27,19,29.99989
27,2,10.940769
27,20,29.99997
27,21,29.999992
27,22,30.0
27,23,30.0
27,24,30.0
27,25,30.0
27,26,30.0
27,27,30.0
27,28,30.0
27,29,30.0
27,3,15.699368
27,4,19.725868
27,5,22.947075
27,6,25.382618
27,7,27.122292
27,8,28.29556
27,9,29.042187
28,0,0.0
28,1,5.6223397
28,10,29.490162
28,11,29.743364
28,12,29.878048
28,13,29.945389
28,14,29.976997
28,15,29.990904
28,16,29.996632
28,17,29.998837
28,18,29.999624
28,19,29.99989
28,2,10.940772
28,20,29.99997
28,21,29.999992
28,22,30.0
28,23,30.0
28,24,30.0
28,25,30.0
28,26,30.0
28,27,30.0
28,28,30.0
28,29,30.0
28,3,15.699366
28,4,19.725872
28,5,22.947075
28,6,25.382618
28,7,27.122292
28,8,28.29556
28,9,29.042187
29,0,0.0
29,1,5.622341
29,10,29.490162
29,11,29.743364
29,12,29.878046
29,13,29.945389
29,14,29.976997
29,15,29.990904
29,16,29.996632
29,17,29.998833
29,18,29.999626
29,19,29.99989
29,2,10.94077
29,20,29.99997
29,21,29.999992
29,22,30.0
29,23,30.0
29,24,30.0
29,25,30.0
29,26,30.0
29,27,30.0
29,28,30.0
29,29,30.0
29,3,15.699368
29,4,19.72587
29,5,22.947073
29,6,25.382618
29,7,27.122292
29,8,28.29556
29,9,29.042187
3,0,0.0
3,1,2.9247026
3,10,15.422251
3,11,15.558463
3,12,15.632063
3,13,15.668922
3,14,15.686705
3,15,15.694998
3,16,15.699591
3,17,15.704291
3,18,15.712452
3,19,15.730225
3,2,5.69491
3,20,15.766662
3,21,15.841728
3,22,15.985941
3,23,16.258863
3,24,16.750774
3,25,17.61776
3,26,19.086758
3,27,21.48201
3,28,25.127758
3,29,30.0
3,3,8.173515
3,4,10.279029
3,5,11.963439
3,6,13.245445
3,7,14.161165
3,8,14.784564
3,9,15.181274
30,0,0.0
30,1,5.6223407
30,10,29.490162
30,11,29.743364
30,12,29.878046
30,13,29.945389
30,14,29.976997
30,15,29.990906
30,16,29.996632
30,17,29.998833
30,18,29.999622
30,19,29.99989
30,2,10.940771
30,20,29.99997
30,21,29.999992
30,22,30.0
30,23,30.0
30,24,30.0
30,25,30.0
30,26,30.0
30,27,30.0
30,28,30.0
30,29,30.0
30,3,15.699368
30,4,19.72587
30,5,22.947075
30,6,25.382616
30,7,27.122292
30,8,28.29556
30,9,29.042187
31,0,0.0
31,1,5.62234
31,10,29.490162
31,11,29.743364
31,12,29.878048
31,13,29.945389
31,14,29.976997
31,15,29.990904
31,16,29.99663
31,17,29.998833
31,18,29.999622
31,19,29.999886
31,2,10.940771
31,20,29.99997
31,21,29.999992
31,22,30.0
31,23,30.0
31,24,30.0
31,25,30.0
31,26,30.0
31,27,30.0
31,28,30.0
31,29,30.0
31,3,15.699366
31,4,19.725872
31,5,22.947071
31,6,25.382618
31,7,27.122292
31,8,28.29556
31,9,29.042187
32,0,0.0
32,1,5.6223407
32,10,29.490162
32,11,29.743366
32,12,29.878048
32,13,29.945389
32,14,29.976997
32,15,29.990904
32,16,29.99663
32,17,29.998833
32,18,29.999622
32,19,29.999887
32,2,10.94077
32,20,29.99997
32,21,29.999992
32,22,30.0
32,23,30.0
32,24,30.0
32,25,30.0
32,26,30.0
32,27,30.0
32,28,30.0
32,29,30.0
32,3,15.699368
32,4,19.725868
32,5,22.947075
32,6,25.382616
32,7,27.122292
32,8,28.29556
32,9,29.042187
33,0,0.0
33,1,5.622341
33,10,29.490162
33,11,29.743364
33,12,29.878048
33,13,29.945389
33,14,29.976997
33,15,29.990906
33,16,29.99663
33,17,29.998833
33,18,29.999622
33,19,29.999886
33,2,10.940771
33,20,29.99997
33,21,29.999992
33,22,30.0
33,23,30.0
33,24,30.0
33,25,30.0
33,26,30.0
33,27,30.0
33,28,30.0
33,29,30.0
33,3,15.699366
33,4,19.725872
33,5,22.947073
33,6,25.382618
33,7,27.122292
33,8,28.29556
33,9,29.042187
34,0,0.0
34,1,5.6223407
34,10,29.490162
34,11,29.743364
34,12,29.878048
34,13,29.945389
34,14,29.976997
34,15,29.990906
34,16,29.99663
34,17,29.998833
34,18,29.999622
34,19,29.999886
34,2,10.940771
34,20,29.99997
34,21,29.999992
34,22,30.0
34,23,30.0
34,24,30.0
34,25,30.0
34,26,30.0
34,27,30.0
34,28,30.0
34,29,30.0
34,3,15.699368
34,4,19.725872
34,5,22.947075
34,6,25.382618
34,7,27.122292
34,8,28.29556
34,9,29.042187
35,0,0.0
35,1,5.622341
35,10,29.490162
35,11,29.743364
35,12,29.878048
35,13,29.945389
35,14,29.976997
35,15,29.990906
35,16,29.99663
35,17,29.998833
35,18,29.999622
35,19,29.999886
35,2,10.940771
35,20,29.99997
35,21,29.999992
35,22,30.0
35,23,30.0
35,24,30.0
35,25,30.0
35,26,30.0
35,27,30.0
35,28,30.0
35,29,30.0
35,3,15.699368
35,4,19.725872
35,5,22.947075
35,6,25.382618
35,7,27.122292
35,8,28.29556
35,9,29.042187
36,0,0.0
36,1,5.6223407
36,10,29.490162
36,11,29.743364
36,12,29.878048
36,13,29.945389
36,14,29.976997
36,15,29.990906
36,16,29.99663
36,17,29.998833
36,18,29.999622
36,19,29.999886
36,2,10.940771
36,20,29.99997
36,21,29.999992
36,22,30.0
36,23,30.0
36,24,30.0
36,25,30.0
36,26,30.0
36,27,30.0
36,28,30.0
36,29,30.0
36,3,15.699368
36,4,19.725872
36,5,22.947075
36,6,25.382618
36,7,27.122292
36,8,28.29556
36,9,29.042187
37,0,0.0
37,1,5.622341
37,10,29.490162
37,11,29.743364
37,12,29.878048
37,13,29.945389
37,14,29.976997
37,15,29.990906
37,16,29.99663
37,17,29.998833
37,18,29.999622
37,19,29.999886
37,2,10.940771
37,20,29.99997
37,21,29.999992
37,22,30.0
37,23,30.0
37,24,30.0
37,25,30.0
37,26,30.0
37,27,30.0
37,28,30.0
37,29,30.0
37,3,15.699368
37,4,19.725872
37,5,22.947075
37,6,25.382618
37,7,27.122292
37,8,28.29556
37,9,29.042187
38,0,0.0
38,1,5.6223407
38,10,29.490162
38,11,29.743364
38,12,29.878048
38,13,29.945389
38,14,29.976997
38,15,29.990906
38,16,29.99663
38,17,29.998833
38,18,29.999622
38,19,29.999886
38,2,10.940771
38,20,29.99997
38,21,29.999992
38,22,30.0
38,23,30.0
38,24,30.0
38,25,30.0
38,26,30.0
38,27,30.0
38,28,30.0
38,29,30.0
38,3,15.699367
38,4,19.725872
38,5,22.947075
38,6,25.382618
38,7,27.122292
38,8,28.29556
38,9,29.042187
39,0,0.0
39,1,5.6223407
39,10,29.490162
39,11,29.743366
39,12,29.878048
39,13,29.945389
39,14,29.976997
39,15,29.990906
39,16,29.99663
39,17,29.998833
39,18,29.999622
39,19,29.999886
39,2,10.94077
39,20,29.99997
39,21,29.999992
39,22,30.0
39,23,30.0
39,24,30.0
39,25,30.0
39,26,30.0
39,27,30.0
39,28,30.0
39,29,30.0
39,3,15.699366
39,4,19.72587
39,5,22.947075
39,6,25.382618
39,7,27.122292
39,8,28.29556
39,9,29.042187
4,0,0.0
4,1,3.678633
4,10,19.378723
4,11,19.550352
4,12,19.641665
4,13,19.688051
4,14,19.71
4,15,19.720253
4,16,19.725689
4,17,19.730572
4,18,19.739168
4,19,19.756468
4,2,7.1584206
4,20,19.793388
4,21,19.865736
4,22,20.006107
4,23,20.260479
4,24,20.709703
4,25,21.45977
4,26,22.661266
4,27,24.464783
4,28,26.961483
4,29,30.0
4,3,10.27903
4,4,12.919542
4,5,15.041681
4,6,16.646227
4,7,17.80034
4,8,18.5787
4,9,19.078712
40,0,0.0
40,1,5.62234
40,10,29.490162
40,11,29.743366
40,12,29.878048
40,13,29.945389
40,14,29.976997
40,15,29.990904
40,16,29.99663
40,17,29.998833
40,18,29.999622
40,19,29.999887
40,2,10.940771
40,20,29.99997
40,21,29.999992
40,22,30.0
40,23,30.0
40,24,30.0
40,25,30.0
40,26,30.0
40,27,30.0
40,28,30.0
40,29,30.0
40,3,15.699365
40,4,19.72587
40,5,22.947075
40,6,25.382618
40,7,27.122292
40,8,28.29556
40,9,29.042187
41,0,0.0
41,1,5.6223407
41,10,29.490162
41,11,29.743366
41,12,29.878048
41,13,29.945389
41,14,29.976997
41,15,29.990906
41,16,29.99663
41,17,29.998833
41,18,29.999622
41,19,29.999886
41,2,10.940769
41,20,29.99997
41,21,29.999992
41,22,30.0
41,23,30.0
41,24,30.0
41,25,30.0
41,26,30.0
41,27,30.0
41,28,30.0
41,29,30.0
41,3,15.699368
41,4,19.725868
41,5,22.947071
41,6,25.382618
41,7,27.122292
41,8,28.29556
41,9,29.042187
42,0,0.0
42,1,5.62234
42,10,29.490162
42,11,29.743366
42,12,29.878048
42,13,29.945389
42,14,29.976997
42,15,29.990906
42,16,29.99663
42,17,29.998835
42,18,29.999622
42,19,29.999886
42,2,10.940771
42,20,29.99997
42,21,29.999992
42,22,30.0
42,23,30.0
42,24,30.0
42,25,30.0
42,26,30.0
42,27,30.0
42,28,30.0
42,29,30.0
42,3,15.699366
42,4,19.725868
42,5,22.947075
42,6,25.382616
42,7,27.122293
42,8,28.29556
42,9,29.042187
43,0,0.0
43,1,5.62234
43,10,29.490162
43,11,29.743364
43,12,29.878046
43,13,29.945389
43,14,29.976997
43,15,29.990904
43,16,29.996632
43,17,29.998833
43,18,29.999624
43,19,29.999886
43,2,10.940769
43,20,29.99997
43,21,29.999992
43,22,30.0
43,23,30.0
43,24,30.0
43,25,30.0
43,26,30.0
43,27,30.0
43,28,30.0
43,29,30.0
43,3,15.699366
43,4,19.725868
43,5,22.947071
43,6,25.382618
43,7,27.122292
43,8,28.29556
43,9,29.042187
44,0,0.0
44,1,5.6223397
44,10,29.490162
44,11,29.743364
44,12,29.878048
44,13,29.945387
44,14,29.976997
44,15,29.990906
44,16,29.99663
44,17,29.998837
44,18,29.999622
44,19,29.99989
44,2,10.940771
44,20,29.99997
44,21,29.999992
44,22,30.0
44,23,30.0
44,24,30.0
44,25,30.0
44,26,30.0
44,27,30.0
44,28,30.0
44,29,30.0
44,3,15.699365
44,4,19.725868
44,5,22.947071
44,6,25.382614
44,7,27.122292
44,8,28.295559
44,9,29.042187
45,0,0.0
45,1,5.6223407
45,10,29.490162
45,11,29.743366
45,12,29.878046
45,13,29.945389
45,14,29.976997
45,15,29.990906
45,16,29.996635
45,17,29.998835
45,18,29.999626
45,19,29.999886
45,2,10.94077
45,20,29.99997
45,21,29.999992
45,22,30.0
45,23,30.0
45,24,30.0
45,25,30.0
45,26,30.0
45,27,30.0
45,28,30.0
45,29,30.0
45,3,15.699366
45,4,19.725868
45,5,22.947071
45,6,25.382616
45,7,27.122292
45,8,28.29556
45,9,29.042187
46,0,0.0
46,1,5.62234
46,10,29.490162
46,11,29.743364
46,12,29.878048
46,13,29.945387
46,14,29.976997
46,15,29.990908
46,16,29.996632
46,17,29.998838
46,18,29.999624
46,19,29.999887
46,2,10.940769
46,20,29.99997
46,21,29.999992
46,22,30.0
46,23,30.0
46,24,30.0
46,25,30.0
46,26,30.0
46,27,30.0
46,28,30.0
46,29,30.0
46,3,15.699366
46,4,19.72587
46,5,22.947075
46,6,25.382618
46,7,27.122292
46,8,28.295559
46,9,29.042187
47,0,0.0
47,1,5.62234
47,10,29.49016
47,11,29.743364
47,12,29.878046
47,13,29.945389
47,14,29.976997
47,15,29.990904
47,16,29.996634
47,17,29.998835
47,18,29.999626
47,19,29.999886
47,2,10.940771
47,20,29.99997
47,21,29.999992
47,22,30.0
47,23,30.0
47,24,30.0
47,25,30.0
47,26,30.0
47,27,30.0
47,28,30.0
47,29,30.0
47,3,15.699365
47,4,19.725872
47,5,22.947075
47,6,25.382618
47,7,27.122292
47,8,28.29556
47,9,29.042187
48,0,0.0
48,1,5.6223407
48,10,29.490162
48,11,29.743364
48,12,29.878048
48,13,29.945387
48,14,29.976997
48,15,29.990906
48,16,29.996632
48,17,29.998833
48,18,29.999624
48,19,29.99989
48,2,10.94077
48,20,29.99997
48,21,29.999992
48,22,30.0
48,23,30.0
48,24,30.0
48,25,30.0
48,26,30.0
48,27,30.0
48,28,30.0
48,29,30.0
48,3,15.699368
48,4,19.72587
48,5,22.947075
48,6,25.382618
48,7,27.122292
48,8,28.29556
48,9,29.042185
49,0,0.0
49,1,5.6223407
49,10,29.490162
49,11,29.743366
49,12,29.878046
49,13,29.945389
49,14,29.976997
49,15,29.990906
49,16,29.996632
49,17,29.998837
49,18,29.999622
49,19,29.999887
49,2,10.940771
49,20,29.99997
49,21,29.999992
49,22,30.0
49,23,30.0
49,24,30.0
49,25,30.0
49,26,30.0
49,27,30.0
49,28,30.0
49,29,30.0
49,3,15.699366
49,4,19.72587
49,5,22.947073
49,6,25.382618
49,7,27.122292
49,8,28.29556
49,9,29.042187
5,0,0.0
5,1,4.2817764
5,10,22.546259
5,11,22.743866
5,12,22.850155
5,13,22.903355
5,14,22.928787
5,15,22.940395
5,16,22.946217
5,17,22.951057
5,18,22.958447
5,19,22.97403
5,2,8.335987
5,20,23.00516
5,21,23.068039
5,22,23.184439
5,23,23.395504
5,24,23.752136
5,25,24.331978
5,26,25.212662
5,27,26.468416
5,28,28.102604
5,29,30.0
5,3,11.963439
5,4,15.041682
5,5,17.504276
5,6,19.375263
5,7,20.711683
5,8,21.619171
5,9,22.196665
50,0,0.0
50,1,5.6223407
50,10,29.490162
50,11,29.743364
50,12,29.878048
50,13,29.945389
50,14,29.976997
50,15,29.990904
50,16,29.996634
50,17,29.998833
50,18,29.999626
50,19,29.999886
50,2,10.940772
50,20,29.99997
50,21,29.999992
50,22,30.0
50,23,30.0
50,24,30.0
50,25,30.0
50,26,30.0
50,27,30.0
50,28,30.0
50,29,30.0
50,3,15.699368
50,4,19.72587
50,5,22.947075
50,6,25.382618
50,7,27.122292
50,8,28.29556
50,9,29.042187
51,0,0.0
51,1,5.6223407
51,10,29.490162
51,11,29.743364
51,12,29.878046
51,13,29.945389
51,14,29.976997
51,15,29.990906
51,16,29.996632
51,17,29.998837
51,18,29.999622
51,19,29.99989
51,2,10.940771
51,20,29.99997
51,21,29.999992
51,22,30.0
51,23,30.0
51,24,30.0
51,25,30.0
51,26,30.0
51,27,30.0
51,28,30.0
51,29,30.0
51,3,15.699368
51,4,19.725872
51,5,22.947075
51,6,25.382618
51,7,27.122292
51,8,28.29556
51,9,29.042187
52,0,0.0
52,1,5.6223407
52,10,29.490162
52,11,29.743364
52,12,29.878046
52,13,29.945389
52,14,29.976997
52,15,29.990904
52,16,29.996635
52,17,29.998835
52,18,29.999626
52,19,29.99989
52,2,10.940772
52,20,29.99997
52,21,29.999992
52,22,30.0
52,23,30.0
52,24,30.0
52,25,30.0
52,26,30.0
52,27,30.0
52,28,30.0
52,29,30.0
52,3,15.699368
52,4,19.725872
52,5,22.947073
52,6,25.382618
52,7,27.122292
52,8,28.295563
52,9,29.042187
53,0,0.0
53,1,5.622341
53,10,29.490162
53,11,29.743364
53,12,29.878048
53,13,29.945389
53,14,29.976997
53,15,29.990906
53,16,29.996634
53,17,29.998837
53,18,29.999626
53,19,29.99989
53,2,10.94077
53,20,29.99997
53,21,29.999992
53,22,30.0
53,23,30.0
53,24,30.0
53,25,30.0
53,26,30.0
53,27,30.0
53,28,30.0
53,29,30.0
53,3,15.699368
53,4,19.725868
53,5,22.947075
53,6,25.382616
53,7,27.122292
53,8,28.29556
53,9,29.042187
54,0,0.0
54,1,5.6223407
54,10,29.490162
54,11,29.743364
54,12,29.878048
54,13,29.945389
54,14,29.976997
54,15,29.990906
54,16,29.996632
54,17,29.998837
54,18,29.999626
54,19,29.99989
54,2,10.940772
54,20,29.99997
54,21,29.999992
54,22,30.0
54,23,30.0
54,24,30.0
54,25,30.0
54,26,30.0
54,27,30.0
54,28,30.0
54,29,30.0
54,3,15.699365
54,4,19.725872
54,5,22.947071
54,6,25.382618
54,7,27.12229
54,8,28.29556
54,9,29.042187
55,0,0.0
55,1,5.622341
55,10,29.490162
55,11,29.743366
55,12,29.878046
55,13,29.94539
55,14,29.976997
55,15,29.990906
55,16,29.996632
55,17,29.998835
55,18,29.999626
55,19,29.999886
55,2,10.940771
55,20,29.99997
55,21,29.999992
55,22,30.0
55,23,30.0
55,24,30.0
55,25,30.0
55,26,30.0
55,27,30.0
55,28,30.0
55,29,30.0
55,3,15.699368
55,4,19.72587
55,5,22.947075
55,6,25.382616
55,7,27.122292
55,8,28.29556
55,9,29.042187
56,0,0.0
56,1,5.6223407
56,10,29.490162
56,11,29.743362
56,12,29.878048
56,13,29.945389
56,14,29.977
56,15,29.990904
56,16,29.996632
56,17,29.998837
56,18,29.999622
56,19,29.99989
56,2,10.940772
56,20,29.999968
56,21,29.999992
56,22,30.0
56,23,30.0
56,24,30.0
56,25,30.0
56,26,30.0
56,27,30.0
56,28,30.0
56,29,30.0
56,3,15.699368
56,4,19.725872
56,5,22.947073
56,6,25.382618
56,7,27.122292
56,8,28.29556
56,9,29.042187
57,0,0.0
57,1,5.622341
57,10,29.49016
57,11,29.743366
57,12,29.878044
57,13,29.94539
57,14,29.976997
57,15,29.990906
57,16,29.996632
57,17,29.998835
57,18,29.999626
57,19,29.999887
57,2,10.94077
57,20,29.99997
57,21,29.999992
57,22,30.0
57,23,30.0
57,24,30.0
57,25,30.0
57,26,30.0
57,27,30.0
57,28,30.0
57,29,30.0
57,3,15.699368
57,4,19.725868
57,5,22.947075
57,6,25.382614
57,7,27.122293
57,8,28.29556
57,9,29.042187
58,0,0.0
58,1,5.62234
58,10,29.490162
58,11,29.743362
58,12,29.878048
58,13,29.945389
58,14,29.976997
58,15,29.990904
58,16,29.996632
58,17,29.998835
58,18,29.999624
58,19,29.99989
58,2,10.940772
58,20,29.999968
58,21,29.999992
58,22,30.0
58,23,30.0
58,24,30.0
58,25,30.0
58,26,30.0
58,27,30.0
58,28,30.0
58,29,30.0
58,3,15.699365
58,4,19.725872
58,5,22.947071
58,6,25.382618
58,7,27.122292
58,8,28.295563
58,9,29.042185
59,0,0.0
59,1,5.622341
59,10,29.490162
59,11,29.743366
59,12,29.878046
59,13,29.94539
59,14,29.976997
59,15,29.990906
59,16,29.996632
59,17,29.998835
59,18,29.999624
59,19,29.999887
59,2,10.940769
59,20,29.99997
59,21,29.999992
59,22,30.0
59,23,30.0
59,24,30.0
59,25,30.0
59,26,30.0
59,27,30.0
59,28,30.0
59,29,30.0
59,3,15.6993685
59,4,19.725868
59,5,22.947075
59,6,25.382616
59,7,27.122293
59,8,28.29556
59,9,29.042187
6,0,0.0
6,1,4.741315
6,10,24.94123
6,11,25.15981
6,12,25.27609
6,13,25.334814
6,14,25.3625
6,15,25.3751
6,16,25.381126
6,17,25.385342
6,18,25.391548
6,19,25.403316
6,2,9.226342
6,20,25.428066
6,21,25.475235
6,22,25.564499
6,23,25.719337
6,24,25.97976
6,25,26.385742
6,26,26.98658
6,27,27.806408
6,28,28.836914
6,29,30.0
6,3,13.245446
6,4,16.646225
6,5,19.375265
6,6,21.438683
6,7,22.919426
6,8,23.918068
6,9,24.55754
60,0,0.0
60,1,5.62234
60,10,29.490162
60,11,29.743364
60,12,29.878048
60,13,29.945389
60,14,29.976997
60,15,29.990904
60,16,29.996632
60,17,29.998835
60,18,29.999626
60,19,29.99989
60,2,10.940773
60,20,29.99997
60,21,29.999992
60,22,30.0
60,23,30.0
60,24,30.0
60,25,30.0
60,26,30.0
60,27,30.0
60,28,30.0
60,29,30.0
60,3,15.699365
60,4,19.725872
60,5,22.947073
60,6,25.382618
60,7,27.122292
60,8,28.29556
60,9,29.042187
61,0,0.0
61,1,5.622341
61,10,29.490162
61,11,29.743364
61,12,29.878046
61,13,29.945389
61,14,29.976997
61,15,29.990904
61,16,29.996634
61,17,29.998837
61,18,29.999626
61,19,29.99989
61,2,10.94077
61,20,29.99997
61,21,29.999992
61,22,30.0
61,23,30.0
61,24,30.0
61,25,30.0
61,26,30.0
61,27,30.0
61,28,30.0
61,29,30.0
61,3,15.6993685
61,4,19.72587
61,5,22.947075
61,6,25.382618
61,7,27.122292
61,8,28.29556
61,9,29.042187
62,0,0.0
62,1,5.62234
62,10,29.490162
62,11,29.743364
62,12,29.878048
62,13,29.945389
62,14,29.976997
62,15,29.990906
62,16,29.996634
62,17,29.998837
62,18,29.999626
62,19,29.99989
62,2,10.940771
62,20,29.99997
62,21,29.999992
62,22,30.0
62,23,30.0
62,24,30.0
62,25,30.0
62,26,30.0
62,27,30.0
62,28,30.0
62,29,30.0
62,3,15.699366
62,4,19.725872
62,5,22.947075
62,6,25.382618
62,7,27.122292
62,8,28.29556
62,9,29.042187
63,0,0.0
63,1,5.6223407
63,10,29.490162
63,11,29.743366
63,12,29.878048
63,13,29.945389
63,14,29.976997
63,15,29.990906
63,16,29.996634
63,17,29.998837
63,18,29.999626
63,19,29.99989
63,2,10.94077
63,20,29.99997
63,21,29.999992
63,22,30.0
63,23,30.0
63,24,30.0
63,25,30.0
63,26,30.0
63,27,30.0
63,28,30.0
63,29,30.0
63,3,15.699368
63,4,19.725872
63,5,22.947075
63,6,25.382618
63,7,27.122292
63,8,28.295559
63,9,29.042187
64,0,0.0
64,1,5.6223407
64,10,29.490162
64,11,29.743366
64,12,29.878048
64,13,29.945389
64,14,29.977
64,15,29.990908
64,16,29.996634
64,17,29.998838
64,18,29.999626
64,19,29.99989
64,2,10.94077
64,20,29.99997
64,21,29.999992
64,22,30.0
64,23,30.0
64,24,30.0
64,25,30.0
64,26,30.0
64,27,30.0
64,28,30.0
64,29,30.0
64,3,15.699368
64,4,19.72587
64,5,22.947075
64,6,25.382614
64,7,27.122292
64,8,28.29556
64,9,29.042187
65,0,0.0
65,1,5.6223397
65,10,29.490162
65,11,29.743364
65,12,29.878048
65,13,29.945389
65,14,29.976997
65,15,29.990906
65,16,29.996634
65,17,29.998837
65,18,29.999626
65,19,29.99989
65,2,10.94077
65,20,29.99997
65,21,29.999992
65,22,30.0
65,23,30.0
65,24,30.0
65,25,30.0
65,26,30.0
65,27,30.0
65,28,30.0
65,29,30.0
65,3,15.699366
65,4,19.72587
65,5,22.947071
65,6,25.382616
65,7,27.122292
65,8,28.295559
65,9,29.042187
66,0,0.0
66,1,5.6223407
66,10,29.490162
66,11,29.743366
66,12,29.878048
66,13,29.945389
66,14,29.977
66,15,29.990908
66,16,29.996634
66,17,29.998838
66,18,29.999626
66,19,29.99989
66,2,10.940769
66,20,29.99997
66,21,29.999992
66,22,30.0
66,23,30.0
66,24,30.0
66,25,30.0
66,26,30.0
66,27,30.0
66,28,30.0
66,29,30.0
66,3,15.699366
66,4,19.725868
66,5,22.947071
66,6,25.382614
66,7,27.122292
66,8,28.29556
66,9,29.042187
67,0,0.0
67,1,5.6223392
67,10,29.490162
67,11,29.743364
67,12,29.878048
67,13,29.945389
67,14,29.976997
67,15,29.990906
67,16,29.996634
67,17,29.998837
67,18,29.999626
67,19,29.99989
67,2,10.94077
67,20,29.99997
67,21,29.999992
67,22,30.0
67,23,30.0
67,24,30.0
67,25,30.0
67,26,30.0
67,27,30.0
67,28,30.0
67,29,30.0
67,3,15.699365
67,4,19.725868
67,5,22.947071
67,6,25.382616
67,7,27.122292
67,8,28.295559
67,9,29.042187
68,0,0.0
68,1,5.6223407
68,10,29.490162
68,11,29.743366
68,12,29.878048
68,13,29.945389
68,14,29.977
68,15,29.990908
68,16,29.996634
68,17,29.998837
68,18,29.999626
68,19,29.99989
68,2,10.940769
68,20,29.99997
68,21,29.999992
68,22,30.0
68,23,30.0
68,24,30.0
68,25,30.0
68,26,30.0
68,27,30.0
68,28,30.0
68,29,30.0
68,3,15.699366
68,4,19.725868
68,5,22.947073
68,6,25.382614
68,7,27.122292
68,8,28.295559
68,9,29.042187
69,0,0.0
69,1,5.6223392
69,10,29.490162
69,11,29.743364
69,12,29.878048
69,13,29.945389
69,14,29.976997
69,15,29.990906
69,16,29.996632
69,17,29.998837
69,18,29.999622
69,19,29.99989
69,2,10.94077
69,20,29.99997
69,21,29.999992
69,22,30.0
69,23,30.0
69,24,30.0
69,25,30.0
69,26,30.0
69,27,30.0
69,28,30.0
69,29,30.0
69,3,15.699365
69,4,19.725868
69,5,22.947071
69,6,25.382618
69,7,27.122292
69,8,28.295559
69,9,29.042187
7,0,0.0
7,1,5.069556
7,10,26.653793
7,11,26.885483
7,12,27.009525
7,13,27.071577
7,14,27.10099
7,15,27.114162
7,16,27.120155
7,17,27.12391
7,18,27.12835
7,19,27.137074
7,2,9.867906
7,20,27.153961
7,21,27.187664
7,22,27.248188
7,23,27.354923
7,24,27.52724
7,25,27.794231
7,26,28.175222
7,27,28.684929
7,28,29.307343
7,29,30.0
7,3,14.161165
7,4,17.800343
7,5,20.711683
7,6,22.919424
7,7,24.496384
7,8,25.5643
7,9,26.243885
70,0,0.0
70,1,5.6223397
70,10,29.490162
70,11,29.743364
70,12,29.878046
70,13,29.945389
70,14,29.976997
70,15,29.990904
70,16,29.996634
70,17,29.998835
70,18,29.999626
70,19,29.999886
70,2,10.940769
70,20,29.99997
70,21,29.999992
70,22,30.0
70,23,30.0
70,24,30.0
70,25,30.0
70,26,30.0
70,27,30.0
70,28,30.0
70,29,30.0
70,3,15.699366
70,4,19.725868
70,5,22.947073
70,6,25.382614
70,7,27.122292
70,8,28.29556
70,9,29.042183
71,0,0.0
71,1,5.62234
71,10,29.490162
71,11,29.743364
71,12,29.878048
71,13,29.945389
71,14,29.976997
71,15,29.990904
71,16,29.996632
71,17,29.998837
71,18,29.999622
71,19,29.99989
71,2,10.940769
71,20,29.99997
71,21,29.999992
71,22,30.0
71,23,30.0
71,24,30.0
71,25,30.0
71,26,30.0
71,27,30.0
71,28,30.0
71,29,30.0
71,3,15.699365
71,4,19.725868
71,5,22.947071
71,6,25.382618
71,7,27.122292
71,8,28.295559
71,9,29.042187
72,0,0.0
72,1,5.62234
72,10,29.490162
72,11,29.743366
72,12,29.878046
72,13,29.945389
72,14,29.976997
72,15,29.990906
72,16,29.996632
72,17,29.998833
72,18,29.999626
72,19,29.999886
72,2,10.940769
72,20,29.99997
72,21,29.999992
72,22,30.0
72,23,30.0
72,24,30.0
72,25,30.0
72,26,30.0
72,27,30.0
72,28,30.0
72,29,30.0
72,3,15.699365
72,4,19.725868
72,5,22.947073
72,6,25.382614
72,7,27.122292
72,8,28.29556
72,9,29.042187
73,0,0.0
73,1,5.62234
73,10,29.490162
73,11,29.743364
73,12,29.878048
73,13,29.945389
73,14,29.976997
73,15,29.990906
73,16,29.99663
73,17,29.998837
73,18,29.999622
73,19,29.99989
73,2,10.940769
73,20,29.99997
73,21,29.999992
73,22,30.0
73,23,30.0
73,24,30.0
73,25,30.0
73,26,30.0
73,27,30.0
73,28,30.0
73,29,30.0
73,3,15.699365
73,4,19.725868
73,5,22.947071
73,6,25.382618
73,7,27.122292
73,8,28.29556
73,9,29.042187
74,0,0.0
74,1,5.62234
74,10,29.490162
74,11,29.743364
74,12,29.878046
74,13,29.945389
74,14,29.976997
74,15,29.990904
74,16,29.996632
74,17,29.998833
74,18,29.999626
74,19,29.99989
74,2,10.940769
74,20,29.99997
74,21,29.999992
74,22,30.0
74,23,30.0
74,24,30.0
74,25,30.0
74,26,30.0
74,27,30.0
74,28,30.0
74,29,30.0
74,3,15.699365
74,4,19.725868
74,5,22.947073
74,6,25.382616
74,7,27.122292
74,8,28.295559
74,9,29.042187
75,0,0.0
75,1,5.62234
75,10,29.490162
75,11,29.743364
75,12,29.878046
75,13,29.945389
75,14,29.976997
75,15,29.990906
75,16,29.99663
75,17,29.998837
75,18,29.999622
75,19,29.99989
75,2,10.940769
75,20,29.99997
75,21,29.999992
75,22,30.0
75,23,30.0
75,24,30.0
75,25,30.0
75,26,30.0
75,27,30.0
75,28,30.0
75,29,30.0
75,3,15.699365
75,4,19.725868
75,5,22.947071
75,6,25.382618
75,7,27.122292
75,8,28.29556
75,9,29.042187
76,0,0.0
76,1,5.62234
76,10,29.490162
76,11,29.743366
76,12,29.878048
76,13,29.945389
76,14,29.976997
76,15,29.990904
76,16,29.996632
76,17,29.998833
76,18,29.999628
76,19,29.99989
76,2,10.94077
76,20,29.99997
76,21,29.999992
76,22,30.0
76,23,30.0
76,24,30.0
76,25,30.0
76,26,30.0
76,27,30.0
76,28,30.0
76,29,30.0
76,3,15.699365
76,4,19.725868
76,5,22.947075
76,6,25.382616
76,7,27.122293
76,8,28.29556
76,9,29.042187
77,0,0.0
77,1,5.622341
77,10,29.490166
77,11,29.743366
77,12,29.87805
77,13,29.945393
77,14,29.977001
77,15,29.99091
77,16,29.996635
77,17,29.99884
77,18,29.999626
77,19,29.999893
77,2,10.940771
77,20,29.999973
77,21,29.999996
77,22,30.000002
77,23,30.000002
77,24,30.000002
77,25,30.000002
77,26,30.000002
77,27,30.0
77,28,30.0
77,29,30.0
77,3,15.699368
77,4,19.725872
77,5,22.947075
77,6,25.382622
77,7,27.122295
77,8,28.295563
77,9,29.042189
78,0,0.0
78,1,5.6223445
78,10,29.490177
78,11,29.743382
78,12,29.878063
78,13,29.945404
78,14,29.977016
78,15,29.990923
78,16,29.99665
78,17,29.998854
78,18,29.999643
78,19,29.999905
78,2,10.940779
78,20,29.999989
78,21,30.00001
78,22,30.000015
78,23,30.000013
78,24,30.000013
78,25,30.000013
78,26,30.000011
78,27,30.000008
78,28,30.000004
78,29,30.0
78,3,15.699377
78,4,19.725883
78,5,22.94709
78,6,25.382633
78,7,27.12231
78,8,28.295578
78,9,29.042204
79,0,0.0
79,1,5.6223574
79,10,29.490234
79,11,29.743435
79,12,29.878117
79,13,29.945461
79,14,29.977068
79,15,29.99098
79,16,29.996704
79,17,29.998909
79,18,29.999695
79,19,29.99996
79,2,10.940804
79,20,30.000042
79,21,30.000061
79,22,30.000065
79,23,30.000065
79,24,30.000061
79,25,30.000055
79,26,30.000044
79,27,30.00003
79,28,30.000017
79,29,30.0
79,3,15.699412
79,4,19.725925
79,5,22.947136
79,6,25.382685
79,7,27.12236
79,8,28.295631
79,9,29.042257
8,0,0.0
8,1,5.293358
8,10,27.808777
8,11,28.05018
8,12,28.178593
8,13,28.243122
8,14,28.273464
8,15,28.287014
8,16,28.292976
8,17,28.296122
8,18,28.299414
8,19,28.304897
8,2,10.300588
8,20,28.316214
8,21,28.337265
8,22,28.376627
8,23,28.442822
8,24,28.551123
8,25,28.712957
8,26,28.94283
8,27,29.24186
8,28,29.60309
8,29,30.0
8,3,14.784565
8,4,18.5787
8,5,21.619171
8,6,23.918066
8,7,25.5643
8,8,26.67455
8,9,27.383442
80,0,0.0
80,1,5.6224027
80,10,29.490421
80,11,29.743626
80,12,29.87831
80,13,29.945648
80,14,29.977259
80,15,29.991165
80,16,29.996895
80,17,29.999096
80,18,29.999887
80,19,30.000149
80,2,10.940889
80,20,30.000229
80,21,30.00025
80,22,30.000248
80,23,30.000238
80,24,30.000225
80,25,30.000198
80,26,30.000164
80,27,30.000114
80,28,30.000061
80,29,30.0
80,3,15.6995325
80,4,19.726072
80,5,22.9473
80,6,25.382858
80,7,27.122545
80,8,28.295818
80,9,29.042446
81,0,0.0
81,1,5.622545
81,10,29.491035
81,11,29.74424
81,12,29.878922
81,13,29.946264
81,14,29.977873
81,15,29.991781
81,16,29.997507
81,17,29.99971
81,18,30.0005
81,19,30.00076
81,2,10.941164
81,20,30.000837
81,21,30.000849
81,22,30.000837
81,23,30.000805
81,24,30.000746
81,25,30.000664
81,26,30.000542
81,27,30.000385
81,28,30.000202
81,29,30.0
81,3,15.699915
81,4,19.726542
81,5,22.947828
81,6,25.383429
81,7,27.123135
81,8,28.296423
81,9,29.043056
82,0,0.0
82,1,5.6229696
82,10,29.492872
82,11,29.74608
82,12,29.880766
82,13,29.948105
82,14,29.979717
82,15,29.993622
82,16,29.999352
82,17,30.001553
82,18,30.002342
82,19,30.002594
82,2,10.941975
82,20,30.00266
82,21,30.002651
82,22,30.002598
82,23,30.002485
82,24,30.002312
82,25,30.002033
82,26,30.001663
82,27,30.001179
82,28,30.000614
82,29,30.0
82,3,15.701059
82,4,19.727936
82,5,22.94941
82,6,25.38512
82,7,27.124905
82,8,28.298227
82,9,29.044884
83,0,0.0
83,1,5.6241417
83,10,29.497992
83,11,29.751213
83,12,29.885902
83,13,29.953245
83,14,29.984856
83,15,29.998764
83,16,30.004488
83,17,30.00669
83,18,30.00747
83,19,30.007713
83,2,10.944234
83,20,30.007742
83,21,30.007673
83,22,30.007484
83,23,30.00717
83,24,30.006628
83,25,30.005856
83,26,30.004755
83,27,30.003386
83,28,30.001755
83,29,30.0
83,3,15.704218
83,4,19.731817
83,5,22.953785
83,6,25.389847
83,7,27.129822
83,8,28.303265
83,9,29.049974
84,0,0.0
84,1,5.6271925
84,10,29.511301
84,11,29.764557
84,12,29.899258
84,13,29.966606
84,14,29.998219
84,15,30.012125
84,16,30.017849
84,17,30.02004
84,18,30.020807
84,19,30.021002
84,2,10.950065
84,20,30.020952
84,21,30.020683
84,22,30.020191
84,23,30.019264
84,24,30.017855
84,25,30.015686
84,26,30.012794
84,27,30.00905
84,28,30.00472
84,29,30.0
84,3,15.712444
84,4,19.741852
84,5,22.965174
84,6,25.40208
84,7,27.142609
84,8,28.316338
84,9,29.063213
85,0,0.0
85,1,5.634573
85,10,29.543623
85,11,29.796955
85,12,29.931692
85,13,29.99905
85,14,30.030666
85,15,30.044573
85,16,30.05029
85,17,30.052467
85,18,30.053177
85,19,30.05328
85,2,10.964281
85,20,30.052979
85,21,30.0523
85,22,30.050919
85,23,30.048672
85,24,30.044937
85,25,30.039608
85,26,30.032143
85,27,30.022854
85,28,30.011848
85,29,30.0
85,3,15.732342
85,4,19.766285
85,5,22.99274
85,6,25.43183
85,7,27.173607
85,8,28.348103
85,9,29.095339
86,0,0.0
86,1,5.6514845
86,10,29.617062
86,11,29.870592
86,12,30.0054
86,13,30.072792
86,14,30.104414
86,15,30.118317
86,16,30.124022
86,17,30.126143
86,18,30.126759
86,19,30.126575
86,2,10.996604
86,20,30.125795
86,21,30.123993
86,22,30.120846
86,23,30.11523
86,24,30.106647
86,25,30.093676
86,26,30.076317
86,27,30.054024
86,28,30.028145
86,29,30.0
86,3,15.777844
86,4,19.821781
86,5,23.055618
86,6,25.499367
86,7,27.244167
86,8,28.420242
86,9,29.168388
87,0,0.0
87,1,5.6877394
87,10,29.773584
87,11,30.027466
87,12,30.162447
87,13,30.229889
87,14,30.261528
87,15,30.275425
87,16,30.281082
87,17,30.283123
87,18,30.283453
87,19,30.282784
87,2,11.066254
87,20,30.28075
87,21,30.276897
87,22,30.269497
87,23,30.257416
87,24,30.237751
87,25,30.209488
87,26,30.170198
87,27,30.120987
87,28,30.062815
87,29,30.0
87,3,15.875175
87,4,19.940899
87,5,23.189775
87,6,25.643805
87,7,27.39451
87,8,28.574158
87,9,29.323994
88,0,0.0
88,1,5.7615857
88,10,30.086655
88,11,30.341309
88,12,30.476538
88,13,30.544096
88,14,30.575758
88,15,30.58963
88,16,30.595226
88,17,30.597015
88,18,30.596916
88,19,30.595028
88,2,11.2071085
88,20,30.590923
88,21,30.582397
88,22,30.567535
88,23,30.54153
88,24,30.501446
88,25,30.441235
88,26,30.359848
88,27,30.255314
88,28,30.133085
88,29,30.0
88,3,16.072521
88,4,20.18068
88,5,23.460207
88,6,25.933418
88,7,27.696245
88,8,28.882181
88,9,29.63557
89,0,0.0
89,1,5.903345
89,10,30.675716
89,11,30.931402
89,12,31.067142
89,13,31.134823
89,14,31.16652
89,15,31.180357
89,16,31.185764
89,17,31.187223
89,18,31.186089
89,19,31.182392
89,2,11.478042
89,20,31.17383
89,21,31.157871
89,22,31.127903
89,23,31.078457
89,24,30.998352
89,25,30.881603
89,26,30.718765
89,27,30.512135
89,28,30.266615
89,29,30.0
89,3,16.44906
89,4,20.638157
89,5,23.972473
89,6,26.48188
89,7,28.26508
89,8,29.462893
89,9,30.221748
9,0,0.0
9,1,5.435776
9,10,28.544807
9,11,28.791351
9,12,28.922878
9,13,28.988655
9,14,29.019653
9,15,29.033382
9,16,29.039246
9,17,29.04206
9,18,29.04424
9,19,29.04778
9,2,10.579233
9,20,29.054276
9,21,29.067192
9,22,29.089888
9,23,29.129446
9,24,29.191475
9,25,29.2853
9,26,29.414593
9,27,29.58255
9,28,29.781776
9,29,30.0
9,3,15.1812725
9,4,19.078712
9,5,22.196665
9,6,24.55754
9,7,26.243883
9,8,27.383442
9,9,28.108618
90,0,0.0
90,1,6.163189
90,10,31.718504
90,11,31.975964
90,12,32.112164
90,13,32.180058
90,14,32.211742
90,15,32.22547
90,16,32.23065
90,17,32.231346
90,18,32.228855
90,19,32.221478
90,2,11.970734
90,20,32.20658
90,21,32.17653
90,22,32.12359
90,23,32.031296
90,24,31.886555
90,25,31.667633
90,26,31.365952
90,27,30.97405
90,28,30.50919
90,29,30.0
90,3,17.132633
90,4,21.461046
90,5,24.891748
90,6,27.459389
90,7,29.277584
90,8,30.492777
90,9,31.260923
91,0,0.0
91,1,6.6163907
91,10,33.458736
91,11,33.717575
91,12,33.85438
91,13,33.922237
91,14,33.953857
91,15,33.96741
91,16,33.97209
91,17,33.971912
91,18,33.966812
91,19,33.95486
91,2,12.827725
91,20,33.928734
91,21,33.879684
91,22,33.787865
91,23,33.633415
91,24,33.380714
91,25,33.003098
91,26,32.46673
91,27,31.768997
91,28,30.926123
91,29,30.0
91,3,18.308464
91,4,22.868845
91,5,26.448761
91,6,29.108664
91,7,30.975536
91,8,32.21697
91,9,32.99596
92,0,0.0
92,1,7.378414
92,10,36.196526
92,11,36.456436
92,12,36.592773
92,13,36.660355
92,14,36.691612
92,15,36.70478
92,16,36.70894
92,17,36.70716
92,18,36.69931
92,19,36.679806
92,2,14.251478
92,20,36.640656
92,21,36.562088
92,22,36.420883
92,23,36.17184
92,24,35.769768
92,25,35.146793
92,26,34.257812
92,27,33.0685
92,28,31.616201
92,29,30.0
92,3,20.24376
92,4,25.152905
92,5,28.954212
92,6,31.73634
92,7,33.66908
92,8,34.938725
92,9,35.730576
93,0,0.0
93,1,8.618273
93,10,40.263145
93,11,40.520164
93,12,40.654724
93,13,40.72082
93,14,40.751305
93,15,40.763912
93,16,40.767128
93,17,40.76398
93,18,40.751904
93,19,40.725243
93,2,16.538317
93,20,40.667747
93,21,40.55776
93,22,40.349495
93,23,39.988205
93,24,39.38056
93,25,38.433266
93,26,37.03131
93,27,35.118385
93,28,32.713867
93,29,30.0
93,3,23.290176
93,4,28.693748
93,5,32.77607
93,6,35.707546
93,7,37.704422
93,8,39.000587
93,9,39.79722
94,0,0.0
94,1,10.60643
94,10,45.96584
94,11,46.214634
94,12,46.34333
94,13,46.40649
94,14,46.435295
94,15,46.4469
94,16,46.44936
94,17,46.44423
94,18,46.42922
94,19,46.39361
94,2,20.107933
94,20,46.3212
94,21,46.17455
94,22,45.90297
94,23,45.41049
94,24,44.578342
94,25,43.225384
94,26,41.170456
94,27,38.240364
94,28,34.427258
94,29,30.0
94,3,27.921234
94,4,33.93509
94,5,38.330486
94,6,41.39025
94,7,43.430218
94,8,44.725674
94,9,45.5127
95,0,0.0
95,1,13.807027
95,10,53.523544
95,11,53.75218
95,12,53.870186
95,13,53.92739
95,14,53.95342
95,15,53.963673
95,16,53.96503
95,17,53.959095
95,18,53.940994
95,19,53.90129
95,2,25.609154
95,20,53.81535
95,21,53.646595
95,22,53.319077
95,23,52.72554
95,24,51.677357
95,25,49.927197
95,26,47.123707
95,27,42.915512
95,28,37.089878
95,29,30.0
95,3,34.74147
95,4,41.38697
95,5,46.00934
95,6,49.11129
95,7,51.113304
95,8,52.359562
95,9,53.10067
96,0,0.0
96,1,19.165512
96,10,62.987938
96,11,63.182854
96,12,63.282047
96,13,63.330162
96,14,63.35177
96,15,63.360065
96,16,63.360832
96,17,63.354275
96,18,63.33684
96,19,63.295914
96,2,34.08821
96,20,63.21106
96,21,63.03595
96,22,62.699463
96,23,62.06265
96,24,60.914856
96,25,58.891895
96,26,55.46423
96,27,49.87531
96,28,41.368565
96,29,30.0
96,3,44.55099
96,4,51.553165
96,5,56.127518
96,6,59.049232
96,7,60.87469
96,8,61.978783
96,9,62.62567
97,0,0.0
97,1,28.92276
97,10,74.1934
97,11,74.33638
97,12,74.409134
97,13,74.44398
97,14,74.45964
97,15,74.46556
97,16,74.46568
97,17,74.46048
97,18,74.44563
97,19,74.41283
97,2,47.35647
97,20,74.34106
97,21,74.19629
97,22,73.90639
97,23,73.353485
97,24,72.309006
97,25,70.38151
97,26,66.83657
97,27,60.37381
97,28,48.81952
97,29,30.0
97,3,58.31858
97,4,64.84629
97,5,68.77742
97,6,71.1599
97,7,72.59132
97,8,73.43816
97,9,73.92363
98,0,0.0
98,1,49.3024
98,10,86.73337
98,11,86.809784
98,12,86.84822
98,13,86.86671
98,14,86.87493
98,15,86.877975
98,16,86.87802
98,17,86.87488
98,18,86.86674
98,19,86.8476
98,2,68.360275
98,20,86.80733
98,21,86.72271
98,22,86.55483
98,23,86.22306
98,24,85.58193
98,25,84.326645
98,26,81.80713
98,27,76.42578
98,28,63.7792
98,29,30.0
98,3,76.93488
98,4,81.28813
98,5,83.68454
98,6,85.059975
98,7,85.86218
98,8,86.325806
98,9,86.58911
99,0,0.0
99,1,100.0
99,10,100.0
99,11,100.0
99,12,100.0
99,13,100.0
99,14,100.0
99,15,100.0
99,16,100.0
99,17,100.0
99,18,100.0
99,19,100.0
99,2,100.0
99,20,100.0
99,21,100.0
99,22,100.0
99,23,100.0
99,24,100.0
99,25,100.0
99,26,100.0
99,27,100.0
99,28,100.0
99,29,30.0
99,3,100.0
99,4,100.0
99,5,100.0
99,6,100.0
99,7,100.0
99,8,100.0
99,9,100.0
