0,0,0.0
0,1,0.0
0,10,0.0
0,11,0.0
0,12,0.0
0,13,0.0
0,14,0.0
0,15,30.0
0,2,0.0
0,3,0.0
0,4,0.0
0,5,0.0
0,6,0.0
0,7,0.0
0,8,0.0
0,9,0.0
1,0,0.0
1,1,0.6356759
1,10,5.1765013
1,11,5.9455576
1,12,7.235793
1,13,9.736543
1,14,15.3422785
1,15,30.0
1,2,1.2555746
1,3,1.8457993
1,4,2.3960352
1,5,2.901027
1,6,3.3620052
1,7,3.7885385
1,8,4.201734
1,9,4.6406803
10,0,0.0
10,1,11.119922
10,10,49.448597
10,11,47.824
10,12,45.030495
10,13,41.015232
10,14,35.8739
10,15,30.0
10,2,21.194332
10,3,29.671326
10,4,36.440872
10,5,41.626022
10,6,45.42153
10,7,48.00696
10,8,49.50937
10,9,49.990902
11,0,0.0
11,1,14.543697
11,10,57.06346
11,11,54.924397
11,12,51.284508
11,13,45.88587
11,14,38.63658
11,15,30.0
11,2,27.116201
11,3,37.07283
11,4,44.57457
11,5,50.036743
11,6,53.8617
11,7,56.350014
11,8,57.68471
11,9,57.935513
12,0,0.0
12,1,19.93867
12,10,65.94537
12,11,63.525635
12,12,59.29728
12,13,52.60718
12,14,42.786556
12,15,30.0
12,2,35.653965
12,3,46.929237
12,4,54.74785
12,5,60.084713
12,6,63.638542
12,7,65.846695
12,8,66.943985
12,9,67.00299
13,0,0.0
13,1,29.557026
13,10,76.18943
13,11,73.93551
13,12,69.771805
13,13,62.459034
13,14,49.90247
13,15,30.0
13,2,48.631752
13,3,60.242317
13,4,67.402885
13,5,71.91573
13,6,74.76108
13,7,76.45427
13,8,77.24158
13,9,77.1871
14,0,0.0
14,1,49.65768
14,10,87.68976
14,11,86.255165
14,12,83.39542
14,13,77.55469
14,14,64.36429
14,15,30.0
14,2,69.073715
14,3,78.00542
14,4,82.70564
14,5,85.41429
14,6,87.035774
14,7,87.96774
14,8,88.380936
14,9,88.314445
15,0,0.0
15,1,100.0
15,10,100.0
15,11,100.0
15,12,100.0
15,13,100.0
15,14,100.0
15,15,30.0
15,2,100.0
15,3,100.0
15,4,100.0
15,5,100.0
15,6,100.0
15,7,100.0
15,8,100.0
15,9,100.0
2,0,0.0
2,1,1.2871307
2,10,10.119772
2,11,11.369945
2,12,13.261075
2,13,16.368105
2,14,21.632572
2,15,30.0
2,2,2.5408266
2,3,3.7315917
2,4,4.837321
2,5,5.846074
2,6,6.758463
2,7,7.590422
2,8,8.377726
2,9,9.184494
3,0,0.0
3,1,1.9720237
3,10,14.748162
3,11,16.153381
3,12,18.07047
3,13,20.842232
3,14,24.81991
3,15,30.0
3,2,3.8890147
3,3,5.7024293
3,4,7.3755927
3,5,8.887499
3,6,10.235363
3,7,11.436977
3,8,12.534267
3,9,13.599813
4,0,0.0
4,1,2.7119534
4,10,19.1197
4,11,20.424967
4,12,22.025204
4,13,24.110456
4,14,26.804836
4,15,30.0
4,2,5.340789
4,3,7.81353
4,4,10.075139
4,5,12.092981
4,6,13.858537
4,7,15.3878765
4,8,16.722578
4,9,17.932346
5,0,0.0
5,1,3.5350072
5,10,23.373348
5,11,24.401602
5,12,25.494942
5,13,26.769567
5,14,28.288984
5,15,30.0
5,2,6.9486675
5,3,10.135778
5,4,13.018473
5,5,15.550775
5,6,17.717949
5,7,19.533442
5,8,21.035847
5,9,22.287323
6,0,0.0
6,1,4.479414
6,10,27.684792
6,11,28.313171
6,12,28.783413
6,13,29.183893
6,14,29.581545
6,15,30.0
6,2,8.783111
6,3,12.76246
6,4,16.312223
6,5,19.37372
6,6,21.929077
6,7,23.992126
6,8,25.60007
6,9,26.807789
7,0,0.0
7,1,5.5995464
7,10,32.244896
7,11,32.382904
7,12,32.14167
7,13,31.601067
7,14,30.853306
7,15,30.0
7,2,10.941912
7,3,15.818751
7,4,20.094263
7,5,23.702839
7,6,26.632547
7,7,28.90595
7,8,30.564552
7,9,31.659004
8,0,0.0
8,1,6.9768653
8,10,37.252907
8,11,36.83191
8,12,35.7993
8,13,34.225414
8,14,32.23063
8,15,30.0
8,2,13.566259
8,3,19.476387
8,4,24.54327
8,5,28.71085
8,6,31.99236
8,7,34.434616
8,8,36.093216
8,9,37.018814
9,0,0.0
9,1,8.741667
9,10,42.916046
9,11,41.892544
9,12,39.99825
9,13,37.270668
9,14,33.843796
9,15,30.0
9,2,16.869884
9,3,23.977295
9,4,29.891596
9,5,34.604973
9,6,38.191452
9,7,40.746983
9,8,42.354927
9,9,43.07016
