0,0,0.0
0,1,0.0
0,10,0.0
0,11,0.0
0,12,0.0
0,13,0.0
0,14,0.0
0,15,30.0
0,2,0.0
0,3,0.0
0,4,0.0
0,5,0.0
0,6,0.0
0,7,0.0
0,8,0.0
0,9,0.0
1,0,0.0
1,1,0.6347133
1,10,5.1724806
1,11,5.9421062
1,12,7.2330627
1,13,9.7346525
1,14,15.341312
1,15,30.0
1,2,1.2536911
1,3,1.843077
1,4,2.3925924
1,5,2.8970134
1,6,3.3575964
1,7,3.783926
1,8,4.1971207
1,9,4.636266
10,0,0.0
10,1,11.115875
10,10,49.431694
10,11,47.809494
10,12,45.019012
10,13,41.007286
10,14,35.86984
10,15,30.0
10,2,21.18641
10,3,29.659883
10,4,36.4264
10,5,41.609154
10,6,45.402992
10,7,47.987576
10,8,49.489967
10,9,49.97235
11,0,0.0
11,1,14.54022
11,10,57.04895
11,11,54.911938
11,12,51.274647
11,13,45.879047
11,14,38.633095
11,15,30.0
11,2,27.109402
11,3,37.063
11,4,44.562134
11,5,50.022255
11,6,53.84578
11,7,56.33335
11,8,57.668053
11,9,57.91957
12,0,0.0
12,1,19.935919
12,10,65.93388
12,11,63.515778
12,12,59.289474
12,13,52.601784
12,14,42.783794
12,15,30.0
12,2,35.648582
12,3,46.921455
12,4,54.738007
12,5,60.073242
12,6,63.625935
12,7,65.83351
12,8,66.9308
12,9,66.99037
13,0,0.0
13,1,29.555122
13,10,76.18148
13,11,73.92868
13,12,69.7664
13,13,62.45529
13,14,49.900555
13,15,30.0
13,2,48.62802
13,3,60.23694
13,4,67.39607
13,5,71.90779
13,6,74.75235
13,7,76.445145
13,8,77.23244
13,9,77.178375
14,0,0.0
14,1,49.656708
14,10,87.685684
14,11,86.25168
14,12,83.392654
14,13,77.55277
14,14,64.36331
14,15,30.0
14,2,69.07181
14,3,78.00266
14,4,82.70216
14,5,85.410225
14,6,87.03131
14,7,87.96307
14,8,88.37627
14,9,88.30998
15,0,0.0
15,1,100.0
15,10,100.0
15,11,100.0
15,12,100.0
15,13,100.0
15,14,100.0
15,15,30.0
15,2,100.0
15,3,100.0
15,4,100.0
15,5,100.0
15,6,100.0
15,7,100.0
15,8,100.0
15,9,100.0
2,0,0.0
2,1,1.2852466
2,10,10.111903
2,11,11.36319
2,12,13.255732
2,13,16.364407
2,14,21.63068
2,15,30.0
2,2,2.5371401
2,3,3.7262635
2,4,4.8305826
2,5,5.838219
2,6,6.749833
2,7,7.581396
2,8,8.368696
2,9,9.175856
3,0,0.0
3,1,1.9692991
3,10,14.736784
3,11,16.143614
3,12,18.062744
3,13,20.836884
3,14,24.817173
3,15,30.0
3,2,3.8836837
3,3,5.694724
3,4,7.3658485
3,5,8.87614
3,6,10.222885
3,7,11.4239235
3,8,12.521211
3,9,13.587319
4,0,0.0
4,1,2.7085056
4,10,19.105297
4,11,20.412607
4,12,22.015427
4,13,24.10369
4,14,26.801376
4,15,30.0
4,2,5.3340435
4,3,7.803779
4,4,10.062809
4,5,12.078608
4,6,13.842746
4,7,15.37136
4,8,16.706053
4,9,17.91654
5,0,0.0
5,1,3.5309854
5,10,23.35655
5,11,24.38718
5,12,25.483534
5,13,26.76167
5,14,28.284946
5,15,30.0
5,2,6.9407983
5,3,10.124403
5,4,13.004087
5,5,15.534006
5,6,17.69953
5,7,19.514172
5,8,21.016571
5,9,22.268883
6,0,0.0
6,1,4.474992
6,10,27.66632
6,11,28.297318
6,12,28.77087
6,13,29.175213
6,14,29.577106
6,15,30.0
6,2,8.774458
6,3,12.749954
6,4,16.296406
6,5,19.355286
6,6,21.908825
6,7,23.97094
6,8,25.578875
6,9,26.787516
7,0,0.0
7,1,5.594916
7,10,32.225555
7,11,32.366302
7,12,32.128536
7,13,31.591976
7,14,30.84866
7,15,30.0
7,2,10.932853
7,3,15.805655
7,4,20.077705
7,5,23.683533
7,6,26.611343
7,7,28.883766
7,8,30.542362
7,9,31.637772
8,0,0.0
8,1,6.972229
8,10,37.233543
8,11,36.81529
8,12,35.78615
8,13,34.216316
8,14,32.225975
8,15,30.0
8,2,13.557187
8,3,19.463276
8,4,24.526684
8,5,28.691525
8,6,31.971123
8,7,34.412407
8,8,36.070995
8,9,36.99756
9,0,0.0
9,1,8.7372265
9,10,42.897507
9,11,41.87663
9,12,39.985657
9,13,37.261955
9,14,33.83934
9,15,30.0
9,2,16.861198
9,3,23.964737
9,4,29.87572
9,5,34.586464
9,6,38.17112
9,7,40.725708
9,8,42.333652
9,9,43.049805
