0,0,0.0
0,1,0.0
0,10,0.0
0,11,0.0
0,12,0.0
0,13,0.0
0,14,0.0
0,15,30.0
0,2,0.0
0,3,0.0
0,4,0.0
0,5,0.0
0,6,0.0
0,7,0.0
0,8,0.0
0,9,0.0
1,0,0.0
1,1,0.635543
1,10,5.175947
1,11,5.9450836
1,12,7.2354174
1,13,9.736283
1,14,15.342145
1,15,30.0
1,2,1.2553146
1,3,1.8454235
1,4,2.39556
1,5,2.900473
1,6,3.361397
1,7,3.7879028
1,8,4.2010984
1,9,4.640073
10,0,0.0
10,1,11.119368
10,10,49.446297
10,11,47.82202
10,12,45.02893
10,13,41.014145
10,14,35.87335
10,15,30.0
10,2,21.193247
10,3,29.669758
10,4,36.438892
10,5,41.623714
10,6,45.41899
10,7,48.004314
10,8,49.50672
10,9,49.98837
11,0,0.0
11,1,14.543222
11,10,57.061485
11,11,54.922703
11,12,51.28316
11,13,45.884945
11,14,38.636105
11,15,30.0
11,2,27.115273
11,3,37.071487
11,4,44.57287
11,5,50.034763
11,6,53.859528
11,7,56.347733
11,8,57.682438
11,9,57.933334
12,0,0.0
12,1,19.938293
12,10,65.94381
12,11,63.524292
12,12,59.29622
12,13,52.606453
12,14,42.786182
12,15,30.0
12,2,35.65323
12,3,46.92817
12,4,54.746506
12,5,60.08314
12,6,63.636818
12,7,65.844894
12,8,66.942184
12,9,67.001274
13,0,0.0
13,1,29.556767
13,10,76.188354
13,11,73.934586
13,12,69.77107
13,13,62.458527
13,14,49.90221
13,15,30.0
13,2,48.63125
13,3,60.241585
13,4,67.401955
13,5,71.91466
13,6,74.75988
13,7,76.453026
13,8,77.240326
13,9,77.18591
14,0,0.0
14,1,49.657555
14,10,87.68921
14,11,86.2547
14,12,83.395035
14,13,77.55443
14,14,64.36415
14,15,30.0
14,2,69.073456
14,3,78.00504
14,4,82.70517
14,5,85.41373
14,6,87.03517
14,7,87.9671
14,8,88.3803
14,9,88.31384
15,0,0.0
15,1,100.0
15,10,100.0
15,11,100.0
15,12,100.0
15,13,100.0
15,14,100.0
15,15,30.0
15,2,100.0
15,3,100.0
15,4,100.0
15,5,100.0
15,6,100.0
15,7,100.0
15,8,100.0
15,9,100.0
2,0,0.0
2,1,1.2868707
2,10,10.11869
2,11,11.369015
2,12,13.260342
2,13,16.367596
2,14,21.632313
2,15,30.0
2,2,2.5403178
2,3,3.7308562
2,4,4.836391
2,5,5.8449903
2,6,6.757273
2,7,7.589178
2,8,8.376482
2,9,9.183305
3,0,0.0
3,1,1.9716477
3,10,14.746597
3,11,16.152039
3,12,18.069407
3,13,20.8415
3,14,24.819534
3,15,30.0
3,2,3.8882794
3,3,5.7013664
3,4,7.374249
3,5,8.885932
3,6,10.2336445
3,7,11.43518
3,8,12.53247
3,9,13.598094
4,0,0.0
4,1,2.7114782
4,10,19.117722
4,11,20.423267
4,12,22.02386
4,13,24.109528
4,14,26.804361
4,15,30.0
4,2,5.339859
4,3,7.812186
4,4,10.07344
4,5,12.0910015
4,6,13.856362
4,7,15.385603
4,8,16.720304
4,9,17.930172
5,0,0.0
5,1,3.5344534
5,10,23.37104
5,11,24.399622
5,12,25.493376
5,13,26.76848
5,14,28.288431
5,15,30.0
5,2,6.947584
5,3,10.134212
5,4,13.016493
5,5,15.548466
5,6,17.715416
5,7,19.530792
5,8,21.033195
5,9,22.28479
6,0,0.0
6,1,4.4788055
6,10,27.682259
6,11,28.310997
6,12,28.781693
6,13,29.182703
6,14,29.580935
6,15,30.0
6,2,8.78192
6,3,12.76074
6,4,16.310047
6,5,19.371187
6,6,21.926294
6,7,23.989216
6,8,25.59716
6,9,26.805006
7,0,0.0
7,1,5.5989103
7,10,32.242245
7,11,32.38063
7,12,32.139866
7,13,31.599821
7,14,30.85267
7,15,30.0
7,2,10.940668
7,3,15.816952
7,4,20.09199
7,5,23.70019
7,6,26.629639
7,7,28.902908
7,8,30.561508
7,9,31.656094
8,0,0.0
8,1,6.9762297
8,10,37.25026
8,11,36.829636
8,12,35.79751
8,13,34.224167
8,14,32.229992
8,15,30.0
8,2,13.565014
8,3,19.474588
8,4,24.540995
8,5,28.708202
8,6,31.989449
8,7,34.431576
8,8,36.09018
8,9,37.015903
9,0,0.0
9,1,8.741058
9,10,42.91351
9,11,41.890373
9,12,39.99653
9,13,37.26948
9,14,33.843185
9,15,30.0
9,2,16.868694
9,3,23.975574
9,4,29.88942
9,5,34.60244
9,6,38.188667
9,7,40.744072
9,8,42.352013
9,9,43.067383
