0,0,0.0
0,1,0.0
0,10,0.0
0,11,0.0
0,12,0.0
0,13,0.0
0,14,0.0
0,15,30.0
0,2,0.0
0,3,0.0
0,4,0.0
0,5,0.0
0,6,0.0
0,7,0.0
0,8,0.0
0,9,0.0
1,0,0.0
1,1,0.84244186
1,10,5.622353
1,11,6.2943726
1,12,7.4906807
1,13,9.902149
1,14,15.423737
1,15,30.0
1,2,1.6498556
1,3,2.3933644
1,4,3.0503871
1,5,3.61303
1,6,4.0825496
1,7,4.4769883
1,8,4.826203
1,9,5.1809826
10,0,0.0
10,1,10.690998
10,10,45.967064
10,11,44.69244
10,12,42.45926
10,13,39.190067
10,14,34.925606
10,15,30.0
10,2,20.317299
10,3,28.313133
10,4,34.576195
10,5,39.247463
10,6,42.563683
10,7,44.750946
10,8,45.9885
10,9,46.385513
11,0,0.0
11,1,14.0413685
11,10,53.517097
11,11,51.754074
11,12,48.69801
11,13,44.054195
11,14,37.688168
11,15,30.0
11,2,26.099586
11,3,35.528137
11,4,42.49346
11,5,47.437416
11,6,50.795517
11,7,52.914383
11,8,54.02228
11,9,54.226234
12,0,0.0
12,1,19.451767
12,10,62.767487
12,11,60.699898
12,12,56.997124
12,13,50.983932
12,14,41.946136
12,15,30.0
12,2,34.675922
12,3,45.454765
12,4,52.7842
12,5,57.65764
12,6,60.80674
12,7,62.70405
12,8,63.62092
12,9,63.662582
13,0,0.0
13,1,29.173664
13,10,73.79692
13,11,71.81207
13,12,68.04863
13,13,61.24332
13,14,49.274338
13,15,30.0
13,2,47.863354
13,3,59.090786
13,4,65.87723
13,5,70.04284
13,6,72.58871
13,7,74.05701
13,8,74.71994
13,9,74.66176
14,0,0.0
14,1,49.44676
14,10,86.40439
14,11,85.117035
14,12,82.47193
14,13,76.90439
14,14,64.02805
14,15,30.0
14,2,68.6521
14,3,77.37462
14,4,81.87305
14,5,84.395065
14,6,85.857666
14,7,86.671616
14,8,87.02083
14,9,86.95609
15,0,0.0
15,1,100.0
15,10,100.0
15,11,100.0
15,12,100.0
15,13,100.0
15,14,100.0
15,15,30.0
15,2,100.0
15,3,100.0
15,4,100.0
15,5,100.0
15,6,100.0
15,7,100.0
15,8,100.0
15,9,100.0
2,0,0.0
2,1,1.6660192
2,10,10.887706
2,11,11.96336
2,12,13.688592
2,13,16.643421
2,14,21.766691
2,15,30.0
2,2,3.2634509
2,3,4.730745
2,4,6.0285177
2,5,7.1336203
2,6,8.054271
2,7,8.817185
2,8,9.480121
2,9,10.127314
3,0,0.0
3,1,2.4607117
3,10,15.613721
3,11,16.80034
3,12,18.522575
3,13,21.124447
3,14,24.955086
3,15,30.0
3,2,4.8164334
3,3,6.9802094
3,4,8.884639
3,5,10.503869
3,6,11.837866
3,7,12.929415
3,8,13.846286
3,9,14.693707
4,0,0.0
4,1,3.2280846
4,10,19.796291
4,11,20.885353
4,12,22.312342
4,13,24.271393
4,14,26.874884
4,15,30.0
4,2,6.3167796
4,3,9.142471
4,4,11.624733
4,5,13.716614
4,6,15.426901
4,7,16.794838
4,8,17.902737
4,9,18.85762
5,0,0.0
5,1,3.9932542
5,10,23.568401
5,11,24.42685
5,12,25.426426
5,13,26.676449
5,14,28.227865
5,15,30.0
5,2,7.8036814
5,3,11.280294
5,4,14.310606
5,5,16.848799
5,6,18.89137
5,7,20.491602
5,8,21.729153
5,9,22.713196
6,0,0.0
6,1,4.801464
6,10,27.15168
6,11,27.70084
6,12,28.199286
6,13,28.730797
6,14,29.334
6,15,30.0
6,2,9.370464
6,3,13.508621
6,4,17.090252
6,5,20.049984
6,6,22.39893
6,7,24.18712
6,8,25.505196
6,9,26.456896
7,0,0.0
7,1,5.7320576
7,10,30.840223
7,11,31.012444
7,12,30.954926
7,13,30.726372
7,14,30.390446
7,15,30.0
7,2,11.154423
7,3,16.022537
7,4,20.176579
7,5,23.56242
7,6,26.191586
7,7,28.137276
7,8,29.492567
7,9,30.360632
8,0,0.0
8,1,6.8961077
8,10,34.96539
8,11,34.705437
8,12,34.011166
8,13,32.93615
8,14,31.554497
8,15,30.0
8,2,13.364204
8,3,19.078773
8,4,23.869572
8,5,27.687582
8,6,30.585167
8,7,32.65491
8,8,34.010204
8,9,34.75421
9,0,0.0
9,1,8.462906
9,10,39.891106
9,11,39.136566
9,12,37.718758
9,13,35.64094
9,14,32.995438
9,15,30.0
9,2,16.28061
9,3,23.028091
9,4,28.52598
9,5,32.78941
9,6,35.925476
9,7,38.083942
9,8,39.402016
9,9,39.983444
