0,0,0.0
0,1,0.0
0,10,0.0
0,11,0.0
0,12,0.0
0,13,0.0
0,14,0.0
0,15,30.0
0,2,0.0
0,3,0.0
0,4,0.0
0,5,0.0
0,6,0.0
0,7,0.0
0,8,0.0
0,9,0.0
1,0,0.0
1,1,0.6356581
1,10,5.1764274
1,11,5.945495
1,12,7.2357435
1,13,9.736508
1,14,15.34226
1,15,30.0
1,2,1.2555398
1,3,1.8457488
1,4,2.3959715
1,5,2.9009523
1,6,3.3619237
1,7,3.788453
1,8,4.2016497
1,9,4.6405993
10,0,0.0
10,1,11.119848
10,10,49.44829
10,11,47.82374
10,12,45.03028
10,13,41.015087
10,14,35.873825
10,15,30.0
10,2,21.194187
10,3,29.671116
10,4,36.44061
10,5,41.625713
10,6,45.42119
10,7,48.006607
10,8,49.509018
10,9,49.990562
11,0,0.0
11,1,14.543634
11,10,57.0632
11,11,54.92417
11,12,51.28433
11,13,45.885742
11,14,38.63652
11,15,30.0
11,2,27.116081
11,3,37.072655
11,4,44.574345
11,5,50.036484
11,6,53.861412
11,7,56.34971
11,8,57.68441
11,9,57.935223
12,0,0.0
12,1,19.938622
12,10,65.945175
12,11,63.525463
12,12,59.297134
12,13,52.607086
12,14,42.786507
12,15,30.0
12,2,35.65387
12,3,46.9291
12,4,54.747673
12,5,60.084507
12,6,63.638313
12,7,65.84646
12,8,66.94375
12,9,67.00276
13,0,0.0
13,1,29.556992
13,10,76.1893
13,11,73.93539
13,12,69.77171
13,13,62.45896
13,14,49.902435
13,15,30.0
13,2,48.631687
13,3,60.24223
13,4,67.40276
13,5,71.9156
13,6,74.760925
13,7,76.4541
13,8,77.24141
13,9,77.18695
14,0,0.0
14,1,49.657665
14,10,87.68969
14,11,86.25511
14,12,83.39536
14,13,77.55465
14,14,64.364265
14,15,30.0
14,2,69.073685
14,3,78.00537
14,4,82.70559
14,5,85.414215
14,6,87.035706
14,7,87.96767
14,8,88.38086
14,9,88.31438
15,0,0.0
15,1,100.0
15,10,100.0
15,11,100.0
15,12,100.0
15,13,100.0
15,14,100.0
15,15,30.0
15,2,100.0
15,3,100.0
15,4,100.0
15,5,100.0
15,6,100.0
15,7,100.0
15,8,100.0
15,9,100.0
2,0,0.0
2,1,1.2870959
2,10,10.119627
2,11,11.369821
2,12,13.260977
2,13,16.368038
2,14,21.632536
2,15,30.0
2,2,2.5407581
2,3,3.731493
2,4,4.8371954
2,5,5.8459287
2,6,6.7583027
2,7,7.5902557
2,8,8.37756
2,9,9.184336
3,0,0.0
3,1,1.9719732
3,10,14.747953
3,11,16.153202
3,12,18.07033
3,13,20.842134
3,14,24.81986
3,15,30.0
3,2,3.888916
3,3,5.7022862
3,4,7.375413
3,5,8.887288
3,6,10.235133
3,7,11.436736
3,8,12.534028
3,9,13.599583
4,0,0.0
4,1,2.7118897
4,10,19.119434
4,11,20.42474
4,12,22.025024
4,13,24.110332
4,14,26.804771
4,15,30.0
4,2,5.340664
4,3,7.8133492
4,4,10.074911
4,5,12.092716
4,6,13.858246
4,7,15.387573
4,8,16.722273
4,9,17.932056
5,0,0.0
5,1,3.5349329
5,10,23.37304
5,11,24.401333
5,12,25.494732
5,13,26.769419
5,14,28.28891
5,15,30.0
5,2,6.9485226
5,3,10.135568
5,4,13.018208
5,5,15.550467
5,6,17.717611
5,7,19.533085
5,8,21.035492
5,9,22.286985
6,0,0.0
6,1,4.479333
6,10,27.68445
6,11,28.31288
6,12,28.78318
6,13,29.183735
6,14,29.58146
6,15,30.0
6,2,8.78295
6,3,12.76223
6,4,16.311932
6,5,19.373383
6,6,21.928705
6,7,23.991737
6,8,25.599678
6,9,26.807419
7,0,0.0
7,1,5.599461
7,10,32.244537
7,11,32.382595
7,12,32.141422
7,13,31.600899
7,14,30.853222
7,15,30.0
7,2,10.941746
7,3,15.81851
7,4,20.09396
7,5,23.702484
7,6,26.632158
7,7,28.905546
7,8,30.564146
7,9,31.658611
8,0,0.0
8,1,6.976781
8,10,37.252552
8,11,36.831604
8,12,35.79906
8,13,34.225246
8,14,32.23054
8,15,30.0
8,2,13.5660925
8,3,19.476147
8,4,24.542965
8,5,28.710499
8,6,31.991972
8,7,34.43421
8,8,36.09281
8,9,37.018425
9,0,0.0
9,1,8.741585
9,10,42.915707
9,11,41.89225
9,12,39.998016
9,13,37.270508
9,14,33.843716
9,15,30.0
9,2,16.869724
9,3,23.977066
9,4,29.891304
9,5,34.604637
9,6,38.19108
9,7,40.746593
9,8,42.354534
9,9,43.06979
