0,0,0.0
0,1,0.0
0,10,0.0
0,11,0.0
0,12,0.0
0,13,0.0
0,14,0.0
0,15,30.0
0,2,0.0
0,3,0.0
0,4,0.0
0,5,0.0
0,6,0.0
0,7,0.0
0,8,0.0
0,9,0.0
1,0,0.0
1,1,7.03125
1,10,14.765625
1,11,14.765625
1,12,14.8828125
1,13,15.46875
1,14,18.515625
1,15,30.0
1,2,11.71875
1,3,14.0625
1,4,14.6484375
1,5,14.765625
1,6,14.765625
1,7,14.765625
1,8,14.765625
1,9,14.765625
10,0,0.0
10,1,14.765625
10,10,30.0
10,11,30.0
10,12,30.0
10,13,30.0
10,14,30.0
10,15,30.0
10,2,24.609375
10,3,28.828125
10,4,29.882812
10,5,30.0
10,6,30.0
10,7,30.0
10,8,30.0
10,9,30.0
11,0,0.0
11,1,15.0390625
11,10,30.273438
11,11,30.273438
11,12,30.273438
11,13,30.273438
11,14,30.273438
11,15,30.0
11,2,24.882812
11,3,29.101562
11,4,30.15625
11,5,30.273438
11,6,30.273438
11,7,30.273438
11,8,30.273438
11,9,30.273438
12,0,0.0
12,1,16.796875
12,10,32.734375
12,11,32.734375
12,12,32.734375
12,13,32.734375
12,14,31.914062
12,15,30.0
12,2,27.34375
12,3,31.5625
12,4,32.617188
12,5,32.734375
12,6,32.734375
12,7,32.734375
12,8,32.734375
12,9,32.734375
13,0,0.0
13,1,24.21875
13,10,42.578125
13,11,42.578125
13,12,42.578125
13,13,41.757812
13,14,38.75
13,15,30.0
13,2,36.71875
13,3,41.40625
13,4,42.460938
13,5,42.578125
13,6,42.578125
13,7,42.578125
13,8,42.578125
13,9,42.578125
14,0,0.0
14,1,45.3125
14,10,65.546875
14,11,65.546875
14,12,65.27344
14,13,63.90625
14,14,56.796875
14,15,30.0
14,2,60.15625
14,3,64.453125
14,4,65.42969
14,5,65.546875
14,6,65.546875
14,7,65.546875
14,8,65.546875
14,9,65.546875
15,0,0.0
15,1,100.0
15,10,100.0
15,11,100.0
15,12,100.0
15,13,100.0
15,14,100.0
15,15,30.0
15,2,100.0
15,3,100.0
15,4,100.0
15,5,100.0
15,6,100.0
15,7,100.0
15,8,100.0
15,9,100.0
2,0,0.0
2,1,11.71875
2,10,24.609375
2,11,24.609375
2,12,24.609375
2,13,24.960938
2,14,26.25
2,15,30.0
2,2,19.921875
2,3,23.4375
2,4,24.492188
2,5,24.609375
2,6,24.609375
2,7,24.609375
2,8,24.609375
2,9,24.609375
3,0,0.0
3,1,14.0625
3,10,28.828125
3,11,28.828125
3,12,28.828125
3,13,28.828125
3,14,29.179688
3,15,30.0
3,2,23.4375
3,3,27.65625
3,4,28.710938
3,5,28.828125
3,6,28.828125
3,7,28.828125
3,8,28.828125
3,9,28.828125
4,0,0.0
4,1,14.6484375
4,10,29.882812
4,11,29.882812
4,12,29.882812
4,13,29.882812
4,14,29.882812
4,15,30.0
4,2,24.492188
4,3,28.710938
4,4,29.765625
4,5,29.882812
4,6,29.882812
4,7,29.882812
4,8,29.882812
4,9,29.882812
5,0,0.0
5,1,14.765625
5,10,30.0
5,11,30.0
5,12,30.0
5,13,30.0
5,14,30.0
5,15,30.0
5,2,24.609375
5,3,28.828125
5,4,29.882812
5,5,30.0
5,6,30.0
5,7,30.0
5,8,30.0
5,9,30.0
6,0,0.0
6,1,14.765625
6,10,30.0
6,11,30.0
6,12,30.0
6,13,30.0
6,14,30.0
6,15,30.0
6,2,24.609375
6,3,28.828125
6,4,29.882812
6,5,30.0
6,6,30.0
6,7,30.0
6,8,30.0
6,9,30.0
7,0,0.0
7,1,14.765625
7,10,30.0
7,11,30.0
7,12,30.0
7,13,30.0
7,14,30.0
7,15,30.0
7,2,24.609375
7,3,28.828125
7,4,29.882812
7,5,30.0
7,6,30.0
7,7,30.0
7,8,30.0
7,9,30.0
8,0,0.0
8,1,14.765625
8,10,30.0
8,11,30.0
8,12,30.0
8,13,30.0
8,14,30.0
8,15,30.0
8,2,24.609375
8,3,28.828125
8,4,29.882812
8,5,30.0
8,6,30.0
8,7,30.0
8,8,30.0
8,9,30.0
9,0,0.0
9,1,14.765625
9,10,30.0
9,11,30.0
9,12,30.0
9,13,30.0
9,14,30.0
9,15,30.0
9,2,24.609375
9,3,28.828125
9,4,29.882812
9,5,30.0
9,6,30.0
9,7,30.0
9,8,30.0
9,9,30.0
