0,0,0.0
0,1,0.0
0,10,0.0
0,11,0.0
0,12,0.0
0,13,0.0
0,14,0.0
0,15,30.0
0,2,0.0
0,3,0.0
0,4,0.0
0,5,0.0
0,6,0.0
0,7,0.0
0,8,0.0
0,9,0.0
1,0,0.0
1,1,0.63568974
1,10,5.176559
1,11,5.945608
1,12,7.2358327
1,13,9.73657
1,14,15.342293
1,15,30.0
1,2,1.2556016
1,3,1.8458382
1,4,2.3960848
1,5,2.9010844
1,6,3.3620684
1,7,3.788605
1,8,4.2018003
1,9,4.640744
10,0,0.0
10,1,11.11998
10,10,49.44883
10,11,47.824203
10,12,45.03065
10,13,41.015343
10,14,35.873955
10,15,30.0
10,2,21.194443
10,3,29.671488
10,4,36.44108
10,5,41.62626
10,6,45.421787
10,7,48.007236
10,8,49.509636
10,9,49.99116
11,0,0.0
11,1,14.543747
11,10,57.063667
11,11,54.924572
11,12,51.284637
11,13,45.885963
11,14,38.636627
11,15,30.0
11,2,27.116299
11,3,37.07297
11,4,44.57474
11,5,50.036945
11,6,53.86192
11,7,56.350243
11,8,57.684944
11,9,57.93573
12,0,0.0
12,1,19.93871
12,10,65.94553
12,11,63.525772
12,12,59.297386
12,13,52.607254
12,14,42.786594
12,15,30.0
12,2,35.65404
12,3,46.929348
12,4,54.747986
12,5,60.084873
12,6,63.638718
12,7,65.84688
12,8,66.94417
12,9,67.00316
13,0,0.0
13,1,29.557053
13,10,76.189545
13,11,73.93561
13,12,69.77188
13,13,62.459084
13,14,49.902493
13,15,30.0
13,2,48.631805
13,3,60.2424
13,4,67.402985
13,5,71.91585
13,6,74.7612
13,7,76.45439
13,8,77.2417
13,9,77.187225
14,0,0.0
14,1,49.657696
14,10,87.68982
14,11,86.25522
14,12,83.39545
14,13,77.5547
14,14,64.364296
14,15,30.0
14,2,69.07374
14,3,78.005455
14,4,82.705696
14,5,85.41434
14,6,87.035835
14,7,87.96781
14,8,88.381004
14,9,88.314514
15,0,0.0
15,1,100.0
15,10,100.0
15,11,100.0
15,12,100.0
15,13,100.0
15,14,100.0
15,15,30.0
15,2,100.0
15,3,100.0
15,4,100.0
15,5,100.0
15,6,100.0
15,7,100.0
15,8,100.0
15,9,100.0
2,0,0.0
2,1,1.2871578
2,10,10.119885
2,11,11.370041
2,12,13.261152
2,13,16.368158
2,14,21.632599
2,15,30.0
2,2,2.5408792
2,3,3.731668
2,4,4.837417
2,5,5.846186
2,6,6.7585864
2,7,7.590552
2,8,8.377856
2,9,9.184618
3,0,0.0
3,1,1.9720625
3,10,14.748325
3,11,16.153522
3,12,18.070581
3,13,20.84231
3,14,24.819948
3,15,30.0
3,2,3.889091
3,3,5.7025394
3,4,7.3757315
3,5,8.887661
3,6,10.235542
3,7,11.437164
3,8,12.534454
3,9,13.599993
4,0,0.0
4,1,2.7120028
4,10,19.119905
4,11,20.425142
4,12,22.025345
4,13,24.110554
4,14,26.804886
4,15,30.0
4,2,5.340885
4,3,7.8136683
4,4,10.075315
4,5,12.093185
4,6,13.858762
4,7,15.388113
4,8,16.722815
4,9,17.932573
5,0,0.0
5,1,3.5350647
5,10,23.373589
5,11,24.401806
5,12,25.495104
5,13,26.769678
5,14,28.289042
5,15,30.0
5,2,6.94878
5,3,10.13594
5,4,13.018678
5,5,15.551014
5,6,17.718212
5,7,19.533718
5,8,21.036121
5,9,22.28759
6,0,0.0
6,1,4.479477
6,10,27.685055
6,11,28.313395
6,12,28.78359
6,13,29.184013
6,14,29.581606
6,15,30.0
6,2,8.783233
6,3,12.762639
6,4,16.312449
6,5,19.373983
6,6,21.929367
6,7,23.992428
6,8,25.600372
6,9,26.808079
7,0,0.0
7,1,5.599612
7,10,32.245167
7,11,32.383137
7,12,32.14185
7,13,31.601194
7,14,30.85337
7,15,30.0
7,2,10.942042
7,3,15.818935
7,4,20.0945
7,5,23.703114
7,6,26.63285
7,7,28.90627
7,8,30.564869
7,9,31.659306
8,0,0.0
8,1,6.9769316
8,10,37.25318
8,11,36.83214
8,12,35.799488
8,13,34.22554
8,14,32.23069
8,15,30.0
8,2,13.566387
8,3,19.476574
8,4,24.543505
8,5,28.711128
8,6,31.99266
8,7,34.434933
8,8,36.093536
8,9,37.01912
9,0,0.0
9,1,8.741729
9,10,42.916306
9,11,41.89277
9,12,39.99842
9,13,37.27079
9,14,33.843857
9,15,30.0
9,2,16.870007
9,3,23.97747
9,4,29.89182
9,5,34.605236
9,6,38.19174
9,7,40.747284
9,8,42.355225
9,9,43.07045
