0,0,0.0
0,1,0.0
0,10,0.0
0,11,0.0
0,12,0.0
0,13,0.0
0,14,0.0
0,15,30.0
0,2,0.0
0,3,0.0
0,4,0.0
0,5,0.0
0,6,0.0
0,7,0.0
0,8,0.0
0,9,0.0
1,0,0.0
1,1,0.630272
1,10,5.1334777
1,11,5.906646
1,12,7.203701
1,13,9.713669
1,14,15.330368
1,15,30.0
1,2,1.2445958
1,3,1.8289194
1,4,2.373045
1,5,2.8718526
1,6,3.3270717
1,7,3.7487311
1,8,4.15861
1,9,4.5963326
10,0,0.0
10,1,11.029223
10,10,48.985294
10,11,47.41803
10,12,44.704018
10,13,40.786446
10,14,35.756096
10,15,30.0
10,2,21.015087
10,3,29.408232
10,4,36.1012
10,5,41.220425
10,6,44.96392
10,7,47.514877
10,8,49.00344
10,9,49.494102
11,0,0.0
11,1,14.459129
11,10,56.63784
11,11,54.552086
11,12,50.98529
11,13,45.67646
11,14,38.528744
11,15,30.0
11,2,26.949284
11,3,36.828022
11,4,44.25912
11,5,49.66068
11,6,53.438305
11,7,55.89561
11,8,57.2184
11,9,57.47852
12,0,0.0
12,1,19.8674
12,10,65.59047
12,11,63.215374
12,12,59.04824
12,13,52.4329
12,14,42.69689
12,15,30.0
12,2,35.51331
12,3,46.723206
12,4,54.482597
12,5,59.76897
12,6,63.28354
12,7,65.46625
12,8,66.55415
12,9,66.62137
13,0,0.0
13,1,29.505423
13,10,75.934326
13,11,73.71272
13,12,69.593
13,13,62.334015
13,14,49.838127
13,15,30.0
13,2,48.529995
13,3,60.0933
13,4,67.21123
13,5,71.68776
13,6,74.50502
13,7,76.18013
13,8,76.96091
13,9,76.91266
14,0,0.0
14,1,49.630592
14,10,87.55638
14,11,86.138695
14,12,83.302
14,13,77.48935
14,14,64.33069
14,15,30.0
14,2,69.02028
14,3,77.92722
14,4,82.605095
14,5,85.294754
14,6,86.901596
14,7,87.82417
14,8,88.23405
14,9,88.17085
15,0,0.0
15,1,100.0
15,10,100.0
15,11,100.0
15,12,100.0
15,13,100.0
15,14,100.0
15,15,30.0
15,2,100.0
15,3,100.0
15,4,100.0
15,5,100.0
15,6,100.0
15,7,100.0
15,8,100.0
15,9,100.0
2,0,0.0
2,1,1.2751797
2,10,10.0298
2,11,11.288812
2,12,13.1943655
2,13,16.320606
2,14,21.607883
2,15,30.0
2,2,2.5165844
2,3,3.6946642
2,4,4.7873063
2,5,5.783229
2,6,6.6836967
2,7,7.505893
2,8,8.286671
2,9,9.091346
3,0,0.0
3,1,1.9514621
3,10,14.604518
3,11,16.024488
3,12,17.964802
3,13,20.767227
3,14,24.780954
3,15,30.0
3,2,3.8476374
3,3,5.6397696
3,4,7.291707
3,5,8.7830105
3,6,10.112429
3,7,11.299164
3,8,12.387072
3,9,13.450266
4,0,0.0
4,1,2.680458
4,10,18.915087
4,11,20.242203
4,12,21.876017
4,13,24.004778
4,14,26.750074
4,15,30.0
4,2,5.277602
4,3,7.718751
4,4,9.949237
4,5,11.937922
4,6,13.677755
4,7,15.187228
4,8,16.510014
4,9,17.717972
5,0,0.0
5,1,3.4904747
5,10,23.102394
5,11,24.160807
5,12,25.298996
5,13,26.631205
5,14,28.21735
5,15,30.0
5,2,6.859846
5,3,10.003208
5,4,12.843981
5,5,15.337524
5,6,17.471684
5,7,19.262291
5,8,20.750858
5,9,22.001863
6,0,0.0
6,1,4.4208713
6,10,27.346994
6,11,28.014097
6,12,28.540943
6,13,29.012974
6,14,29.493229
6,15,30.0
6,2,8.666577
6,3,12.589611
6,4,16.085932
6,5,19.099323
6,6,21.614323
6,7,23.648119
6,8,25.24083
6,9,26.450026
7,0,0.0
7,1,5.5274534
7,10,31.846449
7,11,32.03149
7,12,31.857403
7,13,31.401186
7,14,30.750088
7,15,30.0
7,2,10.798914
7,3,15.607276
7,4,19.818975
7,5,23.370674
7,6,26.253883
7,7,28.49435
7,8,30.137041
7,9,31.235348
8,0,0.0
8,1,6.8937163
8,10,36.80834
8,11,36.440777
8,12,35.483765
8,13,34.003777
8,14,32.11635
8,15,30.0
8,2,13.4015045
8,3,19.233637
8,4,24.22826
8,5,28.332565
8,6,31.562922
8,7,33.969986
8,8,35.61268
8,9,36.54438
9,0,0.0
9,1,8.651739
9,10,42.44759
9,11,41.481483
9,12,39.66707
9,13,37.038467
9,14,33.7241
9,15,30.0
9,2,16.692074
9,3,23.715733
9,4,29.553318
9,5,34.199917
9,6,37.73333
9,7,40.25299
9,8,41.845703
9,9,42.56903
