0,0,0.0
0,1,0.0
0,10,0.0
0,11,0.0
0,12,0.0
0,13,0.0
0,14,0.0
0,15,30.0
0,2,0.0
0,3,0.0
0,4,0.0
0,5,0.0
0,6,0.0
0,7,0.0
0,8,0.0
0,9,0.0
1,0,0.0
1,1,0.6288754
1,10,5.1455607
1,11,5.918751
1,12,7.214424
1,13,9.721668
1,14,15.334648
1,15,30.0
1,2,1.2422148
1,3,1.8263704
1,4,2.3712552
1,5,2.8718543
1,6,3.3295941
1,7,3.7542343
1,8,4.1670046
1,9,4.607073
10,0,0.0
10,1,11.08289
10,10,49.283466
10,11,47.68124
10,12,44.91687
10,13,40.936253
10,14,35.833412
10,15,30.0
10,2,21.121666
10,3,29.565788
10,4,36.30656
10,5,41.468246
10,6,45.246727
10,7,47.82244
10,8,49.323082
10,9,49.811108
11,0,0.0
11,1,14.511068
11,10,56.918213
11,11,54.798832
11,12,51.1846
11,13,45.816425
11,14,38.600986
11,15,30.0
11,2,27.052172
11,3,36.979855
11,4,44.456257
11,5,49.897804
11,6,53.707787
11,7,56.187588
11,8,57.52077
11,9,57.777313
12,0,0.0
12,1,19.912302
12,10,65.828156
12,11,63.42433
12,12,59.216675
12,13,52.55117
12,14,42.757847
12,15,30.0
12,2,35.60223
12,3,46.854115
12,4,54.65227
12,5,59.97249
12,6,63.514244
12,7,65.715546
12,8,66.811646
12,9,66.87531
13,0,0.0
13,1,29.538494
13,10,76.107124
13,11,73.86437
13,12,69.715225
13,13,62.4197
13,14,49.882313
13,15,30.0
13,2,48.595387
13,3,60.18952
13,4,67.33572
13,5,71.836876
13,6,74.67375
13,7,76.36214
13,8,77.14861
13,9,77.09744
14,0,0.0
14,1,49.648117
14,10,87.64731
14,11,86.21848
14,12,83.36623
14,13,77.5344
14,14,64.35389
14,15,30.0
14,2,69.05495
14,3,77.978165
14,4,82.67099
14,5,85.3736
14,6,86.990715
14,7,87.92021
14,8,88.332985
14,9,88.26819
15,0,0.0
15,1,100.0
15,10,100.0
15,11,100.0
15,12,100.0
15,13,100.0
15,14,100.0
15,15,30.0
15,2,100.0
15,3,100.0
15,4,100.0
15,5,100.0
15,6,100.0
15,7,100.0
15,8,100.0
15,9,100.0
2,0,0.0
2,1,1.2736459
2,10,10.058499
2,11,11.316866
2,12,13.218764
2,13,16.33866
2,14,21.617466
2,15,30.0
2,2,2.5143456
2,3,3.693072
2,4,4.788212
2,5,5.7882524
2,6,6.6942463
2,7,7.5224543
2,8,8.308932
2,9,9.117929
3,0,0.0
3,1,1.9521222
3,10,14.657877
3,11,16.075182
3,12,18.008148
3,13,20.79886
3,14,24.797663
3,15,30.0
3,2,3.8499238
3,3,5.6455913
3,4,7.3031225
3,5,8.80221
3,6,10.140644
3,7,11.336763
3,8,12.432852
3,9,13.501709
4,0,0.0
4,1,2.6860814
4,10,19.002605
4,11,20.323574
4,12,21.944408
4,13,24.054241
4,14,26.776001
4,15,30.0
4,2,5.289991
4,3,7.739662
4,4,9.981
4,5,11.982196
4,6,13.735559
4,7,15.257789
4,8,16.590979
4,9,17.80508
5,0,0.0
5,1,3.503866
5,10,23.232746
5,11,24.279879
5,12,25.397972
5,13,26.702103
5,14,28.254387
5,15,30.0
5,2,6.8875146
5,3,10.046892
5,4,12.905196
5,5,15.417536
5,6,17.570076
5,7,19.377089
5,8,20.87772
5,9,22.13446
6,0,0.0
6,1,4.443976
6,10,27.525242
6,11,28.17509
6,12,28.673428
6,13,29.107395
6,14,29.542313
6,15,30.0
6,2,8.713546
6,3,12.661346
6,4,16.183424
6,5,19.222246
6,6,21.761047
6,7,23.81451
6,8,25.420517
6,9,26.63427
7,0,0.0
7,1,5.5611105
7,10,32.072296
7,11,32.233562
7,12,32.022755
7,13,31.51836
7,14,30.810905
7,15,30.0
7,2,10.866457
7,3,15.709117
7,4,19.954624
7,5,23.538692
7,6,26.450502
7,7,28.713612
7,8,30.370178
7,9,31.471228
8,0,0.0
8,1,6.937012
8,10,37.074417
8,11,36.677525
8,12,35.676384
8,13,34.13995
8,14,32.186806
8,15,30.0
8,2,13.488045
8,3,19.362747
8,4,24.398586
8,5,28.540806
8,6,31.803856
8,7,34.235508
8,8,35.892082
8,9,36.824574
9,0,0.0
9,1,8.702236
9,10,42.739853
9,11,41.740173
9,12,39.87697
9,13,37.186344
9,14,33.800575
9,15,30.0
9,2,16.792496
9,3,23.864891
9,4,29.7485
9,5,34.43686
9,6,38.00513
9,7,40.550255
9,8,42.156258
9,9,42.87836
