0,0,0.0
0,1,0.0
0,10,0.0
0,11,0.0
0,12,0.0
0,13,0.0
0,14,0.0
0,15,30.0
0,2,0.0
0,3,0.0
0,4,0.0
0,5,0.0
0,6,0.0
0,7,0.0
0,8,0.0
0,9,0.0
1,0,0.0
1,1,1.6974418
1,10,7.431101
1,11,7.819438
1,12,8.688203
1,13,10.733055
1,14,15.848736
1,15,30.0
1,2,3.2534292
1,3,4.550127
1,4,5.547784
1,5,6.239375
1,6,6.686472
1,7,6.950224
1,8,7.1115456
1,9,7.242838
10,0,0.0
10,1,10.250805
10,10,38.23359
10,11,37.706936
10,12,36.722874
10,13,35.10038
10,14,32.80307
10,15,30.0
10,2,19.246792
10,3,26.329473
10,4,31.38975
10,5,34.712624
10,6,36.701633
10,7,37.78374
10,8,38.284958
10,9,38.406254
11,0,0.0
11,1,13.132225
11,10,44.713024
11,11,43.877228
11,12,42.240887
11,13,39.47863
11,14,35.307613
11,15,30.0
11,2,24.158886
11,3,32.353203
11,4,37.93212
11,5,41.431267
11,6,43.467064
11,7,44.53547
11,8,44.99741
11,9,45.05092
12,0,0.0
12,1,18.346874
12,10,54.215076
12,11,53.063572
12,12,50.77145
12,13,46.56405
12,14,39.657387
12,15,30.0
12,2,32.382225
12,3,41.869957
12,4,47.823383
12,5,51.356148
12,6,53.31288
12,7,54.30583
12,8,54.705048
12,9,54.677376
13,0,0.0
13,1,28.18608
13,10,66.96148
13,11,65.73742
13,12,63.089306
13,13,57.738056
13,14,47.45284
13,15,30.0
13,2,45.85042
13,3,55.991684
13,4,61.680466
13,5,64.793274
13,6,66.43781
13,7,67.235725
13,8,67.532196
13,9,67.464935
14,0,0.0
14,1,48.86842
14,10,82.605316
14,11,81.7374
14,12,79.723236
14,13,74.955574
14,14,63.01971
14,15,30.0
14,2,67.47595
14,3,75.58517
14,4,79.465744
14,5,81.41359
14,6,82.385445
14,7,82.8427
14,8,83.00401
14,9,82.94182
15,0,0.0
15,1,100.0
15,10,100.0
15,11,100.0
15,12,100.0
15,13,100.0
15,14,100.0
15,15,30.0
15,2,100.0
15,3,100.0
15,4,100.0
15,5,100.0
15,6,100.0
15,7,100.0
15,8,100.0
15,9,100.0
2,0,0.0
2,1,3.253994
2,10,14.116195
2,11,14.67161
2,12,15.816561
2,13,18.11261
2,14,22.520748
2,15,30.0
2,2,6.2249746
2,3,8.718935
2,4,10.614659
2,5,11.94799
2,6,12.792061
2,7,13.297583
2,8,13.59404
2,9,13.819189
3,0,0.0
3,1,4.553288
3,10,19.570408
3,11,20.104635
3,12,21.099804
3,13,22.905296
3,14,25.8638
3,15,30.0
3,2,8.723473
3,3,12.198309
3,4,14.864449
3,5,16.711475
3,6,17.897444
3,7,18.58881
3,8,18.988035
3,9,19.261932
4,0,0.0
4,1,5.560048
4,10,23.655746
4,11,24.060196
4,12,24.773592
4,13,25.955456
4,14,27.735435
4,15,30.0
4,2,10.6357155
4,3,14.88591
4,4,18.115086
4,5,20.373995
4,6,21.799595
4,7,22.63667
4,8,23.09861
4,9,23.38346
5,0,0.0
5,1,6.278386
5,10,26.497025
5,11,26.767748
5,12,27.1931
5,13,27.873032
5,14,28.83065
5,15,30.0
5,2,12.019447
5,3,16.799696
5,4,20.45057
5,5,22.976055
5,6,24.582275
5,7,25.506649
5,8,26.007866
5,9,26.286894
6,0,0.0
6,1,6.7974367
6,10,28.44207
6,11,28.585049
6,12,28.790668
6,13,29.089954
6,14,29.507128
6,15,30.0
6,2,12.996229
6,3,18.166039
6,4,22.084806
6,5,24.806267
6,6,26.51654
6,7,27.502636
6,8,28.021355
6,9,28.284554
7,0,0.0
7,1,7.2320895
7,10,29.954983
7,11,29.994423
7,12,30.000538
7,13,30.003872
7,14,29.999832
7,15,30.0
7,2,13.822427
7,3,19.28543
7,4,23.424786
7,5,26.271852
7,6,28.062908
7,7,29.081318
7,8,29.608315
7,9,29.854801
8,0,0.0
8,1,7.769827
8,10,31.625702
8,11,31.534227
8,12,31.331284
8,13,30.992064
8,14,30.537567
8,15,30.0
8,2,14.810619
8,3,20.616179
8,4,24.964584
8,5,27.94258
8,6,29.791973
8,7,30.837976
8,8,31.364971
8,9,31.58387
9,0,0.0
9,1,8.651991
9,10,34.124146
9,11,33.86459
9,12,33.338966
9,13,32.51371
9,14,31.361683
9,15,30.0
9,2,16.419985
9,3,22.714333
9,4,27.364353
9,5,30.488338
9,6,32.409912
9,7,33.47563
9,8,33.99435
9,9,34.177917
