0,0,0.0
0,1,0.0
0,10,0.0
0,11,0.0
0,12,0.0
0,13,0.0
0,14,0.0
0,15,30.0
0,2,0.0
0,3,0.0
0,4,0.0
0,5,0.0
0,6,0.0
0,7,0.0
0,8,0.0
0,9,0.0
1,0,0.0
1,1,0.633373
1,10,5.1668053
1,11,5.937228
1,12,7.2291985
1,13,9.7319765
1,14,15.339943
1,15,30.0
1,2,1.2510674
1,3,1.8392806
1,4,2.3877854
1,5,2.891401
1,6,3.35142
1,7,3.7774527
1,8,4.1906323
1,9,4.630048
10,0,0.0
10,1,11.109985
10,10,49.406776
10,11,47.78807
10,12,45.00205
10,13,40.99553
10,14,35.863827
10,15,30.0
10,2,21.174883
10,3,29.6432
10,4,36.405273
10,5,41.584496
10,6,45.375854
10,7,47.95914
10,8,49.461475
10,9,49.945038
11,0,0.0
11,1,14.535137
11,10,57.027443
11,11,54.893444
11,12,51.260002
11,13,45.868904
11,14,38.627903
11,15,30.0
11,2,27.09945
11,3,37.048595
11,4,44.5439
11,5,50.000965
11,6,53.822357
11,7,56.308815
11,8,57.643456
11,9,57.896
12,0,0.0
12,1,19.931879
12,10,65.91679
12,11,63.501076
12,12,59.277832
12,13,52.59372
12,14,42.77967
12,15,30.0
12,2,35.64067
12,3,46.91001
12,4,54.72352
12,5,60.056328
12,6,63.607327
12,7,65.814
12,8,66.911255
12,9,66.97164
13,0,0.0
13,1,29.552315
13,10,76.16961
13,11,73.91847
13,12,69.75832
13,13,62.44969
13,14,49.897694
13,15,30.0
13,2,48.622536
13,3,60.22898
13,4,67.38601
13,5,71.89605
13,6,74.739426
13,7,76.431595
13,8,77.218864
13,9,77.16536
14,0,0.0
14,1,49.655273
14,10,87.67962
14,11,86.24646
14,12,83.38851
14,13,77.549904
14,14,64.36184
14,15,30.0
14,2,69.068985
14,3,77.9986
14,4,82.69701
14,5,85.40421
14,6,87.0247
14,7,87.95614
14,8,88.36932
14,9,88.30332
15,0,0.0
15,1,100.0
15,10,100.0
15,11,100.0
15,12,100.0
15,13,100.0
15,14,100.0
15,15,30.0
15,2,100.0
15,3,100.0
15,4,100.0
15,5,100.0
15,6,100.0
15,7,100.0
15,8,100.0
15,9,100.0
2,0,0.0
2,1,1.2826185
2,10,10.100775
2,11,11.353624
2,12,13.248154
2,13,16.359158
2,14,21.627995
2,15,30.0
2,2,2.531995
2,3,3.7188194
2,4,4.821156
2,5,5.827214
2,6,6.7377214
2,7,7.568702
2,8,8.355972
2,9,9.163662
3,0,0.0
3,1,1.9654864
3,10,14.720641
3,11,16.129738
3,12,18.05175
3,13,20.82927
3,14,24.81328
3,15,30.0
3,2,3.8762197
3,3,5.6839247
3,4,7.3521733
3,5,8.860173
3,6,10.205316
3,7,11.405509
3,8,12.502753
3,9,13.56963
4,0,0.0
4,1,2.7036602
4,10,19.08479
4,11,20.394974
4,12,22.00146
4,13,24.094013
4,14,26.796427
4,15,30.0
4,2,5.3245573
4,3,7.7900553
4,4,10.04543
4,5,12.058317
4,6,13.820417
4,7,15.347958
4,8,16.682598
4,9,17.894062
5,0,0.0
5,1,3.5253034
5,10,23.3325
5,11,24.366505
5,12,25.46716
5,13,26.750324
5,14,28.279144
5,15,30.0
5,2,6.929675
5,3,10.108311
5,4,12.983711
5,5,15.510214
5,6,17.673347
5,7,19.486732
5,8,20.989067
5,9,22.242525
6,0,0.0
6,1,4.4687085
6,10,27.639729
6,11,28.274456
6,12,28.752762
6,13,29.16267
6,14,29.57069
6,15,30.0
6,2,8.762157
6,3,12.732159
6,4,16.273872
6,5,19.328976
6,6,21.879871
6,7,23.940598
6,8,25.548464
6,9,26.75837
7,0,0.0
7,1,5.588297
7,10,32.19754
7,11,32.342224
7,12,32.10946
7,13,31.578762
7,14,30.841904
7,15,30.0
7,2,10.919895
7,3,15.786909
7,4,20.053965
7,5,23.655819
7,6,26.580843
7,7,28.851807
7,8,30.510326
7,9,31.607075
8,0,0.0
8,1,6.9655604
8,10,37.205326
8,11,36.791027
8,12,35.766937
8,13,34.202995
8,14,32.219166
8,15,30.0
8,2,13.544131
8,3,19.444386
8,4,24.502768
8,5,28.6636
8,6,31.940397
8,7,34.380203
8,8,36.038727
8,9,36.96663
9,0,0.0
9,1,8.730803
9,10,42.87032
9,11,41.853264
9,12,39.967144
9,13,37.24913
9,14,33.832783
9,15,30.0
9,2,16.848621
9,3,23.946545
9,4,29.85268
9,5,34.559566
9,6,38.14152
9,7,40.694695
9,8,42.302563
9,9,43.02002
