0,0,0.0
0,1,0.0
0,10,0.0
0,11,0.0
0,12,0.0
0,13,0.0
0,14,0.0
0,15,30.0
0,2,0.0
0,3,0.0
0,4,0.0
0,5,0.0
0,6,0.0
0,7,0.0
0,8,0.0
0,9,0.0
1,0,0.0
1,1,0.62844443
1,10,5.1429324
1,11,5.9164157
1,12,7.21252
1,13,9.720325
1,14,15.333952
1,15,30.0
1,2,1.2413596
1,3,1.8250871
1,4,2.3695729
1,5,2.8697891
1,6,3.3272152
1,7,3.7516074
1,8,4.164245
1,9,4.6043053
10,0,0.0
10,1,11.078311
10,10,49.260895
10,11,47.661514
10,12,44.901062
10,13,40.925182
10,14,35.827724
10,15,30.0
10,2,21.112623
10,3,29.55257
10,4,36.289543
10,5,41.44804
10,6,45.22402
10,7,47.798153
10,8,49.298225
10,9,49.786804
11,0,0.0
11,1,14.506859
11,10,56.89769
11,11,54.78094
11,12,51.170242
11,13,45.806404
11,14,38.595825
11,15,30.0
11,2,27.043888
11,3,36.967724
11,4,44.44069
11,5,49.879303
11,6,53.687057
11,7,56.16543
11,8,57.49813
11,9,57.75521
12,0,0.0
12,1,19.908798
12,10,65.81119
12,11,63.409523
12,12,59.20482
12,13,52.542877
12,14,42.753586
12,15,30.0
12,2,35.595318
12,3,46.844025
12,4,54.63931
12,5,59.957115
12,6,63.497025
12,7,65.69717
12,8,66.79288
12,9,66.857
13,0,0.0
13,1,29.53597
13,10,76.09498
13,11,73.8538
13,12,69.70674
13,13,62.413788
13,14,49.87927
13,15,30.0
13,2,48.59043
13,3,60.182274
13,4,67.326416
13,5,71.82585
13,6,74.6614
13,7,76.34897
13,8,77.13518
13,9,77.08434
14,0,0.0
14,1,49.646805
14,10,87.64098
14,11,86.21297
14,12,83.36182
14,13,77.53132
14,14,64.35231
14,15,30.0
14,2,69.05235
14,3,77.97438
14,4,82.66612
14,5,85.367836
14,6,86.98427
14,7,87.91334
14,8,88.32597
14,9,88.26137
15,0,0.0
15,1,100.0
15,10,100.0
15,11,100.0
15,12,100.0
15,13,100.0
15,14,100.0
15,15,30.0
15,2,100.0
15,3,100.0
15,4,100.0
15,5,100.0
15,6,100.0
15,7,100.0
15,8,100.0
15,9,100.0
2,0,0.0
2,1,1.2727509
2,10,10.053121
2,11,11.312086
2,12,13.214884
2,13,16.335915
2,14,21.616049
2,15,30.0
2,2,2.5125508
2,3,3.6904132
2,4,4.7847004
2,5,5.78399
2,6,6.6893167
2,7,7.5170507
2,8,8.303255
2,9,9.112255
3,0,0.0
3,1,1.950687
3,10,14.649544
3,11,16.067802
3,12,18.002151
3,13,20.79464
3,14,24.795475
3,15,30.0
3,2,3.847082
3,3,5.6413517
3,4,7.297591
3,5,8.795469
3,6,10.132926
3,7,11.3283
3,8,12.424013
3,9,13.492893
4,0,0.0
4,1,2.6840494
4,10,18.99113
4,11,20.313427
4,12,21.936197
4,13,24.048452
4,14,26.773016
4,15,30.0
4,2,5.2859373
4,3,7.733683
4,4,9.97317
4,5,11.972755
4,6,13.724744
4,7,15.246019
4,8,16.578712
4,9,17.7929
5,0,0.0
5,1,3.5011687
5,10,23.218037
5,11,24.266922
5,12,25.387491
5,13,26.694744
5,14,28.250586
5,15,30.0
5,2,6.882185
5,3,10.038997
5,4,12.89496
5,5,15.405176
5,6,17.556032
5,7,19.361832
5,8,20.861908
5,9,22.118805
6,0,0.0
6,1,4.4406285
6,10,27.507446
6,11,28.159431
6,12,28.66081
6,13,29.098526
6,14,29.537746
6,15,30.0
6,2,8.706899
6,3,12.651583
6,4,16.170738
6,5,19.20705
6,6,21.74379
6,7,23.795874
6,8,25.401249
6,9,26.615261
7,0,0.0
7,1,5.5571556
7,10,32.051826
7,11,32.21562
7,12,32.008286
7,13,31.508234
7,14,30.805676
7,15,30.0
7,2,10.858657
7,3,15.697626
7,4,19.9398
7,5,23.520927
7,6,26.43045
7,7,28.691986
7,8,30.347912
7,9,31.449327
8,0,0.0
8,1,6.9326143
8,10,37.05207
8,11,36.65794
8,12,35.660656
8,13,34.128914
8,14,32.181133
8,15,30.0
8,2,13.479339
8,3,19.35
8,4,24.382114
8,5,28.52118
8,6,31.781708
8,7,34.211727
8,8,35.867645
8,9,36.80059
9,0,0.0
9,1,8.697596
9,10,42.7167
9,11,41.719948
9,12,39.86071
9,13,37.17498
9,14,33.794712
9,15,30.0
9,2,16.783356
9,3,23.851477
9,4,29.731255
9,5,34.4163
9,6,37.982025
9,7,40.52547
9,8,42.13085
9,9,42.853493
