0,0,0.0
0,1,0.0
0,2,0.0
0,3,0.0
0,4,0.0
0,5,0.0
0,6,0.0
0,7,30.0
1,0,0.0
1,1,2.9710975
1,2,5.5983768
1,3,7.7465167
1,4,9.598963
1,5,11.871431
1,6,16.599808
1,7,30.0
2,0,0.0
2,1,6.286027
2,2,11.675915
2,3,15.788759
2,4,18.777931
2,5,21.28698
2,6,24.527807
2,7,30.0
3,0,0.0
3,1,10.497119
3,2,19.03054
3,3,24.954725
3,4,28.43708
3,5,29.970795
3,6,30.224464
3,7,30.0
4,0,0.0
4,1,16.671938
4,2,28.994453
4,3,36.562584
4,4,40.044945
4,5,39.934708
4,6,36.399284
4,7,30.0
5,0,0.0
5,1,27.19621
5,2,43.712803
5,3,52.256287
5,4,55.245453
5,5,53.323875
5,6,45.43799
5,7,30.0
6,0,0.0
6,1,48.400127
6,2,66.40431
6,3,73.50433
6,4,75.35679
6,5,72.67737
6,6,62.02884
6,7,30.0
7,0,0.0
7,1,100.0
7,2,100.0
7,3,100.0
7,4,100.0
7,5,100.0
7,6,100.0
7,7,30.0
