0,0,0.0
0,1,0.0
0,10,0.0
0,11,0.0
0,12,0.0
0,13,0.0
0,14,0.0
0,15,30.0
0,2,0.0
0,3,0.0
0,4,0.0
0,5,0.0
0,6,0.0
0,7,0.0
0,8,0.0
0,9,0.0
1,0,0.0
1,1,0.63309294
1,10,5.137064
1,11,5.9089403
1,12,7.204998
1,13,9.714306
1,14,15.330608
1,15,30.0
1,2,1.2499506
1,3,1.8362511
1,4,2.3816535
1,5,2.8809328
1,6,3.3358884
1,7,3.7566476
1,8,4.1652107
1,9,4.6014147
10,0,0.0
10,1,11.013963
10,10,48.88771
10,11,47.33098
10,12,44.633057
10,13,40.736214
10,14,35.730087
10,15,30.0
10,2,20.984505
10,3,29.362406
10,4,36.040447
10,5,41.14573
10,6,44.877033
10,7,47.418617
10,8,48.901695
10,9,49.391663
11,0,0.0
11,1,14.443352
11,10,56.542942
11,11,54.467857
11,12,50.91681
11,13,45.628143
11,14,38.50374
11,15,30.0
11,2,26.917826
11,3,36.781124
11,4,44.19745
11,5,49.585426
11,6,53.351524
11,7,55.800232
11,8,57.11829
11,9,57.37841
12,0,0.0
12,1,19.853174
12,10,65.50813
12,11,63.14248
12,12,58.989143
12,13,52.391243
12,14,42.67537
12,15,30.0
12,2,35.484993
12,3,46.681175
12,4,54.42754
12,5,59.702168
12,6,63.20688
12,7,65.382416
12,8,66.466606
12,9,66.534164
13,0,0.0
13,1,29.494669
13,10,75.873566
13,11,73.65906
13,12,69.54953
13,13,62.30342
13,14,49.822323
13,15,30.0
13,2,48.508625
13,3,60.061638
13,4,67.1699
13,5,71.63775
13,6,74.44782
13,7,76.11779
13,8,76.89598
13,9,76.848175
14,0,0.0
14,1,49.62481
14,10,87.52414
14,11,86.11023
14,12,83.27898
14,13,77.473145
14,14,64.32233
14,15,30.0
14,2,69.00879
14,3,77.91023
14,4,82.58294
14,5,85.26801
14,6,86.87105
14,7,87.790924
14,8,88.19949
14,9,88.13657
15,0,0.0
15,1,100.0
15,10,100.0
15,11,100.0
15,12,100.0
15,13,100.0
15,14,100.0
15,15,30.0
15,2,100.0
15,3,100.0
15,4,100.0
15,5,100.0
15,6,100.0
15,7,100.0
15,8,100.0
15,9,100.0
2,0,0.0
2,1,1.2801542
2,10,10.034529
2,11,11.291321
2,12,13.195355
2,13,16.320766
2,14,21.607807
2,15,30.0
2,2,2.5259695
2,3,3.707466
2,4,4.80216
2,5,5.798715
2,6,6.6984115
2,7,7.5187545
2,8,8.296944
2,9,9.098768
3,0,0.0
3,1,1.9573517
3,10,14.605972
3,11,16.023521
3,12,17.962574
3,13,20.764948
3,14,24.779547
3,15,30.0
3,2,3.858695
3,3,5.6546016
3,4,7.3085895
3,5,8.799995
3,6,10.127814
3,7,11.31157
3,8,12.395758
3,9,13.455097
4,0,0.0
4,1,2.685732
4,10,18.90784
4,11,20.233156
4,12,21.867043
4,13,23.99761
4,14,26.746117
4,15,30.0
4,2,5.2872877
4,3,7.7313566
4,4,9.962744
4,5,11.950329
4,6,13.687195
4,7,15.192483
4,8,16.510544
4,9,17.714087
5,0,0.0
5,1,3.4935253
5,10,23.0811
5,11,24.13927
5,12,25.279806
5,13,26.616838
5,14,28.209648
5,15,30.0
5,2,6.8651285
5,3,10.009152
5,4,12.84874
5,5,15.339113
5,6,17.468615
5,7,19.25366
5,8,20.73674
5,9,21.983246
6,0,0.0
6,1,4.420407
6,10,27.307682
6,11,27.976738
6,12,28.509071
6,13,28.989689
6,14,29.480953
6,15,30.0
6,2,8.664864
6,3,12.585352
6,4,16.077438
6,5,19.085157
6,6,21.593418
6,7,23.620342
6,8,25.207014
6,9,26.41206
7,0,0.0
7,1,5.5226593
7,10,31.787434
7,11,31.977106
7,12,31.811905
7,13,31.368458
7,14,30.732944
7,15,30.0
7,2,10.788748
7,3,15.590648
7,4,19.794783
7,5,23.337944
7,6,26.212404
7,7,28.44476
7,8,30.081139
7,9,31.176022
8,0,0.0
8,1,6.8845363
8,10,36.73103
8,11,36.370636
8,12,35.425858
8,13,33.96242
8,14,32.094822
8,15,30.0
8,2,13.382708
8,3,19.204605
8,4,24.188316
8,5,28.281542
8,6,31.501305
8,7,33.899364
8,8,35.535744
8,9,36.46492
9,0,0.0
9,1,8.638825
9,10,42.356457
9,11,41.399708
9,12,39.60001
9,13,36.99088
9,14,33.699375
9,15,30.0
9,2,16.666056
9,3,23.676289
9,4,29.500412
9,5,34.13393
9,6,37.655563
9,7,40.165733
9,8,41.752403
9,9,42.474205
