0,0,0.0
0,1,0.0
0,10,0.0
0,11,0.0
0,12,0.0
0,13,0.0
0,14,0.0
0,15,30.0
0,2,0.0
0,3,0.0
0,4,0.0
0,5,0.0
0,6,0.0
0,7,0.0
0,8,0.0
0,9,0.0
1,0,0.0
1,1,0.6356864
1,10,5.1765447
1,11,5.9455957
1,12,7.2358227
1,13,9.736564
1,14,15.342289
1,15,30.0
1,2,1.255595
1,3,1.845829
1,4,2.3960726
1,5,2.9010706
1,6,3.3620532
1,7,3.788589
1,8,4.2017846
1,9,4.640729
10,0,0.0
10,1,11.119966
10,10,49.448776
10,11,47.824158
10,12,45.030613
10,13,41.015312
10,14,35.873943
10,15,30.0
10,2,21.194414
10,3,29.67145
10,4,36.44103
10,5,41.626205
10,6,45.421726
10,7,48.007175
10,8,49.50958
10,9,49.991104
11,0,0.0
11,1,14.543735
11,10,57.06362
11,11,54.92453
11,12,51.28461
11,13,45.88595
11,14,38.63662
11,15,30.0
11,2,27.116276
11,3,37.072937
11,4,44.574707
11,5,50.036903
11,6,53.861874
11,7,56.35019
11,8,57.68489
11,9,57.935677
12,0,0.0
12,1,19.938702
12,10,65.945496
12,11,63.52574
12,12,59.297363
12,13,52.607243
12,14,42.78659
12,15,30.0
12,2,35.654022
12,3,46.929325
12,4,54.747955
12,5,60.08484
12,6,63.63868
12,7,65.84683
12,8,66.94412
12,9,67.00312
13,0,0.0
13,1,29.557045
13,10,76.189514
13,11,73.93558
13,12,69.771866
13,13,62.459076
13,14,49.90249
13,15,30.0
13,2,48.631798
13,3,60.242382
13,4,67.40296
13,5,71.915825
13,6,74.76117
13,7,76.45436
13,8,77.24167
13,9,77.187195
14,0,0.0
14,1,49.657692
14,10,87.689804
14,11,86.2552
14,12,83.39545
14,13,77.5547
14,14,64.364296
14,15,30.0
14,2,69.07373
14,3,78.00545
14,4,82.70569
14,5,85.41434
14,6,87.03583
14,7,87.96779
14,8,88.38099
14,9,88.3145
15,0,0.0
15,1,100.0
15,10,100.0
15,11,100.0
15,12,100.0
15,13,100.0
15,14,100.0
15,15,30.0
15,2,100.0
15,3,100.0
15,4,100.0
15,5,100.0
15,6,100.0
15,7,100.0
15,8,100.0
15,9,100.0
2,0,0.0
2,1,1.2871511
2,10,10.119858
2,11,11.370018
2,12,13.261134
2,13,16.368145
2,14,21.632593
2,15,30.0
2,2,2.5408664
2,3,3.7316496
2,4,4.837394
2,5,5.846159
2,6,6.7585564
2,7,7.5905204
2,8,8.377825
2,9,9.184588
3,0,0.0
3,1,1.972053
3,10,14.748286
3,11,16.153488
3,12,18.070557
3,13,20.84229
3,14,24.819939
3,15,30.0
3,2,3.8890727
3,3,5.7025123
3,4,7.375698
3,5,8.887621
3,6,10.235499
3,7,11.4371195
3,8,12.53441
3,9,13.599949
4,0,0.0
4,1,2.7119908
4,10,19.119858
4,11,20.425102
4,12,22.02531
4,13,24.11053
4,14,26.804873
4,15,30.0
4,2,5.3408613
4,3,7.813636
4,4,10.075273
4,5,12.093137
4,6,13.858707
4,7,15.388055
4,8,16.72276
4,9,17.932518
5,0,0.0
5,1,3.5350502
5,10,23.37353
5,11,24.401756
5,12,25.495068
5,13,26.76965
5,14,28.289028
5,15,30.0
5,2,6.948753
5,3,10.1359
5,4,13.018628
5,5,15.550956
5,6,17.71815
5,7,19.533651
5,8,21.036055
5,9,22.287527
6,0,0.0
6,1,4.4794617
6,10,27.684994
6,11,28.313343
6,12,28.783548
6,13,29.183989
6,14,29.58159
6,15,30.0
6,2,8.783203
6,3,12.762595
6,4,16.312393
6,5,19.37392
6,6,21.929298
6,7,23.992355
6,8,25.6003
6,9,26.808008
7,0,0.0
7,1,5.599596
7,10,32.245102
7,11,32.38308
7,12,32.141808
7,13,31.601164
7,14,30.853357
7,15,30.0
7,2,10.942011
7,3,15.818892
7,4,20.09444
7,5,23.703047
7,6,26.632778
7,7,28.906193
7,8,30.564793
7,9,31.659235
8,0,0.0
8,1,6.976916
8,10,37.253117
8,11,36.832085
8,12,35.799446
8,13,34.22551
8,14,32.230675
8,15,30.0
8,2,13.566357
8,3,19.476528
8,4,24.543446
8,5,28.71106
8,6,31.992588
8,7,34.43486
8,8,36.09346
8,9,37.019043
9,0,0.0
9,1,8.741714
9,10,42.916245
9,11,41.892715
9,12,39.998383
9,13,37.27076
9,14,33.84384
9,15,30.0
9,2,16.869976
9,3,23.977428
9,4,29.891766
9,5,34.605175
9,6,38.191673
9,7,40.74721
9,8,42.35516
9,9,43.07038
