0,0,0.0
0,1,0.0
0,10,0.0
0,11,0.0
0,12,0.0
0,13,0.0
0,14,0.0
0,15,30.0
0,2,0.0
0,3,0.0
0,4,0.0
0,5,0.0
0,6,0.0
0,7,0.0
0,8,0.0
0,9,0.0
1,0,0.0
1,1,0.6356908
1,10,5.1765633
1,11,5.945612
1,12,7.2358356
1,13,9.736572
1,14,15.342293
1,15,30.0
1,2,1.2556037
1,3,1.8458413
1,4,2.3960884
1,5,2.9010887
1,6,3.3620734
1,7,3.7886097
1,8,4.201806
1,9,4.640749
10,0,0.0
10,1,11.119983
10,10,49.448853
10,11,47.82422
10,12,45.030663
10,13,41.01535
10,14,35.873962
10,15,30.0
10,2,21.19445
10,3,29.671501
10,4,36.441093
10,5,41.626274
10,6,45.421806
10,7,48.007256
10,8,49.50966
10,9,49.99118
11,0,0.0
11,1,14.54375
11,10,57.063683
11,11,54.924583
11,12,51.284653
11,13,45.88597
11,14,38.63663
11,15,30.0
11,2,27.116304
11,3,37.07298
11,4,44.574753
11,5,50.03696
11,6,53.86194
11,7,56.350266
11,8,57.68496
11,9,57.93575
12,0,0.0
12,1,19.938711
12,10,65.94555
12,11,63.525787
12,12,59.297394
12,13,52.60726
12,14,42.786594
12,15,30.0
12,2,35.654045
12,3,46.92935
12,4,54.747993
12,5,60.08488
12,6,63.63873
12,7,65.84689
12,8,66.94418
12,9,67.003174
13,0,0.0
13,1,29.557053
13,10,76.18955
13,11,73.93561
13,12,69.77188
13,13,62.459084
13,14,49.902493
13,15,30.0
13,2,48.63181
13,3,60.2424
13,4,67.402985
13,5,71.91585
13,6,74.7612
13,7,76.4544
13,8,77.24171
13,9,77.18723
14,0,0.0
14,1,49.657696
14,10,87.68982
14,11,86.25522
14,12,83.39545
14,13,77.5547
14,14,64.364296
14,15,30.0
14,2,69.07374
14,3,78.005455
14,4,82.705696
14,5,85.41434
14,6,87.035835
14,7,87.96781
14,8,88.381004
14,9,88.314514
15,0,0.0
15,1,100.0
15,10,100.0
15,11,100.0
15,12,100.0
15,13,100.0
15,14,100.0
15,15,30.0
15,2,100.0
15,3,100.0
15,4,100.0
15,5,100.0
15,6,100.0
15,7,100.0
15,8,100.0
15,9,100.0
2,0,0.0
2,1,1.2871598
2,10,10.119893
2,11,11.3700485
2,12,13.261158
2,13,16.368162
2,14,21.6326
2,15,30.0
2,2,2.540883
2,3,3.731674
2,4,4.8374243
2,5,5.8461947
2,6,6.7585955
2,7,7.590562
2,8,8.377865
2,9,9.184628
3,0,0.0
3,1,1.9720654
3,10,14.748337
3,11,16.153532
3,12,18.070591
3,13,20.842316
3,14,24.81995
3,15,30.0
3,2,3.889097
3,3,5.7025476
3,4,7.375743
3,5,8.887672
3,6,10.235556
3,7,11.437178
3,8,12.53447
3,9,13.600004
4,0,0.0
4,1,2.7120066
4,10,19.11992
4,11,20.425158
4,12,22.025356
4,13,24.110561
4,14,26.80489
4,15,30.0
4,2,5.3408923
4,3,7.8136797
4,4,10.075328
4,5,12.093203
4,6,13.858779
4,7,15.38813
4,8,16.722832
4,9,17.93259
5,0,0.0
5,1,3.535069
5,10,23.373604
5,11,24.40182
5,12,25.495117
5,13,26.769688
5,14,28.289047
5,15,30.0
5,2,6.9487886
5,3,10.135953
5,4,13.018694
5,5,15.551032
5,6,17.718233
5,7,19.533737
5,8,21.03614
5,9,22.287607
6,0,0.0
6,1,4.4794817
6,10,27.685074
6,11,28.31341
6,12,28.783604
6,13,29.184025
6,14,29.581612
6,15,30.0
6,2,8.783243
6,3,12.762652
6,4,16.312466
6,5,19.374004
6,6,21.92939
6,7,23.99245
6,8,25.600393
6,9,26.808098
7,0,0.0
7,1,5.5996175
7,10,32.245186
7,11,32.383156
7,12,32.141865
7,13,31.601204
7,14,30.853378
7,15,30.0
7,2,10.942051
7,3,15.818951
7,4,20.094515
7,5,23.703133
7,6,26.632872
7,7,28.906292
7,8,30.564888
7,9,31.659327
8,0,0.0
8,1,6.976937
8,10,37.2532
8,11,36.83216
8,12,35.7995
8,13,34.225548
8,14,32.230698
8,15,30.0
8,2,13.566398
8,3,19.476587
8,4,24.543522
8,5,28.711145
8,6,31.992683
8,7,34.434956
8,8,36.093555
8,9,37.019135
9,0,0.0
9,1,8.741734
9,10,42.91633
9,11,41.892784
9,12,39.998436
9,13,37.270798
9,14,33.843864
9,15,30.0
9,2,16.870014
9,3,23.977484
9,4,29.891834
9,5,34.605255
9,6,38.19176
9,7,40.747303
9,8,42.355244
9,9,43.070473
