0,0,0.0
0,1,0.0
0,10,0.0
0,11,0.0
0,12,0.0
0,13,0.0
0,14,0.0
0,15,30.0
0,2,0.0
0,3,0.0
0,4,0.0
0,5,0.0
0,6,0.0
0,7,0.0
0,8,0.0
0,9,0.0
1,0,0.0
1,1,0.6356894
1,10,5.1765575
1,11,5.945606
1,12,7.2358317
1,13,9.73657
1,14,15.342293
1,15,30.0
1,2,1.2556009
1,3,1.8458371
1,4,2.3960834
1,5,2.901083
1,6,3.3620667
1,7,3.788603
1,8,4.2017984
1,9,4.6407423
10,0,0.0
10,1,11.119978
10,10,49.448826
10,11,47.824196
10,12,45.030647
10,13,41.015335
10,14,35.873955
10,15,30.0
10,2,21.194439
10,3,29.671482
10,4,36.44107
10,5,41.626255
10,6,45.421783
10,7,48.00723
10,8,49.509632
10,9,49.991158
11,0,0.0
11,1,14.543744
11,10,57.06366
11,11,54.92456
11,12,51.284637
11,13,45.885963
11,14,38.636627
11,15,30.0
11,2,27.116295
11,3,37.072964
11,4,44.574738
11,5,50.036945
11,6,53.861916
11,7,56.350243
11,8,57.68494
11,9,57.935726
12,0,0.0
12,1,19.93871
12,10,65.94553
12,11,63.525764
12,12,59.297386
12,13,52.607254
12,14,42.786594
12,15,30.0
12,2,35.654037
12,3,46.929344
12,4,54.747986
12,5,60.084873
12,6,63.63871
12,7,65.84688
12,8,66.94417
12,9,67.00316
13,0,0.0
13,1,29.557053
13,10,76.189545
13,11,73.9356
13,12,69.77187
13,13,62.45908
13,14,49.902493
13,15,30.0
13,2,48.631805
13,3,60.2424
13,4,67.402985
13,5,71.91585
13,6,74.76119
13,7,76.45439
13,8,77.2417
13,9,77.187225
14,0,0.0
14,1,49.657696
14,10,87.68982
14,11,86.25522
14,12,83.39545
14,13,77.5547
14,14,64.364296
14,15,30.0
14,2,69.07374
14,3,78.005455
14,4,82.705696
14,5,85.41434
14,6,87.035835
14,7,87.967804
14,8,88.381004
14,9,88.31451
15,0,0.0
15,1,100.0
15,10,100.0
15,11,100.0
15,12,100.0
15,13,100.0
15,14,100.0
15,15,30.0
15,2,100.0
15,3,100.0
15,4,100.0
15,5,100.0
15,6,100.0
15,7,100.0
15,8,100.0
15,9,100.0
2,0,0.0
2,1,1.2871569
2,10,10.119882
2,11,11.370039
2,12,13.26115
2,13,16.368156
2,14,21.632599
2,15,30.0
2,2,2.5408776
2,3,3.7316656
2,4,4.8374147
2,5,5.846184
2,6,6.7585835
2,7,7.5905476
2,8,8.377852
2,9,9.184614
3,0,0.0
3,1,1.9720614
3,10,14.748321
3,11,16.153519
3,12,18.07058
3,13,20.842308
3,14,24.819948
3,15,30.0
3,2,3.8890889
3,3,5.7025356
3,4,7.3757286
3,5,8.887656
3,6,10.235537
3,7,11.4371605
3,8,12.53445
3,9,13.599987
4,0,0.0
4,1,2.7120013
4,10,19.1199
4,11,20.425137
4,12,22.025341
4,13,24.11055
4,14,26.804884
4,15,30.0
4,2,5.3408823
4,3,7.813665
4,4,10.075311
4,5,12.093181
4,6,13.858755
4,7,15.388105
4,8,16.722809
4,9,17.932568
5,0,0.0
5,1,3.5350628
5,10,23.37358
5,11,24.401798
5,12,25.495098
5,13,26.769674
5,14,28.28904
5,15,30.0
5,2,6.948777
5,3,10.135936
5,4,13.018671
5,5,15.551006
5,6,17.718204
5,7,19.53371
5,8,21.036114
5,9,22.28758
6,0,0.0
6,1,4.479475
6,10,27.68505
6,11,28.313389
6,12,28.783585
6,13,29.184013
6,14,29.581606
6,15,30.0
6,2,8.78323
6,3,12.762634
6,4,16.312443
6,5,19.373976
6,6,21.92936
6,7,23.99242
6,8,25.600365
6,9,26.808071
7,0,0.0
7,1,5.5996103
7,10,32.24516
7,11,32.383133
7,12,32.14184
7,13,31.60119
7,14,30.85337
7,15,30.0
7,2,10.942038
7,3,15.818931
7,4,20.094492
7,5,23.703106
7,6,26.632841
7,7,28.906258
7,8,30.564857
7,9,31.659298
8,0,0.0
8,1,6.9769297
8,10,37.253174
8,11,36.832134
8,12,35.799484
8,13,34.225536
8,14,32.23069
8,15,30.0
8,2,13.566383
8,3,19.476568
8,4,24.543497
8,5,28.711117
8,6,31.992653
8,7,34.434925
8,8,36.09352
8,9,37.019108
9,0,0.0
9,1,8.741727
9,10,42.916298
9,11,41.89276
9,12,39.998417
9,13,37.270786
9,14,33.843857
9,15,30.0
9,2,16.870003
9,3,23.977465
9,4,29.891813
9,5,34.60523
9,6,38.19173
9,7,40.747272
9,8,42.355217
9,9,43.070442
