0,0,0.0
0,1,0.0
0,10,0.0
0,11,0.0
0,12,0.0
0,13,0.0
0,14,0.0
0,15,0.0
0,16,0.0
0,17,0.0
0,18,0.0
0,19,0.0
0,2,0.0
0,20,0.0
0,21,0.0
0,22,0.0
0,23,0.0
0,24,0.0
0,25,0.0
0,26,0.0
0,27,0.0
0,28,0.0
0,29,30.0
0,3,0.0
0,4,0.0
0,5,0.0
0,6,0.0
0,7,0.0
0,8,0.0
0,9,0.0
1,0,0.0
1,1,1.175159
1,10,5.8905888
1,11,5.9278154
1,12,5.946431
1,13,5.9549036
1,14,5.958616
1,15,5.960172
1,16,5.961023
1,17,5.9621124
1,18,5.9643793
1,19,5.969992
1,2,2.281191
1,20,5.982525
1,21,6.010799
1,22,6.0699053
1,23,6.1929927
1,24,6.440464
1,25,6.94236
1,26,7.9763346
1,27,10.228558
1,28,15.58758
1,29,30.0
1,3,3.2571018
1,4,4.0703607
1,5,4.7028956
1,6,5.168973
1,7,5.4878693
1,8,5.6951504
1,9,5.8195205
10,0,0.0
10,1,5.8905888
10,10,29.333733
10,11,29.512146
10,12,29.599276
10,13,29.638947
10,14,29.655697
10,15,29.66227
10,16,29.664684
10,17,29.665571
10,18,29.666113
10,19,29.666842
10,2,11.424172
10,20,29.668526
10,21,29.671822
10,22,29.678654
10,23,29.69056
10,24,29.711239
10,25,29.742645
10,26,29.78846
10,27,29.848112
10,28,29.920593
10,29,30.0
10,3,16.308487
10,4,20.355492
10,5,23.505362
10,6,25.803917
10,7,27.378204
10,8,28.387362
10,9,28.993631
11,0,0.0
11,1,5.927815
11,10,29.512146
11,11,29.691221
11,12,29.778748
11,13,29.818533
11,14,29.83534
11,15,29.841928
11,16,29.84432
11,17,29.845163
11,18,29.84552
11,19,29.84592
11,2,11.496932
11,20,29.846638
11,21,29.848267
11,22,29.851276
11,23,29.857056
11,24,29.86642
11,25,29.881382
11,26,29.902323
11,27,29.930214
11,28,29.963413
11,29,30.0
11,3,16.410858
11,4,20.483612
11,5,23.651308
11,6,25.96398
11,7,27.546328
11,8,28.561295
11,9,29.170269
12,0,0.0
12,1,5.946428
12,10,29.599276
12,11,29.778748
12,12,29.866394
12,13,29.906248
12,14,29.923079
12,15,29.929665
12,16,29.932056
12,17,29.932861
12,18,29.93316
12,19,29.93335
12,2,11.532467
12,20,29.93369
12,21,29.934328
12,22,29.9357
12,23,29.938076
12,24,29.942282
12,25,29.948593
12,26,29.957855
12,27,29.969772
12,28,29.984236
12,29,30.0
12,3,16.461843
12,4,20.546185
12,5,23.723537
12,6,26.042145
12,7,27.629015
12,8,28.646235
12,9,29.256779
13,0,0.0
13,1,5.9548883
13,10,29.638943
13,11,29.818533
13,12,29.906248
13,13,29.946123
13,14,29.962957
13,15,29.969551
13,16,29.971931
13,17,29.972734
13,18,29.972992
13,19,29.973114
13,2,11.549019
13,20,29.97324
13,21,29.973516
13,22,29.974018
13,23,29.975018
13,24,29.976631
13,25,29.979261
13,26,29.98291
13,27,29.987812
13,28,29.993607
13,29,30.0
13,3,16.485016
13,4,20.575151
13,5,23.756367
13,6,26.078066
13,7,27.666595
13,8,28.685036
13,9,29.296099
14,0,0.0
14,1,5.958567
14,10,29.655695
14,11,29.835342
14,12,29.923077
14,13,29.96296
14,14,29.979797
14,15,29.98639
14,16,29.988771
14,17,29.989567
14,18,29.989817
14,19,29.9899
14,2,11.556007
14,20,29.989962
14,21,29.990051
14,22,29.99025
14,23,29.990593
14,24,29.991222
14,25,29.992167
14,26,29.993576
14,27,29.995384
14,28,29.997597
14,29,30.0
14,3,16.49504
14,4,20.587381
14,5,23.77045
14,6,26.093233
14,7,27.682594
14,8,28.701416
14,9,29.31275
15,0,0.0
15,1,5.9600067
15,10,29.662258
15,11,29.84192
15,12,29.929665
15,13,29.969547
15,14,29.98639
15,15,29.992977
15,16,29.99536
15,17,29.996157
15,18,29.9964
15,19,29.996475
15,2,11.558828
15,20,29.996502
15,21,29.99654
15,22,29.996597
15,23,29.996727
15,24,29.996925
15,25,29.997267
15,26,29.99774
15,27,29.998386
15,28,29.999151
15,29,30.0
15,3,16.498962
15,4,20.592278
15,5,23.775963
15,6,26.099243
15,7,27.688854
15,8,28.70786
15,9,29.319267
16,0,0.0
16,1,5.9605465
16,10,29.66463
16,11,29.844303
16,12,29.932047
16,13,29.971931
16,14,29.98877
16,15,29.995361
16,16,29.997746
16,17,29.998539
16,18,29.998783
16,19,29.99885
16,2,11.559847
16,20,29.998875
16,21,29.998882
16,22,29.998909
16,23,29.998941
16,24,29.999012
16,25,29.999113
16,26,29.999271
16,27,29.999474
16,28,29.999725
16,29,30.0
16,3,16.500425
16,4,20.594046
16,5,23.777996
16,6,26.101418
16,7,27.69114
16,8,28.710194
16,9,29.32163
17,0,0.0
17,1,5.960726
17,10,29.665426
17,11,29.845097
17,12,29.932842
17,13,29.972725
17,14,29.989567
17,15,29.996155
17,16,29.998539
17,17,29.999334
17,18,29.999577
17,19,29.999645
17,2,11.5602
17,20,29.999662
17,21,29.999672
17,22,29.999676
17,23,29.999687
17,24,29.999706
17,25,29.999737
17,26,29.99978
17,27,29.999844
17,28,29.999918
17,29,30.0
17,3,16.50091
17,4,20.594652
17,5,23.77867
17,6,26.10215
17,7,27.691902
17,8,28.710976
17,9,29.322418
18,0,0.0
18,1,5.9607835
18,10,29.665668
18,11,29.845339
18,12,29.933083
18,13,29.972971
18,14,29.98981
18,15,29.996399
18,16,29.998783
18,17,29.999577
18,18,29.99982
18,19,29.999886
18,2,11.560307
18,20,29.999905
18,21,29.999908
18,22,29.999912
18,23,29.999916
18,24,29.99992
18,25,29.99993
18,26,29.999943
18,27,29.999958
18,28,29.999977
18,29,30.0
18,3,16.501066
18,4,20.594837
18,5,23.778883
18,6,26.102375
18,7,27.692137
18,8,28.711214
18,9,29.32266
19,0,0.0
19,1,5.9607997
19,10,29.665735
19,11,29.845406
19,12,29.933153
19,13,29.973038
19,14,29.98988
19,15,29.99647
19,16,29.99885
19,17,29.999645
19,18,29.999886
19,19,29.999956
19,2,11.560338
19,20,29.999973
19,21,29.999977
19,22,29.999979
19,23,29.99998
19,24,29.99998
19,25,29.999983
19,26,29.999989
19,27,29.999992
19,28,29.999996
19,29,30.0
19,3,16.50111
19,4,20.59489
19,5,23.778942
19,6,26.102442
19,7,27.692204
19,8,28.71128
19,9,29.322731
2,0,0.0
2,1,2.281191
2,10,11.424172
2,11,11.496933
2,12,11.532474
2,13,11.549043
2,14,11.556099
2,15,11.559101
2,16,11.560706
2,17,11.562542
2,18,11.566676
2,19,11.576048
2,2,4.424128
2,20,11.59822
2,21,11.645605
2,22,11.746613
2,23,11.94833
2,24,12.346524
2,25,13.10595
2,26,14.54195
2,27,17.212063
2,28,22.052633
2,29,30.0
2,3,6.3217325
2,4,7.894033
2,5,9.125811
2,6,10.024676
2,7,10.646522
2,8,11.045142
2,9,11.287958
20,0,0.0
20,1,5.960804
20,10,29.665754
20,11,29.845425
20,12,29.93317
20,13,29.973055
20,14,29.989895
20,15,29.996487
20,16,29.998869
20,17,29.999662
20,18,29.999907
20,19,29.999973
20,2,11.560347
20,20,29.999992
20,21,29.999994
20,22,29.999996
20,23,29.999996
20,24,29.999996
20,25,29.999996
20,26,29.999998
20,27,30.0
20,28,30.0
20,29,30.0
20,3,16.50112
20,4,20.594906
20,5,23.77896
20,6,26.102459
20,7,27.69222
20,8,28.7113
20,9,29.322744
21,0,0.0
21,1,5.960805
21,10,29.665756
21,11,29.845428
21,12,29.933174
21,13,29.97306
21,14,29.989899
21,15,29.99649
21,16,29.998875
21,17,29.999668
21,18,29.999908
21,19,29.999977
21,2,11.5603485
21,20,29.999996
21,21,30.0
21,22,30.0
21,23,30.0
21,24,30.0
21,25,30.0
21,26,30.0
21,27,30.0
21,28,30.0
21,29,30.0
21,3,16.501125
21,4,20.594908
21,5,23.778965
21,6,26.102463
21,7,27.692226
21,8,28.711304
21,9,29.32275
22,0,0.0
22,1,5.960805
22,10,29.66576
22,11,29.845427
22,12,29.933174
22,13,29.973057
22,14,29.9899
22,15,29.99649
22,16,29.998875
22,17,29.999668
22,18,29.999912
22,19,29.999977
22,2,11.56035
22,20,29.999996
22,21,30.0
22,22,30.0
22,23,30.0
22,24,30.0
22,25,30.0
22,26,30.0
22,27,30.0
22,28,30.0
22,29,30.0
22,3,16.501122
22,4,20.594912
22,5,23.778961
22,6,26.102465
22,7,27.692226
22,8,28.711306
22,9,29.32275
23,0,0.0
23,1,5.9608054
23,10,29.665756
23,11,29.84543
23,12,29.933172
23,13,29.973059
23,14,29.989899
23,15,29.99649
23,16,29.998875
23,17,29.999672
23,18,29.99991
23,19,29.99998
23,2,11.560349
23,20,29.999996
23,21,30.0
23,22,30.0
23,23,30.0
23,24,30.0
23,25,30.0
23,26,30.0
23,27,30.0
23,28,30.0
23,29,30.0
23,3,16.501125
23,4,20.594908
23,5,23.778965
23,6,26.102463
23,7,27.692226
23,8,28.711304
23,9,29.322754
24,0,0.0
24,1,5.960805
24,10,29.66576
24,11,29.845425
24,12,29.933174
24,13,29.973057
24,14,29.9899
24,15,29.996487
24,16,29.998875
24,17,29.999668
24,18,29.999912
24,19,29.99998
24,2,11.56035
24,20,29.999996
24,21,30.0
24,22,30.0
24,23,30.0
24,24,30.0
24,25,30.0
24,26,30.0
24,27,30.0
24,28,30.0
24,29,30.0
24,3,16.501123
24,4,20.59491
24,5,23.778961
24,6,26.102465
24,7,27.692225
24,8,28.711304
24,9,29.32275
25,0,0.0
25,1,5.960805
25,10,29.665756
25,11,29.845428
25,12,29.933174
25,13,29.97306
25,14,29.989899
25,15,29.996492
25,16,29.998875
25,17,29.999668
25,18,29.999912
25,19,29.999977
25,2,11.560349
25,20,29.999996
25,21,30.0
25,22,30.0
25,23,30.0
25,24,30.0
25,25,30.0
25,26,30.0
25,27,30.0
25,28,30.0
25,29,30.0
25,3,16.501125
25,4,20.594908
25,5,23.778965
25,6,26.10246
25,7,27.692226
25,8,28.711304
25,9,29.322754
26,0,0.0
26,1,5.960805
26,10,29.66576
26,11,29.845428
26,12,29.933174
26,13,29.973057
26,14,29.9899
26,15,29.99649
26,16,29.998875
26,17,29.999668
26,18,29.999912
26,19,29.99998
26,2,11.56035
26,20,29.999996
26,21,30.0
26,22,30.0
26,23,30.0
26,24,30.0
26,25,30.0
26,26,30.0
26,27,30.0
26,28,30.0
26,29,30.0
26,3,16.501122
26,4,20.59491
26,5,23.778963
26,6,26.102465
26,7,27.692226
26,8,28.711304
26,9,29.322752
27,0,0.0
27,1,5.960805
27,10,29.66576
27,11,29.845428
27,12,29.933174
27,13,29.973059
27,14,29.989899
27,15,29.99649
27,16,29.998875
27,17,29.999668
27,18,29.999912
27,19,29.99998
27,2,11.5603485
27,20,29.999996
27,21,30.0
27,22,30.0
27,23,30.0
27,24,30.0
27,25,30.0
27,26,30.0
27,27,30.0
27,28,30.0
27,29,30.0
27,3,16.501125
27,4,20.594908
27,5,23.778965
27,6,26.102463
27,7,27.692226
27,8,28.711306
27,9,29.322752
28,0,0.0
28,1,5.960805
28,10,29.665758
28,11,29.845428
28,12,29.933176
28,13,29.973059
28,14,29.9899
28,15,29.99649
28,16,29.998873
28,17,29.999668
28,18,29.99991
28,19,29.999979
28,2,11.56035
28,20,29.999996
28,21,30.0
28,22,30.0
28,23,30.0
28,24,30.0
28,25,30.0
28,26,30.0
28,27,30.0
28,28,30.0
28,29,30.0
28,3,16.501123
28,4,20.59491
28,5,23.778961
28,6,26.102463
28,7,27.692226
28,8,28.711304
28,9,29.322752
29,0,0.0
29,1,5.960805
29,10,29.665758
29,11,29.845428
29,12,29.933174
29,13,29.973059
29,14,29.9899
29,15,29.996489
29,16,29.998873
29,17,29.999666
29,18,29.99991
29,19,29.999977
29,2,11.5603485
29,20,29.999996
29,21,30.0
29,22,30.0
29,23,30.0
29,24,30.0
29,25,30.0
29,26,30.0
29,27,30.0
29,28,30.0
29,29,30.0
29,3,16.501125
29,4,20.59491
29,5,23.778963
29,6,26.102463
29,7,27.692223
29,8,28.711306
29,9,29.32275
3,0,0.0
3,1,3.2571015
3,10,16.308487
3,11,16.410862
3,12,16.46185
3,13,16.48505
3,14,16.49514
3,15,16.499306
3,16,16.501404
3,17,16.503777
3,18,16.508474
3,19,16.520012
3,2,6.3217325
3,20,16.545353
3,21,16.601662
3,22,16.715708
3,23,16.943573
3,24,17.371006
3,25,18.152527
3,26,19.512907
3,27,21.779781
3,28,25.280766
3,29,30.0
3,3,9.025818
3,4,11.277261
3,5,13.028384
3,6,14.316756
3,7,15.198276
3,8,15.770008
3,9,16.11305
30,0,0.0
30,1,5.960805
30,10,29.665758
30,11,29.845428
30,12,29.933174
30,13,29.973059
30,14,29.9899
30,15,29.996489
30,16,29.998873
30,17,29.999668
30,18,29.999908
30,19,29.999979
30,2,11.560349
30,20,29.999996
30,21,30.0
30,22,30.0
30,23,30.0
30,24,30.0
30,25,30.0
30,26,30.0
30,27,30.0
30,28,30.0
30,29,30.0
30,3,16.501125
30,4,20.594908
30,5,23.778961
30,6,26.10246
30,7,27.692226
30,8,28.711304
30,9,29.322752
31,0,0.0
31,1,5.960805
31,10,29.66576
31,11,29.845428
31,12,29.933174
31,13,29.97306
31,14,29.989899
31,15,29.996489
31,16,29.99887
31,17,29.999666
31,18,29.99991
31,19,29.999977
31,2,11.5603485
31,20,29.999996
31,21,30.0
31,22,30.0
31,23,30.0
31,24,30.0
31,25,30.0
31,26,30.0
31,27,30.0
31,28,30.0
31,29,30.0
31,3,16.501122
31,4,20.59491
31,5,23.778961
31,6,26.102465
31,7,27.692225
31,8,28.711306
31,9,29.32275
32,0,0.0
32,1,5.960805
32,10,29.665756
32,11,29.845428
32,12,29.933174
32,13,29.973059
32,14,29.989899
32,15,29.996489
32,16,29.99887
32,17,29.999666
32,18,29.999908
32,19,29.999977
32,2,11.5603485
32,20,29.999996
32,21,30.0
32,22,30.0
32,23,30.0
32,24,30.0
32,25,30.0
32,26,30.0
32,27,30.0
32,28,30.0
32,29,30.0
32,3,16.501125
32,4,20.59491
32,5,23.778961
32,6,26.102463
32,7,27.692226
32,8,28.711304
32,9,29.322754
33,0,0.0
33,1,5.9608054
33,10,29.665758
33,11,29.845428
33,12,29.933174
33,13,29.973059
33,14,29.989899
33,15,29.996487
33,16,29.99887
33,17,29.999666
33,18,29.999908
33,19,29.999977
33,2,11.5603485
33,20,29.999996
33,21,30.0
33,22,30.0
33,23,30.0
33,24,30.0
33,25,30.0
33,26,30.0
33,27,30.0
33,28,30.0
33,29,30.0
33,3,16.501125
33,4,20.59491
33,5,23.778961
33,6,26.102463
33,7,27.692226
33,8,28.711306
33,9,29.32275
34,0,0.0
34,1,5.960805
34,10,29.66576
34,11,29.845428
34,12,29.933174
34,13,29.973059
34,14,29.989899
34,15,29.996487
34,16,29.99887
34,17,29.999666
34,18,29.999908
34,19,29.999977
34,2,11.56035
34,20,29.999996
34,21,30.0
34,22,30.0
34,23,30.0
34,24,30.0
34,25,30.0
34,26,30.0
34,27,30.0
34,28,30.0
34,29,30.0
34,3,16.501125
34,4,20.59491
34,5,23.778961
34,6,26.102463
34,7,27.692226
34,8,28.711306
34,9,29.32275
35,0,0.0
35,1,5.960806
35,10,29.66576
35,11,29.845428
35,12,29.933174
35,13,29.973059
35,14,29.989899
35,15,29.996487
35,16,29.99887
35,17,29.999666
35,18,29.999908
35,19,29.999977
35,2,11.56035
35,20,29.999996
35,21,30.0
35,22,30.0
35,23,30.0
35,24,30.0
35,25,30.0
35,26,30.0
35,27,30.0
35,28,30.0
35,29,30.0
35,3,16.501125
35,4,20.59491
35,5,23.778961
35,6,26.102463
35,7,27.692226
35,8,28.711306
35,9,29.32275
36,0,0.0
36,1,5.960805
36,10,29.665756
36,11,29.845428
36,12,29.933174
36,13,29.973059
36,14,29.989899
36,15,29.996487
36,16,29.99887
36,17,29.999666
36,18,29.999908
36,19,29.999977
36,2,11.56035
36,20,29.999996
36,21,30.0
36,22,30.0
36,23,30.0
36,24,30.0
36,25,30.0
36,26,30.0
36,27,30.0
36,28,30.0
36,29,30.0
36,3,16.501125
36,4,20.59491
36,5,23.778961
36,6,26.102463
36,7,27.692226
36,8,28.711306
36,9,29.32275
37,0,0.0
37,1,5.960806
37,10,29.66576
37,11,29.845428
37,12,29.933174
37,13,29.973059
37,14,29.989899
37,15,29.996487
37,16,29.99887
37,17,29.999666
37,18,29.999908
37,19,29.999977
37,2,11.5603485
37,20,29.999996
37,21,30.0
37,22,30.0
37,23,30.0
37,24,30.0
37,25,30.0
37,26,30.0
37,27,30.0
37,28,30.0
37,29,30.0
37,3,16.501125
37,4,20.59491
37,5,23.778963
37,6,26.102463
37,7,27.692226
37,8,28.711306
37,9,29.32275
38,0,0.0
38,1,5.960805
38,10,29.66576
38,11,29.845428
38,12,29.933174
38,13,29.973059
38,14,29.989899
38,15,29.99649
38,16,29.99887
38,17,29.999666
38,18,29.999908
38,19,29.999977
38,2,11.56035
38,20,29.999996
38,21,30.0
38,22,30.0
38,23,30.0
38,24,30.0
38,25,30.0
38,26,30.0
38,27,30.0
38,28,30.0
38,29,30.0
38,3,16.501123
38,4,20.59491
38,5,23.778961
38,6,26.102463
38,7,27.692226
38,8,28.711306
38,9,29.32275
39,0,0.0
39,1,5.9608054
39,10,29.665756
39,11,29.845428
39,12,29.933174
39,13,29.97306
39,14,29.9899
39,15,29.99649
39,16,29.998873
39,17,29.999666
39,18,29.999908
39,19,29.999977
39,2,11.5603485
39,20,29.999996
39,21,30.0
39,22,30.0
39,23,30.0
39,24,30.0
39,25,30.0
39,26,30.0
39,27,30.0
39,28,30.0
39,29,30.0
39,3,16.501123
39,4,20.594908
39,5,23.778965
39,6,26.102463
39,7,27.692226
39,8,28.711304
39,9,29.322752
4,0,0.0
4,1,4.0703607
4,10,20.355492
4,11,20.483614
4,12,20.546192
4,13,20.57518
4,14,20.587486
4,15,20.592585
4,16,20.595028
4,17,20.597332
4,18,20.602158
4,19,20.612827
4,2,7.8940325
4,20,20.637869
4,21,20.689999
4,22,20.798105
4,23,21.003454
4,24,21.38353
4,25,22.04025
4,26,23.124733
4,27,24.788082
4,28,27.128002
4,29,30.0
4,3,11.277261
4,4,14.080508
4,5,16.273073
4,6,17.873053
4,7,18.977146
4,8,19.6849
4,9,20.114498
40,0,0.0
40,1,5.960805
40,10,29.66576
40,11,29.845428
40,12,29.933174
40,13,29.973059
40,14,29.9899
40,15,29.99649
40,16,29.998873
40,17,29.999666
40,18,29.999908
40,19,29.999977
40,2,11.560349
40,20,29.999996
40,21,30.0
40,22,30.0
40,23,30.0
40,24,30.0
40,25,30.0
40,26,30.0
40,27,30.0
40,28,30.0
40,29,30.0
40,3,16.501123
40,4,20.59491
40,5,23.778963
40,6,26.102463
40,7,27.692226
40,8,28.711306
40,9,29.322752
41,0,0.0
41,1,5.960805
41,10,29.66576
41,11,29.84543
41,12,29.933174
41,13,29.97306
41,14,29.9899
41,15,29.99649
41,16,29.998873
41,17,29.999666
41,18,29.99991
41,19,29.999977
41,2,11.5603485
41,20,29.999996
41,21,30.0
41,22,30.0
41,23,30.0
41,24,30.0
41,25,30.0
41,26,30.0
41,27,30.0
41,28,30.0
41,29,30.0
41,3,16.501123
41,4,20.59491
41,5,23.778961
41,6,26.102463
41,7,27.692226
41,8,28.711304
41,9,29.322752
42,0,0.0
42,1,5.960805
42,10,29.66576
42,11,29.845428
42,12,29.933174
42,13,29.97306
42,14,29.9899
42,15,29.99649
42,16,29.998873
42,17,29.999668
42,18,29.99991
42,19,29.99998
42,2,11.5603485
42,20,29.999996
42,21,30.0
42,22,30.0
42,23,30.0
42,24,30.0
42,25,30.0
42,26,30.0
42,27,30.0
42,28,30.0
42,29,30.0
42,3,16.501122
42,4,20.594908
42,5,23.778963
42,6,26.10246
42,7,27.692226
42,8,28.711304
42,9,29.322752
43,0,0.0
43,1,5.960805
43,10,29.665756
43,11,29.845428
43,12,29.933174
43,13,29.97306
43,14,29.9899
43,15,29.996487
43,16,29.998875
43,17,29.999666
43,18,29.999912
43,19,29.999977
43,2,11.5603485
43,20,29.999996
43,21,30.0
43,22,30.0
43,23,30.0
43,24,30.0
43,25,30.0
43,26,30.0
43,27,30.0
43,28,30.0
43,29,30.0
43,3,16.501123
43,4,20.594908
43,5,23.778961
43,6,26.102463
43,7,27.692226
43,8,28.711306
43,9,29.32275
44,0,0.0
44,1,5.960805
44,10,29.66576
44,11,29.845427
44,12,29.933174
44,13,29.97306
44,14,29.989899
44,15,29.996492
44,16,29.99887
44,17,29.999672
44,18,29.999908
44,19,29.999977
44,2,11.5603485
44,20,29.999996
44,21,30.0
44,22,30.0
44,23,30.0
44,24,30.0
44,25,30.0
44,26,30.0
44,27,30.0
44,28,30.0
44,29,30.0
44,3,16.501122
44,4,20.594908
44,5,23.778963
44,6,26.102463
44,7,27.692226
44,8,28.711304
44,9,29.32275
45,0,0.0
45,1,5.960805
45,10,29.665756
45,11,29.845428
45,12,29.933174
45,13,29.97306
45,14,29.9899
45,15,29.99649
45,16,29.998877
45,17,29.999666
45,18,29.999912
45,19,29.999977
45,2,11.5603485
45,20,29.999996
45,21,30.0
45,22,30.0
45,23,30.0
45,24,30.0
45,25,30.0
45,26,30.0
45,27,30.0
45,28,30.0
45,29,30.0
45,3,16.501123
45,4,20.594908
45,5,23.778961
45,6,26.10246
45,7,27.692223
45,8,28.711304
45,9,29.32275
46,0,0.0
46,1,5.960805
46,10,29.665756
46,11,29.845425
46,12,29.933174
46,13,29.973057
46,14,29.9899
46,15,29.99649
46,16,29.998873
46,17,29.99967
46,18,29.99991
46,19,29.99998
46,2,11.5603485
46,20,29.999996
46,21,30.0
46,22,30.0
46,23,30.0
46,24,30.0
46,25,30.0
46,26,30.0
46,27,30.0
46,28,30.0
46,29,30.0
46,3,16.501123
46,4,20.594906
46,5,23.778961
46,6,26.10246
46,7,27.692225
46,8,28.711304
46,9,29.32275
47,0,0.0
47,1,5.960805
47,10,29.665756
47,11,29.845428
47,12,29.933174
47,13,29.973059
47,14,29.989899
47,15,29.99649
47,16,29.998873
47,17,29.999666
47,18,29.999912
47,19,29.999977
47,2,11.560349
47,20,29.999996
47,21,30.0
47,22,30.0
47,23,30.0
47,24,30.0
47,25,30.0
47,26,30.0
47,27,30.0
47,28,30.0
47,29,30.0
47,3,16.501123
47,4,20.594908
47,5,23.778961
47,6,26.10246
47,7,27.692226
47,8,28.711304
47,9,29.32275
48,0,0.0
48,1,5.9608054
48,10,29.665756
48,11,29.845428
48,12,29.933174
48,13,29.973057
48,14,29.9899
48,15,29.996489
48,16,29.998873
48,17,29.999668
48,18,29.99991
48,19,29.99998
48,2,11.5603485
48,20,29.999996
48,21,30.0
48,22,30.0
48,23,30.0
48,24,30.0
48,25,30.0
48,26,30.0
48,27,30.0
48,28,30.0
48,29,30.0
48,3,16.501123
48,4,20.594908
48,5,23.778963
48,6,26.102463
48,7,27.692226
48,8,28.711304
48,9,29.32275
49,0,0.0
49,1,5.960805
49,10,29.665758
49,11,29.84543
49,12,29.933174
49,13,29.97306
49,14,29.989899
49,15,29.99649
49,16,29.998873
49,17,29.999668
49,18,29.99991
49,19,29.999977
49,2,11.56035
49,20,29.999996
49,21,30.0
49,22,30.0
49,23,30.0
49,24,30.0
49,25,30.0
49,26,30.0
49,27,30.0
49,28,30.0
49,29,30.0
49,3,16.501125
49,4,20.59491
49,5,23.778961
49,6,26.102463
49,7,27.692223
49,8,28.711306
49,9,29.32275
5,0,0.0
5,1,4.702895
5,10,23.505362
5,11,23.65131
5,12,23.723541
5,13,23.756393
5,14,23.770527
5,15,23.77623
5,16,23.778767
5,17,23.780966
5,18,23.78481
5,19,23.794102
5,2,9.125811
5,20,23.814074
5,21,23.857876
5,22,23.943508
5,23,24.108215
5,24,24.398357
5,25,24.889542
5,26,25.657372
5,27,26.779285
5,28,28.262432
5,29,30.0
5,3,13.028383
5,4,16.273073
5,5,18.79672
5,6,20.648952
5,7,21.916271
5,8,22.73531
5,9,23.226738
50,0,0.0
50,1,5.9608054
50,10,29.665756
50,11,29.845428
50,12,29.933174
50,13,29.97306
50,14,29.9899
50,15,29.996487
50,16,29.998875
50,17,29.999666
50,18,29.999912
50,19,29.999977
50,2,11.56035
50,20,29.999996
50,21,30.0
50,22,30.0
50,23,30.0
50,24,30.0
50,25,30.0
50,26,30.0
50,27,30.0
50,28,30.0
50,29,30.0
50,3,16.501123
50,4,20.59491
50,5,23.778965
50,6,26.102463
50,7,27.692226
50,8,28.711304
50,9,29.322752
51,0,0.0
51,1,5.960805
51,10,29.665756
51,11,29.845428
51,12,29.933174
51,13,29.97306
51,14,29.9899
51,15,29.99649
51,16,29.99887
51,17,29.999668
51,18,29.99991
51,19,29.99998
51,2,11.56035
51,20,29.999996
51,21,30.0
51,22,30.0
51,23,30.0
51,24,30.0
51,25,30.0
51,26,30.0
51,27,30.0
51,28,30.0
51,29,30.0
51,3,16.501125
51,4,20.59491
51,5,23.778963
51,6,26.102463
51,7,27.692226
51,8,28.711304
51,9,29.32275
52,0,0.0
52,1,5.9608054
52,10,29.665758
52,11,29.845428
52,12,29.933174
52,13,29.973059
52,14,29.9899
52,15,29.996489
52,16,29.998875
52,17,29.999668
52,18,29.999912
52,19,29.999977
52,2,11.56035
52,20,29.999996
52,21,30.0
52,22,30.0
52,23,30.0
52,24,30.0
52,25,30.0
52,26,30.0
52,27,30.0
52,28,30.0
52,29,30.0
52,3,16.501123
52,4,20.59491
52,5,23.778961
52,6,26.102465
52,7,27.692226
52,8,28.711304
52,9,29.32275
53,0,0.0
53,1,5.9608054
53,10,29.665756
53,11,29.845428
53,12,29.933174
53,13,29.97306
53,14,29.9899
53,15,29.99649
53,16,29.998873
53,17,29.999668
53,18,29.999912
53,19,29.999977
53,2,11.560349
53,20,29.999996
53,21,30.0
53,22,30.0
53,23,30.0
53,24,30.0
53,25,30.0
53,26,30.0
53,27,30.0
53,28,30.0
53,29,30.0
53,3,16.501125
53,4,20.594908
53,5,23.778965
53,6,26.102463
53,7,27.692228
53,8,28.711304
53,9,29.322752
54,0,0.0
54,1,5.960805
54,10,29.665758
54,11,29.845428
54,12,29.933174
54,13,29.97306
54,14,29.9899
54,15,29.99649
54,16,29.998875
54,17,29.999668
54,18,29.999912
54,19,29.99998
54,2,11.56035
54,20,29.999996
54,21,30.0
54,22,30.0
54,23,30.0
54,24,30.0
54,25,30.0
54,26,30.0
54,27,30.0
54,28,30.0
54,29,30.0
54,3,16.501123
54,4,20.59491
54,5,23.778963
54,6,26.102463
54,7,27.692225
54,8,28.711306
54,9,29.32275
55,0,0.0
55,1,5.960806
55,10,29.665758
55,11,29.845428
55,12,29.933172
55,13,29.97306
55,14,29.989902
55,15,29.99649
55,16,29.998873
55,17,29.999668
55,18,29.999912
55,19,29.999977
55,2,11.56035
55,20,29.999996
55,21,30.0
55,22,30.0
55,23,30.0
55,24,30.0
55,25,30.0
55,26,30.0
55,27,30.0
55,28,30.0
55,29,30.0
55,3,16.501125
55,4,20.59491
55,5,23.778965
55,6,26.102463
55,7,27.692226
55,8,28.711304
55,9,29.32275
56,0,0.0
56,1,5.9608054
56,10,29.665756
56,11,29.845427
56,12,29.933174
56,13,29.973059
56,14,29.989899
56,15,29.99649
56,16,29.998873
56,17,29.999668
56,18,29.99991
56,19,29.99998
56,2,11.56035
56,20,29.999996
56,21,30.0
56,22,30.0
56,23,30.0
56,24,30.0
56,25,30.0
56,26,30.0
56,27,30.0
56,28,30.0
56,29,30.0
56,3,16.501123
56,4,20.59491
56,5,23.778965
56,6,26.102463
56,7,27.692225
56,8,28.711304
56,9,29.32275
57,0,0.0
57,1,5.960806
57,10,29.665758
57,11,29.845428
57,12,29.933172
57,13,29.973063
57,14,29.9899
57,15,29.996489
57,16,29.998873
57,17,29.999666
57,18,29.999912
57,19,29.999979
57,2,11.5603485
57,20,29.999996
57,21,30.0
57,22,30.0
57,23,30.0
57,24,30.0
57,25,30.0
57,26,30.0
57,27,30.0
57,28,30.0
57,29,30.0
57,3,16.501125
57,4,20.594908
57,5,23.778965
57,6,26.102463
57,7,27.692225
57,8,28.711304
57,9,29.32275
58,0,0.0
58,1,5.960805
58,10,29.66576
58,11,29.845427
58,12,29.933178
58,13,29.973059
58,14,29.989902
58,15,29.99649
58,16,29.998873
58,17,29.999666
58,18,29.999908
58,19,29.99998
58,2,11.560351
58,20,29.999996
58,21,30.0
58,22,30.0
58,23,30.0
58,24,30.0
58,25,30.0
58,26,30.0
58,27,30.0
58,28,30.0
58,29,30.0
58,3,16.501122
58,4,20.59491
58,5,23.778961
58,6,26.102463
58,7,27.692225
58,8,28.711306
58,9,29.32275
59,0,0.0
59,1,5.9608064
59,10,29.665758
59,11,29.84543
59,12,29.933172
59,13,29.973064
59,14,29.9899
59,15,29.99649
59,16,29.998873
59,17,29.999666
59,18,29.999908
59,19,29.999977
59,2,11.5603485
59,20,29.999996
59,21,30.0
59,22,30.0
59,23,30.0
59,24,30.0
59,25,30.0
59,26,30.0
59,27,30.0
59,28,30.0
59,29,30.0
59,3,16.501125
59,4,20.59491
59,5,23.778965
59,6,26.102463
59,7,27.692226
59,8,28.711304
59,9,29.322754
6,0,0.0
6,1,5.1689734
6,10,25.803917
6,11,25.963978
6,12,26.042152
6,13,26.07808
6,14,26.093292
6,15,26.09942
6,16,26.102003
6,17,26.10376
6,18,26.106836
6,19,26.113335
6,2,10.024675
6,20,26.128565
6,21,26.15949
6,22,26.222494
6,23,26.337303
6,24,26.540733
6,25,26.869596
6,26,27.373184
6,27,28.076345
6,28,28.975983
6,29,30.0
6,3,14.316756
6,4,17.873053
6,5,20.648952
6,6,22.674608
6,7,24.06805
6,8,24.961288
6,9,25.501095
60,0,0.0
60,1,5.960805
60,10,29.66576
60,11,29.845427
60,12,29.933178
60,13,29.973059
60,14,29.9899
60,15,29.996489
60,16,29.998873
60,17,29.999666
60,18,29.999912
60,19,29.999979
60,2,11.560351
60,20,29.999996
60,21,30.0
60,22,30.0
60,23,30.0
60,24,30.0
60,25,30.0
60,26,30.0
60,27,30.0
60,28,30.0
60,29,30.0
60,3,16.501123
60,4,20.594912
60,5,23.778961
60,6,26.102463
60,7,27.692226
60,8,28.711304
60,9,29.322752
61,0,0.0
61,1,5.960806
61,10,29.665756
61,11,29.845432
61,12,29.933174
61,13,29.97306
61,14,29.9899
61,15,29.99649
61,16,29.998873
61,17,29.999668
61,18,29.999912
61,19,29.99998
61,2,11.5603485
61,20,29.999996
61,21,30.0
61,22,30.0
61,23,30.0
61,24,30.0
61,25,30.0
61,26,30.0
61,27,30.0
61,28,30.0
61,29,30.0
61,3,16.501125
61,4,20.594908
61,5,23.778965
61,6,26.102463
61,7,27.692226
61,8,28.711306
61,9,29.322754
62,0,0.0
62,1,5.960805
62,10,29.66576
62,11,29.845428
62,12,29.933178
62,13,29.973059
62,14,29.9899
62,15,29.99649
62,16,29.998873
62,17,29.999668
62,18,29.999912
62,19,29.99998
62,2,11.56035
62,20,29.999996
62,21,30.0
62,22,30.0
62,23,30.0
62,24,30.0
62,25,30.0
62,26,30.0
62,27,30.0
62,28,30.0
62,29,30.0
62,3,16.501122
62,4,20.59491
62,5,23.778965
62,6,26.102463
62,7,27.692226
62,8,28.711306
62,9,29.32275
63,0,0.0
63,1,5.9608054
63,10,29.665758
63,11,29.845428
63,12,29.933174
63,13,29.97306
63,14,29.9899
63,15,29.996489
63,16,29.998875
63,17,29.999668
63,18,29.999912
63,19,29.99998
63,2,11.560349
63,20,29.999996
63,21,30.0
63,22,30.0
63,23,30.0
63,24,30.0
63,25,30.0
63,26,30.0
63,27,30.0
63,28,30.0
63,29,30.0
63,3,16.501123
63,4,20.59491
63,5,23.778963
63,6,26.102463
63,7,27.692226
63,8,28.711306
63,9,29.322754
64,0,0.0
64,1,5.960805
64,10,29.66576
64,11,29.845428
64,12,29.933174
64,13,29.973059
64,14,29.989899
64,15,29.99649
64,16,29.998875
64,17,29.999668
64,18,29.999912
64,19,29.99998
64,2,11.5603485
64,20,29.999996
64,21,30.0
64,22,30.0
64,23,30.0
64,24,30.0
64,25,30.0
64,26,30.0
64,27,30.0
64,28,30.0
64,29,30.0
64,3,16.501123
64,4,20.594908
64,5,23.778963
64,6,26.102463
64,7,27.692226
64,8,28.711306
64,9,29.322752
65,0,0.0
65,1,5.960805
65,10,29.66576
65,11,29.845428
65,12,29.933174
65,13,29.97306
65,14,29.989899
65,15,29.996489
65,16,29.998875
65,17,29.999668
65,18,29.999912
65,19,29.99998
65,2,11.5603485
65,20,29.999996
65,21,30.0
65,22,30.0
65,23,30.0
65,24,30.0
65,25,30.0
65,26,30.0
65,27,30.0
65,28,30.0
65,29,30.0
65,3,16.501122
65,4,20.594908
65,5,23.778961
65,6,26.10246
65,7,27.692226
65,8,28.711306
65,9,29.322752
66,0,0.0
66,1,5.960805
66,10,29.66576
66,11,29.845428
66,12,29.933174
66,13,29.973059
66,14,29.989899
66,15,29.99649
66,16,29.998875
66,17,29.999668
66,18,29.999912
66,19,29.99998
66,2,11.5603485
66,20,29.999996
66,21,30.0
66,22,30.0
66,23,30.0
66,24,30.0
66,25,30.0
66,26,30.0
66,27,30.0
66,28,30.0
66,29,30.0
66,3,16.501123
66,4,20.594908
66,5,23.778961
66,6,26.102463
66,7,27.692226
66,8,28.711306
66,9,29.322752
67,0,0.0
67,1,5.960805
67,10,29.66576
67,11,29.845428
67,12,29.933174
67,13,29.97306
67,14,29.9899
67,15,29.996489
67,16,29.998875
67,17,29.999668
67,18,29.999912
67,19,29.99998
67,2,11.560349
67,20,29.999996
67,21,30.0
67,22,30.0
67,23,30.0
67,24,30.0
67,25,30.0
67,26,30.0
67,27,30.0
67,28,30.0
67,29,30.0
67,3,16.501122
67,4,20.594908
67,5,23.778961
67,6,26.10246
67,7,27.692226
67,8,28.711304
67,9,29.322752
68,0,0.0
68,1,5.960805
68,10,29.665756
68,11,29.845428
68,12,29.933174
68,13,29.97306
68,14,29.989899
68,15,29.99649
68,16,29.998875
68,17,29.999668
68,18,29.999912
68,19,29.99998
68,2,11.5603485
68,20,29.999996
68,21,30.0
68,22,30.0
68,23,30.0
68,24,30.0
68,25,30.0
68,26,30.0
68,27,30.0
68,28,30.0
68,29,30.0
68,3,16.501123
68,4,20.594908
68,5,23.778961
68,6,26.102463
68,7,27.692226
68,8,28.711306
68,9,29.32275
69,0,0.0
69,1,5.960805
69,10,29.665756
69,11,29.845428
69,12,29.933174
69,13,29.97306
69,14,29.989899
69,15,29.996489
69,16,29.998873
69,17,29.999668
69,18,29.99991
69,19,29.99998
69,2,11.5603485
69,20,29.999996
69,21,30.0
69,22,30.0
69,23,30.0
69,24,30.0
69,25,30.0
69,26,30.0
69,27,30.0
69,28,30.0
69,29,30.0
69,3,16.501122
69,4,20.594908
69,5,23.778961
69,6,26.10246
69,7,27.692225
69,8,28.711304
69,9,29.322752
7,0,0.0
7,1,5.4878693
7,10,27.378204
7,11,27.54633
7,12,27.629015
7,13,27.66661
7,14,27.682627
7,15,27.68898
7,16,27.691494
7,17,27.69299
7,18,27.69496
7,19,27.69953
7,2,10.6465225
7,20,27.709124
7,21,27.730158
7,22,27.77016
7,23,27.845558
7,24,27.97276
7,25,28.17904
7,26,28.482567
7,27,28.89991
7,28,29.417965
7,29,30.0
7,3,15.198275
7,4,18.977146
7,5,21.916267
7,6,24.06805
7,7,25.540325
7,8,26.488396
7,9,27.05724
70,0,0.0
70,1,5.960805
70,10,29.665756
70,11,29.845428
70,12,29.933174
70,13,29.973059
70,14,29.989899
70,15,29.996487
70,16,29.998875
70,17,29.999666
70,18,29.999912
70,19,29.999977
70,2,11.5603485
70,20,29.999996
70,21,30.0
70,22,30.0
70,23,30.0
70,24,30.0
70,25,30.0
70,26,30.0
70,27,30.0
70,28,30.0
70,29,30.0
70,3,16.501122
70,4,20.594908
70,5,23.778961
70,6,26.102463
70,7,27.692223
70,8,28.711304
70,9,29.32275
71,0,0.0
71,1,5.960805
71,10,29.665756
71,11,29.845428
71,12,29.933174
71,13,29.973059
71,14,29.9899
71,15,29.99649
71,16,29.998873
71,17,29.999668
71,18,29.999908
71,19,29.999977
71,2,11.5603485
71,20,29.999996
71,21,30.0
71,22,30.0
71,23,30.0
71,24,30.0
71,25,30.0
71,26,30.0
71,27,30.0
71,28,30.0
71,29,30.0
71,3,16.501122
71,4,20.594908
71,5,23.778961
71,6,26.10246
71,7,27.692226
71,8,28.711304
71,9,29.32275
72,0,0.0
72,1,5.960805
72,10,29.665756
72,11,29.845428
72,12,29.933174
72,13,29.97306
72,14,29.9899
72,15,29.996489
72,16,29.998875
72,17,29.999666
72,18,29.999912
72,19,29.999979
72,2,11.5603485
72,20,29.999996
72,21,30.0
72,22,30.0
72,23,30.0
72,24,30.0
72,25,30.0
72,26,30.0
72,27,30.0
72,28,30.0
72,29,30.0
72,3,16.501122
72,4,20.594908
72,5,23.778963
72,6,26.10246
72,7,27.692226
72,8,28.711304
72,9,29.32275
73,0,0.0
73,1,5.960805
73,10,29.665756
73,11,29.845428
73,12,29.933174
73,13,29.973059
73,14,29.9899
73,15,29.99649
73,16,29.998873
73,17,29.999668
73,18,29.99991
73,19,29.99998
73,2,11.5603485
73,20,29.999996
73,21,30.0
73,22,30.0
73,23,30.0
73,24,30.0
73,25,30.0
73,26,30.0
73,27,30.0
73,28,30.0
73,29,30.0
73,3,16.501122
73,4,20.59491
73,5,23.778961
73,6,26.102463
73,7,27.692223
73,8,28.711304
73,9,29.32275
74,0,0.0
74,1,5.960805
74,10,29.665756
74,11,29.845428
74,12,29.933174
74,13,29.97306
74,14,29.9899
74,15,29.996489
74,16,29.998873
74,17,29.999666
74,18,29.999912
74,19,29.999979
74,2,11.5603485
74,20,29.999996
74,21,30.0
74,22,30.0
74,23,30.0
74,24,30.0
74,25,30.0
74,26,30.0
74,27,30.0
74,28,30.0
74,29,30.0
74,3,16.501123
74,4,20.594908
74,5,23.778963
74,6,26.10246
74,7,27.692226
74,8,28.711304
74,9,29.32275
75,0,0.0
75,1,5.960805
75,10,29.665756
75,11,29.845428
75,12,29.933174
75,13,29.973059
75,14,29.9899
75,15,29.996489
75,16,29.998873
75,17,29.999668
75,18,29.99991
75,19,29.99998
75,2,11.5603485
75,20,29.999996
75,21,30.0
75,22,30.0
75,23,30.0
75,24,30.0
75,25,30.0
75,26,30.0
75,27,30.0
75,28,30.0
75,29,30.0
75,3,16.501122
75,4,20.59491
75,5,23.778961
75,6,26.102463
75,7,27.692223
75,8,28.711304
75,9,29.32275
76,0,0.0
76,1,5.960805
76,10,29.665756
76,11,29.845428
76,12,29.933174
76,13,29.973059
76,14,29.989899
76,15,29.996489
76,16,29.998873
76,17,29.999666
76,18,29.999912
76,19,29.999979
76,2,11.5603485
76,20,29.999996
76,21,30.0
76,22,30.0
76,23,30.0
76,24,30.0
76,25,30.0
76,26,30.0
76,27,30.0
76,28,30.0
76,29,30.0
76,3,16.501123
76,4,20.594908
76,5,23.778961
76,6,26.10246
76,7,27.692226
76,8,28.711302
76,9,29.322752
77,0,0.0
77,1,5.960805
77,10,29.66576
77,11,29.845428
77,12,29.933174
77,13,29.97306
77,14,29.989899
77,15,29.996489
77,16,29.998873
77,17,29.999668
77,18,29.999908
77,19,29.99998
77,2,11.5603485
77,20,29.999996
77,21,30.0
77,22,30.0
77,23,30.0
77,24,30.0
77,25,30.0
77,26,30.0
77,27,30.0
77,28,30.0
77,29,30.0
77,3,16.501122
77,4,20.594908
77,5,23.778961
77,6,26.102463
77,7,27.692225
77,8,28.711306
77,9,29.32275
78,0,0.0
78,1,5.960806
78,10,29.66576
78,11,29.84543
78,12,29.933178
78,13,29.973059
78,14,29.9899
78,15,29.99649
78,16,29.998875
78,17,29.999666
78,18,29.999912
78,19,29.999979
78,2,11.5603485
78,20,29.999998
78,21,30.0
78,22,30.0
78,23,30.0
78,24,30.0
78,25,30.0
78,26,30.0
78,27,30.0
78,28,30.0
78,29,30.0
78,3,16.501125
78,4,20.59491
78,5,23.778965
78,6,26.102465
78,7,27.692228
78,8,28.711304
78,9,29.322754
79,0,0.0
79,1,5.960808
79,10,29.66577
79,11,29.845438
79,12,29.933182
79,13,29.973068
79,14,29.98991
79,15,29.996502
79,16,29.998882
79,17,29.99968
79,18,29.99992
79,19,29.999989
79,2,11.560356
79,20,30.000008
79,21,30.00001
79,22,30.000008
79,23,30.000008
79,24,30.000008
79,25,30.000008
79,26,30.000006
79,27,30.000004
79,28,30.000002
79,29,30.0
79,3,16.50113
79,4,20.594917
79,5,23.778973
79,6,26.102474
79,7,27.692236
79,8,28.711315
79,9,29.322762
8,0,0.0
8,1,5.6951513
8,10,28.387362
8,11,28.561295
8,12,28.646236
8,13,28.685041
8,14,28.701439
8,15,28.707924
8,16,28.710411
8,17,28.711575
8,18,28.71294
8,19,28.715511
8,2,11.045141
8,20,28.721577
8,21,28.733654
8,22,28.758236
8,23,28.80179
8,24,28.87743
8,25,28.9949
8,26,29.168348
8,27,29.399538
8,28,29.684353
8,29,30.0
8,3,15.770009
8,4,19.684898
8,5,22.73531
8,6,24.961287
8,7,26.488396
8,8,27.467314
8,9,28.056719
80,0,0.0
80,1,5.9608192
80,10,29.66581
80,11,29.845478
80,12,29.933226
80,13,29.97311
80,14,29.98995
80,15,29.99654
80,16,29.998924
80,17,29.999718
80,18,29.999962
80,19,30.00003
80,2,11.560373
80,20,30.000044
80,21,30.00005
80,22,30.00005
80,23,30.000048
80,24,30.000046
80,25,30.000042
80,26,30.000034
80,27,30.000025
80,28,30.000013
80,29,30.0
80,3,16.50116
80,4,20.59495
80,5,23.77901
80,6,26.10251
80,7,27.692276
80,8,28.711355
80,9,29.322803
81,0,0.0
81,1,5.960859
81,10,29.665968
81,11,29.84564
81,12,29.933384
81,13,29.97327
81,14,29.990108
81,15,29.996702
81,16,29.999084
81,17,29.999882
81,18,30.00012
81,19,30.000187
81,2,11.560452
81,20,30.000206
81,21,30.000206
81,22,30.000202
81,23,30.000198
81,24,30.000187
81,25,30.000172
81,26,30.000141
81,27,30.000103
81,28,30.000053
81,29,30.0
81,3,16.501266
81,4,20.59508
81,5,23.77915
81,6,26.102663
81,7,27.69243
81,8,28.711514
81,9,29.32296
82,0,0.0
82,1,5.9610023
82,10,29.666536
82,11,29.846207
82,12,29.933952
82,13,29.973837
82,14,29.990677
82,15,29.997267
82,16,29.999651
82,17,30.000444
82,18,30.000687
82,19,30.000755
82,2,11.560723
82,20,30.000769
82,21,30.000767
82,22,30.00076
82,23,30.000732
82,24,30.000692
82,25,30.000616
82,26,30.000513
82,27,30.000366
82,28,30.000193
82,29,30.0
82,3,16.501644
82,4,20.595533
82,5,23.77966
82,6,26.103197
82,7,27.692986
82,8,28.712072
82,9,29.323526
83,0,0.0
83,1,5.961461
83,10,29.668385
83,11,29.84806
83,12,29.935806
83,13,29.97569
83,14,29.99253
83,15,29.999123
83,16,30.001503
83,17,30.0023
83,18,30.002539
83,19,30.002605
83,2,11.561604
83,20,30.002613
83,21,30.002602
83,22,30.002554
83,23,30.002472
83,24,30.002312
83,25,30.002075
83,26,30.001701
83,27,30.001228
83,28,30.00064
83,29,30.0
83,3,16.50286
83,4,20.59701
83,5,23.7813
83,6,26.104948
83,7,27.694788
83,8,28.713907
83,9,29.325373
84,0,0.0
84,1,5.9628325
84,10,29.67394
84,11,29.853619
84,12,29.941368
84,13,29.98125
84,14,29.998093
84,15,30.004683
84,16,30.007069
84,17,30.007856
84,18,30.008099
84,19,30.008152
84,2,11.564203
84,20,30.008146
84,21,30.008076
84,22,30.007942
84,23,30.007647
84,24,30.007175
84,25,30.006378
84,26,30.005272
84,27,30.003761
84,28,30.001978
84,29,30.0
84,3,16.506496
84,4,20.601387
84,5,23.786213
84,6,26.110168
84,7,27.700197
84,8,28.7194
84,9,29.33091
85,0,0.0
85,1,5.966582
85,10,29.689285
85,11,29.868984
85,12,29.956738
85,13,29.996628
85,14,30.01347
85,15,30.020058
85,16,30.022438
85,17,30.023232
85,18,30.023457
85,19,30.023495
85,2,11.571392
85,20,30.023409
85,21,30.023216
85,22,30.022753
85,23,30.021954
85,24,30.020483
85,25,30.01828
85,26,30.014988
85,27,30.010769
85,28,30.005611
85,29,30.0
85,3,16.516453
85,4,20.613497
85,5,23.799713
85,6,26.124594
85,7,27.7151
85,8,28.73458
85,9,29.3462
86,0,0.0
86,1,5.976201
86,10,29.728495
86,11,29.908253
86,12,29.996027
86,13,30.03592
86,14,30.052761
86,15,30.059351
86,16,30.061731
86,17,30.062508
86,18,30.062714
86,19,30.062662
86,2,11.589651
86,20,30.062426
86,21,30.061798
86,22,30.06063
86,23,30.058294
86,24,30.054527
86,25,30.048393
86,26,30.039871
86,27,30.028442
86,28,30.01492
86,29,30.0
86,3,16.541973
86,4,20.644285
86,5,23.834263
86,6,26.161343
86,7,27.753208
86,8,28.773321
86,9,29.385284
87,0,0.0
87,1,5.998974
87,10,29.821373
87,11,30.001244
87,12,30.08907
87,13,30.128977
87,14,30.145823
87,15,30.152412
87,16,30.15478
87,17,30.15554
87,18,30.155659
87,19,30.155447
87,2,11.633221
87,20,30.154713
87,21,30.153234
87,22,30.150034
87,23,30.144493
87,24,30.134682
87,25,30.119946
87,26,30.098341
87,27,30.070528
87,28,30.036781
87,29,30.0
87,3,16.602331
87,4,20.717533
87,5,23.91594
87,6,26.24856
87,7,27.843346
87,8,28.865139
87,9,29.477802
88,0,0.0
88,1,6.049771
88,10,30.025671
88,11,30.205853
88,12,30.29376
88,13,30.333704
88,14,30.35056
88,15,30.35714
88,16,30.359495
88,17,30.360178
88,18,30.360153
88,19,30.359446
88,2,11.729557
88,20,30.357834
88,21,30.354048
88,22,30.34702
88,23,30.333536
88,24,30.311687
88,25,30.276772
88,26,30.22791
88,27,30.162838
88,28,30.08537
88,29,30.0
88,3,16.736444
88,4,20.879002
88,5,24.096577
88,6,26.440458
88,7,28.042068
88,8,29.067074
88,9,29.681467
89,0,0.0
89,1,6.1552863
89,10,30.444178
89,11,30.624802
89,12,30.712925
89,13,30.75291
89,14,30.769775
89,15,30.776352
89,16,30.77865
89,17,30.77922
89,18,30.778772
89,19,30.77729
89,2,11.930463
89,20,30.773428
89,21,30.765743
89,22,30.749813
89,23,30.72203
89,24,30.673775
89,25,30.600494
89,26,30.493593
89,27,30.354404
89,28,30.18529
89,29,30.0
89,3,17.013622
89,4,21.213343
89,5,24.4679
89,6,26.835388
89,7,28.449362
89,8,29.481281
89,9,30.098532
9,0,0.0
9,1,5.819521
9,10,28.993633
9,11,29.170273
9,12,29.256779
9,13,29.296103
9,14,29.31276
9,15,29.319302
9,16,29.321733
9,17,29.322754
9,18,29.323538
9,19,29.32508
9,2,11.287957
9,20,29.328197
9,21,29.335138
9,22,29.348106
9,23,29.372524
9,24,29.412655
9,25,29.476624
9,26,29.567692
9,27,29.689735
9,28,29.836996
9,29,30.0
9,3,16.11305
9,4,20.114498
9,5,23.226734
9,6,25.501095
9,7,27.05724
9,8,28.05672
9,9,28.656406
90,0,0.0
90,1,6.362872
90,10,31.243292
90,11,31.424837
90,12,31.51316
90,13,31.553242
90,14,31.570114
90,15,31.576653
90,16,31.57888
90,17,31.579136
90,18,31.578108
90,19,31.574743
90,2,12.322175
90,20,31.567524
90,21,31.551342
90,22,31.521084
90,23,31.464108
90,24,31.370472
90,25,31.22121
90,26,31.008717
90,27,30.723953
90,28,30.380344
90,29,30.0
90,3,17.554077
90,4,21.859085
90,5,25.184553
90,6,27.592674
90,7,29.230213
90,8,30.27292
90,9,30.89573
91,0,0.0
91,1,6.747311
91,10,32.668903
91,11,32.851196
91,12,32.939877
91,13,32.979958
91,14,32.996815
91,15,33.003304
91,16,33.005325
91,17,33.00522
91,18,33.002846
91,19,32.99706
91,2,13.046687
91,20,32.982975
91,21,32.954803
91,22,32.897446
91,23,32.795815
91,24,32.619328
91,25,32.345234
91,26,31.940523
91,27,31.40108
91,28,30.736513
91,29,30.0
91,3,18.542185
91,4,23.035236
91,5,26.477205
91,6,28.955309
91,7,30.627604
91,8,31.68846
91,9,32.318115
92,0,0.0
92,1,7.4279895
92,10,35.046364
92,11,35.229496
92,12,35.317963
92,13,35.35797
92,14,35.3747
92,15,35.381046
92,16,35.382862
92,17,35.38194
92,18,35.378128
92,19,35.3677
92,2,14.31349
92,20,35.34536
92,21,35.296295
92,22,35.202957
92,23,35.02703
92,24,34.730225
92,25,34.2489
92,26,33.540676
92,27,32.566875
92,28,31.358084
92,29,30.0
92,3,20.256388
92,4,25.047009
92,5,28.673738
92,6,31.249525
92,7,32.973118
92,8,34.05453
92,9,34.693474
93,0,0.0
93,1,8.582372
93,10,38.759388
93,11,38.940903
93,12,39.02857
93,13,39.06787
93,14,39.084293
93,15,39.090424
93,16,39.09179
93,17,39.09018
93,18,39.083767
93,19,39.06881
93,2,16.43686
93,20,39.033333
93,21,38.96119
93,22,38.81418
93,23,38.54629
93,24,38.071617
93,25,37.30427
93,26,36.129234
93,27,34.488525
93,28,32.389378
93,29,30.0
93,3,23.072811
93,4,28.307732
93,5,32.17984
93,6,34.883595
93,7,36.659737
93,8,37.76298
93,9,38.40586
94,0,0.0
94,1,10.494793
94,10,44.19162
94,11,44.36834
94,12,44.452667
94,13,44.490524
94,14,44.506176
94,15,44.51188
94,16,44.5129
94,17,44.510094
94,18,44.50184
94,19,44.480362
94,2,19.861526
94,20,44.433807
94,21,44.33162
94,22,44.131813
94,23,43.74749
94,24,43.070496
94,25,41.9244
94,26,40.13279
94,27,37.515
94,28,34.054325
94,29,30.0
94,3,27.503805
94,4,33.307938
94,5,37.468853
94,6,40.28823
94,7,42.104576
94,8,43.209045
94,9,43.846466
95,0,0.0
95,1,13.643692
95,10,51.646004
95,11,51.80951
95,12,51.88754
95,13,51.92212
95,14,51.93642
95,15,51.941525
95,16,51.941967
95,17,51.93868
95,18,51.92806
95,19,51.903343
95,2,25.267096
95,20,51.84496
95,21,51.723335
95,22,51.47109
95,23,50.991936
95,24,50.105095
95,25,48.57274
95,26,46.042286
95,27,42.16114
95,28,36.701332
95,29,30.0
95,3,34.194813
95,4,40.612995
95,5,44.994644
95,6,47.861538
95,7,49.65013
95,8,50.718235
95,9,51.321587
96,0,0.0
96,1,18.98788
96,10,61.24173
96,11,61.38241
96,12,61.448532
96,13,61.47793
96,14,61.48993
96,15,61.494087
96,16,61.49429
96,17,61.490456
96,18,61.480022
96,19,61.453255
96,2,33.72246
96,20,61.394165
96,21,61.262787
96,22,60.99668
96,23,60.465
96,24,59.467648
96,25,57.644104
96,26,54.46988
96,27,49.180508
96,28,41.011543
96,29,30.0
96,3,43.982788
96,4,50.768845
96,5,55.12502
96,6,57.838184
96,7,59.47925
96,8,60.431137
96,9,60.96186
97,0,0.0
97,1,28.772415
97,10,72.83731
97,11,72.94119
97,12,72.99014
97,13,73.0116
97,14,73.020386
97,15,73.02339
97,16,73.02327
97,17,73.02022
97,18,73.01094
97,19,72.98918
97,2,47.050583
97,20,72.93748
97,21,72.82692
97,22,72.59123
97,23,72.12056
97,24,71.19145
97,25,69.41945
97,26,66.06878
97,27,59.838516
97,28,48.543858
97,29,30.0
97,3,57.84856
97,4,64.20753
97,5,67.97073
97,6,70.19691
97,7,71.49114
97,8,72.226456
97,9,72.62721
98,0,0.0
98,1,49.21656
98,10,85.99059
98,11,86.04648
98,12,86.07245
98,13,86.083916
98,14,86.08855
98,15,86.0901
98,16,86.090034
98,17,86.08813
98,18,86.083046
98,19,86.06999
98,2,68.186
98,20,86.04077
98,21,85.9748
98,22,85.83689
98,23,85.54968
98,24,84.972244
98,25,83.80116
98,26,81.38855
98,27,76.13336
98,28,63.62898
98,29,30.0
98,3,76.66932
98,4,80.92916
98,5,83.23468
98,6,84.525665
98,7,85.25485
98,8,85.65915
98,9,85.87777
99,0,0.0
99,1,100.0
99,10,100.0
99,11,100.0
99,12,100.0
99,13,100.0
99,14,100.0
99,15,100.0
99,16,100.0
99,17,100.0
99,18,100.0
99,19,100.0
99,2,100.0
99,20,100.0
99,21,100.0
99,22,100.0
99,23,100.0
99,24,100.0
99,25,100.0
99,26,100.0
99,27,100.0
99,28,100.0
99,29,30.0
99,3,100.0
99,4,100.0
99,5,100.0
99,6,100.0
99,7,100.0
99,8,100.0
99,9,100.0
