0,0,0.0
0,1,0.0
0,10,0.0
0,11,0.0
0,12,0.0
0,13,0.0
0,14,0.0
0,15,30.0
0,2,0.0
0,3,0.0
0,4,0.0
0,5,0.0
0,6,0.0
0,7,0.0
0,8,0.0
0,9,0.0
1,0,0.0
1,1,0.6325258
1,10,5.163142
1,11,5.9340715
1,12,7.2266927
1,13,9.730238
1,14,15.339053
1,15,30.0
1,2,1.2494074
1,3,1.8368751
1,4,2.3847334
1,5,2.8878286
1,6,3.347478
1,7,3.773309
1,8,4.1864667
1,9,4.6260443
10,0,0.0
10,1,11.106008
10,10,49.38965
10,11,47.77331
10,12,44.99034
10,13,40.98741
10,14,35.859673
10,15,30.0
10,2,21.167088
10,3,29.63191
10,4,36.390957
10,5,41.56774
10,6,45.357384
10,7,47.939728
10,8,49.44197
10,9,49.9263
11,0,0.0
11,1,14.531679
11,10,57.01255
11,11,54.880627
11,12,51.249832
11,13,45.861847
11,14,38.62429
11,15,30.0
11,2,27.092674
11,3,37.038788
11,4,44.531456
11,5,49.986404
11,6,53.8063
11,7,56.291946
11,8,57.626503
11,9,57.879723
12,0,0.0
12,1,19.929115
12,10,65.9049
12,11,63.490833
12,12,59.269707
12,13,52.588085
12,14,42.776787
12,15,30.0
12,2,35.635258
12,3,46.90217
12,4,54.71357
12,5,60.044685
12,6,63.59449
12,7,65.80052
12,8,66.897705
12,9,66.958626
13,0,0.0
13,1,29.550388
13,10,76.161316
13,11,73.91133
13,12,69.752655
13,13,62.445763
13,14,49.895683
13,15,30.0
13,2,48.61876
13,3,60.223515
13,4,67.379074
13,5,71.887924
13,6,74.73047
13,7,76.42219
13,8,77.20943
13,9,77.15629
14,0,0.0
14,1,49.65428
14,10,87.675354
14,11,86.24278
14,12,83.3856
14,13,77.54788
14,14,64.36081
14,15,30.0
14,2,69.067055
14,3,77.99579
14,4,82.69344
14,5,85.40004
14,6,87.020096
14,7,87.95131
14,8,88.36446
14,9,88.29866
15,0,0.0
15,1,100.0
15,10,100.0
15,11,100.0
15,12,100.0
15,13,100.0
15,14,100.0
15,15,30.0
15,2,100.0
15,3,100.0
15,4,100.0
15,5,100.0
15,6,100.0
15,7,100.0
15,8,100.0
15,9,100.0
2,0,0.0
2,1,1.2809521
2,10,10.093571
2,11,11.347414
2,12,13.243227
2,13,16.355736
2,14,21.626245
2,15,30.0
2,2,2.528729
2,3,3.714088
2,4,4.8151517
2,5,5.820187
2,6,6.729967
2,7,7.5605516
2,8,8.347779
2,9,9.1557865
3,0,0.0
3,1,1.9630562
3,10,14.710138
3,11,16.120687
3,12,18.044567
3,13,20.824287
3,14,24.810728
3,15,30.0
3,2,3.871459
3,3,5.677025
3,4,7.3434205
3,5,8.849928
3,6,10.194011
3,7,11.393627
3,8,12.4908085
3,9,13.558151
4,0,0.0
4,1,2.700552
4,10,19.071358
4,11,20.3834
4,12,21.992275
4,13,24.087643
4,14,26.793165
4,15,30.0
4,2,5.318465
4,3,7.7812295
4,4,10.034231
4,5,12.045214
4,6,13.805957
4,7,15.33276
4,8,16.667324
4,9,17.879377
5,0,0.0
5,1,3.5216289
5,10,23.316633
5,11,24.352837
5,12,25.456308
5,13,26.7428
5,14,28.275293
5,15,30.0
5,2,6.922477
5,3,10.097879
5,4,12.970478
5,5,15.494728
5,6,17.656261
5,7,19.468777
5,8,20.97102
5,9,22.225182
6,0,0.0
6,1,4.46461
6,10,27.62204
6,11,28.259216
6,12,28.740667
6,13,29.154282
6,14,29.566397
6,15,30.0
6,2,8.754126
6,3,12.720524
6,4,16.259111
6,5,19.311705
6,6,21.860817
6,7,23.920574
6,8,25.528341
6,9,26.739029
7,0,0.0
7,1,5.583939
7,10,32.178745
7,11,32.326035
7,12,32.09661
7,13,31.56985
7,14,30.83734
7,15,30.0
7,2,10.911358
7,3,15.774538
7,4,20.038275
7,5,23.63746
7,6,26.560593
7,7,28.830524
7,8,30.48894
7,9,31.586527
8,0,0.0
8,1,6.96113
8,10,37.186226
8,11,36.774574
8,12,35.753883
8,13,34.193943
8,14,32.21453
8,15,30.0
8,2,13.53545
8,3,19.431812
8,4,24.486818
8,5,28.644938
8,6,31.919811
8,7,34.358574
8,8,36.01699
8,9,36.945744
9,0,0.0
9,1,8.726497
9,10,42.851772
9,11,41.837288
9,12,39.954468
9,13,37.24034
9,14,33.828285
9,15,30.0
9,2,16.840187
9,3,23.934324
9,4,29.837181
9,5,34.54144
9,6,38.12152
9,7,40.673683
9,8,42.28145
9,9,42.99974
