0,0,0.0
0,1,0.0
0,10,0.0
0,11,0.0
0,12,0.0
0,13,0.0
0,14,0.0
0,15,30.0
0,2,0.0
0,3,0.0
0,4,0.0
0,5,0.0
0,6,0.0
0,7,0.0
0,8,0.0
0,9,0.0
1,0,0.0
1,1,0.63311636
1,10,5.165704
1,11,5.93628
1,12,7.2284455
1,13,9.731455
1,14,15.339676
1,15,30.0
1,2,1.2505648
1,3,1.8385527
1,4,2.3868623
1,5,2.8903215
1,6,3.3502295
1,7,3.7762032
1,8,4.189377
1,9,4.6288424
10,0,0.0
10,1,11.108807
10,10,49.401726
10,11,47.783726
10,12,44.9986
10,13,40.99314
10,14,35.862602
10,15,30.0
10,2,21.172573
10,3,29.639856
10,4,36.40104
10,5,41.579536
10,6,45.370396
10,7,47.953407
10,8,49.455715
10,9,49.93951
11,0,0.0
11,1,14.534114
11,10,57.02306
11,11,54.889675
11,12,51.25701
11,13,45.86683
11,14,38.626842
11,15,30.0
11,2,27.097446
11,3,37.0457
11,4,44.54023
11,5,49.996666
11,6,53.817623
11,7,56.30384
11,8,57.638462
11,9,57.891205
12,0,0.0
12,1,19.931065
12,10,65.9133
12,11,63.49807
12,12,59.27545
12,13,52.592064
12,14,42.778824
12,15,30.0
12,2,35.63907
12,3,46.907696
12,4,54.72058
12,5,60.052895
12,6,63.603542
12,7,65.81004
12,8,66.907265
12,9,66.96781
13,0,0.0
13,1,29.551746
13,10,76.167175
13,11,73.91638
13,12,69.75666
13,13,62.44854
13,14,49.897102
13,15,30.0
13,2,48.62142
13,3,60.227375
13,4,67.38396
13,5,71.89366
13,6,74.73679
13,7,76.42883
13,8,77.216095
13,9,77.162704
14,0,0.0
14,1,49.654984
14,10,87.67837
14,11,86.24538
14,12,83.38766
14,13,77.54932
14,14,64.36154
14,15,30.0
14,2,69.06842
14,3,77.997765
14,4,82.69596
14,5,85.402985
14,6,87.023346
14,7,87.95472
14,8,88.36789
14,9,88.301956
15,0,0.0
15,1,100.0
15,10,100.0
15,11,100.0
15,12,100.0
15,13,100.0
15,14,100.0
15,15,30.0
15,2,100.0
15,3,100.0
15,4,100.0
15,5,100.0
15,6,100.0
15,7,100.0
15,8,100.0
15,9,100.0
2,0,0.0
2,1,1.2821143
2,10,10.098611
2,11,11.351759
2,12,13.246676
2,13,16.358131
2,14,21.627472
2,15,30.0
2,2,2.5310073
2,3,3.717389
2,4,4.819342
2,5,5.8250923
2,6,6.735383
2,7,7.5662456
2,8,8.353506
2,9,9.161292
3,0,0.0
3,1,1.9647522
3,10,14.717489
3,11,16.127026
3,12,18.049599
3,13,20.827778
3,14,24.812515
3,15,30.0
3,2,3.874782
3,3,5.6818423
3,4,7.349534
3,5,8.857086
3,6,10.20191
3,7,11.401936
3,8,12.499161
3,9,13.566184
4,0,0.0
4,1,2.7027235
4,10,19.080769
4,11,20.39151
4,12,21.99871
4,13,24.092108
4,14,26.795452
4,15,30.0
4,2,5.3227215
4,3,7.7873974
4,4,10.04206
4,5,12.054377
4,6,13.816072
4,7,15.343393
4,8,16.678017
4,9,17.88966
5,0,0.0
5,1,3.5241985
5,10,23.327759
5,11,24.362427
5,12,25.46392
5,13,26.748081
5,14,28.277996
5,15,30.0
5,2,6.9275117
5,3,10.105177
5,4,12.979738
5,5,15.505569
5,6,17.668226
5,7,19.481356
5,8,20.983665
5,9,22.237343
6,0,0.0
6,1,4.46748
6,10,27.63446
6,11,28.269917
6,12,28.749165
6,13,29.160172
6,14,29.569412
6,15,30.0
6,2,8.75975
6,3,12.728672
6,4,16.269453
6,5,19.323809
6,6,21.874176
6,7,23.934616
6,8,25.542461
6,9,26.752602
7,0,0.0
7,1,5.586994
7,10,32.191956
7,11,32.337418
7,12,32.105644
7,13,31.576118
7,14,30.84055
7,15,30.0
7,2,10.917345
7,3,15.783215
7,4,20.04928
7,5,23.650341
7,6,26.574806
7,7,28.84547
7,8,30.503963
7,9,31.600964
8,0,0.0
8,1,6.9642406
8,10,37.199665
8,11,36.78615
8,12,35.763073
8,13,34.200317
8,14,32.217796
8,15,30.0
8,2,13.541546
8,3,19.440643
8,4,24.49802
8,5,28.658047
8,6,31.93428
8,7,34.37378
8,8,36.032276
8,9,36.960434
9,0,0.0
9,1,8.729524
9,10,42.86484
9,11,41.84854
9,12,39.9634
9,13,37.246536
9,14,33.83146
9,15,30.0
9,2,16.846115
9,3,23.942917
9,4,29.84808
9,5,34.55419
9,6,38.135597
9,7,40.68847
9,8,42.296314
9,9,43.014023
