0,0,0.0
0,1,0.0
0,2,0.0
0,3,0.0
0,4,0.0
0,5,0.0
0,6,0.0
0,7,30.0
1,0,0.0
1,1,2.9709353
1,2,5.5980844
1,3,7.7461534
1,4,9.5985985
1,5,11.87114
1,6,16.599644
1,7,30.0
2,0,0.0
2,1,6.285735
2,2,11.675388
2,3,15.788103
2,4,18.777277
2,5,21.286455
2,6,24.527515
2,7,30.0
3,0,0.0
3,1,10.496755
3,2,19.029884
3,3,24.953907
3,4,28.436264
3,5,29.97014
3,6,30.224102
3,7,30.0
4,0,0.0
4,1,16.671574
4,2,28.993795
4,3,36.561764
4,4,40.04412
4,5,39.93405
4,6,36.39892
4,7,30.0
5,0,0.0
5,1,27.195919
5,2,43.712276
5,3,52.25562
5,4,55.2448
5,5,53.32334
5,6,45.4377
5,7,30.0
6,0,0.0
6,1,48.399963
6,2,66.40402
6,3,73.50397
6,4,75.356415
6,5,72.67708
6,6,62.02867
6,7,30.0
7,0,0.0
7,1,100.0
7,2,100.0
7,3,100.0
7,4,100.0
7,5,100.0
7,6,100.0
7,7,30.0
