0,0,0.0
0,1,0.0
0,10,0.0
0,11,0.0
0,12,0.0
0,13,0.0
0,14,0.0
0,15,30.0
0,2,0.0
0,3,0.0
0,4,0.0
0,5,0.0
0,6,0.0
0,7,0.0
0,8,0.0
0,9,0.0
1,0,0.0
1,1,0.70727396
1,10,5.301132
1,11,6.0367217
1,12,7.297609
1,13,9.7741585
1,14,15.359831
1,15,30.0
1,2,1.3919946
1,3,2.0339596
1,4,2.619417
1,5,3.1406572
1,6,3.600347
1,7,4.0101194
1,8,4.395775
1,9,4.80085
10,0,0.0
10,1,10.855722
10,10,47.627975
10,11,46.194485
10,12,43.699203
10,13,40.071445
10,14,35.38481
10,15,30.0
10,2,20.661554
10,3,28.865791
10,4,35.36132
10,5,40.284004
10,6,43.84409
10,7,46.243416
10,8,47.63106
10,9,48.088387
11,0,0.0
11,1,14.260061
11,10,55.264275
11,11,53.32388
11,12,49.981
11,13,44.965343
11,14,38.15983
11,15,30.0
11,2,26.548334
11,3,36.220833
11,4,43.445873
11,5,48.648674
11,6,52.2489
11,7,54.56559
11,8,55.801445
11,9,56.044
12,0,0.0
12,1,19.677145
12,10,64.3674
12,11,62.12574
12,12,58.161194
12,13,51.805626
12,14,42.37231
12,15,30.0
12,2,35.131584
12,3,46.150185
12,4,53.721523
12,5,58.831722
12,6,62.192284
12,7,64.25689
12,8,65.27631
12,9,65.33589
13,0,0.0
13,1,29.356592
13,10,75.01642
13,11,72.89791
13,12,68.930466
13,13,61.866684
13,14,49.59626
13,15,30.0
13,2,48.23253
13,3,59.64828
13,4,66.62366
13,5,70.96791
13,6,73.671776
13,7,75.26162
13,8,75.99475
13,9,75.945206
14,0,0.0
14,1,49.54913
14,10,87.06477
14,11,85.70261
14,12,82.94816
14,13,77.239716
14,14,64.20169
14,15,30.0
14,2,68.85756
14,3,77.6845
14,4,82.2853
14,5,84.9043
14,6,86.450874
14,7,87.328705
14,8,87.71436
14,9,87.65138
15,0,0.0
15,1,100.0
15,10,100.0
15,11,100.0
15,12,100.0
15,13,100.0
15,14,100.0
15,15,30.0
15,2,100.0
15,3,100.0
15,4,100.0
15,5,100.0
15,6,100.0
15,7,100.0
15,8,100.0
15,9,100.0
2,0,0.0
2,1,1.4160477
2,10,10.316771
2,11,11.507868
2,12,13.350315
2,13,16.419504
2,14,21.655716
2,15,30.0
2,2,2.7853513
2,3,4.068134
2,4,5.233617
2,5,6.2682686
2,6,7.1728735
2,7,7.9702234
2,8,8.703352
2,9,9.446303
3,0,0.0
3,1,2.1316469
3,10,14.922687
3,11,16.258522
3,12,18.124493
3,13,20.865025
3,14,24.826813
3,15,30.0
3,2,4.190979
3,3,6.113482
3,4,7.854307
3,5,9.387007
3,6,10.713804
3,7,11.859213
3,8,12.878642
3,9,13.857403
4,0,0.0
4,1,2.8690486
4,10,19.15372
4,11,20.39719
4,12,21.966955
4,13,24.051174
4,14,26.768818
4,15,30.0
4,2,5.634163
4,3,8.206789
4,4,10.519182
4,5,12.538127
4,6,14.25765
4,7,15.707433
4,8,16.943289
4,9,18.052753
5,0,0.0
5,1,3.6541386
5,10,23.148046
5,11,24.142513
5,12,25.246939
5,13,26.576443
5,14,28.18323
5,15,30.0
5,2,7.1665497
5,3,10.413525
5,4,13.309345
5,5,15.804066
5,6,17.89291
5,7,19.601635
5,8,20.98929
5,9,22.13721
6,0,0.0
6,1,4.5311337
6,10,27.10765
6,11,27.744772
6,12,28.287376
6,13,28.81623
6,14,29.386295
6,15,30.0
6,2,8.866562
6,3,12.843832
6,4,16.347397
6,5,19.3223
6,6,21.758133
6,7,23.688248
6,8,25.169903
6,9,26.280237
7,0,0.0
7,1,5.56388
7,10,31.268787
7,11,31.469736
7,12,31.369684
7,13,31.042149
7,14,30.559456
7,15,30.0
7,2,10.854729
7,3,15.650381
7,4,19.81229
7,5,23.276257
7,6,26.045675
7,7,28.16079
7,8,29.68751
7,9,30.699123
8,0,0.0
8,1,6.849396
8,10,35.894306
8,11,35.58925
8,12,34.767784
8,13,33.48591
8,14,31.844973
8,15,30.0
8,2,13.29849
8,3,19.048481
8,4,23.931803
8,5,27.901775
8,6,30.984516
8,7,33.24986
8,8,34.776577
8,9,35.637962
9,0,0.0
9,1,8.53281
9,10,41.255325
9,11,40.39512
9,12,38.766037
9,13,36.394333
9,14,33.38797
9,15,30.0
9,2,16.44466
9,3,23.322493
9,4,28.997742
9,5,33.46997
9,6,36.831825
9,7,39.199745
9,8,40.681396
9,9,41.35393
