0,0,0.0
0,1,0.0
0,10,0.0
0,11,0.0
0,12,0.0
0,13,0.0
0,14,0.0
0,15,30.0
0,2,0.0
0,3,0.0
0,4,0.0
0,5,0.0
0,6,0.0
0,7,0.0
0,8,0.0
0,9,0.0
1,0,0.0
1,1,0.635479
1,10,5.1756806
1,11,5.944854
1,12,7.2352366
1,13,9.736157
1,14,15.342081
1,15,30.0
1,2,1.2551894
1,3,1.8452425
1,4,2.3953314
1,5,2.9002066
1,6,3.3611042
1,7,3.7875962
1,8,4.200792
1,9,4.639779
10,0,0.0
10,1,11.119101
10,10,49.445175
10,11,47.821068
10,12,45.02817
10,13,41.013626
10,14,35.87308
10,15,30.0
10,2,21.192722
10,3,29.669004
10,4,36.437935
10,5,41.622604
10,6,45.41777
10,7,48.003033
10,8,49.505436
10,9,49.987152
11,0,0.0
11,1,14.542992
11,10,57.06053
11,11,54.921883
11,12,51.282516
11,13,45.8845
11,14,38.635876
11,15,30.0
11,2,27.114826
11,3,37.07084
11,4,44.57205
11,5,50.03381
11,6,53.858475
11,7,56.34664
11,8,57.68134
11,9,57.93229
12,0,0.0
12,1,19.938114
12,10,65.943054
12,11,63.523647
12,12,59.295708
12,13,52.606094
12,14,42.786003
12,15,30.0
12,2,35.652874
12,3,46.92766
12,4,54.745857
12,5,60.082386
12,6,63.635994
12,7,65.844025
12,8,66.94132
12,9,67.00044
13,0,0.0
13,1,29.55664
13,10,76.18783
13,11,73.934135
13,12,69.77072
13,13,62.458282
13,14,49.902084
13,15,30.0
13,2,48.631004
13,3,60.241234
13,4,67.401505
13,5,71.91413
13,6,74.75931
13,7,76.45242
13,8,77.23973
13,9,77.18534
14,0,0.0
14,1,49.657486
14,10,87.68894
14,11,86.25446
14,12,83.39486
14,13,77.5543
14,14,64.36409
14,15,30.0
14,2,69.07333
14,3,78.00487
14,4,82.70494
14,5,85.41347
14,6,87.034874
14,7,87.966805
14,8,88.38
14,9,88.31355
15,0,0.0
15,1,100.0
15,10,100.0
15,11,100.0
15,12,100.0
15,13,100.0
15,14,100.0
15,15,30.0
15,2,100.0
15,3,100.0
15,4,100.0
15,5,100.0
15,6,100.0
15,7,100.0
15,8,100.0
15,9,100.0
2,0,0.0
2,1,1.2867454
2,10,10.118166
2,11,11.3685665
2,12,13.259987
2,13,16.367352
2,14,21.632187
2,15,30.0
2,2,2.5400724
2,3,3.7305024
2,4,4.835943
2,5,5.8444686
2,6,6.7567
2,7,7.5885787
2,8,8.375882
2,9,9.182732
3,0,0.0
3,1,1.9714667
3,10,14.745842
3,11,16.15139
3,12,18.068897
3,13,20.841145
3,14,24.819353
3,15,30.0
3,2,3.8879251
3,3,5.700855
3,4,7.373602
3,5,8.885179
3,6,10.232816
3,7,11.434313
3,8,12.531605
3,9,13.597264
4,0,0.0
4,1,2.7112494
4,10,19.116766
4,11,20.422447
4,12,22.023214
4,13,24.10908
4,14,26.80413
4,15,30.0
4,2,5.339411
4,3,7.8115387
4,4,10.072622
4,5,12.09005
4,6,13.855314
4,7,15.384508
4,8,16.719208
4,9,17.929127
5,0,0.0
5,1,3.5341864
5,10,23.369928
5,11,24.398666
5,12,25.49262
5,13,26.767962
5,14,28.288164
5,15,30.0
5,2,6.9470625
5,3,10.133457
5,4,13.015539
5,5,15.547356
5,6,17.714197
5,7,19.529514
5,8,21.03192
5,9,22.28357
6,0,0.0
6,1,4.478513
6,10,27.681038
6,11,28.309948
6,12,28.780865
6,13,29.182129
6,14,29.580645
6,15,30.0
6,2,8.781345
6,3,12.7599125
6,4,16.309
6,5,19.369967
6,6,21.924953
6,7,23.987816
6,8,25.595755
6,9,26.803667
7,0,0.0
7,1,5.5986032
7,10,32.240967
7,11,32.37953
7,12,32.139
7,13,31.599222
7,14,30.852364
7,15,30.0
7,2,10.940068
7,3,15.816084
7,4,20.090893
7,5,23.69891
7,6,26.628235
7,7,28.901442
7,8,30.560043
7,9,31.654688
8,0,0.0
8,1,6.9759226
8,10,37.248978
8,11,36.828533
8,12,35.79664
8,13,34.223564
8,14,32.229683
8,15,30.0
8,2,13.564413
8,3,19.47372
8,4,24.539894
8,5,28.706924
8,6,31.988045
8,7,34.43011
8,8,36.088707
8,9,37.014503
9,0,0.0
9,1,8.740764
9,10,42.912292
9,11,41.88932
9,12,39.995697
9,13,37.2689
9,14,33.842896
9,15,30.0
9,2,16.868118
9,3,23.974743
9,4,29.888372
9,5,34.601215
9,6,38.18733
9,7,40.74267
9,8,42.35061
9,9,43.066036
