0,0,0.0
0,1,0.0
0,10,0.0
0,11,0.0
0,12,0.0
0,13,0.0
0,14,0.0
0,15,30.0
0,2,0.0
0,3,0.0
0,4,0.0
0,5,0.0
0,6,0.0
0,7,0.0
0,8,0.0
0,9,0.0
1,0,0.0
1,1,0.63151133
1,10,5.158636
1,11,5.9301767
1,12,7.2235947
1,13,9.728085
1,14,15.33795
1,15,30.0
1,2,1.2474176
1,3,1.8339854
1,4,2.3810577
1,5,2.8835125
1,6,3.3426983
1,7,3.7682657
1,8,4.1813784
1,9,4.6211348
10,0,0.0
10,1,11.100844
10,10,49.366966
10,11,47.753746
10,12,44.974785
10,13,40.97661
10,14,35.854137
10,15,30.0
10,2,21.156963
10,3,29.617226
10,4,36.37229
10,5,41.54586
10,6,45.333183
10,7,47.91424
10,8,49.41629
10,9,49.90157
11,0,0.0
11,1,14.527157
11,10,56.99271
11,11,54.863503
11,12,51.236217
11,13,45.852398
11,14,38.619453
11,15,30.0
11,2,27.083809
11,3,37.025925
11,4,44.515114
11,5,49.967243
11,6,53.785114
11,7,56.26963
11,8,57.604034
11,9,57.85807
12,0,0.0
12,1,19.925478
12,10,65.888954
12,11,63.47707
12,12,59.258778
12,13,52.58049
12,14,42.7729
12,15,30.0
12,2,35.628124
12,3,46.891823
12,4,54.700424
12,5,60.02928
12,6,63.577454
12,7,65.78259
12,8,66.87964
12,9,66.94124
13,0,0.0
13,1,29.547838
13,10,76.150154
13,11,73.9017
13,12,69.744995
13,13,62.440453
13,14,49.89296
13,15,30.0
13,2,48.61376
13,3,60.21627
13,4,67.369865
13,5,71.877144
13,6,74.718544
13,7,76.40964
13,8,77.19678
13,9,77.144104
14,0,0.0
14,1,49.652973
14,10,87.66961
14,11,86.23782
14,12,83.38166
14,13,77.54515
14,14,64.359406
14,15,30.0
14,2,69.06448
14,3,77.99205
14,4,82.688705
14,5,85.394485
14,6,87.013954
14,7,87.94484
14,8,88.35795
14,9,88.29239
15,0,0.0
15,1,100.0
15,10,100.0
15,11,100.0
15,12,100.0
15,13,100.0
15,14,100.0
15,15,30.0
15,2,100.0
15,3,100.0
15,4,100.0
15,5,100.0
15,6,100.0
15,7,100.0
15,8,100.0
15,9,100.0
2,0,0.0
2,1,1.2789488
2,10,10.084674
2,11,11.339727
2,12,13.237111
2,13,16.351486
2,14,21.62407
2,15,30.0
2,2,2.5247982
2,3,3.7083817
2,4,4.8078914
2,5,5.811664
2,6,6.720528
2,7,7.5505943
2,8,8.337732
2,9,9.146095
3,0,0.0
3,1,1.9601156
3,10,14.697094
3,11,16.109417
3,12,18.035603
3,13,20.818058
3,14,24.807535
3,15,30.0
3,2,3.8656905
3,3,5.66865
3,4,7.3327694
3,5,8.837422
3,6,10.180166
3,7,11.379021
3,8,12.476075
3,9,13.54394
4,0,0.0
4,1,2.6967583
4,10,19.05455
4,11,20.368877
4,12,21.980724
4,13,24.079617
4,14,26.789053
4,15,30.0
4,2,5.3110228
4,3,7.7704277
4,4,10.02049
4,5,12.029088
4,6,13.788102
4,7,15.3139305
4,8,16.648329
4,9,17.861063
5,0,0.0
5,1,3.5171003
5,10,23.296597
5,11,24.335531
5,12,25.442543
5,13,26.733238
5,14,28.270393
5,15,30.0
5,2,6.9135942
5,3,10.084986
5,4,12.954083
5,5,15.475487
5,6,17.634968
5,7,19.44632
5,8,20.948374
5,9,22.203346
6,0,0.0
6,1,4.459504
6,10,27.599483
6,11,28.239735
6,12,28.725178
6,13,29.143517
6,14,29.56088
6,15,30.0
6,2,8.74411
6,3,12.705988
6,4,16.24063
6,5,19.29002
6,6,21.83682
6,7,23.895279
6,8,25.50283
6,9,26.714443
7,0,0.0
7,1,5.57845
7,10,32.15454
7,11,32.305126
7,12,32.07999
7,13,31.558306
7,14,30.831425
7,15,30.0
7,2,10.900594
7,3,15.758917
7,4,20.018417
7,5,23.614162
7,6,26.534817
7,7,28.803358
7,8,30.461557
7,9,31.560131
8,0,0.0
8,1,6.9554896
8,10,37.161385
8,11,36.753128
8,12,35.73683
8,13,34.182102
8,14,32.20846
8,15,30.0
8,2,13.524387
8,3,19.415762
8,4,24.466415
8,5,28.621008
8,6,31.89334
8,7,34.33068
8,8,35.988876
8,9,36.918655
9,0,0.0
9,1,8.72096
9,10,42.82743
9,11,41.816265
9,12,39.937763
9,13,37.228737
9,14,33.82234
9,15,30.0
9,2,16.82933
9,3,23.918571
9,4,29.817162
9,5,34.517956
9,6,38.09556
9,7,40.646324
9,8,42.253887
9,9,42.97318
