0,0,0.0
0,1,0.0
0,10,0.0
0,11,0.0
0,12,0.0
0,13,0.0
0,14,0.0
0,15,30.0
0,2,0.0
0,3,0.0
0,4,0.0
0,5,0.0
0,6,0.0
0,7,0.0
0,8,0.0
0,9,0.0
1,0,0.0
1,1,0.6347552
1,10,5.172656
1,11,5.942258
1,12,7.2331824
1,13,9.7347355
1,14,15.341354
1,15,30.0
1,2,1.253773
1,3,1.8431954
1,4,2.3927422
1,5,2.8971884
1,6,3.3577886
1,7,3.7841272
1,8,4.197322
1,9,4.6364594
10,0,0.0
10,1,11.116053
10,10,49.43244
10,11,47.81014
10,12,45.01952
10,13,41.007637
10,14,35.870018
10,15,30.0
10,2,21.18676
10,3,29.660387
10,4,36.42704
10,5,41.609894
10,6,45.40381
10,7,47.988434
10,8,49.49083
10,9,49.973167
11,0,0.0
11,1,14.540375
11,10,57.04959
11,11,54.912487
11,12,51.275085
11,13,45.87935
11,14,38.633247
11,15,30.0
11,2,27.1097
11,3,37.063435
11,4,44.562683
11,5,50.02289
11,6,53.84648
11,7,56.33409
11,8,57.668793
11,9,57.920277
12,0,0.0
12,1,19.93604
12,10,65.934395
12,11,63.516212
12,12,59.28982
12,13,52.602028
12,14,42.78392
12,15,30.0
12,2,35.64882
12,3,46.9218
12,4,54.73844
12,5,60.073753
12,6,63.626495
12,7,65.8341
12,8,66.93138
12,9,66.99094
13,0,0.0
13,1,29.555206
13,10,76.18183
13,11,73.928986
13,12,69.76665
13,13,62.45546
13,14,49.900642
13,15,30.0
13,2,48.62819
13,3,60.237175
13,4,67.39638
13,5,71.90814
13,6,74.75273
13,7,76.44554
13,8,77.23285
13,9,77.178764
14,0,0.0
14,1,49.65675
14,10,87.68588
14,11,86.25183
14,12,83.39278
14,13,77.55286
14,14,64.36335
14,15,30.0
14,2,69.0719
14,3,78.002785
14,4,82.70232
14,5,85.4104
14,6,87.03151
14,7,87.96328
14,8,88.37648
14,9,88.31018
15,0,0.0
15,1,100.0
15,10,100.0
15,11,100.0
15,12,100.0
15,13,100.0
15,14,100.0
15,15,30.0
15,2,100.0
15,3,100.0
15,4,100.0
15,5,100.0
15,6,100.0
15,7,100.0
15,8,100.0
15,9,100.0
2,0,0.0
2,1,1.2853286
2,10,10.1122465
2,11,11.363485
2,12,13.255966
2,13,16.364567
2,14,21.630764
2,15,30.0
2,2,2.5373008
2,3,3.7264955
2,4,4.8308764
2,5,5.838562
2,6,6.75021
2,7,7.5817904
2,8,8.369091
2,9,9.176233
3,0,0.0
3,1,1.9694179
3,10,14.737282
3,11,16.144041
3,12,18.063082
3,13,20.83712
3,14,24.817295
3,15,30.0
3,2,3.8839164
3,3,5.6950607
3,4,7.366274
3,5,8.876636
3,6,10.223431
3,7,11.424495
3,8,12.521782
3,9,13.587867
4,0,0.0
4,1,2.7086563
4,10,19.10593
4,11,20.413149
4,12,22.015854
4,13,24.103985
4,14,26.801529
4,15,30.0
4,2,5.3343377
4,3,7.804205
4,4,10.063349
4,5,12.079237
4,6,13.843437
4,7,15.372084
4,8,16.706776
4,9,17.917234
5,0,0.0
5,1,3.531161
5,10,23.357288
5,11,24.387814
5,12,25.484035
5,13,26.762018
5,14,28.285126
5,15,30.0
5,2,6.9411426
5,3,10.124901
5,4,13.004719
5,5,15.53474
5,6,17.700336
5,7,19.515017
5,8,21.017416
5,9,22.269691
6,0,0.0
6,1,4.4751854
6,10,27.667133
6,11,28.298016
6,12,28.771421
6,13,29.175594
6,14,29.577303
6,15,30.0
6,2,8.7748375
6,3,12.750503
6,4,16.2971
6,5,19.356094
6,6,21.909712
6,7,23.971872
6,8,25.579803
6,9,26.788406
7,0,0.0
7,1,5.595119
7,10,32.22641
7,11,32.367035
7,12,32.129112
7,13,31.59238
7,14,30.848866
7,15,30.0
7,2,10.933251
7,3,15.80623
7,4,20.078432
7,5,23.68438
7,6,26.612274
7,7,28.884743
7,8,30.543339
7,9,31.638706
8,0,0.0
8,1,6.972433
8,10,37.234398
8,11,36.816025
8,12,35.786736
8,13,34.216717
8,14,32.22618
8,15,30.0
8,2,13.557585
8,3,19.463852
8,4,24.527412
8,5,28.692375
8,6,31.972057
8,7,34.413387
8,8,36.071976
8,9,36.998497
9,0,0.0
9,1,8.737422
9,10,42.898327
9,11,41.877335
9,12,39.986214
9,13,37.262337
9,14,33.83954
9,15,30.0
9,2,16.86158
9,3,23.965292
9,4,29.876417
9,5,34.58728
9,6,38.17202
9,7,40.72665
9,8,42.334587
9,9,43.05071
