0,0,0.0
0,1,0.0
0,10,0.0
0,11,0.0
0,12,0.0
0,13,0.0
0,14,0.0
0,15,30.0
0,2,0.0
0,3,0.0
0,4,0.0
0,5,0.0
0,6,0.0
0,7,0.0
0,8,0.0
0,9,0.0
1,0,0.0
1,1,0.64223665
1,10,5.1536565
1,11,5.9211383
1,12,7.2133064
1,13,9.719377
1,14,15.33298
1,15,30.0
1,2,1.2674026
1,3,1.8603915
1,4,2.4104218
1,5,2.9119382
1,6,3.3668902
1,7,3.7856352
1,8,4.1907463
1,9,4.6226177
10,0,0.0
10,1,10.981274
10,10,48.66204
10,11,47.128708
10,12,44.467587
10,13,40.618793
10,14,35.669197
10,15,30.0
10,2,20.918625
10,3,29.26288
10,4,35.907158
10,5,40.980095
10,6,44.682335
10,7,47.20083
10,8,48.66951
10,9,49.156185
11,0,0.0
11,1,14.408241
11,10,56.3199
11,11,54.26921
11,12,50.75485
11,13,45.513668
11,14,38.444416
11,15,30.0
11,2,26.847565
11,3,36.675777
11,4,44.05797
11,5,49.413948
11,6,53.15228
11,7,55.57969
11,8,56.885353
11,9,57.14421
12,0,0.0
12,1,19.820805
12,10,65.31257
12,11,62.96879
12,12,58.848057
12,13,52.291622
12,14,42.62386
12,15,30.0
12,2,35.42036
12,3,46.58484
12,4,54.300694
12,5,59.54734
12,6,63.028175
12,7,65.185905
12,8,66.26033
12,9,66.32776
13,0,0.0
13,1,29.469872
13,10,75.728226
13,11,73.530365
13,12,69.44509
13,13,62.229843
13,14,49.784267
13,15,30.0
13,2,48.459248
13,3,59.988205
13,4,67.07359
13,5,71.520645
13,6,74.31323
13,7,75.97038
13,8,76.74178
13,9,76.69446
14,0,0.0
14,1,49.61138
14,10,87.44672
14,11,86.04172
14,12,83.22348
14,13,77.434044
14,14,64.302124
14,15,30.0
14,2,68.98207
14,3,77.87056
14,4,82.531006
14,5,85.205
14,6,86.79879
14,7,87.71195
14,8,88.117065
14,9,88.05451
15,0,0.0
15,1,100.0
15,10,100.0
15,11,100.0
15,12,100.0
15,13,100.0
15,14,100.0
15,15,30.0
15,2,100.0
15,3,100.0
15,4,100.0
15,5,100.0
15,6,100.0
15,7,100.0
15,8,100.0
15,9,100.0
2,0,0.0
2,1,1.2966216
2,10,10.061013
2,11,11.310028
2,12,13.207565
2,13,16.32786
2,14,21.61102
2,15,30.0
2,2,2.5572646
2,3,3.7506704
2,4,4.853252
2,5,5.8534284
2,6,6.752445
2,7,7.568615
2,8,8.340012
2,9,9.133673
3,0,0.0
3,1,1.977757
3,10,14.630207
3,11,16.038555
3,12,17.970673
3,13,20.768639
3,14,24.780807
3,15,30.0
3,2,3.8973808
3,3,5.707458
3,4,7.370459
3,5,8.86498
3,6,10.19056
3,7,11.367491
3,8,12.4419155
3,9,13.49015
4,0,0.0
4,1,2.7058544
4,10,18.914753
4,11,20.231735
4,12,21.861197
4,13,23.991081
4,14,26.74203
4,15,30.0
4,2,5.324977
4,3,7.7821264
4,4,10.020491
4,5,12.008802
4,6,13.740366
4,7,15.235941
4,8,16.541603
4,9,17.732302
5,0,0.0
5,1,3.5088801
5,10,23.055557
5,11,24.10887
5,12,25.25016
5,13,26.59351
5,14,28.1968
5,15,30.0
5,2,6.8933473
5,3,10.045451
5,4,12.887324
5,5,15.37361
5,6,17.493793
5,7,19.265728
5,8,20.734411
5,9,21.967644
6,0,0.0
6,1,4.427284
6,10,27.237959
6,11,27.907478
6,12,28.448256
6,13,28.944418
6,14,29.456854
6,15,30.0
6,2,8.676182
6,3,12.5969715
6,4,16.083904
6,5,19.081398
6,6,21.575176
6,7,23.585718
6,8,25.156536
6,9,26.349075
7,0,0.0
7,1,5.518561
7,10,31.667595
7,11,31.864542
7,12,31.716427
7,13,31.299162
7,14,30.696457
7,15,30.0
7,2,10.778633
7,3,15.570902
7,4,19.761417
7,5,23.287066
7,6,26.14193
7,7,28.354708
7,8,29.97454
7,9,31.058735
8,0,0.0
8,1,6.868931
8,10,36.563206
8,11,36.216747
8,12,35.297836
8,13,33.870487
8,14,32.046825
8,15,30.0
8,2,13.349955
8,3,19.152315
8,4,24.11362
8,5,28.182676
8,6,31.378
8,7,33.754147
8,8,35.373974
8,9,36.294807
9,0,0.0
9,1,8.613042
9,10,42.15079
9,11,41.21393
9,12,39.446884
9,13,36.881844
9,14,33.642612
9,15,30.0
9,2,16.613605
9,3,23.5956
9,4,29.390354
9,5,33.99423
9,6,37.488167
9,7,39.97507
9,8,41.545895
9,9,42.262062
