0,0,0.0
0,1,0.0
0,2,0.0
0,3,0.0
0,4,0.0
0,5,0.0
0,6,0.0
0,7,30.0
1,0,0.0
1,1,2.971046
1,2,5.5982833
1,3,7.746401
1,4,9.598846
1,5,11.87134
1,6,16.599754
1,7,30.0
2,0,0.0
2,1,6.2859335
2,2,11.675747
2,3,15.788549
2,4,18.777725
2,5,21.286814
2,6,24.527716
2,7,30.0
3,0,0.0
3,1,10.497004
3,2,19.03033
3,3,24.95446
3,4,28.436821
3,5,29.970587
3,6,30.22435
3,7,30.0
4,0,0.0
4,1,16.671822
4,2,28.994244
4,3,36.56232
4,4,40.044678
4,5,39.9345
4,6,36.39917
4,7,30.0
5,0,0.0
5,1,27.196117
5,2,43.712635
5,3,52.25607
5,4,55.245247
5,5,53.323704
5,6,45.4379
5,7,30.0
6,0,0.0
6,1,48.400078
6,2,66.40422
6,3,73.50423
6,4,75.35667
6,5,72.67728
6,6,62.02878
6,7,30.0
7,0,0.0
7,1,100.0
7,2,100.0
7,3,100.0
7,4,100.0
7,5,100.0
7,6,100.0
7,7,30.0
