0,0,0.0
0,1,0.0
0,10,0.0
0,11,0.0
0,12,0.0
0,13,0.0
0,14,0.0
0,15,30.0
0,2,0.0
0,3,0.0
0,4,0.0
0,5,0.0
0,6,0.0
0,7,0.0
0,8,0.0
0,9,0.0
1,0,0.0
1,1,0.6337764
1,10,5.1685266
1,11,5.9387093
1,12,7.230372
1,13,9.73279
1,14,15.34036
1,15,30.0
1,2,1.2518573
1,3,1.8404242
1,4,2.3892343
1,5,2.8930945
1,6,3.3532848
1,7,3.77941
1,8,4.1925955
1,9,4.6319323
10,0,0.0
10,1,11.111799
10,10,49.414513
10,11,47.794727
10,12,45.00732
10,13,40.999187
10,14,35.8657
10,15,30.0
10,2,21.17844
10,3,29.648346
10,4,36.411797
10,5,41.59211
10,6,45.384254
10,7,47.96794
10,8,49.470306
10,9,49.953506
11,0,0.0
11,1,14.536709
11,10,57.03413
11,11,54.899204
11,12,51.264565
11,13,45.87207
11,14,38.62952
11,15,30.0
11,2,27.102526
11,3,37.053055
11,4,44.549545
11,5,50.007565
11,6,53.829617
11,7,56.316433
11,8,57.6511
11,9,57.90333
12,0,0.0
12,1,19.933128
12,10,65.92213
12,11,63.50566
12,12,59.28147
12,13,52.596237
12,14,42.780964
12,15,30.0
12,2,35.64312
12,3,46.913555
12,4,54.728012
12,5,60.06157
12,6,63.61311
12,7,65.820076
12,8,66.917336
12,9,66.97748
13,0,0.0
13,1,29.553185
13,10,76.17332
13,11,73.92166
13,12,69.76085
13,13,62.45145
13,14,49.89859
13,15,30.0
13,2,48.624237
13,3,60.231457
13,4,67.38913
13,5,71.899704
13,6,74.74345
13,7,76.435814
13,8,77.2231
13,9,77.16942
14,0,0.0
14,1,49.65572
14,10,87.68152
14,11,86.248085
14,12,83.38981
14,13,77.550804
14,14,64.362305
14,15,30.0
14,2,69.06987
14,3,77.99986
14,4,82.69861
14,5,85.40608
14,6,87.02676
14,7,87.958305
14,8,88.37149
14,9,88.3054
15,0,0.0
15,1,100.0
15,10,100.0
15,11,100.0
15,12,100.0
15,13,100.0
15,14,100.0
15,15,30.0
15,2,100.0
15,3,100.0
15,4,100.0
15,5,100.0
15,6,100.0
15,7,100.0
15,8,100.0
15,9,100.0
2,0,0.0
2,1,1.2834103
2,10,10.104155
2,11,11.356529
2,12,13.250458
2,13,16.360754
2,14,21.628813
2,15,30.0
2,2,2.5335457
2,3,3.7210643
2,4,4.824001
2,5,5.8305373
2,6,6.7413845
2,7,7.5725436
2,8,8.359828
2,9,9.167359
3,0,0.0
3,1,1.9666371
3,10,14.72555
3,11,16.13396
3,12,18.0551
3,13,20.831589
3,14,24.814466
3,15,30.0
3,2,3.8784738
3,3,5.6871867
3,4,7.3563075
3,5,8.865005
3,6,10.210636
3,7,11.411094
3,8,12.508354
3,9,13.5750065
4,0,0.0
4,1,2.7051265
4,10,19.09104
4,11,20.400352
4,12,22.00572
4,13,24.09697
4,14,26.79794
4,15,30.0
4,2,5.327428
4,3,7.794211
4,4,10.050696
4,5,12.064471
4,6,13.827197
4,7,15.355069
4,8,16.689735
4,9,17.900906
5,0,0.0
5,1,3.5270271
5,10,23.339848
5,11,24.37283
5,12,25.472168
5,13,26.7538
5,14,28.280922
5,15,30.0
5,2,6.9330516
5,3,10.113197
5,4,12.989902
5,5,15.517451
5,6,17.681318
5,7,19.495094
5,8,20.997458
5,9,22.250576
6,0,0.0
6,1,4.470621
6,10,27.647882
6,11,28.28147
6,12,28.75832
6,13,29.166521
6,14,29.572662
6,15,30.0
6,2,8.7659025
6,3,12.737579
6,4,16.280743
6,5,19.337002
6,6,21.888716
6,7,23.949875
6,8,25.55777
6,9,26.767296
7,0,0.0
7,1,5.5903187
7,10,32.206154
7,11,32.349632
7,12,32.115334
7,13,31.582834
7,14,30.843985
7,15,30.0
7,2,10.923853
7,3,15.79264
7,4,20.061226
7,5,23.664303
7,6,26.590187
7,7,28.861609
7,8,30.520159
7,9,31.616507
8,0,0.0
8,1,6.967603
8,10,37.21403
8,11,36.798515
8,12,35.772873
8,13,34.207115
8,14,32.22127
8,15,30.0
8,2,13.548134
8,3,19.45018
8,4,24.510109
8,5,28.672174
8,6,31.949844
8,7,34.39011
8,8,36.048664
8,9,36.97616
9,0,0.0
9,1,8.732778
9,10,42.878735
9,11,41.8605
9,12,39.972885
9,13,37.25311
9,14,33.834816
9,15,30.0
9,2,16.852486
9,3,23.95214
9,4,29.859772
9,5,34.567856
9,6,38.150646
9,7,40.70427
9,8,42.31217
9,9,43.02923
