0,0,0.0
0,1,0.0
0,10,0.0
0,11,0.0
0,12,0.0
0,13,0.0
0,14,0.0
0,15,30.0
0,2,0.0
0,3,0.0
0,4,0.0
0,5,0.0
0,6,0.0
0,7,0.0
0,8,0.0
0,9,0.0
1,0,0.0
1,1,0.6356633
1,10,5.176448
1,11,5.9455137
1,12,7.2357574
1,13,9.736519
1,14,15.342266
1,15,30.0
1,2,1.2555498
1,3,1.8457634
1,4,2.39599
1,5,2.9009743
1,6,3.3619473
1,7,3.7884784
1,8,4.2016735
1,9,4.640623
10,0,0.0
10,1,11.11987
10,10,49.44838
10,11,47.823814
10,12,45.030346
10,13,41.01513
10,14,35.873848
10,15,30.0
10,2,21.19423
10,3,29.67118
10,4,36.440685
10,5,41.62581
10,6,45.421288
10,7,48.006714
10,8,49.509117
10,9,49.99066
11,0,0.0
11,1,14.5436535
11,10,57.06328
11,11,54.92424
11,12,51.284378
11,13,45.885788
11,14,38.636536
11,15,30.0
11,2,27.116117
11,3,37.072704
11,4,44.57441
11,5,50.03656
11,6,53.861496
11,7,56.3498
11,8,57.684498
11,9,57.935307
12,0,0.0
12,1,19.938637
12,10,65.94523
12,11,63.525513
12,12,59.29718
12,13,52.607117
12,14,42.786522
12,15,30.0
12,2,35.653893
12,3,46.92914
12,4,54.747726
12,5,60.08457
12,6,63.638382
12,7,65.84653
12,8,66.943825
12,9,67.00283
13,0,0.0
13,1,29.557001
13,10,76.18933
13,11,73.935425
13,12,69.77174
13,13,62.45899
13,14,49.902443
13,15,30.0
13,2,48.631714
13,3,60.242256
13,4,67.4028
13,5,71.915634
13,6,74.76097
13,7,76.454155
13,8,77.241455
13,9,77.187
14,0,0.0
14,1,49.657677
14,10,87.68971
14,11,86.25513
14,12,83.39538
14,13,77.55466
14,14,64.36427
14,15,30.0
14,2,69.07369
14,3,78.00539
14,4,82.7056
14,5,85.41423
14,6,87.03571
14,7,87.96768
14,8,88.38088
14,9,88.31439
15,0,0.0
15,1,100.0
15,10,100.0
15,11,100.0
15,12,100.0
15,13,100.0
15,14,100.0
15,15,30.0
15,2,100.0
15,3,100.0
15,4,100.0
15,5,100.0
15,6,100.0
15,7,100.0
15,8,100.0
15,9,100.0
2,0,0.0
2,1,1.2871059
2,10,10.119669
2,11,11.369855
2,12,13.261007
2,13,16.368055
2,14,21.632547
2,15,30.0
2,2,2.540778
2,3,3.7315214
2,4,4.8372326
2,5,5.8459706
2,6,6.7583494
2,7,7.590304
2,8,8.377608
2,9,9.18438
3,0,0.0
3,1,1.9719877
3,10,14.748011
3,11,16.153255
3,12,18.07037
3,13,20.842163
3,14,24.819872
3,15,30.0
3,2,3.8889444
3,3,5.7023277
3,4,7.3754644
3,5,8.887349
3,6,10.2352
3,7,11.436807
3,8,12.534096
3,9,13.599649
4,0,0.0
4,1,2.711908
4,10,19.119513
4,11,20.424805
4,12,22.025078
4,13,24.110369
4,14,26.80479
4,15,30.0
4,2,5.3407
4,3,7.8134017
4,4,10.074978
4,5,12.0927925
4,6,13.85833
4,7,15.387659
4,8,16.722363
4,9,17.932138
5,0,0.0
5,1,3.5349543
5,10,23.373127
5,11,24.401411
5,12,25.494791
5,13,26.769463
5,14,28.28893
5,15,30.0
5,2,6.948565
5,3,10.135629
5,4,13.018284
5,5,15.550555
5,6,17.717709
5,7,19.53319
5,8,21.035591
5,9,22.287085
6,0,0.0
6,1,4.4793563
6,10,27.684551
6,11,28.312962
6,12,28.783249
6,13,29.18378
6,14,29.581486
6,15,30.0
6,2,8.782997
6,3,12.762297
6,4,16.312016
6,5,19.37348
6,6,21.928814
6,7,23.991848
6,8,25.599792
6,9,26.807522
7,0,0.0
7,1,5.5994854
7,10,32.24464
7,11,32.382683
7,12,32.14149
7,13,31.600948
7,14,30.853249
7,15,30.0
7,2,10.941794
7,3,15.81858
7,4,20.094046
7,5,23.702585
7,6,26.632273
7,7,28.905663
7,8,30.564262
7,9,31.658726
8,0,0.0
8,1,6.9768057
8,10,37.252655
8,11,36.83169
8,12,35.79913
8,13,34.225292
8,14,32.230568
8,15,30.0
8,2,13.56614
8,3,19.476215
8,4,24.543053
8,5,28.7106
8,6,31.99208
8,7,34.43433
8,8,36.092926
8,9,37.018536
9,0,0.0
9,1,8.741609
9,10,42.915806
9,11,41.892338
9,12,39.998085
9,13,37.270554
9,14,33.843742
9,15,30.0
9,2,16.86977
9,3,23.97713
9,4,29.891388
9,5,34.604733
9,6,38.19119
9,7,40.746704
9,8,42.35465
9,9,43.0699
