0,0,0.0
0,1,0.0
0,10,0.0
0,11,0.0
0,12,0.0
0,13,0.0
0,14,0.0
0,15,30.0
0,2,0.0
0,3,0.0
0,4,0.0
0,5,0.0
0,6,0.0
0,7,0.0
0,8,0.0
0,9,0.0
1,0,0.0
1,1,0.6356882
1,10,5.1765523
1,11,5.9456024
1,12,7.2358284
1,13,9.7365675
1,14,15.342291
1,15,30.0
1,2,1.2555985
1,3,1.8458339
1,4,2.396079
1,5,2.9010782
1,6,3.3620615
1,7,3.7885973
1,8,4.201793
1,9,4.6407366
10,0,0.0
10,1,11.119973
10,10,49.44881
10,11,47.82418
10,12,45.030632
10,13,41.015327
10,14,35.87395
10,15,30.0
10,2,21.194431
10,3,29.67147
10,4,36.441055
10,5,41.626236
10,6,45.42176
10,7,48.00721
10,8,49.509613
10,9,49.991135
11,0,0.0
11,1,14.543741
11,10,57.063644
11,11,54.924553
11,12,51.284626
11,13,45.885956
11,14,38.636623
11,15,30.0
11,2,27.116287
11,3,37.072952
11,4,44.574726
11,5,50.036926
11,6,53.8619
11,7,56.35022
11,8,57.68492
11,9,57.93571
12,0,0.0
12,1,19.938705
12,10,65.94552
12,11,63.52576
12,12,59.29738
12,13,52.60725
12,14,42.78659
12,15,30.0
12,2,35.65403
12,3,46.929337
12,4,54.74797
12,5,60.084854
12,6,63.638702
12,7,65.84686
12,8,66.94415
12,9,67.00314
13,0,0.0
13,1,29.557053
13,10,76.18953
13,11,73.93559
13,12,69.77187
13,13,62.45908
13,14,49.902493
13,15,30.0
13,2,48.6318
13,3,60.24239
13,4,67.40297
13,5,71.91583
13,6,74.761185
13,7,76.454384
13,8,77.241684
13,9,77.18721
14,0,0.0
14,1,49.657696
14,10,87.68981
14,11,86.25522
14,12,83.39545
14,13,77.5547
14,14,64.364296
14,15,30.0
14,2,69.07374
14,3,78.005455
14,4,82.70569
14,5,85.41434
14,6,87.03583
14,7,87.967804
14,8,88.381
14,9,88.3145
15,0,0.0
15,1,100.0
15,10,100.0
15,11,100.0
15,12,100.0
15,13,100.0
15,14,100.0
15,15,30.0
15,2,100.0
15,3,100.0
15,4,100.0
15,5,100.0
15,6,100.0
15,7,100.0
15,8,100.0
15,9,100.0
2,0,0.0
2,1,1.2871547
2,10,10.119873
2,11,11.370031
2,12,13.261144
2,13,16.36815
2,14,21.632597
2,15,30.0
2,2,2.540873
2,3,3.7316597
2,4,4.837406
2,5,5.8461742
2,6,6.7585726
2,7,7.5905375
2,8,8.377841
2,9,9.184605
3,0,0.0
3,1,1.972058
3,10,14.748306
3,11,16.153507
3,12,18.07057
3,13,20.8423
3,14,24.819944
3,15,30.0
3,2,3.8890824
3,3,5.7025266
3,4,7.375716
3,5,8.887643
3,6,10.235522
3,7,11.437143
3,8,12.534434
3,9,13.599971
4,0,0.0
4,1,2.711997
4,10,19.119884
4,11,20.425123
4,12,22.02533
4,13,24.110542
4,14,26.804882
4,15,30.0
4,2,5.340874
4,3,7.813653
4,4,10.0752945
4,5,12.0931635
4,6,13.858736
4,7,15.388086
4,8,16.722786
4,9,17.932549
5,0,0.0
5,1,3.535058
5,10,23.373562
5,11,24.401785
5,12,25.495087
5,13,26.769669
5,14,28.289036
5,15,30.0
5,2,6.9487677
5,3,10.1359215
5,4,13.018655
5,5,15.550985
5,6,17.718184
5,7,19.533686
5,8,21.03609
5,9,22.287558
6,0,0.0
6,1,4.4794703
6,10,27.685028
6,11,28.31337
6,12,28.783573
6,13,29.184004
6,14,29.581602
6,15,30.0
6,2,8.78322
6,3,12.762618
6,4,16.312422
6,5,19.373955
6,6,21.929335
6,7,23.992395
6,8,25.600338
6,9,26.808048
7,0,0.0
7,1,5.5996046
7,10,32.245136
7,11,32.38311
7,12,32.14183
7,13,31.601181
7,14,30.853367
7,15,30.0
7,2,10.942027
7,3,15.818915
7,4,20.094471
7,5,23.703083
7,6,26.632816
7,7,28.90623
7,8,30.564833
7,9,31.659271
8,0,0.0
8,1,6.976925
8,10,37.25315
8,11,36.83211
8,12,35.799465
8,13,34.225525
8,14,32.230686
8,15,30.0
8,2,13.566374
8,3,19.476553
8,4,24.543478
8,5,28.711094
8,6,31.992628
8,7,34.4349
8,8,36.0935
8,9,37.01908
9,0,0.0
9,1,8.741722
9,10,42.916275
9,11,41.892742
9,12,39.998398
9,13,37.270775
9,14,33.84385
9,15,30.0
9,2,16.869993
9,3,23.977451
9,4,29.891794
9,5,34.60521
9,6,38.191708
9,7,40.74725
9,8,42.35519
9,9,43.07042
