0,0,0.0
0,1,0.0
0,10,0.0
0,11,0.0
0,12,0.0
0,13,0.0
0,14,0.0
0,15,30.0
0,2,0.0
0,3,0.0
0,4,0.0
0,5,0.0
0,6,0.0
0,7,0.0
0,8,0.0
0,9,0.0
1,0,0.0
1,1,0.6356429
1,10,5.1763635
1,11,5.9454403
1,12,7.2357
1,13,9.736479
1,14,15.342245
1,15,30.0
1,2,1.25551
1,3,1.8457057
1,4,2.395917
1,5,2.9008892
1,6,3.3618536
1,7,3.7883809
1,8,4.201576
1,9,4.64053
10,0,0.0
10,1,11.119785
10,10,49.448025
10,11,47.823513
10,12,45.030098
10,13,41.01496
10,14,35.873764
10,15,30.0
10,2,21.194061
10,3,29.670938
10,4,36.44038
10,5,41.62545
10,6,45.420895
10,7,48.0063
10,8,49.50871
10,9,49.990276
11,0,0.0
11,1,14.543579
11,10,57.062973
11,11,54.923973
11,12,51.284176
11,13,45.88564
11,14,38.636467
11,15,30.0
11,2,27.115973
11,3,37.0725
11,4,44.574146
11,5,50.03625
11,6,53.86116
11,7,56.34945
11,8,57.68415
11,9,57.93497
12,0,0.0
12,1,19.938578
12,10,65.94499
12,11,63.525307
12,12,59.297012
12,13,52.607006
12,14,42.786465
12,15,30.0
12,2,35.65378
12,3,46.92897
12,4,54.747513
12,5,60.084324
12,6,63.638115
12,7,65.84625
12,8,66.94354
12,9,67.00256
13,0,0.0
13,1,29.556961
13,10,76.18916
13,11,73.93527
13,12,69.77162
13,13,62.458904
13,14,49.902405
13,15,30.0
13,2,48.63163
13,3,60.24214
13,4,67.40266
13,5,71.915474
13,6,74.76078
13,7,76.453964
13,8,77.241264
13,9,77.18681
14,0,0.0
14,1,49.65765
14,10,87.68962
14,11,86.25505
14,12,83.39532
14,13,77.55462
14,14,64.36425
14,15,30.0
14,2,69.073654
14,3,78.005325
14,4,82.705536
14,5,85.414154
14,6,87.03563
14,7,87.96758
14,8,88.38078
14,9,88.3143
15,0,0.0
15,1,100.0
15,10,100.0
15,11,100.0
15,12,100.0
15,13,100.0
15,14,100.0
15,15,30.0
15,2,100.0
15,3,100.0
15,4,100.0
15,5,100.0
15,6,100.0
15,7,100.0
15,8,100.0
15,9,100.0
2,0,0.0
2,1,1.287066
2,10,10.119503
2,11,11.369713
2,12,13.260893
2,13,16.367977
2,14,21.632507
2,15,30.0
2,2,2.5406997
2,3,3.7314084
2,4,4.8370886
2,5,5.845804
2,6,6.7581673
2,7,7.5901127
2,8,8.377418
2,9,9.184198
3,0,0.0
3,1,1.97193
3,10,14.747774
3,11,16.15305
3,12,18.070206
3,13,20.84205
3,14,24.819817
3,15,30.0
3,2,3.8888314
3,3,5.7021646
3,4,7.3752575
3,5,8.887109
3,6,10.234935
3,7,11.436531
3,8,12.533821
3,9,13.599386
4,0,0.0
4,1,2.711835
4,10,19.11921
4,11,20.424545
4,12,22.024872
4,13,24.110226
4,14,26.804718
4,15,30.0
4,2,5.340557
4,3,7.813195
4,4,10.074717
4,5,12.092487
4,6,13.857996
4,7,15.387311
4,8,16.722012
4,9,17.931808
5,0,0.0
5,1,3.5348694
5,10,23.372776
5,11,24.401108
5,12,25.494553
5,13,26.769297
5,14,28.288849
5,15,30.0
5,2,6.9483976
5,3,10.135387
5,4,13.017979
5,5,15.550201
5,6,17.71732
5,7,19.532784
5,8,21.035187
5,9,22.286695
6,0,0.0
6,1,4.4792624
6,10,27.684164
6,11,28.31263
6,12,28.782984
6,13,29.183598
6,14,29.581392
6,15,30.0
6,2,8.782814
6,3,12.7620325
6,4,16.311682
6,5,19.37309
6,6,21.928387
6,7,23.991404
6,8,25.599348
6,9,26.807098
7,0,0.0
7,1,5.599388
7,10,32.244236
7,11,32.382336
7,12,32.14122
7,13,31.600756
7,14,30.85315
7,15,30.0
7,2,10.941603
7,3,15.818302
7,4,20.093697
7,5,23.702177
7,6,26.631824
7,7,28.905197
7,8,30.563795
7,9,31.658283
8,0,0.0
8,1,6.976708
8,10,37.252247
8,11,36.831345
8,12,35.798855
8,13,34.225105
8,14,32.23047
8,15,30.0
8,2,13.565948
8,3,19.47594
8,4,24.542702
8,5,28.710194
8,6,31.991634
8,7,34.43386
8,8,36.09246
8,9,37.018093
9,0,0.0
9,1,8.741514
9,10,42.91542
9,11,41.892002
9,12,39.99782
9,13,37.27037
9,14,33.843647
9,15,30.0
9,2,16.869589
9,3,23.976864
9,4,29.891056
9,5,34.60434
9,6,38.190758
9,7,40.746258
9,8,42.354202
9,9,43.06947
