0,0,0.0
0,1,0.0
0,10,0.0
0,11,0.0
0,12,0.0
0,13,0.0
0,14,0.0
0,15,0.0
0,16,0.0
0,17,0.0
0,18,0.0
0,19,0.0
0,2,0.0
0,20,0.0
0,21,0.0
0,22,0.0
0,23,0.0
0,24,0.0
0,25,0.0
0,26,0.0
0,27,0.0
0,28,0.0
0,29,30.0
0,3,0.0
0,4,0.0
0,5,0.0
0,6,0.0
0,7,0.0
0,8,0.0
0,9,0.0
1,0,0.0
1,1,0.65291953
1,10,4.156818
1,11,4.2553864
1,12,4.3231783
1,13,4.368164
1,14,4.3977365
1,15,4.4174843
1,16,4.432288
1,17,4.446491
1,18,4.4645643
1,19,4.492503
1,2,1.2840753
1,20,4.5384254
1,21,4.6158915
1,22,4.7460666
1,23,4.966539
1,24,5.343606
1,25,6.008111
1,26,7.239469
1,27,9.717941
1,28,15.32646
1,29,30.0
1,3,1.8731537
1,4,2.405225
1,5,2.8686423
1,6,3.2596521
1,7,3.5773516
1,8,3.827668
1,9,4.0173225
10,0,0.0
10,1,4.1567006
10,10,26.402824
10,11,27.023474
10,12,27.446466
10,13,27.725422
10,14,27.903135
10,15,28.013605
10,16,28.081776
10,17,28.1258
10,18,28.159077
10,19,28.191313
10,2,8.172497
10,20,28.231457
10,21,28.286709
10,22,28.365868
10,23,28.475937
10,24,28.625496
10,25,28.819042
10,26,29.059864
10,27,29.343887
10,28,29.66254
10,29,30.0
10,3,11.921846
10,4,15.30241
10,5,18.248772
10,6,20.727459
10,7,22.743443
10,8,24.32523
10,9,25.525188
11,0,0.0
11,1,4.255121
11,10,27.02328
11,11,27.657366
11,12,28.090017
11,13,28.374653
11,14,28.555933
11,15,28.667896
11,16,28.736
11,17,28.778399
11,18,28.807707
11,19,28.833405
11,2,8.366526
11,20,28.862164
11,21,28.90054
11,22,28.953419
11,23,29.026802
11,24,29.124409
11,25,29.250343
11,26,29.404648
11,27,29.58579
11,28,29.787199
11,29,30.0
11,3,12.203836
11,4,15.66503
11,5,18.679619
11,6,21.217308
11,7,23.27919
11,8,24.898403
11,9,26.125101
12,0,0.0
12,1,4.3226104
12,10,27.445911
12,11,28.089725
12,12,28.528372
12,13,28.817127
12,14,29.000555
12,15,29.113518
12,16,29.181469
12,17,29.222431
12,18,29.24896
12,19,29.269417
12,2,8.498692
12,20,29.290226
12,21,29.315718
12,22,29.350334
12,23,29.396936
12,24,29.458961
12,25,29.537594
12,26,29.633831
12,27,29.745548
12,28,29.869534
12,29,30.0
12,3,12.397087
12,4,15.912031
12,5,18.974562
12,6,21.550976
12,7,23.64546
12,8,25.28883
12,9,26.534718
13,0,0.0
13,1,4.3669605
13,10,27.724194
13,11,28.373848
13,12,28.816725
13,13,29.10789
13,14,29.292816
13,15,29.406319
13,16,29.47407
13,17,29.514072
13,18,29.538439
13,19,29.55545
13,2,8.586159
13,20,29.570377
13,21,29.587364
13,22,29.608994
13,23,29.63798
13,24,29.675634
13,25,29.723492
13,26,29.78125
13,27,29.848331
13,28,29.922241
13,29,30.0
13,3,12.524077
13,4,16.075346
13,5,19.16838
13,6,21.771292
13,7,23.886154
13,8,25.546246
13,9,26.803894
14,0,0.0
14,1,4.3952947
14,10,27.900572
14,11,28.55421
14,12,28.999483
14,13,29.292301
14,14,29.47805
14,15,29.591896
14,16,29.659496
14,17,29.698761
14,18,29.72179
14,19,29.73632
14,2,8.641596
14,20,29.74757
14,21,29.75867
14,22,29.772144
14,23,29.789349
14,24,29.81173
14,25,29.839622
14,26,29.873413
14,27,29.91224
14,28,29.955086
14,29,30.0
14,3,12.605154
14,4,16.178852
14,5,19.291964
14,6,21.910927
14,7,24.03938
14,8,25.709393
14,9,26.974985
15,0,0.0
15,1,4.41261
15,10,28.008608
15,11,28.664434
15,12,29.111298
15,13,29.405003
15,14,29.59129
15,15,29.705307
15,16,29.772776
15,17,29.81161
15,18,29.833694
15,19,29.846767
15,2,8.67576
15,20,29.855537
15,21,29.863123
15,22,29.871275
15,23,29.881407
15,24,29.894104
15,25,29.910007
15,26,29.928968
15,27,29.950855
15,28,29.974833
15,29,30.0
15,3,12.654698
15,4,16.242567
15,5,19.367481
15,6,21.996742
15,7,24.133013
15,8,25.809483
15,9,27.079536
16,0,0.0
16,1,4.4229064
16,10,28.072245
16,11,28.729475
16,12,29.177166
16,13,29.471436
16,14,29.657997
16,15,29.772114
16,16,29.839508
16,17,29.87804
16,18,29.899605
16,19,29.911716
16,2,8.695883
16,20,29.919085
16,21,29.924437
16,22,29.92954
16,23,29.935293
16,24,29.942415
16,25,29.951077
16,26,29.961475
16,27,29.973328
16,28,29.986366
16,29,30.0
16,3,12.684134
16,4,16.280096
16,5,19.41228
16,6,22.047287
16,7,24.18845
16,8,25.868439
16,9,27.141325
17,0,0.0
17,1,4.4287496
17,10,28.10846
17,11,28.76639
17,12,29.214596
17,13,29.509146
17,14,29.695875
17,15,29.810038
17,16,29.877377
17,17,29.915752
17,18,29.93698
17,19,29.948578
17,2,8.707417
17,20,29.955078
17,21,29.959215
17,22,29.96248
17,23,29.965828
17,24,29.969662
17,25,29.974312
17,26,29.979763
17,27,29.986021
17,28,29.992846
17,29,30.0
17,3,12.700838
17,4,16.301579
17,5,19.437702
17,6,22.076164
17,7,24.219915
17,8,25.902048
17,9,27.176394
18,0,0.0
18,1,4.4319787
18,10,28.128256
18,11,28.786613
18,12,29.235058
18,13,29.529778
18,14,29.716583
18,15,29.830774
18,16,29.898083
18,17,29.93636
18,18,29.957422
18,19,29.968708
18,2,8.713721
18,20,29.97476
18,21,29.97818
18,22,29.980488
18,23,29.98245
18,24,29.984545
18,25,29.986935
18,26,29.989742
18,27,29.992907
18,28,29.996378
18,29,30.0
18,3,12.710062
18,4,16.313318
18,5,19.451714
18,6,22.09195
18,7,24.237213
18,8,25.920422
18,9,27.195637
19,0,0.0
19,1,4.4336786
19,10,28.138708
19,11,28.797256
19,12,29.245846
19,13,29.540638
19,14,29.72749
19,15,29.84169
19,16,29.90898
19,17,29.947212
19,18,29.96817
19,19,29.979311
19,2,8.717077
19,20,29.985104
19,21,29.988174
19,22,29.989939
19,23,29.991203
19,24,29.992344
19,25,29.99358
19,26,29.994965
19,27,29.99653
19,28,29.998224
19,29,30.0
19,3,12.714916
19,4,16.31956
19,5,19.459087
19,6,22.100319
19,7,24.246319
19,8,25.930141
19,9,27.205763
2,0,0.0
2,1,1.2840751
2,10,8.172717
2,11,8.367015
2,12,8.499762
2,13,8.5883875
2,14,8.646174
2,15,8.684789
2,16,8.713387
2,17,8.740232
2,18,8.774132
2,19,8.825357
2,2,2.5246222
2,20,8.909561
2,21,9.049112
2,22,9.281612
2,23,9.665935
2,24,10.3037405
2,25,11.367826
2,26,13.16929
2,27,16.26231
2,28,21.566132
2,29,30.0
2,3,3.683777
2,4,4.7289166
2,5,5.6412697
2,6,6.4088073
2,7,7.0345774
2,8,7.5255833
2,9,7.899309
20,0,0.0
20,1,4.4345503
20,10,28.144
20,11,28.802656
20,12,29.25131
20,13,29.546146
20,14,29.733015
20,15,29.84722
20,16,29.914501
20,17,29.952703
20,18,29.973621
20,19,29.984674
20,2,8.718777
20,20,29.990353
20,21,29.993225
20,22,29.994736
20,23,29.995626
20,24,29.996302
20,25,29.996933
20,26,29.997614
20,27,29.998354
20,28,29.999163
20,29,30.0
20,3,12.7174015
20,4,16.322721
20,5,19.462856
20,6,22.104559
20,7,24.250961
20,8,25.935062
20,9,27.210915
21,0,0.0
21,1,4.4349747
21,10,28.146587
21,11,28.80529
21,12,29.253975
21,13,29.548828
21,14,29.735706
21,15,29.849916
21,16,29.917192
21,17,29.955383
21,18,29.976274
21,19,29.987293
21,2,8.719616
21,20,29.992905
21,21,29.995693
21,22,29.997068
21,23,29.99779
21,24,29.998226
21,25,29.99857
21,26,29.998901
21,27,29.999249
21,28,29.999619
21,29,30.0
21,3,12.718614
21,4,16.324276
21,5,19.464695
21,6,22.10664
21,7,24.253223
21,8,25.937477
21,9,27.213423
22,0,0.0
22,1,4.435177
22,10,28.147799
22,11,28.806526
22,12,29.255222
22,13,29.550083
22,14,29.736969
22,15,29.851177
22,16,29.918453
22,17,29.956638
22,18,29.97752
22,19,29.988516
22,2,8.720009
22,20,29.994104
22,21,29.996847
22,22,29.998163
22,23,29.998798
22,24,29.99913
22,25,29.999338
22,26,29.999506
22,27,29.999668
22,28,29.999832
22,29,30.0
22,3,12.719189
22,4,16.325006
22,5,19.46556
22,6,22.107615
22,7,24.254292
22,8,25.938604
22,9,27.214603
23,0,0.0
23,1,4.4352674
23,10,28.148346
23,11,28.807083
23,12,29.255785
23,13,29.55065
23,14,29.737535
23,15,29.851746
23,16,29.91902
23,17,29.957203
23,18,29.978079
23,19,29.98907
23,2,8.720188
23,20,29.994642
23,21,29.997368
23,22,29.998655
23,23,29.999256
23,24,29.999538
23,25,29.999683
23,26,29.999779
23,27,29.999855
23,28,29.999928
23,29,30.0
23,3,12.719446
23,4,16.325338
23,5,19.465952
23,6,22.108059
23,7,24.254768
23,8,25.939116
23,9,27.215137
24,0,0.0
24,1,4.4353075
24,10,28.148584
24,11,28.807322
24,12,29.256031
24,13,29.550894
24,14,29.737782
24,15,29.85199
24,16,29.919262
24,17,29.957447
24,18,29.978321
24,19,29.98931
24,2,8.720265
24,20,29.994877
24,21,29.997593
24,22,29.99887
24,23,29.99945
24,24,29.999714
24,25,29.999834
24,26,29.999897
24,27,29.999937
24,28,29.99997
24,29,30.0
24,3,12.719561
24,4,16.325481
24,5,19.466122
24,6,22.10825
24,7,24.25498
24,8,25.939339
24,9,27.215368
25,0,0.0
25,1,4.435324
25,10,28.14868
25,11,28.807423
25,12,29.25613
25,13,29.550995
25,14,29.737883
25,15,29.85209
25,16,29.919365
25,17,29.957548
25,18,29.97842
25,19,29.989408
25,2,8.720299
25,20,29.994972
25,21,29.997686
25,22,29.998959
25,23,29.999533
25,24,29.999786
25,25,29.999895
25,26,29.999947
25,27,29.99997
25,28,29.999987
25,29,30.0
25,3,12.719606
25,4,16.32554
25,5,19.466194
25,6,22.10833
25,7,24.255066
25,8,25.93943
25,9,27.215464
26,0,0.0
26,1,4.435331
26,10,28.14872
26,11,28.80746
26,12,29.256172
26,13,29.551037
26,14,29.737923
26,15,29.852133
26,16,29.919407
26,17,29.957588
26,18,29.97846
26,19,29.989449
26,2,8.72031
26,20,29.99501
26,21,29.997726
26,22,29.998995
26,23,29.999565
26,24,29.999817
26,25,29.999922
26,26,29.999966
26,27,29.999985
26,28,29.999992
26,29,30.0
26,3,12.719625
26,4,16.325565
26,5,19.46622
26,6,22.108364
26,7,24.255102
26,8,25.939466
26,9,27.2155
27,0,0.0
27,1,4.435333
27,10,28.148733
27,11,28.807476
27,12,29.256186
27,13,29.55105
27,14,29.73794
27,15,29.852146
27,16,29.91942
27,17,29.957603
27,18,29.978477
27,19,29.98946
27,2,8.720316
27,20,29.995028
27,21,29.997738
27,22,29.999008
27,23,29.99958
27,24,29.999828
27,25,29.999931
27,26,29.999973
27,27,29.999992
27,28,29.999998
27,29,30.0
27,3,12.719633
27,4,16.325575
27,5,19.466234
27,6,22.108374
27,7,24.255116
27,8,25.93948
27,9,27.215515
28,0,0.0
28,1,4.435334
28,10,28.148739
28,11,28.807484
28,12,29.25619
28,13,29.551056
28,14,29.737944
28,15,29.852152
28,16,29.919426
28,17,29.957607
28,18,29.978481
28,19,29.989468
28,2,8.720317
28,20,29.995033
28,21,29.997742
28,22,29.999012
28,23,29.999584
28,24,29.999832
28,25,29.999935
28,26,29.999977
28,27,29.999992
28,28,29.999998
28,29,30.0
28,3,12.719635
28,4,16.325579
28,5,19.466236
28,6,22.108381
28,7,24.25512
28,8,25.939486
28,9,27.21552
29,0,0.0
29,1,4.4353337
29,10,28.148743
29,11,28.807484
29,12,29.256195
29,13,29.55106
29,14,29.737946
29,15,29.852154
29,16,29.919428
29,17,29.95761
29,18,29.978481
29,19,29.989468
29,2,8.720319
29,20,29.995033
29,21,29.997746
29,22,29.999014
29,23,29.999584
29,24,29.999834
29,25,29.999937
29,26,29.999977
29,27,29.999994
29,28,30.0
29,29,30.0
29,3,12.719636
29,4,16.32558
29,5,19.466238
29,6,22.108381
29,7,24.255123
29,8,25.939487
29,9,27.215523
3,0,0.0
3,1,1.8731536
3,10,11.922138
3,11,12.204498
3,12,12.398501
3,13,12.527079
3,14,12.611222
3,15,12.666782
3,16,12.707299
3,17,12.744434
3,18,12.789589
3,19,12.857241
3,2,3.6837769
3,20,12.965754
3,21,13.14433
3,22,13.434645
3,23,13.904096
3,24,14.652704
3,25,15.837375
3,26,17.686834
3,27,20.514477
3,28,24.633678
3,29,30.0
3,3,5.3736916
3,4,6.8998337
3,5,8.229055
3,6,9.3503
3,7,10.261321
3,8,10.978853
3,9,11.522489
30,0,0.0
30,1,4.4353347
30,10,28.148745
30,11,28.807486
30,12,29.256195
30,13,29.55106
30,14,29.737946
30,15,29.852154
30,16,29.919428
30,17,29.95761
30,18,29.978481
30,19,29.989471
30,2,8.720318
30,20,29.995033
30,21,29.997744
30,22,29.999014
30,23,29.999586
30,24,29.999832
30,25,29.999939
30,26,29.999979
30,27,29.999996
30,28,30.0
30,29,30.0
30,3,12.719638
30,4,16.325579
30,5,19.46624
30,6,22.108381
30,7,24.25512
30,8,25.939487
30,9,27.215523
31,0,0.0
31,1,4.4353337
31,10,28.148745
31,11,28.807486
31,12,29.256195
31,13,29.55106
31,14,29.737946
31,15,29.852154
31,16,29.919428
31,17,29.95761
31,18,29.978483
31,19,29.989468
31,2,8.72032
31,20,29.995035
31,21,29.997744
31,22,29.999016
31,23,29.999584
31,24,29.999836
31,25,29.999937
31,26,29.999979
31,27,29.999996
31,28,30.0
31,29,30.0
31,3,12.719636
31,4,16.32558
31,5,19.466238
31,6,22.108383
31,7,24.255123
31,8,25.939487
31,9,27.215525
32,0,0.0
32,1,4.435335
32,10,28.148745
32,11,28.807487
32,12,29.256195
32,13,29.551062
32,14,29.737946
32,15,29.852154
32,16,29.919428
32,17,29.95761
32,18,29.978483
32,19,29.989468
32,2,8.720318
32,20,29.995033
32,21,29.997747
32,22,29.999014
32,23,29.999588
32,24,29.999832
32,25,29.999939
32,26,29.99998
32,27,29.999996
32,28,30.0
32,29,30.0
32,3,12.719639
32,4,16.325577
32,5,19.46624
32,6,22.108381
32,7,24.255123
32,8,25.93949
32,9,27.215527
33,0,0.0
33,1,4.4353337
33,10,28.148745
33,11,28.80749
33,12,29.256197
33,13,29.551064
33,14,29.737946
33,15,29.852154
33,16,29.919428
33,17,29.95761
33,18,29.978483
33,19,29.989468
33,2,8.72032
33,20,29.995035
33,21,29.997746
33,22,29.999016
33,23,29.999586
33,24,29.999836
33,25,29.999939
33,26,29.99998
33,27,29.999996
33,28,30.0
33,29,30.0
33,3,12.719636
33,4,16.32558
33,5,19.466238
33,6,22.108383
33,7,24.255123
33,8,25.93949
33,9,27.215527
34,0,0.0
34,1,4.435335
34,10,28.148745
34,11,28.80749
34,12,29.256197
34,13,29.551064
34,14,29.73795
34,15,29.852154
34,16,29.919428
34,17,29.95761
34,18,29.978483
34,19,29.989468
34,2,8.720318
34,20,29.995035
34,21,29.997747
34,22,29.999016
34,23,29.999588
34,24,29.999836
34,25,29.999939
34,26,29.99998
34,27,29.999996
34,28,30.0
34,29,30.0
34,3,12.719639
34,4,16.325577
34,5,19.46624
34,6,22.108381
34,7,24.255125
34,8,25.939487
34,9,27.215527
35,0,0.0
35,1,4.4353337
35,10,28.148745
35,11,28.80749
35,12,29.256197
35,13,29.551064
35,14,29.73795
35,15,29.852154
35,16,29.919428
35,17,29.95761
35,18,29.978483
35,19,29.989468
35,2,8.72032
35,20,29.995035
35,21,29.997747
35,22,29.999016
35,23,29.999588
35,24,29.999836
35,25,29.999939
35,26,29.99998
35,27,29.999996
35,28,30.0
35,29,30.0
35,3,12.719636
35,4,16.32558
35,5,19.46624
35,6,22.108383
35,7,24.255123
35,8,25.93949
35,9,27.215527
36,0,0.0
36,1,4.435335
36,10,28.148745
36,11,28.80749
36,12,29.256197
36,13,29.551064
36,14,29.73795
36,15,29.852154
36,16,29.919428
36,17,29.95761
36,18,29.978483
36,19,29.989468
36,2,8.720318
36,20,29.995035
36,21,29.997747
36,22,29.999016
36,23,29.999588
36,24,29.999836
36,25,29.999939
36,26,29.99998
36,27,29.999996
36,28,30.0
36,29,30.0
36,3,12.719638
36,4,16.325579
36,5,19.46624
36,6,22.108381
36,7,24.255125
36,8,25.939487
36,9,27.215527
37,0,0.0
37,1,4.4353337
37,10,28.148745
37,11,28.80749
37,12,29.256197
37,13,29.551064
37,14,29.73795
37,15,29.852154
37,16,29.919428
37,17,29.95761
37,18,29.978483
37,19,29.989468
37,2,8.72032
37,20,29.995035
37,21,29.997747
37,22,29.999016
37,23,29.999588
37,24,29.999836
37,25,29.999939
37,26,29.99998
37,27,29.999996
37,28,30.0
37,29,30.0
37,3,12.719637
37,4,16.32558
37,5,19.46624
37,6,22.108383
37,7,24.255123
37,8,25.93949
37,9,27.215527
38,0,0.0
38,1,4.435334
38,10,28.148745
38,11,28.80749
38,12,29.256195
38,13,29.551064
38,14,29.737946
38,15,29.852154
38,16,29.919428
38,17,29.95761
38,18,29.978483
38,19,29.989468
38,2,8.720318
38,20,29.995035
38,21,29.997747
38,22,29.999016
38,23,29.999588
38,24,29.999836
38,25,29.999939
38,26,29.99998
38,27,29.999996
38,28,30.0
38,29,30.0
38,3,12.719637
38,4,16.32558
38,5,19.46624
38,6,22.108381
38,7,24.255123
38,8,25.939487
38,9,27.215527
39,0,0.0
39,1,4.435334
39,10,28.148745
39,11,28.807484
39,12,29.256197
39,13,29.55106
39,14,29.73795
39,15,29.852154
39,16,29.919428
39,17,29.95761
39,18,29.978481
39,19,29.989468
39,2,8.720318
39,20,29.995035
39,21,29.997746
39,22,29.999016
39,23,29.999586
39,24,29.999834
39,25,29.999939
39,26,29.99998
39,27,29.999996
39,28,30.0
39,29,30.0
39,3,12.719638
39,4,16.325579
39,5,19.46624
39,6,22.108381
39,7,24.255121
39,8,25.939491
39,9,27.215523
4,0,0.0
4,1,2.4052246
4,10,15.302746
4,11,15.665771
4,12,15.913656
4,13,16.078716
4,14,16.18577
4,15,16.256151
4,16,16.306305
4,17,16.350368
4,18,16.402363
4,19,16.477282
4,2,4.728916
4,20,16.596455
4,21,16.787542
4,22,17.093752
4,23,17.573624
4,24,18.314121
4,25,19.42857
4,26,21.062414
4,27,23.361063
4,28,26.397102
4,29,30.0
4,3,6.899833
4,4,8.857218
4,5,10.565409
4,6,12.002465
4,7,13.173564
4,8,14.092454
4,9,14.791425
40,0,0.0
40,1,4.4353337
40,10,28.148743
40,11,28.807487
40,12,29.256195
40,13,29.551064
40,14,29.737947
40,15,29.852156
40,16,29.91943
40,17,29.95761
40,18,29.978483
40,19,29.989468
40,2,8.720319
40,20,29.995033
40,21,29.997746
40,22,29.999014
40,23,29.999586
40,24,29.999836
40,25,29.999939
40,26,29.999979
40,27,29.999992
40,28,30.0
40,29,30.0
40,3,12.719635
40,4,16.32558
40,5,19.46624
40,6,22.108381
40,7,24.255123
40,8,25.939487
40,9,27.215525
41,0,0.0
41,1,4.4353347
41,10,28.148745
41,11,28.807486
41,12,29.256197
41,13,29.551062
41,14,29.73795
41,15,29.852154
41,16,29.919428
41,17,29.957611
41,18,29.978483
41,19,29.989468
41,2,8.720318
41,20,29.995033
41,21,29.997746
41,22,29.999016
41,23,29.999588
41,24,29.999836
41,25,29.999939
41,26,29.999977
41,27,29.999994
41,28,29.999998
41,29,30.0
41,3,12.719637
41,4,16.325579
41,5,19.46624
41,6,22.108381
41,7,24.255121
41,8,25.939491
41,9,27.215523
42,0,0.0
42,1,4.4353337
42,10,28.148743
42,11,28.807487
42,12,29.256195
42,13,29.551062
42,14,29.73795
42,15,29.852154
42,16,29.91943
42,17,29.95761
42,18,29.978483
42,19,29.98947
42,2,8.72032
42,20,29.995033
42,21,29.997746
42,22,29.999016
42,23,29.999588
42,24,29.999836
42,25,29.999939
42,26,29.999979
42,27,29.999994
42,28,30.0
42,29,30.0
42,3,12.719635
42,4,16.32558
42,5,19.466238
42,6,22.108381
42,7,24.255123
42,8,25.939487
42,9,27.215527
43,0,0.0
43,1,4.435334
43,10,28.148743
43,11,28.807487
43,12,29.256195
43,13,29.551062
43,14,29.73795
43,15,29.852156
43,16,29.91943
43,17,29.957611
43,18,29.978485
43,19,29.989468
43,2,8.720318
43,20,29.995035
43,21,29.997746
43,22,29.999016
43,23,29.999588
43,24,29.999836
43,25,29.999939
43,26,29.999979
43,27,29.999994
43,28,30.0
43,29,30.0
43,3,12.719637
43,4,16.325577
43,5,19.466238
43,6,22.108381
43,7,24.255123
43,8,25.93949
43,9,27.215523
44,0,0.0
44,1,4.4353337
44,10,28.148745
44,11,28.807486
44,12,29.256195
44,13,29.55106
44,14,29.737947
44,15,29.852156
44,16,29.91943
44,17,29.957611
44,18,29.978483
44,19,29.989468
44,2,8.720318
44,20,29.995035
44,21,29.997747
44,22,29.999016
44,23,29.999588
44,24,29.999836
44,25,29.999939
44,26,29.99998
44,27,29.999994
44,28,30.0
44,29,30.0
44,3,12.719635
44,4,16.325577
44,5,19.46624
44,6,22.10838
44,7,24.255123
44,8,25.939487
44,9,27.215525
45,0,0.0
45,1,4.4353337
45,10,28.148745
45,11,28.807484
45,12,29.256195
45,13,29.55106
45,14,29.73795
45,15,29.852154
45,16,29.91943
45,17,29.957611
45,18,29.978485
45,19,29.989468
45,2,8.720318
45,20,29.995033
45,21,29.997747
45,22,29.999018
45,23,29.999588
45,24,29.999836
45,25,29.999939
45,26,29.99998
45,27,29.999994
45,28,30.0
45,29,30.0
45,3,12.719635
45,4,16.325579
45,5,19.466238
45,6,22.108381
45,7,24.255123
45,8,25.93949
45,9,27.215525
46,0,0.0
46,1,4.4353337
46,10,28.148743
46,11,28.807486
46,12,29.256191
46,13,29.551062
46,14,29.737946
46,15,29.852158
46,16,29.919428
46,17,29.957611
46,18,29.978483
46,19,29.989471
46,2,8.720318
46,20,29.995033
46,21,29.997747
46,22,29.999016
46,23,29.999588
46,24,29.999836
46,25,29.999939
46,26,29.99998
46,27,29.999996
46,28,30.0
46,29,30.0
46,3,12.719635
46,4,16.325579
46,5,19.46624
46,6,22.108381
46,7,24.255123
46,8,25.939491
46,9,27.215525
47,0,0.0
47,1,4.4353337
47,10,28.148743
47,11,28.807484
47,12,29.256195
47,13,29.55106
47,14,29.73795
47,15,29.852152
47,16,29.91943
47,17,29.95761
47,18,29.978485
47,19,29.98947
47,2,8.720318
47,20,29.995035
47,21,29.997746
47,22,29.999018
47,23,29.999588
47,24,29.999836
47,25,29.999939
47,26,29.99998
47,27,29.999996
47,28,30.0
47,29,30.0
47,3,12.719635
47,4,16.325579
47,5,19.46624
47,6,22.108383
47,7,24.255123
47,8,25.93949
47,9,27.215525
48,0,0.0
48,1,4.435334
48,10,28.148745
48,11,28.807484
48,12,29.256195
48,13,29.55106
48,14,29.737946
48,15,29.852156
48,16,29.919428
48,17,29.957611
48,18,29.978483
48,19,29.989471
48,2,8.720318
48,20,29.995033
48,21,29.997747
48,22,29.999014
48,23,29.999588
48,24,29.999834
48,25,29.999939
48,26,29.99998
48,27,29.999994
48,28,30.0
48,29,30.0
48,3,12.719635
48,4,16.325579
48,5,19.46624
48,6,22.108381
48,7,24.255123
48,8,25.93949
48,9,27.215527
49,0,0.0
49,1,4.435334
49,10,28.148743
49,11,28.807486
49,12,29.256191
49,13,29.55106
49,14,29.737946
49,15,29.852154
49,16,29.919428
49,17,29.95761
49,18,29.978483
49,19,29.989468
49,2,8.720318
49,20,29.995035
49,21,29.997746
49,22,29.999016
49,23,29.999586
49,24,29.999834
49,25,29.999937
49,26,29.99998
49,27,29.999992
49,28,30.0
49,29,30.0
49,3,12.719637
49,4,16.325577
49,5,19.46624
49,6,22.108381
49,7,24.255123
49,8,25.93949
49,9,27.215525
5,0,0.0
5,1,2.8686411
5,10,18.249107
5,11,18.680382
5,12,18.976194
5,13,19.17184
5,14,19.298931
5,15,19.38131
5,16,19.438618
5,17,19.486902
5,18,19.540516
5,19,19.615965
5,2,5.6412673
5,20,19.731932
5,21,19.916067
5,22,20.203035
5,23,20.643745
5,24,21.30003
5,25,22.251144
5,26,23.57625
5,27,25.337467
5,28,27.525005
5,29,30.0
5,3,8.229052
5,4,10.565407
5,5,12.6003
5,6,14.3160095
5,7,15.710035
5,8,16.807262
5,9,17.638554
50,0,0.0
50,1,4.435334
50,10,28.148745
50,11,28.807484
50,12,29.256195
50,13,29.55106
50,14,29.737946
50,15,29.852154
50,16,29.919426
50,17,29.95761
50,18,29.978481
50,19,29.989468
50,2,8.720319
50,20,29.995033
50,21,29.997747
50,22,29.999016
50,23,29.999586
50,24,29.999834
50,25,29.999939
50,26,29.999977
50,27,29.999996
50,28,30.0
50,29,30.0
50,3,12.719635
50,4,16.32558
50,5,19.46624
50,6,22.108381
50,7,24.255123
50,8,25.93949
50,9,27.215523
51,0,0.0
51,1,4.4353347
51,10,28.148743
51,11,28.807486
51,12,29.256195
51,13,29.55106
51,14,29.737946
51,15,29.852154
51,16,29.919428
51,17,29.95761
51,18,29.978483
51,19,29.989471
51,2,8.720318
51,20,29.995033
51,21,29.997746
51,22,29.999014
51,23,29.999588
51,24,29.999832
51,25,29.999939
51,26,29.999979
51,27,29.999994
51,28,30.0
51,29,30.0
51,3,12.719638
51,4,16.325579
51,5,19.46624
51,6,22.108381
51,7,24.255123
51,8,25.93949
51,9,27.215527
52,0,0.0
52,1,4.435334
52,10,28.148745
52,11,28.807487
52,12,29.256195
52,13,29.551062
52,14,29.737947
52,15,29.852154
52,16,29.919428
52,17,29.95761
52,18,29.978481
52,19,29.989468
52,2,8.720319
52,20,29.995033
52,21,29.997746
52,22,29.999016
52,23,29.999584
52,24,29.999834
52,25,29.999935
52,26,29.999979
52,27,29.999994
52,28,30.0
52,29,30.0
52,3,12.719635
52,4,16.32558
52,5,19.466238
52,6,22.108381
52,7,24.25512
52,8,25.939491
52,9,27.215523
53,0,0.0
53,1,4.4353347
53,10,28.148745
53,11,28.807486
53,12,29.256195
53,13,29.55106
53,14,29.737946
53,15,29.852154
53,16,29.919428
53,17,29.95761
53,18,29.978481
53,19,29.989468
53,2,8.720318
53,20,29.995033
53,21,29.997746
53,22,29.999014
53,23,29.999586
53,24,29.999832
53,25,29.999939
53,26,29.999977
53,27,29.999994
53,28,29.999998
53,29,30.0
53,3,12.719637
53,4,16.325579
53,5,19.46624
53,6,22.10838
53,7,24.255123
53,8,25.939487
53,9,27.215527
54,0,0.0
54,1,4.4353337
54,10,28.148743
54,11,28.807486
54,12,29.256195
54,13,29.55106
54,14,29.737946
54,15,29.852154
54,16,29.919428
54,17,29.957611
54,18,29.978481
54,19,29.989471
54,2,8.720319
54,20,29.995033
54,21,29.997746
54,22,29.999016
54,23,29.999586
54,24,29.999832
54,25,29.999933
54,26,29.99998
54,27,29.999992
54,28,30.0
54,29,30.0
54,3,12.719635
54,4,16.32558
54,5,19.466238
54,6,22.108381
54,7,24.255123
54,8,25.939491
54,9,27.215525
55,0,0.0
55,1,4.4353347
55,10,28.148745
55,11,28.807487
55,12,29.256193
55,13,29.551062
55,14,29.737946
55,15,29.852154
55,16,29.91943
55,17,29.957611
55,18,29.978483
55,19,29.989468
55,2,8.720318
55,20,29.995035
55,21,29.997747
55,22,29.999014
55,23,29.999588
55,24,29.999832
55,25,29.999939
55,26,29.999977
55,27,29.999994
55,28,29.999998
55,29,30.0
55,3,12.719637
55,4,16.325577
55,5,19.46624
55,6,22.108381
55,7,24.255123
55,8,25.939487
55,9,27.215527
56,0,0.0
56,1,4.4353337
56,10,28.148745
56,11,28.807486
56,12,29.256195
56,13,29.55106
56,14,29.737946
56,15,29.852154
56,16,29.919428
56,17,29.95761
56,18,29.978481
56,19,29.989471
56,2,8.720319
56,20,29.995035
56,21,29.997746
56,22,29.999016
56,23,29.999586
56,24,29.999836
56,25,29.999937
56,26,29.99998
56,27,29.999992
56,28,30.0
56,29,30.0
56,3,12.719635
56,4,16.32558
56,5,19.46624
56,6,22.108381
56,7,24.255123
56,8,25.93949
56,9,27.215523
57,0,0.0
57,1,4.4353347
57,10,28.148743
57,11,28.807487
57,12,29.256195
57,13,29.55106
57,14,29.737946
57,15,29.852154
57,16,29.919426
57,17,29.95761
57,18,29.978481
57,19,29.989471
57,2,8.720318
57,20,29.995033
57,21,29.997746
57,22,29.999016
57,23,29.999588
57,24,29.999836
57,25,29.999939
57,26,29.999977
57,27,29.999994
57,28,30.0
57,29,30.0
57,3,12.719637
57,4,16.325579
57,5,19.46624
57,6,22.108381
57,7,24.255123
57,8,25.939487
57,9,27.215527
58,0,0.0
58,1,4.4353337
58,10,28.148745
58,11,28.807484
58,12,29.256195
58,13,29.55106
58,14,29.737946
58,15,29.852152
58,16,29.91943
58,17,29.95761
58,18,29.978483
58,19,29.989471
58,2,8.720319
58,20,29.995033
58,21,29.997747
58,22,29.999016
58,23,29.999588
58,24,29.999836
58,25,29.999939
58,26,29.99998
58,27,29.999992
58,28,30.0
58,29,30.0
58,3,12.719636
58,4,16.325577
58,5,19.466238
58,6,22.108381
58,7,24.255121
58,8,25.93949
58,9,27.21552
59,0,0.0
59,1,4.4353347
59,10,28.14874
59,11,28.807487
59,12,29.256191
59,13,29.551062
59,14,29.737946
59,15,29.852158
59,16,29.919426
59,17,29.957611
59,18,29.978483
59,19,29.989468
59,2,8.720318
59,20,29.995033
59,21,29.997746
59,22,29.999016
59,23,29.999588
59,24,29.999836
59,25,29.999939
59,26,29.999979
59,27,29.999996
59,28,30.0
59,29,30.0
59,3,12.719636
59,4,16.325577
59,5,19.466238
59,6,22.108381
59,7,24.255123
59,8,25.939487
59,9,27.215525
6,0,0.0
6,1,3.2596488
6,10,20.727776
6,11,21.218012
6,12,21.552519
6,13,21.774488
6,14,21.917469
6,15,22.009521
6,16,22.07181
6,17,22.121412
6,18,22.173674
6,19,22.243057
6,2,6.4088006
6,20,22.348106
6,21,22.509901
6,22,22.75906
6,23,23.130835
6,24,23.67184
6,25,24.428534
6,26,25.445988
6,27,26.742727
6,28,28.293041
6,29,30.0
6,3,9.350291
6,4,12.002457
6,5,14.316003
6,6,16.262325
6,7,17.847424
6,8,19.091145
6,9,20.036366
60,0,0.0
60,1,4.435334
60,10,28.148743
60,11,28.807484
60,12,29.256197
60,13,29.55106
60,14,29.73795
60,15,29.852152
60,16,29.91943
60,17,29.95761
60,18,29.978481
60,19,29.989471
60,2,8.720319
60,20,29.995033
60,21,29.997746
60,22,29.999014
60,23,29.999588
60,24,29.999836
60,25,29.999939
60,26,29.99998
60,27,29.999994
60,28,30.0
60,29,30.0
60,3,12.719635
60,4,16.325577
60,5,19.466238
60,6,22.108381
60,7,24.255123
60,8,25.939491
60,9,27.21552
61,0,0.0
61,1,4.4353347
61,10,28.148743
61,11,28.807487
61,12,29.256195
61,13,29.55106
61,14,29.737946
61,15,29.852158
61,16,29.919426
61,17,29.957611
61,18,29.978481
61,19,29.989468
61,2,8.720318
61,20,29.995035
61,21,29.997746
61,22,29.999016
61,23,29.999586
61,24,29.999836
61,25,29.999937
61,26,29.99998
61,27,29.999994
61,28,30.0
61,29,30.0
61,3,12.719636
61,4,16.325577
61,5,19.466238
61,6,22.108381
61,7,24.255123
61,8,25.939486
61,9,27.215527
62,0,0.0
62,1,4.435334
62,10,28.148745
62,11,28.807486
62,12,29.256195
62,13,29.55106
62,14,29.73795
62,15,29.852152
62,16,29.91943
62,17,29.95761
62,18,29.978485
62,19,29.989471
62,2,8.720319
62,20,29.995033
62,21,29.997746
62,22,29.999014
62,23,29.999586
62,24,29.999832
62,25,29.999939
62,26,29.99998
62,27,29.999994
62,28,30.0
62,29,30.0
62,3,12.719636
62,4,16.325577
62,5,19.466238
62,6,22.108381
62,7,24.25512
62,8,25.939491
62,9,27.215523
63,0,0.0
63,1,4.435334
63,10,28.148743
63,11,28.807487
63,12,29.256195
63,13,29.55106
63,14,29.737946
63,15,29.852154
63,16,29.919428
63,17,29.957611
63,18,29.978483
63,19,29.989468
63,2,8.720318
63,20,29.995033
63,21,29.997746
63,22,29.999014
63,23,29.999586
63,24,29.999836
63,25,29.999937
63,26,29.99998
63,27,29.999994
63,28,30.0
63,29,30.0
63,3,12.719636
63,4,16.325577
63,5,19.466238
63,6,22.10838
63,7,24.255123
63,8,25.939487
63,9,27.215527
64,0,0.0
64,1,4.4353337
64,10,28.148745
64,11,28.807484
64,12,29.256195
64,13,29.55106
64,14,29.737946
64,15,29.852156
64,16,29.91943
64,17,29.95761
64,18,29.978481
64,19,29.989471
64,2,8.720318
64,20,29.995033
64,21,29.997744
64,22,29.999014
64,23,29.999586
64,24,29.999834
64,25,29.999939
64,26,29.99998
64,27,29.999996
64,28,30.0
64,29,30.0
64,3,12.719635
64,4,16.325577
64,5,19.466238
64,6,22.108381
64,7,24.25512
64,8,25.939491
64,9,27.215523
65,0,0.0
65,1,4.4353337
65,10,28.148743
65,11,28.807487
65,12,29.256195
65,13,29.551062
65,14,29.737947
65,15,29.852154
65,16,29.91943
65,17,29.957611
65,18,29.978483
65,19,29.989468
65,2,8.720318
65,20,29.995033
65,21,29.997746
65,22,29.999014
65,23,29.999586
65,24,29.999832
65,25,29.999937
65,26,29.99998
65,27,29.999994
65,28,30.0
65,29,30.0
65,3,12.719635
65,4,16.325577
65,5,19.466238
65,6,22.10838
65,7,24.255123
65,8,25.939487
65,9,27.215527
66,0,0.0
66,1,4.4353337
66,10,28.148745
66,11,28.807487
66,12,29.256197
66,13,29.55106
66,14,29.737946
66,15,29.852156
66,16,29.91943
66,17,29.957611
66,18,29.978481
66,19,29.989471
66,2,8.720318
66,20,29.995033
66,21,29.997746
66,22,29.999014
66,23,29.999588
66,24,29.999834
66,25,29.999939
66,26,29.99998
66,27,29.999996
66,28,30.0
66,29,30.0
66,3,12.719635
66,4,16.325577
66,5,19.466238
66,6,22.108381
66,7,24.25512
66,8,25.939491
66,9,27.215527
67,0,0.0
67,1,4.4353337
67,10,28.148743
67,11,28.807487
67,12,29.256195
67,13,29.551062
67,14,29.737947
67,15,29.852154
67,16,29.91943
67,17,29.957611
67,18,29.978483
67,19,29.98947
67,2,8.720318
67,20,29.995033
67,21,29.997746
67,22,29.999016
67,23,29.999586
67,24,29.999836
67,25,29.999937
67,26,29.99998
67,27,29.999994
67,28,30.0
67,29,30.0
67,3,12.719635
67,4,16.325577
67,5,19.466238
67,6,22.10838
67,7,24.255123
67,8,25.939487
67,9,27.215527
68,0,0.0
68,1,4.4353337
68,10,28.148745
68,11,28.807487
68,12,29.256197
68,13,29.55106
68,14,29.737946
68,15,29.852156
68,16,29.91943
68,17,29.957611
68,18,29.978485
68,19,29.989471
68,2,8.720318
68,20,29.995033
68,21,29.997746
68,22,29.999014
68,23,29.999588
68,24,29.999834
68,25,29.999939
68,26,29.99998
68,27,29.999996
68,28,30.0
68,29,30.0
68,3,12.719635
68,4,16.325577
68,5,19.466238
68,6,22.108381
68,7,24.25512
68,8,25.939491
68,9,27.215527
69,0,0.0
69,1,4.4353337
69,10,28.148743
69,11,28.807487
69,12,29.256195
69,13,29.551062
69,14,29.737947
69,15,29.852154
69,16,29.91943
69,17,29.957611
69,18,29.978485
69,19,29.989471
69,2,8.720318
69,20,29.995033
69,21,29.997746
69,22,29.999016
69,23,29.999588
69,24,29.999836
69,25,29.999939
69,26,29.99998
69,27,29.999994
69,28,30.0
69,29,30.0
69,3,12.719635
69,4,16.325579
69,5,19.46624
69,6,22.108381
69,7,24.255123
69,8,25.939487
69,9,27.215525
7,0,0.0
7,1,3.5773423
7,10,22.743706
7,11,23.279804
7,12,23.646782
7,13,23.88896
7,14,24.045006
7,15,24.144146
7,16,24.209507
7,17,24.258947
7,18,24.306894
7,19,24.36783
7,2,7.034561
7,20,24.455881
7,21,24.590134
7,22,24.791185
7,23,25.08723
7,24,25.506151
7,25,26.079163
7,26,26.826181
7,27,27.752632
7,28,28.831116
7,29,30.0
7,3,10.261299
7,4,13.173541
7,5,15.710012
7,6,17.84741
7,7,19.584053
7,8,20.949844
7,9,21.984585
70,0,0.0
70,1,4.435334
70,10,28.148745
70,11,28.80749
70,12,29.256197
70,13,29.551062
70,14,29.73795
70,15,29.852156
70,16,29.91943
70,17,29.957615
70,18,29.978485
70,19,29.989471
70,2,8.720318
70,20,29.995035
70,21,29.997747
70,22,29.999018
70,23,29.999588
70,24,29.999836
70,25,29.999939
70,26,29.99998
70,27,29.999994
70,28,30.0
70,29,30.0
70,3,12.719637
70,4,16.32558
70,5,19.46624
70,6,22.108383
70,7,24.255123
70,8,25.939491
70,9,27.215525
71,0,0.0
71,1,4.435335
71,10,28.148748
71,11,28.807495
71,12,29.256199
71,13,29.55107
71,14,29.737953
71,15,29.852163
71,16,29.919436
71,17,29.957619
71,18,29.978493
71,19,29.989477
71,2,8.72032
71,20,29.995039
71,21,29.997753
71,22,29.99902
71,23,29.999592
71,24,29.99984
71,25,29.99994
71,26,29.99998
71,27,29.999996
71,28,30.0
71,29,30.0
71,3,12.719639
71,4,16.325583
71,5,19.466244
71,6,22.108387
71,7,24.25513
71,8,25.939493
71,9,27.21553
72,0,0.0
72,1,4.435337
72,10,28.148762
72,11,28.807507
72,12,29.256214
72,13,29.551079
72,14,29.737968
72,15,29.852175
72,16,29.919449
72,17,29.957632
72,18,29.978504
72,19,29.989492
72,2,8.7203245
72,20,29.995052
72,21,29.997765
72,22,29.999031
72,23,29.999603
72,24,29.999846
72,25,29.999949
72,26,29.999985
72,27,29.999996
72,28,30.000002
72,29,30.0
72,3,12.719645
72,4,16.32559
72,5,19.466251
72,6,22.108397
72,7,24.255138
72,8,25.939507
72,9,27.215542
73,0,0.0
73,1,4.4353437
73,10,28.148798
73,11,28.80754
73,12,29.256248
73,13,29.551117
73,14,29.738003
73,15,29.852211
73,16,29.919485
73,17,29.957666
73,18,29.978542
73,19,29.989523
73,2,8.720337
73,20,29.995089
73,21,29.997797
73,22,29.999065
73,23,29.99963
73,24,29.999874
73,25,29.99997
73,26,30.000002
73,27,30.000011
73,28,30.000006
73,29,30.0
73,3,12.719664
73,4,16.325613
73,5,19.466278
73,6,22.108427
73,7,24.25517
73,8,25.939539
73,9,27.215576
74,0,0.0
74,1,4.4353604
74,10,28.148888
74,11,28.807636
74,12,29.256344
74,13,29.551212
74,14,29.738098
74,15,29.852306
74,16,29.91958
74,17,29.957762
74,18,29.978634
74,19,29.989618
74,2,8.720369
74,20,29.995176
74,21,29.997885
74,22,29.999147
74,23,29.999708
74,24,29.99994
74,25,30.000027
74,26,30.00005
74,27,30.00004
74,28,30.000023
74,29,30.0
74,3,12.719709
74,4,16.325672
74,5,19.466349
74,6,22.108501
74,7,24.255253
74,8,25.939629
74,9,27.215668
75,0,0.0
75,1,4.435402
75,10,28.149122
75,11,28.807869
75,12,29.25658
75,13,29.551449
75,14,29.738335
75,15,29.852545
75,16,29.919817
75,17,29.957996
75,18,29.978867
75,19,29.989847
75,2,8.72045
75,20,29.995405
75,21,29.998102
75,22,29.999352
75,23,29.9999
75,24,30.000114
75,25,30.000174
75,26,30.000162
75,27,30.000122
75,28,30.000063
75,29,30.0
75,3,12.719828
75,4,16.32582
75,5,19.46652
75,6,22.108696
75,7,24.255463
75,8,25.939848
75,9,27.215893
76,0,0.0
76,1,4.435502
76,10,28.14968
76,11,28.808435
76,12,29.257153
76,13,29.552021
76,14,29.73891
76,15,29.853117
76,16,29.920391
76,17,29.958569
76,18,29.979431
76,19,29.990406
76,2,8.720645
76,20,29.995949
76,21,29.998629
76,22,29.999851
76,23,30.000359
76,24,30.000523
76,25,30.000523
76,26,30.000439
76,27,30.000313
76,28,30.00016
76,29,30.0
76,3,12.720108
76,4,16.326176
76,5,19.46694
76,6,22.109161
76,7,24.255966
76,8,25.940374
76,9,27.216442
77,0,0.0
77,1,4.435731
77,10,28.150972
77,11,28.809746
77,12,29.258472
77,13,29.553349
77,14,29.740236
77,15,29.854446
77,16,29.921713
77,17,29.959885
77,18,29.98074
77,19,29.991692
77,2,8.721095
77,20,29.997208
77,21,29.999842
77,22,30.001003
77,23,30.001423
77,24,30.001474
77,25,30.00133
77,26,30.001076
77,27,30.000751
77,28,30.000385
77,29,30.0
77,3,12.720757
77,4,16.326998
77,5,19.467903
77,6,22.110243
77,7,24.257128
77,8,25.9416
77,9,27.217705
78,0,0.0
78,1,4.436243
78,10,28.153847
78,11,28.812658
78,12,29.261406
78,13,29.556292
78,14,29.743189
78,15,29.857393
78,16,29.924656
78,17,29.962812
78,18,29.983644
78,19,29.994553
78,2,8.722092
78,20,30.000002
78,21,30.002537
78,22,30.003557
78,23,30.00378
78,24,30.003582
78,25,30.003119
78,26,30.002483
78,27,30.001724
78,28,30.000885
78,29,30.0
78,3,12.7221985
78,4,16.328823
78,5,19.47005
78,6,22.112635
78,7,24.259714
78,8,25.944319
78,9,27.22052
79,0,0.0
79,1,4.437335
79,10,28.159983
79,11,28.81887
79,12,29.267672
79,13,29.562584
79,14,29.749485
79,15,29.863695
79,16,29.930937
79,17,29.969067
79,18,29.989836
79,19,30.000658
79,2,8.724229
79,20,30.00596
79,21,30.00829
79,22,30.008999
79,23,30.008823
79,24,30.008072
79,25,30.006939
79,26,30.00549
79,27,30.003807
79,28,30.001945
79,29,30.0
79,3,12.725279
79,4,16.332727
79,5,19.474627
79,6,22.117754
79,7,24.265228
79,8,25.950129
79,9,27.226524
8,0,0.0
8,1,3.8276467
8,10,24.325432
8,11,24.898888
8,12,25.289915
8,13,25.5485
8,14,25.714012
8,15,25.818468
8,16,25.885593
8,17,25.933441
8,18,25.976593
8,19,26.026997
8,2,7.525543
8,20,26.097885
8,21,26.202068
8,22,26.356884
8,23,26.57907
8,24,26.889442
8,25,27.303484
8,26,27.833424
8,27,28.475716
8,28,29.211393
8,29,30.0
8,3,10.9788
8,4,14.092394
8,5,16.807201
8,6,19.091091
8,7,20.94981
8,8,22.408207
8,9,23.515518
80,0,0.0
80,1,4.4395866
80,10,28.172579
80,11,28.831635
80,12,29.280529
80,13,29.575493
80,14,29.762419
80,15,29.876617
80,16,29.943836
80,17,29.981892
80,18,30.002554
80,19,30.01318
80,2,8.728619
80,20,30.018202
80,21,30.02008
80,22,30.02019
80,23,30.019142
80,24,30.017307
80,25,30.014765
80,26,30.011671
80,27,30.00807
80,28,30.004133
80,29,30.0
80,3,12.731623
80,4,16.340748
80,5,19.484047
80,6,22.128258
80,7,24.27657
80,8,25.962051
80,9,27.238857
81,0,0.0
81,1,4.444046
81,10,28.197464
81,11,28.856838
81,12,29.305922
81,13,29.600986
81,14,29.787947
81,15,29.902138
81,16,29.969288
81,17,30.007225
81,18,30.027647
81,19,30.03792
81,2,8.737339
81,20,30.042341
81,21,30.043392
81,22,30.042246
81,23,30.039572
81,24,30.035507
81,25,30.030273
81,26,30.023859
81,27,30.016525
81,28,30.008444
81,29,30.0
81,3,12.744181
81,4,16.356655
81,5,19.50268
81,6,22.14907
81,7,24.298977
81,8,25.985634
81,9,27.26322
82,0,0.0
82,1,4.452591
82,10,28.244776
82,11,28.904755
82,12,29.35418
82,13,29.64943
82,14,29.83646
82,15,29.95062
82,16,30.017662
82,17,30.055336
82,18,30.075352
82,19,30.084896
82,2,8.753987
82,20,30.088272
82,21,30.087652
82,22,30.084259
82,23,30.078358
82,24,30.07023
82,25,30.059727
82,26,30.04714
82,27,30.032589
82,28,30.016685
82,29,30.0
82,3,12.768216
82,4,16.386997
82,5,19.538269
82,6,22.188698
82,7,24.341692
82,8,26.03049
82,9,27.309586
83,0,0.0
83,1,4.4683466
83,10,28.331448
83,11,28.992458
83,12,29.44251
83,13,29.738064
83,14,29.92521
83,15,30.03933
83,16,30.106133
83,17,30.14339
83,18,30.162592
83,19,30.170921
83,2,8.78476
83,20,30.172264
83,21,30.168806
83,22,30.161125
83,23,30.149601
83,24,30.133808
83,25,30.113934
83,26,30.089817
83,27,30.062204
83,28,30.031805
83,29,30.0
83,3,12.812475
83,4,16.442953
83,5,19.603674
83,6,22.261597
83,7,24.420036
83,8,26.11281
83,9,27.394506
84,0,0.0
84,1,4.4964957
84,10,28.484343
84,11,29.147175
84,12,29.598207
84,13,29.8943
84,14,30.08162
84,15,30.195633
84,16,30.262077
84,17,30.29852
84,18,30.31644
84,19,30.322502
84,2,8.839547
84,20,30.320553
84,21,30.311876
84,22,30.297077
84,23,30.275345
84,24,30.24653
84,25,30.209772
84,26,30.165655
84,27,30.114643
84,28,30.058718
84,29,30.0
84,3,12.891386
84,4,16.542332
84,5,19.719908
84,6,22.390684
84,7,24.558815
84,8,26.258238
84,9,27.544556
85,0,0.0
85,1,4.545006
85,10,28.74451
85,11,29.410099
85,12,29.862783
85,13,30.159645
85,14,30.347229
85,15,30.461079
85,16,30.526836
85,17,30.562063
85,18,30.577679
85,19,30.580261
85,2,8.934099
85,20,30.57251
85,21,30.555607
85,22,30.528393
85,23,30.49014
85,24,30.438744
85,25,30.373997
85,26,30.295298
85,27,30.204742
85,28,30.104795
85,29,30.0
85,3,13.0270405
85,4,16.713226
85,5,19.918976
85,6,22.611717
85,7,24.795628
85,8,26.506329
85,9,27.799925
86,0,0.0
86,1,4.626147
86,10,29.171146
86,11,29.841114
86,12,30.296082
86,13,30.594133
86,14,30.782038
86,15,30.895538
86,16,30.960316
86,17,30.993427
86,18,31.005707
86,19,31.002403
86,2,9.091697
86,20,30.986006
86,21,30.95535
86,22,30.909082
86,23,30.843346
86,24,30.756294
86,25,30.64497
86,26,30.510334
86,27,30.353868
86,28,30.181429
86,29,30.0
86,3,13.25316
86,4,16.996819
86,5,20.249039
86,6,22.976656
86,7,25.186241
86,8,26.914234
86,9,28.219522
87,0,0.0
87,1,4.757493
87,10,29.846489
87,11,30.522305
87,12,30.980623
87,13,31.280115
87,14,31.468391
87,15,31.581356
87,16,31.644453
87,17,31.674683
87,18,31.681538
87,19,31.669998
87,2,9.346838
87,20,31.639776
87,21,31.589224
87,22,31.512646
87,23,31.405787
87,24,31.261879
87,25,31.078732
87,26,30.854317
87,27,30.593693
87,28,30.304413
87,29,30.0
87,3,13.617571
87,4,17.45317
87,5,20.777475
87,6,23.559826
87,7,25.807774
87,8,27.562332
87,9,28.88427
88,0,0.0
88,1,4.964449
88,10,30.87755
88,11,31.561432
88,12,32.023636
88,13,32.324947
88,14,32.51345
88,15,32.625412
88,16,32.686295
88,17,32.712013
88,18,32.711773
88,19,32.687675
88,2,9.747201
88,20,32.638733
88,21,32.55805
88,22,32.438805
88,23,32.26945
88,24,32.042496
88,25,31.74899
88,26,31.389076
88,27,30.966463
88,28,30.496525
88,29,30.0
88,3,14.188266
88,4,18.163673
88,5,21.597706
88,6,24.459959
88,7,26.764572
88,8,28.555918
88,9,29.901665
89,0,0.0
89,1,5.2815595
89,10,32.397907
89,11,33.090675
89,12,33.55748
89,13,33.860283
89,14,34.048676
89,15,34.15915
89,16,34.21663
89,17,34.236813
89,18,34.22628
89,19,34.186398
89,2,10.359506
89,20,34.11062
89,21,33.990425
89,22,33.809814
89,23,33.55481
89,24,33.206642
89,25,32.755356
89,26,32.193577
89,27,31.530897
89,28,30.7874
89,29,30.0
89,3,15.055561
89,4,19.238724
89,5,22.829918
89,6,25.806332
89,7,28.187397
89,8,30.028946
89,9,31.404352
9,0,0.0
9,1,4.017271
9,10,25.525307
9,11,26.125454
9,12,26.535522
9,13,26.805637
9,14,26.978493
9,15,27.086475
9,16,27.154383
9,17,27.200453
9,18,27.238184
9,19,27.27918
9,2,7.8992143
9,20,27.333012
9,21,27.411018
9,22,27.5235
9,23,27.683918
9,24,27.902931
9,25,28.19191
9,26,28.554348
9,27,28.988104
9,28,29.478058
9,29,30.0
9,3,11.522362
9,4,14.791282
9,5,17.638409
9,6,20.036234
9,7,21.984474
9,8,23.515451
9,9,24.675312
90,0,0.0
90,1,5.7570677
90,10,34.561615
90,11,35.263924
90,12,35.73415
90,13,36.037838
90,14,36.225216
90,15,36.33319
90,16,36.386585
90,17,36.399082
90,18,36.376656
90,19,36.315487
90,2,11.272175
90,20,36.207367
90,21,36.033867
90,22,35.775394
90,23,35.402893
90,24,34.89263
90,25,34.21868
90,26,33.373108
90,27,32.361065
90,28,31.217854
90,29,30.0
90,3,16.341122
90,4,20.818052
90,5,24.628105
90,6,27.755215
90,7,30.236366
90,8,32.138306
90,9,33.549664
91,0,0.0
91,1,6.4563265
91,10,37.536865
91,11,38.245033
91,12,38.716663
91,13,39.01882
91,14,39.20369
91,15,39.30815
91,16,39.35591
91,17,39.36019
91,18,39.322735
91,19,39.23843
91,2,12.606457
91,20,39.089874
91,21,38.85499
91,22,38.497616
91,23,37.980904
91,24,37.25747
91,25,36.291664
91,26,35.055267
91,27,33.55663
91,28,31.840075
91,29,30.0
91,3,18.200644
91,4,23.080574
91,5,27.175232
91,6,30.492928
91,7,33.090546
91,8,35.061127
91,9,36.507507
92,0,0.0
92,1,7.4736185
92,10,41.487366
92,11,42.195053
92,12,42.66185
92,13,42.959003
92,14,43.13873
92,15,43.23786
92,16,43.27956
92,17,43.274014
92,18,43.22215
92,19,43.111485
92,2,14.525763
92,20,42.922005
92,21,42.61653
92,22,42.15106
92,23,41.461945
92,24,40.485165
92,25,39.148438
92,26,37.405502
92,27,35.24383
92,28,32.727394
92,29,30.0
92,3,20.840618
92,4,26.24282
92,5,30.689026
92,6,34.222122
92,7,36.94393
92,8,38.976242
92,9,40.450706
93,0,0.0
93,1,8.949505
93,10,46.55631
93,11,47.24865
93,12,47.701935
93,13,47.987488
93,14,48.158447
93,15,48.2505
93,16,48.284813
93,17,48.270836
93,18,48.20431
93,19,48.07159
93,2,17.266354
93,20,47.841225
93,21,47.4709
93,22,46.892906
93,23,46.026947
93,24,44.765263
93,25,42.99991
93,26,40.625965
93,27,37.60028
93,28,33.9829
93,29,30.0
93,3,24.53027
93,4,30.573833
93,5,35.409424
93,6,39.158436
93,7,41.981266
93,8,44.052143
93,9,45.52948
94,0,0.0
94,1,11.118617
94,10,52.8376
94,11,53.494354
94,12,53.919296
94,13,54.18505
94,14,54.34214
94,15,54.424522
94,16,54.451828
94,17,54.43
94,18,54.354492
94,19,54.204456
94,2,21.183022
94,20,53.947052
94,21,53.523827
94,22,52.85723
94,23,51.830276
94,24,50.299522
94,25,48.080513
94,26,44.98868
94,27,40.87922
94,28,35.774982
94,29,30.0
94,3,29.641487
94,4,36.394775
94,5,41.599796
94,6,45.502537
94,7,48.364227
94,8,50.415016
94,9,51.85367
95,0,0.0
95,1,14.414883
95,10,60.357277
95,11,60.94789
95,12,61.327
95,13,61.561516
95,14,61.698833
95,15,61.76921
95,16,61.7891
95,17,61.76371
95,18,61.684475
95,19,61.531815
95,2,26.858688
95,20,61.26493
95,21,60.824516
95,22,60.11259
95,23,58.994026
95,24,57.266716
95,25,54.66653
95,26,50.85432
95,27,45.490837
95,28,38.40676
95,29,30.0
95,3,36.69174
95,4,44.09519
95,5,49.518
95,6,53.422867
95,7,56.192398
95,8,58.129425
95,9,59.4599
96,0,0.0
96,1,19.760885
96,10,69.04796
96,11,69.53841
96,12,69.84967
96,13,70.04107
96,14,70.151924
96,15,70.20749
96,16,70.22129
96,17,70.1956
96,18,70.1235
96,19,69.98306
96,2,35.302177
96,20,69.73869
96,21,69.32632
96,22,68.650925
96,23,67.55646
96,24,65.81008
96,25,63.04603
96,26,58.73068
96,27,52.132877
96,28,42.52141
96,29,30.0
96,3,46.417534
96,4,54.10848
96,5,59.386436
96,6,63.00265
96,7,65.4776
96,8,67.16083
96,9,68.295425
97,0,0.0
97,1,29.396969
97,10,78.74332
97,11,79.0963
97,12,79.31908
97,13,79.454895
97,14,79.53309
97,15,79.5717
97,16,79.57989
97,17,79.559555
97,18,79.5034
97,19,79.39595
97,2,48.316917
97,20,79.20557
97,21,78.88292
97,22,78.34183
97,23,77.44569
97,24,75.957756
97,25,73.47499
97,26,69.27164
97,27,62.054604
97,28,49.679024
97,29,30.0
97,3,59.786125
97,4,66.83609
97,5,71.29529
97,6,74.18857
97,7,76.09479
97,8,77.35939
97,9,78.19532
98,0,0.0
98,1,49.56472
98,10,89.1759
98,11,89.361435
98,12,89.47771
98,13,89.54843
98,14,89.5889
98,15,89.60865
98,16,89.61255
98,17,89.601006
98,18,89.57062
98,19,89.51158
98,2,68.89093
98,20,89.407555
98,21,89.22832
98,22,88.925285
98,23,88.41118
98,24,87.53149
98,25,85.98103
98,26,83.107895
98,27,77.3248
98,28,64.238266
98,29,30.0
98,3,77.74158
98,4,82.37815
98,5,85.056526
98,6,86.704285
98,7,87.75658
98,8,88.440094
98,9,88.886444
99,0,0.0
99,1,100.0
99,10,100.0
99,11,100.0
99,12,100.0
99,13,100.0
99,14,100.0
99,15,100.0
99,16,100.0
99,17,100.0
99,18,100.0
99,19,100.0
99,2,100.0
99,20,100.0
99,21,100.0
99,22,100.0
99,23,100.0
99,24,100.0
99,25,100.0
99,26,100.0
99,27,100.0
99,28,100.0
99,29,30.0
99,3,100.0
99,4,100.0
99,5,100.0
99,6,100.0
99,7,100.0
99,8,100.0
99,9,100.0
