0,0,0.0
0,1,0.0
0,10,0.0
0,11,0.0
0,12,0.0
0,13,0.0
0,14,0.0
0,15,30.0
0,2,0.0
0,3,0.0
0,4,0.0
0,5,0.0
0,6,0.0
0,7,0.0
0,8,0.0
0,9,0.0
1,0,0.0
1,1,0.6345762
1,10,5.1719046
1,11,5.9416122
1,12,7.2326713
1,13,9.734382
1,14,15.341173
1,15,30.0
1,2,1.2534229
1,3,1.8426889
1,4,2.3921018
1,5,2.896441
1,6,3.356967
1,7,3.7832675
1,8,4.1964607
1,9,4.6356354
10,0,0.0
10,1,11.11529
10,10,49.429237
10,11,47.807384
10,12,45.01734
10,13,41.00613
10,14,35.869247
10,15,30.0
10,2,21.185265
10,3,29.658226
10,4,36.4243
10,5,41.606705
10,6,45.400303
10,7,47.984764
10,8,49.487152
10,9,49.969654
11,0,0.0
11,1,14.539718
11,10,57.046833
11,11,54.91012
11,12,51.27321
11,13,45.87805
11,14,38.632584
11,15,30.0
11,2,27.108418
11,3,37.061573
11,4,44.560333
11,5,50.02015
11,6,53.843468
11,7,56.330933
11,8,57.665627
11,9,57.917248
12,0,0.0
12,1,19.93552
12,10,65.932205
12,11,63.51433
12,12,59.288334
12,13,52.600998
12,14,42.78339
12,15,30.0
12,2,35.647797
12,3,46.920322
12,4,54.736576
12,5,60.071575
12,6,63.624104
12,7,65.8316
12,8,66.92888
12,9,66.98853
13,0,0.0
13,1,29.554846
13,10,76.18031
13,11,73.92767
13,12,69.76561
13,13,62.454746
13,14,49.900276
13,15,30.0
13,2,48.627483
13,3,60.236153
13,4,67.39508
13,5,71.90664
13,6,74.75108
13,7,76.44381
13,8,77.23111
13,9,77.17709
14,0,0.0
14,1,49.656567
14,10,87.6851
14,11,86.25117
14,12,83.39224
14,13,77.55249
14,14,64.36317
14,15,30.0
14,2,69.071526
14,3,78.00226
14,4,82.70166
14,5,85.40964
14,6,87.03066
14,7,87.962395
14,8,88.37559
14,9,88.309326
15,0,0.0
15,1,100.0
15,10,100.0
15,11,100.0
15,12,100.0
15,13,100.0
15,14,100.0
15,15,30.0
15,2,100.0
15,3,100.0
15,4,100.0
15,5,100.0
15,6,100.0
15,7,100.0
15,8,100.0
15,9,100.0
2,0,0.0
2,1,1.2849782
2,10,10.110776
2,11,11.362222
2,12,13.254965
2,13,16.363876
2,14,21.63041
2,15,30.0
2,2,2.5366151
2,3,3.725504
2,4,4.8296213
2,5,5.837098
2,6,6.748601
2,7,7.5801053
2,8,8.367405
2,9,9.17462
3,0,0.0
3,1,1.9689105
3,10,14.735151
3,11,16.142212
3,12,18.061634
3,13,20.836115
3,14,24.816782
3,15,30.0
3,2,3.8829234
3,3,5.6936245
3,4,7.3644576
3,5,8.874517
3,6,10.221101
3,7,11.422056
3,8,12.5193405
3,9,13.585531
4,0,0.0
4,1,2.708013
4,10,19.103233
4,11,20.410831
4,12,22.014019
4,13,24.102718
4,14,26.800879
4,15,30.0
4,2,5.3330793
4,3,7.8023863
4,4,10.061046
4,5,12.076551
4,6,13.840485
4,7,15.368992
4,8,16.703684
4,9,17.91427
5,0,0.0
5,1,3.5304093
5,10,23.354134
5,11,24.385105
5,12,25.481892
5,13,26.760532
5,14,28.284369
5,15,30.0
5,2,6.9396715
5,3,10.122775
5,4,13.0020275
5,5,15.531603
5,6,17.696888
5,7,19.511406
5,8,21.0138
5,9,22.266232
6,0,0.0
6,1,4.4743576
6,10,27.66366
6,11,28.295033
6,12,28.769058
6,13,29.173962
6,14,29.576466
6,15,30.0
6,2,8.773216
6,3,12.748158
6,4,16.294136
6,5,19.352636
6,6,21.905914
6,7,23.967894
6,8,25.575823
6,9,26.784594
7,0,0.0
7,1,5.59425
7,10,32.222763
7,11,32.3639
7,12,32.126637
7,13,31.59066
7,14,30.847988
7,15,30.0
7,2,10.931551
7,3,15.803772
7,4,20.075321
7,5,23.680756
7,6,26.608288
7,7,28.88057
7,8,30.539158
7,9,31.634708
8,0,0.0
8,1,6.9715614
8,10,37.23074
8,11,36.81288
8,12,35.78425
8,13,34.214993
8,14,32.2253
8,15,30.0
8,2,13.55588
8,3,19.461386
8,4,24.524294
8,5,28.688732
8,6,31.96806
8,7,34.4092
8,8,36.06778
8,9,36.994484
9,0,0.0
9,1,8.736586
9,10,42.894817
9,11,41.87432
9,12,39.98383
9,13,37.26069
9,14,33.83869
9,15,30.0
9,2,16.859945
9,3,23.962925
9,4,29.873425
9,5,34.583786
9,6,38.16818
9,7,40.72263
9,8,42.330566
9,9,43.046856
