0,0,0.0
0,1,0.0
0,10,0.0
0,11,0.0
0,12,0.0
0,13,0.0
0,14,0.0
0,15,30.0
0,2,0.0
0,3,0.0
0,4,0.0
0,5,0.0
0,6,0.0
0,7,0.0
0,8,0.0
0,9,0.0
1,0,0.0
1,1,0.63552904
1,10,5.175889
1,11,5.945033
1,12,7.2353783
1,13,9.736257
1,14,15.342132
1,15,30.0
1,2,1.2552873
1,3,1.845384
1,4,2.3955102
1,5,2.900415
1,6,3.3613334
1,7,3.7878356
1,8,4.2010317
1,9,4.640009
10,0,0.0
10,1,11.11931
10,10,49.446053
10,11,47.82181
10,12,45.028767
10,13,41.01403
10,14,35.87329
10,15,30.0
10,2,21.193132
10,3,29.669594
10,4,36.438683
10,5,41.62347
10,6,45.41873
10,7,48.004036
10,8,49.50644
10,9,49.988106
11,0,0.0
11,1,14.543172
11,10,57.06128
11,11,54.922527
11,12,51.28302
11,13,45.88485
11,14,38.636055
11,15,30.0
11,2,27.115177
11,3,37.071342
11,4,44.57269
11,5,50.034554
11,6,53.8593
11,7,56.347504
11,8,57.682205
11,9,57.93311
12,0,0.0
12,1,19.938255
12,10,65.94365
12,11,63.524155
12,12,59.296112
12,13,52.606377
12,14,42.786144
12,15,30.0
12,2,35.653152
12,3,46.928062
12,4,54.74636
12,5,60.08298
12,6,63.63664
12,7,65.84471
12,8,66.942
12,9,67.00109
13,0,0.0
13,1,29.55674
13,10,76.18825
13,11,73.93449
13,12,69.770996
13,13,62.458473
13,14,49.902184
13,15,30.0
13,2,48.631195
13,3,60.241512
13,4,67.401855
13,5,71.91454
13,6,74.75976
13,7,76.45289
13,8,77.2402
13,9,77.18579
14,0,0.0
14,1,49.65754
14,10,87.68915
14,11,86.25465
14,12,83.395004
14,13,77.5544
14,14,64.364136
14,15,30.0
14,2,69.073425
14,3,78.005005
14,4,82.705124
14,5,85.413666
14,6,87.0351
14,7,87.96703
14,8,88.38023
14,9,88.31378
15,0,0.0
15,1,100.0
15,10,100.0
15,11,100.0
15,12,100.0
15,13,100.0
15,14,100.0
15,15,30.0
15,2,100.0
15,3,100.0
15,4,100.0
15,5,100.0
15,6,100.0
15,7,100.0
15,8,100.0
15,9,100.0
2,0,0.0
2,1,1.2868433
2,10,10.118576
2,11,11.3689165
2,12,13.260264
2,13,16.367544
2,14,21.632286
2,15,30.0
2,2,2.5402641
2,3,3.7307794
2,4,4.836293
2,5,5.844877
2,6,6.757148
2,7,7.589048
2,8,8.376351
2,9,9.18318
3,0,0.0
3,1,1.9716084
3,10,14.746432
3,11,16.151897
3,12,18.069296
3,13,20.841421
3,14,24.819494
3,15,30.0
3,2,3.8882022
3,3,5.701255
3,4,7.3741083
3,5,8.885768
3,6,10.233463
3,7,11.43499
3,8,12.532282
3,9,13.597914
4,0,0.0
4,1,2.7114284
4,10,19.117514
4,11,20.42309
4,12,22.02372
4,13,24.109428
4,14,26.804312
4,15,30.0
4,2,5.3397617
4,3,7.812045
4,4,10.073261
4,5,12.090795
4,6,13.856134
4,7,15.385365
4,8,16.720064
4,9,17.929947
5,0,0.0
5,1,3.5343952
5,10,23.370798
5,11,24.399412
5,12,25.49321
5,13,26.768368
5,14,28.288372
5,15,30.0
5,2,6.9474707
5,3,10.134048
5,4,13.016285
5,5,15.548224
5,6,17.715149
5,7,19.530514
5,8,21.032917
5,9,22.284525
6,0,0.0
6,1,4.4787416
6,10,27.681995
6,11,28.310768
6,12,28.781513
6,13,29.182579
6,14,29.580872
6,15,30.0
6,2,8.7817955
6,3,12.760559
6,4,16.30982
6,5,19.370922
6,6,21.926003
6,7,23.98891
6,8,25.596855
6,9,26.804714
7,0,0.0
7,1,5.598843
7,10,32.241966
7,11,32.38039
7,12,32.13968
7,13,31.59969
7,14,30.852604
7,15,30.0
7,2,10.940537
7,3,15.816763
7,4,20.091751
7,5,23.699907
7,6,26.629332
7,7,28.902592
7,8,30.56119
7,9,31.655788
8,0,0.0
8,1,6.976163
8,10,37.24998
8,11,36.829395
8,12,35.797318
8,13,34.224037
8,14,32.229923
8,15,30.0
8,2,13.564883
8,3,19.4744
8,4,24.540754
8,5,28.707924
8,6,31.989143
8,7,34.431255
8,8,36.08986
8,9,37.015602
9,0,0.0
9,1,8.7409935
9,10,42.913246
9,11,41.890144
9,12,39.996346
9,13,37.269356
9,14,33.843124
9,15,30.0
9,2,16.868568
9,3,23.975391
9,4,29.88919
9,5,34.602173
9,6,38.188374
9,7,40.743767
9,8,42.351707
9,9,43.06709
