0,0,0.0
0,1,0.0
0,10,0.0
0,11,0.0
0,12,0.0
0,13,0.0
0,14,0.0
0,15,30.0
0,2,0.0
0,3,0.0
0,4,0.0
0,5,0.0
0,6,0.0
0,7,0.0
0,8,0.0
0,9,0.0
1,0,0.0
1,1,2.1853747
1,10,8.310303
1,11,8.597294
1,12,9.334384
1,13,11.193402
1,14,16.09269
1,15,30.0
1,2,4.1279287
1,3,5.681976
1,4,6.7698483
1,5,7.4622755
1,6,7.8408556
1,7,8.03294
1,8,8.124325
1,9,8.191388
10,0,0.0
10,1,10.297384
10,10,35.412254
10,11,35.152367
10,12,34.574123
10,13,33.560093
10,14,31.983505
10,15,30.0
10,2,19.183975
10,3,25.896248
10,4,30.408745
10,5,33.094086
10,6,34.521606
10,7,35.18454
10,8,35.44475
10,9,35.50282
11,0,0.0
11,1,12.863077
11,10,41.061913
11,11,40.551926
11,12,39.49129
11,13,37.475063
11,14,34.265038
11,15,30.0
11,2,23.488714
11,3,31.137669
11,4,36.029945
11,5,38.858147
11,6,40.310654
11,7,40.97513
11,8,41.222797
11,9,41.237587
12,0,0.0
12,1,17.856981
12,10,50.240524
12,11,49.490494
12,12,47.780594
12,13,44.426037
12,14,38.522465
12,15,30.0
12,2,31.341385
12,3,40.16038
12,4,45.42364
12,5,48.284782
12,6,49.71218
12,7,50.339344
12,8,50.556
12,9,50.534748
13,0,0.0
13,1,27.679543
13,10,63.53798
13,11,62.63349
13,12,60.530678
13,13,55.878036
13,14,46.486122
13,15,30.0
13,2,44.787453
13,3,54.348206
13,4,59.43066
13,5,62.01584
13,6,63.232697
13,7,63.753895
13,8,63.922005
13,9,63.86326
14,0,0.0
14,1,48.543083
14,10,80.59737
14,11,79.937164
14,12,78.21933
14,13,73.88201
14,14,62.450397
14,15,30.0
14,2,66.81654
14,3,74.566925
14,4,78.10972
14,5,79.749344
14,6,80.48998
14,7,80.79379
14,8,80.88518
14,9,80.84051
15,0,0.0
15,1,100.0
15,10,100.0
15,11,100.0
15,12,100.0
15,13,100.0
15,14,100.0
15,15,30.0
15,2,100.0
15,3,100.0
15,4,100.0
15,5,100.0
15,6,100.0
15,7,100.0
15,8,100.0
15,9,100.0
2,0,0.0
2,1,4.127964
2,10,15.617585
2,11,16.012335
2,12,16.915165
2,13,18.90943
2,14,22.93455
2,15,30.0
2,2,7.8188457
2,3,10.732695
2,4,12.809505
2,5,14.095442
2,6,14.820316
2,7,15.171939
2,8,15.3400545
2,9,15.450883
3,0,0.0
3,1,5.682285
3,10,21.31427
3,11,21.645086
3,12,22.379889
3,13,23.817802
3,14,26.347769
3,15,30.0
3,2,10.733147
3,3,14.759676
3,4,17.578234
3,5,19.358528
3,6,20.330746
3,7,20.814163
3,8,21.030815
3,9,21.15331
4,0,0.0
4,1,6.771592
4,10,25.249844
4,11,25.47866
4,12,25.935118
4,13,26.798962
4,14,28.173553
4,15,30.0
4,2,12.812614
4,3,17.581495
4,4,20.95668
4,5,23.046074
4,6,24.207838
4,7,24.766464
4,8,25.01413
4,9,25.13477
5,0,0.0
5,1,7.4706273
5,10,27.68503
5,11,27.806475
5,12,28.054981
5,13,28.486286
5,14,29.156746
5,15,30.0
5,2,14.110167
5,3,19.377106
5,4,23.062853
5,5,25.366865
5,6,26.62366
5,7,27.234663
5,8,27.494877
5,9,27.604877
6,0,0.0
6,1,7.8732333
6,10,29.060642
6,11,29.12046
6,12,29.220703
6,13,29.403334
6,14,29.66797
6,15,30.0
6,2,14.879623
6,3,20.406271
6,4,24.289616
6,5,26.691257
6,6,28.01006
6,7,28.641014
6,8,28.907928
6,9,29.011593
7,0,0.0
7,1,8.143586
7,10,29.907566
7,11,29.918234
7,12,29.93244
7,13,29.94573
7,14,29.971842
7,15,30.0
7,2,15.371143
7,3,21.074886
7,4,25.055635
7,5,27.522606
7,6,28.864805
7,7,29.508625
7,8,29.77703
7,9,29.874138
8,0,0.0
8,1,8.448203
8,10,30.774937
8,11,30.743793
8,12,30.65462
8,13,30.506115
8,14,30.276459
8,15,30.0
8,2,15.931528
8,3,21.797062
8,4,25.881195
8,5,28.389975
8,6,29.754524
8,7,30.403313
8,8,30.671719
8,9,30.763855
9,0,0.0
9,1,9.041674
9,10,32.33136
9,11,32.210236
9,12,31.962584
9,13,31.505228
9,14,30.836412
9,15,30.0
9,2,16.981512
9,3,23.148155
9,4,27.379389
9,5,29.961975
9,6,31.348513
9,7,32.00546
9,8,32.272373
9,9,32.350048
