0,0,0.0
0,1,0.0
0,10,0.0
0,11,0.0
0,12,0.0
0,13,0.0
0,14,0.0
0,15,30.0
0,2,0.0
0,3,0.0
0,4,0.0
0,5,0.0
0,6,0.0
0,7,0.0
0,8,0.0
0,9,0.0
1,0,0.0
1,1,0.6356729
1,10,5.1764884
1,11,5.945548
1,12,7.2357845
1,13,9.736537
1,14,15.342276
1,15,30.0
1,2,1.2555687
1,3,1.8457906
1,4,2.3960247
1,5,2.9010143
1,6,3.3619914
1,7,3.788524
1,8,4.2017198
1,9,4.640667
10,0,0.0
10,1,11.119909
10,10,49.448544
10,11,47.82396
10,12,45.030457
10,13,41.015205
10,14,35.87389
10,15,30.0
10,2,21.194307
10,3,29.671291
10,4,36.440826
10,5,41.62597
10,6,45.42147
10,7,48.006905
10,8,49.509308
10,9,49.990845
11,0,0.0
11,1,14.543688
11,10,57.063423
11,11,54.92436
11,12,51.28448
11,13,45.885853
11,14,38.63657
11,15,30.0
11,2,27.11618
11,3,37.0728
11,4,44.57453
11,5,50.0367
11,6,53.861652
11,7,56.349964
11,8,57.68467
11,9,57.93546
12,0,0.0
12,1,19.938663
12,10,65.94534
12,11,63.525608
12,12,59.297256
12,13,52.60717
12,14,42.78655
12,15,30.0
12,2,35.65395
12,3,46.929214
12,4,54.747818
12,5,60.084682
12,6,63.638504
12,7,65.846664
12,8,66.94395
12,9,67.00295
13,0,0.0
13,1,29.557022
13,10,76.189415
13,11,73.935486
13,12,69.77179
13,13,62.459023
13,14,49.902462
13,15,30.0
13,2,48.631744
13,3,60.242306
13,4,67.40286
13,5,71.91571
13,6,74.761055
13,7,76.45424
13,8,77.24155
13,9,77.18708
14,0,0.0
14,1,49.65768
14,10,87.68975
14,11,86.25516
14,12,83.3954
14,13,77.55467
14,14,64.36428
14,15,30.0
14,2,69.07371
14,3,78.00541
14,4,82.705635
14,5,85.414276
14,6,87.03577
14,7,87.96773
14,8,88.38093
14,9,88.31444
15,0,0.0
15,1,100.0
15,10,100.0
15,11,100.0
15,12,100.0
15,13,100.0
15,14,100.0
15,15,30.0
15,2,100.0
15,3,100.0
15,4,100.0
15,5,100.0
15,6,100.0
15,7,100.0
15,8,100.0
15,9,100.0
2,0,0.0
2,1,1.2871249
2,10,10.119748
2,11,11.369923
2,12,13.261059
2,13,16.368092
2,14,21.632566
2,15,30.0
2,2,2.5408146
2,3,3.731575
2,4,4.8372993
2,5,5.8460493
2,6,6.7584352
2,7,7.590394
2,8,8.377698
2,9,9.184467
3,0,0.0
3,1,1.972015
3,10,14.748126
3,11,16.15335
3,12,18.070446
3,13,20.842216
3,14,24.8199
3,15,30.0
3,2,3.888998
3,3,5.7024045
3,4,7.3755627
3,5,8.887463
3,6,10.235325
3,7,11.436936
3,8,12.534228
3,9,13.599773
4,0,0.0
4,1,2.7119427
4,10,19.119656
4,11,20.424929
4,12,22.025173
4,13,24.110435
4,14,26.804825
4,15,30.0
4,2,5.3407674
4,3,7.8134995
4,4,10.0751
4,5,12.092937
4,6,13.858487
4,7,15.387825
4,8,16.722527
4,9,17.932297
5,0,0.0
5,1,3.5349944
5,10,23.373295
5,11,24.401554
5,12,25.494904
5,13,26.76954
5,14,28.28897
5,15,30.0
5,2,6.948643
5,3,10.135742
5,4,13.018429
5,5,15.550722
5,6,17.717894
5,7,19.533382
5,8,21.035786
5,9,22.287266
6,0,0.0
6,1,4.4794006
6,10,27.684736
6,11,28.313122
6,12,28.783375
6,13,29.183865
6,14,29.58153
6,15,30.0
6,2,8.783083
6,3,12.762422
6,4,16.312172
6,5,19.373665
6,6,21.929016
6,7,23.992062
6,8,25.600004
6,9,26.807724
7,0,0.0
7,1,5.599532
7,10,32.244835
7,11,32.38285
7,12,32.141624
7,13,31.60104
7,14,30.85329
7,15,30.0
7,2,10.941884
7,3,15.81871
7,4,20.094212
7,5,23.702778
7,6,26.63248
7,7,28.905884
7,8,30.564482
7,9,31.65894
8,0,0.0
8,1,6.9768515
8,10,37.252846
8,11,36.831856
8,12,35.799263
8,13,34.225384
8,14,32.230614
8,15,30.0
8,2,13.566231
8,3,19.476345
8,4,24.543217
8,5,28.71079
8,6,31.992294
8,7,34.434547
8,8,36.093147
8,9,37.01875
9,0,0.0
9,1,8.7416525
9,10,42.915985
9,11,41.892494
9,12,39.998207
9,13,37.270645
9,14,33.84378
9,15,30.0
9,2,16.869856
9,3,23.977255
9,4,29.891546
9,5,34.604916
9,6,38.191387
9,7,40.746914
9,8,42.35486
9,9,43.0701
