0,0,0.0
0,1,0.0
0,10,0.0
0,11,0.0
0,12,0.0
0,13,0.0
0,14,0.0
0,15,30.0
0,2,0.0
0,3,0.0
0,4,0.0
0,5,0.0
0,6,0.0
0,7,0.0
0,8,0.0
0,9,0.0
1,0,0.0
1,1,0.62896514
1,10,5.146081
1,11,5.919213
1,12,7.214796
1,13,9.721933
1,14,15.334784
1,15,30.0
1,2,1.2423978
1,3,1.8266356
1,4,2.3716092
1,5,2.8722754
1,6,3.3300838
1,7,3.7547631
1,8,4.1675596
1,9,4.607624
10,0,0.0
10,1,11.083742
10,10,49.287605
10,11,47.684834
10,12,44.919765
10,13,40.938263
10,14,35.834454
10,15,30.0
10,2,21.123337
10,3,29.568243
10,4,36.3097
10,5,41.471985
10,6,45.2509
10,7,47.826912
10,8,49.327644
10,9,49.815556
11,0,0.0
11,1,14.511841
11,10,56.92194
11,11,54.802097
11,12,51.1872
11,13,45.818253
11,14,38.60192
11,15,30.0
11,2,27.053705
11,3,36.982082
11,4,44.45912
11,5,49.901196
11,6,53.711594
11,7,56.191635
11,8,57.52491
11,9,57.781353
12,0,0.0
12,1,19.912949
12,10,65.831245
12,11,63.42701
12,12,59.21883
12,13,52.552658
12,14,42.758617
12,15,30.0
12,2,35.603493
12,3,46.85597
12,4,54.654644
12,5,59.975296
12,6,63.517395
12,7,65.7189
12,8,66.81506
12,9,66.87864
13,0,0.0
13,1,29.538952
13,10,76.10932
13,11,73.866295
13,12,69.71674
13,13,62.420776
13,14,49.88286
13,15,30.0
13,2,48.596302
13,3,60.19084
13,4,67.33742
13,5,71.83888
13,6,74.675995
13,7,76.36453
13,8,77.151054
13,9,77.09981
14,0,0.0
14,1,49.64836
14,10,87.648445
14,11,86.21948
14,12,83.36703
14,13,77.53496
14,14,64.35418
14,15,30.0
14,2,69.05542
14,3,77.97887
14,4,82.671875
14,5,85.37465
14,6,86.9919
14,7,87.921455
14,8,88.33425
14,9,88.26943
15,0,0.0
15,1,100.0
15,10,100.0
15,11,100.0
15,12,100.0
15,13,100.0
15,14,100.0
15,15,30.0
15,2,100.0
15,3,100.0
15,4,100.0
15,5,100.0
15,6,100.0
15,7,100.0
15,8,100.0
15,9,100.0
2,0,0.0
2,1,1.2738358
2,10,10.059559
2,11,11.317799
2,12,13.219524
2,13,16.33919
2,14,21.617743
2,15,30.0
2,2,2.5147142
2,3,3.6936297
2,4,4.7889256
2,5,5.7891307
2,6,6.695236
2,7,7.523544
2,8,8.3100605
2,9,9.119053
3,0,0.0
3,1,1.9524127
3,10,14.659499
3,11,16.076616
3,12,18.009304
3,13,20.799677
3,14,24.79808
3,15,30.0
3,2,3.8505125
3,3,5.6464453
3,4,7.3042536
3,5,8.803555
3,6,10.142195
3,7,11.338434
3,8,12.434595
3,9,13.503434
4,0,0.0
4,1,2.6864948
4,10,19.00482
4,11,20.32552
4,12,21.945984
4,13,24.055344
4,14,26.776571
4,15,30.0
4,2,5.2907953
4,3,7.7408686
4,4,9.982544
4,5,11.984076
4,6,13.737677
4,7,15.2600975
4,8,16.59336
4,9,17.807438
5,0,0.0
5,1,3.504393
5,10,23.235546
5,11,24.282345
5,12,25.399956
5,13,26.703499
5,14,28.255104
5,15,30.0
5,2,6.888574
5,3,10.04843
5,4,12.907213
5,5,15.419929
5,6,17.572807
5,7,19.380024
5,8,20.880762
5,9,22.137455
6,0,0.0
6,1,4.4446306
6,10,27.5286
6,11,28.178028
6,12,28.675802
6,13,29.10905
6,14,29.54317
6,15,30.0
6,2,8.714823
6,3,12.663245
6,4,16.185852
6,5,19.225176
6,6,21.764334
6,7,23.818066
6,8,25.42417
6,9,26.637863
7,0,0.0
7,1,5.561861
7,10,32.07611
7,11,32.236916
7,12,32.025433
7,13,31.52025
7,14,30.81187
7,15,30.0
7,2,10.867954
7,3,15.711294
7,4,19.957455
7,5,23.542046
7,6,26.4543
7,7,28.717674
7,8,30.374361
7,9,31.47533
8,0,0.0
8,1,6.937848
8,10,37.07856
8,11,36.681133
8,12,35.6793
8,13,34.141975
8,14,32.18786
8,15,30.0
8,2,13.489677
8,3,19.36516
8,4,24.401669
8,5,28.544498
8,6,31.807987
8,7,34.239952
8,8,35.89663
8,9,36.82902
9,0,0.0
9,1,8.703099
9,10,42.744102
9,11,41.743896
9,12,39.879944
9,13,37.188435
9,14,33.80164
9,15,30.0
9,2,16.794209
9,3,23.867384
9,4,29.751726
9,5,34.44067
9,6,38.009422
9,7,40.554832
9,8,42.160942
9,9,42.882946
