0,0,0.0
0,1,0.0
0,10,0.0
0,11,0.0
0,12,0.0
0,13,0.0
0,14,0.0
0,15,30.0
0,2,0.0
0,3,0.0
0,4,0.0
0,5,0.0
0,6,0.0
0,7,0.0
0,8,0.0
0,9,0.0
1,0,0.0
1,1,0.63562274
1,10,5.17628
1,11,5.945369
1,12,7.2356434
1,13,9.73644
1,14,15.342225
1,15,30.0
1,2,1.2554706
1,3,1.8456488
1,4,2.3958452
1,5,2.9008052
1,6,3.361762
1,7,3.788284
1,8,4.20148
1,9,4.640437
10,0,0.0
10,1,11.119701
10,10,49.447674
10,11,47.82321
10,12,45.02987
10,13,41.014797
10,14,35.87368
10,15,30.0
10,2,21.193897
10,3,29.6707
10,4,36.440083
10,5,41.6251
10,6,45.420517
10,7,48.005905
10,8,49.50831
10,9,49.989887
11,0,0.0
11,1,14.543508
11,10,57.06267
11,11,54.923717
11,12,51.283974
11,13,45.8855
11,14,38.63639
11,15,30.0
11,2,27.115831
11,3,37.072292
11,4,44.57389
11,5,50.035954
11,6,53.860832
11,7,56.349102
11,8,57.6838
11,9,57.934643
12,0,0.0
12,1,19.938522
12,10,65.944756
12,11,63.5251
12,12,59.29686
12,13,52.606895
12,14,42.786407
12,15,30.0
12,2,35.65367
12,3,46.92881
12,4,54.747314
12,5,60.084087
12,6,63.637856
12,7,65.84598
12,8,66.94327
12,9,67.002304
13,0,0.0
13,1,29.556923
13,10,76.189
13,11,73.93514
13,12,69.771515
13,13,62.458836
13,14,49.902363
13,15,30.0
13,2,48.631546
13,3,60.24203
13,4,67.40251
13,5,71.915306
13,6,74.760605
13,7,76.45377
13,8,77.24107
13,9,77.18663
14,0,0.0
14,1,49.65763
14,10,87.68954
14,11,86.25499
14,12,83.39526
14,13,77.55458
14,14,64.364235
14,15,30.0
14,2,69.07361
14,3,78.00527
14,4,82.70546
14,5,85.41406
14,6,87.03553
14,7,87.96748
14,8,88.380684
14,9,88.31421
15,0,0.0
15,1,100.0
15,10,100.0
15,11,100.0
15,12,100.0
15,13,100.0
15,14,100.0
15,15,30.0
15,2,100.0
15,3,100.0
15,4,100.0
15,5,100.0
15,6,100.0
15,7,100.0
15,8,100.0
15,9,100.0
2,0,0.0
2,1,1.2870266
2,10,10.119339
2,11,11.369574
2,12,13.260783
2,13,16.367903
2,14,21.63247
2,15,30.0
2,2,2.5406227
2,3,3.7312975
2,4,4.8369484
2,5,5.84564
2,6,6.757986
2,7,7.589925
2,8,8.377229
2,9,9.184019
3,0,0.0
3,1,1.971873
3,10,14.747537
3,11,16.152843
3,12,18.070045
3,13,20.84194
3,14,24.81976
3,15,30.0
3,2,3.8887205
3,3,5.7020035
3,4,7.3750553
3,5,8.886871
3,6,10.234676
3,7,11.436258
3,8,12.533549
3,9,13.599125
4,0,0.0
4,1,2.7117634
4,10,19.118908
4,11,20.424288
4,12,22.024668
4,13,24.110085
4,14,26.804646
4,15,30.0
4,2,5.340416
4,3,7.812992
4,4,10.074459
4,5,12.09219
4,6,13.857666
4,7,15.386967
4,8,16.721668
4,9,17.931479
5,0,0.0
5,1,3.534785
5,10,23.372425
5,11,24.40081
5,12,25.494316
5,13,26.769133
5,14,28.288763
5,15,30.0
5,2,6.9482336
5,3,10.135151
5,4,13.017681
5,5,15.54985
5,6,17.716938
5,7,19.532383
5,8,21.034786
5,9,22.286312
6,0,0.0
6,1,4.479171
6,10,27.68378
6,11,28.312302
6,12,28.782726
6,13,29.183418
6,14,29.5813
6,15,30.0
6,2,8.782634
6,3,12.761772
6,4,16.311352
6,5,19.372707
6,6,21.927965
6,7,23.990963
6,8,25.598906
6,9,26.806679
7,0,0.0
7,1,5.599292
7,10,32.243835
7,11,32.381996
7,12,32.140945
7,13,31.600567
7,14,30.853052
7,15,30.0
7,2,10.941415
7,3,15.818031
7,4,20.093353
7,5,23.701778
7,6,26.631386
7,7,28.904736
7,8,30.563335
7,9,31.65784
8,0,0.0
8,1,6.9766116
8,10,37.25185
8,11,36.830997
8,12,35.798588
8,13,34.224915
8,14,32.23037
8,15,30.0
8,2,13.565762
8,3,19.475668
8,4,24.542358
8,5,28.709793
8,6,31.991196
8,7,34.433403
8,8,36.092
8,9,37.01765
9,0,0.0
9,1,8.741424
9,10,42.91503
9,11,41.891678
9,12,39.99756
9,13,37.270195
9,14,33.84355
9,15,30.0
9,2,16.869408
9,3,23.976608
9,4,29.890726
9,5,34.603962
9,6,38.19034
9,7,40.74582
9,8,42.35376
9,9,43.069046
