0,0,0.0
0,1,0.0
0,10,0.0
0,11,0.0
0,12,0.0
0,13,0.0
0,14,0.0
0,15,30.0
0,2,0.0
0,3,0.0
0,4,0.0
0,5,0.0
0,6,0.0
0,7,0.0
0,8,0.0
0,9,0.0
1,0,0.0
1,1,0.63568133
1,10,5.1765237
1,11,5.9455776
1,12,7.2358084
1,13,9.736555
1,14,15.342284
1,15,30.0
1,2,1.255585
1,3,1.8458145
1,4,2.3960545
1,5,2.9010491
1,6,3.3620298
1,7,3.788564
1,8,4.2017603
1,9,4.640705
10,0,0.0
10,1,11.119945
10,10,49.448692
10,11,47.82408
10,12,45.030556
10,13,41.015274
10,14,35.873924
10,15,30.0
10,2,21.194376
10,3,29.67139
10,4,36.440956
10,5,41.626114
10,6,45.42163
10,7,48.007072
10,8,49.509476
10,9,49.991
11,0,0.0
11,1,14.543718
11,10,57.063545
11,11,54.92447
11,12,51.284557
11,13,45.88591
11,14,38.636597
11,15,30.0
11,2,27.116243
11,3,37.072887
11,4,44.57464
11,5,50.036827
11,6,53.86179
11,7,56.350105
11,8,57.6848
11,9,57.9356
12,0,0.0
12,1,19.938686
12,10,65.94544
12,11,63.525692
12,12,59.297325
12,13,52.607216
12,14,42.78657
12,15,30.0
12,2,35.653996
12,3,46.929283
12,4,54.747906
12,5,60.08478
12,6,63.638615
12,7,65.84677
12,8,66.94406
12,9,67.00306
13,0,0.0
13,1,29.557037
13,10,76.18948
13,11,73.93555
13,12,69.771835
13,13,62.459053
13,14,49.902477
13,15,30.0
13,2,48.631775
13,3,60.242355
13,4,67.40292
13,5,71.91579
13,6,74.76112
13,7,76.454315
13,8,77.24162
13,9,77.187164
14,0,0.0
14,1,49.657692
14,10,87.68979
14,11,86.25519
14,12,83.39543
14,13,77.554695
14,14,64.36429
14,15,30.0
14,2,69.07372
14,3,78.00543
14,4,82.705666
14,5,85.41431
14,6,87.0358
14,7,87.967766
14,8,88.38097
14,9,88.31447
15,0,0.0
15,1,100.0
15,10,100.0
15,11,100.0
15,12,100.0
15,13,100.0
15,14,100.0
15,15,30.0
15,2,100.0
15,3,100.0
15,4,100.0
15,5,100.0
15,6,100.0
15,7,100.0
15,8,100.0
15,9,100.0
2,0,0.0
2,1,1.2871411
2,10,10.119816
2,11,11.369983
2,12,13.2611065
2,13,16.368126
2,14,21.632584
2,15,30.0
2,2,2.540847
2,3,3.7316215
2,4,4.837358
2,5,5.846118
2,6,6.7585106
2,7,7.5904727
2,8,8.377776
2,9,9.184544
3,0,0.0
3,1,1.9720389
3,10,14.748227
3,11,16.153437
3,12,18.070515
3,13,20.842264
3,14,24.819925
3,15,30.0
3,2,3.8890445
3,3,5.7024717
3,4,7.3756466
3,5,8.887561
3,6,10.235433
3,7,11.43705
3,8,12.534342
3,9,13.599882
4,0,0.0
4,1,2.7119727
4,10,19.119781
4,11,20.425037
4,12,22.02526
4,13,24.110497
4,14,26.804857
4,15,30.0
4,2,5.340826
4,3,7.8135834
4,4,10.075207
4,5,12.093061
4,6,13.8586235
4,7,15.387969
4,8,16.72267
4,9,17.932438
5,0,0.0
5,1,3.5350296
5,10,23.373442
5,11,24.401682
5,12,25.495005
5,13,26.769611
5,14,28.289007
5,15,30.0
5,2,6.9487114
5,3,10.135841
5,4,13.018553
5,5,15.550867
5,6,17.718052
5,7,19.533546
5,8,21.035954
5,9,22.287428
6,0,0.0
6,1,4.479439
6,10,27.684895
6,11,28.31326
6,12,28.783484
6,13,29.18394
6,14,29.58157
6,15,30.0
6,2,8.783158
6,3,12.762529
6,4,16.312311
6,5,19.373823
6,6,21.92919
6,7,23.992245
6,8,25.600185
6,9,26.807903
7,0,0.0
7,1,5.599572
7,10,32.245003
7,11,32.382996
7,12,32.14174
7,13,31.601118
7,14,30.853333
7,15,30.0
7,2,10.941962
7,3,15.818824
7,4,20.094353
7,5,23.702946
7,6,26.632668
7,7,28.906075
7,8,30.564676
7,9,31.659122
8,0,0.0
8,1,6.9768915
8,10,37.253014
8,11,36.831997
8,12,35.799377
8,13,34.225464
8,14,32.23065
8,15,30.0
8,2,13.566309
8,3,19.47646
8,4,24.54336
8,5,28.710957
8,6,31.992477
8,7,34.434742
8,8,36.093346
8,9,37.018932
9,0,0.0
9,1,8.741692
9,10,42.916145
9,11,41.892635
9,12,39.998314
9,13,37.270718
9,14,33.84382
9,15,30.0
9,2,16.86993
9,3,23.977364
9,4,29.891682
9,5,34.605076
9,6,38.191566
9,7,40.7471
9,8,42.35504
9,9,43.070282
