0,0,0.0
0,1,0.0
0,10,0.0
0,11,0.0
0,12,0.0
0,13,0.0
0,14,0.0
0,15,30.0
0,2,0.0
0,3,0.0
0,4,0.0
0,5,0.0
0,6,0.0
0,7,0.0
0,8,0.0
0,9,0.0
1,0,0.0
1,1,0.62936383
1,10,5.1328297
1,11,5.9063835
1,12,7.2037086
1,13,9.713764
1,14,15.330457
1,15,30.0
1,2,1.2428535
1,3,1.8265975
1,4,2.3703206
1,5,2.8690896
1,6,3.3244457
1,7,3.746519
1,8,4.1568913
1,9,4.595171
10,0,0.0
10,1,11.03587
10,10,49.026176
10,11,47.454525
10,12,44.733585
10,13,40.80744
10,14,35.766907
10,15,30.0
10,2,21.028446
10,3,29.428066
10,4,36.127472
10,5,41.25246
10,6,45.001038
10,7,47.555763
10,8,49.04643
10,9,49.53728
11,0,0.0
11,1,14.465905
11,10,56.67736
11,11,54.586967
11,12,51.013718
11,13,45.696407
11,14,38.53911
11,15,30.0
11,2,26.962708
11,3,36.848057
11,4,44.285286
11,5,49.692543
11,6,53.474865
11,7,55.93564
11,8,57.2603
11,9,57.52021
12,0,0.0
12,1,19.87341
12,10,65.62445
12,11,63.245502
12,12,59.072536
12,13,52.450085
12,14,42.705723
12,15,30.0
12,2,35.525307
12,3,46.740913
12,4,54.505775
12,5,59.796955
12,6,63.31557
12,7,65.50117
12,8,66.59048
12,9,66.65753
13,0,0.0
13,1,29.509953
13,10,75.95938
13,11,73.73474
13,12,69.610886
13,13,62.346535
13,14,49.84462
13,15,30.0
13,2,48.538948
13,3,60.106583
13,4,67.228485
13,5,71.70862
13,6,74.528786
13,7,76.20596
13,8,76.98777
13,9,76.939224
14,0,0.0
14,1,49.63301
14,10,87.56961
14,11,86.15039
14,12,83.31142
14,13,77.496
14,14,64.3341
14,15,30.0
14,2,69.025085
14,3,77.93431
14,4,82.614334
14,5,85.30588
14,6,86.91425
14,7,87.83791
14,8,88.24828
14,9,88.184975
15,0,0.0
15,1,100.0
15,10,100.0
15,11,100.0
15,12,100.0
15,13,100.0
15,14,100.0
15,15,30.0
15,2,100.0
15,3,100.0
15,4,100.0
15,5,100.0
15,6,100.0
15,7,100.0
15,8,100.0
15,9,100.0
2,0,0.0
2,1,1.2735854
2,10,10.029404
2,11,11.289097
2,12,13.194952
2,13,16.32124
2,14,21.608257
2,15,30.0
2,2,2.5136542
2,3,3.6906488
2,4,4.782829
2,5,5.778632
2,6,6.679609
2,7,7.5025425
2,8,8.284354
2,9,9.090055
3,0,0.0
3,1,1.9497044
3,10,14.606067
3,11,16.02664
3,12,17.967117
3,13,20.769081
3,14,24.782015
3,15,30.0
3,2,3.8442988
3,3,5.635494
3,4,7.286905
3,5,8.778571
3,6,10.108717
3,7,11.296782
3,8,12.386093
3,9,13.4506855
4,0,0.0
4,1,2.6790285
4,10,18.920527
4,11,20.248028
4,12,21.881268
4,13,24.008839
4,14,26.752232
4,15,30.0
4,2,5.2751446
4,3,7.7156076
4,4,9.946347
4,5,11.935702
4,6,13.677056
4,7,15.188204
4,8,16.512861
4,9,17.7224
5,0,0.0
5,1,3.490068
5,10,23.11379
5,11,24.171776
5,12,25.308594
5,13,26.638203
5,14,28.221102
5,15,30.0
5,2,6.8592076
5,3,10.00308
5,4,12.844726
5,5,15.340075
5,6,17.476225
5,7,19.269224
5,8,20.759884
5,9,22.012466
6,0,0.0
6,1,4.4218454
6,10,27.365606
6,11,28.03157
6,12,28.555569
6,13,29.023655
6,14,29.498787
6,15,30.0
6,2,8.668905
6,3,12.593515
6,4,16.092228
6,5,19.108162
6,6,21.62622
6,7,23.662775
6,8,25.257853
6,9,26.468517
7,0,0.0
7,1,5.530203
7,10,31.872963
7,11,32.055588
7,12,31.877537
7,13,31.415514
7,14,30.75762
7,15,30.0
7,2,10.804489
7,3,15.616222
7,4,19.831354
7,5,23.387
7,6,26.273842
7,7,28.517694
7,8,30.162823
7,9,31.262234
8,0,0.0
8,1,6.8981104
8,10,36.84183
8,11,36.47112
8,12,35.508583
8,13,34.021553
8,14,32.12553
8,15,30.0
8,2,13.410527
8,3,19.247263
8,4,24.246883
8,5,28.355867
8,6,31.590769
8,7,34.001457
8,8,35.64659
8,9,36.57916
9,0,0.0
9,1,8.657594
9,10,42.486412
9,11,41.516056
9,12,39.695465
9,13,37.058483
9,14,33.734535
9,15,30.0
9,2,16.703728
9,3,23.73341
9,4,29.576712
9,5,34.228966
9,6,37.767204
9,7,40.290745
9,8,41.885822
9,9,42.609497
