0,0,0.0
0,1,0.0
0,10,0.0
0,11,0.0
0,12,0.0
0,13,0.0
0,14,0.0
0,15,30.0
0,2,0.0
0,3,0.0
0,4,0.0
0,5,0.0
0,6,0.0
0,7,0.0
0,8,0.0
0,9,0.0
1,0,0.0
1,1,0.7640775
1,10,5.436323
1,11,6.1446924
1,12,7.3779078
1,13,9.827233
1,14,15.386162
1,15,30.0
1,2,1.5007652
1,3,2.185439
1,4,2.8018394
1,5,3.340567
1,6,3.8050475
1,7,4.2081227
1,8,4.578287
1,9,4.9615755
10,0,0.0
10,1,10.779255
10,10,46.89496
10,11,45.530132
10,12,43.151882
10,13,39.681202
10,14,35.182003
10,15,30.0
10,2,20.502146
10,3,28.613598
10,4,35.00552
10,5,39.81934
10,6,43.273197
10,7,45.58111
10,8,46.904465
10,9,47.33529
11,0,0.0
11,1,14.161417
11,10,54.497917
11,11,52.636425
11,12,49.4177
11,13,44.566097
11,14,37.952576
11,15,30.0
11,2,26.34735
11,3,35.911255
11,4,43.02339
11,5,48.1131
11,6,51.60909
11,7,53.840454
11,8,55.020855
11,9,55.247818
12,0,0.0
12,1,19.577354
12,10,63.670612
12,11,61.503487
12,12,57.65401
12,13,51.446686
12,14,42.186543
12,15,30.0
12,2,34.929764
12,3,45.843834
12,4,53.309303
12,5,58.317543
12,6,61.586624
12,7,63.579193
12,8,64.5549
12,9,64.60617
13,0,0.0
13,1,29.276062
13,10,74.48642
13,11,72.42665
13,12,68.54686
13,13,61.59601
13,14,49.456127
13,15,30.0
13,2,48.07064
13,3,59.403923
13,4,66.29779
13,5,70.56458
13,6,73.20062
13,7,74.73824
13,8,75.440926
13,9,75.38825
14,0,0.0
14,1,49.50436
14,10,86.778824
14,11,85.448555
14,12,82.74186
14,13,77.09411
14,14,64.12644
14,15,30.0
14,2,68.76764
14,3,77.54939
14,4,82.1057
14,5,84.68307
14,6,86.19344
14,7,87.0438
14,8,87.41396
14,9,87.34997
15,0,0.0
15,1,100.0
15,10,100.0
15,11,100.0
15,12,100.0
15,13,100.0
15,14,100.0
15,15,30.0
15,2,100.0
15,3,100.0
15,4,100.0
15,5,100.0
15,6,100.0
15,7,100.0
15,8,100.0
15,9,100.0
2,0,0.0
2,1,1.5211704
2,10,10.556237
2,11,11.697479
2,12,13.490458
2,13,16.511457
2,14,21.701235
2,15,30.0
2,2,2.98609
2,3,4.347521
2,4,5.5686193
2,5,6.6343927
2,6,7.5455656
2,7,8.328886
2,8,9.031567
2,9,9.733203
3,0,0.0
3,1,2.2691278
3,10,15.209658
3,11,16.482
3,12,18.286762
3,13,20.970238
3,14,24.878315
3,15,30.0
3,2,4.4533134
3,3,6.4765863
3,4,8.287815
3,5,9.856586
3,6,11.187712
3,7,12.309578
3,8,13.285282
3,9,14.207267
4,0,0.0
4,1,3.0185728
4,10,19.415878
4,11,20.592987
4,12,22.103756
4,13,24.13657
4,14,26.80973
4,15,30.0
4,2,5.917819
4,3,8.597308
4,4,10.979956
4,5,13.031052
4,6,14.745683
4,7,16.161236
4,8,17.341648
4,9,18.38441
5,0,0.0
5,1,3.7934012
5,10,23.309566
5,11,24.247387
5,12,25.30832
5,13,26.608389
5,14,28.196148
5,15,30.0
5,2,7.429331
5,3,10.770031
5,4,13.722769
5,5,16.233948
5,6,18.303854
5,7,19.965183
5,8,21.288534
5,9,22.365955
6,0,0.0
6,1,4.640441
6,10,27.104214
6,11,27.704147
6,12,28.2319
6,13,28.765781
6,14,29.356958
6,15,30.0
6,2,9.069265
6,3,13.112225
6,4,16.645123
6,5,19.61341
6,6,22.01027
6,7,23.879879
6,8,25.290825
6,9,26.33266
7,0,0.0
7,1,5.6282225
7,10,31.058754
7,11,31.25044
7,12,31.17107
7,13,30.892448
7,14,30.478926
7,15,30.0
7,2,10.969643
7,3,15.790186
7,4,19.946676
7,5,23.373974
7,6,26.08326
7,7,28.124569
7,8,29.57748
7,9,30.527897
8,0,0.0
8,1,6.8621025
8,10,35.46992
8,11,35.185143
8,12,34.423412
8,13,33.23472
8,14,31.712805
8,15,30.0
8,2,13.311912
8,3,19.042532
8,4,23.881378
8,5,27.785145
8,6,30.7864
8,7,32.967606
8,8,34.420513
8,9,35.23104
9,0,0.0
9,1,8.495535
9,10,40.64455
9,11,39.833237
9,12,38.29708
9,13,36.0579
9,14,33.21205
9,15,30.0
9,2,16.36139
9,3,23.177406
9,4,28.774216
9,5,33.153748
9,6,36.418236
9,7,38.695347
9,8,40.106293
9,9,40.74063
