0,0,0.0
0,1,0.0
0,10,0.0
0,11,0.0
0,12,0.0
0,13,0.0
0,14,0.0
0,15,30.0
0,2,0.0
0,3,0.0
0,4,0.0
0,5,0.0
0,6,0.0
0,7,0.0
0,8,0.0
0,9,0.0
1,0,0.0
1,1,0.63563156
1,10,5.176317
1,11,5.9454
1,12,7.235668
1,13,9.736457
1,14,15.342234
1,15,30.0
1,2,1.255488
1,3,1.8456738
1,4,2.395877
1,5,2.9008422
1,6,3.3618026
1,7,3.7883263
1,8,4.201523
1,9,4.640478
10,0,0.0
10,1,11.119737
10,10,49.44783
10,11,47.82334
10,12,45.02997
10,13,41.01487
10,14,35.873714
10,15,30.0
10,2,21.19397
10,3,29.670803
10,4,36.440212
10,5,41.62525
10,6,45.42068
10,7,48.00608
10,8,49.508484
10,9,49.99006
11,0,0.0
11,1,14.54354
11,10,57.062805
11,11,54.923832
11,12,51.284058
11,13,45.885563
11,14,38.63642
11,15,30.0
11,2,27.11589
11,3,37.072384
11,4,44.573997
11,5,50.036087
11,6,53.86097
11,7,56.34925
11,8,57.683952
11,9,57.934788
12,0,0.0
12,1,19.938545
12,10,65.944855
12,11,63.525192
12,12,59.29693
12,13,52.60694
12,14,42.78643
12,15,30.0
12,2,35.65372
12,3,46.92888
12,4,54.7474
12,5,60.08419
12,6,63.63797
12,7,65.8461
12,8,66.94339
12,9,67.00242
13,0,0.0
13,1,29.556938
13,10,76.18907
13,11,73.9352
13,12,69.77156
13,13,62.45887
13,14,49.90238
13,15,30.0
13,2,48.631584
13,3,60.24208
13,4,67.40257
13,5,71.915375
13,6,74.76068
13,7,76.45385
13,8,77.241165
13,9,77.186714
14,0,0.0
14,1,49.65764
14,10,87.689575
14,11,86.25501
14,12,83.395294
14,13,77.554596
14,14,64.36424
14,15,30.0
14,2,69.07362
14,3,78.005295
14,4,82.70549
14,5,85.41411
14,6,87.03557
14,7,87.96753
14,8,88.38073
14,9,88.314255
15,0,0.0
15,1,100.0
15,10,100.0
15,11,100.0
15,12,100.0
15,13,100.0
15,14,100.0
15,15,30.0
15,2,100.0
15,3,100.0
15,4,100.0
15,5,100.0
15,6,100.0
15,7,100.0
15,8,100.0
15,9,100.0
2,0,0.0
2,1,1.287044
2,10,10.119411
2,11,11.369635
2,12,13.260832
2,13,16.367935
2,14,21.632486
2,15,30.0
2,2,2.5406568
2,3,3.7313464
2,4,4.8370104
2,5,5.8457127
2,6,6.7580657
2,7,7.5900087
2,8,8.377312
2,9,9.184099
3,0,0.0
3,1,1.9718982
3,10,14.747641
3,11,16.152935
3,12,18.070116
3,13,20.841988
3,14,24.819784
3,15,30.0
3,2,3.8887694
3,3,5.702074
3,4,7.375145
3,5,8.886976
3,6,10.234791
3,7,11.436378
3,8,12.533669
3,9,13.599239
4,0,0.0
4,1,2.7117949
4,10,19.119041
4,11,20.4244
4,12,22.024757
4,13,24.110146
4,14,26.804678
4,15,30.0
4,2,5.340478
4,3,7.8130817
4,4,10.074572
4,5,12.09232
4,6,13.857811
4,7,15.387119
4,8,16.721819
4,9,17.931623
5,0,0.0
5,1,3.5348222
5,10,23.37258
5,11,24.40094
5,12,25.49442
5,13,26.769207
5,14,28.2888
5,15,30.0
5,2,6.948306
5,3,10.135256
5,4,13.017812
5,5,15.550005
5,6,17.717106
5,7,19.532558
5,8,21.034964
5,9,22.28648
6,0,0.0
6,1,4.479211
6,10,27.683952
6,11,28.312447
6,12,28.78284
6,13,29.183496
6,14,29.581343
6,15,30.0
6,2,8.782714
6,3,12.761886
6,4,16.311497
6,5,19.372875
6,6,21.92815
6,7,23.991158
6,8,25.599102
6,9,26.806864
7,0,0.0
7,1,5.5993347
7,10,32.24401
7,11,32.38215
7,12,32.141068
7,13,31.600655
7,14,30.853096
7,15,30.0
7,2,10.941497
7,3,15.818151
7,4,20.093504
7,5,23.701952
7,6,26.63158
7,7,28.904938
7,8,30.563538
7,9,31.658035
8,0,0.0
8,1,6.9766536
8,10,37.252026
8,11,36.831146
8,12,35.798706
8,13,34.225
8,14,32.230415
8,15,30.0
8,2,13.565845
8,3,19.475786
8,4,24.54251
8,5,28.709969
8,6,31.991386
8,7,34.433605
8,8,36.0922
8,9,37.017845
9,0,0.0
9,1,8.741464
9,10,42.9152
9,11,41.891823
9,12,39.997673
9,13,37.27027
9,14,33.843594
9,15,30.0
9,2,16.869486
9,3,23.97672
9,4,29.89087
9,5,34.604126
9,6,38.19052
9,7,40.74601
9,8,42.35395
9,9,43.069237
