0,0,0.0
0,1,0.0
0,2,0.0
0,3,0.0
0,4,0.0
0,5,0.0
0,6,0.0
0,7,30.0
1,0,0.0
1,1,2.9709878
1,2,5.598179
1,3,7.746271
1,4,9.598717
1,5,11.871235
1,6,16.599697
1,7,30.0
2,0,0.0
2,1,6.2858295
2,2,11.675559
2,3,15.788315
2,4,18.777489
2,5,21.286627
2,6,24.52761
2,7,30.0
3,0,0.0
3,1,10.496872
3,2,19.030094
3,3,24.95417
3,4,28.436527
3,5,29.970352
3,6,30.224218
3,7,30.0
4,0,0.0
4,1,16.671692
4,2,28.994007
4,3,36.56203
4,4,40.044388
4,5,39.934265
4,6,36.399036
4,7,30.0
5,0,0.0
5,1,27.196014
5,2,43.71245
5,3,52.255836
5,4,55.24501
5,5,53.323517
5,6,45.43779
5,7,30.0
6,0,0.0
6,1,48.400017
6,2,66.40411
6,3,73.50409
6,4,75.35654
6,5,72.67717
6,6,62.028725
6,7,30.0
7,0,0.0
7,1,100.0
7,2,100.0
7,3,100.0
7,4,100.0
7,5,100.0
7,6,100.0
7,7,30.0
