0,0,0.0
0,1,0.0
0,2,0.0
0,3,0.0
0,4,0.0
0,5,0.0
0,6,0.0
0,7,30.0
1,0,0.0
1,1,2.970955
1,2,5.5981193
1,3,7.7461967
1,4,9.598642
1,5,11.871174
1,6,16.599663
1,7,30.0
2,0,0.0
2,1,6.2857695
2,2,11.675451
2,3,15.788181
2,4,18.777355
2,5,21.286518
2,6,24.52755
2,7,30.0
3,0,0.0
3,1,10.4967985
3,2,19.02996
3,3,24.954004
3,4,28.436361
3,5,29.970219
3,6,30.224144
3,7,30.0
4,0,0.0
4,1,16.671618
4,2,28.993874
4,3,36.56186
4,4,40.04422
4,5,39.934128
4,6,36.398964
4,7,30.0
5,0,0.0
5,1,27.195953
5,2,43.71234
5,3,52.255703
5,4,55.244873
5,5,53.323406
5,6,45.437733
5,7,30.0
6,0,0.0
6,1,48.399986
6,2,66.40405
6,3,73.50401
6,4,75.35646
6,5,72.67711
6,6,62.028694
6,7,30.0
7,0,0.0
7,1,100.0
7,2,100.0
7,3,100.0
7,4,100.0
7,5,100.0
7,6,100.0
7,7,30.0
