0,0,0.0
0,1,0.0
0,10,0.0
0,11,0.0
0,12,0.0
0,13,0.0
0,14,0.0
0,15,30.0
0,2,0.0
0,3,0.0
0,4,0.0
0,5,0.0
0,6,0.0
0,7,0.0
0,8,0.0
0,9,0.0
1,0,0.0
1,1,0.6356646
1,10,5.1764536
1,11,5.9455185
1,12,7.2357607
1,13,9.736521
1,14,15.342267
1,15,30.0
1,2,1.2555524
1,3,1.8457673
1,4,2.3959947
1,5,2.90098
1,6,3.3619533
1,7,3.7884846
1,8,4.2016797
1,9,4.640629
10,0,0.0
10,1,11.119875
10,10,49.448402
10,11,47.823837
10,12,45.03036
10,13,41.015137
10,14,35.87385
10,15,30.0
10,2,21.19424
10,3,29.671196
10,4,36.440704
10,5,41.625828
10,6,45.42131
10,7,48.006737
10,8,49.509148
10,9,49.99069
11,0,0.0
11,1,14.543657
11,10,57.063297
11,11,54.924255
11,12,51.284393
11,13,45.885796
11,14,38.63654
11,15,30.0
11,2,27.116125
11,3,37.07272
11,4,44.574425
11,5,50.03658
11,6,53.86152
11,7,56.349827
11,8,57.68452
11,9,57.93533
12,0,0.0
12,1,19.93864
12,10,65.94525
12,11,63.525528
12,12,59.29719
12,13,52.607124
12,14,42.786522
12,15,30.0
12,2,35.653904
12,3,46.92915
12,4,54.747738
12,5,60.084587
12,6,63.6384
12,7,65.84655
12,8,66.94384
12,9,67.00285
13,0,0.0
13,1,29.557007
13,10,76.18935
13,11,73.93543
13,12,69.77174
13,13,62.458992
13,14,49.902447
13,15,30.0
13,2,48.631718
13,3,60.242264
13,4,67.40281
13,5,71.91565
13,6,74.76098
13,7,76.45416
13,8,77.24147
13,9,77.18701
14,0,0.0
14,1,49.657677
14,10,87.68971
14,11,86.25513
14,12,83.395386
14,13,77.554665
14,14,64.36427
14,15,30.0
14,2,69.0737
14,3,78.00539
14,4,82.705605
14,5,85.414246
14,6,87.03572
14,7,87.96769
14,8,88.38088
14,9,88.3144
15,0,0.0
15,1,100.0
15,10,100.0
15,11,100.0
15,12,100.0
15,13,100.0
15,14,100.0
15,15,30.0
15,2,100.0
15,3,100.0
15,4,100.0
15,5,100.0
15,6,100.0
15,7,100.0
15,8,100.0
15,9,100.0
2,0,0.0
2,1,1.2871084
2,10,10.11968
2,11,11.369864
2,12,13.261013
2,13,16.368061
2,14,21.63255
2,15,30.0
2,2,2.5407832
2,3,3.731529
2,4,4.8372416
2,5,5.845981
2,6,6.758362
2,7,7.5903163
2,8,8.377621
2,9,9.184392
3,0,0.0
3,1,1.9719915
3,10,14.748028
3,11,16.153269
3,12,18.070381
3,13,20.84217
3,14,24.819878
3,15,30.0
3,2,3.8889518
3,3,5.7023387
3,4,7.375478
3,5,8.887365
3,6,10.235217
3,7,11.436825
3,8,12.534113
3,9,13.599667
4,0,0.0
4,1,2.711913
4,10,19.119532
4,11,20.424822
4,12,22.025091
4,13,24.110378
4,14,26.804794
4,15,30.0
4,2,5.340709
4,3,7.813415
4,4,10.074995
4,5,12.092813
4,6,13.858353
4,7,15.387682
4,8,16.722385
4,9,17.93216
5,0,0.0
5,1,3.5349598
5,10,23.37315
5,11,24.401432
5,12,25.494808
5,13,26.769472
5,14,28.288937
5,15,30.0
5,2,6.948576
5,3,10.135645
5,4,13.018305
5,5,15.550577
5,6,17.717733
5,7,19.533215
5,8,21.035618
5,9,22.28711
6,0,0.0
6,1,4.4793625
6,10,27.684574
6,11,28.312984
6,12,28.783264
6,13,29.183792
6,14,29.581493
6,15,30.0
6,2,8.783009
6,3,12.762314
6,4,16.312038
6,5,19.373505
6,6,21.92884
6,7,23.991879
6,8,25.599821
6,9,26.80755
7,0,0.0
7,1,5.599492
7,10,32.244667
7,11,32.382706
7,12,32.14151
7,13,31.60096
7,14,30.853252
7,15,30.0
7,2,10.941807
7,3,15.818598
7,4,20.094069
7,5,23.702614
7,6,26.632301
7,7,28.905693
7,8,30.564293
7,9,31.658754
8,0,0.0
8,1,6.976812
8,10,37.252678
8,11,36.831715
8,12,35.79915
8,13,34.225304
8,14,32.23057
8,15,30.0
8,2,13.566154
8,3,19.476234
8,4,24.543076
8,5,28.710627
8,6,31.99211
8,7,34.43436
8,8,36.092957
8,9,37.018566
9,0,0.0
9,1,8.741615
9,10,42.915833
9,11,41.89236
9,12,39.9981
9,13,37.27057
9,14,33.843746
9,15,30.0
9,2,16.869781
9,3,23.977148
9,4,29.89141
9,5,34.604755
9,6,38.191216
9,7,40.746735
9,8,42.354675
9,9,43.069927
