0,0,0.0
0,1,0.0
0,10,0.0
0,11,0.0
0,12,0.0
0,13,0.0
0,14,0.0
0,15,30.0
0,2,0.0
0,3,0.0
0,4,0.0
0,5,0.0
0,6,0.0
0,7,0.0
0,8,0.0
0,9,0.0
1,0,0.0
1,1,0.6356032
1,10,5.1761985
1,11,5.945298
1,12,7.2355876
1,13,9.736401
1,14,15.342205
1,15,30.0
1,2,1.2554321
1,3,1.8455937
1,4,2.3957748
1,5,2.900724
1,6,3.3616722
1,7,3.7881904
1,8,4.2013865
1,9,4.6403475
10,0,0.0
10,1,11.119619
10,10,49.447334
10,11,47.822918
10,12,45.029633
10,13,41.01464
10,14,35.873596
10,15,30.0
10,2,21.193737
10,3,29.67047
10,4,36.43979
10,5,41.62476
10,6,45.420135
10,7,48.005512
10,8,49.50792
10,9,49.989517
11,0,0.0
11,1,14.543437
11,10,57.062386
11,11,54.92347
11,12,51.28377
11,13,45.88536
11,14,38.636322
11,15,30.0
11,2,27.115696
11,3,37.072094
11,4,44.57364
11,5,50.03566
11,6,53.86051
11,7,56.348763
11,8,57.683468
11,9,57.93432
12,0,0.0
12,1,19.938465
12,10,65.94452
12,11,63.524902
12,12,59.296696
12,13,52.606785
12,14,42.786354
12,15,30.0
12,2,35.65356
12,3,46.928654
12,4,54.74711
12,5,60.083855
12,6,63.637596
12,7,65.84572
12,8,66.943
12,9,67.00205
13,0,0.0
13,1,29.556885
13,10,76.18885
13,11,73.935
13,12,69.77141
13,13,62.45875
13,14,49.90233
13,15,30.0
13,2,48.63148
13,3,60.241917
13,4,67.402374
13,5,71.915146
13,6,74.76042
13,7,76.45358
13,8,77.24089
13,9,77.186455
14,0,0.0
14,1,49.657616
14,10,87.68945
14,11,86.25491
14,12,83.3952
14,13,77.55454
14,14,64.36421
14,15,30.0
14,2,69.07357
14,3,78.00522
14,4,82.70538
14,5,85.41399
14,6,87.03544
14,7,87.9674
14,8,88.38059
14,9,88.31412
15,0,0.0
15,1,100.0
15,10,100.0
15,11,100.0
15,12,100.0
15,13,100.0
15,14,100.0
15,15,30.0
15,2,100.0
15,3,100.0
15,4,100.0
15,5,100.0
15,6,100.0
15,7,100.0
15,8,100.0
15,9,100.0
2,0,0.0
2,1,1.2869881
2,10,10.119179
2,11,11.369436
2,12,13.260674
2,13,16.367826
2,14,21.632431
2,15,30.0
2,2,2.540548
2,3,3.7311885
2,4,4.836812
2,5,5.84548
2,6,6.757811
2,7,7.5897408
2,8,8.377045
2,9,9.183844
3,0,0.0
3,1,1.971818
3,10,14.747306
3,11,16.152645
3,12,18.06989
3,13,20.841833
3,14,24.819702
3,15,30.0
3,2,3.8886118
3,3,5.7018476
3,4,7.3748565
3,5,8.886641
3,6,10.234422
3,7,11.435992
3,8,12.533283
3,9,13.598871
4,0,0.0
4,1,2.7116928
4,10,19.118616
4,11,20.424038
4,12,22.024471
4,13,24.10995
4,14,26.804577
4,15,30.0
4,2,5.3402796
4,3,7.8127933
4,4,10.074209
4,5,12.091898
4,6,13.857346
4,7,15.386632
4,8,16.721333
4,9,17.93116
5,0,0.0
5,1,3.534704
5,10,23.372086
5,11,24.400517
5,12,25.494085
5,13,26.768974
5,14,28.288683
5,15,30.0
5,2,6.948074
5,3,10.134921
5,4,13.017388
5,5,15.549511
5,6,17.716564
5,7,19.53199
5,8,21.034397
5,9,22.285936
6,0,0.0
6,1,4.4790807
6,10,27.683405
6,11,28.311983
6,12,28.78247
6,13,29.183245
6,14,29.581213
6,15,30.0
6,2,8.782458
6,3,12.761518
6,4,16.311033
6,5,19.372334
6,6,21.927555
6,7,23.990536
6,8,25.598476
6,9,26.806267
7,0,0.0
7,1,5.599198
7,10,32.243443
7,11,32.381657
7,12,32.140682
7,13,31.600384
7,14,30.85296
7,15,30.0
7,2,10.941231
7,3,15.817766
7,4,20.093018
7,5,23.701387
7,6,26.630955
7,7,28.904287
7,8,30.562885
7,9,31.65741
8,0,0.0
8,1,6.976517
8,10,37.251457
8,11,36.83066
8,12,35.798317
8,13,34.22473
8,14,32.230278
8,15,30.0
8,2,13.565577
8,3,19.475403
8,4,24.542023
8,5,28.7094
8,6,31.990765
8,7,34.43295
8,8,36.091553
8,9,37.01722
9,0,0.0
9,1,8.741333
9,10,42.914658
9,11,41.891354
9,12,39.997307
9,13,37.27001
9,14,33.843464
9,15,30.0
9,2,16.869232
9,3,23.976349
9,4,29.890406
9,5,34.603584
9,6,38.189926
9,7,40.745388
9,8,42.35333
9,9,43.06864
