0,0,0.0
0,1,0.0
0,10,0.0
0,11,0.0
0,12,0.0
0,13,0.0
0,14,0.0
0,15,30.0
0,2,0.0
0,3,0.0
0,4,0.0
0,5,0.0
0,6,0.0
0,7,0.0
0,8,0.0
0,9,0.0
1,0,0.0
1,1,0.634364
1,10,5.171013
1,11,5.940846
1,12,7.232065
1,13,9.733962
1,14,15.34096
1,15,30.0
1,2,1.2530075
1,3,1.8420883
1,4,2.3913414
1,5,2.8955543
1,6,3.3559918
1,7,3.7822466
1,8,4.195439
1,9,4.634656
10,0,0.0
10,1,11.114376
10,10,49.425396
10,11,47.804085
10,12,45.014732
10,13,41.004322
10,14,35.868324
10,15,30.0
10,2,21.18348
10,3,29.655643
10,4,36.42103
10,5,41.60289
10,6,45.39611
10,7,47.98037
10,8,49.482754
10,9,49.96544
11,0,0.0
11,1,14.538931
11,10,57.043526
11,11,54.907276
11,12,51.270966
11,13,45.876495
11,14,38.631786
11,15,30.0
11,2,27.106878
11,3,37.059345
11,4,44.557518
11,5,50.01686
11,6,53.83985
11,7,56.32715
11,8,57.661842
11,9,57.913624
12,0,0.0
12,1,19.934896
12,10,65.92959
12,11,63.512085
12,12,59.286556
12,13,52.599762
12,14,42.78276
12,15,30.0
12,2,35.646576
12,3,46.918564
12,4,54.734337
12,5,60.06897
12,6,63.62124
12,7,65.82859
12,8,66.92587
12,9,66.98566
13,0,0.0
13,1,29.55441
13,10,76.1785
13,11,73.92612
13,12,69.76437
13,13,62.453888
13,14,49.89984
13,15,30.0
13,2,48.626637
13,3,60.234924
13,4,67.39353
13,5,71.90482
13,6,74.74909
13,7,76.44173
13,8,77.22902
13,9,77.1751
14,0,0.0
14,1,49.65635
14,10,87.68417
14,11,86.25037
14,12,83.39162
14,13,77.552055
14,14,64.362946
14,15,30.0
14,2,69.0711
14,3,78.00164
14,4,82.70086
14,5,85.40871
14,6,87.02964
14,7,87.961334
14,8,88.37452
14,9,88.308304
15,0,0.0
15,1,100.0
15,10,100.0
15,11,100.0
15,12,100.0
15,13,100.0
15,14,100.0
15,15,30.0
15,2,100.0
15,3,100.0
15,4,100.0
15,5,100.0
15,6,100.0
15,7,100.0
15,8,100.0
15,9,100.0
2,0,0.0
2,1,1.2845625
2,10,10.109028
2,11,11.36072
2,12,13.253777
2,13,16.363052
2,14,21.62999
2,15,30.0
2,2,2.5358012
2,3,3.7243273
2,4,4.828132
2,5,5.8353605
2,6,6.746691
2,7,7.578106
2,8,8.365401
2,9,9.172702
3,0,0.0
3,1,1.9683082
3,10,14.732618
3,11,16.140038
3,12,18.059914
3,13,20.834925
3,14,24.816174
3,15,30.0
3,2,3.881745
3,3,5.6919203
3,4,7.362301
3,5,8.872001
3,6,10.218335
3,7,11.419159
3,8,12.516439
3,9,13.582752
4,0,0.0
4,1,2.7072494
4,10,19.10002
4,11,20.408073
4,12,22.011835
4,13,24.101204
4,14,26.800104
4,15,30.0
4,2,5.3315845
4,3,7.8002243
4,4,10.0583105
4,5,12.07336
4,6,13.836975
4,7,15.365317
4,8,16.700005
4,9,17.910748
5,0,0.0
5,1,3.5295162
5,10,23.350376
5,11,24.381876
5,12,25.479338
5,13,26.758762
5,14,28.283464
5,15,30.0
5,2,6.9379234
5,3,10.120247
5,4,12.998827
5,5,15.52787
5,6,17.692783
5,7,19.507107
5,8,21.009495
5,9,22.262112
6,0,0.0
6,1,4.4733725
6,10,27.659515
6,11,28.291473
6,12,28.766241
6,13,29.172009
6,14,29.575466
6,15,30.0
6,2,8.771288
6,3,12.745371
6,4,16.290607
6,5,19.34852
6,6,21.901386
6,7,23.963154
6,8,25.571077
6,9,26.780048
7,0,0.0
7,1,5.5932155
7,10,32.21841
7,11,32.36016
7,12,32.123676
7,13,31.58861
7,14,30.84694
7,15,30.0
7,2,10.929525
7,3,15.800844
7,4,20.071613
7,5,23.67643
7,6,26.603533
7,7,28.875591
7,8,30.534174
7,9,31.629932
8,0,0.0
8,1,6.970522
8,10,37.226364
8,11,36.809124
8,12,35.781273
8,13,34.212936
8,14,32.224247
8,15,30.0
8,2,13.553846
8,3,19.458443
8,4,24.52057
8,5,28.68439
8,6,31.963282
8,7,34.404198
8,8,36.062775
8,9,36.989685
9,0,0.0
9,1,8.735587
9,10,42.890614
9,11,41.87071
9,12,39.980972
9,13,37.25871
9,14,33.837685
9,15,30.0
9,2,16.85799
9,3,23.960098
9,4,29.869846
9,5,34.579617
9,6,38.16359
9,7,40.717827
9,8,42.325756
9,9,43.04225
