0,0,0.0
0,1,0.0
0,10,0.0
0,11,0.0
0,12,0.0
0,13,0.0
0,14,0.0
0,15,30.0
0,2,0.0
0,3,0.0
0,4,0.0
0,5,0.0
0,6,0.0
0,7,0.0
0,8,0.0
0,9,0.0
1,0,0.0
1,1,0.635633
1,10,5.1763225
1,11,5.945405
1,12,7.235672
1,13,9.73646
1,14,15.342236
1,15,30.0
1,2,1.2554905
1,3,1.8456779
1,4,2.3958817
1,5,2.900848
1,6,3.3618085
1,7,3.7883334
1,8,4.201529
1,9,4.640485
10,0,0.0
10,1,11.119743
10,10,49.447853
10,11,47.823364
10,12,45.029984
10,13,41.014877
10,14,35.87372
10,15,30.0
10,2,21.19398
10,3,29.670822
10,4,36.44023
10,5,41.62528
10,6,45.420708
10,7,48.006107
10,8,49.508514
10,9,49.99008
11,0,0.0
11,1,14.543543
11,10,57.062824
11,11,54.923847
11,12,51.284073
11,13,45.885574
11,14,38.63643
11,15,30.0
11,2,27.115904
11,3,37.072395
11,4,44.57402
11,5,50.036102
11,6,53.861
11,7,56.349274
11,8,57.68398
11,9,57.934807
12,0,0.0
12,1,19.938549
12,10,65.94487
12,11,63.525208
12,12,59.29694
12,13,52.60695
12,14,42.786438
12,15,30.0
12,2,35.653725
12,3,46.928894
12,4,54.747414
12,5,60.08421
12,6,63.637985
12,7,65.846115
12,8,66.943405
12,9,67.00243
13,0,0.0
13,1,29.556942
13,10,76.18909
13,11,73.93521
13,12,69.771576
13,13,62.45887
13,14,49.902386
13,15,30.0
13,2,48.63159
13,3,60.24208
13,4,67.40259
13,5,71.91539
13,6,74.76069
13,7,76.45387
13,8,77.24117
13,9,77.18673
14,0,0.0
14,1,49.65764
14,10,87.68958
14,11,86.25502
14,12,83.395294
14,13,77.5546
14,14,64.36424
14,15,30.0
14,2,69.07363
14,3,78.005295
14,4,82.70549
14,5,85.41411
14,6,87.03558
14,7,87.967545
14,8,88.38074
14,9,88.314255
15,0,0.0
15,1,100.0
15,10,100.0
15,11,100.0
15,12,100.0
15,13,100.0
15,14,100.0
15,15,30.0
15,2,100.0
15,3,100.0
15,4,100.0
15,5,100.0
15,6,100.0
15,7,100.0
15,8,100.0
15,9,100.0
2,0,0.0
2,1,1.2870467
2,10,10.119423
2,11,11.369644
2,12,13.260838
2,13,16.36794
2,14,21.632488
2,15,30.0
2,2,2.540662
2,3,3.7313538
2,4,4.83702
2,5,5.845724
2,6,6.7580786
2,7,7.59002
2,8,8.377325
2,9,9.184111
3,0,0.0
3,1,1.9719021
3,10,14.747657
3,11,16.152948
3,12,18.070127
3,13,20.841995
3,14,24.819788
3,15,30.0
3,2,3.8887768
3,3,5.7020855
3,4,7.375158
3,5,8.8869915
3,6,10.234807
3,7,11.436397
3,8,12.533688
3,9,13.599258
4,0,0.0
4,1,2.7117996
4,10,19.11906
4,11,20.42442
4,12,22.02477
4,13,24.110157
4,14,26.804682
4,15,30.0
4,2,5.340488
4,3,7.8130946
4,4,10.07459
4,5,12.09234
4,6,13.857834
4,7,15.387141
4,8,16.721844
4,9,17.931644
5,0,0.0
5,1,3.534828
5,10,23.372602
5,11,24.40096
5,12,25.494438
5,13,26.769215
5,14,28.288807
5,15,30.0
5,2,6.9483175
5,3,10.135272
5,4,13.017832
5,5,15.550028
5,6,17.717133
5,7,19.532585
5,8,21.034988
5,9,22.286509
6,0,0.0
6,1,4.4792175
6,10,27.683975
6,11,28.31247
6,12,28.782856
6,13,29.18351
6,14,29.581347
6,15,30.0
6,2,8.782725
6,3,12.761906
6,4,16.31152
6,5,19.3729
6,6,21.92818
6,7,23.991188
6,8,25.59913
6,9,26.806892
7,0,0.0
7,1,5.5993404
7,10,32.24404
7,11,32.382168
7,12,32.141087
7,13,31.600664
7,14,30.853104
7,15,30.0
7,2,10.941511
7,3,15.818169
7,4,20.093527
7,5,23.701982
7,6,26.631607
7,7,28.904972
7,8,30.563568
7,9,31.658064
8,0,0.0
8,1,6.9766607
8,10,37.252052
8,11,36.831177
8,12,35.79872
8,13,34.225014
8,14,32.230423
8,15,30.0
8,2,13.565856
8,3,19.475807
8,4,24.542532
8,5,28.709993
8,6,31.991419
8,7,34.43363
8,8,36.09223
8,9,37.017876
9,0,0.0
9,1,8.741469
9,10,42.91523
9,11,41.891838
9,12,39.997692
9,13,37.270283
9,14,33.843597
9,15,30.0
9,2,16.8695
9,3,23.976738
9,4,29.890894
9,5,34.604153
9,6,38.19055
9,7,40.74604
9,8,42.35398
9,9,43.069267
