0,0,0.0
0,1,0.0
0,10,0.0
0,11,0.0
0,12,0.0
0,13,0.0
0,14,0.0
0,15,30.0
0,2,0.0
0,3,0.0
0,4,0.0
0,5,0.0
0,6,0.0
0,7,0.0
0,8,0.0
0,9,0.0
1,0,0.0
1,1,0.6356872
1,10,5.1765485
1,11,5.9455986
1,12,7.235825
1,13,9.736565
1,14,15.342289
1,15,30.0
1,2,1.2555965
1,3,1.845831
1,4,2.3960755
1,5,2.901074
1,6,3.362057
1,7,3.7885928
1,8,4.201789
1,9,4.6407323
10,0,0.0
10,1,11.119968
10,10,49.44879
10,11,47.824165
10,12,45.030624
10,13,41.01532
10,14,35.873947
10,15,30.0
10,2,21.194424
10,3,29.671461
10,4,36.44104
10,5,41.62622
10,6,45.42174
10,7,48.007187
10,8,49.509594
10,9,49.991116
11,0,0.0
11,1,14.543739
11,10,57.063625
11,11,54.924534
11,12,51.284615
11,13,45.88595
11,14,38.63662
11,15,30.0
11,2,27.116283
11,3,37.072945
11,4,44.574715
11,5,50.03691
11,6,53.861877
11,7,56.350204
11,8,57.684906
11,9,57.935696
12,0,0.0
12,1,19.938705
12,10,65.9455
12,11,63.52574
12,12,59.297367
12,13,52.607246
12,14,42.78659
12,15,30.0
12,2,35.65403
12,3,46.92933
12,4,54.747963
12,5,60.084843
12,6,63.638687
12,7,65.84685
12,8,66.94414
12,9,67.00313
13,0,0.0
13,1,29.557053
13,10,76.18952
13,11,73.935585
13,12,69.771866
13,13,62.459076
13,14,49.90249
13,15,30.0
13,2,48.6318
13,3,60.242386
13,4,67.40296
13,5,71.915825
13,6,74.76118
13,7,76.45438
13,8,77.24167
13,9,77.18721
14,0,0.0
14,1,49.657696
14,10,87.689804
14,11,86.2552
14,12,83.39545
14,13,77.5547
14,14,64.364296
14,15,30.0
14,2,69.07374
14,3,78.005455
14,4,82.70569
14,5,85.41434
14,6,87.03583
14,7,87.9678
14,8,88.38099
14,9,88.3145
15,0,0.0
15,1,100.0
15,10,100.0
15,11,100.0
15,12,100.0
15,13,100.0
15,14,100.0
15,15,30.0
15,2,100.0
15,3,100.0
15,4,100.0
15,5,100.0
15,6,100.0
15,7,100.0
15,8,100.0
15,9,100.0
2,0,0.0
2,1,1.2871526
2,10,10.119864
2,11,11.370024
2,12,13.261139
2,13,16.368147
2,14,21.632595
2,15,30.0
2,2,2.5408695
2,3,3.7316537
2,4,4.837399
2,5,5.846166
2,6,6.758564
2,7,7.590528
2,8,8.377831
2,9,9.184595
3,0,0.0
3,1,1.9720554
3,10,14.748295
3,11,16.153496
3,12,18.07056
3,13,20.842297
3,14,24.81994
3,15,30.0
3,2,3.8890767
3,3,5.702519
3,4,7.3757067
3,5,8.88763
3,6,10.23551
3,7,11.43713
3,8,12.53442
3,9,13.599958
4,0,0.0
4,1,2.7119937
4,10,19.11987
4,11,20.425112
4,12,22.025318
4,13,24.110535
4,14,26.804876
4,15,30.0
4,2,5.340867
4,3,7.8136435
4,4,10.075283
4,5,12.093149
4,6,13.858721
4,7,15.38807
4,8,16.72277
4,9,17.932531
5,0,0.0
5,1,3.535054
5,10,23.373545
5,11,24.401768
5,12,25.495075
5,13,26.769657
5,14,28.289032
5,15,30.0
5,2,6.948759
5,3,10.13591
5,4,13.0186405
5,5,15.55097
5,6,17.718166
5,7,19.533667
5,8,21.036072
5,9,22.28754
6,0,0.0
6,1,4.4794655
6,10,27.685007
6,11,28.313354
6,12,28.783558
6,13,29.183994
6,14,29.581596
6,15,30.0
6,2,8.783211
6,3,12.762606
6,4,16.312407
6,5,19.373936
6,6,21.929314
6,7,23.992374
6,8,25.600315
6,9,26.808027
7,0,0.0
7,1,5.5996
7,10,32.24512
7,11,32.383095
7,12,32.14182
7,13,31.601173
7,14,30.85336
7,15,30.0
7,2,10.942018
7,3,15.818902
7,4,20.094456
7,5,23.70306
7,6,26.632793
7,7,28.906212
7,8,30.564812
7,9,31.659252
8,0,0.0
8,1,6.976919
8,10,37.25313
8,11,36.832104
8,12,35.799454
8,13,34.225517
8,14,32.230682
8,15,30.0
8,2,13.566363
8,3,19.47654
8,4,24.543459
8,5,28.711079
8,6,31.992607
8,7,34.434875
8,8,36.09348
8,9,37.019066
9,0,0.0
9,1,8.741717
9,10,42.91626
9,11,41.89273
9,12,39.99839
9,13,37.270767
9,14,33.84385
9,15,30.0
9,2,16.869986
9,3,23.977438
9,4,29.89178
9,5,34.605186
9,6,38.19169
9,7,40.74723
9,8,42.35517
9,9,43.0704
