0,0,0.0
0,1,0.0
0,10,0.0
0,11,0.0
0,12,0.0
0,13,0.0
0,14,0.0
0,15,30.0
0,2,0.0
0,3,0.0
0,4,0.0
0,5,0.0
0,6,0.0
0,7,0.0
0,8,0.0
0,9,0.0
1,0,0.0
1,1,1.0571653
1,10,6.117431
1,11,6.6999784
1,12,7.8000565
1,13,10.111879
1,14,15.529303
1,15,30.0
1,2,2.0587437
1,3,2.955368
1,4,3.719154
1,5,4.334873
1,6,4.8143773
1,7,5.1800804
1,8,5.47569
1,9,5.7588887
10,0,0.0
10,1,10.505121
10,10,43.66565
10,11,42.608437
10,12,40.750565
10,13,37.972317
10,14,34.295246
10,15,30.0
10,2,19.909428
10,3,27.633133
10,4,33.56205
10,5,37.86963
10,6,40.820038
10,7,42.693073
10,8,43.711517
10,9,44.016663
11,0,0.0
11,1,13.7545395
11,10,51.016083
11,11,49.518806
11,12,46.86773
11,13,42.761944
11,14,37.016808
11,15,30.0
11,2,25.505758
11,3,34.587982
11,4,41.18051
11,5,45.7362
11,6,48.734344
11,7,50.557262
11,8,51.473797
11,9,51.62706
12,0,0.0
12,1,19.139563
12,10,60.434334
12,11,58.617786
12,12,55.305973
12,13,49.786747
12,14,41.328312
12,15,30.0
12,2,34.036076
12,3,44.470932
12,4,51.438465
12,5,55.959435
12,6,58.787567
12,7,60.43335
12,8,61.199932
12,9,61.212845
13,0,0.0
13,1,28.910593
13,10,71.98669
13,11,70.20736
13,12,66.74251
13,13,60.324387
13,14,48.79804
13,15,30.0
13,2,47.33146
13,3,58.278294
13,4,64.783615
13,5,68.67624
13,6,70.98329
13,7,72.26786
13,8,72.82445
13,9,72.75831
14,0,0.0
14,1,49.297626
14,10,85.41785
14,11,84.240875
14,12,81.76256
14,13,76.40336
14,14,63.76976
14,15,30.0
14,2,68.35022
14,3,76.91788
14,4,81.260056
14,5,83.635284
14,6,84.96905
14,7,85.68593
14,8,85.98154
14,9,85.91356
15,0,0.0
15,1,100.0
15,10,100.0
15,11,100.0
15,12,100.0
15,13,100.0
15,14,100.0
15,15,30.0
15,2,100.0
15,3,100.0
15,4,100.0
15,5,100.0
15,6,100.0
15,7,100.0
15,8,100.0
15,9,100.0
2,0,0.0
2,1,2.0668097
2,10,11.77705
2,11,12.686739
2,12,14.240281
2,13,17.01461
2,14,21.954252
2,15,30.0
2,2,4.021679
2,3,5.7760663
2,4,7.2629976
2,5,8.466605
2,6,9.394921
2,7,10.101761
2,8,10.658344
2,9,11.169941
3,0,0.0
3,1,2.9905992
3,10,16.709553
3,11,17.685284
3,12,19.18915
3,13,21.572697
3,14,25.17935
3,15,30.0
3,2,5.822029
3,3,8.354101
3,4,10.505963
3,5,12.234651
3,6,13.569368
3,7,14.567271
3,8,15.333855
3,9,15.994642
4,0,0.0
4,1,3.8184562
4,10,20.861477
4,11,21.724491
4,12,22.936666
4,13,24.682808
4,14,27.080727
4,15,30.0
4,2,7.4266195
4,3,10.656916
4,4,13.386193
4,5,15.581591
4,6,17.256466
4,7,18.497507
4,8,19.414036
4,9,20.149189
5,0,0.0
5,1,4.563261
5,10,24.345572
5,11,25.00882
5,12,25.834229
5,13,26.937506
5,14,28.353386
5,15,30.0
5,2,8.874615
5,3,12.716792
5,4,15.962437
5,5,18.549545
5,6,20.51681
5,7,21.943636
5,8,22.962086
5,9,23.713432
6,0,0.0
6,1,5.2823424
6,10,27.418386
6,11,27.828354
6,12,28.245537
6,13,28.733437
6,14,29.328745
6,15,30.0
6,2,10.256925
6,3,14.6800785
6,4,18.38499
6,5,21.327417
6,6,23.53263
6,7,25.108965
6,8,26.185844
6,9,26.909388
7,0,0.0
7,1,6.0634623
7,10,30.431034
7,11,30.557812
7,12,30.528854
7,13,30.40414
7,14,30.215216
7,15,30.0
7,2,11.754309
7,3,16.76903
7,4,20.939886
7,5,24.206203
7,6,26.628908
7,7,28.317677
7,8,29.422447
7,9,30.086689
8,0,0.0
8,1,7.0488267
8,10,33.825855
8,11,33.61291
8,12,33.08413
8,13,32.259426
8,14,31.20058
8,15,30.0
8,2,13.6095915
8,3,19.324306
8,4,23.994978
8,5,27.601025
8,6,30.218508
8,7,32.00025
8,8,33.105022
8,9,33.67629
9,0,0.0
9,1,8.430713
9,10,38.073795
9,11,37.470757
9,12,36.329784
9,13,34.65016
9,14,32.477116
9,15,30.0
9,2,16.173655
9,3,22.764322
9,4,28.027397
9,5,31.982824
9,6,34.788483
9,7,36.63491
9,8,37.711784
9,9,38.165237
