0,0,0.0
0,1,0.0
0,2,0.0
0,3,0.0
0,4,0.0
0,5,0.0
0,6,0.0
0,7,30.0
1,0,0.0
1,1,2.958824
1,2,5.5762267
1,3,7.718815
1,4,9.571179
1,5,11.849092
1,6,16.587383
1,7,30.0
2,0,0.0
2,1,6.2637806
2,2,11.635739
2,3,15.738536
2,4,18.727554
2,5,21.246468
2,6,24.505287
2,7,30.0
3,0,0.0
3,1,10.469116
3,2,18.980003
3,3,24.891525
3,4,28.373695
3,5,29.919834
3,6,30.196125
3,7,30.0
4,0,0.0
4,1,16.643665
4,2,28.943401
4,3,36.49876
4,4,39.980934
4,5,39.883232
4,6,36.370674
4,7,30.0
5,0,0.0
5,1,27.173332
5,2,43.67151
5,3,52.204647
5,4,55.193665
5,5,53.282234
5,6,45.41484
5,7,30.0
6,0,0.0
6,1,48.387352
6,2,66.381256
6,3,73.4755
6,4,75.32787
6,5,72.65411
6,6,62.015915
6,7,30.0
7,0,0.0
7,1,100.0
7,2,100.0
7,3,100.0
7,4,100.0
7,5,100.0
7,6,100.0
7,7,30.0
