0,0,0.0
0,1,0.0
0,10,0.0
0,11,0.0
0,12,0.0
0,13,0.0
0,14,0.0
0,15,0.0
0,16,0.0
0,17,0.0
0,18,0.0
0,19,0.0
0,2,0.0
0,20,0.0
0,21,0.0
0,22,0.0
0,23,0.0
0,24,0.0
0,25,0.0
0,26,0.0
0,27,0.0
0,28,0.0
0,29,30.0
0,3,0.0
0,4,0.0
0,5,0.0
0,6,0.0
0,7,0.0
0,8,0.0
0,9,0.0
1,0,0.0
1,1,0.85830957
1,10,4.924054
1,11,4.994647
1,12,5.0375457
1,13,5.062167
1,14,5.0759897
1,15,5.083732
1,16,5.088842
1,17,5.0940065
1,18,5.101857
1,19,5.1165333
1,2,1.6793015
1,20,5.1440697
1,21,5.1961727
1,22,5.291789
1,23,5.4671946
1,24,5.787011
1,25,6.3822403
1,26,7.532235
1,27,9.919502
1,28,15.429155
1,29,30.0
1,3,2.4289026
1,4,3.0848036
1,5,3.6313882
1,6,4.068655
1,7,4.4009786
1,8,4.6438313
1,9,4.811961
10,0,0.0
10,1,4.9240437
10,10,28.139492
10,11,28.536228
10,12,28.774288
10,13,28.91066
10,14,28.984951
10,15,29.023727
10,16,29.043417
10,17,29.053839
10,18,29.061047
10,19,29.068716
10,2,9.62924
10,20,29.08054
10,21,29.0995
10,22,29.130636
10,23,29.178022
10,24,29.24825
10,25,29.344858
10,26,29.472004
10,27,29.627668
10,28,29.807312
10,29,30.0
10,3,13.926933
10,4,17.675983
10,5,20.802574
10,6,23.29108
10,7,25.184488
10,8,26.558138
10,9,27.510542
11,0,0.0
11,1,4.9946156
11,10,28.536217
11,11,28.937641
11,12,29.178822
11,13,29.316666
11,14,29.391808
11,15,29.430845
11,16,29.450396
11,17,29.460302
11,18,29.466122
11,19,29.471462
11,2,9.767864
11,20,29.478535
11,21,29.490028
11,22,29.507973
11,23,29.535915
11,24,29.57605
11,25,29.631813
11,26,29.70365
11,27,29.791756
11,28,29.892252
11,29,30.0
11,3,14.126047
11,4,17.929333
11,5,21.098734
11,6,23.622923
11,7,25.541306
11,8,26.934292
11,9,27.898666
12,0,0.0
12,1,5.037463
12,10,28.774254
12,11,29.178804
12,12,29.42154
12,13,29.560377
12,14,29.63593
12,15,29.675121
12,16,29.694595
12,17,29.704082
12,18,29.709145
12,19,29.712784
12,2,9.851038
12,20,29.717129
12,21,29.723473
12,22,29.73366
12,23,29.74886
12,24,29.771175
12,25,29.801355
12,26,29.840628
12,27,29.888008
12,28,29.942213
12,29,30.0
12,3,14.246768
12,4,18.081339
12,5,21.27786
12,6,23.82203
12,7,25.756527
12,8,27.159985
12,9,28.132214
13,0,0.0
13,1,5.061947
13,10,28.910564
13,11,29.31661
13,12,29.560354
13,13,29.699646
13,14,29.775455
13,15,29.814718
13,16,29.83412
13,17,29.843403
13,18,29.847927
13,19,29.850681
13,2,9.899163
13,20,29.85321
13,21,29.856762
13,22,29.862034
13,23,29.870161
13,24,29.881664
13,25,29.897552
13,26,29.91776
13,27,29.942385
13,28,29.970232
13,29,30.0
13,3,14.31575
13,4,18.169096
13,5,21.380215
13,6,23.936634
13,7,25.879507
13,8,27.289515
13,9,28.26567
14,0,0.0
14,1,5.0754557
14,10,28.9847
14,11,29.391668
14,12,29.635853
14,13,29.775425
14,14,29.851345
14,15,29.890644
14,16,29.910011
14,17,29.919151
14,18,29.923424
14,19,29.925606
14,2,9.925335
14,20,29.92724
14,21,29.929077
14,22,29.931818
14,23,29.935795
14,24,29.941612
14,25,29.949398
14,26,29.959496
14,27,29.971577
14,28,29.98536
14,29,30.0
14,3,14.3537445
14,4,18.216822
14,5,21.436422
14,6,23.998959
14,7,25.946812
14,8,27.359957
14,9,28.338495
15,0,0.0
15,1,5.0824428
15,10,29.023138
15,11,29.430492
15,12,29.674938
15,13,29.814623
15,14,29.890606
15,15,29.929918
15,16,29.949265
15,17,29.958347
15,18,29.96246
15,19,29.964386
15,2,9.939077
15,20,29.96548
15,21,29.966513
15,22,29.967812
15,23,29.969753
15,24,29.972454
15,25,29.97619
15,26,29.9809
15,27,29.986639
15,28,29.993097
15,29,30.0
15,3,14.373394
15,4,18.241814
15,5,21.465492
15,6,24.031477
15,7,25.98162
15,8,27.39658
15,9,28.376163
16,0,0.0
16,1,5.085937
16,10,29.04203
16,11,29.449604
16,12,29.694149
16,13,29.833902
16,14,29.909904
16,15,29.949224
16,16,29.968563
16,17,29.977606
16,18,29.981657
16,19,29.983433
16,2,9.94583
16,20,29.984304
16,21,29.984879
16,22,29.985535
16,23,29.986395
16,24,29.98764
16,25,29.98929
16,26,29.991436
16,27,29.99399
16,28,29.996906
16,29,30.0
16,3,14.383201
16,4,18.254095
16,5,21.479946
16,6,24.047457
16,7,25.998857
16,8,27.414577
16,9,28.394749
17,0,0.0
17,1,5.0875664
17,10,29.050873
17,11,29.458525
17,12,29.703127
17,13,29.842896
17,14,29.918917
17,15,29.958237
17,16,29.977568
17,17,29.986599
17,18,29.990612
17,19,29.992336
17,2,9.94904
17,20,29.993074
17,21,29.993475
17,22,29.99379
17,23,29.994186
17,24,29.994707
17,25,29.995428
17,26,29.99633
17,27,29.997435
17,28,29.998672
17,29,30.0
17,3,14.387775
17,4,18.259912
17,5,21.486689
17,6,24.054993
17,7,26.0069
17,8,27.423027
17,9,28.403423
18,0,0.0
18,1,5.088303
18,10,29.054785
18,11,29.46248
18,12,29.707096
18,13,29.846882
18,14,29.922903
18,15,29.962225
18,16,29.981556
18,17,29.99058
18,18,29.994583
18,19,29.99627
18,2,9.95046
18,20,29.996973
18,21,29.997272
18,22,29.997458
18,23,29.99763
18,24,29.997852
18,25,29.998138
18,26,29.998512
18,27,29.998955
18,28,29.999462
18,29,30.0
18,3,14.389837
18,4,18.262484
18,5,21.489716
18,6,24.058327
18,7,26.01049
18,8,27.426765
18,9,28.407278
19,0,0.0
19,1,5.0886116
19,10,29.056433
19,11,29.464138
19,12,29.708767
19,13,29.848553
19,14,29.924576
19,15,29.963902
19,16,29.983227
19,17,29.99225
19,18,29.996244
19,19,29.997927
19,2,9.951067
19,20,29.9986
19,21,29.998873
19,22,29.998995
19,23,29.99908
19,24,29.999168
19,25,29.999283
19,26,29.999422
19,27,29.999598
19,28,29.99979
19,29,30.0
19,3,14.390699
19,4,18.263582
19,5,21.490982
19,6,24.059742
19,7,26.011993
19,8,27.428347
19,9,28.408894
2,0,0.0
2,1,1.6793015
2,10,9.629259
2,11,9.76792
2,12,9.851193
2,13,9.899554
2,14,9.926325
2,15,9.941387
2,16,9.951162
2,17,9.96062
2,18,9.975117
2,19,10.001189
2,2,3.283967
2,20,10.0508795
2,21,10.142409
2,22,10.310169
2,23,10.609143
2,24,11.139645
2,25,12.072609
2,26,13.721329
2,27,16.641983
2,28,21.7598
2,29,30.0
2,3,4.7519364
2,4,6.032505
2,5,7.1038103
2,6,7.9564815
2,7,8.608346
2,8,9.08127
2,9,9.411303
20,0,0.0
20,1,5.088737
20,10,29.057083
20,11,29.464798
20,12,29.709427
20,13,29.849215
20,14,29.92524
20,15,29.964563
20,16,29.983892
20,17,29.992912
20,18,29.996906
20,19,29.99858
20,2,9.951308
20,20,29.99925
20,21,29.999504
20,22,29.999607
20,23,29.999657
20,24,29.999697
20,25,29.999735
20,26,29.99979
20,27,29.999851
20,28,29.999924
20,29,30.0
20,3,14.39105
20,4,18.264017
20,5,21.491493
20,6,24.0603
20,7,26.0126
20,8,27.42897
20,9,28.40954
21,0,0.0
21,1,5.088784
21,10,29.05733
21,11,29.465046
21,12,29.709677
21,13,29.849463
21,14,29.92549
21,15,29.964813
21,16,29.984142
21,17,29.99316
21,18,29.997154
21,19,29.998829
21,2,9.951401
21,20,29.999493
21,21,29.999746
21,22,29.999836
21,23,29.999874
21,24,29.999891
21,25,29.999908
21,26,29.999928
21,27,29.999949
21,28,29.999973
21,29,30.0
21,3,14.391182
21,4,18.264183
21,5,21.491684
21,6,24.060514
21,7,26.012823
21,8,27.429209
21,9,28.409779
22,0,0.0
22,1,5.0888014
22,10,29.057415
22,11,29.465134
22,12,29.709764
22,13,29.849552
22,14,29.925575
22,15,29.964901
22,16,29.984228
22,17,29.993248
22,18,29.99724
22,19,29.998917
22,2,9.951434
22,20,29.99958
22,21,29.99983
22,22,29.99992
22,23,29.99995
22,24,29.999966
22,25,29.999971
22,26,29.999977
22,27,29.999985
22,28,29.999992
22,29,30.0
22,3,14.39123
22,4,18.264242
22,5,21.491755
22,6,24.06059
22,7,26.012905
22,8,27.42929
22,9,28.409866
23,0,0.0
23,1,5.0888076
23,10,29.057446
23,11,29.465162
23,12,29.709791
23,13,29.84958
23,14,29.925606
23,15,29.964928
23,16,29.984259
23,17,29.993279
23,18,29.99727
23,19,29.998945
23,2,9.951446
23,20,29.999609
23,21,29.999859
23,22,29.999947
23,23,29.999977
23,24,29.999989
23,25,29.999992
23,26,29.999994
23,27,29.999996
23,28,29.999998
23,29,30.0
23,3,14.391246
23,4,18.264263
23,5,21.49178
23,6,24.060616
23,7,26.012932
23,8,27.429317
23,9,28.409895
24,0,0.0
24,1,5.088809
24,10,29.057453
24,11,29.46517
24,12,29.7098
24,13,29.84959
24,14,29.925617
24,15,29.96494
24,16,29.984268
24,17,29.993286
24,18,29.997282
24,19,29.998953
24,2,9.95145
24,20,29.999619
24,21,29.999866
24,22,29.999956
24,23,29.999985
24,24,29.999996
24,25,29.999998
24,26,30.0
24,27,30.0
24,28,30.0
24,29,30.0
24,3,14.39125
24,4,18.264269
24,5,21.491783
24,6,24.060623
24,7,26.012941
24,8,27.429327
24,9,28.409903
25,0,0.0
25,1,5.08881
25,10,29.057457
25,11,29.465172
25,12,29.7098
25,13,29.849594
25,14,29.925617
25,15,29.964943
25,16,29.984272
25,17,29.99329
25,18,29.997282
25,19,29.998959
25,2,9.951448
25,20,29.99962
25,21,29.999868
25,22,29.999958
25,23,29.999989
25,24,29.999996
25,25,30.0
25,26,30.0
25,27,30.0
25,28,30.0
25,29,30.0
25,3,14.3912525
25,4,18.264269
25,5,21.491787
25,6,24.060625
25,7,26.012943
25,8,27.429329
25,9,28.409904
26,0,0.0
26,1,5.0888095
26,10,29.057455
26,11,29.465174
26,12,29.709803
26,13,29.849592
26,14,29.925617
26,15,29.964943
26,16,29.984268
26,17,29.99329
26,18,29.997282
26,19,29.998955
26,2,9.951451
26,20,29.99962
26,21,29.99987
26,22,29.999958
26,23,29.999989
26,24,29.999998
26,25,30.0
26,26,30.0
26,27,30.0
26,28,30.0
26,29,30.0
26,3,14.391251
26,4,18.26427
26,5,21.491787
26,6,24.060627
26,7,26.012945
26,8,27.429333
26,9,28.409906
27,0,0.0
27,1,5.0888104
27,10,29.057457
27,11,29.465172
27,12,29.709805
27,13,29.849594
27,14,29.92562
27,15,29.964943
27,16,29.984272
27,17,29.99329
27,18,29.99728
27,19,29.998959
27,2,9.95145
27,20,29.99962
27,21,29.999868
27,22,29.999958
27,23,29.999989
27,24,29.999998
27,25,30.0
27,26,30.0
27,27,30.0
27,28,30.0
27,29,30.0
27,3,14.391254
27,4,18.26427
27,5,21.491787
27,6,24.060625
27,7,26.012945
27,8,27.42933
27,9,28.409906
28,0,0.0
28,1,5.08881
28,10,29.057455
28,11,29.465176
28,12,29.709805
28,13,29.849592
28,14,29.925617
28,15,29.964943
28,16,29.984268
28,17,29.99329
28,18,29.997282
28,19,29.998957
28,2,9.951451
28,20,29.999622
28,21,29.999868
28,22,29.999958
28,23,29.999989
28,24,29.999998
28,25,30.0
28,26,30.0
28,27,30.0
28,28,30.0
28,29,30.0
28,3,14.3912525
28,4,18.26427
28,5,21.491787
28,6,24.060627
28,7,26.012943
28,8,27.42933
28,9,28.409906
29,0,0.0
29,1,5.08881
29,10,29.057457
29,11,29.465174
29,12,29.709805
29,13,29.849592
29,14,29.925617
29,15,29.96494
29,16,29.984268
29,17,29.99329
29,18,29.997282
29,19,29.998957
29,2,9.95145
29,20,29.99962
29,21,29.99987
29,22,29.999958
29,23,29.999989
29,24,29.999998
29,25,30.0
29,26,30.0
29,27,30.0
29,28,30.0
29,29,30.0
29,3,14.3912525
29,4,18.264273
29,5,21.491787
29,6,24.060627
29,7,26.012945
29,8,27.42933
29,9,28.409908
3,0,0.0
3,1,2.4289026
3,10,13.926957
3,11,14.126121
3,12,14.24696
3,13,14.316263
3,14,14.354986
3,15,14.376394
3,16,14.389936
3,17,14.402664
3,18,14.42098
3,19,14.454376
3,2,4.751936
3,20,14.515766
3,21,14.629461
3,22,14.831453
3,23,15.1856575
3,24,15.787859
3,25,16.79525
3,26,18.436481
3,27,21.030607
3,28,24.896667
3,29,30.0
3,3,6.872967
3,4,8.7282295
3,5,10.274282
3,6,11.510404
3,7,12.449856
3,8,13.135807
3,9,13.610701
30,0,0.0
30,1,5.0888104
30,10,29.057457
30,11,29.465172
30,12,29.709803
30,13,29.849594
30,14,29.925617
30,15,29.964943
30,16,29.984268
30,17,29.99329
30,18,29.997282
30,19,29.998959
30,2,9.95145
30,20,29.99962
30,21,29.99987
30,22,29.999958
30,23,29.999989
30,24,29.999998
30,25,30.0
30,26,30.0
30,27,30.0
30,28,30.0
30,29,30.0
30,3,14.391254
30,4,18.26427
30,5,21.491787
30,6,24.060625
30,7,26.012947
30,8,27.429333
30,9,28.409908
31,0,0.0
31,1,5.0888095
31,10,29.057457
31,11,29.465172
31,12,29.709805
31,13,29.849594
31,14,29.92562
31,15,29.964943
31,16,29.984268
31,17,29.993288
31,18,29.997284
31,19,29.998955
31,2,9.951451
31,20,29.99962
31,21,29.99987
31,22,29.999958
31,23,29.999989
31,24,29.999998
31,25,30.0
31,26,30.0
31,27,30.0
31,28,30.0
31,29,30.0
31,3,14.3912525
31,4,18.264273
31,5,21.491787
31,6,24.06063
31,7,26.012945
31,8,27.429333
31,9,28.40991
32,0,0.0
32,1,5.0888104
32,10,29.057457
32,11,29.465176
32,12,29.709805
32,13,29.849596
32,14,29.925617
32,15,29.964943
32,16,29.984268
32,17,29.993288
32,18,29.99728
32,19,29.998955
32,2,9.951449
32,20,29.99962
32,21,29.999868
32,22,29.999958
32,23,29.999989
32,24,29.999998
32,25,30.0
32,26,30.0
32,27,30.0
32,28,30.0
32,29,30.0
32,3,14.3912525
32,4,18.26427
32,5,21.491787
32,6,24.060625
32,7,26.012947
32,8,27.429333
32,9,28.40991
33,0,0.0
33,1,5.08881
33,10,29.057459
33,11,29.465174
33,12,29.709806
33,13,29.849594
33,14,29.925621
33,15,29.964943
33,16,29.984268
33,17,29.993288
33,18,29.99728
33,19,29.998955
33,2,9.951451
33,20,29.99962
33,21,29.999868
33,22,29.999958
33,23,29.999989
33,24,29.999998
33,25,30.0
33,26,30.0
33,27,30.0
33,28,30.0
33,29,30.0
33,3,14.3912525
33,4,18.264273
33,5,21.491787
33,6,24.060629
33,7,26.012943
33,8,27.429333
33,9,28.409908
34,0,0.0
34,1,5.0888104
34,10,29.057457
34,11,29.465174
34,12,29.709805
34,13,29.849596
34,14,29.925621
34,15,29.964943
34,16,29.984268
34,17,29.993288
34,18,29.99728
34,19,29.998955
34,2,9.95145
34,20,29.99962
34,21,29.999868
34,22,29.999958
34,23,29.999989
34,24,29.999998
34,25,30.0
34,26,30.0
34,27,30.0
34,28,30.0
34,29,30.0
34,3,14.3912525
34,4,18.26427
34,5,21.491787
34,6,24.060627
34,7,26.012943
34,8,27.429333
34,9,28.409908
35,0,0.0
35,1,5.08881
35,10,29.057457
35,11,29.465174
35,12,29.709805
35,13,29.849596
35,14,29.925621
35,15,29.964943
35,16,29.984268
35,17,29.993288
35,18,29.99728
35,19,29.998955
35,2,9.951451
35,20,29.99962
35,21,29.999868
35,22,29.999958
35,23,29.999989
35,24,29.999998
35,25,30.0
35,26,30.0
35,27,30.0
35,28,30.0
35,29,30.0
35,3,14.3912525
35,4,18.264273
35,5,21.491787
35,6,24.060627
35,7,26.012943
35,8,27.429333
35,9,28.409908
36,0,0.0
36,1,5.0888104
36,10,29.057457
36,11,29.465174
36,12,29.709805
36,13,29.849596
36,14,29.925621
36,15,29.964943
36,16,29.984268
36,17,29.993288
36,18,29.99728
36,19,29.998955
36,2,9.95145
36,20,29.99962
36,21,29.999868
36,22,29.999958
36,23,29.999989
36,24,29.999998
36,25,30.0
36,26,30.0
36,27,30.0
36,28,30.0
36,29,30.0
36,3,14.3912525
36,4,18.264273
36,5,21.491787
36,6,24.060627
36,7,26.012943
36,8,27.429333
36,9,28.409908
37,0,0.0
37,1,5.08881
37,10,29.057457
37,11,29.465174
37,12,29.709805
37,13,29.849596
37,14,29.925621
37,15,29.964943
37,16,29.984268
37,17,29.993288
37,18,29.99728
37,19,29.998955
37,2,9.951451
37,20,29.99962
37,21,29.999868
37,22,29.999958
37,23,29.999989
37,24,29.999998
37,25,30.0
37,26,30.0
37,27,30.0
37,28,30.0
37,29,30.0
37,3,14.3912525
37,4,18.264273
37,5,21.491787
37,6,24.060627
37,7,26.012943
37,8,27.429333
37,9,28.409908
38,0,0.0
38,1,5.08881
38,10,29.057459
38,11,29.465174
38,12,29.709806
38,13,29.849594
38,14,29.925621
38,15,29.964943
38,16,29.984268
38,17,29.993288
38,18,29.99728
38,19,29.998955
38,2,9.95145
38,20,29.999619
38,21,29.99987
38,22,29.999958
38,23,29.999989
38,24,29.999998
38,25,30.0
38,26,30.0
38,27,30.0
38,28,30.0
38,29,30.0
38,3,14.3912525
38,4,18.264273
38,5,21.491787
38,6,24.060627
38,7,26.012943
38,8,27.429333
38,9,28.409908
39,0,0.0
39,1,5.0888095
39,10,29.057459
39,11,29.465176
39,12,29.709806
39,13,29.849594
39,14,29.92562
39,15,29.964943
39,16,29.984268
39,17,29.99329
39,18,29.99728
39,19,29.998955
39,2,9.95145
39,20,29.999619
39,21,29.999868
39,22,29.999958
39,23,29.999989
39,24,29.999998
39,25,30.0
39,26,30.0
39,27,30.0
39,28,30.0
39,29,30.0
39,3,14.391252
39,4,18.26427
39,5,21.491787
39,6,24.060625
39,7,26.012945
39,8,27.429333
39,9,28.409908
4,0,0.0
4,1,3.0848036
4,10,17.67601
4,11,17.929405
4,12,18.08155
4,13,18.169628
4,14,18.218178
4,15,18.244967
4,16,18.26137
4,17,18.275621
4,18,18.295732
4,19,18.330437
4,2,6.032505
4,20,18.395023
4,21,18.510529
4,22,18.714857
4,23,19.060465
4,24,19.631975
4,25,20.539907
4,26,21.93298
4,27,23.959894
4,28,26.702564
4,29,30.0
4,3,8.7282295
4,4,11.07982
4,5,13.045841
4,6,14.610634
4,7,15.805719
4,8,16.672745
4,9,17.276974
40,0,0.0
40,1,5.0888095
40,10,29.057459
40,11,29.465176
40,12,29.709805
40,13,29.849594
40,14,29.925621
40,15,29.964943
40,16,29.984268
40,17,29.993288
40,18,29.99728
40,19,29.998955
40,2,9.95145
40,20,29.99962
40,21,29.99987
40,22,29.999958
40,23,29.999989
40,24,29.999998
40,25,30.0
40,26,30.0
40,27,30.0
40,28,30.0
40,29,30.0
40,3,14.391252
40,4,18.26427
40,5,21.491787
40,6,24.060625
40,7,26.012945
40,8,27.42933
40,9,28.409908
41,0,0.0
41,1,5.0888095
41,10,29.057457
41,11,29.465174
41,12,29.709805
41,13,29.84959
41,14,29.925617
41,15,29.964943
41,16,29.984268
41,17,29.993288
41,18,29.99728
41,19,29.998955
41,2,9.951449
41,20,29.99962
41,21,29.99987
41,22,29.999958
41,23,29.999989
41,24,29.999998
41,25,30.0
41,26,30.0
41,27,30.0
41,28,30.0
41,29,30.0
41,3,14.391252
41,4,18.26427
41,5,21.491787
41,6,24.060625
41,7,26.012945
41,8,27.429333
41,9,28.409908
42,0,0.0
42,1,5.08881
42,10,29.057459
42,11,29.465172
42,12,29.709805
42,13,29.84959
42,14,29.925621
42,15,29.964943
42,16,29.984272
42,17,29.99329
42,18,29.99728
42,19,29.998953
42,2,9.951449
42,20,29.999619
42,21,29.999868
42,22,29.999958
42,23,29.999989
42,24,29.999996
42,25,30.0
42,26,30.0
42,27,30.0
42,28,30.0
42,29,30.0
42,3,14.391252
42,4,18.26427
42,5,21.491787
42,6,24.060627
42,7,26.012945
42,8,27.429333
42,9,28.409908
43,0,0.0
43,1,5.0888095
43,10,29.057455
43,11,29.465176
43,12,29.709805
43,13,29.849592
43,14,29.92562
43,15,29.964943
43,16,29.984272
43,17,29.99329
43,18,29.99728
43,19,29.998955
43,2,9.951449
43,20,29.999619
43,21,29.999868
43,22,29.999958
43,23,29.999989
43,24,29.999998
43,25,30.0
43,26,30.0
43,27,30.0
43,28,30.0
43,29,30.0
43,3,14.391252
43,4,18.26427
43,5,21.491787
43,6,24.060625
43,7,26.012943
43,8,27.42933
43,9,28.409908
44,0,0.0
44,1,5.08881
44,10,29.057459
44,11,29.465174
44,12,29.709805
44,13,29.849594
44,14,29.925617
44,15,29.964943
44,16,29.984268
44,17,29.993288
44,18,29.997282
44,19,29.998955
44,2,9.951449
44,20,29.99962
44,21,29.999868
44,22,29.999958
44,23,29.999989
44,24,29.999998
44,25,30.0
44,26,30.0
44,27,30.0
44,28,30.0
44,29,30.0
44,3,14.391252
44,4,18.26427
44,5,21.491787
44,6,24.060625
44,7,26.012943
44,8,27.429333
44,9,28.409906
45,0,0.0
45,1,5.0888095
45,10,29.057459
45,11,29.465176
45,12,29.709806
45,13,29.84959
45,14,29.925621
45,15,29.964941
45,16,29.984272
45,17,29.993288
45,18,29.997284
45,19,29.998957
45,2,9.951449
45,20,29.99962
45,21,29.999868
45,22,29.999958
45,23,29.999989
45,24,29.999996
45,25,30.0
45,26,30.0
45,27,30.0
45,28,30.0
45,29,30.0
45,3,14.391252
45,4,18.26427
45,5,21.491787
45,6,24.060625
45,7,26.012945
45,8,27.429333
45,9,28.409908
46,0,0.0
46,1,5.0888095
46,10,29.057457
46,11,29.465176
46,12,29.709805
46,13,29.849594
46,14,29.92562
46,15,29.964943
46,16,29.984272
46,17,29.99329
46,18,29.99728
46,19,29.998959
46,2,9.951449
46,20,29.99962
46,21,29.999868
46,22,29.999958
46,23,29.999989
46,24,29.999998
46,25,30.0
46,26,30.0
46,27,30.0
46,28,30.0
46,29,30.0
46,3,14.391252
46,4,18.26427
46,5,21.491787
46,6,24.060625
46,7,26.012945
46,8,27.429333
46,9,28.409906
47,0,0.0
47,1,5.08881
47,10,29.057457
47,11,29.465174
47,12,29.709806
47,13,29.849592
47,14,29.925617
47,15,29.964943
47,16,29.984268
47,17,29.99329
47,18,29.997284
47,19,29.998957
47,2,9.951449
47,20,29.999622
47,21,29.99987
47,22,29.999958
47,23,29.999989
47,24,29.999998
47,25,30.0
47,26,30.0
47,27,30.0
47,28,30.0
47,29,30.0
47,3,14.391252
47,4,18.26427
47,5,21.491787
47,6,24.060627
47,7,26.012945
47,8,27.429333
47,9,28.409908
48,0,0.0
48,1,5.08881
48,10,29.057459
48,11,29.465176
48,12,29.709803
48,13,29.849592
48,14,29.925617
48,15,29.964941
48,16,29.984272
48,17,29.99329
48,18,29.99728
48,19,29.998959
48,2,9.95145
48,20,29.99962
48,21,29.999868
48,22,29.999958
48,23,29.999989
48,24,29.999998
48,25,30.0
48,26,30.0
48,27,30.0
48,28,30.0
48,29,30.0
48,3,14.3912525
48,4,18.26427
48,5,21.491787
48,6,24.060625
48,7,26.012945
48,8,27.429335
48,9,28.409906
49,0,0.0
49,1,5.08881
49,10,29.057457
49,11,29.465174
49,12,29.709805
49,13,29.84959
49,14,29.925617
49,15,29.964941
49,16,29.984268
49,17,29.99329
49,18,29.997284
49,19,29.998957
49,2,9.95145
49,20,29.999622
49,21,29.99987
49,22,29.999958
49,23,29.999987
49,24,29.999998
49,25,30.0
49,26,30.0
49,27,30.0
49,28,30.0
49,29,30.0
49,3,14.391252
49,4,18.26427
49,5,21.491787
49,6,24.060627
49,7,26.012945
49,8,27.429333
49,9,28.409908
5,0,0.0
5,1,3.6313882
5,10,20.802597
5,11,21.098808
5,12,21.278053
5,13,21.380733
5,14,21.43767
5,15,21.468515
5,16,21.486706
5,17,21.501587
5,18,21.520607
5,19,21.553518
5,2,7.10381
5,20,21.612055
5,21,21.7175
5,22,21.89762
5,23,22.19875
5,24,22.67773
5,25,23.413862
5,26,24.486416
5,27,25.964165
5,28,27.844376
5,29,30.0
5,3,10.274282
5,4,13.045841
5,5,15.355473
5,6,17.200245
5,7,18.602272
5,8,19.6245
5,9,20.332205
50,0,0.0
50,1,5.0888104
50,10,29.057459
50,11,29.465174
50,12,29.709803
50,13,29.849594
50,14,29.925617
50,15,29.964941
50,16,29.984268
50,17,29.99329
50,18,29.997284
50,19,29.998957
50,2,9.95145
50,20,29.999622
50,21,29.99987
50,22,29.999958
50,23,29.999989
50,24,29.999996
50,25,30.0
50,26,30.0
50,27,30.0
50,28,30.0
50,29,30.0
50,3,14.391254
50,4,18.26427
50,5,21.491787
50,6,24.060629
50,7,26.012945
50,8,27.429333
50,9,28.409908
51,0,0.0
51,1,5.08881
51,10,29.057459
51,11,29.465176
51,12,29.709805
51,13,29.84959
51,14,29.925617
51,15,29.96494
51,16,29.984272
51,17,29.99329
51,18,29.997282
51,19,29.998959
51,2,9.95145
51,20,29.999622
51,21,29.99987
51,22,29.999958
51,23,29.999989
51,24,29.999998
51,25,30.0
51,26,30.0
51,27,30.0
51,28,30.0
51,29,30.0
51,3,14.3912525
51,4,18.26427
51,5,21.491787
51,6,24.060625
51,7,26.012947
51,8,27.42933
51,9,28.409908
52,0,0.0
52,1,5.08881
52,10,29.057459
52,11,29.465174
52,12,29.709805
52,13,29.849592
52,14,29.925617
52,15,29.96494
52,16,29.984272
52,17,29.99329
52,18,29.997284
52,19,29.998957
52,2,9.951451
52,20,29.99962
52,21,29.999868
52,22,29.999958
52,23,29.999989
52,24,29.999998
52,25,30.0
52,26,30.0
52,27,30.0
52,28,30.0
52,29,30.0
52,3,14.391252
52,4,18.264273
52,5,21.491785
52,6,24.060629
52,7,26.012945
52,8,27.429333
52,9,28.409908
53,0,0.0
53,1,5.0888104
53,10,29.057459
53,11,29.465174
53,12,29.709805
53,13,29.849594
53,14,29.925617
53,15,29.964941
53,16,29.98427
53,17,29.993294
53,18,29.997282
53,19,29.998959
53,2,9.95145
53,20,29.99962
53,21,29.99987
53,22,29.999958
53,23,29.999989
53,24,29.999998
53,25,30.0
53,26,30.0
53,27,30.0
53,28,30.0
53,29,30.0
53,3,14.391253
53,4,18.26427
53,5,21.491789
53,6,24.060625
53,7,26.012945
53,8,27.429333
53,9,28.409906
54,0,0.0
54,1,5.08881
54,10,29.057455
54,11,29.465174
54,12,29.709803
54,13,29.84959
54,14,29.925617
54,15,29.964941
54,16,29.984272
54,17,29.99329
54,18,29.997284
54,19,29.998957
54,2,9.95145
54,20,29.999622
54,21,29.99987
54,22,29.999958
54,23,29.999987
54,24,29.999998
54,25,30.0
54,26,30.0
54,27,30.0
54,28,30.0
54,29,30.0
54,3,14.391252
54,4,18.264273
54,5,21.491785
54,6,24.060625
54,7,26.012945
54,8,27.42933
54,9,28.409908
55,0,0.0
55,1,5.0888104
55,10,29.057459
55,11,29.465172
55,12,29.7098
55,13,29.84959
55,14,29.92562
55,15,29.96494
55,16,29.984272
55,17,29.99329
55,18,29.99728
55,19,29.998957
55,2,9.951449
55,20,29.999622
55,21,29.99987
55,22,29.999958
55,23,29.999989
55,24,29.999998
55,25,30.0
55,26,30.0
55,27,30.0
55,28,30.0
55,29,30.0
55,3,14.391253
55,4,18.264269
55,5,21.491787
55,6,24.060625
55,7,26.012945
55,8,27.429333
55,9,28.409908
56,0,0.0
56,1,5.08881
56,10,29.057459
56,11,29.465172
56,12,29.709805
56,13,29.849594
56,14,29.925617
56,15,29.964943
56,16,29.984272
56,17,29.99329
56,18,29.997282
56,19,29.998955
56,2,9.95145
56,20,29.999622
56,21,29.99987
56,22,29.999958
56,23,29.999987
56,24,29.999998
56,25,30.0
56,26,30.0
56,27,30.0
56,28,30.0
56,29,30.0
56,3,14.391252
56,4,18.264273
56,5,21.491785
56,6,24.060627
56,7,26.012945
56,8,27.429333
56,9,28.409908
57,0,0.0
57,1,5.0888104
57,10,29.057457
57,11,29.465176
57,12,29.709805
57,13,29.849594
57,14,29.925615
57,15,29.964943
57,16,29.984268
57,17,29.993288
57,18,29.997282
57,19,29.998955
57,2,9.951449
57,20,29.99962
57,21,29.99987
57,22,29.999958
57,23,29.999989
57,24,29.999996
57,25,30.0
57,26,30.0
57,27,30.0
57,28,30.0
57,29,30.0
57,3,14.391254
57,4,18.26427
57,5,21.491787
57,6,24.060625
57,7,26.012945
57,8,27.429333
57,9,28.40991
58,0,0.0
58,1,5.08881
58,10,29.057459
58,11,29.465174
58,12,29.709805
58,13,29.84959
58,14,29.925621
58,15,29.964941
58,16,29.984272
58,17,29.99329
58,18,29.997282
58,19,29.998957
58,2,9.951451
58,20,29.999622
58,21,29.999868
58,22,29.999958
58,23,29.999989
58,24,29.999996
58,25,30.0
58,26,30.0
58,27,30.0
58,28,30.0
58,29,30.0
58,3,14.391252
58,4,18.264273
58,5,21.491785
58,6,24.060625
58,7,26.012945
58,8,27.429333
58,9,28.409908
59,0,0.0
59,1,5.0888104
59,10,29.057459
59,11,29.465176
59,12,29.709805
59,13,29.849594
59,14,29.925615
59,15,29.964943
59,16,29.984268
59,17,29.993292
59,18,29.997284
59,19,29.998957
59,2,9.95145
59,20,29.99962
59,21,29.999868
59,22,29.999958
59,23,29.999989
59,24,29.999998
59,25,30.0
59,26,30.0
59,27,30.0
59,28,30.0
59,29,30.0
59,3,14.391254
59,4,18.26427
59,5,21.491787
59,6,24.060627
59,7,26.012943
59,8,27.429333
59,9,28.409908
6,0,0.0
6,1,4.0686555
6,10,23.291103
6,11,23.622984
6,12,23.822197
6,13,23.937057
6,14,24.000048
6,15,24.034004
6,16,24.053295
6,17,24.06752
6,18,24.084698
6,19,24.11216
6,2,7.9564815
6,20,24.161633
6,21,24.24727
6,22,24.393887
6,23,24.630669
6,24,25.001482
6,25,25.550154
6,26,26.324738
6,27,27.347332
6,28,28.601456
6,29,30.0
6,3,11.510405
6,4,14.610634
6,5,17.200245
6,6,19.261364
6,7,20.833378
6,8,21.973862
6,9,22.767193
60,0,0.0
60,1,5.0888095
60,10,29.057457
60,11,29.465174
60,12,29.709806
60,13,29.84959
60,14,29.925617
60,15,29.96494
60,16,29.984272
60,17,29.99329
60,18,29.997286
60,19,29.998959
60,2,9.951451
60,20,29.99962
60,21,29.99987
60,22,29.999958
60,23,29.999989
60,24,29.999998
60,25,30.0
60,26,30.0
60,27,30.0
60,28,30.0
60,29,30.0
60,3,14.391252
60,4,18.264273
60,5,21.491785
60,6,24.060627
60,7,26.012943
60,8,27.42933
60,9,28.409906
61,0,0.0
61,1,5.0888104
61,10,29.057457
61,11,29.465176
61,12,29.7098
61,13,29.849592
61,14,29.925615
61,15,29.96494
61,16,29.984272
61,17,29.993294
61,18,29.997284
61,19,29.998959
61,2,9.951449
61,20,29.99962
61,21,29.99987
61,22,29.99996
61,23,29.999989
61,24,29.999998
61,25,30.0
61,26,30.0
61,27,30.0
61,28,30.0
61,29,30.0
61,3,14.391254
61,4,18.26427
61,5,21.491789
61,6,24.060627
61,7,26.012943
61,8,27.429333
61,9,28.409908
62,0,0.0
62,1,5.08881
62,10,29.057459
62,11,29.465172
62,12,29.709806
62,13,29.84959
62,14,29.925617
62,15,29.96494
62,16,29.98427
62,17,29.99329
62,18,29.997288
62,19,29.998959
62,2,9.95145
62,20,29.999622
62,21,29.99987
62,22,29.999958
62,23,29.999989
62,24,29.999998
62,25,30.0
62,26,30.0
62,27,30.0
62,28,30.0
62,29,30.0
62,3,14.391252
62,4,18.26427
62,5,21.491785
62,6,24.060627
62,7,26.012943
62,8,27.429333
62,9,28.409908
63,0,0.0
63,1,5.08881
63,10,29.057457
63,11,29.465176
63,12,29.709805
63,13,29.849594
63,14,29.925617
63,15,29.964943
63,16,29.984272
63,17,29.993292
63,18,29.997284
63,19,29.99896
63,2,9.951449
63,20,29.99962
63,21,29.99987
63,22,29.999958
63,23,29.999989
63,24,29.999998
63,25,30.0
63,26,30.0
63,27,30.0
63,28,30.0
63,29,30.0
63,3,14.391252
63,4,18.26427
63,5,21.491787
63,6,24.060625
63,7,26.012943
63,8,27.42933
63,9,28.409908
64,0,0.0
64,1,5.0888095
64,10,29.057459
64,11,29.465174
64,12,29.709806
64,13,29.849592
64,14,29.925617
64,15,29.964941
64,16,29.984272
64,17,29.99329
64,18,29.997284
64,19,29.998955
64,2,9.951449
64,20,29.999622
64,21,29.99987
64,22,29.999958
64,23,29.999989
64,24,29.999998
64,25,30.0
64,26,30.0
64,27,30.0
64,28,30.0
64,29,30.0
64,3,14.391252
64,4,18.26427
64,5,21.491785
64,6,24.060625
64,7,26.012943
64,8,27.429333
64,9,28.409908
65,0,0.0
65,1,5.08881
65,10,29.057457
65,11,29.465176
65,12,29.709805
65,13,29.849594
65,14,29.925617
65,15,29.964943
65,16,29.984272
65,17,29.99329
65,18,29.997282
65,19,29.998959
65,2,9.951449
65,20,29.99962
65,21,29.99987
65,22,29.999958
65,23,29.999989
65,24,29.999998
65,25,30.0
65,26,30.0
65,27,30.0
65,28,30.0
65,29,30.0
65,3,14.391252
65,4,18.26427
65,5,21.491785
65,6,24.060625
65,7,26.012943
65,8,27.42933
65,9,28.409908
66,0,0.0
66,1,5.0888095
66,10,29.057459
66,11,29.465174
66,12,29.709805
66,13,29.849592
66,14,29.925617
66,15,29.964941
66,16,29.984272
66,17,29.99329
66,18,29.997282
66,19,29.998955
66,2,9.951449
66,20,29.999622
66,21,29.99987
66,22,29.999958
66,23,29.999989
66,24,29.999998
66,25,30.0
66,26,30.0
66,27,30.0
66,28,30.0
66,29,30.0
66,3,14.391252
66,4,18.26427
66,5,21.491785
66,6,24.060625
66,7,26.012943
66,8,27.429333
66,9,28.409908
67,0,0.0
67,1,5.088809
67,10,29.057457
67,11,29.465176
67,12,29.709805
67,13,29.849594
67,14,29.925617
67,15,29.964943
67,16,29.984272
67,17,29.99329
67,18,29.997282
67,19,29.998959
67,2,9.951449
67,20,29.99962
67,21,29.99987
67,22,29.999958
67,23,29.999989
67,24,29.999996
67,25,30.0
67,26,30.0
67,27,30.0
67,28,30.0
67,29,30.0
67,3,14.391252
67,4,18.26427
67,5,21.491785
67,6,24.060625
67,7,26.012943
67,8,27.42933
67,9,28.409908
68,0,0.0
68,1,5.0888095
68,10,29.057457
68,11,29.465174
68,12,29.709805
68,13,29.849592
68,14,29.925617
68,15,29.964943
68,16,29.984272
68,17,29.993288
68,18,29.997282
68,19,29.998955
68,2,9.951449
68,20,29.999622
68,21,29.99987
68,22,29.999958
68,23,29.999989
68,24,29.999998
68,25,30.0
68,26,30.0
68,27,30.0
68,28,30.0
68,29,30.0
68,3,14.391252
68,4,18.26427
68,5,21.491785
68,6,24.060625
68,7,26.012943
68,8,27.42933
68,9,28.409908
69,0,0.0
69,1,5.088809
69,10,29.057457
69,11,29.465172
69,12,29.709805
69,13,29.849594
69,14,29.925617
69,15,29.964943
69,16,29.984268
69,17,29.99329
69,18,29.99728
69,19,29.998959
69,2,9.951449
69,20,29.99962
69,21,29.99987
69,22,29.999958
69,23,29.999989
69,24,29.999996
69,25,30.0
69,26,30.0
69,27,30.0
69,28,30.0
69,29,30.0
69,3,14.391252
69,4,18.26427
69,5,21.491787
69,6,24.060625
69,7,26.012945
69,8,27.429333
69,9,28.409908
7,0,0.0
7,1,4.4009786
7,10,25.184505
7,11,25.541355
7,12,25.75665
7,13,25.87985
7,14,25.947636
7,15,25.983635
7,16,26.003345
7,17,26.016787
7,18,26.030836
7,19,26.052868
7,2,8.608346
7,20,26.090302
7,21,26.15601
7,22,26.26447
7,23,26.439444
7,24,26.704613
7,25,27.090834
7,26,27.618374
7,27,28.29816
7,28,29.10918
7,29,30.0
7,3,12.449856
7,4,15.805719
7,5,18.602272
7,6,20.833378
7,7,22.529018
7,8,23.763288
7,9,24.617785
70,0,0.0
70,1,5.08881
70,10,29.057455
70,11,29.465176
70,12,29.7098
70,13,29.849592
70,14,29.925617
70,15,29.964941
70,16,29.984272
70,17,29.993286
70,18,29.997282
70,19,29.998957
70,2,9.951449
70,20,29.99962
70,21,29.999868
70,22,29.999958
70,23,29.999989
70,24,29.999998
70,25,30.0
70,26,30.0
70,27,30.0
70,28,30.0
70,29,30.0
70,3,14.391252
70,4,18.26427
70,5,21.491787
70,6,24.060627
70,7,26.012945
70,8,27.429333
70,9,28.409908
71,0,0.0
71,1,5.0888095
71,10,29.057457
71,11,29.465172
71,12,29.709805
71,13,29.849592
71,14,29.925617
71,15,29.964943
71,16,29.984268
71,17,29.99329
71,18,29.99728
71,19,29.998959
71,2,9.95145
71,20,29.99962
71,21,29.999868
71,22,29.999958
71,23,29.999989
71,24,29.999998
71,25,30.0
71,26,30.0
71,27,30.0
71,28,30.0
71,29,30.0
71,3,14.391252
71,4,18.26427
71,5,21.491785
71,6,24.060625
71,7,26.012943
71,8,27.429333
71,9,28.409906
72,0,0.0
72,1,5.08881
72,10,29.057457
72,11,29.465176
72,12,29.7098
72,13,29.849592
72,14,29.925621
72,15,29.964941
72,16,29.984272
72,17,29.993288
72,18,29.997282
72,19,29.998955
72,2,9.951449
72,20,29.99962
72,21,29.99987
72,22,29.999958
72,23,29.999989
72,24,29.999998
72,25,30.0
72,26,30.0
72,27,30.0
72,28,30.0
72,29,30.0
72,3,14.391252
72,4,18.26427
72,5,21.491785
72,6,24.060625
72,7,26.012943
72,8,27.429333
72,9,28.409908
73,0,0.0
73,1,5.08881
73,10,29.057459
73,11,29.465174
73,12,29.709805
73,13,29.849594
73,14,29.925621
73,15,29.964943
73,16,29.984272
73,17,29.99329
73,18,29.99728
73,19,29.998959
73,2,9.95145
73,20,29.99962
73,21,29.999868
73,22,29.999958
73,23,29.999989
73,24,29.999998
73,25,30.0
73,26,30.0
73,27,30.0
73,28,30.0
73,29,30.0
73,3,14.391252
73,4,18.26427
73,5,21.491787
73,6,24.060627
73,7,26.012943
73,8,27.429333
73,9,28.409908
74,0,0.0
74,1,5.08881
74,10,29.057459
74,11,29.465176
74,12,29.709805
74,13,29.849594
74,14,29.925621
74,15,29.964943
74,16,29.984272
74,17,29.99329
74,18,29.997288
74,19,29.998959
74,2,9.95145
74,20,29.999622
74,21,29.99987
74,22,29.99996
74,23,29.999992
74,24,29.999998
74,25,30.0
74,26,30.0
74,27,30.0
74,28,30.0
74,29,30.0
74,3,14.3912525
74,4,18.26427
74,5,21.491789
74,6,24.060629
74,7,26.012947
74,8,27.429335
74,9,28.40991
75,0,0.0
75,1,5.088811
75,10,29.057465
75,11,29.465183
75,12,29.709812
75,13,29.849602
75,14,29.925625
75,15,29.964949
75,16,29.984276
75,17,29.993298
75,18,29.99729
75,19,29.998966
75,2,9.951454
75,20,29.99963
75,21,29.999878
75,22,29.999966
75,23,29.999994
75,24,30.000004
75,25,30.000004
75,26,30.000002
75,27,30.000002
75,28,30.0
75,29,30.0
75,3,14.391256
75,4,18.264277
75,5,21.491795
75,6,24.060635
75,7,26.012953
75,8,27.429338
75,9,28.409916
76,0,0.0
76,1,5.0888157
76,10,29.057486
76,11,29.465202
76,12,29.709831
76,13,29.84962
76,14,29.925648
76,15,29.96497
76,16,29.984299
76,17,29.993319
76,18,29.997313
76,19,29.998985
76,2,9.951461
76,20,29.99965
76,21,29.999897
76,22,29.999983
76,23,30.000015
76,24,30.00002
76,25,30.000017
76,26,30.000015
76,27,30.00001
76,28,30.000006
76,29,30.0
76,3,14.39127
76,4,18.264292
76,5,21.491812
76,6,24.060654
76,7,26.012974
76,8,27.42936
76,9,28.409937
77,0,0.0
77,1,5.08883
77,10,29.057556
77,11,29.46527
77,12,29.709902
77,13,29.84969
77,14,29.925714
77,15,29.96504
77,16,29.984367
77,17,29.99339
77,18,29.99738
77,19,29.999056
77,2,9.951489
77,20,29.999718
77,21,29.999964
77,22,30.00005
77,23,30.000072
77,24,30.000074
77,25,30.000067
77,26,30.000053
77,27,30.000038
77,28,30.00002
77,29,30.0
77,3,14.391308
77,4,18.26434
77,5,21.491867
77,6,24.060715
77,7,26.013035
77,8,27.429428
77,9,28.410002
78,0,0.0
78,1,5.088873
78,10,29.057755
78,11,29.465477
78,12,29.710106
78,13,29.849895
78,14,29.925922
78,15,29.965244
78,16,29.984575
78,17,29.993591
78,18,29.997587
78,19,29.999258
78,2,9.951571
78,20,29.99992
78,21,30.00016
78,22,30.00024
78,23,30.000254
78,24,30.000238
78,25,30.00021
78,26,30.00017
78,27,30.000118
78,28,30.000061
78,29,30.0
78,3,14.391425
78,4,18.264484
78,5,21.492033
78,6,24.060894
78,7,26.01323
78,8,27.429625
78,9,28.410206
79,0,0.0
79,1,5.088991
79,10,29.058334
79,11,29.466053
79,12,29.710686
79,13,29.85048
79,14,29.9265
79,15,29.965828
79,16,29.985153
79,17,29.994173
79,18,29.998161
79,19,29.999834
79,2,9.951802
79,20,30.000488
79,21,30.00072
79,22,30.000774
79,23,30.000761
79,24,30.000702
79,25,30.00061
79,26,30.000492
79,27,30.000343
79,28,30.00018
79,29,30.0
79,3,14.391752
79,4,18.264893
79,5,21.4925
79,6,24.061405
79,7,26.013767
79,8,27.430185
79,9,28.410774
8,0,0.0
8,1,4.64383
8,10,26.55815
8,11,26.934324
8,12,27.160078
8,13,27.289747
8,14,27.360569
8,15,27.397995
8,16,27.417871
8,17,27.430075
8,18,27.441574
8,19,27.457521
8,2,9.081267
8,20,27.484852
8,21,27.530624
8,22,27.60712
8,23,27.72646
8,24,27.906895
8,25,28.16212
8,26,28.506273
8,27,28.938808
8,28,29.447632
8,29,30.0
8,3,13.135804
8,4,16.67274
8,5,19.6245
8,6,21.973858
8,7,23.763287
8,8,25.061499
8,9,25.962887
80,0,0.0
80,1,5.089307
80,10,29.059868
80,11,29.467598
80,12,29.712234
80,13,29.852024
80,14,29.928051
80,15,29.967375
80,16,29.986704
80,17,29.99572
80,18,29.999704
80,19,30.001362
80,2,9.95241
80,20,30.002003
80,21,30.002197
80,22,30.002207
80,23,30.002104
80,24,30.00193
80,25,30.001673
80,26,30.001345
80,27,30.000942
80,28,30.000486
80,29,30.0
80,3,14.39262
80,4,18.265972
80,5,21.493746
80,6,24.062765
80,7,26.01521
80,8,27.431671
80,9,28.412296
81,0,0.0
81,1,5.090097
81,10,29.063736
81,11,29.471485
81,12,29.716133
81,13,29.85593
81,14,29.931955
81,15,29.971281
81,16,29.990604
81,17,29.999615
81,18,30.003586
81,19,30.005222
81,2,9.953946
81,20,30.005808
81,21,30.005928
81,22,30.005793
81,23,30.005491
81,24,30.005003
81,25,30.004343
81,26,30.003473
81,27,30.00244
81,28,30.001255
81,29,30.0
81,3,14.3948
81,4,18.26869
81,5,21.496866
81,6,24.06619
81,7,26.018827
81,8,27.435423
81,9,28.416117
82,0,0.0
82,1,5.091986
82,10,29.072948
82,11,29.480755
82,12,29.725428
82,13,29.865234
82,14,29.941269
82,15,29.980589
82,16,29.999908
82,17,30.0089
82,18,30.012844
82,19,30.014412
82,2,9.957591
82,20,30.014889
82,21,30.014795
82,22,30.01435
82,23,30.013525
82,24,30.012337
82,25,30.010666
82,26,30.00856
82,27,30.005985
82,28,30.003094
82,29,30.0
82,3,14.400005
82,4,18.27515
82,5,21.504322
82,6,24.074333
82,7,26.027462
82,8,27.444351
82,9,28.425232
83,0,0.0
83,1,5.096247
83,10,29.09377
83,11,29.501692
83,12,29.746426
83,13,29.886261
83,14,29.962301
83,15,30.001621
83,16,30.020924
83,17,30.029884
83,18,30.033743
83,19,30.035175
83,2,9.965864
83,20,30.035366
83,21,30.034843
83,22,30.033617
83,23,30.031702
83,24,30.028826
83,25,30.024986
83,26,30.019983
83,27,30.01402
83,28,30.00722
83,29,30.0
83,3,14.411747
83,4,18.289795
83,5,21.521133
83,6,24.09277
83,7,26.046946
83,8,27.46454
83,9,28.445816
84,0,0.0
84,1,5.1054463
84,10,29.138376
84,11,29.54657
84,12,29.791424
84,13,29.931313
84,14,30.007374
84,15,30.046686
84,16,30.065956
84,17,30.07483
84,18,30.078537
84,19,30.079624
84,2,9.983616
84,20,30.079277
84,21,30.077713
84,22,30.074966
84,23,30.070538
84,24,30.064259
84,25,30.055557
84,26,30.044563
84,27,30.031178
84,28,30.016102
84,29,30.0
84,3,14.437059
84,4,18.321182
84,5,21.5573
84,6,24.132261
84,7,26.08878
84,8,27.507784
84,9,28.489956
85,0,0.0
85,1,5.124265
85,10,29.229195
85,11,29.637863
85,12,29.882982
85,13,30.022976
85,14,30.099072
85,15,30.13837
85,16,30.157564
85,17,30.166285
85,18,30.16962
85,19,30.170105
85,2,10.0200815
85,20,30.168514
85,21,30.165052
85,22,30.158955
85,23,30.149773
85,24,30.136223
85,25,30.11807
85,26,30.094513
85,27,30.066324
85,28,30.034168
85,29,30.0
85,3,14.488762
85,4,18.385498
85,5,21.631035
85,6,24.212938
85,7,26.17395
85,8,27.595932
85,9,28.579771
86,0,0.0
86,1,5.161173
86,10,29.404823
86,11,29.81447
86,12,30.060005
86,13,30.20021
86,14,30.276363
86,15,30.315624
86,16,30.334686
86,17,30.343052
86,18,30.345785
86,19,30.34494
86,2,10.091222
86,20,30.34124
86,21,30.333794
86,22,30.321781
86,23,30.302916
86,24,30.276104
86,25,30.239038
86,26,30.191889
86,27,30.134441
86,28,30.069458
86,29,30.0
86,3,14.589876
86,4,18.510584
86,5,21.774654
86,6,24.369387
86,7,26.339256
86,8,27.766544
86,9,28.753698
87,0,0.0
87,1,5.2300844
87,10,29.728167
87,11,30.139288
87,12,30.385622
87,13,30.526117
87,14,30.602364
87,15,30.64156
87,16,30.660332
87,17,30.668167
87,18,30.669628
87,19,30.666697
87,2,10.224345
87,20,30.658775
87,21,30.644794
87,22,30.621325
87,23,30.585957
87,24,30.533913
87,25,30.4635
87,26,30.371868
87,27,30.261314
87,28,30.134834
87,29,30.0
87,3,14.7780075
87,4,18.743484
87,5,22.040598
87,6,24.659128
87,7,26.644192
87,8,28.081306
87,9,29.073858
88,0,0.0
88,1,5.353776
88,10,30.294552
88,11,30.708225
88,12,30.95559
88,13,31.09658
88,14,31.172916
88,15,31.211948
88,16,31.230316
88,17,31.237066
88,18,31.236706
88,19,31.229794
88,2,10.462009
88,20,31.215496
88,21,31.189507
88,22,31.147926
88,23,31.082825
88,24,30.989208
88,25,30.8591
88,26,30.691484
88,27,30.485905
88,28,30.251413
88,29,30.0
88,3,15.113882
88,4,19.15662
88,5,22.511896
88,6,25.169834
88,7,27.181263
88,8,28.633776
88,9,29.635628
89,0,0.0
89,1,5.5663376
89,10,31.240334
89,11,31.657125
89,12,31.906075
89,13,32.04753
89,14,32.123947
89,15,32.16273
89,16,32.180286
89,17,32.18563
89,18,32.181942
89,19,32.169556
89,2,10.87035
89,20,32.144157
89,21,32.10074
89,22,32.028385
89,23,31.917908
89,24,31.754078
89,25,31.528664
89,26,31.231987
89,27,30.868778
89,28,30.449608
89,29,30.0
89,3,15.686914
89,4,19.859795
89,5,23.308403
89,6,26.030972
89,7,28.082241
89,8,29.559378
89,9,30.574163
9,0,0.0
9,1,4.811958
9,10,27.510548
9,11,27.89869
9,12,28.13227
9,13,28.265831
9,14,28.338886
9,15,28.377134
9,16,28.396917
9,17,28.408224
9,18,28.417122
9,19,28.42862
9,2,9.411296
9,20,28.446686
9,21,28.477549
9,22,28.527088
9,23,28.605217
9,24,28.719843
9,25,28.881691
9,26,29.094723
9,27,29.360273
9,28,29.667816
9,29,30.0
9,3,13.610693
9,4,17.276968
9,5,20.332195
9,6,22.767187
9,7,24.617779
9,8,25.962883
9,9,26.894112
90,0,0.0
90,1,5.919241
90,10,32.74509
90,11,33.1661
90,12,33.41638
90,13,33.558365
90,14,33.63465
90,15,33.67289
90,16,33.689453
90,17,33.692333
90,18,33.68454
90,19,33.66316
90,2,11.5437155
90,20,33.62316
90,21,33.551968
90,22,33.436657
90,23,33.254456
90,24,32.98702
90,25,32.609386
90,26,32.112312
90,27,31.492695
90,28,30.775099
90,29,30.0
90,3,16.628286
90,4,21.00467
90,5,24.599375
90,6,27.416424
90,7,29.527351
90,8,31.037304
90,9,32.07059
91,0,0.0
91,1,6.4850574
91,10,35.02975
91,11,35.45376
91,12,35.705162
91,13,35.846886
91,14,35.9227
91,15,35.960133
91,16,35.975006
91,17,35.975166
91,18,35.96101
91,19,35.929123
91,2,12.618575
91,20,35.86747
91,21,35.76146
91,22,35.583252
91,23,35.304886
91,24,34.8839
91,25,34.28838
91,26,33.485363
91,27,32.476112
91,28,31.28886
91,29,30.0
91,3,18.114895
91,4,22.799
91,5,26.60151
91,6,29.552286
91,7,31.739424
91,8,33.292336
91,9,34.345505
92,0,0.0
92,1,7.370378
92,10,38.3384
92,11,38.76355
92,12,39.01348
92,13,39.15394
92,14,39.228374
92,15,39.264366
92,16,39.277435
92,17,39.27361
92,18,39.253036
92,19,39.206764
92,2,14.281146
92,20,39.121456
92,21,38.96891
92,22,38.716103
92,23,38.30793
92,24,37.689224
92,25,36.78805
92,26,35.557117
92,27,33.970963
92,28,32.07858
92,29,30.0
92,3,20.3886
92,4,25.502941
92,5,29.586882
92,6,32.701866
92,7,34.980656
92,8,36.57619
92,9,37.64894
93,0,0.0
93,1,8.730463
93,10,42.914207
93,11,43.332794
93,12,43.577774
93,13,43.71411
93,14,43.78591
93,15,43.81987
93,16,43.83034
93,17,43.8231
93,18,43.79451
93,19,43.73526
93,2,16.79871
93,20,43.621754
93,21,43.422646
93,22,43.080803
93,23,42.528393
93,24,41.6632
93,25,40.382965
93,26,38.57561
93,27,36.18956
93,28,33.263268
93,29,30.0
93,3,23.761276
93,4,29.443445
93,5,33.861965
93,6,37.159092
93,7,39.520298
93,8,41.14924
93,9,42.22731
94,0,0.0
94,1,10.816803
94,10,48.954777
94,11,49.356285
94,12,49.588474
94,13,49.717186
94,14,49.784153
94,15,49.814995
94,16,49.823166
94,17,49.812004
94,18,49.77809
94,19,49.7057
94,2,20.556599
94,20,49.57086
94,21,49.325485
94,22,48.905434
94,23,48.20288
94,24,47.085274
94,25,45.367653
94,26,42.86502
94,27,39.416954
94,28,35.029793
94,29,30.0
94,3,28.65289
94,4,34.999634
94,5,39.76302
94,6,43.204376
94,7,45.610092
94,8,47.232487
94,9,48.29101
95,0,0.0
95,1,14.07626
95,10,56.572163
95,11,56.93743
95,12,57.147564
95,13,57.26271
95,14,57.322243
95,15,57.349037
95,16,57.354446
95,17,57.341644
95,18,57.303757
95,19,57.226585
95,2,26.166191
95,20,57.0774
95,21,56.80846
95,22,56.3319
95,23,55.525543
95,24,54.192047
95,25,52.073544
95,26,48.82305
95,27,44.09358
95,28,37.69402
95,29,30.0
95,3,35.6183
95,4,42.613453
95,5,47.60591
95,6,51.07571
95,7,53.422768
95,8,54.970673
95,9,55.95936
96,0,0.0
96,1,19.440012
96,10,65.74378
96,11,66.05121
96,12,66.22586
96,13,66.32126
96,14,66.37002
96,15,66.39142
96,16,66.394936
96,17,66.38156
96,18,66.34608
96,19,66.2712
96,2,34.649918
96,20,66.12917
96,21,65.86435
96,22,65.393196
96,23,64.56677
96,24,63.16165
96,25,60.811085
96,26,56.98154
96,27,50.92858
96,28,41.907776
96,29,30.0
96,3,45.418022
96,4,52.74406
96,5,57.64807
96,6,60.891518
96,7,63.011593
96,8,64.3707
96,9,65.224106
97,0,0.0
97,1,29.14664
97,10,76.29061
97,11,76.514046
97,12,76.64057
97,13,76.708984
97,14,76.743835
97,15,76.758896
97,16,76.76059
97,17,76.75
97,18,76.72124
97,19,76.66255
97,2,47.810688
97,20,76.547455
97,21,76.334206
97,22,75.94288
97,23,75.24531
97,24,74.00749
97,25,71.830574
97,26,67.98357
97,27,61.1687
97,28,49.227135
97,29,30.0
97,3,59.014175
97,4,65.79047
97,5,69.97166
97,6,72.59265
97,7,74.24106
97,8,75.27307
97,9,75.907875
98,0,0.0
98,1,49.427795
98,10,87.86824
98,11,87.986664
98,12,88.0531
98,13,88.08905
98,14,88.107216
98,15,88.11496
98,16,88.11572
98,17,88.10957
98,18,88.09387
98,19,88.06073
98,2,68.614296
98,20,87.99692
98,21,87.87551
98,22,87.65246
98,23,87.24321
98,24,86.49697
98,25,85.10811
98,26,82.42478
98,27,76.85449
98,28,63.998634
98,29,30.0
98,3,77.32145
98,4,81.81067
98,5,84.34135
98,6,85.844666
98,7,86.76165
98,8,87.323166
98,9,87.66481
99,0,0.0
99,1,100.0
99,10,100.0
99,11,100.0
99,12,100.0
99,13,100.0
99,14,100.0
99,15,100.0
99,16,100.0
99,17,100.0
99,18,100.0
99,19,100.0
99,2,100.0
99,20,100.0
99,21,100.0
99,22,100.0
99,23,100.0
99,24,100.0
99,25,100.0
99,26,100.0
99,27,100.0
99,28,100.0
99,29,30.0
99,3,100.0
99,4,100.0
99,5,100.0
99,6,100.0
99,7,100.0
99,8,100.0
99,9,100.0
