0,0,0.0
0,1,0.0
0,10,0.0
0,11,0.0
0,12,0.0
0,13,0.0
0,14,0.0
0,15,30.0
0,2,0.0
0,3,0.0
0,4,0.0
0,5,0.0
0,6,0.0
0,7,0.0
0,8,0.0
0,9,0.0
1,0,0.0
1,1,0.6355729
1,10,5.1760716
1,11,5.9451904
1,12,7.235502
1,13,9.736341
1,14,15.3421755
1,15,30.0
1,2,1.2553731
1,3,1.8455079
1,4,2.395667
1,5,2.9005978
1,6,3.361534
1,7,3.7880461
1,8,4.2012415
1,9,4.640209
10,0,0.0
10,1,11.119492
10,10,49.44681
10,11,47.822464
10,12,45.02928
10,13,41.01439
10,14,35.87347
10,15,30.0
10,2,21.193491
10,3,29.670113
10,4,36.43934
10,5,41.624233
10,6,45.419563
10,7,48.00491
10,8,49.507317
10,9,49.988937
11,0,0.0
11,1,14.543329
11,10,57.061928
11,11,54.923084
11,12,51.283463
11,13,45.885155
11,14,38.63621
11,15,30.0
11,2,27.115482
11,3,37.07179
11,4,44.573254
11,5,50.03521
11,6,53.860016
11,7,56.34825
11,8,57.682945
11,9,57.93383
12,0,0.0
12,1,19.93838
12,10,65.94417
12,11,63.524593
12,12,59.29646
12,13,52.606613
12,14,42.786266
12,15,30.0
12,2,35.653397
12,3,46.928413
12,4,54.746803
12,5,60.0835
12,6,63.63721
12,7,65.84531
12,8,66.9426
12,9,67.001656
13,0,0.0
13,1,29.556826
13,10,76.18859
13,11,73.93479
13,12,69.77124
13,13,62.45864
13,14,49.902267
13,15,30.0
13,2,48.631363
13,3,60.241753
13,4,67.40216
13,5,71.9149
13,6,74.76015
13,7,76.45331
13,8,77.2406
13,9,77.18619
14,0,0.0
14,1,49.657585
14,10,87.68934
14,11,86.2548
14,12,83.39513
14,13,77.55448
14,14,64.36418
14,15,30.0
14,2,69.07352
14,3,78.00513
14,4,82.70528
14,5,85.41385
14,6,87.03531
14,7,87.96725
14,8,88.38045
14,9,88.31398
15,0,0.0
15,1,100.0
15,10,100.0
15,11,100.0
15,12,100.0
15,13,100.0
15,14,100.0
15,15,30.0
15,2,100.0
15,3,100.0
15,4,100.0
15,5,100.0
15,6,100.0
15,7,100.0
15,8,100.0
15,9,100.0
2,0,0.0
2,1,1.2869291
2,10,10.118933
2,11,11.369224
2,12,13.260507
2,13,16.36771
2,14,21.63237
2,15,30.0
2,2,2.540432
2,3,3.7310216
2,4,4.8366
2,5,5.845234
2,6,6.757541
2,7,7.5894585
2,8,8.376762
2,9,9.183572
3,0,0.0
3,1,1.9717324
3,10,14.746948
3,11,16.152342
3,12,18.069647
3,13,20.841663
3,14,24.819618
3,15,30.0
3,2,3.888445
3,3,5.7016053
3,4,7.3745513
3,5,8.886285
3,6,10.234032
3,7,11.435585
3,8,12.532874
3,9,13.598482
4,0,0.0
4,1,2.711585
4,10,19.118166
4,11,20.42365
4,12,22.024164
4,13,24.109737
4,14,26.804468
4,15,30.0
4,2,5.340068
4,3,7.8124886
4,4,10.073822
4,5,12.091447
4,6,13.8568535
4,7,15.386115
4,8,16.720818
4,9,17.930662
5,0,0.0
5,1,3.534578
5,10,23.371561
5,11,24.400066
5,12,25.493729
5,13,26.768726
5,14,28.288557
5,15,30.0
5,2,6.9478283
5,3,10.134564
5,4,13.016938
5,5,15.548986
5,6,17.715988
5,7,19.531391
5,8,21.033792
5,9,22.285362
6,0,0.0
6,1,4.478943
6,10,27.68283
6,11,28.311485
6,12,28.782082
6,13,29.182972
6,14,29.581074
6,15,30.0
6,2,8.782188
6,3,12.761127
6,4,16.310537
6,5,19.371758
6,6,21.926922
6,7,23.989874
6,8,25.597816
6,9,26.805634
7,0,0.0
7,1,5.5990534
7,10,32.24284
7,11,32.38114
7,12,32.14027
7,13,31.600101
7,14,30.852814
7,15,30.0
7,2,10.940948
7,3,15.817357
7,4,20.092503
7,5,23.700783
7,6,26.630295
7,7,28.903595
7,8,30.562195
7,9,31.65675
8,0,0.0
8,1,6.9763722
8,10,37.250854
8,11,36.830147
8,12,35.797913
8,13,34.224445
8,14,32.230137
8,15,30.0
8,2,13.565294
8,3,19.474993
8,4,24.541504
8,5,28.708797
8,6,31.990105
8,7,34.432262
8,8,36.09086
8,9,37.01656
9,0,0.0
9,1,8.741196
9,10,42.91408
9,11,41.89086
9,12,39.996914
9,13,37.26975
9,14,33.843323
9,15,30.0
9,2,16.868961
9,3,23.975962
9,4,29.889908
9,5,34.60301
9,6,38.189293
9,7,40.744728
9,8,42.35267
9,9,43.06801
