0,0,0.0
0,1,0.0
0,10,0.0
0,11,0.0
0,12,0.0
0,13,0.0
0,14,0.0
0,15,30.0
0,2,0.0
0,3,0.0
0,4,0.0
0,5,0.0
0,6,0.0
0,7,0.0
0,8,0.0
0,9,0.0
1,0,0.0
1,1,0.6354258
1,10,5.1754594
1,11,5.944664
1,12,7.2350864
1,13,9.736053
1,14,15.342029
1,15,30.0
1,2,1.2550855
1,3,1.845092
1,4,2.3951416
1,5,2.899985
1,6,3.3608613
1,7,3.7873425
1,8,4.200538
1,9,4.639537
10,0,0.0
10,1,11.118879
10,10,49.444244
10,11,47.820267
10,12,45.02754
10,13,41.013187
10,14,35.872856
10,15,30.0
10,2,21.192291
10,3,29.668379
10,4,36.43714
10,5,41.621677
10,6,45.416756
10,7,48.001972
10,8,49.50438
10,9,49.986134
11,0,0.0
11,1,14.542804
11,10,57.059734
11,11,54.921192
11,12,51.281975
11,13,45.88412
11,14,38.63569
11,15,30.0
11,2,27.114452
11,3,37.0703
11,4,44.57137
11,5,50.033016
11,6,53.857605
11,7,56.345734
11,8,57.68043
11,9,57.93141
12,0,0.0
12,1,19.937963
12,10,65.94242
12,11,63.5231
12,12,59.295277
12,13,52.6058
12,14,42.78585
12,15,30.0
12,2,35.65258
12,3,46.927235
12,4,54.745316
12,5,60.081764
12,6,63.635307
12,7,65.84331
12,8,66.9406
12,9,66.999756
13,0,0.0
13,1,29.556541
13,10,76.18739
13,11,73.93376
13,12,69.770424
13,13,62.458076
13,14,49.901978
13,15,30.0
13,2,48.6308
13,3,60.24094
13,4,67.40114
13,5,71.9137
13,6,74.758835
13,7,76.45193
13,8,77.23923
13,9,77.18486
14,0,0.0
14,1,49.657433
14,10,87.68872
14,11,86.25427
14,12,83.39471
14,13,77.55419
14,14,64.36404
14,15,30.0
14,2,69.07323
14,3,78.004715
14,4,82.70476
14,5,85.41324
14,6,87.03464
14,7,87.96655
14,8,88.379745
14,9,88.31331
15,0,0.0
15,1,100.0
15,10,100.0
15,11,100.0
15,12,100.0
15,13,100.0
15,14,100.0
15,15,30.0
15,2,100.0
15,3,100.0
15,4,100.0
15,5,100.0
15,6,100.0
15,7,100.0
15,8,100.0
15,9,100.0
2,0,0.0
2,1,1.2866415
2,10,10.117734
2,11,11.368196
2,12,13.259692
2,13,16.36715
2,14,21.632082
2,15,30.0
2,2,2.539869
2,3,3.7302084
2,4,4.8355713
2,5,5.844036
2,6,6.7562246
2,7,7.5880823
2,8,8.375385
2,9,9.182257
3,0,0.0
3,1,1.9713163
3,10,14.745217
3,11,16.150854
3,12,18.068472
3,13,20.84085
3,14,24.819202
3,15,30.0
3,2,3.8876312
3,3,5.7004294
3,4,7.373065
3,5,8.884552
3,6,10.23213
3,7,11.433594
3,8,12.530885
3,9,13.596578
4,0,0.0
4,1,2.711059
4,10,19.115974
4,11,20.421772
4,12,22.022676
4,13,24.10871
4,14,26.803942
4,15,30.0
4,2,5.339039
4,3,7.811002
4,4,10.071942
4,5,12.089256
4,6,13.854446
4,7,15.383599
4,8,16.7183
4,9,17.928257
5,0,0.0
5,1,3.5339649
5,10,23.369005
5,11,24.397873
5,12,25.491995
5,13,26.767525
5,14,28.287943
5,15,30.0
5,2,6.9466286
5,3,10.132832
5,4,13.014748
5,5,15.5464325
5,6,17.713184
5,7,19.528456
5,8,21.03086
5,9,22.282555
6,0,0.0
6,1,4.4782696
6,10,27.680023
6,11,28.309078
6,12,28.780174
6,13,29.181654
6,14,29.580399
6,15,30.0
6,2,8.78087
6,3,12.759224
6,4,16.308132
6,5,19.368954
6,6,21.923841
6,7,23.986652
6,8,25.594593
6,9,26.802553
7,0,0.0
7,1,5.598349
7,10,32.239902
7,11,32.378624
7,12,32.138275
7,13,31.598724
7,14,30.852108
7,15,30.0
7,2,10.93957
7,3,15.815365
7,4,20.089983
7,5,23.697851
7,6,26.627071
7,7,28.900227
7,8,30.558826
7,9,31.653524
8,0,0.0
8,1,6.975669
8,10,37.247917
8,11,36.827625
8,12,35.795914
8,13,34.22307
8,14,32.22943
8,15,30.0
8,2,13.563915
8,3,19.473001
8,4,24.538986
8,5,28.705864
8,6,31.986881
8,7,34.42889
8,8,36.087486
8,9,37.013336
9,0,0.0
9,1,8.7405205
9,10,42.91127
9,11,41.888447
9,12,39.995007
9,13,37.268425
9,14,33.84265
9,15,30.0
9,2,16.867643
9,3,23.974052
9,4,29.887503
9,5,34.6002
9,6,38.18621
9,7,40.7415
9,8,42.349445
9,9,43.064922
