0,0,0.0
0,1,0.0
0,10,0.0
0,11,0.0
0,12,0.0
0,13,0.0
0,14,0.0
0,15,30.0
0,2,0.0
0,3,0.0
0,4,0.0
0,5,0.0
0,6,0.0
0,7,0.0
0,8,0.0
0,9,0.0
1,0,0.0
1,1,0.63568777
1,10,5.1765504
1,11,5.945601
1,12,7.2358265
1,13,9.736567
1,14,15.34229
1,15,30.0
1,2,1.2555978
1,3,1.8458327
1,4,2.3960776
1,5,2.9010763
1,6,3.3620596
1,7,3.7885954
1,8,4.2017913
1,9,4.6407347
10,0,0.0
10,1,11.119972
10,10,49.4488
10,11,47.824177
10,12,45.03063
10,13,41.015324
10,14,35.873947
10,15,30.0
10,2,21.194427
10,3,29.671467
10,4,36.441048
10,5,41.62623
10,6,45.421753
10,7,48.007202
10,8,49.5096
10,9,49.991127
11,0,0.0
11,1,14.543741
11,10,57.063637
11,11,54.92455
11,12,51.284622
11,13,45.885956
11,14,38.63662
11,15,30.0
11,2,27.116287
11,3,37.072952
11,4,44.574722
11,5,50.03692
11,6,53.86189
11,7,56.350212
11,8,57.684914
11,9,57.935703
12,0,0.0
12,1,19.938705
12,10,65.94552
12,11,63.525753
12,12,59.29738
12,13,52.607246
12,14,42.78659
12,15,30.0
12,2,35.65403
12,3,46.92933
12,4,54.747967
12,5,60.084854
12,6,63.638695
12,7,65.846855
12,8,66.944145
12,9,67.00314
13,0,0.0
13,1,29.557053
13,10,76.18953
13,11,73.93559
13,12,69.77187
13,13,62.459076
13,14,49.90249
13,15,30.0
13,2,48.6318
13,3,60.242386
13,4,67.40297
13,5,71.91583
13,6,74.761185
13,7,76.45438
13,8,77.241684
13,9,77.18721
14,0,0.0
14,1,49.657696
14,10,87.68981
14,11,86.25522
14,12,83.39545
14,13,77.5547
14,14,64.364296
14,15,30.0
14,2,69.07374
14,3,78.005455
14,4,82.70569
14,5,85.41434
14,6,87.03583
14,7,87.9678
14,8,88.381
14,9,88.3145
15,0,0.0
15,1,100.0
15,10,100.0
15,11,100.0
15,12,100.0
15,13,100.0
15,14,100.0
15,15,30.0
15,2,100.0
15,3,100.0
15,4,100.0
15,5,100.0
15,6,100.0
15,7,100.0
15,8,100.0
15,9,100.0
2,0,0.0
2,1,1.2871538
2,10,10.119869
2,11,11.370028
2,12,13.261143
2,13,16.36815
2,14,21.632595
2,15,30.0
2,2,2.5408716
2,3,3.731657
2,4,4.8374033
2,5,5.8461704
2,6,6.758569
2,7,7.5905337
2,8,8.377837
2,9,9.184601
3,0,0.0
3,1,1.972057
3,10,14.748302
3,11,16.153503
3,12,18.070566
3,13,20.842299
3,14,24.819944
3,15,30.0
3,2,3.8890798
3,3,5.7025237
3,4,7.3757124
3,5,8.887638
3,6,10.2355175
3,7,11.437138
3,8,12.534428
3,9,13.599966
4,0,0.0
4,1,2.7119956
4,10,19.119877
4,11,20.42512
4,12,22.025326
4,13,24.11054
4,14,26.804878
4,15,30.0
4,2,5.3408713
4,3,7.813649
4,4,10.075291
4,5,12.093157
4,6,13.85873
4,7,15.38808
4,8,16.72278
4,9,17.93254
5,0,0.0
5,1,3.5350564
5,10,23.373554
5,11,24.401777
5,12,25.49508
5,13,26.769663
5,14,28.289034
5,15,30.0
5,2,6.948764
5,3,10.135918
5,4,13.018648
5,5,15.55098
5,6,17.718176
5,7,19.533678
5,8,21.036083
5,9,22.28755
6,0,0.0
6,1,4.479468
6,10,27.685017
6,11,28.313366
6,12,28.783566
6,13,29.184002
6,14,29.581598
6,15,30.0
6,2,8.783216
6,3,12.762612
6,4,16.312416
6,5,19.373947
6,6,21.929325
6,7,23.992386
6,8,25.600328
6,9,26.808037
7,0,0.0
7,1,5.5996027
7,10,32.24513
7,11,32.383102
7,12,32.141827
7,13,31.601175
7,14,30.853363
7,15,30.0
7,2,10.942023
7,3,15.818911
7,4,20.094465
7,5,23.703074
7,6,26.632809
7,7,28.906223
7,8,30.564825
7,9,31.659262
8,0,0.0
8,1,6.9769225
8,10,37.253143
8,11,36.83211
8,12,35.79946
8,13,34.225525
8,14,32.230682
8,15,30.0
8,2,13.56637
8,3,19.476547
8,4,24.543468
8,5,28.711086
8,6,31.992619
8,7,34.43489
8,8,36.09349
8,9,37.019073
9,0,0.0
9,1,8.74172
9,10,42.916275
9,11,41.89274
9,12,39.998398
9,13,37.27077
9,14,33.84385
9,15,30.0
9,2,16.869991
9,3,23.977448
9,4,29.891792
9,5,34.6052
9,6,38.1917
9,7,40.747242
9,8,42.355183
9,9,43.07041
