0,0,0.0
0,1,0.0
0,10,0.0
0,11,0.0
0,12,0.0
0,13,0.0
0,14,0.0
0,15,30.0
0,2,0.0
0,3,0.0
0,4,0.0
0,5,0.0
0,6,0.0
0,7,0.0
0,8,0.0
0,9,0.0
1,0,0.0
1,1,0.63517475
1,10,5.1744113
1,11,5.9437647
1,12,7.234374
1,13,9.735561
1,14,15.341777
1,15,30.0
1,2,1.254594
1,3,1.8443823
1,4,2.3942432
1,5,2.898939
1,6,3.3597114
1,7,3.78614
1,8,4.199335
1,9,4.6383862
10,0,0.0
10,1,11.117826
10,10,49.439865
10,11,47.816505
10,12,45.024563
10,13,41.011127
10,14,35.871803
10,15,30.0
10,2,21.190231
10,3,29.665405
10,4,36.43338
10,5,41.617294
10,6,45.411938
10,7,47.996933
10,8,49.499336
10,9,49.981308
11,0,0.0
11,1,14.541899
11,10,57.05597
11,11,54.917965
11,12,51.27942
11,13,45.882347
11,14,38.63478
11,15,30.0
11,2,27.112686
11,3,37.06774
11,4,44.56814
11,5,50.02925
11,6,53.85347
11,7,56.3414
11,8,57.6761
11,9,57.927277
12,0,0.0
12,1,19.937248
12,10,65.939445
12,11,63.520546
12,12,59.29325
12,13,52.6044
12,14,42.785133
12,15,30.0
12,2,35.651176
12,3,46.925217
12,4,54.742756
12,5,60.07878
12,6,63.632027
12,7,65.83989
12,8,66.93717
12,9,66.996475
13,0,0.0
13,1,29.556042
13,10,76.18533
13,11,73.93199
13,12,69.76902
13,13,62.457108
13,14,49.90148
13,15,30.0
13,2,48.629826
13,3,60.23953
13,4,67.39936
13,5,71.91163
13,6,74.75657
13,7,76.449554
13,8,77.23686
13,9,77.1826
14,0,0.0
14,1,49.65718
14,10,87.68766
14,11,86.25337
14,12,83.39399
14,13,77.553696
14,14,64.363785
14,15,30.0
14,2,69.07272
14,3,78.004
14,4,82.70384
14,5,85.412186
14,6,87.03347
14,7,87.96533
14,8,88.378525
14,9,88.31215
15,0,0.0
15,1,100.0
15,10,100.0
15,11,100.0
15,12,100.0
15,13,100.0
15,14,100.0
15,15,30.0
15,2,100.0
15,3,100.0
15,4,100.0
15,5,100.0
15,6,100.0
15,7,100.0
15,8,100.0
15,9,100.0
2,0,0.0
2,1,1.28615
2,10,10.115684
2,11,11.366434
2,12,13.258301
2,13,16.366184
2,14,21.63159
2,15,30.0
2,2,2.5389082
2,3,3.7288187
2,4,4.8338146
2,5,5.8419876
2,6,6.753975
2,7,7.5857286
2,8,8.373033
2,9,9.180005
3,0,0.0
3,1,1.9706061
3,10,14.742251
3,11,16.148312
3,12,18.066456
3,13,20.839458
3,14,24.81849
3,15,30.0
3,2,3.8862412
3,3,5.6984215
3,4,7.3705244
3,5,8.881592
3,6,10.228876
3,7,11.430193
3,8,12.527482
3,9,13.593324
4,0,0.0
4,1,2.7101607
4,10,19.112225
4,11,20.418552
4,12,22.020132
4,13,24.106945
4,14,26.803041
4,15,30.0
4,2,5.337281
4,3,7.8084607
4,4,10.068729
4,5,12.08551
4,6,13.850332
4,7,15.379294
4,8,16.713997
4,9,17.924139
5,0,0.0
5,1,3.5329173
5,10,23.364634
5,11,24.394123
5,12,25.489025
5,13,26.765472
5,14,28.286892
5,15,30.0
5,2,6.9445786
5,3,10.1298685
5,4,13.011
5,5,15.542065
5,6,17.708384
5,7,19.523438
5,8,21.025839
5,9,22.277758
6,0,0.0
6,1,4.4771175
6,10,27.675219
6,11,28.304955
6,12,28.776915
6,13,29.179394
6,14,29.579247
6,15,30.0
6,2,8.778618
6,3,12.755966
6,4,16.304012
6,5,19.364151
6,6,21.918568
6,7,23.981133
6,8,25.589077
6,9,26.797276
7,0,0.0
7,1,5.597144
7,10,32.234875
7,11,32.374306
7,12,32.134865
7,13,31.596363
7,14,30.850903
7,15,30.0
7,2,10.937212
7,3,15.811957
7,4,20.085672
7,5,23.692825
7,6,26.621552
7,7,28.894451
7,8,30.553051
7,9,31.648003
8,0,0.0
8,1,6.974462
8,10,37.242886
8,11,36.823307
8,12,35.7925
8,13,34.220703
8,14,32.22822
8,15,30.0
8,2,13.561555
8,3,19.46959
8,4,24.534672
8,5,28.700834
8,6,31.981358
8,7,34.42311
8,8,36.08171
8,9,37.00781
9,0,0.0
9,1,8.739366
9,10,42.906456
9,11,41.884315
9,12,39.991737
9,13,37.266167
9,14,33.84149
9,15,30.0
9,2,16.865383
9,3,23.970787
9,4,29.883373
9,5,34.59539
9,6,38.180927
9,7,40.735973
9,8,42.343918
9,9,43.059635
