0,0,0.0
0,1,0.0
0,10,0.0
0,11,0.0
0,12,0.0
0,13,0.0
0,14,0.0
0,15,30.0
0,2,0.0
0,3,0.0
0,4,0.0
0,5,0.0
0,6,0.0
0,7,0.0
0,8,0.0
0,9,0.0
1,0,0.0
1,1,3.3309174
1,10,10.142527
1,11,10.284348
1,12,10.779419
1,13,12.256851
1,14,16.665459
1,15,30.0
1,2,6.106682
1,3,8.089371
1,4,9.222336
1,5,9.788818
1,6,10.001278
1,7,10.072231
1,8,10.089827
1,9,10.10067
10,0,0.0
10,1,10.967913
10,10,31.85379
10,11,31.826715
10,12,31.700544
10,13,31.416826
10,14,30.825357
10,15,30.0
10,2,19.970217
10,3,26.059237
10,4,29.487314
10,5,31.059313
10,6,31.646309
10,7,31.817541
10,8,31.855593
10,9,31.8616
11,0,0.0
11,1,12.762375
11,10,35.458572
11,11,35.338974
11,12,35.014267
11,13,34.131737
11,14,32.478027
11,15,30.0
11,2,22.857304
11,3,29.471321
11,4,33.050842
11,5,34.675713
11,6,35.266846
11,7,35.440083
11,8,35.478134
11,9,35.478535
12,0,0.0
12,1,17.056198
12,10,43.163025
12,11,42.93354
12,12,42.146206
12,13,40.261383
12,14,36.27678
12,15,30.0
12,2,29.489632
12,3,36.94069
12,4,40.78457
12,5,42.434235
12,6,43.032715
12,7,43.20261
12,8,43.23826
12,9,43.234386
13,0,0.0
13,1,26.607246
13,10,56.708725
13,11,56.30701
13,12,55.134087
13,13,51.86138
13,14,44.350395
13,15,30.0
13,2,42.492218
13,3,50.73635
13,4,54.536266
13,5,56.101532
13,6,56.63707
13,7,56.791107
13,8,56.822174
13,9,56.802116
14,0,0.0
14,1,47.77939
14,10,76.33401
14,11,76.00319
14,12,74.84802
14,13,71.40068
14,14,61.11393
14,15,30.0
14,2,65.25051
14,3,72.157974
14,4,74.94118
14,5,75.9803
14,6,76.33114
14,7,76.42727
14,8,76.44486
14,9,76.43053
15,0,0.0
15,1,100.0
15,10,100.0
15,11,100.0
15,12,100.0
15,13,100.0
15,14,100.0
15,15,30.0
15,2,100.0
15,3,100.0
15,4,100.0
15,5,100.0
15,6,100.0
15,7,100.0
15,8,100.0
15,9,100.0
2,0,0.0
2,1,6.106682
2,10,18.553362
2,11,18.725567
2,12,19.228249
2,13,20.630836
2,14,23.84983
2,15,30.0
2,2,11.261673
2,3,14.830513
2,4,16.954823
2,5,17.946167
2,6,18.347425
2,7,18.4657
2,8,18.49677
2,9,18.512478
3,0,0.0
3,1,8.089371
3,10,24.358664
3,11,24.457054
3,12,24.794483
3,13,25.602264
3,14,27.309952
3,15,30.0
3,2,14.830513
3,3,19.588966
3,4,22.308083
3,5,23.629875
3,6,24.125547
3,7,24.28133
3,8,24.316978
3,9,24.32722
4,0,0.0
4,1,9.222336
4,10,27.66057
4,11,27.711868
4,12,27.851028
4,13,28.229256
4,14,28.937988
4,15,30.0
4,2,16.954823
4,3,22.308083
4,4,25.423737
4,5,26.877708
4,6,27.43947
4,7,27.604694
4,8,27.642746
4,9,27.651157
5,0,0.0
5,1,9.788885
5,10,29.205532
5,11,29.217176
5,12,29.27125
5,13,29.392843
5,14,29.64633
5,15,30.0
5,2,17.946234
5,3,23.629942
5,4,26.877775
5,5,28.411055
5,6,28.986034
5,7,29.157267
5,8,29.195318
5,9,29.201326
6,0,0.0
6,1,10.002146
6,10,29.785519
6,11,29.789152
6,12,29.799166
6,13,29.835787
6,14,29.901104
6,15,30.0
6,2,18.348894
6,3,24.127016
6,4,27.440939
6,5,28.987436
6,6,29.569626
6,7,29.740858
6,8,29.77891
6,9,29.784918
7,0,0.0
7,1,10.080776
7,10,29.97077
7,11,29.970798
7,12,29.973202
7,13,29.976406
7,14,29.987288
7,15,30.0
7,2,18.478785
7,3,24.296818
7,4,27.620182
7,5,29.172688
7,6,29.754877
7,7,29.92611
7,8,29.96416
7,9,29.97017
8,0,0.0
8,1,10.139427
8,10,30.097609
8,11,30.097637
8,12,30.09203
8,13,30.079975
8,14,30.045938
8,15,30.0
8,2,18.582354
8,3,24.415646
8,4,27.74702
8,5,29.299526
8,6,29.881716
8,7,30.052948
8,8,30.091
8,9,30.097008
9,0,0.0
9,1,10.333452
9,10,30.503159
9,11,30.494776
9,12,30.47141
9,13,30.385962
9,14,30.23241
9,15,30.0
9,2,18.899069
9,3,24.799261
9,4,28.146563
9,5,29.705076
9,6,30.287266
9,7,30.458498
9,8,30.49655
9,9,30.502558
