0,0,0.0
0,1,0.0
0,10,0.0
0,11,0.0
0,12,0.0
0,13,0.0
0,14,0.0
0,15,0.0
0,16,0.0
0,17,0.0
0,18,0.0
0,19,0.0
0,2,0.0
0,20,0.0
0,21,0.0
0,22,0.0
0,23,0.0
0,24,0.0
0,25,0.0
0,26,0.0
0,27,0.0
0,28,0.0
0,29,30.0
0,3,0.0
0,4,0.0
0,5,0.0
0,6,0.0
0,7,0.0
0,8,0.0
0,9,0.0
1,0,0.0
1,1,0.31968868
1,10,2.501839
1,11,2.6322017
1,12,2.7426705
1,13,2.8362856
1,14,2.9163508
1,15,2.9868786
1,16,3.0523229
1,17,3.1179895
1,18,3.190288
1,19,3.2773542
1,2,0.63406205
1,20,3.390214
1,21,3.5444627
1,22,3.7639365
1,23,4.0871143
1,24,4.581708
1,25,5.3776336
1,26,6.753757
1,27,9.387529
1,28,15.159286
1,29,30.0
1,3,0.93815565
1,4,1.2273462
1,5,1.497965
1,6,1.746906
1,7,1.9723687
1,8,2.1731577
1,9,2.3494298
10,0,0.0
10,1,2.4963806
10,10,19.505713
10,11,20.507158
10,12,21.346388
10,13,22.041569
10,14,22.614151
10,15,23.085945
10,16,23.479836
10,17,23.818256
10,18,24.123318
10,19,24.416534
10,2,4.951391
10,20,24.718245
10,21,25.04813
10,22,25.423676
10,23,25.86073
10,24,26.370884
10,25,26.961422
10,26,27.632101
10,27,28.374964
10,28,29.172575
10,29,30.0
10,3,7.325347
10,4,9.583261
10,5,11.694627
10,6,13.636973
10,7,15.393663
10,8,16.95726
10,9,18.325832
11,0,0.0
11,1,2.6235793
11,10,20.494667
11,11,21.545399
11,12,22.424084
11,13,23.150623
11,14,23.746029
11,15,24.233202
11,16,24.634686
11,17,24.972954
11,18,25.269495
11,19,25.544521
11,2,5.2034726
11,20,25.817116
11,21,26.104242
11,22,26.421394
11,23,26.780804
11,24,27.192043
11,25,27.659676
11,26,28.183632
11,27,28.757309
11,28,29.36858
11,29,30.0
11,3,7.6985116
11,4,10.071007
11,5,12.290069
11,6,14.330622
11,7,16.176733
11,8,17.818836
11,9,19.256535
12,0,0.0
12,1,2.7292488
12,10,21.31643
12,11,22.407207
12,12,23.318764
12,13,24.070347
12,14,24.684227
12,15,25.182884
12,16,25.589352
12,17,25.92566
12,18,26.212744
12,19,26.470083
12,2,5.4132037
12,20,26.715097
12,21,26.963596
12,22,27.22859
12,23,27.521042
12,24,27.848179
12,25,28.214252
12,26,28.618816
12,27,29.057636
12,28,29.521948
12,29,30.0
12,3,8.008511
12,4,10.476756
12,5,12.784701
12,6,14.907524
12,7,16.827166
12,8,18.535152
12,9,20.029427
13,0,0.0
13,1,2.815702
13,10,21.987263
13,11,23.111057
13,12,24.048672
13,13,24.820635
13,14,25.448704
13,15,25.956118
13,16,26.365509
13,17,26.698889
13,18,26.976711
13,19,27.217546
13,2,5.584504
13,20,27.438131
13,21,27.652622
13,22,27.873238
13,23,28.109098
13,24,28.367064
13,25,28.650406
13,26,28.959705
13,27,29.291885
13,28,29.641352
13,29,30.0
13,3,8.262112
13,4,10.80815
13,5,13.189266
13,6,15.378679
13,7,17.359001
13,8,19.120083
13,9,20.661106
14,0,0.0
14,1,2.8851242
14,10,22.526175
14,11,23.675833
14,12,24.634525
14,13,25.422182
14,14,26.06144
14,15,26.57512
14,16,26.986187
14,17,27.31627
14,18,27.58546
14,19,27.811888
14,2,5.7223063
14,20,28.011265
14,21,28.197264
14,22,28.380733
14,23,28.570488
14,24,28.77233
14,25,28.989937
14,26,29.223988
14,27,29.473106
14,28,29.733494
14,29,30.0
14,3,8.465751
14,4,11.074698
14,5,13.514119
14,6,15.757542
14,7,17.78601
14,8,19.590252
14,9,21.168179
15,0,0.0
15,1,2.940038
15,10,22.95142
15,11,24.121761
15,12,25.096561
15,13,25.896639
15,14,26.54418
15,15,27.062527
15,16,27.474306
15,17,27.801142
15,18,28.062809
15,19,28.276888
15,2,5.8310943
15,20,28.45877
15,21,28.621193
15,22,28.774778
15,23,28.927408
15,24,29.085026
15,25,29.25095
15,26,29.42674
15,27,29.611738
15,28,29.80394
15,29,30.0
15,3,8.626816
15,4,11.28512
15,5,13.770998
15,6,16.056612
15,7,18.123558
15,8,19.961353
15,9,21.568825
16,0,0.0
16,1,2.9826565
16,10,23.281662
16,11,24.46762
16,12,25.455074
16,13,26.264374
16,14,26.91829
16,15,27.43984
16,16,27.85186
16,17,28.17573
16,18,28.430994
16,19,28.635017
16,2,5.9157
16,20,28.802608
16,21,28.946331
16,22,29.076092
16,23,29.199795
16,24,29.322895
16,25,29.449158
16,26,29.580269
16,27,29.71662
16,28,29.857136
16,29,30.0
16,3,8.751816
16,4,11.44874
16,5,13.970354
16,6,16.289097
16,7,18.385496
16,8,20.249716
16,9,21.879677
17,0,0.0
17,1,3.015246
17,10,23.533518
17,11,24.731594
17,12,25.728369
17,13,26.544767
17,14,27.203236
17,15,27.72712
17,16,28.139027
17,17,28.460331
17,18,28.710419
17,19,28.906328
17,2,5.980249
17,20,29.062748
17,21,29.191732
17,22,29.303177
17,23,29.404518
17,24,29.501425
17,25,29.597519
17,26,29.695082
17,27,29.794886
17,28,29.896832
17,29,30.0
17,3,8.84739
17,4,11.57357
17,5,14.122741
17,6,16.466457
17,7,18.585651
17,8,20.46968
17,9,22.11709
18,0,0.0
18,1,3.0396874
18,10,23.722569
18,11,24.929462
18,12,25.933348
18,13,26.754827
18,14,27.416714
18,15,27.942133
18,16,28.353823
18,17,28.673016
18,18,28.918964
18,19,29.108616
18,2,6.0287743
18,20,29.256338
18,21,29.374163
18,22,29.471598
18,23,29.55619
18,24,29.633366
18,25,29.707079
18,26,29.779682
18,27,29.852545
18,28,29.926031
18,29,30.0
18,3,8.919067
18,4,11.667395
18,5,14.237025
18,6,16.599724
18,7,18.73575
18,8,20.634888
18,9,22.295105
19,0,0.0
19,1,3.0577521
19,10,23.861893
19,11,25.075422
19,12,26.084358
19,13,26.909645
19,14,27.573885
19,15,28.100399
19,16,28.511797
19,17,28.829298
19,18,29.072084
19,19,29.25693
19,2,6.064548
19,20,29.398165
19,21,29.50755
19,22,29.594646
19,23,29.666758
19,24,29.729492
19,25,29.786724
19,26,29.841171
19,27,29.894379
19,28,29.947224
19,29,30.0
19,3,8.972038
19,4,11.736563
19,5,14.32146
19,6,16.697966
19,7,18.846601
19,8,20.756664
19,9,22.426506
2,0,0.0
2,1,0.6340478
2,10,4.9618855
2,11,5.2201014
2,12,5.4390655
2,13,5.624202
2,14,5.7824297
2,15,5.921247
2,16,6.049502
2,17,6.177285
2,18,6.316761
2,19,6.4832325
2,2,1.2576376
2,20,6.696714
2,21,6.9852505
2,22,7.3895283
2,23,7.9725957
2,24,8.836218
2,25,10.154143
2,26,12.233826
2,27,15.626349
2,28,21.244173
2,29,30.0
2,3,1.8606688
2,4,2.4343774
2,5,2.9709435
2,6,3.4648528
2,7,3.9118052
2,8,4.310193
2,9,4.6595387
20,0,0.0
20,1,3.0708423
20,10,23.962961
20,11,25.181145
20,12,26.193819
20,13,27.021732
20,14,27.687695
20,15,28.214903
20,16,28.626032
20,17,28.942234
20,18,29.18262
20,19,29.363926
20,2,6.090539
20,20,29.50032
20,21,29.603579
20,22,29.68306
20,23,29.746174
20,24,29.798391
20,25,29.843807
20,26,29.885155
20,27,29.924313
20,28,29.962366
20,29,30.0
20,3,9.010422
20,4,11.786806
20,5,14.382643
20,6,16.769304
20,7,18.926922
20,8,20.845055
20,9,22.521704
21,0,0.0
21,1,3.0801923
21,10,24.034924
21,11,25.256508
21,12,26.271736
21,13,27.101564
21,14,27.768673
21,15,28.296366
21,16,28.707245
21,17,29.022469
21,18,29.261105
21,19,29.439808
21,2,6.1090508
21,20,29.57274
21,21,29.67154
21,22,29.74562
21,23,29.802254
21,24,29.84705
21,25,29.884039
21,26,29.916168
21,27,29.945381
21,28,29.973034
21,29,30.0
21,3,9.037833
21,4,11.82259
21,5,14.426323
21,6,16.82011
21,7,18.984243
21,8,20.907997
21,9,22.589611
22,0,0.0
22,1,3.0867372
22,10,24.085365
22,11,25.309242
22,12,26.326313
22,13,27.157408
22,14,27.825336
22,15,28.353321
22,16,28.76401
22,17,29.078516
22,18,29.315887
22,19,29.492752
22,2,6.1220474
22,20,29.6232
22,21,29.718887
22,22,29.789127
22,23,29.841267
22,24,29.880829
22,25,29.911982
22,26,29.937668
22,27,29.96
22,28,29.980423
22,29,30.0
22,3,9.057022
22,4,11.847707
22,5,14.4569
22,6,16.85576
22,7,19.024364
22,8,20.952145
22,9,22.637135
23,0,0.0
23,1,3.0912538
23,10,24.120056
23,11,25.34556
23,12,26.36384
23,13,27.195839
23,14,27.864288
23,15,28.392479
23,16,28.803009
23,17,29.117002
23,18,29.353487
23,19,29.529055
23,2,6.130988
23,20,29.657797
23,21,29.751303
23,22,29.81892
23,23,29.867928
23,24,29.903927
23,25,29.931055
23,26,29.95235
23,27,29.969967
23,28,29.985466
23,29,30.0
23,3,9.070261
23,4,11.864986
23,5,14.477991
23,6,16.880283
23,7,19.052032
23,8,20.982512
23,9,22.669888
24,0,0.0
24,1,3.0943072
24,10,24.14355
24,11,25.370106
24,12,26.389235
24,13,27.221806
24,14,27.890623
24,15,28.418924
24,16,28.829348
24,17,29.142984
24,18,29.378853
24,19,29.553543
24,2,6.137052
24,20,29.681105
24,21,29.773146
24,22,29.838963
24,23,29.885874
24,24,29.91945
24,25,29.943874
24,26,29.96221
24,27,29.976662
24,28,29.98885
24,29,30.0
24,3,9.079212
24,4,11.876703
24,5,14.49225
24,6,16.896908
24,7,19.070736
24,8,21.003086
24,9,22.692026
25,0,0.0
25,1,3.0963428
25,10,24.159153
25,11,25.386436
25,12,26.406097
25,13,27.239067
25,14,27.908106
25,15,28.436493
25,16,28.846828
25,17,29.160221
25,18,29.39568
25,19,29.569769
25,2,6.141081
25,20,29.696554
25,21,29.787601
25,22,29.852232
25,23,29.89774
25,24,29.929714
25,25,29.952349
25,26,29.96872
25,27,29.981083
25,28,29.991085
25,29,30.0
25,3,9.085178
25,4,11.884487
25,5,14.50175
25,6,16.907951
25,7,19.08319
25,8,21.016754
25,9,22.706766
26,0,0.0
26,1,3.0976717
26,10,24.169357
26,11,25.397095
26,12,26.417118
26,13,27.250332
26,14,27.919525
26,15,28.447948
26,16,28.85823
26,17,29.171463
26,18,29.406643
26,19,29.580349
26,2,6.1437197
26,20,29.70661
26,21,29.797016
26,22,29.860865
26,23,29.905458
26,24,29.936388
26,25,29.957851
26,26,29.972954
26,27,29.983953
26,28,29.992538
26,29,30.0
26,3,9.089073
26,4,11.889585
26,5,14.507953
26,6,16.91518
26,7,19.091322
26,8,21.025696
26,9,22.716385
27,0,0.0
27,1,3.0985272
27,10,24.175901
27,11,25.403942
27,12,26.424187
27,13,27.257565
27,14,27.926846
27,15,28.455301
27,16,28.865543
27,17,29.178665
27,18,29.41367
27,19,29.587116
27,2,6.145413
27,20,29.713053
27,21,29.80304
27,22,29.86639
27,23,29.910393
27,24,29.940655
27,25,29.961372
27,26,29.975655
27,27,29.98579
27,28,29.993462
27,29,30.0
27,3,9.091579
27,4,11.892856
27,5,14.511943
27,6,16.919819
27,7,19.09655
27,8,21.031433
27,9,22.722569
28,0,0.0
28,1,3.0990665
28,10,24.180035
28,11,25.408257
28,12,26.42865
28,13,27.26212
28,14,27.931461
28,15,28.45993
28,16,28.870146
28,17,29.183205
28,18,29.41809
28,19,29.591381
28,2,6.1464834
28,20,29.7171
28,21,29.806828
28,22,29.86986
28,23,29.913494
28,24,29.943335
28,25,29.963581
28,26,29.977356
28,27,29.98694
28,28,29.99405
28,29,30.0
28,3,9.09316
28,4,11.894922
28,5,14.514458
28,6,16.922749
28,7,19.099848
28,8,21.035055
28,9,22.726465
29,0,0.0
29,1,3.0994015
29,10,24.182592
29,11,25.41093
29,12,26.431408
29,13,27.264944
29,14,27.934317
29,15,28.462797
29,16,28.873
29,17,29.186008
29,18,29.42083
29,19,29.594015
29,2,6.1471467
29,20,29.719604
29,21,29.809172
29,22,29.872005
29,23,29.915413
29,24,29.944988
29,25,29.964947
29,26,29.978401
29,27,29.987656
29,28,29.994406
29,29,30.0
29,3,9.094141
29,4,11.896204
29,5,14.516021
29,6,16.924564
29,7,19.101894
29,8,21.037302
29,9,22.728882
3,0,0.0
3,1,0.93809617
3,10,7.3401017
3,11,7.7219276
3,12,8.045019
3,13,8.318079
3,14,8.55051
3,15,8.753596
3,16,8.93965
3,17,9.123018
3,18,9.320507
3,19,9.55261
3,2,1.8605928
3,20,9.845758
3,21,10.234889
3,22,10.769037
3,23,11.518192
3,24,12.586262
3,25,14.127773
3,26,16.369986
3,27,19.61878
3,28,24.180523
3,29,30.0
3,3,2.7529087
3,4,3.6014845
3,5,4.3955297
3,6,5.1259418
3,7,5.787398
3,8,6.3763943
3,9,6.8933325
30,0,0.0
30,1,3.0996056
30,10,24.18415
30,11,25.412556
30,12,26.43309
30,13,27.266659
30,14,27.936058
30,15,28.464542
30,16,28.87473
30,17,29.187717
30,18,29.422491
30,19,29.595617
30,2,6.1475515
30,20,29.72113
30,21,29.810589
30,22,29.87331
30,23,29.916576
30,24,29.945995
30,25,29.965776
30,26,29.979042
30,27,29.988083
30,28,29.994625
30,29,30.0
30,3,9.09474
30,4,11.896985
30,5,14.516972
30,6,16.925673
30,7,19.103138
30,8,21.03867
30,9,22.730354
31,0,0.0
31,1,3.0997276
31,10,24.185081
31,11,25.413532
31,12,26.434092
31,13,27.267689
31,14,27.937094
31,15,28.465582
31,16,28.875767
31,17,29.188736
31,18,29.423485
31,19,29.596577
31,2,6.1477933
31,20,29.722034
31,21,29.811443
31,22,29.874084
31,23,29.91727
31,24,29.946594
31,25,29.96627
31,26,29.97942
31,27,29.988342
31,28,29.994753
31,29,30.0
31,3,9.095098
31,4,11.897451
31,5,14.517542
31,6,16.926334
31,7,19.103886
31,8,21.039486
31,9,22.731236
32,0,0.0
32,1,3.0997996
32,10,24.185627
32,11,25.4141
32,12,26.434683
32,13,27.268288
32,14,27.937704
32,15,28.466194
32,16,28.876373
32,17,29.189337
32,18,29.424067
32,19,29.597136
32,2,6.1479363
32,20,29.722572
32,21,29.811937
32,22,29.874542
32,23,29.917675
32,24,29.946947
32,25,29.966557
32,26,29.979641
32,27,29.988491
32,28,29.99483
32,29,30.0
32,3,9.095307
32,4,11.897728
32,5,14.517876
32,6,16.926723
32,7,19.104322
32,8,21.039967
32,9,22.73175
33,0,0.0
33,1,3.099841
33,10,24.185946
33,11,25.414433
33,12,26.435022
33,13,27.268635
33,14,27.938055
33,15,28.466547
33,16,28.876726
33,17,29.189678
33,18,29.424404
33,19,29.59746
33,2,6.1480184
33,20,29.722874
33,21,29.812227
33,22,29.874802
33,23,29.917913
33,24,29.947145
33,25,29.966726
33,26,29.979769
33,27,29.98858
33,28,29.994873
33,29,30.0
33,3,9.095429
33,4,11.897886
33,5,14.518069
33,6,16.926949
33,7,19.104576
33,8,21.040243
33,9,22.732048
34,0,0.0
34,1,3.0998647
34,10,24.186123
34,11,25.414618
34,12,26.435215
34,13,27.268833
34,14,27.938255
34,15,28.466747
34,16,28.876923
34,17,29.189873
34,18,29.424595
34,19,29.597641
34,2,6.1480646
34,20,29.723053
34,21,29.812386
34,22,29.874952
34,23,29.918041
34,24,29.947262
34,25,29.96682
34,26,29.979843
34,27,29.988628
34,28,29.9949
34,29,30.0
34,3,9.095498
34,4,11.897976
34,5,14.518179
34,6,16.927074
34,7,19.104717
34,8,21.040401
34,9,22.732218
35,0,0.0
35,1,3.099878
35,10,24.186222
35,11,25.414722
35,12,26.435322
35,13,27.268942
35,14,27.938366
35,15,28.466858
35,16,28.877031
35,17,29.189983
35,18,29.424698
35,19,29.597744
35,2,6.148091
35,20,29.723146
35,21,29.812477
35,22,29.875034
35,23,29.91812
35,24,29.947325
35,25,29.966873
35,26,29.979883
35,27,29.988655
35,28,29.994911
35,29,30.0
35,3,9.095537
35,4,11.8980255
35,5,14.518239
35,6,16.927147
35,7,19.104797
35,8,21.04049
35,9,22.73231
36,0,0.0
36,1,3.099885
36,10,24.186277
36,11,25.41478
36,12,26.435383
36,13,27.269001
36,14,27.938425
36,15,28.466919
36,16,28.877092
36,17,29.19004
36,18,29.424759
36,19,29.597797
36,2,6.1481056
36,20,29.7232
36,21,29.812525
36,22,29.875082
36,23,29.918158
36,24,29.947361
36,25,29.9669
36,26,29.9799
36,27,29.98867
36,28,29.994919
36,29,30.0
36,3,9.095557
36,4,11.898053
36,5,14.518272
36,6,16.927185
36,7,19.104841
36,8,21.040535
36,9,22.732363
37,0,0.0
37,1,3.0998888
37,10,24.186306
37,11,25.414806
37,12,26.435411
37,13,27.269033
37,14,27.938457
37,15,28.466951
37,16,28.877123
37,17,29.190075
37,18,29.424786
37,19,29.597828
37,2,6.1481123
37,20,29.723227
37,21,29.812553
37,22,29.875103
37,23,29.918179
37,24,29.947378
37,25,29.966915
37,26,29.979916
37,27,29.988678
37,28,29.994923
37,29,30.0
37,3,9.09557
37,4,11.898067
37,5,14.5182905
37,6,16.927206
37,7,19.104864
37,8,21.040562
37,9,22.73239
38,0,0.0
38,1,3.0998905
38,10,24.186321
38,11,25.414825
38,12,26.435427
38,13,27.26905
38,14,27.938473
38,15,28.466965
38,16,28.877142
38,17,29.19009
38,18,29.424805
38,19,29.597843
38,2,6.148117
38,20,29.723244
38,21,29.812567
38,22,29.875118
38,23,29.91819
38,24,29.947388
38,25,29.966925
38,26,29.97992
38,27,29.988686
38,28,29.994925
38,29,30.0
38,3,9.095575
38,4,11.898075
38,5,14.518301
38,6,16.927216
38,7,19.104877
38,8,21.040573
38,9,22.732407
39,0,0.0
39,1,3.0998921
39,10,24.186329
39,11,25.414833
39,12,26.435436
39,13,27.26906
39,14,27.93848
39,15,28.466976
39,16,28.877148
39,17,29.1901
39,18,29.424812
39,19,29.597855
39,2,6.1481185
39,20,29.723251
39,21,29.812574
39,22,29.875124
39,23,29.918198
39,24,29.947395
39,25,29.966927
39,26,29.979927
39,27,29.988682
39,28,29.994926
39,29,30.0
39,3,9.095578
39,4,11.898079
39,5,14.518305
39,6,16.927221
39,7,19.104883
39,8,21.04058
39,9,22.732412
4,0,0.0
4,1,1.2271876
4,10,9.601133
4,11,10.099591
4,12,10.521374
4,13,10.876656
4,14,11.178242
4,15,11.439793
4,16,11.677077
4,17,11.907499
4,18,12.151184
4,19,12.432118
4,2,2.4341192
4,20,12.779567
4,21,13.231255
4,22,13.836068
4,23,14.659887
4,24,15.790149
4,25,17.341883
4,26,19.4545
4,27,22.26813
4,28,25.843857
4,29,30.0
4,3,3.601251
4,4,4.7115827
4,5,5.750001
4,6,6.7057724
4,7,7.570592
4,8,8.34126
4,9,9.016838
40,0,0.0
40,1,3.099892
40,10,24.186333
40,11,25.414837
40,12,26.435442
40,13,27.269062
40,14,27.938488
40,15,28.466976
40,16,28.877153
40,17,29.190102
40,18,29.424818
40,19,29.597858
40,2,6.14812
40,20,29.723255
40,21,29.812578
40,22,29.87513
40,23,29.918201
40,24,29.947395
40,25,29.96693
40,26,29.979925
40,27,29.988686
40,28,29.994926
40,29,30.0
40,3,9.095578
40,4,11.898081
40,5,14.518307
40,6,16.927223
40,7,19.104885
40,8,21.040585
40,9,22.732416
41,0,0.0
41,1,3.0998921
41,10,24.186335
41,11,25.414839
41,12,26.43544
41,13,27.269066
41,14,27.938488
41,15,28.466984
41,16,28.877155
41,17,29.190105
41,18,29.42482
41,19,29.597858
41,2,6.14812
41,20,29.723259
41,21,29.81258
41,22,29.87513
41,23,29.918201
41,24,29.947397
41,25,29.966932
41,26,29.979925
41,27,29.988686
41,28,29.994926
41,29,30.0
41,3,9.095579
41,4,11.898081
41,5,14.518308
41,6,16.927225
41,7,19.104887
41,8,21.040586
41,9,22.732418
42,0,0.0
42,1,3.0998921
42,10,24.186337
42,11,25.414839
42,12,26.435444
42,13,27.269066
42,14,27.938492
42,15,28.466984
42,16,28.87716
42,17,29.190105
42,18,29.424822
42,19,29.597858
42,2,6.14812
42,20,29.723257
42,21,29.81258
42,22,29.87513
42,23,29.918201
42,24,29.947397
42,25,29.96693
42,26,29.979927
42,27,29.988686
42,28,29.994928
42,29,30.0
42,3,9.095579
42,4,11.898082
42,5,14.518308
42,6,16.927225
42,7,19.104887
42,8,21.040586
42,9,22.732418
43,0,0.0
43,1,3.0998924
43,10,24.186335
43,11,25.41484
43,12,26.435442
43,13,27.269066
43,14,27.93849
43,15,28.466986
43,16,28.877157
43,17,29.190107
43,18,29.424818
43,19,29.59786
43,2,6.14812
43,20,29.723255
43,21,29.812582
43,22,29.87513
43,23,29.918203
43,24,29.947397
43,25,29.966932
43,26,29.979925
43,27,29.98869
43,28,29.994926
43,29,30.0
43,3,9.09558
43,4,11.898083
43,5,14.518309
43,6,16.927227
43,7,19.104889
43,8,21.040588
43,9,22.732418
44,0,0.0
44,1,3.0998926
44,10,24.186337
44,11,25.414839
44,12,26.435446
44,13,27.269066
44,14,27.938492
44,15,28.466984
44,16,28.87716
44,17,29.190105
44,18,29.42482
44,19,29.597858
44,2,6.14812
44,20,29.723259
44,21,29.81258
44,22,29.87513
44,23,29.918203
44,24,29.9474
44,25,29.96693
44,26,29.979929
44,27,29.988686
44,28,29.994928
44,29,30.0
44,3,9.09558
44,4,11.898083
44,5,14.51831
44,6,16.927227
44,7,19.104889
44,8,21.040588
44,9,22.732418
45,0,0.0
45,1,3.0998926
45,10,24.186335
45,11,25.41484
45,12,26.435444
45,13,27.269068
45,14,27.93849
45,15,28.466986
45,16,28.87716
45,17,29.190107
45,18,29.42482
45,19,29.597862
45,2,6.1481204
45,20,29.723255
45,21,29.812584
45,22,29.87513
45,23,29.918201
45,24,29.947397
45,25,29.966934
45,26,29.979927
45,27,29.988688
45,28,29.994926
45,29,30.0
45,3,9.09558
45,4,11.898083
45,5,14.518309
45,6,16.927227
45,7,19.104889
45,8,21.040588
45,9,22.732418
46,0,0.0
46,1,3.0998926
46,10,24.186337
46,11,25.41484
46,12,26.435444
46,13,27.269066
46,14,27.938492
46,15,28.466984
46,16,28.87716
46,17,29.190107
46,18,29.424822
46,19,29.597858
46,2,6.1481204
46,20,29.723259
46,21,29.81258
46,22,29.875132
46,23,29.918201
46,24,29.947397
46,25,29.966932
46,26,29.979929
46,27,29.988686
46,28,29.994928
46,29,30.0
46,3,9.09558
46,4,11.898083
46,5,14.51831
46,6,16.927227
46,7,19.104889
46,8,21.040588
46,9,22.73242
47,0,0.0
47,1,3.0998926
47,10,24.186337
47,11,25.41484
47,12,26.435444
47,13,27.269068
47,14,27.938492
47,15,28.466986
47,16,28.87716
47,17,29.190107
47,18,29.424818
47,19,29.597862
47,2,6.1481204
47,20,29.723255
47,21,29.812584
47,22,29.87513
47,23,29.918203
47,24,29.947397
47,25,29.966934
47,26,29.979927
47,27,29.988688
47,28,29.994926
47,29,30.0
47,3,9.095579
47,4,11.898083
47,5,14.518309
47,6,16.927227
47,7,19.104887
47,8,21.040588
47,9,22.732418
48,0,0.0
48,1,3.0998926
48,10,24.186337
48,11,25.414839
48,12,26.435444
48,13,27.269066
48,14,27.938492
48,15,28.466984
48,16,28.87716
48,17,29.190107
48,18,29.424822
48,19,29.597857
48,2,6.14812
48,20,29.72326
48,21,29.81258
48,22,29.875134
48,23,29.918201
48,24,29.947397
48,25,29.96693
48,26,29.979927
48,27,29.988686
48,28,29.994928
48,29,30.0
48,3,9.09558
48,4,11.898083
48,5,14.518309
48,6,16.927225
48,7,19.104887
48,8,21.040586
48,9,22.732418
49,0,0.0
49,1,3.0998921
49,10,24.186337
49,11,25.41484
49,12,26.435444
49,13,27.269066
49,14,27.938492
49,15,28.466986
49,16,28.877157
49,17,29.19011
49,18,29.424818
49,19,29.597862
49,2,6.14812
49,20,29.723255
49,21,29.812584
49,22,29.875128
49,23,29.918201
49,24,29.947395
49,25,29.966934
49,26,29.979925
49,27,29.988688
49,28,29.994926
49,29,30.0
49,3,9.095579
49,4,11.898082
49,5,14.518309
49,6,16.927225
49,7,19.104887
49,8,21.040586
49,9,22.732418
5,0,0.0
5,1,1.4976214
5,10,11.714278
5,11,12.321802
5,12,12.834563
5,13,13.2658615
5,14,13.629932
5,15,13.943507
5,16,14.224348
5,17,14.492384
5,18,14.769803
5,19,15.0819645
5,2,2.9703321
5,20,15.459108
5,21,15.93736
5,22,16.561817
5,23,17.387432
5,24,18.481535
5,25,19.920527
5,26,21.781672
5,27,24.11714
5,28,26.907686
5,29,30.0
5,3,4.3948145
5,4,5.7494426
5,5,7.0169163
5,6,8.182738
5,7,9.238299
5,8,10.178019
5,9,11.002363
50,0,0.0
50,1,3.0998926
50,10,24.186335
50,11,25.41484
50,12,26.435444
50,13,27.269068
50,14,27.938492
50,15,28.466984
50,16,28.87716
50,17,29.190107
50,18,29.42482
50,19,29.597858
50,2,6.14812
50,20,29.723259
50,21,29.812576
50,22,29.87513
50,23,29.918198
50,24,29.9474
50,25,29.966928
50,26,29.979927
50,27,29.988686
50,28,29.994926
50,29,30.0
50,3,9.09558
50,4,11.898083
50,5,14.518308
50,6,16.927227
50,7,19.104887
50,8,21.040586
50,9,22.732418
51,0,0.0
51,1,3.0998924
51,10,24.186337
51,11,25.41484
51,12,26.435444
51,13,27.269068
51,14,27.938492
51,15,28.466986
51,16,28.87716
51,17,29.190107
51,18,29.424818
51,19,29.59786
51,2,6.14812
51,20,29.723255
51,21,29.812584
51,22,29.875126
51,23,29.918203
51,24,29.947395
51,25,29.966932
51,26,29.979925
51,27,29.988686
51,28,29.994926
51,29,30.0
51,3,9.09558
51,4,11.898083
51,5,14.518309
51,6,16.927225
51,7,19.104887
51,8,21.040588
51,9,22.732418
52,0,0.0
52,1,3.0998926
52,10,24.186335
52,11,25.41484
52,12,26.435444
52,13,27.269068
52,14,27.938492
52,15,28.466986
52,16,28.87716
52,17,29.190107
52,18,29.42482
52,19,29.597858
52,2,6.14812
52,20,29.723259
52,21,29.812578
52,22,29.87513
52,23,29.9182
52,24,29.947397
52,25,29.96693
52,26,29.979927
52,27,29.988686
52,28,29.994926
52,29,30.0
52,3,9.09558
52,4,11.898082
52,5,14.518308
52,6,16.927225
52,7,19.104887
52,8,21.040588
52,9,22.732418
53,0,0.0
53,1,3.0998921
53,10,24.186337
53,11,25.41484
53,12,26.435446
53,13,27.269068
53,14,27.938492
53,15,28.466984
53,16,28.87716
53,17,29.190107
53,18,29.42482
53,19,29.597858
53,2,6.1481204
53,20,29.723255
53,21,29.81258
53,22,29.87513
53,23,29.918201
53,24,29.947397
53,25,29.966932
53,26,29.979925
53,27,29.988686
53,28,29.994926
53,29,30.0
53,3,9.09558
53,4,11.898083
53,5,14.518308
53,6,16.927227
53,7,19.104887
53,8,21.040586
53,9,22.732418
54,0,0.0
54,1,3.0998926
54,10,24.186337
54,11,25.41484
54,12,26.435444
54,13,27.269068
54,14,27.938492
54,15,28.466986
54,16,28.877157
54,17,29.190107
54,18,29.424818
54,19,29.597858
54,2,6.14812
54,20,29.723255
54,21,29.81258
54,22,29.87513
54,23,29.918203
54,24,29.947397
54,25,29.966932
54,26,29.979927
54,27,29.988686
54,28,29.994926
54,29,30.0
54,3,9.09558
54,4,11.898082
54,5,14.518309
54,6,16.927225
54,7,19.104889
54,8,21.040586
54,9,22.732418
55,0,0.0
55,1,3.0998921
55,10,24.186337
55,11,25.41484
55,12,26.435444
55,13,27.269068
55,14,27.938492
55,15,28.466986
55,16,28.87716
55,17,29.190107
55,18,29.42482
55,19,29.597857
55,2,6.1481204
55,20,29.723257
55,21,29.81258
55,22,29.87513
55,23,29.918203
55,24,29.9474
55,25,29.966932
55,26,29.979929
55,27,29.988686
55,28,29.994928
55,29,30.0
55,3,9.095579
55,4,11.898083
55,5,14.518308
55,6,16.927227
55,7,19.104887
55,8,21.040586
55,9,22.732418
56,0,0.0
56,1,3.0998929
56,10,24.186337
56,11,25.41484
56,12,26.435446
56,13,27.269068
56,14,27.938494
56,15,28.466986
56,16,28.87716
56,17,29.190105
56,18,29.42482
56,19,29.597858
56,2,6.1481204
56,20,29.723255
56,21,29.81258
56,22,29.87513
56,23,29.918205
56,24,29.9474
56,25,29.966934
56,26,29.979929
56,27,29.988688
56,28,29.994928
56,29,30.0
56,3,9.095581
56,4,11.898082
56,5,14.51831
56,6,16.927225
56,7,19.104889
56,8,21.040586
56,9,22.732418
57,0,0.0
57,1,3.099893
57,10,24.186338
57,11,25.414845
57,12,26.435448
57,13,27.26907
57,14,27.938492
57,15,28.466988
57,16,28.87716
57,17,29.19011
57,18,29.42482
57,19,29.59786
57,2,6.1481214
57,20,29.723259
57,21,29.812584
57,22,29.87513
57,23,29.918205
57,24,29.947403
57,25,29.966934
57,26,29.979929
57,27,29.98869
57,28,29.994928
57,29,30.0
57,3,9.095581
57,4,11.898085
57,5,14.518309
57,6,16.927227
57,7,19.104887
57,8,21.040588
57,9,22.73242
58,0,0.0
58,1,3.0998936
58,10,24.186342
58,11,25.414846
58,12,26.43545
58,13,27.26907
58,14,27.9385
58,15,28.46699
58,16,28.877163
58,17,29.19011
58,18,29.424824
58,19,29.597866
58,2,6.148122
58,20,29.72326
58,21,29.812584
58,22,29.875132
58,23,29.918205
58,24,29.947403
58,25,29.966934
58,26,29.97993
58,27,29.988688
58,28,29.994928
58,29,30.0
58,3,9.095583
58,4,11.898085
58,5,14.5183115
58,6,16.927229
58,7,19.104893
58,8,21.040588
58,9,22.732424
59,0,0.0
59,1,3.0998938
59,10,24.186346
59,11,25.41485
59,12,26.435453
59,13,27.269077
59,14,27.9385
59,15,28.466995
59,16,28.877167
59,17,29.190117
59,18,29.42483
59,19,29.59787
59,2,6.1481233
59,20,29.723267
59,21,29.812588
59,22,29.875135
59,23,29.91821
59,24,29.947403
59,25,29.966938
59,26,29.97993
59,27,29.98869
59,28,29.99493
59,29,30.0
59,3,9.095583
59,4,11.898089
59,5,14.518312
59,6,16.927235
59,7,19.104893
59,8,21.040596
59,9,22.732426
6,0,0.0
6,1,1.7462411
6,10,13.65679
6,11,14.363373
6,12,14.959452
6,13,15.458879
6,14,15.878773
6,15,16.237047
6,16,16.55374
6,17,16.850058
6,18,17.1492
6,19,17.476963
6,2,3.463626
6,20,17.86213
6,21,18.33826
6,22,18.943449
6,23,19.721954
6,24,20.721575
6,25,21.990965
6,26,23.568613
6,27,25.467018
6,28,27.647408
6,29,30.0
6,3,5.124358
6,4,6.704167
6,5,8.18159
6,6,9.541229
6,7,10.771309
6,8,11.867087
6,9,12.827209
60,0,0.0
60,1,3.0998955
60,10,24.186356
60,11,25.41486
60,12,26.435467
60,13,27.269089
60,14,27.938513
60,15,28.467005
60,16,28.877182
60,17,29.190126
60,18,29.424839
60,19,29.597878
60,2,6.1481247
60,20,29.723274
60,21,29.812597
60,22,29.875145
60,23,29.918213
60,24,29.94741
60,25,29.966942
60,26,29.979935
60,27,29.988691
60,28,29.994928
60,29,30.0
60,3,9.095589
60,4,11.898092
60,5,14.518322
60,6,16.927238
60,7,19.104904
60,8,21.0406
60,9,22.732437
61,0,0.0
61,1,3.0998974
61,10,24.186375
61,11,25.414879
61,12,26.435486
61,13,27.26911
61,14,27.938534
61,15,28.467026
61,16,28.8772
61,17,29.190147
61,18,29.424858
61,19,29.597897
61,2,6.1481314
61,20,29.723291
61,21,29.812614
61,22,29.875158
61,23,29.918228
61,24,29.947422
61,25,29.966951
61,26,29.979942
61,27,29.988695
61,28,29.994934
61,29,30.0
61,3,9.095594
61,4,11.898105
61,5,14.518332
61,6,16.927256
61,7,19.104916
61,8,21.040623
61,9,22.732452
62,0,0.0
62,1,3.099903
62,10,24.186413
62,11,25.414919
62,12,26.435526
62,13,27.269148
62,14,27.938574
62,15,28.467064
62,16,28.87724
62,17,29.190186
62,18,29.4249
62,19,29.597935
62,2,6.1481404
62,20,29.723328
62,21,29.812645
62,22,29.875189
62,23,29.918255
62,24,29.947441
62,25,29.966969
62,26,29.979956
62,27,29.988705
62,28,29.994938
62,29,30.0
62,3,9.095612
62,4,11.898122
62,5,14.518358
62,6,16.927279
62,7,19.10495
62,8,21.040653
62,9,22.73249
63,0,0.0
63,1,3.099912
63,10,24.186481
63,11,25.414991
63,12,26.4356
63,13,27.269226
63,14,27.938652
63,15,28.467144
63,16,28.877316
63,17,29.190264
63,18,29.42497
63,19,29.598007
63,2,6.14816
63,20,29.723394
63,21,29.81271
63,22,29.875244
63,23,29.918304
63,24,29.947487
63,25,29.967003
63,26,29.979982
63,27,29.988724
63,28,29.994946
63,29,30.0
63,3,9.095637
63,4,11.898159
63,5,14.518399
63,6,16.927334
63,7,19.105005
63,8,21.040716
63,9,22.732555
64,0,0.0
64,1,3.0999303
64,10,24.186613
64,11,25.415127
64,12,26.43574
64,13,27.269367
64,14,27.938795
64,15,28.467285
64,16,28.87746
64,17,29.1904
64,18,29.425106
64,19,29.598135
64,2,6.1481943
64,20,29.723518
64,21,29.812822
64,22,29.87535
64,23,29.918398
64,24,29.947567
64,25,29.967072
64,26,29.980034
64,27,29.988758
64,28,29.994963
64,29,30.0
64,3,9.095691
64,4,11.898225
64,5,14.518484
64,6,16.927427
64,7,19.105112
64,8,21.040833
64,9,22.732681
65,0,0.0
65,1,3.0999627
65,10,24.186852
65,11,25.415377
65,12,26.435993
65,13,27.269627
65,14,27.939056
65,15,28.467548
65,16,28.877716
65,17,29.190657
65,18,29.425354
65,19,29.598373
65,2,6.14826
65,20,29.723743
65,21,29.813034
65,22,29.875544
65,23,29.91857
65,24,29.947716
65,25,29.967194
65,26,29.980127
65,27,29.988823
65,28,29.994995
65,29,30.0
65,3,9.095784
65,4,11.898352
65,5,14.518633
65,6,16.927605
65,7,19.105309
65,8,21.041046
65,9,22.732908
66,0,0.0
66,1,3.100022
66,10,24.187284
66,11,25.415825
66,12,26.436457
66,13,27.270096
66,14,27.93953
66,15,28.46802
66,16,28.878185
66,17,29.191113
66,18,29.425798
66,19,29.5988
66,2,6.148376
66,20,29.724148
66,21,29.813412
66,22,29.87589
66,23,29.91888
66,24,29.947983
66,25,29.967413
66,26,29.980299
66,27,29.988937
66,28,29.995054
66,29,30.0
66,3,9.095958
66,4,11.898573
66,5,14.518906
66,6,16.927917
66,7,19.105661
66,8,21.04143
66,9,22.73332
67,0,0.0
67,1,3.1001265
67,10,24.188053
67,11,25.41662
67,12,26.437275
67,13,27.270926
67,14,27.940363
67,15,28.468855
67,16,28.87901
67,17,29.191925
67,18,29.426586
67,19,29.599556
67,2,6.1485834
67,20,29.724867
67,21,29.814081
67,22,29.876505
67,23,29.919428
67,24,29.948454
67,25,29.967804
67,26,29.980597
67,27,29.98914
67,28,29.995157
67,29,30.0
67,3,9.096262
67,4,11.898972
67,5,14.519385
67,6,16.928474
67,7,19.106283
67,8,21.04211
67,9,22.734047
68,0,0.0
68,1,3.100309
68,10,24.189379
68,11,25.418003
68,12,26.438688
68,13,27.272367
68,14,27.941816
68,15,28.470303
68,16,28.880447
68,17,29.193333
68,18,29.427956
68,19,29.600876
68,2,6.148943
68,20,29.726114
68,21,29.815248
68,22,29.87757
68,23,29.92038
68,24,29.949274
68,25,29.96848
68,26,29.981115
68,27,29.989492
68,28,29.995335
68,29,30.0
68,3,9.096794
68,4,11.899662
68,5,14.520225
68,6,16.929441
68,7,19.107368
68,8,21.043291
68,9,22.735312
69,0,0.0
69,1,3.1006196
69,10,24.19165
69,11,25.420357
69,12,26.441107
69,13,27.27482
69,14,27.944288
69,15,28.472775
69,16,28.882893
69,17,29.195736
69,18,29.430294
69,19,29.603117
69,2,6.1495595
69,20,29.728245
69,21,29.817234
69,22,29.879389
69,23,29.921999
69,24,29.950676
69,25,29.969631
69,26,29.982
69,27,29.990091
69,28,29.995638
69,29,30.0
69,3,9.0977
69,4,11.900843
69,5,14.521652
69,6,16.931099
69,7,19.109217
69,8,21.045311
69,9,22.737469
7,0,0.0
7,1,1.9711752
7,10,15.411914
7,11,16.208162
7,12,16.8781
7,13,17.438313
7,14,17.90641
7,15,18.302555
7,16,18.647526
7,17,18.963638
7,18,19.27435
7,19,19.604572
7,2,3.9095514
7,20,19.98155
7,21,20.434397
7,22,20.99536
7,23,21.69778
7,24,22.575699
7,25,23.658052
7,26,24.963022
7,27,26.486216
7,28,28.19062
7,29,30.0
7,3,5.784365
7,4,7.5671954
7,5,9.235139
7,6,10.769179
7,7,12.157791
7,8,13.393661
7,9,14.477112
70,0,0.0
70,1,3.1011426
70,10,24.195454
70,11,25.424305
70,12,26.445156
70,13,27.278938
70,14,27.948433
70,15,28.476915
70,16,28.886993
70,17,29.199762
70,18,29.434204
70,19,29.606882
70,2,6.150593
70,20,29.731812
70,21,29.820568
70,22,29.882435
70,23,29.924723
70,24,29.953022
70,25,29.971565
70,26,29.983484
70,27,29.9911
70,28,29.996147
70,29,30.0
70,3,9.099225
70,4,11.902823
70,5,14.5240555
70,6,16.933872
70,7,19.112324
70,8,21.048695
70,9,22.741089
71,0,0.0
71,1,3.1020055
71,10,24.201725
71,11,25.430805
71,12,26.451828
71,13,27.285713
71,14,27.95526
71,15,28.483728
71,16,28.893744
71,17,29.206387
71,18,29.440647
71,19,29.613071
71,2,6.152301
71,20,29.73769
71,21,29.82605
71,22,29.887459
71,23,29.9292
71,24,29.956892
71,25,29.974752
71,26,29.985931
71,27,29.99276
71,28,29.996986
71,29,30.0
71,3,9.101739
71,4,11.9060955
71,5,14.528017
71,6,16.938454
71,7,19.117443
71,8,21.05428
71,9,22.74705
72,0,0.0
72,1,3.103407
72,10,24.21187
72,11,25.441334
72,12,26.46262
72,13,27.296677
72,14,27.966293
72,15,28.494751
72,16,28.904655
72,17,29.217102
72,18,29.451061
72,19,29.62309
72,2,6.155072
72,20,29.747189
72,21,29.834927
72,22,29.89558
72,23,29.936457
72,24,29.963154
72,25,29.979918
72,26,29.989897
72,27,29.99545
72,28,29.998344
72,29,30.0
72,3,9.105822
72,4,11.911403
72,5,14.534444
72,6,16.945883
72,7,19.125744
72,8,21.06332
72,9,22.756704
73,0,0.0
73,1,3.105644
73,10,24.228016
73,11,25.458065
73,12,26.479782
73,13,27.3141
73,14,27.983837
73,15,28.512262
73,16,28.922
73,17,29.234127
73,18,29.46762
73,19,29.639006
73,2,6.1594954
73,20,29.762302
73,21,29.849037
73,22,29.908512
73,23,29.947994
73,24,29.973127
73,25,29.988132
73,26,29.996216
73,27,29.999733
73,28,30.00051
73,29,30.0
73,3,9.112335
73,4,11.919867
73,5,14.544694
73,6,16.957718
73,7,19.13897
73,8,21.077717
73,9,22.772076
74,0,0.0
74,1,3.1091542
74,10,24.253262
74,11,25.484232
74,12,26.506594
74,13,27.341322
74,14,28.01123
74,15,28.539616
74,16,28.949081
74,17,29.26072
74,18,29.493473
74,19,29.663883
74,2,6.1664386
74,20,29.785908
74,21,29.871105
74,22,29.928715
74,23,29.966057
74,24,29.98872
74,25,30.001003
74,26,30.006096
74,27,30.00644
74,28,30.003899
74,29,30.0
74,3,9.122553
74,4,11.9331455
74,5,14.560756
74,6,16.97627
74,7,19.159674
74,8,21.100258
74,9,22.79612
75,0,0.0
75,1,3.1145759
75,10,24.292068
75,11,25.524427
75,12,26.547771
75,13,27.38311
75,14,28.05328
75,15,28.581585
75,16,28.990648
75,17,29.301525
75,18,29.533175
75,19,29.702065
75,2,6.1771526
75,20,29.822186
75,21,29.904995
75,22,29.959793
75,23,29.993813
75,24,30.012728
75,25,30.020796
75,26,30.021318
75,27,30.016764
75,28,30.009117
75,29,30.0
75,3,9.138324
75,4,11.953622
75,5,14.585527
75,6,17.004845
75,7,19.191565
75,8,21.134937
75,9,22.833105
76,0,0.0
76,1,3.1228085
76,10,24.350716
76,11,25.58513
76,12,26.609936
76,13,27.446169
76,14,28.116714
76,15,28.644901
76,16,29.053337
76,17,29.363098
76,18,29.593058
76,19,29.759718
76,2,6.1934285
76,20,29.87693
76,21,29.956217
76,22,30.00673
76,23,30.035803
76,24,30.049015
76,25,30.050766
76,26,30.044346
76,27,30.032406
76,28,30.017021
76,29,30.0
76,3,9.162258
76,4,11.984697
76,5,14.623076
76,6,17.048157
76,7,19.239841
76,8,21.187424
76,9,22.88902
77,0,0.0
77,1,3.1351175
77,10,24.43784
77,11,25.675268
77,12,26.702175
77,13,27.539703
77,14,28.210789
77,15,28.73877
77,16,29.146305
77,17,29.45438
77,18,29.681911
77,19,29.845228
77,2,6.2177415
77,20,29.958239
77,21,30.032253
77,22,30.076523
77,23,30.098202
77,24,30.103037
77,25,30.095345
77,26,30.07866
77,27,30.05569
77,28,30.028803
77,29,30.0
77,3,9.198016
77,4,12.031073
77,5,14.679105
77,6,17.112698
77,7,19.31176
77,8,21.265509
77,9,22.972172
78,0,0.0
78,1,3.1532216
78,10,24.565136
78,11,25.806839
78,12,26.83675
78,13,27.676098
78,14,28.347908
78,15,28.875603
78,16,29.28178
78,17,29.587482
78,18,29.811436
78,19,29.97002
78,2,6.253512
78,20,30.076862
78,21,30.143356
78,22,30.178463
78,23,30.189508
78,24,30.182041
78,25,30.160666
78,26,30.128895
78,27,30.08984
78,28,30.046062
78,29,30.0
78,3,9.2505665
78,4,12.099215
78,5,14.761316
78,6,17.207365
78,7,19.41709
78,8,21.379814
78,9,23.093733
79,0,0.0
79,1,3.1794567
79,10,24.747997
79,11,25.995718
79,12,27.029781
79,13,27.871637
79,14,28.544441
79,15,29.071646
79,16,29.47594
79,17,29.778196
79,18,29.997194
79,19,30.14896
79,2,6.3052945
79,20,30.247196
79,21,30.302866
79,22,30.32508
79,23,30.320797
79,24,30.29586
79,25,30.254719
79,26,30.20137
79,27,30.139065
79,28,30.07098
79,29,30.0
79,3,9.326638
79,4,12.1977215
79,5,14.88011
79,6,17.343931
79,7,19.568943
79,8,21.544344
79,9,23.268583
8,0,0.0
8,1,2.171111
8,10,16.971924
8,11,17.846611
8,12,18.582
8,13,19.19455
8,14,19.704132
8,15,20.131199
8,16,20.497877
8,17,20.826614
8,18,21.140633
8,19,21.46397
8,2,4.306296
8,20,21.821144
8,21,22.238037
8,22,22.740385
8,23,23.354273
8,24,24.102596
8,25,25.003378
8,26,26.063328
8,27,27.273506
8,28,28.603153
8,29,30.0
8,3,6.3710155
8,4,8.334972
8,5,10.171555
8,6,11.8614235
8,7,13.390017
8,8,14.751156
8,9,15.943149
80,0,0.0
80,1,3.2168822
80,10,25.00643
80,11,26.26233
80,12,27.302063
80,13,28.14728
80,14,28.821342
80,15,29.347862
80,16,29.74943
80,17,30.047007
80,18,30.25899
80,19,30.401464
80,2,6.379175
80,20,30.487556
80,21,30.52834
80,22,30.532328
80,23,30.50674
80,24,30.457037
80,25,30.388178
80,26,30.304157
80,27,30.209005
80,28,30.106354
80,29,30.0
80,3,9.435025
80,4,12.338016
80,5,15.049007
80,6,17.537949
80,7,19.784283
80,8,21.77745
80,9,23.5159
81,0,0.0
81,1,3.2695265
81,10,25.365608
81,11,26.632524
81,12,27.679728
81,13,28.529346
81,14,29.205008
81,15,29.730425
81,16,30.128344
81,17,30.419392
81,18,30.62203
81,19,30.751654
81,2,6.482979
81,20,30.82144
81,21,30.841606
81,22,30.820848
81,23,30.765657
81,24,30.681953
81,25,30.574404
81,26,30.447878
81,27,30.30675
81,28,30.15587
81,29,30.0
81,3,9.587264
81,4,12.534723
81,5,15.285614
81,6,17.809195
81,7,20.085001
81,8,22.102335
81,9,23.860203
82,0,0.0
82,1,3.3425002
82,10,25.85686
82,11,27.138058
82,12,28.194954
82,13,29.050137
82,14,29.727673
82,15,30.25156
82,16,30.644396
82,17,30.926922
82,18,31.116882
82,19,31.22967
82,2,6.6268477
82,20,31.277369
82,21,31.270235
82,22,31.215816
82,23,31.12091
82,24,30.990677
82,25,30.830608
82,26,30.64561
82,27,30.441483
82,28,30.224085
82,29,30.0
82,3,9.7979145
82,4,12.8066635
82,5,15.611997
82,6,18.182852
82,7,20.498291
82,8,22.548182
82,9,24.331715
83,0,0.0
83,1,3.4423573
83,10,26.517813
83,11,27.817291
83,12,28.886265
83,13,29.748291
83,14,30.427963
83,15,30.949512
83,16,31.335777
83,17,31.606916
83,18,31.780666
83,19,31.871166
83,2,6.823451
83,20,31.890375
83,21,31.846968
83,22,31.748524
83,23,31.600456
83,24,31.408485
83,25,31.177555
83,26,30.91399
83,27,30.624372
83,28,30.316833
83,29,30.0
83,3,10.085539
83,4,13.177137
83,5,16.055946
83,6,18.689754
83,7,21.05793
83,8,23.150354
83,9,24.967443
84,0,0.0
84,1,3.5772223
84,10,27.39316
84,11,28.715046
84,12,29.798761
84,13,30.668798
84,14,31.350624
84,15,31.868973
84,16,32.246468
84,17,32.50334
84,18,32.656094
84,19,32.718628
84,2,7.088826
84,20,32.70094
84,21,32.611397
84,22,32.455467
84,23,32.23864
84,24,31.965189
84,25,31.641125
84,26,31.272875
84,27,30.86947
84,28,30.441124
84,29,30.0
84,3,10.472947
84,4,13.675295
84,5,16.651161
84,6,19.36784
84,7,21.804245
84,8,23.95156
84,9,25.810995
85,0,0.0
85,1,3.7573524
85,10,28.533962
85,11,29.882776
85,12,30.983547
85,13,31.862577
85,14,32.546337
85,15,33.06002
85,16,33.42658
85,17,33.66529
85,18,33.792404
85,19,33.81967
85,2,7.442648
85,20,33.756477
85,21,33.608356
85,22,33.38022
85,23,33.07495
85,24,32.697113
85,25,32.25159
85,26,31.746859
85,27,31.19345
85,28,30.605722
85,29,30.0
85,3,10.988623
85,4,14.336349
85,5,17.4389
85,6,20.262001
85,7,22.785492
85,8,25.001347
85,9,26.91339
86,0,0.0
86,1,3.9953792
86,10,29.997826
86,11,31.377272
86,12,32.49709
86,13,33.385437
86,14,34.070297
86,15,34.57771
86,16,34.93031
86,17,35.14731
86,18,35.242924
86,19,35.22811
86,2,7.909586
86,20,35.10891
86,21,34.889656
86,22,34.57141
86,23,34.156227
86,24,33.645767
86,25,33.045776
86,26,32.3647
86,27,31.616968
86,28,30.82103
86,29,30.0
86,3,11.667107
86,4,15.203522
86,5,18.467972
86,6,21.425804
86,7,24.057175
86,8,26.357115
86,9,28.331888
87,0,0.0
87,1,4.307325
87,10,31.846912
87,11,33.259907
87,12,34.399323
87,13,35.296394
87,14,35.98086
87,15,36.47952
87,16,36.815395
87,17,37.006214
87,18,37.065445
87,19,37.000565
87,2,8.519981
87,20,36.81594
87,21,36.511032
87,22,36.084846
87,23,35.53446
87,24,34.860477
87,25,34.065975
87,26,33.161644
87,27,32.164417
87,28,31.100025
87,29,30.0
87,3,12.551338
87,4,16.32848
87,5,19.796995
87,6,22.920942
87,7,25.683416
87,8,28.082588
87,9,30.130266
88,0,0.0
88,1,4.713379
88,10,34.147156
88,11,35.59383
88,12,36.751713
88,13,37.655273
88,14,38.336617
88,15,38.823788
88,16,39.139336
88,17,39.300587
88,18,39.317924
88,19,39.197014
88,2,9.312454
88,20,38.93684
88,21,38.53382
88,22,37.980133
88,23,37.26953
88,24,36.396526
88,25,35.36321
88,26,34.17903
88,27,32.86629
88,28,31.458382
88,29,30.0
88,3,13.693909
88,4,17.774538
88,5,21.494549
88,6,24.819351
88,7,27.735476
88,8,30.248415
88,9,32.376255
89,0,0.0
89,1,5.240155
89,10,36.96466
89,11,38.441956
89,12,39.61386
89,13,40.519547
89,14,41.193756
89,15,41.665546
89,16,41.957817
89,17,42.085728
89,18,42.058113
89,19,41.87549
89,2,10.336243
89,20,41.533363
89,21,41.02024
89,22,40.32308
89,23,39.426193
89,24,38.318954
89,25,36.996487
89,26,35.468388
89,27,33.75982
89,28,31.91635
89,29,30.0
89,3,15.161633
89,4,19.618322
89,5,23.642696
89,6,27.202435
89,7,30.293064
89,8,32.92937
89,9,35.140945
9,0,0.0
9,1,2.3460484
9,10,18.334606
9,11,19.278072
9,12,20.069324
9,13,20.727058
9,14,21.271011
9,15,21.72321
9,16,22.105755
9,17,22.44144
9,18,22.75297
9,19,23.062887
9,2,4.653045
9,20,23.393917
9,21,23.767948
9,22,24.206753
9,23,24.729641
9,24,25.353432
9,25,26.08847
9,26,26.9372
9,27,27.889654
9,28,28.922707
9,29,30.0
9,3,6.88428
9,4,9.005983
9,5,10.990718
9,6,12.81595
9,7,14.467697
9,8,15.937322
9,9,17.224827
90,0,0.0
90,1,5.9234724
90,10,40.363686
90,11,41.86252
90,12,43.040188
90,13,43.940628
90,14,44.60167
90,15,45.05387
90,16,45.319324
90,17,45.412304
90,18,45.337418
90,19,45.091972
90,2,11.657301
90,20,44.663628
90,21,44.034817
90,22,43.180946
90,23,42.077545
90,24,40.70083
90,25,39.038322
90,26,37.092834
90,27,34.89391
90,28,32.500134
90,29,30.0
90,3,17.039913
90,4,21.955833
90,5,26.338116
90,6,30.163849
90,7,33.441895
90,8,36.20419
90,9,38.494534
91,0,0.0
91,1,6.8146353
91,10,44.40123
91,11,45.905785
91,12,47.07524
91,13,47.959496
91,14,48.599426
91,15,49.026493
91,16,49.262833
91,17,49.31986
91,18,49.199806
91,19,48.89328
91,2,13.366423
91,20,48.38236
91,21,47.637848
91,22,46.62477
91,23,45.30136
91,24,43.628902
91,25,41.57615
91,26,39.13549
91,27,36.333633
91,28,33.246677
91,29,30.0
91,3,19.443182
91,4,24.907745
91,5,29.697857
91,6,33.808514
91,7,37.2744
91,8,40.15097
91,9,42.504364
92,0,0.0
92,1,7.9908943
92,10,49.12357
92,11,50.608185
92,12,51.749435
92,13,52.602337
92,14,53.210632
92,15,53.60678
92,16,53.81155
92,17,53.83498
92,18,53.674374
92,19,53.316227
92,2,15.596385
92,20,52.7329
92,21,51.885925
92,22,50.72288
92,23,49.183872
92,24,47.202812
92,25,44.722275
92,26,41.70714
92,27,38.17305
92,28,34.210335
92,29,30.0
92,3,22.528484
92,4,28.63142
92,5,33.86225
92,6,38.255264
92,7,41.885315
92,8,44.84519
92,9,47.228455
93,0,0.0
93,1,9.577913
93,10,54.55897
93,11,55.98811
93,12,57.07379
93,13,57.875927
93,14,58.439995
93,15,58.798264
93,16,58.970787
93,17,58.9644
93,18,58.773937
93,19,58.379147
93,2,18.550568
93,20,57.746178
93,21,56.8229
93,22,55.54138
93,23,53.814213
93,24,51.542057
93,25,48.620277
93,26,44.965706
93,27,40.55396
93,28,35.47908
93,29,30.0
93,3,26.521452
93,4,33.33348
93,5,39.00207
93,6,43.633488
93,7,47.369244
93,8,50.351723
93,9,52.711258
94,0,0.0
94,1,11.796443
94,10,60.712738
94,11,62.039455
94,12,63.0359
94,13,63.763863
94,14,64.26896
94,15,64.582535
94,16,64.72234
94,17,64.693726
94,18,64.48746
94,19,64.08043
94,2,22.560017
94,20,63.43075
94,21,62.4775
94,22,61.133408
94,23,59.2843
94,24,56.783478
94,25,53.460526
94,26,49.140823
94,27,43.70683
94,28,37.20651
94,29,30.0
94,3,31.753963
94,4,39.28944
94,5,45.31886
94,6,50.07961
94,7,53.80989
94,8,56.71816
94,9,58.973995
95,0,0.0
95,1,15.073674
95,10,67.55882
95,11,68.72767
95,12,69.59576
95,13,70.223526
95,14,70.65397
95,15,70.91551
95,16,71.02396
95,17,70.98187
95,18,70.77927
95,19,70.38982
95,2,28.190672
95,20,69.76978
95,21,68.850266
95,22,67.53242
95,23,65.67397
95,24,63.079704
95,25,59.48759
95,26,54.577103
95,27,48.02468
95,28,39.690346
95,29,30.0
95,3,38.72385
95,4,46.857292
95,5,53.03956
95,6,57.719856
95,7,61.266937
95,8,63.96027
95,9,66.00705
96,0,0.0
96,1,20.330729
96,10,75.03481
96,11,75.985
96,12,76.68393
96,13,77.184875
96,14,77.52488
96,15,77.72797
96,16,77.806435
96,17,77.76193
96,18,77.58359
96,19,77.24733
96,2,36.452103
96,20,76.710175
96,21,75.90576
96,22,74.73123
96,23,73.03231
96,24,70.5732
96,25,66.99833
96,26,61.78104
96,27,54.210297
96,28,43.57316
96,29,30.0
96,3,48.163963
96,4,56.472034
96,5,62.382458
96,6,66.64006
96,7,69.7496
96,8,72.047264
96,9,73.757744
97,0,0.0
97,1,29.816322
97,10,83.03635
97,11,83.70982
97,12,84.20125
97,13,84.55109
97,14,84.78676
97,15,84.92557
97,16,84.976395
97,17,84.93947
97,18,84.806496
97,19,84.55769
97,2,49.16129
97,20,84.159485
97,21,83.55657
97,22,82.66208
97,23,81.3349
97,24,79.34223
97,25,76.28198
97,26,71.43927
97,27,63.53
97,28,50.426453
97,29,30.0
97,3,61.06611
97,4,68.562225
97,5,73.47695
97,6,76.82716
97,7,79.18435
97,8,80.88152
97,9,82.12231
98,0,0.0
98,1,49.78681
98,10,91.41813
98,11,91.76798
98,12,92.02199
98,13,92.20202
98,14,92.3227
98,15,92.393234
98,16,92.41806
98,17,92.39732
98,18,92.32607
98,19,92.19365
98,2,69.338
98,20,91.98085
98,21,91.65654
98,22,91.169106
98,23,90.431885
98,24,89.28917
98,25,87.43955
98,26,84.23358
98,27,78.09146
98,28,64.6264
98,29,30.0
98,3,78.417984
98,4,83.28926
98,5,86.20543
98,6,88.091675
98,7,89.37754
98,8,90.28523
98,9,90.94006
99,0,0.0
99,1,100.0
99,10,100.0
99,11,100.0
99,12,100.0
99,13,100.0
99,14,100.0
99,15,100.0
99,16,100.0
99,17,100.0
99,18,100.0
99,19,100.0
99,2,100.0
99,20,100.0
99,21,100.0
99,22,100.0
99,23,100.0
99,24,100.0
99,25,100.0
99,26,100.0
99,27,100.0
99,28,100.0
99,29,30.0
99,3,100.0
99,4,100.0
99,5,100.0
99,6,100.0
99,7,100.0
99,8,100.0
99,9,100.0
