0,0,0.0
0,1,0.0
0,10,0.0
0,11,0.0
0,12,0.0
0,13,0.0
0,14,0.0
0,15,30.0
0,2,0.0
0,3,0.0
0,4,0.0
0,5,0.0
0,6,0.0
0,7,0.0
0,8,0.0
0,9,0.0
1,0,0.0
1,1,0.63564503
1,10,5.1763725
1,11,5.9454484
1,12,7.235706
1,13,9.736484
1,14,15.342248
1,15,30.0
1,2,1.2555141
1,3,1.845712
1,4,2.395925
1,5,2.9008985
1,6,3.361864
1,7,3.7883914
1,8,4.2015867
1,9,4.64054
10,0,0.0
10,1,11.119794
10,10,49.44806
10,11,47.823547
10,12,45.03013
10,13,41.014984
10,14,35.87377
10,15,30.0
10,2,21.19408
10,3,29.670965
10,4,36.440414
10,5,41.62549
10,6,45.42094
10,7,48.006348
10,8,49.508755
10,9,49.99032
11,0,0.0
11,1,14.543587
11,10,57.06301
11,11,54.924
11,12,51.2842
11,13,45.88566
11,14,38.636475
11,15,30.0
11,2,27.115986
11,3,37.072517
11,4,44.574173
11,5,50.036285
11,6,53.861195
11,7,56.349487
11,8,57.68419
11,9,57.93501
12,0,0.0
12,1,19.938583
12,10,65.945015
12,11,63.52533
12,12,59.29703
12,13,52.607014
12,14,42.78647
12,15,30.0
12,2,35.653793
12,3,46.928993
12,4,54.747536
12,5,60.084347
12,6,63.63814
12,7,65.84628
12,8,66.94357
12,9,67.002594
13,0,0.0
13,1,29.556969
13,10,76.18919
13,11,73.93529
13,12,69.77164
13,13,62.45891
13,14,49.90241
13,15,30.0
13,2,48.631634
13,3,60.242153
13,4,67.40267
13,5,71.91549
13,6,74.760796
13,7,76.45398
13,8,77.24129
13,9,77.18683
14,0,0.0
14,1,49.657654
14,10,87.68964
14,11,86.255066
14,12,83.395325
14,13,77.55463
14,14,64.36426
14,15,30.0
14,2,69.073654
14,3,78.00534
14,4,82.705536
14,5,85.414154
14,6,87.03564
14,7,87.967606
14,8,88.38079
14,9,88.314316
15,0,0.0
15,1,100.0
15,10,100.0
15,11,100.0
15,12,100.0
15,13,100.0
15,14,100.0
15,15,30.0
15,2,100.0
15,3,100.0
15,4,100.0
15,5,100.0
15,6,100.0
15,7,100.0
15,8,100.0
15,9,100.0
2,0,0.0
2,1,1.2870703
2,10,10.119522
2,11,11.369728
2,12,13.260906
2,13,16.367987
2,14,21.632511
2,15,30.0
2,2,2.5407083
2,3,3.7314208
2,4,4.837105
2,5,5.8458223
2,6,6.7581873
2,7,7.590133
2,8,8.377438
2,9,9.184218
3,0,0.0
3,1,1.9719363
3,10,14.747799
3,11,16.15307
3,12,18.070225
3,13,20.842062
3,14,24.819822
3,15,30.0
3,2,3.8888438
3,3,5.7021823
3,4,7.3752804
3,5,8.887135
3,6,10.234964
3,7,11.43656
3,8,12.53385
3,9,13.599415
4,0,0.0
4,1,2.711843
4,10,19.119242
4,11,20.424574
4,12,22.024895
4,13,24.11024
4,14,26.804726
4,15,30.0
4,2,5.3405724
4,3,7.813217
4,4,10.074745
4,5,12.092521
4,6,13.858032
4,7,15.387348
4,8,16.72205
4,9,17.931843
5,0,0.0
5,1,3.5348785
5,10,23.372814
5,11,24.40114
5,12,25.49458
5,13,26.769314
5,14,28.288857
5,15,30.0
5,2,6.9484158
5,3,10.135414
5,4,13.018013
5,5,15.55024
5,6,17.717361
5,7,19.53283
5,8,21.03523
5,9,22.286737
6,0,0.0
6,1,4.479273
6,10,27.684206
6,11,28.312666
6,12,28.783012
6,13,29.18362
6,14,29.581404
6,15,30.0
6,2,8.782833
6,3,12.76206
6,4,16.311718
6,5,19.373133
6,6,21.928432
6,7,23.991451
6,8,25.599396
6,9,26.807144
7,0,0.0
7,1,5.5993986
7,10,32.24428
7,11,32.382374
7,12,32.14125
7,13,31.600777
7,14,30.85316
7,15,30.0
7,2,10.941624
7,3,15.818333
7,4,20.093735
7,5,23.702223
7,6,26.631872
7,7,28.905247
7,8,30.563848
7,9,31.658333
8,0,0.0
8,1,6.9767184
8,10,37.252293
8,11,36.831383
8,12,35.798885
8,13,34.22513
8,14,32.23048
8,15,30.0
8,2,13.565969
8,3,19.475971
8,4,24.54274
8,5,28.710236
8,6,31.991684
8,7,34.43391
8,8,36.092514
8,9,37.018143
9,0,0.0
9,1,8.741525
9,10,42.915462
9,11,41.892036
9,12,39.997852
9,13,37.270393
9,14,33.84366
9,15,30.0
9,2,16.869608
9,3,23.976892
9,4,29.891094
9,5,34.60438
9,6,38.190807
9,7,40.746307
9,8,42.35425
9,9,43.069515
