0,0,0
0,1,0
0,2,0
0,3,0
0,4,0
0,5,0
0,6,0
0,7,0
0,8,0
0,9,0
0,10,0
0,11,0
0,12,0
0,13,0
0,14,0
0,15,0
0,16,0
0,17,0
0,18,0
0,19,0
0,20,0
0,21,0
0,22,0
0,23,0
0,24,0
0,25,0
0,26,0
0,27,0
0,28,0
0,29,30
1,0,0
1,1,30
1,2,30
1,3,30
1,4,30
1,5,30
1,6,30
1,7,30
1,8,30
1,9,30
1,10,30
1,11,30
1,12,30
1,13,30
1,14,30
1,15,30
1,16,30
1,17,30
1,18,30
1,19,30
1,20,30
1,21,30
1,22,30
1,23,30
1,24,30
1,25,30
1,26,30
1,27,30
1,28,30
1,29,30
2,0,0
2,1,30
2,2,30
2,3,30
2,4,30
2,5,30
2,6,30
2,7,30
2,8,30
2,9,30
2,10,30
2,11,30
2,12,30
2,13,30
2,14,30
2,15,30
2,16,30
2,17,30
2,18,30
2,19,30
2,20,30
2,21,30
2,22,30
2,23,30
2,24,30
2,25,30
2,26,30
2,27,30
2,28,30
2,29,30
3,0,0
3,1,30
3,2,30
3,3,30
3,4,30
3,5,30
3,6,30
3,7,30
3,8,30
3,9,30
3,10,30
3,11,30
3,12,30
3,13,30
3,14,30
3,15,30
3,16,30
3,17,30
3,18,30
3,19,30
3,20,30
3,21,30
3,22,30
3,23,30
3,24,30
3,25,30
3,26,30
3,27,30
3,28,30
3,29,30
4,0,0
4,1,30
4,2,30
4,3,30
4,4,30
4,5,30
4,6,30
4,7,30
4,8,30
4,9,30
4,10,30
4,11,30
4,12,30
4,13,30
4,14,30
4,15,30
4,16,30
4,17,30
4,18,30
4,19,30
4,20,30
4,21,30
4,22,30
4,23,30
4,24,30
4,25,30
4,26,30
4,27,30
4,28,30
4,29,30
5,0,0
5,1,30
5,2,30
5,3,30
5,4,30
5,5,30
5,6,30
5,7,30
5,8,30
5,9,30
5,10,30
5,11,30
5,12,30
5,13,30
5,14,30
5,15,30
5,16,30
5,17,30
5,18,30
5,19,30
5,20,30
5,21,30
5,22,30
5,23,30
5,24,30
5,25,30
5,26,30
5,27,30
5,28,30
5,29,30
6,0,0
6,1,30
6,2,30
6,3,30
6,4,30
6,5,30
6,6,30
6,7,30
6,8,30
6,9,30
6,10,30
6,11,30
6,12,30
6,13,30
6,14,30
6,15,30
6,16,30
6,17,30
6,18,30
6,19,30
6,20,30
6,21,30
6,22,30
6,23,30
6,24,30
6,25,30
6,26,30
6,27,30
6,28,30
6,29,30
7,0,0
7,1,30
7,2,30
7,3,30
7,4,30
7,5,30
7,6,30
7,7,30
7,8,30
7,9,30
7,10,30
7,11,30
7,12,30
7,13,30
7,14,30
7,15,30
7,16,30
7,17,30
7,18,30
7,19,30
7,20,30
7,21,30
7,22,30
7,23,30
7,24,30
7,25,30
7,26,30
7,27,30
7,28,30
7,29,30
8,0,0
8,1,30
8,2,30
8,3,30
8,4,30
8,5,30
8,6,30
8,7,30
8,8,30
8,9,30
8,10,30
8,11,30
8,12,30
8,13,30
8,14,30
8,15,30
8,16,30
8,17,30
8,18,30
8,19,30
8,20,30
8,21,30
8,22,30
8,23,30
8,24,30
8,25,30
8,26,30
8,27,30
8,28,30
8,29,30
9,0,0
9,1,30
9,2,30
9,3,30
9,4,30
9,5,30
9,6,30
9,7,30
9,8,30
9,9,30
9,10,30
9,11,30
9,12,30
9,13,30
9,14,30
9,15,30
9,16,30
9,17,30
9,18,30
9,19,30
9,20,30
9,21,30
9,22,30
9,23,30
9,24,30
9,25,30
9,26,30
9,27,30
9,28,30
9,29,30
10,0,0
10,1,30
10,2,30
10,3,30
10,4,30
10,5,30
10,6,30
10,7,30
10,8,30
10,9,30
10,10,30
10,11,30
10,12,30
10,13,30
10,14,30
10,15,30
10,16,30
10,17,30
10,18,30
10,19,30
10,20,30
10,21,30
10,22,30
10,23,30
10,24,30
10,25,30
10,26,30
10,27,30
10,28,30
10,29,30
11,0,0
11,1,30
11,2,30
11,3,30
11,4,30
11,5,30
11,6,30
11,7,30
11,8,30
11,9,30
11,10,30
11,11,30
11,12,30
11,13,30
11,14,30
11,15,30
11,16,30
11,17,30
11,18,30
11,19,30
11,20,30
11,21,30
11,22,30
11,23,30
11,24,30
11,25,30
11,26,30
11,27,30
11,28,30
11,29,30
12,0,0
12,1,30
12,2,30
12,3,30
12,4,30
12,5,30
12,6,30
12,7,30
12,8,30
12,9,30
12,10,30
12,11,30
12,12,30
12,13,30
12,14,30
12,15,30
12,16,30
12,17,30
12,18,30
12,19,30
12,20,30
12,21,30
12,22,30
12,23,30
12,24,30
12,25,30
12,26,30
12,27,30
12,28,30
12,29,30
13,0,0
13,1,30
13,2,30
13,3,30
13,4,30
13,5,30
13,6,30
13,7,30
13,8,30
13,9,30
13,10,30
13,11,30
13,12,30
13,13,30
13,14,30
13,15,30
13,16,30
13,17,30
13,18,30
13,19,30
13,20,30
13,21,30
13,22,30
13,23,30
13,24,30
13,25,30
13,26,30
13,27,30
13,28,30
13,29,30
14,0,0
14,1,30
14,2,30
14,3,30
14,4,30
14,5,30
14,6,30
14,7,30
14,8,30
14,9,30
14,10,30
14,11,30
14,12,30
14,13,30
14,14,30
14,15,30
14,16,30
14,17,30
14,18,30
14,19,30
14,20,30
14,21,30
14,22,30
14,23,30
14,24,30
14,25,30
14,26,30
14,27,30
14,28,30
14,29,30
15,0,0
15,1,30
15,2,30
15,3,30
15,4,30
15,5,30
15,6,30
15,7,30
15,8,30
15,9,30
15,10,30
15,11,30
15,12,30
15,13,30
15,14,30
15,15,30
15,16,30
15,17,30
15,18,30
15,19,30
15,20,30
15,21,30
15,22,30
15,23,30
15,24,30
15,25,30
15,26,30
15,27,30
15,28,30
15,29,30
16,0,0
16,1,30
16,2,30
16,3,30
16,4,30
16,5,30
16,6,30
16,7,30
16,8,30
16,9,30
16,10,30
16,11,30
16,12,30
16,13,30
16,14,30
16,15,30
16,16,30
16,17,30
16,18,30
16,19,30
16,20,30
16,21,30
16,22,30
16,23,30
16,24,30
16,25,30
16,26,30
16,27,30
16,28,30
16,29,30
17,0,0
17,1,30
17,2,30
17,3,30
17,4,30
17,5,30
17,6,30
17,7,30
17,8,30
17,9,30
17,10,30
17,11,30
17,12,30
17,13,30
17,14,30
17,15,30
17,16,30
17,17,30
17,18,30
17,19,30
17,20,30
17,21,30
17,22,30
17,23,30
17,24,30
17,25,30
17,26,30
17,27,30
17,28,30
17,29,30
18,0,0
18,1,30
18,2,30
18,3,30
18,4,30
18,5,30
18,6,30
18,7,30
18,8,30
18,9,30
18,10,30
18,11,30
18,12,30
18,13,30
18,14,30
18,15,30
18,16,30
18,17,30
18,18,30
18,19,30
18,20,30
18,21,30
18,22,30
18,23,30
18,24,30
18,25,30
18,26,30
18,27,30
18,28,30
18,29,30
19,0,0
19,1,30
19,2,30
19,3,30
19,4,30
19,5,30
19,6,30
19,7,30
19,8,30
19,9,30
19,10,30
19,11,30
19,12,30
19,13,30
19,14,30
19,15,30
19,16,30
19,17,30
19,18,30
19,19,30
19,20,30
19,21,30
19,22,30
19,23,30
19,24,30
19,25,30
19,26,30
19,27,30
19,28,30
19,29,30
20,0,0
20,1,30
20,2,30
20,3,30
20,4,30
20,5,30
20,6,30
20,7,30
20,8,30
20,9,30
20,10,30
20,11,30
20,12,30
20,13,30
20,14,30
20,15,30
20,16,30
20,17,30
20,18,30
20,19,30
20,20,30
20,21,30
20,22,30
20,23,30
20,24,30
20,25,30
20,26,30
20,27,30
20,28,30
20,29,30
21,0,0
21,1,30
21,2,30
21,3,30
21,4,30
21,5,30
21,6,30
21,7,30
21,8,30
21,9,30
21,10,30
21,11,30
21,12,30
21,13,30
21,14,30
21,15,30
21,16,30
21,17,30
21,18,30
21,19,30
21,20,30
21,21,30
21,22,30
21,23,30
21,24,30
21,25,30
21,26,30
21,27,30
21,28,30
21,29,30
22,0,0
22,1,30
22,2,30
22,3,30
22,4,30
22,5,30
22,6,30
22,7,30
22,8,30
22,9,30
22,10,30
22,11,30
22,12,30
22,13,30
22,14,30
22,15,30
22,16,30
22,17,30
22,18,30
22,19,30
22,20,30
22,21,30
22,22,30
22,23,30
22,24,30
22,25,30
22,26,30
22,27,30
22,28,30
22,29,30
23,0,0
23,1,30
23,2,30
23,3,30
23,4,30
23,5,30
23,6,30
23,7,30
23,8,30
23,9,30
23,10,30
23,11,30
23,12,30
23,13,30
23,14,30
23,15,30
23,16,30
23,17,30
23,18,30
23,19,30
23,20,30
23,21,30
23,22,30
23,23,30
23,24,30
23,25,30
23,26,30
23,27,30
23,28,30
23,29,30
24,0,0
24,1,30
24,2,30
24,3,30
24,4,30
24,5,30
24,6,30
24,7,30
24,8,30
24,9,30
24,10,30
24,11,30
24,12,30
24,13,30
24,14,30
24,15,30
24,16,30
24,17,30
24,18,30
24,19,30
24,20,30
24,21,30
24,22,30
24,23,30
24,24,30
24,25,30
24,26,30
24,27,30
24,28,30
24,29,30
25,0,0
25,1,30
25,2,30
25,3,30
25,4,30
25,5,30
25,6,30
25,7,30
25,8,30
25,9,30
25,10,30
25,11,30
25,12,30
25,13,30
25,14,30
25,15,30
25,16,30
25,17,30
25,18,30
25,19,30
25,20,30
25,21,30
25,22,30
25,23,30
25,24,30
25,25,30
25,26,30
25,27,30
25,28,30
25,29,30
26,0,0
26,1,30
26,2,30
26,3,30
26,4,30
26,5,30
26,6,30
26,7,30
26,8,30
26,9,30
26,10,30
26,11,30
26,12,30
26,13,30
26,14,30
26,15,30
26,16,30
26,17,30
26,18,30
26,19,30
26,20,30
26,21,30
26,22,30
26,23,30
26,24,30
26,25,30
26,26,30
26,27,30
26,28,30
26,29,30
27,0,0
27,1,30
27,2,30
27,3,30
27,4,30
27,5,30
27,6,30
27,7,30
27,8,30
27,9,30
27,10,30
27,11,30
27,12,30
27,13,30
27,14,30
27,15,30
27,16,30
27,17,30
27,18,30
27,19,30
27,20,30
27,21,30
27,22,30
27,23,30
27,24,30
27,25,30
27,26,30
27,27,30
27,28,30
27,29,30
28,0,0
28,1,30
28,2,30
28,3,30
28,4,30
28,5,30
28,6,30
28,7,30
28,8,30
28,9,30
28,10,30
28,11,30
28,12,30
28,13,30
28,14,30
28,15,30
28,16,30
28,17,30
28,18,30
28,19,30
28,20,30
28,21,30
28,22,30
28,23,30
28,24,30
28,25,30
28,26,30
28,27,30
28,28,30
28,29,30
29,0,0
29,1,30
29,2,30
29,3,30
29,4,30
29,5,30
29,6,30
29,7,30
29,8,30
29,9,30
29,10,30
29,11,30
29,12,30
29,13,30
29,14,30
29,15,30
29,16,30
29,17,30
29,18,30
29,19,30
29,20,30
29,21,30
29,22,30
29,23,30
29,24,30
29,25,30
29,26,30
29,27,30
29,28,30
29,29,30
30,0,0
30,1,30
30,2,30
30,3,30
30,4,30
30,5,30
30,6,30
30,7,30
30,8,30
30,9,30
30,10,30
30,11,30
30,12,30
30,13,30
30,14,30
30,15,30
30,16,30
30,17,30
30,18,30
30,19,30
30,20,30
30,21,30
30,22,30
30,23,30
30,24,30
30,25,30
30,26,30
30,27,30
30,28,30
30,29,30
31,0,0
31,1,30
31,2,30
31,3,30
31,4,30
31,5,30
31,6,30
31,7,30
31,8,30
31,9,30
31,10,30
31,11,30
31,12,30
31,13,30
31,14,30
31,15,30
31,16,30
31,17,30
31,18,30
31,19,30
31,20,30
31,21,30
31,22,30
31,23,30
31,24,30
31,25,30
31,26,30
31,27,30
31,28,30
31,29,30
32,0,0
32,1,30
32,2,30
32,3,30
32,4,30
32,5,30
32,6,30
32,7,30
32,8,30
32,9,30
32,10,30
32,11,30
32,12,30
32,13,30
32,14,30
32,15,30
32,16,30
32,17,30
32,18,30
32,19,30
32,20,30
32,21,30
32,22,30
32,23,30
32,24,30
32,25,30
32,26,30
32,27,30
32,28,30
32,29,30
33,0,0
33,1,30
33,2,30
33,3,30
33,4,30
33,5,30
33,6,30
33,7,30
33,8,30
33,9,30
33,10,30
33,11,30
33,12,30
33,13,30
33,14,30
33,15,30
33,16,30
33,17,30
33,18,30
33,19,30
33,20,30
33,21,30
33,22,30
33,23,30
33,24,30
33,25,30
33,26,30
33,27,30
33,28,30
33,29,30
34,0,0
34,1,30
34,2,30
34,3,30
34,4,30
34,5,30
34,6,30
34,7,30
34,8,30
34,9,30
34,10,30
34,11,30
34,12,30
34,13,30
34,14,30
34,15,30
34,16,30
34,17,30
34,18,30
34,19,30
34,20,30
34,21,30
34,22,30
34,23,30
34,24,30
34,25,30
34,26,30
34,27,30
34,28,30
34,29,30
35,0,0
35,1,30
35,2,30
35,3,30
35,4,30
35,5,30
35,6,30
35,7,30
35,8,30
35,9,30
35,10,30
35,11,30
35,12,30
35,13,30
35,14,30
35,15,30
35,16,30
35,17,30
35,18,30
35,19,30
35,20,30
35,21,30
35,22,30
35,23,30
35,24,30
35,25,30
35,26,30
35,27,30
35,28,30
35,29,30
36,0,0
36,1,30
36,2,30
36,3,30
36,4,30
36,5,30
36,6,30
36,7,30
36,8,30
36,9,30
36,10,30
36,11,30
36,12,30
36,13,30
36,14,30
36,15,30
36,16,30
36,17,30
36,18,30
36,19,30
36,20,30
36,21,30
36,22,30
36,23,30
36,24,30
36,25,30
36,26,30
36,27,30
36,28,30
36,29,30
37,0,0
37,1,30
37,2,30
37,3,30
37,4,30
37,5,30
37,6,30
37,7,30
37,8,30
37,9,30
37,10,30
37,11,30
37,12,30
37,13,30
37,14,30
37,15,30
37,16,30
37,17,30
37,18,30
37,19,30
37,20,30
37,21,30
37,22,30
37,23,30
37,24,30
37,25,30
37,26,30
37,27,30
37,28,30
37,29,30
38,0,0
38,1,30
38,2,30
38,3,30
38,4,30
38,5,30
38,6,30
38,7,30
38,8,30
38,9,30
38,10,30
38,11,30
38,12,30
38,13,30
38,14,30
38,15,30
38,16,30
38,17,30
38,18,30
38,19,30
38,20,30
38,21,30
38,22,30
38,23,30
38,24,30
38,25,30
38,26,30
38,27,30
38,28,30
38,29,30
39,0,0
39,1,30
39,2,30
39,3,30
39,4,30
39,5,30
39,6,30
39,7,30
39,8,30
39,9,30
39,10,30
39,11,30
39,12,30
39,13,30
39,14,30
39,15,30
39,16,30
39,17,30
39,18,30
39,19,30
39,20,30
39,21,30
39,22,30
39,23,30
39,24,30
39,25,30
39,26,30
39,27,30
39,28,30
39,29,30
40,0,0
40,1,30
40,2,30
40,3,30
40,4,30
40,5,30
40,6,30
40,7,30
40,8,30
40,9,30
40,10,30
40,11,30
40,12,30
40,13,30
40,14,30
40,15,30
40,16,30
40,17,30
40,18,30
40,19,30
40,20,30
40,21,30
40,22,30
40,23,30
40,24,30
40,25,30
40,26,30
40,27,30
40,28,30
40,29,30
41,0,0
41,1,30
41,2,30
41,3,30
41,4,30
41,5,30
41,6,30
41,7,30
41,8,30
41,9,30
41,10,30
41,11,30
41,12,30
41,13,30
41,14,30
41,15,30
41,16,30
41,17,30
41,18,30
41,19,30
41,20,30
41,21,30
41,22,30
41,23,30
41,24,30
41,25,30
41,26,30
41,27,30
41,28,30
41,29,30
42,0,0
42,1,30
42,2,30
42,3,30
42,4,30
42,5,30
42,6,30
42,7,30
42,8,30
42,9,30
42,10,30
42,11,30
42,12,30
42,13,30
42,14,30
42,15,30
42,16,30
42,17,30
42,18,30
42,19,30
42,20,30
42,21,30
42,22,30
42,23,30
42,24,30
42,25,30
42,26,30
42,27,30
42,28,30
42,29,30
43,0,0
43,1,30
43,2,30
43,3,30
43,4,30
43,5,30
43,6,30
43,7,30
43,8,30
43,9,30
43,10,30
43,11,30
43,12,30
43,13,30
43,14,30
43,15,30
43,16,30
43,17,30
43,18,30
43,19,30
43,20,30
43,21,30
43,22,30
43,23,30
43,24,30
43,25,30
43,26,30
43,27,30
43,28,30
43,29,30
44,0,0
44,1,30
44,2,30
44,3,30
44,4,30
44,5,30
44,6,30
44,7,30
44,8,30
44,9,30
44,10,30
44,11,30
44,12,30
44,13,30
44,14,30
44,15,30
44,16,30
44,17,30
44,18,30
44,19,30
44,20,30
44,21,30
44,22,30
44,23,30
44,24,30
44,25,30
44,26,30
44,27,30
44,28,30
44,29,30
45,0,0
45,1,30
45,2,30
45,3,30
45,4,30
45,5,30
45,6,30
45,7,30
45,8,30
45,9,30
45,10,30
45,11,30
45,12,30
45,13,30
45,14,30
45,15,30
45,16,30
45,17,30
45,18,30
45,19,30
45,20,30
45,21,30
45,22,30
45,23,30
45,24,30
45,25,30
45,26,30
45,27,30
45,28,30
45,29,30
46,0,0
46,1,30
46,2,30
46,3,30
46,4,30
46,5,30
46,6,30
46,7,30
46,8,30
46,9,30
46,10,30
46,11,30
46,12,30
46,13,30
46,14,30
46,15,30
46,16,30
46,17,30
46,18,30
46,19,30
46,20,30
46,21,30
46,22,30
46,23,30
46,24,30
46,25,30
46,26,30
46,27,30
46,28,30
46,29,30
47,0,0
47,1,30
47,2,30
47,3,30
47,4,30
47,5,30
47,6,30
47,7,30
47,8,30
47,9,30
47,10,30
47,11,30
47,12,30
47,13,30
47,14,30
47,15,30
47,16,30
47,17,30
47,18,30
47,19,30
47,20,30
47,21,30
47,22,30
47,23,30
47,24,30
47,25,30
47,26,30
47,27,30
47,28,30
47,29,30
48,0,0
48,1,30
48,2,30
48,3,30
48,4,30
48,5,30
48,6,30
48,7,30
48,8,30
48,9,30
48,10,30
48,11,30
48,12,30
48,13,30
48,14,30
48,15,30
48,16,30
48,17,30
48,18,30
48,19,30
48,20,30
48,21,30
48,22,30
48,23,30
48,24,30
48,25,30
48,26,30
48,27,30
48,28,30
48,29,30
49,0,0
49,1,30
49,2,30
49,3,30
49,4,30
49,5,30
49,6,30
49,7,30
49,8,30
49,9,30
49,10,30
49,11,30
49,12,30
49,13,30
49,14,30
49,15,30
49,16,30
49,17,30
49,18,30
49,19,30
49,20,30
49,21,30
49,22,30
49,23,30
49,24,30
49,25,30
49,26,30
49,27,30
49,28,30
49,29,30
50,0,0
50,1,30
50,2,30
50,3,30
50,4,30
50,5,30
50,6,30
50,7,30
50,8,30
50,9,30
50,10,30
50,11,30
50,12,30
50,13,30
50,14,30
50,15,30
50,16,30
50,17,30
50,18,30
50,19,30
50,20,30
50,21,30
50,22,30
50,23,30
50,24,30
50,25,30
50,26,30
50,27,30
50,28,30
50,29,30
51,0,0
51,1,30
51,2,30
51,3,30
51,4,30
51,5,30
51,6,30
51,7,30
51,8,30
51,9,30
51,10,30
51,11,30
51,12,30
51,13,30
51,14,30
51,15,30
51,16,30
51,17,30
51,18,30
51,19,30
51,20,30
51,21,30
51,22,30
51,23,30
51,24,30
51,25,30
51,26,30
51,27,30
51,28,30
51,29,30
52,0,0
52,1,30
52,2,30
52,3,30
52,4,30
52,5,30
52,6,30
52,7,30
52,8,30
52,9,30
52,10,30
52,11,30
52,12,30
52,13,30
52,14,30
52,15,30
52,16,30
52,17,30
52,18,30
52,19,30
52,20,30
52,21,30
52,22,30
52,23,30
52,24,30
52,25,30
52,26,30
52,27,30
52,28,30
52,29,30
53,0,0
53,1,30
53,2,30
53,3,30
53,4,30
53,5,30
53,6,30
53,7,30
53,8,30
53,9,30
53,10,30
53,11,30
53,12,30
53,13,30
53,14,30
53,15,30
53,16,30
53,17,30
53,18,30
53,19,30
53,20,30
53,21,30
53,22,30
53,23,30
53,24,30
53,25,30
53,26,30
53,27,30
53,28,30
53,29,30
54,0,0
54,1,30
54,2,30
54,3,30
54,4,30
54,5,30
54,6,30
54,7,30
54,8,30
54,9,30
54,10,30
54,11,30
54,12,30
54,13,30
54,14,30
54,15,30
54,16,30
54,17,30
54,18,30
54,19,30
54,20,30
54,21,30
54,22,30
54,23,30
54,24,30
54,25,30
54,26,30
54,27,30
54,28,30
54,29,30
55,0,0
55,1,30
55,2,30
55,3,30
55,4,30
55,5,30
55,6,30
55,7,30
55,8,30
55,9,30
55,10,30
55,11,30
55,12,30
55,13,30
55,14,30
55,15,30
55,16,30
55,17,30
55,18,30
55,19,30
55,20,30
55,21,30
55,22,30
55,23,30
55,24,30
55,25,30
55,26,30
55,27,30
55,28,30
55,29,30
56,0,0
56,1,30
56,2,30
56,3,30
56,4,30
56,5,30
56,6,30
56,7,30
56,8,30
56,9,30
56,10,30
56,11,30
56,12,30
56,13,30
56,14,30
56,15,30
56,16,30
56,17,30
56,18,30
56,19,30
56,20,30
56,21,30
56,22,30
56,23,30
56,24,30
56,25,30
56,26,30
56,27,30
56,28,30
56,29,30
57,0,0
57,1,30
57,2,30
57,3,30
57,4,30
57,5,30
57,6,30
57,7,30
57,8,30
57,9,30
57,10,30
57,11,30
57,12,30
57,13,30
57,14,30
57,15,30
57,16,30
57,17,30
57,18,30
57,19,30
57,20,30
57,21,30
57,22,30
57,23,30
57,24,30
57,25,30
57,26,30
57,27,30
57,28,30
57,29,30
58,0,0
58,1,30
58,2,30
58,3,30
58,4,30
58,5,30
58,6,30
58,7,30
58,8,30
58,9,30
58,10,30
58,11,30
58,12,30
58,13,30
58,14,30
58,15,30
58,16,30
58,17,30
58,18,30
58,19,30
58,20,30
58,21,30
58,22,30
58,23,30
58,24,30
58,25,30
58,26,30
58,27,30
58,28,30
58,29,30
59,0,0
59,1,30
59,2,30
59,3,30
59,4,30
59,5,30
59,6,30
59,7,30
59,8,30
59,9,30
59,10,30
59,11,30
59,12,30
59,13,30
59,14,30
59,15,30
59,16,30
59,17,30
59,18,30
59,19,30
59,20,30
59,21,30
59,22,30
59,23,30
59,24,30
59,25,30
59,26,30
59,27,30
59,28,30
59,29,30
60,0,0
60,1,30
60,2,30
60,3,30
60,4,30
60,5,30
60,6,30
60,7,30
60,8,30
60,9,30
60,10,30
60,11,30
60,12,30
60,13,30
60,14,30
60,15,30
60,16,30
60,17,30
60,18,30
60,19,30
60,20,30
60,21,30
60,22,30
60,23,30
60,24,30
60,25,30
60,26,30
60,27,30
60,28,30
60,29,30
61,0,0
61,1,30
61,2,30
61,3,30
61,4,30
61,5,30
61,6,30
61,7,30
61,8,30
61,9,30
61,10,30
61,11,30
61,12,30
61,13,30
61,14,30
61,15,30
61,16,30
61,17,30
61,18,30
61,19,30
61,20,30
61,21,30
61,22,30
61,23,30
61,24,30
61,25,30
61,26,30
61,27,30
61,28,30
61,29,30
62,0,0
62,1,30
62,2,30
62,3,30
62,4,30
62,5,30
62,6,30
62,7,30
62,8,30
62,9,30
62,10,30
62,11,30
62,12,30
62,13,30
62,14,30
62,15,30
62,16,30
62,17,30
62,18,30
62,19,30
62,20,30
62,21,30
62,22,30
62,23,30
62,24,30
62,25,30
62,26,30
62,27,30
62,28,30
62,29,30
63,0,0
63,1,30
63,2,30
63,3,30
63,4,30
63,5,30
63,6,30
63,7,30
63,8,30
63,9,30
63,10,30
63,11,30
63,12,30
63,13,30
63,14,30
63,15,30
63,16,30
63,17,30
63,18,30
63,19,30
63,20,30
63,21,30
63,22,30
63,23,30
63,24,30
63,25,30
63,26,30
63,27,30
63,28,30
63,29,30
64,0,0
64,1,30
64,2,30
64,3,30
64,4,30
64,5,30
64,6,30
64,7,30
64,8,30
64,9,30
64,10,30
64,11,30
64,12,30
64,13,30
64,14,30
64,15,30
64,16,30
64,17,30
64,18,30
64,19,30
64,20,30
64,21,30
64,22,30
64,23,30
64,24,30
64,25,30
64,26,30
64,27,30
64,28,30
64,29,30
65,0,0
65,1,30
65,2,30
65,3,30
65,4,30
65,5,30
65,6,30
65,7,30
65,8,30
65,9,30
65,10,30
65,11,30
65,12,30
65,13,30
65,14,30
65,15,30
65,16,30
65,17,30
65,18,30
65,19,30
65,20,30
65,21,30
65,22,30
65,23,30
65,24,30
65,25,30
65,26,30
65,27,30
65,28,30
65,29,30
66,0,0
66,1,30
66,2,30
66,3,30
66,4,30
66,5,30
66,6,30
66,7,30
66,8,30
66,9,30
66,10,30
66,11,30
66,12,30
66,13,30
66,14,30
66,15,30
66,16,30
66,17,30
66,18,30
66,19,30
66,20,30
66,21,30
66,22,30
66,23,30
66,24,30
66,25,30
66,26,30
66,27,30
66,28,30
66,29,30
67,0,0
67,1,30
67,2,30
67,3,30
67,4,30
67,5,30
67,6,30
67,7,30
67,8,30
67,9,30
67,10,30
67,11,30
67,12,30
67,13,30
67,14,30
67,15,30
67,16,30
67,17,30
67,18,30
67,19,30
67,20,30
67,21,30
67,22,30
67,23,30
67,24,30
67,25,30
67,26,30
67,27,30
67,28,30
67,29,30
68,0,0
68,1,30
68,2,30
68,3,30
68,4,30
68,5,30
68,6,30
68,7,30
68,8,30
68,9,30
68,10,30
68,11,30
68,12,30
68,13,30
68,14,30
68,15,30
68,16,30
68,17,30
68,18,30
68,19,30
68,20,30
68,21,30
68,22,30
68,23,30
68,24,30
68,25,30
68,26,30
68,27,30
68,28,30
68,29,30
69,0,0
69,1,30
69,2,30
69,3,30
69,4,30
69,5,30
69,6,30
69,7,30
69,8,30
69,9,30
69,10,30
69,11,30
69,12,30
69,13,30
69,14,30
69,15,30
69,16,30
69,17,30
69,18,30
69,19,30
69,20,30
69,21,30
69,22,30
69,23,30
69,24,30
69,25,30
69,26,30
69,27,30
69,28,30
69,29,30
70,0,0
70,1,30
70,2,30
70,3,30
70,4,30
70,5,30
70,6,30
70,7,30
70,8,30
70,9,30
70,10,30
70,11,30
70,12,30
70,13,30
70,14,30
70,15,30
70,16,30
70,17,30
70,18,30
70,19,30
70,20,30
70,21,30
70,22,30
70,23,30
70,24,30
70,25,30
70,26,30
70,27,30
70,28,30
70,29,30
71,0,0
71,1,30
71,2,30
71,3,30
71,4,30
71,5,30
71,6,30
71,7,30
71,8,30
71,9,30
71,10,30
71,11,30
71,12,30
71,13,30
71,14,30
71,15,30
71,16,30
71,17,30
71,18,30
71,19,30
71,20,30
71,21,30
71,22,30
71,23,30
71,24,30
71,25,30
71,26,30
71,27,30
71,28,30
71,29,30
72,0,0
72,1,30
72,2,30
72,3,30
72,4,30
72,5,30
72,6,30
72,7,30
72,8,30
72,9,30
72,10,30
72,11,30
72,12,30
72,13,30
72,14,30
72,15,30
72,16,30
72,17,30
72,18,30
72,19,30
72,20,30
72,21,30
72,22,30
72,23,30
72,24,30
72,25,30
72,26,30
72,27,30
72,28,30
72,29,30
73,0,0
73,1,30
73,2,30
73,3,30
73,4,30
73,5,30
73,6,30
73,7,30
73,8,30
73,9,30
73,10,30
73,11,30
73,12,30
73,13,30
73,14,30
73,15,30
73,16,30
73,17,30
73,18,30
73,19,30
73,20,30
73,21,30
73,22,30
73,23,30
73,24,30
73,25,30
73,26,30
73,27,30
73,28,30
73,29,30
74,0,0
74,1,30
74,2,30
74,3,30
74,4,30
74,5,30
74,6,30
74,7,30
74,8,30
74,9,30
74,10,30
74,11,30
74,12,30
74,13,30
74,14,30
74,15,30
74,16,30
74,17,30
74,18,30
74,19,30
74,20,30
74,21,30
74,22,30
74,23,30
74,24,30
74,25,30
74,26,30
74,27,30
74,28,30
74,29,30
75,0,0
75,1,30
75,2,30
75,3,30
75,4,30
75,5,30
75,6,30
75,7,30
75,8,30
75,9,30
75,10,30
75,11,30
75,12,30
75,13,30
75,14,30
75,15,30
75,16,30
75,17,30
75,18,30
75,19,30
75,20,30
75,21,30
75,22,30
75,23,30
75,24,30
75,25,30
75,26,30
75,27,30
75,28,30
75,29,30
76,0,0
76,1,30
76,2,30
76,3,30
76,4,30
76,5,30
76,6,30
76,7,30
76,8,30
76,9,30
76,10,30
76,11,30
76,12,30
76,13,30
76,14,30
76,15,30
76,16,30
76,17,30
76,18,30
76,19,30
76,20,30
76,21,30
76,22,30
76,23,30
76,24,30
76,25,30
76,26,30
76,27,30
76,28,30
76,29,30
77,0,0
77,1,30
77,2,30
77,3,30
77,4,30
77,5,30
77,6,30
77,7,30
77,8,30
77,9,30
77,10,30
77,11,30
77,12,30
77,13,30
77,14,30
77,15,30
77,16,30
77,17,30
77,18,30
77,19,30
77,20,30
77,21,30
77,22,30
77,23,30
77,24,30
77,25,30
77,26,30
77,27,30
77,28,30
77,29,30
78,0,0
78,1,30
78,2,30
78,3,30
78,4,30
78,5,30
78,6,30
78,7,30
78,8,30
78,9,30
78,10,30
78,11,30
78,12,30
78,13,30
78,14,30
78,15,30
78,16,30
78,17,30
78,18,30
78,19,30
78,20,30
78,21,30
78,22,30
78,23,30
78,24,30
78,25,30
78,26,30
78,27,30
78,28,30
78,29,30
79,0,0
79,1,30
79,2,30
79,3,30
79,4,30
79,5,30
79,6,30
79,7,30
79,8,30
79,9,30
79,10,30
79,11,30
79,12,30
79,13,30
79,14,30
79,15,30
79,16,30
79,17,30
79,18,30
79,19,30
79,20,30
79,21,30
79,22,30
79,23,30
79,24,30
79,25,30
79,26,30
79,27,30
79,28,30
79,29,30
80,0,0
80,1,30
80,2,30
80,3,30
80,4,30
80,5,30
80,6,30
80,7,30
80,8,30
80,9,30
80,10,30
80,11,30
80,12,30
80,13,30
80,14,30
80,15,30
80,16,30
80,17,30
80,18,30
80,19,30
80,20,30
80,21,30
80,22,30
80,23,30
80,24,30
80,25,30
80,26,30
80,27,30
80,28,30
80,29,30
81,0,0
81,1,30
81,2,30
81,3,30
81,4,30
81,5,30
81,6,30
81,7,30
81,8,30
81,9,30
81,10,30
81,11,30
81,12,30
81,13,30
81,14,30
81,15,30
81,16,30
81,17,30
81,18,30
81,19,30
81,20,30
81,21,30
81,22,30
81,23,30
81,24,30
81,25,30
81,26,30
81,27,30
81,28,30
81,29,30
82,0,0
82,1,30
82,2,30
82,3,30
82,4,30
82,5,30
82,6,30
82,7,30
82,8,30
82,9,30
82,10,30
82,11,30
82,12,30
82,13,30
82,14,30
82,15,30
82,16,30
82,17,30
82,18,30
82,19,30
82,20,30
82,21,30
82,22,30
82,23,30
82,24,30
82,25,30
82,26,30
82,27,30
82,28,30
82,29,30
83,0,0
83,1,30
83,2,30
83,3,30
83,4,30
83,5,30
83,6,30
83,7,30
83,8,30
83,9,30
83,10,30
83,11,30
83,12,30
83,13,30
83,14,30
83,15,30
83,16,30
83,17,30
83,18,30
83,19,30
83,20,30
83,21,30
83,22,30
83,23,30
83,24,30
83,25,30
83,26,30
83,27,30
83,28,30
83,29,30
84,0,0
84,1,30
84,2,30
84,3,30
84,4,30
84,5,30
84,6,30
84,7,30
84,8,30
84,9,30
84,10,30
84,11,30
84,12,30
84,13,30
84,14,30
84,15,30
84,16,30
84,17,30
84,18,30
84,19,30
84,20,30
84,21,30
84,22,30
84,23,30
84,24,30
84,25,30
84,26,30
84,27,30
84,28,30
84,29,30
85,0,0
85,1,30
85,2,30
85,3,30
85,4,30
85,5,30
85,6,30
85,7,30
85,8,30
85,9,30
85,10,30
85,11,30
85,12,30
85,13,30
85,14,30
85,15,30
85,16,30
85,17,30
85,18,30
85,19,30
85,20,30
85,21,30
85,22,30
85,23,30
85,24,30
85,25,30
85,26,30
85,27,30
85,28,30
85,29,30
86,0,0
86,1,30
86,2,30
86,3,30
86,4,30
86,5,30
86,6,30
86,7,30
86,8,30
86,9,30
86,10,30
86,11,30
86,12,30
86,13,30
86,14,30
86,15,30
86,16,30
86,17,30
86,18,30
86,19,30
86,20,30
86,21,30
86,22,30
86,23,30
86,24,30
86,25,30
86,26,30
86,27,30
86,28,30
86,29,30
87,0,0
87,1,30
87,2,30
87,3,30
87,4,30
87,5,30
87,6,30
87,7,30
87,8,30
87,9,30
87,10,30
87,11,30
87,12,30
87,13,30
87,14,30
87,15,30
87,16,30
87,17,30
87,18,30
87,19,30
87,20,30
87,21,30
87,22,30
87,23,30
87,24,30
87,25,30
87,26,30
87,27,30
87,28,30
87,29,30
88,0,0
88,1,30
88,2,30
88,3,30
88,4,30
88,5,30
88,6,30
88,7,30
88,8,30
88,9,30
88,10,30
88,11,30
88,12,30
88,13,30
88,14,30
88,15,30
88,16,30
88,17,30
88,18,30
88,19,30
88,20,30
88,21,30
88,22,30
88,23,30
88,24,30
88,25,30
88,26,30
88,27,30
88,28,30
88,29,30
89,0,0
89,1,30
89,2,30
89,3,30
89,4,30
89,5,30
89,6,30
89,7,30
89,8,30
89,9,30
89,10,30
89,11,30
89,12,30
89,13,30
89,14,30
89,15,30
89,16,30
89,17,30
89,18,30
89,19,30
89,20,30
89,21,30
89,22,30
89,23,30
89,24,30
89,25,30
89,26,30
89,27,30
89,28,30
89,29,30
90,0,0
90,1,30
90,2,30
90,3,30
90,4,30
90,5,30
90,6,30
90,7,30
90,8,30
90,9,30
90,10,30
90,11,30
90,12,30
90,13,30
90,14,30
90,15,30
90,16,30
90,17,30
90,18,30
90,19,30
90,20,30
90,21,30
90,22,30
90,23,30
90,24,30
90,25,30
90,26,30
90,27,30
90,28,30
90,29,30
91,0,0
91,1,30
91,2,30
91,3,30
91,4,30
91,5,30
91,6,30
91,7,30
91,8,30
91,9,30
91,10,30
91,11,30
91,12,30
91,13,30
91,14,30
91,15,30
91,16,30
91,17,30
91,18,30
91,19,30
91,20,30
91,21,30
91,22,30
91,23,30
91,24,30
91,25,30
91,26,30
91,27,30
91,28,30
91,29,30
92,0,0
92,1,30
92,2,30
92,3,30
92,4,30
92,5,30
92,6,30
92,7,30
92,8,30
92,9,30
92,10,30
92,11,30
92,12,30
92,13,30
92,14,30
92,15,30
92,16,30
92,17,30
92,18,30
92,19,30
92,20,30
92,21,30
92,22,30
92,23,30
92,24,30
92,25,30
92,26,30
92,27,30
92,28,30
92,29,30
93,0,0
93,1,30
93,2,30
93,3,30
93,4,30
93,5,30
93,6,30
93,7,30
93,8,30
93,9,30
93,10,30
93,11,30
93,12,30
93,13,30
93,14,30
93,15,30
93,16,30
93,17,30
93,18,30
93,19,30
93,20,30
93,21,30
93,22,30
93,23,30
93,24,30
93,25,30
93,26,30
93,27,30
93,28,30
93,29,30
94,0,0
94,1,30
94,2,30
94,3,30
94,4,30
94,5,30
94,6,30
94,7,30
94,8,30
94,9,30
94,10,30
94,11,30
94,12,30
94,13,30
94,14,30
94,15,30
94,16,30
94,17,30
94,18,30
94,19,30
94,20,30
94,21,30
94,22,30
94,23,30
94,24,30
94,25,30
94,26,30
94,27,30
94,28,30
94,29,30
95,0,0
95,1,30
95,2,30
95,3,30
95,4,30
95,5,30
95,6,30
95,7,30
95,8,30
95,9,30
95,10,30
95,11,30
95,12,30
95,13,30
95,14,30
95,15,30
95,16,30
95,17,30
95,18,30
95,19,30
95,20,30
95,21,30
95,22,30
95,23,30
95,24,30
95,25,30
95,26,30
95,27,30
95,28,30
95,29,30
96,0,0
96,1,30
96,2,30
96,3,30
96,4,30
96,5,30
96,6,30
96,7,30
96,8,30
96,9,30
96,10,30
96,11,30
96,12,30
96,13,30
96,14,30
96,15,30
96,16,30
96,17,30
96,18,30
96,19,30
96,20,30
96,21,30
96,22,30
96,23,30
96,24,30
96,25,30
96,26,30
96,27,30
96,28,30
96,29,30
97,0,0
97,1,30
97,2,30
97,3,30
97,4,30
97,5,30
97,6,30
97,7,30
97,8,30
97,9,30
97,10,30
97,11,30
97,12,30
97,13,30
97,14,30
97,15,30
97,16,30
97,17,30
97,18,30
97,19,30
97,20,30
97,21,30
97,22,30
97,23,30
97,24,30
97,25,30
97,26,30
97,27,30
97,28,30
97,29,30
98,0,0
98,1,30
98,2,30
98,3,30
98,4,30
98,5,30
98,6,30
98,7,30
98,8,30
98,9,30
98,10,30
98,11,30
98,12,30
98,13,30
98,14,30
98,15,30
98,16,30
98,17,30
98,18,30
98,19,30
98,20,30
98,21,30
98,22,30
98,23,30
98,24,30
98,25,30
98,26,30
98,27,30
98,28,30
98,29,30
99,0,0
99,1,100
99,2,100
99,3,100
99,4,100
99,5,100
99,6,100
99,7,100
99,8,100
99,9,100
99,10,100
99,11,100
99,12,100
99,13,100
99,14,100
99,15,100
99,16,100
99,17,100
99,18,100
99,19,100
99,20,100
99,21,100
99,22,100
99,23,100
99,24,100
99,25,100
99,26,100
99,27,100
99,28,100
99,29,30
