0,0,0.0
0,1,0.0
0,10,0.0
0,11,0.0
0,12,0.0
0,13,0.0
0,14,0.0
0,15,30.0
0,2,0.0
0,3,0.0
0,4,0.0
0,5,0.0
0,6,0.0
0,7,0.0
0,8,0.0
0,9,0.0
1,0,0.0
1,1,0.6350612
1,10,5.1739373
1,11,5.9433575
1,12,7.2340527
1,13,9.735339
1,14,15.341662
1,15,30.0
1,2,1.2543719
1,3,1.844061
1,4,2.3938375
1,5,2.898465
1,6,3.3591914
1,7,3.7855954
1,8,4.198791
1,9,4.6378646
10,0,0.0
10,1,11.11735
10,10,49.437866
10,11,47.814793
10,12,45.023205
10,13,41.010185
10,14,35.871323
10,15,30.0
10,2,21.189295
10,3,29.66405
10,4,36.43167
10,5,41.6153
10,6,45.409748
10,7,47.994644
10,8,49.497047
10,9,49.97912
11,0,0.0
11,1,14.541487
11,10,57.054253
11,11,54.916492
11,12,51.278248
11,13,45.88154
11,14,38.63437
11,15,30.0
11,2,27.111881
11,3,37.06658
11,4,44.56667
11,5,50.02754
11,6,53.85159
11,7,56.33944
11,8,57.674137
11,9,57.925396
12,0,0.0
12,1,19.936924
12,10,65.93809
12,11,63.51938
12,12,59.292336
12,13,52.60376
12,14,42.784805
12,15,30.0
12,2,35.650543
12,3,46.924294
12,4,54.7416
12,5,60.07743
12,6,63.63054
12,7,65.838326
12,8,66.935616
12,9,66.99499
13,0,0.0
13,1,29.555817
13,10,76.18439
13,11,73.93118
13,12,69.76838
13,13,62.456665
13,14,49.901257
13,15,30.0
13,2,48.62939
13,3,60.238903
13,4,67.39856
13,5,71.9107
13,6,74.75554
13,7,76.44848
13,8,77.23578
13,9,77.181564
14,0,0.0
14,1,49.657066
14,10,87.68719
14,11,86.25295
14,12,83.39366
14,13,77.55347
14,14,64.36366
14,15,30.0
14,2,69.0725
14,3,78.00367
14,4,82.70344
14,5,85.41171
14,6,87.03294
14,7,87.964775
14,8,88.37798
14,9,88.311615
15,0,0.0
15,1,100.0
15,10,100.0
15,11,100.0
15,12,100.0
15,13,100.0
15,14,100.0
15,15,30.0
15,2,100.0
15,3,100.0
15,4,100.0
15,5,100.0
15,6,100.0
15,7,100.0
15,8,100.0
15,9,100.0
2,0,0.0
2,1,1.2859278
2,10,10.114755
2,11,11.365639
2,12,13.25767
2,13,16.365747
2,14,21.631369
2,15,30.0
2,2,2.5384731
2,3,3.7281904
2,4,4.8330197
2,5,5.841061
2,6,6.752956
2,7,7.5846643
2,8,8.371965
2,9,9.178986
3,0,0.0
3,1,1.9702846
3,10,14.740911
3,11,16.147156
3,12,18.065546
3,13,20.838825
3,14,24.818167
3,15,30.0
3,2,3.8856127
3,3,5.6975117
3,4,7.3693757
3,5,8.880251
3,6,10.227404
3,7,11.428652
3,8,12.525943
3,9,13.591848
4,0,0.0
4,1,2.709754
4,10,19.110525
4,11,20.417095
4,12,22.018976
4,13,24.106146
4,14,26.802633
4,15,30.0
4,2,5.336485
4,3,7.80731
4,4,10.067274
4,5,12.083815
4,6,13.848467
4,7,15.377347
4,8,16.712044
4,9,17.922276
5,0,0.0
5,1,3.5324423
5,10,23.362652
5,11,24.39242
5,12,25.48768
5,13,26.764538
5,14,28.286417
5,15,30.0
5,2,6.9436502
5,3,10.128526
5,4,13.009303
5,5,15.540086
5,6,17.706211
5,7,19.521162
5,8,21.023565
5,9,22.27558
6,0,0.0
6,1,4.476596
6,10,27.673037
6,11,28.303085
6,12,28.77543
6,13,29.178371
6,14,29.57872
6,15,30.0
6,2,8.7775955
6,3,12.754492
6,4,16.302145
6,5,19.361977
6,6,21.916176
6,7,23.978636
6,8,25.586575
6,9,26.794884
7,0,0.0
7,1,5.5965967
7,10,32.232597
7,11,32.372345
7,12,32.133316
7,13,31.595287
7,14,30.850353
7,15,30.0
7,2,10.936143
7,3,15.8104105
7,4,20.08372
7,5,23.690548
7,6,26.61905
7,7,28.891832
7,8,30.550432
7,9,31.645494
8,0,0.0
8,1,6.973915
8,10,37.240593
8,11,36.821346
8,12,35.790947
8,13,34.21963
8,14,32.22767
8,15,30.0
8,2,13.560484
8,3,19.468042
8,4,24.532713
8,5,28.698551
8,6,31.978848
8,7,34.42049
8,8,36.07909
8,9,37.005302
9,0,0.0
9,1,8.738842
9,10,42.904266
9,11,41.882435
9,12,39.99025
9,13,37.265133
9,14,33.840965
9,15,30.0
9,2,16.864359
9,3,23.969307
9,4,29.881496
9,5,34.5932
9,6,38.178524
9,7,40.733463
9,8,42.341404
9,9,43.05723
