0,0,0.0
0,1,0.0
0,10,0.0
0,11,0.0
0,12,0.0
0,13,0.0
0,14,0.0
0,15,30.0
0,2,0.0
0,3,0.0
0,4,0.0
0,5,0.0
0,6,0.0
0,7,0.0
0,8,0.0
0,9,0.0
1,0,0.0
1,1,0.6322588
1,10,5.16197
1,11,5.9330606
1,12,7.225889
1,13,9.72968
1,14,15.338767
1,15,30.0
1,2,1.248884
1,3,1.8361156
1,4,2.3837686
1,5,2.886697
1,6,3.3462272
1,7,3.7719913
1,8,4.185139
1,9,4.6247654
10,0,0.0
10,1,11.104697
10,10,49.38394
10,11,47.768394
10,12,44.98643
10,13,40.9847
10,14,35.85828
10,15,30.0
10,2,21.164518
10,3,29.62819
10,4,36.38623
10,5,41.562202
10,6,45.351265
10,7,47.933292
10,8,49.435497
10,9,49.920067
11,0,0.0
11,1,14.530535
11,10,57.007576
11,11,54.876335
11,12,51.24642
11,13,45.85948
11,14,38.62308
11,15,30.0
11,2,27.090433
11,3,37.035538
11,4,44.527332
11,5,49.981575
11,6,53.800964
11,7,56.28633
11,8,57.620857
11,9,57.874283
12,0,0.0
12,1,19.928196
12,10,65.90091
12,11,63.487392
12,12,59.266975
12,13,52.58619
12,14,42.775814
12,15,30.0
12,2,35.633457
12,3,46.899563
12,4,54.71026
12,5,60.04081
12,6,63.59021
12,7,65.79602
12,8,66.89317
12,9,66.95427
13,0,0.0
13,1,29.549747
13,10,76.15852
13,11,73.90893
13,12,69.75075
13,13,62.44444
13,14,49.895004
13,15,30.0
13,2,48.6175
13,3,60.221695
13,4,67.376755
13,5,71.88522
13,6,74.727486
13,7,76.419044
13,8,77.20625
13,9,77.153244
14,0,0.0
14,1,49.653954
14,10,87.67392
14,11,86.24155
14,12,83.38462
14,13,77.5472
14,14,64.36046
14,15,30.0
14,2,69.06641
14,3,77.99484
14,4,82.69226
14,5,85.39865
14,6,87.018555
14,7,87.94969
14,8,88.36284
14,9,88.2971
15,0,0.0
15,1,100.0
15,10,100.0
15,11,100.0
15,12,100.0
15,13,100.0
15,14,100.0
15,15,30.0
15,2,100.0
15,3,100.0
15,4,100.0
15,5,100.0
15,6,100.0
15,7,100.0
15,8,100.0
15,9,100.0
2,0,0.0
2,1,1.2804258
2,10,10.091262
2,11,11.345422
2,12,13.241644
2,13,16.354637
2,14,21.625683
2,15,30.0
2,2,2.5276966
2,3,3.7125912
2,4,4.813249
2,5,5.817957
2,6,6.727501
2,7,7.557955
2,8,8.345163
2,9,9.153267
3,0,0.0
3,1,1.962286
3,10,14.706762
3,11,16.117775
3,12,18.042252
3,13,20.822681
3,14,24.809906
3,15,30.0
3,2,3.869949
3,3,5.6748343
3,4,7.3406377
3,5,8.846665
3,6,10.190405
3,7,11.389828
3,8,12.486983
3,9,13.554467
4,0,0.0
4,1,2.699562
4,10,19.067022
4,11,20.379658
4,12,21.989302
4,13,24.085575
4,14,26.79211
4,15,30.0
4,2,5.3165245
4,3,7.778415
4,4,10.030655
4,5,12.041021
4,6,13.801323
4,7,15.327881
4,8,16.66241
4,9,17.874647
5,0,0.0
5,1,3.5204527
5,10,23.311485
5,11,24.348396
5,12,25.452778
5,13,26.74035
5,14,28.274036
5,15,30.0
5,2,6.920171
5,3,10.094534
5,4,12.9662285
5,5,15.48975
5,6,17.650759
5,7,19.462982
5,8,20.965185
5,9,22.219566
6,0,0.0
6,1,4.4632907
6,10,27.616272
6,11,28.254238
6,12,28.736713
6,13,29.151535
6,14,29.56499
6,15,30.0
6,2,8.751538
6,3,12.716772
6,4,16.254345
6,5,19.30612
6,6,21.854645
6,7,23.914078
6,8,25.521797
6,9,26.73273
7,0,0.0
7,1,5.582527
7,10,32.17258
7,11,32.320713
7,12,32.09239
7,13,31.56692
7,14,30.835838
7,15,30.0
7,2,10.908591
7,3,15.770526
7,4,20.03318
7,5,23.631489
7,6,26.553993
7,7,28.82358
7,8,30.481947
7,9,31.579796
8,0,0.0
8,1,6.9596868
8,10,37.179928
8,11,36.769142
8,12,35.749565
8,13,34.19095
8,14,32.212997
8,15,30.0
8,2,13.532619
8,3,19.42771
8,4,24.481604
8,5,28.638834
8,6,31.913065
8,7,34.351475
8,8,36.009846
8,9,36.938866
9,0,0.0
9,1,8.725086
9,10,42.845623
9,11,41.83198
9,12,39.950256
9,13,37.237415
9,14,33.826782
9,15,30.0
9,2,16.837421
9,3,23.930313
9,4,29.832092
9,5,34.535473
9,6,38.114933
9,7,40.66675
9,8,42.27447
9,9,42.993023
