0,0,0.0
0,1,0.0
0,10,0.0
0,11,0.0
0,12,0.0
0,13,0.0
0,14,0.0
0,15,30.0
0,2,0.0
0,3,0.0
0,4,0.0
0,5,0.0
0,6,0.0
0,7,0.0
0,8,0.0
0,9,0.0
1,0,0.0
1,1,2.8352451
1,10,9.3832245
1,11,9.576927
1,12,10.165846
1,13,11.800833
1,14,16.417622
1,15,30.0
1,2,5.2654552
1,3,7.088113
1,4,8.227276
1,5,8.860152
1,6,9.141581
1,7,9.254744
1,8,9.292913
1,9,9.31788
10,0,0.0
10,1,10.60446
10,10,32.991352
10,11,32.906956
10,12,32.651405
10,13,32.139225
10,14,31.22092
10,15,30.0
10,2,19.51081
10,3,25.845503
10,4,29.712505
10,5,31.709427
10,6,32.58758
10,7,32.906513
10,8,33.00069
10,9,33.018433
11,0,0.0
11,1,12.726177
11,10,37.45319
11,11,37.21844
11,12,36.654755
11,13,35.37569
11,14,33.149223
11,15,30.0
11,2,22.99496
11,3,30.020153
11,4,34.124832
11,5,36.20767
11,6,37.096756
11,7,37.419373
11,8,37.51181
11,9,37.5137
12,0,0.0
12,1,17.347225
12,10,45.879852
12,11,45.480694
12,12,44.365715
12,13,41.921883
12,14,37.18138
12,15,30.0
12,2,30.1949
12,3,38.20898
12,4,42.628685
12,5,44.74387
12,6,45.63425
12,7,45.94577
12,8,46.029556
12,9,46.018814
13,0,0.0
13,1,27.050047
13,10,59.465813
13,11,58.888313
13,12,57.362957
13,13,53.540886
13,14,45.249214
13,15,30.0
13,2,43.45193
13,3,52.253582
13,4,56.584476
13,5,58.54928
13,6,59.3289
13,7,59.600136
13,8,59.668884
13,9,59.63409
14,0,0.0
14,1,48.109837
14,10,78.10476
14,11,77.65375
14,12,76.279686
14,13,72.46472
14,14,61.692215
14,15,30.0
14,2,65.92935
14,3,73.20195
14,4,76.30409
14,5,77.58169
14,6,78.07484
14,7,78.23836
14,8,78.27653
14,9,78.25114
15,0,0.0
15,1,100.0
15,10,100.0
15,11,100.0
15,12,100.0
15,13,100.0
15,14,100.0
15,15,30.0
15,2,100.0
15,3,100.0
15,4,100.0
15,5,100.0
15,6,100.0
15,7,100.0
15,8,100.0
15,9,100.0
2,0,0.0
2,1,5.2654552
2,10,17.371101
2,11,17.619226
2,12,18.273014
2,13,19.91105
2,14,23.464622
2,15,30.0
2,2,9.8221
2,3,13.163638
2,4,15.315387
2,5,16.454567
2,6,16.989079
2,7,17.187088
2,8,17.255844
2,9,17.29427
3,0,0.0
3,1,7.088117
3,10,23.193518
3,11,23.365353
3,12,23.843267
3,13,24.890625
3,14,26.922272
3,15,30.0
3,2,13.163642
3,3,17.686533
3,4,20.51334
3,5,22.057537
3,6,22.743944
3,7,23.010296
3,8,23.094082
3,9,23.12851
4,0,0.0
4,1,8.227339
4,10,26.80503
4,11,26.906404
4,12,27.148048
4,13,27.69622
4,14,28.650383
4,15,30.0
4,2,15.3154955
4,3,20.513445
4,4,23.812794
4,5,25.559505
4,6,26.35628
4,7,26.650124
4,8,26.742561
4,9,26.773222
5,0,0.0
5,1,8.860887
5,10,28.71827
5,11,28.755207
5,12,28.864792
5,13,29.084112
5,14,29.477348
5,15,30.0
5,2,16.455698
5,3,22.058891
5,4,25.560757
5,5,27.436346
5,6,28.26994
5,7,28.5819
5,8,28.676075
5,9,28.700788
6,0,0.0
6,1,9.146578
6,10,29.57483
6,11,29.589272
6,12,29.6213
6,13,29.699854
6,14,29.826557
6,15,30.0
6,2,16.99791
6,3,22.75421
6,4,26.367128
6,5,28.279537
6,6,29.134611
6,7,29.449638
6,8,29.54464
6,9,29.568089
7,0,0.0
7,1,9.282748
7,10,29.94166
7,11,29.943148
7,12,29.949913
7,13,29.958233
7,14,29.977833
7,15,30.0
7,2,17.234318
7,3,23.069273
7,4,26.712376
7,5,28.644278
7,6,29.502419
7,7,29.819098
7,8,29.9141
7,9,29.936722
8,0,0.0
8,1,9.409981
8,10,30.255585
8,11,30.251282
8,12,30.229202
8,13,30.187422
8,14,30.105064
8,15,30.0
8,2,17.463509
8,3,23.34856
8,4,27.020506
8,5,28.958202
8,6,29.819098
8,7,30.135778
8,8,30.230782
8,9,30.2534
9,0,0.0
9,1,9.734244
9,10,31.01099
9,11,30.979084
9,12,30.903187
9,13,30.717157
9,14,30.414223
9,15,30.0
9,2,18.01521
9,3,24.036095
9,4,27.756939
9,5,29.715698
9,6,30.579535
9,7,30.897316
9,8,30.992321
9,9,31.013012
