0,0,0.0
0,1,0.0
0,10,0.0
0,11,0.0
0,12,0.0
0,13,0.0
0,14,0.0
0,15,30.0
0,2,0.0
0,3,0.0
0,4,0.0
0,5,0.0
0,6,0.0
0,7,0.0
0,8,0.0
0,9,0.0
1,0,0.0
1,1,0.6356763
1,10,5.176502
1,11,5.9455595
1,12,7.235794
1,13,9.736545
1,14,15.3422785
1,15,30.0
1,2,1.2555754
1,3,1.8458004
1,4,2.3960366
1,5,2.9010286
1,6,3.3620071
1,7,3.7885404
1,8,4.201736
1,9,4.640682
10,0,0.0
10,1,11.119925
10,10,49.448605
10,11,47.824005
10,12,45.0305
10,13,41.015236
10,14,35.8739
10,15,30.0
10,2,21.194334
10,3,29.671333
10,4,36.44088
10,5,41.62603
10,6,45.42153
10,7,48.006973
10,8,49.509377
10,9,49.99091
11,0,0.0
11,1,14.543698
11,10,57.06347
11,11,54.9244
11,12,51.284508
11,13,45.885876
11,14,38.63658
11,15,30.0
11,2,27.116207
11,3,37.072834
11,4,44.574574
11,5,50.03675
11,6,53.86171
11,7,56.350014
11,8,57.68472
11,9,57.935516
12,0,0.0
12,1,19.938671
12,10,65.94537
12,11,63.525642
12,12,59.297283
12,13,52.60718
12,14,42.786556
12,15,30.0
12,2,35.653965
12,3,46.92924
12,4,54.747852
12,5,60.084717
12,6,63.638546
12,7,65.846695
12,8,66.94399
12,9,67.00299
13,0,0.0
13,1,29.557026
13,10,76.18944
13,11,73.93551
13,12,69.77181
13,13,62.459034
13,14,49.90247
13,15,30.0
13,2,48.631756
13,3,60.242317
13,4,67.402885
13,5,71.91574
13,6,74.761086
13,7,76.45427
13,8,77.24158
13,9,77.18711
14,0,0.0
14,1,49.657684
14,10,87.68976
14,11,86.25517
14,12,83.39542
14,13,77.55469
14,14,64.36429
14,15,30.0
14,2,69.073715
14,3,78.00542
14,4,82.70564
14,5,85.41429
14,6,87.035774
14,7,87.96774
14,8,88.38094
14,9,88.314445
15,0,0.0
15,1,100.0
15,10,100.0
15,11,100.0
15,12,100.0
15,13,100.0
15,14,100.0
15,15,30.0
15,2,100.0
15,3,100.0
15,4,100.0
15,5,100.0
15,6,100.0
15,7,100.0
15,8,100.0
15,9,100.0
2,0,0.0
2,1,1.2871315
2,10,10.119776
2,11,11.3699465
2,12,13.261078
2,13,16.368105
2,14,21.632574
2,15,30.0
2,2,2.540828
2,3,3.7315938
2,4,4.837323
2,5,5.8460774
2,6,6.758466
2,7,7.590426
2,8,8.377729
2,9,9.184498
3,0,0.0
3,1,1.9720247
3,10,14.748167
3,11,16.153387
3,12,18.070473
3,13,20.842236
3,14,24.819912
3,15,30.0
3,2,3.8890173
3,3,5.7024326
3,4,7.375597
3,5,8.887503
3,6,10.235369
3,7,11.436982
3,8,12.534274
3,9,13.599817
4,0,0.0
4,1,2.711955
4,10,19.119705
4,11,20.42497
4,12,22.02521
4,13,24.11046
4,14,26.804838
4,15,30.0
4,2,5.3407917
4,3,7.813534
4,4,10.075144
4,5,12.092987
4,6,13.858542
4,7,15.387884
4,8,16.722584
4,9,17.932354
5,0,0.0
5,1,3.5350087
5,10,23.373354
5,11,24.401608
5,12,25.494947
5,13,26.76957
5,14,28.288988
5,15,30.0
5,2,6.9486713
5,3,10.135782
5,4,13.018478
5,5,15.550781
5,6,17.717957
5,7,19.53345
5,8,21.035854
5,9,22.287334
6,0,0.0
6,1,4.479416
6,10,27.6848
6,11,28.313177
6,12,28.783419
6,13,29.183899
6,14,29.581545
6,15,30.0
6,2,8.7831135
6,3,12.7624655
6,4,16.31223
6,5,19.37373
6,6,21.929085
6,7,23.992134
6,8,25.600079
6,9,26.807798
7,0,0.0
7,1,5.599548
7,10,32.244904
7,11,32.38291
7,12,32.14167
7,13,31.60107
7,14,30.85331
7,15,30.0
7,2,10.941917
7,3,15.818755
7,4,20.09427
7,5,23.702847
7,6,26.632557
7,7,28.90596
7,8,30.56456
7,9,31.659014
8,0,0.0
8,1,6.976868
8,10,37.252914
8,11,36.831917
8,12,35.79931
8,13,34.225418
8,14,32.23063
8,15,30.0
8,2,13.566261
8,3,19.476395
8,4,24.543272
8,5,28.710861
8,6,31.992367
8,7,34.434628
8,8,36.093227
8,9,37.01882
9,0,0.0
9,1,8.741668
9,10,42.916054
9,11,41.89255
9,12,39.998253
9,13,37.27067
9,14,33.8438
9,15,30.0
9,2,16.869888
9,3,23.977299
9,4,29.891602
9,5,34.60498
9,6,38.191463
9,7,40.746986
9,8,42.35493
9,9,43.07017
