0,0,0.0
0,1,0.0
0,10,0.0
0,11,0.0
0,12,0.0
0,13,0.0
0,14,0.0
0,15,30.0
0,2,0.0
0,3,0.0
0,4,0.0
0,5,0.0
0,6,0.0
0,7,0.0
0,8,0.0
0,9,0.0
1,0,0.0
1,1,0.7130258
1,10,5.314612
1,11,6.0473156
1,12,7.3055964
1,13,9.779284
1,14,15.362444
1,15,30.0
1,2,1.4027193
1,3,2.0493011
1,4,2.6374664
1,5,3.1608841
1,6,3.6206875
1,7,4.0300636
1,8,4.413967
1,9,4.816873
10,0,0.0
10,1,10.847124
10,10,47.550407
10,11,46.125618
10,12,43.64112
10,13,40.03109
10,14,35.36325
10,15,30.0
10,2,20.644583
10,3,28.838036
10,4,35.32366
10,5,40.23414
10,6,43.78385
10,7,46.17364
10,8,47.554367
10,9,48.009895
11,0,0.0
11,1,14.249719
11,10,55.185112
11,11,53.251575
11,12,49.92298
11,13,44.923252
11,14,38.138504
11,15,30.0
11,2,26.52663
11,3,36.18843
11,4,43.400913
11,5,48.592697
11,6,52.181774
11,7,54.489742
11,8,55.72035
11,9,55.960518
12,0,0.0
12,1,19.666494
12,10,64.294586
12,11,62.06181
12,12,58.108047
12,13,51.768806
12,14,42.352814
12,15,30.0
12,2,35.110607
12,3,46.117752
12,4,53.678707
12,5,58.77788
12,6,62.129326
12,7,64.186584
12,8,65.20116
12,9,65.26065
13,0,0.0
13,1,29.348257
13,10,74.96203
13,11,72.848755
13,12,68.89118
13,13,61.838394
13,14,49.581924
13,15,30.0
13,2,48.215454
13,3,59.622993
13,4,66.589554
13,5,70.92616
13,6,73.622894
13,7,75.207344
13,8,75.937675
13,9,75.88728
14,0,0.0
14,1,49.54442
14,10,87.035034
14,11,85.67661
14,12,82.92665
14,13,77.22484
14,14,64.19383
14,15,30.0
14,2,68.84827
14,3,77.67036
14,4,82.266754
14,5,84.8813
14,6,86.42426
14,7,87.29932
14,8,87.68323
14,9,87.62045
15,0,0.0
15,1,100.0
15,10,100.0
15,11,100.0
15,12,100.0
15,13,100.0
15,14,100.0
15,15,30.0
15,2,100.0
15,3,100.0
15,4,100.0
15,5,100.0
15,6,100.0
15,7,100.0
15,8,100.0
15,9,100.0
2,0,0.0
2,1,1.4263766
2,10,10.340341
2,11,11.526678
2,12,13.363836
2,13,16.428593
2,14,21.660044
2,15,30.0
2,2,2.8056514
2,3,4.0956526
2,4,5.2674828
2,5,6.304475
2,6,7.21044
2,7,8.005824
2,8,8.736162
2,9,9.474821
3,0,0.0
3,1,2.1455135
3,10,14.950972
3,11,16.27998
3,12,18.140396
3,13,20.874859
3,14,24.831833
3,15,30.0
3,2,4.2166567
3,3,6.1500998
3,4,7.896874
3,5,9.434267
3,6,10.760508
3,7,11.904229
3,8,12.918796
3,9,13.891838
4,0,0.0
4,1,2.8835542
4,10,19.178589
4,11,20.41604
4,12,21.979294
4,13,24.059273
4,14,26.772343
4,15,30.0
4,2,5.6626506
4,3,8.244745
4,4,10.565379
4,5,12.586171
4,6,14.306277
4,7,15.751726
4,8,16.98234
4,9,18.08502
5,0,0.0
5,1,3.668031
5,10,23.162853
5,11,24.150894
5,12,25.25211
5,13,26.578201
5,14,28.184162
5,15,30.0
5,2,7.191696
5,3,10.449024
5,4,13.348936
5,5,15.846585
5,6,17.932198
5,7,19.636887
5,8,21.01761
5,9,22.158245
6,0,0.0
6,1,4.5413036
6,10,27.104456
6,11,27.73904
6,12,28.279366
6,13,28.81023
6,14,29.382374
6,15,30.0
6,2,8.886492
6,3,12.868719
6,4,16.376392
6,5,19.34896
6,6,21.781893
6,7,23.705011
6,8,25.179688
6,9,26.283367
7,0,0.0
7,1,5.570011
7,10,31.245346
7,11,31.444374
7,12,31.348131
7,13,31.024982
7,14,30.550787
7,15,30.0
7,2,10.864528
7,3,15.663424
7,4,19.82297
7,5,23.284323
7,6,26.046364
7,7,28.154524
7,8,29.673618
7,9,30.678566
8,0,0.0
8,1,6.8496895
8,10,35.84776
8,11,35.546425
8,12,34.73002
8,13,33.459442
8,14,31.830467
8,15,30.0
8,2,13.298986
8,3,19.045311
8,4,23.925022
8,5,27.886734
8,6,30.961958
8,7,33.218166
8,8,34.73726
8,9,35.594162
9,0,0.0
9,1,8.528587
9,10,41.19129
9,11,40.334846
9,12,38.717136
9,13,36.358162
9,14,33.36966
9,15,30.0
9,2,16.434427
9,3,23.306486
9,4,28.972198
9,5,33.435795
9,6,36.7868
9,7,39.14569
9,8,40.62037
9,9,41.288273
