0,0,0.0
0,1,0.0
0,10,0.0
0,11,0.0
0,12,0.0
0,13,0.0
0,14,0.0
0,15,30.0
0,2,0.0
0,3,0.0
0,4,0.0
0,5,0.0
0,6,0.0
0,7,0.0
0,8,0.0
0,9,0.0
1,0,0.0
1,1,0.63074553
1,10,5.1551065
1,11,5.927115
1,12,7.221151
1,13,9.726382
1,14,15.337076
1,15,30.0
1,2,1.2459111
1,3,1.8317939
1,4,2.3782575
1,5,2.8802128
1,6,3.3390245
1,7,3.7643723
1,8,4.1774282
1,9,4.6173067
10,0,0.0
10,1,11.096526
10,10,49.347572
10,11,47.736965
10,12,44.96142
10,13,40.967316
10,14,35.84937
10,15,30.0
10,2,21.14849
10,3,29.604904
10,4,36.35661
10,5,41.527412
10,6,45.312733
10,7,47.892628
10,8,49.39445
10,9,49.88047
11,0,0.0
11,1,14.523343
11,10,56.975613
11,11,54.848705
11,12,51.224445
11,13,45.844208
11,14,38.615253
11,15,30.0
11,2,27.076315
11,3,37.015045
11,4,44.501255
11,5,49.950966
11,6,53.76706
11,7,56.250557
11,8,57.584763
11,9,57.839462
12,0,0.0
12,1,19.922386
12,10,65.87512
12,11,63.46512
12,12,59.249252
12,13,52.57387
12,14,42.7695
12,15,30.0
12,2,35.62206
12,3,46.88301
12,4,54.68921
12,5,60.016098
12,6,63.562847
12,7,65.76715
12,8,66.86405
12,9,66.926186
13,0,0.0
13,1,29.545662
13,10,76.140434
13,11,73.893295
13,12,69.738304
13,13,62.435795
13,14,49.89057
13,15,30.0
13,2,48.60949
13,3,60.210068
13,4,67.36197
13,5,71.86787
13,6,74.70826
13,7,76.39877
13,8,77.18581
13,9,77.13353
14,0,0.0
14,1,49.651848
14,10,87.66458
14,11,86.23349
14,12,83.378204
14,13,77.54275
14,14,64.35818
14,15,30.0
14,2,69.06227
14,3,77.988846
14,4,82.68462
14,5,85.389694
14,6,87.008644
14,7,87.93923
14,8,88.352295
14,9,88.28693
15,0,0.0
15,1,100.0
15,10,100.0
15,11,100.0
15,12,100.0
15,13,100.0
15,14,100.0
15,15,30.0
15,2,100.0
15,3,100.0
15,4,100.0
15,5,100.0
15,6,100.0
15,7,100.0
15,8,100.0
15,9,100.0
2,0,0.0
2,1,1.2774262
2,10,10.077673
2,11,11.333654
2,12,13.232265
2,13,16.348114
2,14,21.622335
2,15,30.0
2,2,2.5218081
2,3,3.7040257
2,4,4.8023343
2,5,5.805108
2,6,6.713239
2,7,7.542864
2,8,8.329897
2,9,9.138499
3,0,0.0
3,1,1.9578631
3,10,14.686752
3,11,16.100447
3,12,18.028448
3,13,20.813072
3,14,24.80498
3,15,30.0
3,2,3.8612607
3,3,5.6622076
3,4,7.3245397
3,5,8.82773
3,6,10.169379
3,7,11.367596
3,8,12.464491
3,9,13.532718
4,0,0.0
4,1,2.6938167
4,10,19.041092
4,11,20.357212
4,12,21.971416
4,13,24.07314
4,14,26.785727
4,15,30.0
4,2,5.3052473
4,3,7.7620173
4,4,10.009767
4,5,12.016444
4,6,13.774054
4,7,15.299043
4,8,16.633247
4,9,17.846455
5,0,0.0
5,1,3.513546
5,10,23.28038
5,11,24.321472
5,12,25.43134
5,13,26.725435
5,14,28.266392
5,15,30.0
5,2,6.9066067
5,3,10.074827
5,4,12.941118
5,5,15.460224
5,6,17.617998
5,7,19.42836
5,8,20.93018
5,9,22.185738
6,0,0.0
6,1,4.4554386
6,10,27.581007
6,11,28.223728
6,12,28.712414
6,13,29.134636
6,14,29.556324
6,15,30.0
6,2,8.73613
6,3,12.694374
6,4,16.225826
6,5,19.272587
6,6,21.817461
6,7,23.874783
6,8,25.48209
6,9,26.69437
7,0,0.0
7,1,5.5740223
7,10,32.134476
7,11,32.287746
7,12,32.066143
7,13,31.548668
7,14,30.82648
7,15,30.0
7,2,10.891893
7,3,15.746273
7,4,20.00229
7,5,23.595194
7,6,26.513748
7,7,28.781076
7,8,30.439007
7,9,31.538326
8,0,0.0
8,1,6.950876
8,10,37.140553
8,11,36.735092
8,12,35.722466
8,13,34.172108
8,14,32.203335
8,15,30.0
8,2,13.515333
8,3,19.402594
8,4,24.44964
8,5,28.601269
8,6,31.87144
8,7,34.307518
8,8,35.965454
8,9,36.89601
9,0,0.0
9,1,8.716379
9,10,42.806793
9,11,41.79841
9,12,39.92354
9,13,37.21884
9,14,33.817265
9,15,30.0
9,2,16.820332
9,3,23.9055
9,4,29.800503
9,5,34.498375
9,6,38.07383
9,7,40.62336
9,8,42.230667
9,9,42.95074
