0,0,0.0
0,1,0.0
0,10,0.0
0,11,0.0
0,12,0.0
0,13,0.0
0,14,0.0
0,15,0.0
0,16,0.0
0,17,0.0
0,18,0.0
0,19,0.0
0,2,0.0
0,20,0.0
0,21,0.0
0,22,0.0
0,23,0.0
0,24,0.0
0,25,0.0
0,26,0.0
0,27,0.0
0,28,0.0
0,29,30.0
0,3,0.0
0,4,0.0
0,5,0.0
0,6,0.0
0,7,0.0
0,8,0.0
0,9,0.0
1,0,0.0
1,1,0.37635136
1,10,2.8314328
1,11,2.9604497
1,12,3.0656369
1,13,3.1510382
1,14,3.2207189
1,15,3.2793345
1,16,3.3317342
1,17,3.3834352
1,18,3.4409018
1,19,3.512156
1,2,0.7453281
1,20,3.608093
1,21,3.7440646
1,22,3.9437766
1,23,4.2455225
1,24,4.7170267
1,25,5.488206
1,26,6.838138
1,27,9.444495
1,28,15.187994
1,29,30.0
1,3,1.1001244
1,4,1.4344736
1,5,1.7436271
1,6,2.023686
1,7,2.2727451
1,8,2.489728
1,9,2.6754894
10,0,0.0
10,1,2.828606
10,10,21.255835
10,11,22.213324
10,12,22.98743
10,13,23.603205
10,14,24.088161
10,15,24.46865
10,16,24.770704
10,17,25.018494
10,18,25.234573
10,19,25.440107
10,2,5.6020336
10,20,25.654257
10,21,25.895466
10,22,26.17967
10,23,26.521692
10,24,26.93215
10,25,27.418167
10,26,27.979527
10,27,28.609085
10,28,29.2904
10,29,30.0
10,3,8.26779
10,4,10.780549
10,5,13.101978
10,6,15.20563
10,7,17.073711
10,8,18.701319
10,9,20.090994
11,0,0.0
11,1,2.9557393
11,10,22.206932
11,11,23.206444
11,12,24.01294
11,13,24.653751
11,14,25.156038
11,15,25.547535
11,16,25.854061
11,17,26.099884
11,18,26.30709
11,19,26.495407
11,2,5.853536
11,20,26.682919
11,21,26.885075
11,22,27.116024
11,23,27.386597
11,24,27.705584
11,25,28.07694
11,26,28.500765
11,27,28.970839
11,28,29.476023
11,29,30.0
11,3,8.63929
11,4,11.264383
11,5,13.690375
11,6,15.887676
11,7,17.839817
11,8,19.539408
11,9,20.99129
12,0,0.0
12,1,3.0579
12,10,22.971773
12,11,24.004147
12,12,24.837004
12,13,25.497078
12,14,26.013103
12,15,26.412506
12,16,26.72171
12,17,26.964676
12,18,27.162899
12,19,27.335514
12,2,6.0560617
12,20,27.498785
12,21,27.66717
12,22,27.852064
12,23,28.063183
12,24,28.306625
12,25,28.586142
12,26,28.901064
12,27,29.247547
12,28,29.617443
12,29,30.0
12,3,8.937814
12,4,11.653927
12,5,14.163181
12,6,16.436651
12,7,18.455399
12,8,20.213718
12,9,21.714617
13,0,0.0
13,1,3.138552
13,10,23.574013
13,11,24.632744
13,12,25.485638
13,13,26.16101
13,14,26.687168
13,15,27.092445
13,16,27.402987
13,17,27.642738
13,18,27.832851
13,19,27.991467
13,2,6.2155724
13,20,28.134304
13,21,28.273993
13,22,28.421272
13,23,28.583755
13,24,28.767277
13,25,28.974283
13,26,29.205137
13,27,29.456823
13,28,29.724247
13,29,30.0
13,3,9.173457
13,4,11.9607315
13,5,14.536303
13,6,16.86901
13,7,18.941017
13,8,20.74476
13,9,22.284967
14,0,0.0
14,1,3.2008095
14,10,24.039347
14,11,25.117796
14,12,25.98644
14,13,26.673069
14,14,27.207016
14,15,27.616302
14,16,27.927433
14,17,28.164108
14,18,28.347069
14,19,28.49414
14,2,6.339011
14,20,28.619917
14,21,28.73665
14,22,28.853554
14,23,28.97802
14,24,29.11458
14,25,29.26612
14,26,29.432812
14,27,29.613255
14,28,29.803865
14,29,30.0
14,3,9.355356
14,4,12.198107
14,5,14.82432
14,6,17.203423
14,7,19.315859
14,8,21.155312
14,9,22.72517
15,0,0.0
15,1,3.2480388
15,10,24.391308
15,11,25.485012
15,12,26.365107
15,13,27.060387
15,14,27.599823
15,15,28.012005
15,16,28.32321
15,17,28.55711
15,18,28.734243
15,19,28.871832
15,2,6.432395
15,20,28.98425
15,21,29.082714
15,22,29.17629
15,23,29.271284
15,24,29.372395
15,25,29.481941
15,26,29.600924
15,27,29.728407
15,28,29.862463
15,29,30.0
15,3,9.493325
15,4,12.377685
15,5,15.042717
15,6,17.4564
15,7,19.599977
15,8,21.465878
15,9,23.058657
16,0,0.0
16,1,3.2830532
16,10,24.652554
16,11,25.757177
16,12,26.645966
16,13,27.347328
16,14,27.890863
16,15,28.304924
16,16,28.615993
16,17,28.847588
16,18,29.02
16,19,29.150307
16,2,6.501829
16,20,29.252258
16,21,29.336966
16,22,29.41269
16,23,29.485794
16,24,29.560345
16,25,29.639084
16,26,29.722954
16,27,29.811962
16,28,29.904888
16,29,30.0
16,3,9.595612
16,4,12.511175
16,5,15.20463
16,6,17.644382
16,7,19.810606
16,8,21.696537
16,9,23.305866
17,0,0.0
17,1,3.3085718
17,10,24.842316
17,11,25.95509
17,12,26.849924
17,13,27.555809
17,14,28.102108
17,15,28.517488
17,16,28.828293
17,17,29.058022
17,18,29.226856
17,19,29.35155
17,2,6.5522723
17,20,29.445774
17,21,29.520107
17,22,29.582813
17,23,29.63972
17,24,29.6951
17,25,29.751423
17,26,29.810158
17,27,29.871521
17,28,29.935144
17,29,30.0
17,3,9.670146
17,4,12.608154
17,5,15.322572
17,6,17.780949
17,7,19.963964
17,8,21.8641
17,9,23.485756
18,0,0.0
18,1,3.3267376
18,10,24.977592
18,11,26.09595
18,12,26.995209
18,13,27.704138
18,14,28.252436
18,15,28.668633
18,16,28.979176
18,17,29.207481
18,18,29.3736
18,19,29.494232
18,2,6.5883
18,20,29.582718
18,21,29.649632
18,22,29.702839
18,23,29.748264
18,24,29.789867
18,25,29.830408
18,26,29.871311
18,27,29.913305
18,28,29.956327
18,29,30.0
18,3,9.723204
18,4,12.677401
18,5,15.40653
18,6,17.87842
18,7,20.073132
18,8,21.98363
18,9,23.613802
19,0,0.0
19,1,3.3394537
19,10,25.071938
19,11,26.194305
19,12,27.096514
19,13,27.807629
19,14,28.35722
19,15,28.773973
19,16,29.084267
19,17,29.3115
19,18,29.475685
19,19,29.593344
19,2,6.613429
19,20,29.677814
19,21,29.739395
19,22,29.786
19,23,29.823284
19,24,29.855366
19,25,29.88486
19,26,29.913486
19,27,29.942055
19,28,29.97092
19,29,30.0
19,3,9.760338
19,4,12.725699
19,5,15.465267
19,6,17.946404
19,7,20.149466
19,8,22.066994
19,9,23.70328
2,0,0.0
2,1,0.7453228
2,10,5.6074452
2,11,5.862589
2,12,6.070893
2,13,6.239546
2,14,6.377139
2,15,6.4923334
2,16,6.594815
2,17,6.695096
2,18,6.805396
2,19,6.940898
2,2,1.4761795
2,20,7.121215
2,21,7.37409
2,22,7.7397447
2,23,8.28108
2,24,9.099655
2,25,10.369431
2,26,12.39807
2,27,15.737253
2,28,21.300049
2,29,30.0
2,3,2.1786754
2,4,2.8410614
2,5,3.4530573
2,6,4.007977
2,7,4.5008993
2,8,4.9308867
2,9,5.298431
20,0,0.0
20,1,3.3481429
20,10,25.13651
20,11,26.26151
20,12,27.165796
20,13,27.878323
20,14,28.428814
20,15,28.845901
20,16,29.155994
20,17,29.38247
20,18,29.545258
20,19,29.66088
20,2,6.6306643
20,20,29.742502
20,21,29.800455
20,22,29.842443
20,23,29.874212
20,24,29.899725
20,25,29.921757
20,26,29.941998
20,27,29.96151
20,28,29.98077
20,29,30.0
20,3,9.785712
20,4,12.758816
20,5,15.5054035
20,6,17.992996
20,7,20.201626
20,8,22.124096
20,9,23.76442
21,0,0.0
21,1,3.353983
21,10,25.179737
21,11,26.306559
21,12,27.21217
21,13,27.92567
21,14,28.476727
21,15,28.894028
21,16,29.203968
21,17,29.429897
21,18,29.591751
21,19,29.705948
21,2,6.6422024
21,20,29.785679
21,21,29.841131
21,22,29.88006
21,23,29.908077
21,24,29.929237
21,25,29.946243
21,26,29.960938
21,27,29.974403
21,28,29.98731
21,29,30.0
21,3,9.802763
21,4,12.780985
21,5,15.532364
21,6,18.024187
21,7,20.236643
21,8,22.16232
21,9,23.805437
22,0,0.0
22,1,3.357813
22,10,25.208136
22,11,26.336094
22,12,27.242613
22,13,27.956715
22,14,28.508146
22,15,28.925571
22,16,29.235401
22,17,29.46097
22,18,29.622175
22,19,29.735449
22,2,6.6498
22,20,29.813892
22,21,29.867725
22,22,29.904602
22,23,29.930187
22,24,29.948462
22,25,29.962212
22,26,29.973263
22,27,29.982805
22,28,29.991566
22,29,30.0
22,3,9.813944
22,4,12.795578
22,5,15.550043
22,6,18.044706
22,7,20.259604
22,8,22.187452
22,9,23.832333
23,0,0.0
23,1,3.3602834
23,10,25.226372
23,11,26.3551
23,12,27.262161
23,13,27.976667
23,14,28.528324
23,15,28.945831
23,16,29.255577
23,17,29.480902
23,18,29.641695
23,19,29.75435
23,2,6.6546793
23,20,29.83198
23,21,29.884743
23,22,29.920319
23,23,29.944317
23,24,29.960758
23,25,29.972408
23,26,29.981136
23,27,29.988165
23,28,29.99428
23,29,30.0
23,3,9.821156
23,4,12.804951
23,5,15.5614395
23,6,18.057886
23,7,20.274399
23,8,22.203592
23,9,23.849651
24,0,0.0
24,1,3.3618379
24,10,25.237871
24,11,26.36705
24,12,27.274475
24,13,27.989216
24,14,28.541023
24,15,28.958569
24,16,29.268263
24,17,29.493433
24,18,29.653957
24,19,29.766228
24,2,6.6577635
24,20,29.843328
24,21,29.895428
24,22,29.93017
24,23,29.95318
24,24,29.96846
24,25,29.978794
24,26,29.986065
24,27,29.99152
24,28,29.99598
24,29,30.0
24,3,9.825692
24,4,12.810871
24,5,15.56861
24,6,18.066208
24,7,20.283705
24,8,22.213776
24,9,23.860542
25,0,0.0
25,1,3.3628
25,10,25.244951
25,11,26.37443
25,12,27.282059
25,13,27.996956
25,14,28.548843
25,15,28.966417
25,16,29.276077
25,17,29.501146
25,18,29.661505
25,19,29.773533
25,2,6.6596622
25,20,29.850315
25,21,29.90199
25,22,29.936226
25,23,29.958624
25,24,29.97319
25,25,29.982716
25,26,29.98909
25,27,29.993578
25,28,29.997019
25,29,30.0
25,3,9.828499
25,4,12.814519
25,5,15.573044
25,6,18.071335
25,7,20.289455
25,8,22.22005
25,9,23.86727
26,0,0.0
26,1,3.36338
26,10,25.249233
26,11,26.378876
26,12,27.286644
26,13,28.001621
26,14,28.553566
26,15,28.971151
26,16,29.280788
26,17,29.505798
26,18,29.666054
26,19,29.777937
26,2,6.660814
26,20,29.854517
26,21,29.90595
26,22,29.939873
26,23,29.961899
26,24,29.976036
26,25,29.985073
26,26,29.99091
26,27,29.994816
26,28,29.997646
26,29,30.0
26,3,9.830193
26,4,12.816729
26,5,15.575721
26,6,18.074436
26,7,20.292927
26,8,22.223843
26,9,23.871328
27,0,0.0
27,1,3.3637247
27,10,25.251762
27,11,26.381512
27,12,27.289349
27,13,28.004383
27,14,28.55635
27,15,28.97395
27,16,29.283573
27,17,29.508545
27,18,29.668743
27,19,29.780533
27,2,6.6614947
27,20,29.857002
27,21,29.908281
27,22,29.942022
27,23,29.96383
27,24,29.97771
27,25,29.986462
27,26,29.99198
27,27,29.995544
27,28,29.998016
27,29,30.0
27,3,9.831198
27,4,12.818035
27,5,15.577306
27,6,18.076271
27,7,20.294983
27,8,22.226086
27,9,23.87373
28,0,0.0
28,1,3.3639243
28,10,25.253231
28,11,26.383032
28,12,27.290915
28,13,28.005978
28,14,28.557966
28,15,28.975567
28,16,29.28518
28,17,29.510132
28,18,29.670296
28,19,29.782036
28,2,6.6618896
28,20,29.858435
28,21,29.90963
28,22,29.943264
28,23,29.964947
28,24,29.978682
28,25,29.987263
28,26,29.9926
28,27,29.995966
28,28,29.99823
28,29,30.0
28,3,9.8317795
28,4,12.818791
28,5,15.578224
28,6,18.077335
28,7,20.296171
28,8,22.227386
28,9,23.875122
29,0,0.0
29,1,3.3640375
29,10,25.254059
29,11,26.383896
29,12,27.291803
29,13,28.006884
29,14,28.558878
29,15,28.976482
29,16,29.28609
29,17,29.511032
29,18,29.671173
29,19,29.782887
29,2,6.662114
29,20,29.859245
29,21,29.910393
29,22,29.943968
29,23,29.965576
29,24,29.979229
29,25,29.987717
29,26,29.992947
29,27,29.996204
29,28,29.998348
29,29,30.0
29,3,9.832109
29,4,12.8192215
29,5,15.578747
29,6,18.077938
29,7,20.296848
29,8,22.228123
29,9,23.875912
3,0,0.0
3,1,1.1001017
3,10,8.275364
3,11,8.651945
3,12,8.958608
3,13,9.206974
3,14,9.408678
3,15,9.576874
3,16,9.7250395
3,17,9.868139
3,18,10.023148
3,19,10.210239
3,2,2.178646
3,20,10.45546
3,21,10.793051
3,22,11.271652
3,23,11.960718
3,24,12.964161
3,25,14.436487
3,26,16.605536
3,27,19.777782
3,28,24.260649
3,29,30.0
3,3,3.2157168
3,4,4.1930165
3,5,5.096625
3,6,5.91518
3,7,6.6430597
3,8,7.27715
3,9,7.8198824
30,0,0.0
30,1,3.3641005
30,10,25.25452
30,11,26.384377
30,12,27.292294
30,13,28.007385
30,14,28.559387
30,15,28.97699
30,16,29.286598
30,17,29.51153
30,18,29.67166
30,19,29.78336
30,2,6.6622386
30,20,29.859695
30,21,29.910814
30,22,29.944355
30,23,29.965923
30,24,29.979532
30,25,29.987967
30,26,29.993141
30,27,29.996334
30,28,29.998417
30,29,30.0
30,3,9.832293
30,4,12.819462
30,5,15.579035
30,6,18.078274
30,7,20.297224
30,8,22.22853
30,9,23.876347
31,0,0.0
31,1,3.3641348
31,10,25.25477
31,11,26.384634
31,12,27.292562
31,13,28.007656
31,14,28.55966
31,15,28.977264
31,16,29.28687
31,17,29.511803
31,18,29.671925
31,19,29.783611
31,2,6.662306
31,20,29.859941
31,21,29.911041
31,22,29.944565
31,23,29.966118
31,24,29.979696
31,25,29.988106
31,26,29.993244
31,27,29.996407
31,28,29.998451
31,29,30.0
31,3,9.832394
31,4,12.819591
31,5,15.579193
31,6,18.078457
31,7,20.297428
31,8,22.228756
31,9,23.876587
32,0,0.0
32,1,3.364153
32,10,25.254904
32,11,26.384775
32,12,27.292704
32,13,28.007801
32,14,28.559805
32,15,28.97741
32,16,29.287018
32,17,29.511944
32,18,29.672064
32,19,29.783747
32,2,6.662342
32,20,29.86007
32,21,29.911165
32,22,29.94468
32,23,29.966213
32,24,29.979786
32,25,29.988174
32,26,29.993303
32,27,29.996445
32,28,29.99847
32,29,30.0
32,3,9.832446
32,4,12.81966
32,5,15.579276
32,6,18.078552
32,7,20.297535
32,8,22.228874
32,9,23.87671
33,0,0.0
33,1,3.3641624
33,10,25.254974
33,11,26.384844
33,12,27.292778
33,13,28.007875
33,14,28.559881
33,15,28.977486
33,16,29.28709
33,17,29.512018
33,18,29.672134
33,19,29.783817
33,2,6.662361
33,20,29.860136
33,21,29.911228
33,22,29.944736
33,23,29.96627
33,24,29.979828
33,25,29.988214
33,26,29.99333
33,27,29.996464
33,28,29.99848
33,29,30.0
33,3,9.832474
33,4,12.819696
33,5,15.57932
33,6,18.078602
33,7,20.297592
33,8,22.228933
33,9,23.876781
34,0,0.0
34,1,3.3641672
34,10,25.255009
34,11,26.384884
34,12,27.292816
34,13,28.007915
34,14,28.559921
34,15,28.977524
34,16,29.287128
34,17,29.512054
34,18,29.672173
34,19,29.783852
34,2,6.66237
34,20,29.86017
34,21,29.911259
34,22,29.944767
34,23,29.966291
34,24,29.979853
34,25,29.988232
34,26,29.993343
34,27,29.996473
34,28,29.998486
34,29,30.0
34,3,9.832488
34,4,12.819714
34,5,15.579342
34,6,18.078629
34,7,20.297619
34,8,22.228966
34,9,23.87681
35,0,0.0
35,1,3.3641696
35,10,25.255026
35,11,26.3849
35,12,27.292835
35,13,28.007933
35,14,28.55994
35,15,28.977543
35,16,29.287148
35,17,29.512074
35,18,29.672192
35,19,29.78387
35,2,6.6623755
35,20,29.860184
35,21,29.911276
35,22,29.944778
35,23,29.966309
35,24,29.979862
35,25,29.988243
35,26,29.993353
35,27,29.996479
35,28,29.99849
35,29,30.0
35,3,9.832495
35,4,12.819723
35,5,15.579353
35,6,18.07864
35,7,20.297634
35,8,22.228981
35,9,23.876827
36,0,0.0
36,1,3.3641706
36,10,25.255033
36,11,26.384909
36,12,27.292843
36,13,28.007942
36,14,28.559948
36,15,28.977552
36,16,29.287155
36,17,29.512081
36,18,29.672201
36,19,29.783878
36,2,6.6623774
36,20,29.860195
36,21,29.911282
36,22,29.944786
36,23,29.966312
36,24,29.97987
36,25,29.988247
36,26,29.993359
36,27,29.99648
36,28,29.99849
36,29,30.0
36,3,9.832499
36,4,12.819729
36,5,15.579359
36,6,18.078648
36,7,20.29764
36,8,22.228989
36,9,23.876837
37,0,0.0
37,1,3.3641715
37,10,25.25504
37,11,26.38491
37,12,27.292847
37,13,28.007946
37,14,28.559952
37,15,28.977556
37,16,29.28716
37,17,29.512087
37,18,29.672203
37,19,29.783886
37,2,6.6623783
37,20,29.860195
37,21,29.911285
37,22,29.94479
37,23,29.966316
37,24,29.979872
37,25,29.988249
37,26,29.993359
37,27,29.996483
37,28,29.99849
37,29,30.0
37,3,9.8325
37,4,12.81973
37,5,15.579363
37,6,18.07865
37,7,20.297646
37,8,22.228992
37,9,23.876839
38,0,0.0
38,1,3.3641715
38,10,25.25504
38,11,26.384914
38,12,27.292847
38,13,28.007948
38,14,28.559956
38,15,28.97756
38,16,29.287163
38,17,29.512089
38,18,29.672205
38,19,29.783886
38,2,6.6623793
38,20,29.860199
38,21,29.911285
38,22,29.94479
38,23,29.966316
38,24,29.979872
38,25,29.988249
38,26,29.993359
38,27,29.996483
38,28,29.99849
38,29,30.0
38,3,9.8325
38,4,12.819731
38,5,15.579363
38,6,18.078651
38,7,20.297646
38,8,22.228994
38,9,23.876839
39,0,0.0
39,1,3.3641715
39,10,25.25504
39,11,26.384914
39,12,27.29285
39,13,28.007948
39,14,28.559956
39,15,28.977562
39,16,29.287163
39,17,29.51209
39,18,29.672207
39,19,29.783886
39,2,6.662379
39,20,29.860199
39,21,29.911287
39,22,29.94479
39,23,29.966316
39,24,29.97987
39,25,29.988247
39,26,29.993359
39,27,29.99648
39,28,29.99849
39,29,30.0
39,3,9.832501
39,4,12.819731
39,5,15.579364
39,6,18.078651
39,7,20.297647
39,8,22.228992
39,9,23.876842
4,0,0.0
4,1,1.4344115
4,10,10.789656
4,11,11.279709
4,12,11.679071
4,13,12.001329
4,14,12.26248
4,15,12.478442
4,16,12.666584
4,17,12.845137
4,18,13.0343485
4,19,13.257983
4,2,2.84096
4,20,13.544559
4,21,13.93121
4,22,14.465946
4,23,15.214333
4,24,16.263386
4,25,17.728476
4,26,19.749357
4,27,22.46719
4,28,25.94414
4,29,30.0
4,3,4.192923
4,4,5.4676304
4,5,6.645351
4,6,7.7131295
4,7,8.661563
4,8,9.488736
4,9,10.1956415
40,0,0.0
40,1,3.3641715
40,10,25.255041
40,11,26.384912
40,12,27.29285
40,13,28.007946
40,14,28.559956
40,15,28.97756
40,16,29.287165
40,17,29.512089
40,18,29.67221
40,19,29.783886
40,2,6.662379
40,20,29.860203
40,21,29.911287
40,22,29.944794
40,23,29.966316
40,24,29.97987
40,25,29.98825
40,26,29.993357
40,27,29.996483
40,28,29.99849
40,29,30.0
40,3,9.8325
40,4,12.819732
40,5,15.579362
40,6,18.078651
40,7,20.297646
40,8,22.228992
40,9,23.87684
41,0,0.0
41,1,3.3641717
41,10,25.255037
41,11,26.384916
41,12,27.29285
41,13,28.00795
41,14,28.559952
41,15,28.977562
41,16,29.287163
41,17,29.512093
41,18,29.672207
41,19,29.783886
41,2,6.6623793
41,20,29.860199
41,21,29.91129
41,22,29.944794
41,23,29.966316
41,24,29.979874
41,25,29.988247
41,26,29.993359
41,27,29.996483
41,28,29.99849
41,29,30.0
41,3,9.8325
41,4,12.819731
41,5,15.579363
41,6,18.078651
41,7,20.297647
41,8,22.228992
41,9,23.87684
42,0,0.0
42,1,3.3641717
42,10,25.255041
42,11,26.384914
42,12,27.29285
42,13,28.00795
42,14,28.559956
42,15,28.977558
42,16,29.287165
42,17,29.512089
42,18,29.67221
42,19,29.783886
42,2,6.6623793
42,20,29.860203
42,21,29.91129
42,22,29.944794
42,23,29.96632
42,24,29.97987
42,25,29.98825
42,26,29.993357
42,27,29.99648
42,28,29.99849
42,29,30.0
42,3,9.8325
42,4,12.819732
42,5,15.579362
42,6,18.078651
42,7,20.297646
42,8,22.228994
42,9,23.876839
43,0,0.0
43,1,3.364172
43,10,25.255037
43,11,26.384914
43,12,27.29285
43,13,28.00795
43,14,28.559952
43,15,28.977562
43,16,29.287163
43,17,29.51209
43,18,29.672207
43,19,29.78389
43,2,6.6623793
43,20,29.860199
43,21,29.91129
43,22,29.94479
43,23,29.966316
43,24,29.979872
43,25,29.988249
43,26,29.993357
43,27,29.99648
43,28,29.99849
43,29,30.0
43,3,9.8325
43,4,12.819731
43,5,15.579363
43,6,18.07865
43,7,20.297646
43,8,22.228992
43,9,23.87684
44,0,0.0
44,1,3.3641717
44,10,25.25504
44,11,26.384914
44,12,27.29285
44,13,28.00795
44,14,28.559958
44,15,28.977558
44,16,29.287165
44,17,29.512089
44,18,29.67221
44,19,29.783886
44,2,6.6623793
44,20,29.860203
44,21,29.911287
44,22,29.944792
44,23,29.966316
44,24,29.979872
44,25,29.988249
44,26,29.993359
44,27,29.99648
44,28,29.99849
44,29,30.0
44,3,9.8324995
44,4,12.819731
44,5,15.579361
44,6,18.078651
44,7,20.297646
44,8,22.228992
44,9,23.876839
45,0,0.0
45,1,3.3641715
45,10,25.25504
45,11,26.384914
45,12,27.292849
45,13,28.00795
45,14,28.559954
45,15,28.977562
45,16,29.287163
45,17,29.512093
45,18,29.672205
45,19,29.783886
45,2,6.6623783
45,20,29.860199
45,21,29.91129
45,22,29.944792
45,23,29.966318
45,24,29.97987
45,25,29.988249
45,26,29.993359
45,27,29.996483
45,28,29.99849
45,29,30.0
45,3,9.8325
45,4,12.819729
45,5,15.579362
45,6,18.078651
45,7,20.297646
45,8,22.228992
45,9,23.876839
46,0,0.0
46,1,3.3641715
46,10,25.25504
46,11,26.384912
46,12,27.29285
46,13,28.00795
46,14,28.559956
46,15,28.977558
46,16,29.287165
46,17,29.512087
46,18,29.67221
46,19,29.783884
46,2,6.662379
46,20,29.8602
46,21,29.911287
46,22,29.944794
46,23,29.966316
46,24,29.979874
46,25,29.988249
46,26,29.993359
46,27,29.996483
46,28,29.99849
46,29,30.0
46,3,9.8325
46,4,12.819731
46,5,15.579361
46,6,18.078651
46,7,20.297646
46,8,22.228992
46,9,23.87684
47,0,0.0
47,1,3.3641715
47,10,25.25504
47,11,26.384914
47,12,27.29285
47,13,28.007946
47,14,28.559956
47,15,28.97756
47,16,29.287163
47,17,29.512093
47,18,29.672207
47,19,29.78389
47,2,6.662379
47,20,29.860199
47,21,29.91129
47,22,29.944792
47,23,29.96632
47,24,29.97987
47,25,29.98825
47,26,29.993359
47,27,29.996483
47,28,29.99849
47,29,30.0
47,3,9.8325
47,4,12.819731
47,5,15.579363
47,6,18.07865
47,7,20.297646
47,8,22.228994
47,9,23.87684
48,0,0.0
48,1,3.3641715
48,10,25.255041
48,11,26.384914
48,12,27.29285
48,13,28.00795
48,14,28.559956
48,15,28.977562
48,16,29.287165
48,17,29.512089
48,18,29.67221
48,19,29.783886
48,2,6.662379
48,20,29.860203
48,21,29.91129
48,22,29.944794
48,23,29.966314
48,24,29.979874
48,25,29.988249
48,26,29.993359
48,27,29.99648
48,28,29.99849
48,29,30.0
48,3,9.8325
48,4,12.819731
48,5,15.579362
48,6,18.078651
48,7,20.297646
48,8,22.228994
48,9,23.876839
49,0,0.0
49,1,3.3641717
49,10,25.25504
49,11,26.384912
49,12,27.292852
49,13,28.00795
49,14,28.559958
49,15,28.977562
49,16,29.287165
49,17,29.512093
49,18,29.672207
49,19,29.783886
49,2,6.662379
49,20,29.860199
49,21,29.91129
49,22,29.944792
49,23,29.96632
49,24,29.97987
49,25,29.98825
49,26,29.993359
49,27,29.996483
49,28,29.99849
49,29,30.0
49,3,9.8325
49,4,12.819731
49,5,15.579362
49,6,18.078651
49,7,20.297646
49,8,22.228994
49,9,23.87684
5,0,0.0
5,1,1.7434882
5,10,13.111925
5,11,13.707204
5,12,14.190957
5,13,14.581062
5,14,14.895317
5,15,15.153388
5,16,15.374907
5,17,15.58079
5,18,15.7935095
5,19,16.037954
5,2,3.4528086
5,20,16.343765
5,21,16.745995
5,22,17.28909
5,23,18.027145
5,24,19.02743
5,25,20.366245
5,26,22.121628
5,27,24.346561
5,28,27.023281
5,29,30.0
5,3,5.096332
5,4,6.6451187
5,5,8.076993
5,6,9.374046
5,7,10.527217
5,8,11.531672
5,9,12.391062
50,0,0.0
50,1,3.3641717
50,10,25.25504
50,11,26.384916
50,12,27.292847
50,13,28.007952
50,14,28.559956
50,15,28.977562
50,16,29.287167
50,17,29.51209
50,18,29.672207
50,19,29.783886
50,2,6.662379
50,20,29.860203
50,21,29.911287
50,22,29.944794
50,23,29.966316
50,24,29.979874
50,25,29.988249
50,26,29.993359
50,27,29.996483
50,28,29.99849
50,29,30.0
50,3,9.8325
50,4,12.819731
50,5,15.579363
50,6,18.078651
50,7,20.297646
50,8,22.228994
50,9,23.876839
51,0,0.0
51,1,3.3641715
51,10,25.25504
51,11,26.384912
51,12,27.29285
51,13,28.00795
51,14,28.559958
51,15,28.977562
51,16,29.287165
51,17,29.512093
51,18,29.672207
51,19,29.783888
51,2,6.6623793
51,20,29.860199
51,21,29.91129
51,22,29.94479
51,23,29.966316
51,24,29.97987
51,25,29.98825
51,26,29.993357
51,27,29.996483
51,28,29.99849
51,29,30.0
51,3,9.8325
51,4,12.819731
51,5,15.579363
51,6,18.078651
51,7,20.297647
51,8,22.228992
51,9,23.876839
52,0,0.0
52,1,3.3641715
52,10,25.25504
52,11,26.384914
52,12,27.29285
52,13,28.00795
52,14,28.559956
52,15,28.977562
52,16,29.287165
52,17,29.512089
52,18,29.672207
52,19,29.783884
52,2,6.662379
52,20,29.860203
52,21,29.911287
52,22,29.944792
52,23,29.966316
52,24,29.97987
52,25,29.988249
52,26,29.993357
52,27,29.99648
52,28,29.99849
52,29,30.0
52,3,9.8325
52,4,12.819731
52,5,15.579363
52,6,18.078651
52,7,20.297646
52,8,22.228992
52,9,23.87684
53,0,0.0
53,1,3.3641715
53,10,25.25504
53,11,26.384914
53,12,27.292849
53,13,28.00795
53,14,28.559958
53,15,28.977562
53,16,29.287165
53,17,29.512093
53,18,29.672205
53,19,29.78389
53,2,6.6623793
53,20,29.8602
53,21,29.91129
53,22,29.94479
53,23,29.966316
53,24,29.97987
53,25,29.988249
53,26,29.993357
53,27,29.99648
53,28,29.99849
53,29,30.0
53,3,9.8325
53,4,12.819732
53,5,15.579363
53,6,18.07865
53,7,20.297646
53,8,22.228992
53,9,23.876839
54,0,0.0
54,1,3.3641717
54,10,25.25504
54,11,26.384914
54,12,27.29285
54,13,28.00795
54,14,28.559956
54,15,28.97756
54,16,29.287165
54,17,29.512089
54,18,29.672207
54,19,29.783886
54,2,6.6623793
54,20,29.860205
54,21,29.911287
54,22,29.944794
54,23,29.966316
54,24,29.979872
54,25,29.988249
54,26,29.993359
54,27,29.996483
54,28,29.99849
54,29,30.0
54,3,9.8325
54,4,12.819731
54,5,15.579362
54,6,18.078651
54,7,20.297646
54,8,22.228992
54,9,23.87684
55,0,0.0
55,1,3.3641715
55,10,25.25504
55,11,26.384914
55,12,27.29285
55,13,28.00795
55,14,28.559958
55,15,28.977562
55,16,29.287163
55,17,29.512093
55,18,29.672207
55,19,29.783886
55,2,6.6623793
55,20,29.860199
55,21,29.91129
55,22,29.944792
55,23,29.966316
55,24,29.97987
55,25,29.988249
55,26,29.993357
55,27,29.996483
55,28,29.99849
55,29,30.0
55,3,9.8325
55,4,12.819731
55,5,15.579363
55,6,18.078651
55,7,20.297646
55,8,22.228994
55,9,23.876839
56,0,0.0
56,1,3.3641715
56,10,25.25504
56,11,26.384914
56,12,27.29285
56,13,28.00795
56,14,28.559956
56,15,28.97756
56,16,29.287167
56,17,29.512089
56,18,29.672207
56,19,29.783886
56,2,6.6623793
56,20,29.860199
56,21,29.91129
56,22,29.944794
56,23,29.966316
56,24,29.979874
56,25,29.98825
56,26,29.993359
56,27,29.996483
56,28,29.99849
56,29,30.0
56,3,9.832501
56,4,12.819731
56,5,15.579363
56,6,18.078651
56,7,20.297647
56,8,22.228994
56,9,23.876839
57,0,0.0
57,1,3.3641715
57,10,25.25504
57,11,26.384914
57,12,27.29285
57,13,28.007948
57,14,28.559956
57,15,28.977562
57,16,29.287165
57,17,29.512093
57,18,29.672207
57,19,29.783886
57,2,6.6623797
57,20,29.860199
57,21,29.91129
57,22,29.944794
57,23,29.966318
57,24,29.979874
57,25,29.988249
57,26,29.993359
57,27,29.996483
57,28,29.99849
57,29,30.0
57,3,9.8325
57,4,12.819733
57,5,15.579362
57,6,18.078651
57,7,20.297646
57,8,22.228992
57,9,23.876839
58,0,0.0
58,1,3.3641717
58,10,25.25504
58,11,26.384914
58,12,27.29285
58,13,28.007948
58,14,28.559956
58,15,28.977562
58,16,29.287165
58,17,29.51209
58,18,29.672207
58,19,29.783886
58,2,6.6623783
58,20,29.860199
58,21,29.91129
58,22,29.944794
58,23,29.96632
58,24,29.979872
58,25,29.98825
58,26,29.993359
58,27,29.996483
58,28,29.99849
58,29,30.0
58,3,9.832502
58,4,12.819731
58,5,15.579365
58,6,18.078651
58,7,20.297647
58,8,22.228992
58,9,23.87684
59,0,0.0
59,1,3.3641715
59,10,25.255041
59,11,26.384914
59,12,27.29285
59,13,28.00795
59,14,28.559958
59,15,28.977562
59,16,29.287165
59,17,29.51209
59,18,29.672207
59,19,29.783886
59,2,6.66238
59,20,29.860199
59,21,29.91129
59,22,29.944794
59,23,29.966318
59,24,29.979874
59,25,29.988249
59,26,29.993359
59,27,29.996483
59,28,29.99849
59,29,30.0
59,3,9.8325
59,4,12.819734
59,5,15.579362
59,6,18.078653
59,7,20.297646
59,8,22.228994
59,9,23.876839
6,0,0.0
6,1,2.0234053
6,10,15.215581
6,11,15.904869
6,12,16.465162
6,13,16.915169
6,14,17.276451
6,15,17.570137
6,16,17.818516
6,17,18.04398
6,18,18.269943
6,19,18.521904
6,2,4.0074587
6,20,18.82765
6,21,19.219898
6,22,19.735533
6,23,20.418293
6,24,21.315353
6,25,22.475685
6,26,23.938128
6,27,25.716398
6,28,27.773018
6,29,30.0
6,3,5.914507
6,4,7.7124424
6,5,9.3735485
6,6,10.879365
6,7,12.216779
6,8,13.382849
6,9,14.379087
60,0,0.0
60,1,3.3641722
60,10,25.25504
60,11,26.384916
60,12,27.292854
60,13,28.007952
60,14,28.55996
60,15,28.977562
60,16,29.287167
60,17,29.512093
60,18,29.67221
60,19,29.783886
60,2,6.6623793
60,20,29.860203
60,21,29.91129
60,22,29.944792
60,23,29.96632
60,24,29.97987
60,25,29.98825
60,26,29.993359
60,27,29.99648
60,28,29.99849
60,29,30.0
60,3,9.832502
60,4,12.819731
60,5,15.579365
60,6,18.078651
60,7,20.29765
60,8,22.228992
60,9,23.876842
61,0,0.0
61,1,3.364172
61,10,25.255043
61,11,26.38492
61,12,27.292854
61,13,28.007954
61,14,28.559961
61,15,28.977566
61,16,29.287169
61,17,29.512096
61,18,29.67221
61,19,29.783892
61,2,6.6623807
61,20,29.8602
61,21,29.911291
61,22,29.944794
61,23,29.966318
61,24,29.979874
61,25,29.988249
61,26,29.99336
61,27,29.99648
61,28,29.998491
61,29,30.0
61,3,9.832501
61,4,12.819734
61,5,15.579364
61,6,18.078655
61,7,20.297647
61,8,22.228998
61,9,23.876842
62,0,0.0
62,1,3.364173
62,10,25.255049
62,11,26.384924
62,12,27.29286
62,13,28.00796
62,14,28.559967
62,15,28.977571
62,16,29.287176
62,17,29.5121
62,18,29.672216
62,19,29.783892
62,2,6.66238
62,20,29.860209
62,21,29.911293
62,22,29.944798
62,23,29.966324
62,24,29.979876
62,25,29.988255
62,26,29.99336
62,27,29.996487
62,28,29.998491
62,29,30.0
62,3,9.832505
62,4,12.819735
62,5,15.579369
62,6,18.078655
62,7,20.297655
62,8,22.229
62,9,23.87685
63,0,0.0
63,1,3.364174
63,10,25.255056
63,11,26.384933
63,12,27.29287
63,13,28.007969
63,14,28.559977
63,15,28.977581
63,16,29.287186
63,17,29.512112
63,18,29.672226
63,19,29.783905
63,2,6.6623845
63,20,29.860216
63,21,29.911304
63,22,29.944805
63,23,29.96633
63,24,29.979883
63,25,29.988258
63,26,29.993366
63,27,29.996487
63,28,29.998493
63,29,30.0
63,3,9.832508
63,4,12.819741
63,5,15.579372
63,6,18.078667
63,7,20.297659
63,8,22.229012
63,9,23.876856
64,0,0.0
64,1,3.3641772
64,10,25.255077
64,11,26.384953
64,12,27.29289
64,13,28.007992
64,14,28.559998
64,15,28.977604
64,16,29.287205
64,17,29.51213
64,18,29.672249
64,19,29.783924
64,2,6.662389
64,20,29.860237
64,21,29.91132
64,22,29.944822
64,23,29.966345
64,24,29.979897
64,25,29.98827
64,26,29.993374
64,27,29.996492
64,28,29.998497
64,29,30.0
64,3,9.832518
64,4,12.819752
64,5,15.579388
64,6,18.078678
64,7,20.29768
64,8,22.229027
64,9,23.876877
65,0,0.0
65,1,3.3641825
65,10,25.25512
65,11,26.384996
65,12,27.292936
65,13,28.008034
65,14,28.560043
65,15,28.977646
65,16,29.287252
65,17,29.512175
65,18,29.672289
65,19,29.783966
65,2,6.6624017
65,20,29.860275
65,21,29.91136
65,22,29.944859
65,23,29.966377
65,24,29.979923
65,25,29.988293
65,26,29.993391
65,27,29.996504
65,28,29.9985
65,29,30.0
65,3,9.832534
65,4,12.819774
65,5,15.579413
65,6,18.078712
65,7,20.29771
65,8,22.229065
65,9,23.876915
66,0,0.0
66,1,3.3641949
66,10,25.255201
66,11,26.385084
66,12,27.293024
66,13,28.008125
66,14,28.560131
66,15,28.977737
66,16,29.287338
66,17,29.512264
66,18,29.672377
66,19,29.784052
66,2,6.662425
66,20,29.860355
66,21,29.911436
66,22,29.944925
66,23,29.96644
66,24,29.979979
66,25,29.988338
66,26,29.993427
66,27,29.996527
66,28,29.998514
66,29,30.0
66,3,9.832569
66,4,12.8198185
66,5,15.579469
66,6,18.078772
66,7,20.297783
66,8,22.229137
66,9,23.876999
67,0,0.0
67,1,3.3642187
67,10,25.255367
67,11,26.385254
67,12,27.293198
67,13,28.008303
67,14,28.56031
67,15,28.977919
67,16,29.287518
67,17,29.512438
67,18,29.672546
67,19,29.784212
67,2,6.662472
67,20,29.860514
67,21,29.911581
67,22,29.945063
67,23,29.96656
67,24,29.980083
67,25,29.988424
67,26,29.993492
67,27,29.996574
67,28,29.998535
67,29,30.0
67,3,9.832638
67,4,12.819907
67,5,15.579576
67,6,18.078896
67,7,20.297916
67,8,22.22929
67,9,23.877151
68,0,0.0
68,1,3.364264
68,10,25.255688
68,11,26.385582
68,12,27.293535
68,13,28.008644
68,14,28.560658
68,15,28.97826
68,16,29.287859
68,17,29.512772
68,18,29.672873
68,19,29.78453
68,2,6.662562
68,20,29.860813
68,21,29.911865
68,22,29.945322
68,23,29.966793
68,24,29.980286
68,25,29.988592
68,26,29.993624
68,27,29.996662
68,28,29.998583
68,29,30.0
68,3,9.832769
68,4,12.820079
68,5,15.579782
68,6,18.079134
68,7,20.298183
68,8,22.229576
68,9,23.877459
69,0,0.0
69,1,3.3643503
69,10,25.25629
69,11,26.386208
69,12,27.29417
69,13,28.00929
69,14,28.561304
69,15,28.978909
69,16,29.288502
69,17,29.513405
69,18,29.673492
69,19,29.785124
69,2,6.6627316
69,20,29.861385
69,21,29.912397
69,22,29.945816
69,23,29.967234
69,24,29.980669
69,25,29.988909
69,26,29.993868
69,27,29.99683
69,28,29.998665
69,29,30.0
69,3,9.833018
69,4,12.820402
69,5,15.580172
69,6,18.079582
69,7,20.298683
69,8,22.230118
69,9,23.878035
7,0,0.0
7,1,2.2722182
7,10,17.082836
7,11,17.85613
7,12,18.482979
7,13,18.985855
7,14,19.387037
7,15,19.710482
7,16,19.979427
7,17,20.217503
7,18,20.448563
7,19,20.696978
7,2,4.499902
7,20,20.989212
7,21,21.353054
7,22,21.81984
7,23,22.421814
7,24,23.192772
7,25,24.161427
7,26,25.346697
7,27,26.74503
7,28,28.320992
7,29,30.0
7,3,6.641717
7,4,8.660052
7,5,10.5258045
7,6,12.215815
7,7,13.718006
7,8,15.026262
7,9,16.145008
70,0,0.0
70,1,3.364509
70,10,25.2574
70,11,26.387356
70,12,27.295345
70,13,28.010479
70,14,28.5625
70,15,28.980106
70,16,29.289688
70,17,29.514574
70,18,29.67463
70,19,29.786228
70,2,6.6630454
70,20,29.862432
70,21,29.913387
70,22,29.946722
70,23,29.96805
70,24,29.981375
70,25,29.989496
70,26,29.994316
70,27,29.997135
70,28,29.998821
70,29,30.0
70,3,9.83348
70,4,12.820999
70,5,15.580893
70,6,18.080412
70,7,20.299606
70,8,22.231117
70,9,23.879097
71,0,0.0
71,1,3.3647966
71,10,25.259407
71,11,26.389427
71,12,27.297466
71,13,28.012629
71,14,28.564667
71,15,28.982265
71,16,29.291832
71,17,29.516682
71,18,29.676691
71,19,29.788212
71,2,6.6636133
71,20,29.86433
71,21,29.915165
71,22,29.948362
71,23,29.96952
71,24,29.982653
71,25,29.99055
71,26,29.995132
71,27,29.997688
71,28,29.9991
71,29,30.0
71,3,9.834314
71,4,12.822081
71,5,15.582195
71,6,18.081913
71,7,20.30127
71,8,22.232925
71,9,23.881014
72,0,0.0
72,1,3.3653069
72,10,25.262959
72,11,26.393097
72,12,27.301214
72,13,28.01643
72,14,28.568485
72,15,28.986084
72,16,29.295616
72,17,29.520414
72,18,29.680326
72,19,29.79173
72,2,6.6646204
72,20,29.867682
72,21,29.918316
72,22,29.95126
72,23,29.972126
72,24,29.984911
72,25,29.992424
72,26,29.996574
72,27,29.998672
72,28,29.9996
72,29,30.0
72,3,9.835793
72,4,12.823997
72,5,15.584505
72,6,18.084566
72,7,20.304222
72,8,22.236118
72,9,23.88441
73,0,0.0
73,1,3.3661926
73,10,25.269108
73,11,26.399446
73,12,27.307705
73,13,28.023006
73,14,28.575104
73,15,28.992687
73,16,29.302174
73,17,29.526861
73,18,29.686628
73,19,29.797812
73,2,6.6663685
73,20,29.87349
73,21,29.923767
73,22,29.956285
73,23,29.976635
73,24,29.988829
73,25,29.995663
73,26,29.999079
73,27,30.00037
73,28,30.00046
73,29,30.0
73,3,9.83836
73,4,12.82732
73,5,15.588512
73,6,18.089172
73,7,20.309338
73,8,22.241661
73,9,23.890295
74,0,0.0
74,1,3.3676991
74,10,25.279545
74,11,26.410215
74,12,27.318708
74,13,28.034153
74,14,28.586313
74,15,29.00389
74,16,29.313274
74,17,29.5378
74,18,29.697296
74,19,29.808128
74,2,6.6693444
74,20,29.883324
74,21,29.933014
74,22,29.9648
74,23,29.984287
74,24,29.995468
74,25,30.001171
74,26,30.003315
74,27,30.003262
74,28,30.001919
74,29,30.0
74,3,9.842727
74,4,12.832974
74,5,15.595322
74,6,18.096996
74,7,20.318024
74,8,22.251068
74,9,23.90028
75,0,0.0
75,1,3.370213
75,10,25.296875
75,11,26.4281
75,12,27.336975
75,13,28.052656
75,14,28.604916
75,15,29.022463
75,16,29.331703
75,17,29.555935
75,18,29.71501
75,19,29.825237
75,2,6.6743016
75,20,29.899666
75,21,29.948359
75,22,29.97895
75,23,29.996992
75,24,30.006516
75,25,30.010311
75,26,30.010382
75,27,30.00806
75,28,30.004354
75,29,30.0
75,3,9.850006
75,4,12.842389
75,5,15.606665
75,6,18.110016
75,7,20.332483
75,8,22.266705
75,9,23.916874
76,0,0.0
76,1,3.374319
76,10,25.325089
76,11,26.45719
76,12,27.36668
76,13,28.08273
76,14,28.63515
76,15,29.052654
76,16,29.36164
76,17,29.58542
76,18,29.743788
76,19,29.853071
76,2,6.6824093
76,20,29.926222
76,21,29.973345
76,22,30.001965
76,23,30.017694
76,24,30.024488
76,25,30.025229
76,26,30.021877
76,27,30.015894
76,28,30.008316
76,29,30.0
76,3,9.861894
76,4,12.857774
76,5,15.625169
76,6,18.131264
76,7,20.356041
76,8,22.29219
76,9,23.94389
77,0,0.0
77,1,3.3809042
77,10,25.370056
77,11,26.503548
77,12,27.413986
77,13,28.13062
77,14,28.683277
77,15,29.100704
77,16,29.409306
77,17,29.632343
77,18,29.78963
77,19,29.897371
77,2,6.695392
77,20,29.968561
77,21,30.013136
77,22,30.038694
77,23,30.050695
77,24,30.053207
77,25,30.049023
77,26,30.040262
77,27,30.028399
77,28,30.014656
77,29,30.0
77,3,9.880943
77,4,12.882385
77,5,15.654788
77,6,18.165215
77,7,20.393694
77,8,22.33286
77,9,23.986998
78,0,0.0
78,1,3.3912501
78,10,25.44032
78,11,26.575909
78,12,27.487808
78,13,28.20531
78,14,28.758326
78,15,29.175629
78,16,29.483608
78,17,29.70554
78,18,29.861103
78,19,29.966536
78,2,6.7158065
78,20,30.03461
78,21,30.07533
78,22,30.096046
78,23,30.102343
78,24,30.098099
78,25,30.086304
78,26,30.069027
78,27,30.048008
78,28,30.024578
78,29,30.0
78,3,9.910851
78,4,12.921043
78,5,15.701225
78,6,18.21845
78,7,20.45263
78,8,22.396517
78,9,24.054367
79,0,0.0
79,1,3.4072165
79,10,25.547863
79,11,26.686626
79,12,27.600664
79,13,28.319458
79,14,28.872986
79,15,29.29007
79,16,29.597132
79,17,29.817335
79,18,29.970379
79,19,30.072231
79,2,6.747265
79,20,30.135714
79,21,30.170471
79,22,30.183966
79,23,30.181448
79,24,30.167015
79,25,30.143476
79,26,30.113243
79,27,30.07811
79,28,30.039846
79,29,30.0
79,3,9.956957
79,4,12.980536
79,5,15.772695
79,6,18.30023
79,7,20.543146
79,8,22.494112
79,9,24.157629
8,0,0.0
8,1,2.4887762
8,10,18.708626
8,11,19.553707
8,12,20.23872
8,13,20.786129
8,14,21.221222
8,15,21.568419
8,16,21.852608
8,17,22.097744
8,18,22.327366
8,19,22.565166
8,2,4.9290786
8,20,22.83454
8,21,23.160297
8,22,23.566753
8,23,24.079216
8,24,24.719784
8,25,25.506605
8,26,26.44663
8,27,27.532043
8,28,28.733334
8,29,30.0
8,3,7.274654
8,4,9.485823
8,5,11.528669
8,6,13.380213
8,7,15.024549
8,8,16.45772
8,9,17.681759
80,0,0.0
80,1,3.431376
80,10,25.709272
80,11,26.85259
80,12,27.769756
80,13,28.490381
80,14,29.044617
80,15,29.461372
80,16,29.76702
80,17,29.984749
80,18,30.13397
80,19,30.230679
80,2,6.7948923
80,20,30.28722
80,21,30.313316
80,22,30.315903
80,23,30.30043
80,24,30.270603
80,25,30.229618
80,26,30.179796
80,27,30.123518
80,28,30.062843
80,29,30.0
80,3,10.026646
80,4,13.070457
80,5,15.8805065
80,6,18.423552
80,7,20.679373
80,8,22.640915
80,9,24.312689
81,0,0.0
81,1,3.4673085
81,10,25.946646
81,11,27.096506
81,12,28.018015
81,13,28.7412
81,14,29.29639
81,15,29.712584
81,16,30.016241
81,17,30.230286
81,18,30.37416
81,19,30.46328
81,2,6.8656263
81,20,30.510014
81,21,30.523335
81,22,30.510313
81,23,30.4757
81,24,30.42357
81,25,30.35675
81,26,30.278252
81,27,30.19063
81,28,30.096897
81,29,30.0
81,3,10.130148
81,4,13.203744
81,5,16.040234
81,6,18.60586
81,7,20.880606
81,8,22.857332
81,9,24.5411
82,0,0.0
82,1,3.519769
82,10,26.289038
82,11,27.447815
82,12,28.375322
82,13,29.101915
82,14,29.658308
82,15,30.073692
82,16,30.3744
82,17,30.583424
82,18,30.71958
82,19,30.798275
82,2,6.968915
82,20,30.8309
82,21,30.826454
82,22,30.790924
82,23,30.729317
82,24,30.644897
82,25,30.541172
82,26,30.421013
82,27,30.288162
82,28,30.146341
82,29,30.0
82,3,10.281004
82,4,13.397904
82,5,16.272367
82,6,18.870546
82,7,21.172077
82,8,23.170444
82,9,24.870882
83,0,0.0
83,1,3.595129
83,10,26.773165
83,11,27.944016
83,12,28.879354
83,13,29.6104
83,14,30.168259
83,15,30.582315
83,16,30.879066
83,17,31.080975
83,18,31.206839
83,19,31.270916
83,2,7.117056
83,20,31.284506
83,21,31.255098
83,22,31.188728
83,23,31.088991
83,24,30.959646
83,25,30.803478
83,26,30.624592
83,27,30.427189
83,28,30.216963
83,29,30.0
83,3,10.497252
83,4,13.675567
83,5,16.60393
83,6,19.247581
83,7,21.586647
83,8,23.61467
83,9,25.338112
84,0,0.0
84,1,3.7015624
84,10,27.444729
84,11,28.63105
84,12,29.576488
84,13,30.313011
84,14,30.87248
84,15,31.284664
84,16,31.575832
84,17,31.768496
84,18,31.880281
84,19,31.925257
84,2,7.326215
84,20,31.912844
84,21,31.850304
84,22,31.741543
84,23,31.590279
84,24,31.398645
84,25,31.170424
84,26,30.909481
84,27,30.622229
84,28,30.315989
84,29,30.0
84,3,10.801881
84,4,14.066168
84,5,17.068966
84,6,19.77539
84,7,22.16523
84,8,24.233461
84,9,25.987251
85,0,0.0
85,1,3.8497062
85,10,28.358244
85,11,29.564117
85,12,30.521759
85,13,31.264793
85,14,31.825884
85,15,32.23517
85,16,32.519157
85,17,32.699425
85,18,32.793396
85,19,32.813038
85,2,7.616788
85,20,32.76728
85,21,32.660553
85,22,32.49636
85,23,32.27563
85,24,32.000877
85,25,31.674377
85,26,31.301964
85,27,30.891033
85,28,30.452765
85,29,30.0
85,3,11.224504
85,4,14.606363
85,5,17.710613
85,6,20.501032
85,7,22.958664
85,8,25.079214
85,9,26.87253
86,0,0.0
86,1,4.0529156
86,10,29.577692
86,11,30.806698
86,12,31.778694
86,13,32.528824
86,14,33.09113
86,15,33.496407
86,16,33.7708
86,17,33.9358
86,18,34.006813
86,19,33.995148
86,2,8.014947
86,20,33.906395
86,21,33.744
86,22,33.507458
86,23,33.1971
86,24,32.812157
86,25,32.35588
86,26,31.8335
86,27,31.256199
86,28,30.63861
86,29,30.0
86,3,11.801818
86,4,15.342323
86,5,18.581184
86,6,21.482353
86,7,24.027203
86,8,26.214762
86,9,28.057053
87,0,0.0
87,1,4.32837
87,10,31.174545
87,11,32.430122
87,12,33.417507
87,13,34.17478
87,14,34.737404
87,15,35.13681
87,16,35.39942
87,17,35.54519
87,18,35.588875
87,19,35.538292
87,2,8.553244
87,20,35.3976
87,21,35.165237
87,22,34.83898
87,23,34.41384
87,24,33.888264
87,25,33.262264
87,26,32.543427
87,27,31.744728
87,28,30.887917
87,29,30.0
87,3,12.580172
87,4,16.330048
87,5,19.744816
87,6,22.787304
87,7,25.442314
87,8,27.711784
87,9,29.613428
88,0,0.0
88,1,4.6977396
88,10,33.2271
88,11,34.510372
88,12,35.51316
88,13,36.276268
88,14,36.837364
88,15,37.22886
88,16,37.476585
88,17,37.600105
88,18,37.611027
88,19,37.515575
88,2,9.273365
88,20,37.312393
88,21,36.9973
88,22,36.560894
88,23,35.99531
88,24,35.29235
88,25,34.451378
88,26,33.47801
88,27,32.39067
88,28,31.218021
88,29,30.0
88,3,13.616531
88,4,17.638817
88,5,21.27714
88,6,24.496391
88,7,27.284687
88,8,29.651636
88,9,31.620762
89,0,0.0
89,1,5.1895094
89,10,35.81595
89,11,37.125813
89,12,38.141106
89,13,38.907158
89,14,39.463787
89,15,39.84428
89,16,40.074654
89,17,40.172173
89,18,40.147068
89,19,40.000225
89,2,10.228103
89,20,39.727264
89,21,39.315735
89,22,38.75161
89,23,38.01702
89,24,37.099197
89,25,35.98979
89,26,34.69495
89,27,33.235153
89,28,31.651306
89,29,30.0
89,3,14.98321
89,4,19.352177
89,5,23.269026
89,6,26.700958
89,7,29.645657
89,8,32.12159
89,9,34.164
9,0,0.0
9,1,2.6738324
9,10,20.095379
9,11,21.00231
9,12,21.735664
9,13,22.320957
9,14,22.783455
9,15,23.149607
9,16,23.444447
9,17,23.69234
9,18,23.916506
9,19,24.138939
9,2,5.2952533
9,20,24.381458
9,21,24.664484
9,22,25.008642
9,23,25.431969
9,24,25.950773
9,25,26.57502
9,26,27.307648
9,27,28.139368
9,28,29.048443
9,29,30.0
9,3,7.8154726
9,4,10.19037
9,5,12.385431
9,6,14.37365
9,7,16.140465
9,8,17.678925
9,9,18.993824
90,0,0.0
90,1,5.841469
90,10,39.02151
90,11,40.351376
90,12,41.37328
90,13,42.136642
90,14,42.684204
90,15,43.05036
90,16,43.260136
90,17,43.32996
90,18,43.26557
90,19,43.065067
90,2,11.487522
90,20,42.715843
90,21,42.200043
90,22,41.4915
90,23,40.564327
90,24,39.391838
90,25,37.958755
90,26,36.26359
90,27,34.331642
90,28,32.21608
90,29,30.0
90,3,16.771418
90,4,21.574102
90,5,25.826496
90,6,29.506008
90,7,32.62332
90,8,35.214485
90,9,37.328217
91,0,0.0
91,1,6.707036
91,10,42.9167
91,11,44.254295
91,12,45.27156
91,13,46.02365
91,14,46.555756
91,15,46.902946
91,16,47.090134
91,17,47.130585
91,18,47.027954
91,19,46.773235
91,2,13.14638
91,20,46.34886
91,21,45.724785
91,22,44.865307
91,23,43.72648
91,24,42.26759
91,25,40.453735
91,26,38.27377
91,27,35.749344
91,28,32.9516
91,29,30.0
91,3,19.101788
91,4,24.432959
91,5,29.076473
91,6,33.027477
91,7,36.3231
91,8,39.02221
91,9,41.196083
92,0,0.0
92,1,7.8652754
92,10,47.562542
92,11,48.88611
92,12,49.882225
92,13,50.610374
92,14,51.118343
92,15,51.44179
92,16,51.603943
92,17,51.616753
92,18,51.47854
92,19,51.176685
92,2,15.3413105
92,20,50.68335
92,21,49.96003
92,22,48.95285
92,23,47.60075
92,24,45.8348
92,25,43.594933
92,26,40.841667
92,27,37.58644
92,28,33.914047
92,29,30.0
92,3,22.136696
92,4,28.093555
92,5,33.167843
92,6,37.394753
92,7,40.85102
92,8,43.633236
92,9,45.839146
93,0,0.0
93,1,9.4434185
93,10,52.998493
93,11,54.277225
93,12,55.228416
93,13,55.91615
93,14,56.389286
93,15,56.68297
93,16,56.819496
93,17,56.80723
93,18,56.642303
93,19,56.304817
93,2,18.278517
93,20,55.761406
93,21,54.9592
93,22,53.829857
93,23,52.283936
93,24,50.22042
93,25,47.531235
93,26,44.129974
93,27,39.987453
93,28,35.19303
93,29,30.0
93,3,26.10635
93,4,32.767998
93,5,38.27861
93,6,42.74501
93,7,46.311104
93,8,49.122158
93,9,51.312843
94,0,0.0
94,1,11.66305
94,10,59.23669
94,11,60.42826
94,12,61.304886
94,13,61.931644
94,14,62.35719
94,15,62.615257
94,16,62.725487
94,17,62.694725
94,18,62.51456
94,19,62.16272
94,2,22.290993
94,20,61.59716
94,21,60.757095
94,22,59.554024
94,23,57.87294
94,24,55.564667
94,25,52.456627
94,26,48.370377
94,27,43.184746
94,28,36.94284
94,29,30.0
94,3,31.345085
94,4,38.735493
94,5,44.614235
94,6,49.219837
94,7,52.792156
94,8,55.54277
94,9,57.64446
95,0,0.0
95,1,14.951601
95,10,66.25155
95,11,67.30542
95,12,68.07203
95,13,68.61476
95,14,68.97887
95,15,69.19483
95,16,69.28001
95,17,69.2381
95,18,69.06006
95,19,68.71987
95,2,27.944855
95,20,68.174255
95,21,67.35376
95,22,66.1593
95,23,64.44708
95,24,62.02063
95,25,58.61522
95,26,53.90782
95,27,47.571083
95,28,39.46133
95,29,30.0
95,3,38.351387
95,4,46.354378
95,5,52.402596
95,6,56.945885
95,7,60.35492
95,8,62.911285
95,9,64.82534
96,0,0.0
96,1,20.229464
96,10,73.974884
96,11,74.83445
96,12,75.453865
96,13,75.88841
96,14,76.17705
96,15,76.34523
96,16,76.40648
96,17,76.36339
96,18,76.20564
96,19,75.90976
96,2,36.24849
96,20,75.432655
96,21,74.708115
96,22,73.63248
96,23,72.050934
96,24,69.72602
96,25,66.30073
96,26,61.245773
96,27,53.847622
96,28,43.39001
96,29,30.0
96,3,47.855957
96,4,56.05726
96,5,61.858486
96,6,66.00539
96,7,69.00388
96,8,71.19221
96,9,72.79707
97,0,0.0
97,1,29.74393
97,10,82.289635
97,11,82.90057
97,12,83.33722
97,13,83.64154
97,14,83.84212
97,15,83.95731
97,16,83.9968
97,17,83.96142
97,18,83.843376
97,19,83.62308
97,2,49.015797
97,20,83.26721
97,21,82.72018
97,22,81.895
97,23,80.649765
97,24,78.75096
97,25,75.795044
97,26,71.06574
97,27,63.276867
97,28,50.298656
97,29,30.0
97,3,60.84635
97,4,68.26668
97,5,73.10436
97,6,76.37666
97,7,78.65616
97,8,80.27698
97,9,81.44443
98,0,0.0
98,1,49.74908
98,10,91.03231
98,11,91.3502
98,12,91.576294
98,13,91.733154
98,14,91.836044
98,15,91.89466
98,16,91.91385
98,17,91.894104
98,18,91.83064
98,19,91.713036
98,2,69.26222
98,20,91.52203
98,21,91.22658
98,22,90.77476
98,23,90.07975
98,24,88.985245
98,25,87.189316
98,26,84.041595
98,27,77.961395
98,28,64.56072
98,29,30.0
98,3,78.30359
98,4,83.13559
98,5,86.01184
98,6,87.85791
98,7,89.10373
98,8,89.972244
98,9,90.58944
99,0,0.0
99,1,100.0
99,10,100.0
99,11,100.0
99,12,100.0
99,13,100.0
99,14,100.0
99,15,100.0
99,16,100.0
99,17,100.0
99,18,100.0
99,19,100.0
99,2,100.0
99,20,100.0
99,21,100.0
99,22,100.0
99,23,100.0
99,24,100.0
99,25,100.0
99,26,100.0
99,27,100.0
99,28,100.0
99,29,30.0
99,3,100.0
99,4,100.0
99,5,100.0
99,6,100.0
99,7,100.0
99,8,100.0
99,9,100.0
