0,0,0.0
0,1,0.0
0,2,0.0
0,3,0.0
0,4,0.0
0,5,0.0
0,6,0.0
0,7,30.0
1,0,0.0
1,1,2.970864
1,2,5.5979557
1,3,7.7459927
1,4,9.598438
1,5,11.871011
1,6,16.599573
1,7,30.0
2,0,0.0
2,1,6.2856064
2,2,11.675156
2,3,15.787813
2,4,18.776987
2,5,21.286222
2,6,24.527386
2,7,30.0
3,0,0.0
3,1,10.496593
3,2,19.029593
3,3,24.953545
3,4,28.435902
3,5,29.969849
3,6,30.223938
3,7,30.0
4,0,0.0
4,1,16.671413
4,2,28.993507
4,3,36.561405
4,4,40.043762
4,5,39.93376
4,6,36.398758
4,7,30.0
5,0,0.0
5,1,27.195791
5,2,43.712044
5,3,52.255333
5,4,55.244507
5,5,53.32311
5,6,45.43757
5,7,30.0
6,0,0.0
6,1,48.399895
6,2,66.40389
6,3,73.503815
6,4,75.356255
6,5,72.67695
6,6,62.028603
6,7,30.0
7,0,0.0
7,1,100.0
7,2,100.0
7,3,100.0
7,4,100.0
7,5,100.0
7,6,100.0
7,7,30.0
