0,0,0.0
0,1,0.0
0,10,0.0
0,11,0.0
0,12,0.0
0,13,0.0
0,14,0.0
0,15,0.0
0,16,0.0
0,17,0.0
0,18,0.0
0,19,0.0
0,2,0.0
0,20,0.0
0,21,0.0
0,22,0.0
0,23,0.0
0,24,0.0
0,25,0.0
0,26,0.0
0,27,0.0
0,28,0.0
0,29,30.0
0,3,0.0
0,4,0.0
0,5,0.0
0,6,0.0
0,7,0.0
0,8,0.0
0,9,0.0
1,0,0.0
1,1,0.3223727
1,10,2.5181022
1,11,2.6483824
1,12,2.758718
1,13,2.8519068
1,14,2.931521
1,15,3.001431
1,16,3.0662265
1,17,3.1311731
1,18,3.2026854
1,19,3.2889516
1,2,0.63938415
1,20,3.4008994
1,21,3.554249
1,22,3.7726748
1,23,4.094824
1,24,4.588228
1,25,5.3829823
1,26,6.7577987
1,27,9.390274
1,28,15.160657
1,29,30.0
1,3,0.9458562
1,4,1.2373042
1,5,1.5097264
1,6,1.7603161
1,7,1.9868846
1,8,2.1886375
1,9,2.3653507
10,0,0.0
10,1,2.512817
10,10,19.596214
10,11,20.596416
10,12,21.432537
10,13,22.124298
10,14,22.69244
10,15,23.159756
10,16,23.548817
10,17,23.882406
10,18,24.182688
10,19,24.470978
10,2,4.9834447
10,20,24.767994
10,21,25.092808
10,22,25.463543
10,23,25.895245
10,24,26.400248
10,25,26.985073
10,26,27.650171
10,27,28.387022
10,28,29.178682
10,29,30.0
10,3,7.3721914
10,4,9.642664
10,5,11.765212
10,6,13.715681
10,7,15.478989
10,8,17.046032
10,9,18.416811
11,0,0.0
11,1,2.6399992
11,10,20.584324
11,11,21.632774
11,12,22.508606
11,13,23.230927
11,14,23.821976
11,15,24.3042
11,16,24.70079
11,17,25.034107
11,18,25.325714
11,19,25.59603
11,2,5.235846
11,20,25.863731
11,21,26.146267
11,22,26.458443
11,23,26.813143
11,24,27.219181
11,25,27.68179
11,26,28.200268
11,27,28.768572
11,28,29.374193
11,29,30.0
11,3,7.7452507
11,4,10.130871
11,5,12.360317
11,6,14.409634
11,7,16.261314
11,8,17.907454
11,9,19.346222
12,0,0.0
12,1,2.745654
12,10,21.403461
12,11,22.492252
12,12,23.40009
12,13,24.14761
12,14,24.75655
12,15,25.250282
12,16,25.651615
12,17,25.982906
12,18,26.265152
12,19,26.517662
12,2,5.445195
12,20,26.758179
12,21,27.00199
12,22,27.262617
12,23,27.550343
12,24,27.873
12,25,28.234177
12,26,28.633999
12,27,29.067753
12,28,29.52707
12,29,30.0
12,3,8.055138
12,4,10.535793
12,5,12.854557
12,6,14.985171
12,7,16.910858
12,8,18.621782
12,9,20.117546
13,0,0.0
13,1,2.8318005
13,10,22.07159
13,11,23.192503
13,12,24.126585
13,13,24.893826
13,14,25.51704
13,15,26.019175
13,16,26.423431
13,17,26.75176
13,18,27.024694
13,19,27.260973
13,2,5.616177
13,20,27.477009
13,21,27.687328
13,22,27.90359
13,23,28.135406
13,24,28.389023
13,25,28.66822
13,26,28.973068
13,27,29.30091
13,28,29.645845
13,29,30.0
13,3,8.307802
13,4,10.866459
13,5,13.257523
13,6,15.455047
13,7,17.440395
13,8,19.204754
13,9,20.746243
14,0,0.0
14,1,2.9009762
14,10,22.606842
14,11,23.7538
14,12,24.708261
14,13,25.49131
14,14,26.125267
14,15,26.633717
14,16,27.03949
14,17,27.364525
14,18,27.628962
14,19,27.850822
14,2,5.753219
14,20,28.046045
14,21,28.2279
14,22,28.4076
14,23,28.593437
14,24,28.791626
14,25,29.005352
14,26,29.235683
14,27,29.48088
14,28,29.737423
14,29,30.0
14,3,8.510672
14,4,11.131482
14,5,13.581002
14,6,15.831625
14,7,17.865347
14,8,19.671911
14,9,21.25053
15,0,0.0
15,1,2.9554768
15,10,23.028778
15,11,24.195723
15,12,25.166409
15,13,25.961376
15,14,26.603691
15,15,27.116556
15,16,27.523075
15,17,27.844872
15,18,28.101803
15,19,28.311571
15,2,5.8614016
15,20,28.489338
15,21,28.648079
15,22,28.798006
15,23,28.947319
15,24,29.10151
15,25,29.264225
15,26,29.436653
15,27,29.618408
15,28,29.807255
15,29,30.0
15,3,8.670502
15,4,11.34066
15,5,13.835848
15,6,16.128769
15,7,18.200108
15,8,20.040382
15,9,21.647718
16,0,0.0
16,1,2.9977741
16,10,23.355396
16,11,24.538055
16,12,25.520882
16,13,26.325146
16,14,26.97352
16,15,27.489632
16,16,27.896307
16,17,28.215166
16,18,28.465832
16,19,28.665585
16,2,5.945179
16,20,28.829391
16,21,28.969526
16,22,29.096111
16,23,29.216679
16,24,29.33693
16,25,29.460278
16,26,29.588648
16,27,29.722166
16,28,29.859928
16,29,30.0
16,3,8.794531
16,4,11.502647
16,5,14.033563
16,6,16.358866
16,7,18.459732
16,8,20.32568
16,9,21.95561
17,0,0.0
17,1,3.0299697
17,10,23.604204
17,11,24.798483
17,12,25.790693
17,13,26.601715
17,14,27.254688
17,15,27.772976
17,16,28.179567
17,17,28.495903
17,18,28.741425
17,19,28.933277
17,2,6.0090938
17,20,29.085983
17,21,29.211742
17,22,29.32015
17,23,29.418823
17,24,29.513111
17,25,29.606825
17,26,29.701979
17,27,29.799494
17,28,29.899117
17,29,30.0
17,3,8.888937
17,4,11.626205
17,5,14.184053
17,6,16.534323
17,7,18.657333
17,8,20.543137
17,9,22.18991
18,0,0.0
18,1,3.054116
18,10,23.790283
18,11,24.99342
18,12,25.992397
18,13,26.80854
18,14,27.464731
18,15,27.984585
18,16,28.390923
18,17,28.70517
18,18,28.946669
18,19,29.132318
18,2,6.0569096
18,20,29.27658
18,21,29.391275
18,22,29.486032
18,23,29.568127
18,24,29.64312
18,25,29.714703
18,26,29.785364
18,27,29.856281
18,28,29.927902
18,29,30.0
18,3,8.95973
18,4,11.718641
18,5,14.296874
18,6,16.66558
18,7,18.805414
18,8,20.7058
18,9,22.365408
19,0,0.0
19,1,3.0718699
19,10,23.927238
19,11,25.136688
19,12,26.140741
19,13,26.960474
19,14,27.619045
19,15,28.139906
19,16,28.54597
19,17,28.85857
19,18,29.096943
19,19,29.27794
19,2,6.092158
19,20,29.415783
19,21,29.522299
19,22,29.606834
19,23,29.676785
19,24,29.737518
19,25,29.793003
19,26,29.845764
19,27,29.897419
19,28,29.948725
19,29,30.0
19,3,9.011783
19,4,11.786768
19,5,14.379827
19,6,16.762287
19,7,18.914288
19,8,20.825592
19,9,22.494423
2,0,0.0
2,1,0.63937056
2,10,4.993623
2,11,5.251987
2,12,5.4703937
2,13,5.654904
2,14,5.812065
2,15,5.949767
2,16,6.076687
2,17,6.2030463
2,18,6.3410277
2,19,6.5058327
2,2,1.2680192
2,20,6.7176547
2,21,7.004276
2,22,7.406674
2,23,7.9875536
2,24,8.849026
2,25,10.164507
2,26,12.241771
2,27,15.631663
2,28,21.246868
2,29,30.0
2,3,1.8759342
2,4,2.453802
2,5,2.9942398
2,6,3.491013
2,7,3.9405215
2,8,4.340395
2,9,4.69098
20,0,0.0
20,1,3.0847347
20,10,24.026176
20,11,25.240295
20,12,26.247873
20,13,27.07025
20,14,27.730429
20,15,28.251999
20,16,28.657784
20,17,28.969109
20,18,29.205162
20,19,29.38267
20,2,6.117629
20,20,29.515839
20,21,29.616306
20,22,29.693474
20,23,29.75455
20,24,29.805065
20,25,29.848915
20,26,29.8889
20,27,29.926746
20,28,29.963577
20,29,30.0
20,3,9.049496
20,4,11.835999
20,5,14.43991
20,6,16.832169
20,7,18.993114
20,8,20.912146
20,9,22.587784
21,0,0.0
21,1,3.0938706
21,10,24.096525
21,11,25.313843
21,12,26.32399
21,13,27.148151
21,14,27.809488
21,15,28.331497
21,16,28.737051
21,17,29.04742
21,18,29.281761
21,19,29.45676
21,2,6.135769
21,20,29.586525
21,21,29.682701
21,22,29.754549
21,23,29.809368
21,24,29.852581
21,25,29.888258
21,26,29.919193
21,27,29.947353
21,28,29.973999
21,29,30.0
21,3,9.076277
21,4,11.871049
21,5,14.482576
21,6,16.881905
21,7,19.04909
21,8,20.973722
21,9,22.654072
22,0,0.0
22,1,3.1002655
22,10,24.145603
22,11,25.36522
22,12,26.37708
22,13,27.202526
22,14,27.864613
22,15,28.386927
22,16,28.792278
22,17,29.101955
22,18,29.335075
22,19,29.508278
22,2,6.148427
22,20,29.635658
22,21,29.728779
22,22,29.79694
22,23,29.84734
22,24,29.88551
22,25,29.915468
22,26,29.940155
22,27,29.96159
22,28,29.981205
22,29,30.0
22,3,9.09502
22,4,11.89551
22,5,14.512429
22,6,16.91661
22,7,19.088236
22,8,21.016687
22,9,22.700407
23,0,0.0
23,1,3.1046505
23,10,24.179308
23,11,25.400438
23,12,26.413517
23,13,27.239788
23,14,27.902409
23,15,28.424896
23,16,28.830107
23,17,29.13929
23,18,29.371548
23,19,29.54351
23,2,6.157135
23,20,29.66922
23,21,29.760252
23,22,29.825844
23,23,29.873243
23,24,29.907928
23,25,29.934002
23,26,29.954412
23,27,29.97128
23,28,29.986103
23,29,30.0
23,3,9.107873
23,4,11.912331
23,5,14.532899
23,6,16.940474
23,7,19.115078
23,8,21.046211
23,9,22.732174
24,0,0.0
24,1,3.1076148
24,10,24.202013
24,11,25.4242
24,12,26.438053
24,13,27.264908
24,14,27.927856
24,15,28.45047
24,16,28.855564
24,17,29.164406
24,18,29.396072
24,19,29.567179
24,2,6.1630015
24,20,29.691769
24,21,29.781368
24,22,29.845245
24,23,29.890602
24,24,29.922958
24,25,29.946413
24,26,29.963959
24,27,29.977762
24,28,29.98938
24,29,30.0
24,3,9.11656
24,4,11.923664
24,5,14.546731
24,6,16.956549
24,7,19.13321
24,8,21.066105
24,9,22.753622
25,0,0.0
25,1,3.109577
25,10,24.21707
25,11,25.439922
25,12,26.454315
25,13,27.281527
25,14,27.944706
25,15,28.467384
25,16,28.872406
25,17,29.181011
25,18,29.41228
25,19,29.58282
25,2,6.1668987
25,20,29.70665
25,21,29.795311
25,22,29.858034
25,23,29.902048
25,24,29.93286
25,25,29.954582
25,26,29.970245
25,27,29.982027
25,28,29.991537
25,29,30.0
25,3,9.122311
25,4,11.9311905
25,5,14.555887
25,6,16.96722
25,7,19.14521
25,8,21.079302
25,9,22.767817
26,0,0.0
26,1,3.1108582
26,10,24.22686
26,11,25.450165
26,12,26.464886
26,13,27.292347
26,14,27.955658
26,15,28.478386
26,16,28.88335
26,17,29.1918
26,18,29.42281
26,19,29.59297
26,2,6.169433
26,20,29.716312
26,21,29.80435
26,22,29.86633
26,23,29.909464
26,24,29.93927
26,25,29.959879
26,26,29.974312
26,27,29.98479
26,28,29.992931
26,29,30.0
26,3,9.126063
26,4,11.936087
26,5,14.561859
26,6,16.97416
26,7,19.153034
26,8,21.087883
26,9,22.777067
27,0,0.0
27,1,3.1116767
27,10,24.233128
27,11,25.456709
27,12,26.471651
27,13,27.299255
27,14,27.962662
27,15,28.485409
27,16,28.890337
27,17,29.198687
27,18,29.429523
27,19,29.599451
27,2,6.1710587
27,20,29.722467
27,21,29.810116
27,22,29.871613
27,23,29.914188
27,24,29.943356
27,25,29.963243
27,26,29.976902
27,27,29.986546
27,28,29.993824
27,29,30.0
27,3,9.128462
27,4,11.939224
27,5,14.565677
27,6,16.978607
27,7,19.158035
27,8,21.09338
27,9,22.782978
28,0,0.0
28,1,3.1121922
28,10,24.23706
28,11,25.460823
28,12,26.475895
28,13,27.3036
28,14,27.967052
28,15,28.48982
28,16,28.894722
28,17,29.203003
28,18,29.433739
28,19,29.603504
28,2,6.172079
28,20,29.72633
28,21,29.813725
28,22,29.874922
28,23,29.917145
28,24,29.945911
28,25,29.965355
28,26,29.97852
28,27,29.987648
28,28,29.994375
28,29,30.0
28,3,9.129972
28,4,11.941195
28,5,14.568081
28,6,16.9814
28,7,19.161182
28,8,21.096832
28,9,22.786694
29,0,0.0
29,1,3.1125102
29,10,24.239489
29,11,25.463356
29,12,26.478518
29,13,27.30627
29,14,27.969765
29,15,28.492538
29,16,28.897425
29,17,29.20567
29,18,29.43633
29,19,29.606007
29,2,6.1727104
29,20,29.728706
29,21,29.815945
29,22,29.87696
29,23,29.918964
29,24,29.947483
29,25,29.96665
29,26,29.979519
29,27,29.988321
29,28,29.994719
29,29,30.0
29,3,9.130904
29,4,11.942412
29,5,14.569563
29,6,16.983128
29,7,19.163124
29,8,21.098965
29,9,22.78899
3,0,0.0
3,1,0.94579935
3,10,7.3864727
3,11,7.7680073
3,12,8.090652
3,13,8.36244
3,14,8.593528
3,15,8.794806
3,16,8.978968
3,17,9.160254
3,18,9.35548
3,19,9.585295
3,2,1.8758615
3,20,9.875847
3,21,10.262425
3,22,10.79361
3,23,11.53986
3,24,12.604584
3,25,14.142796
3,26,16.381336
3,27,19.626486
3,28,24.184372
3,29,30.0
3,3,2.774998
3,4,3.6300313
3,5,4.4292326
3,6,5.1643343
3,7,5.828928
3,8,6.4206333
3,9,6.9387865
30,0,0.0
30,1,3.1127036
30,10,24.240961
30,11,25.464897
30,12,26.480103
30,13,27.307898
30,14,27.971403
30,15,28.494183
30,16,28.899063
30,17,29.207277
30,18,29.437902
30,19,29.607521
30,2,6.173093
30,20,29.73014
30,21,29.817291
30,22,29.87819
30,23,29.920063
30,24,29.948433
30,25,29.967436
30,26,29.98012
30,27,29.988731
30,28,29.994925
30,29,30.0
30,3,9.131471
30,4,11.943151
30,5,14.570463
30,6,16.984173
30,7,19.1643
30,8,21.100258
30,9,22.79038
31,0,0.0
31,1,3.1128187
31,10,24.241838
31,11,25.465809
31,12,26.481047
31,13,27.308859
31,14,27.972382
31,15,28.495163
31,16,28.900034
31,17,29.208239
31,18,29.438837
31,19,29.60842
31,2,6.1733212
31,20,29.731
31,21,29.818087
31,22,29.878922
31,23,29.920717
31,24,29.949
31,25,29.9679
31,26,29.980476
31,27,29.988972
31,28,29.995047
31,29,30.0
31,3,9.131807
31,4,11.943593
31,5,14.570999
31,6,16.984798
31,7,19.165003
31,8,21.101027
31,9,22.791206
32,0,0.0
32,1,3.112886
32,10,24.242348
32,11,25.466343
32,12,26.481598
32,13,27.309423
32,14,27.97295
32,15,28.495733
32,16,28.900604
32,17,29.208796
32,18,29.439383
32,19,29.608946
32,2,6.1734548
32,20,29.731495
32,21,29.818556
32,22,29.879347
32,23,29.9211
32,24,29.949326
32,25,29.96817
32,26,29.980684
32,27,29.989113
32,28,29.995117
32,29,30.0
32,3,9.132006
32,4,11.94385
32,5,14.571314
32,6,16.985163
32,7,19.165413
32,8,21.101477
32,9,22.79169
33,0,0.0
33,1,3.112925
33,10,24.242641
33,11,25.466652
33,12,26.481915
33,13,27.309744
33,14,27.973278
33,15,28.496063
33,16,28.90093
33,17,29.209118
33,18,29.439693
33,19,29.609245
33,2,6.1735315
33,20,29.731785
33,21,29.81882
33,22,29.879593
33,23,29.921314
33,24,29.949516
33,25,29.968325
33,26,29.980806
33,27,29.989195
33,28,29.99516
33,29,30.0
33,3,9.132118
33,4,11.943999
33,5,14.571493
33,6,16.98537
33,7,19.16565
33,8,21.101734
33,9,22.79197
34,0,0.0
34,1,3.112947
34,10,24.24281
34,11,25.466824
34,12,26.482094
34,13,27.309929
34,14,27.973461
34,15,28.496246
34,16,28.901114
34,17,29.209297
34,18,29.439869
34,19,29.609415
34,2,6.173575
34,20,29.731941
34,21,29.818974
34,22,29.879726
34,23,29.92144
34,24,29.949621
34,25,29.968412
34,26,29.980873
34,27,29.989239
34,28,29.995182
34,29,30.0
34,3,9.132182
34,4,11.944082
34,5,14.571594
34,6,16.985489
34,7,19.165781
34,8,21.10188
34,9,22.792124
35,0,0.0
35,1,3.112959
35,10,24.242899
35,11,25.46692
35,12,26.482193
35,13,27.31003
35,14,27.973564
35,15,28.49635
35,16,28.901217
35,17,29.209396
35,18,29.439968
35,19,29.609509
35,2,6.1735992
35,20,29.732033
35,21,29.819052
35,22,29.879808
35,23,29.921507
35,24,29.94968
35,25,29.96846
35,26,29.98091
35,27,29.989264
35,28,29.995195
35,29,30.0
35,3,9.132217
35,4,11.944128
35,5,14.571651
35,6,16.985554
35,7,19.165855
35,8,21.101961
35,9,22.792213
36,0,0.0
36,1,3.1129653
36,10,24.24295
36,11,25.466972
36,12,26.482244
36,13,27.310085
36,14,27.97362
36,15,28.496407
36,16,28.901268
36,17,29.209454
36,18,29.44002
36,19,29.60956
36,2,6.173612
36,20,29.732079
36,21,29.8191
36,22,29.879847
36,23,29.921547
36,24,29.94971
36,25,29.968487
36,26,29.98093
36,27,29.989277
36,28,29.995201
36,29,30.0
36,3,9.132237
36,4,11.944154
36,5,14.571681
36,6,16.98559
36,7,19.165894
36,8,21.102005
36,9,22.79226
37,0,0.0
37,1,3.112969
37,10,24.242977
37,11,25.467
37,12,26.482273
37,13,27.310112
37,14,27.973648
37,15,28.496433
37,16,28.9013
37,17,29.209476
37,18,29.440048
37,19,29.609587
37,2,6.1736193
37,20,29.732107
37,21,29.819122
37,22,29.879871
37,23,29.921564
37,24,29.94973
37,25,29.9685
37,26,29.980938
37,27,29.989285
37,28,29.995205
37,29,30.0
37,3,9.132247
37,4,11.944167
37,5,14.571698
37,6,16.985607
37,7,19.165915
37,8,21.102028
37,9,22.792286
38,0,0.0
38,1,3.1129708
38,10,24.242992
38,11,25.467012
38,12,26.482288
38,13,27.310127
38,14,27.973661
38,15,28.496449
38,16,28.901314
38,17,29.209496
38,18,29.440063
38,19,29.6096
38,2,6.173622
38,20,29.732119
38,21,29.819136
38,22,29.87988
38,23,29.921574
38,24,29.949738
38,25,29.96851
38,26,29.980947
38,27,29.989288
38,28,29.995209
38,29,30.0
38,3,9.132253
38,4,11.944174
38,5,14.571706
38,6,16.985619
38,7,19.165926
38,8,21.10204
38,9,22.792297
39,0,0.0
39,1,3.1129713
39,10,24.243
39,11,25.46702
39,12,26.482298
39,13,27.310135
39,14,27.973671
39,15,28.496454
39,16,28.901321
39,17,29.209503
39,18,29.440073
39,19,29.609608
39,2,6.173625
39,20,29.732128
39,21,29.819143
39,22,29.879889
39,23,29.921581
39,24,29.949741
39,25,29.968513
39,26,29.980946
39,27,29.989292
39,28,29.995207
39,29,30.0
39,3,9.132256
39,4,11.944178
39,5,14.571711
39,6,16.985622
39,7,19.165932
39,8,21.102047
39,9,22.792303
4,0,0.0
4,1,1.2371526
4,10,9.65999
4,11,10.158597
4,12,10.579235
4,13,10.933233
4,14,11.232733
4,15,11.492123
4,16,11.726854
4,17,11.954578
4,18,12.195452
4,19,12.473284
4,2,2.4535546
4,20,12.817658
4,21,13.265823
4,22,13.867189
4,23,14.687022
4,24,15.813366
4,25,17.360662
4,26,19.468891
4,27,22.27775
4,28,25.84874
4,29,30.0
4,3,3.629808
4,4,4.7479057
4,5,5.7935133
4,6,6.754593
4,7,7.6241026
4,8,8.397467
4,9,9.075244
40,0,0.0
40,1,3.112972
40,10,24.243002
40,11,25.467026
40,12,26.4823
40,13,27.31014
40,14,27.973675
40,15,28.49646
40,16,28.901325
40,17,29.209507
40,18,29.440075
40,19,29.609612
40,2,6.1736245
40,20,29.732132
40,21,29.819149
40,22,29.87989
40,23,29.921581
40,24,29.949745
40,25,29.968513
40,26,29.98095
40,27,29.989292
40,28,29.995209
40,29,30.0
40,3,9.1322565
40,4,11.944178
40,5,14.5717125
40,6,16.985626
40,7,19.165936
40,8,21.102049
40,9,22.792307
41,0,0.0
41,1,3.1129718
41,10,24.243004
41,11,25.467026
41,12,26.482304
41,13,27.310139
41,14,27.973679
41,15,28.49646
41,16,28.901329
41,17,29.209507
41,18,29.440079
41,19,29.609615
41,2,6.173625
41,20,29.732132
41,21,29.819149
41,22,29.879894
41,23,29.921585
41,24,29.949745
41,25,29.968513
41,26,29.98095
41,27,29.989292
41,28,29.995209
41,29,30.0
41,3,9.1322565
41,4,11.944179
41,5,14.5717125
41,6,16.985626
41,7,19.165936
41,8,21.10205
41,9,22.792309
42,0,0.0
42,1,3.112972
42,10,24.243004
42,11,25.467028
42,12,26.4823
42,13,27.310144
42,14,27.973679
42,15,28.496466
42,16,28.901327
42,17,29.20951
42,18,29.440077
42,19,29.609615
42,2,6.173625
42,20,29.732132
42,21,29.819149
42,22,29.87989
42,23,29.921585
42,24,29.949745
42,25,29.968517
42,26,29.98095
42,27,29.989294
42,28,29.995209
42,29,30.0
42,3,9.1322565
42,4,11.94418
42,5,14.571713
42,6,16.985626
42,7,19.165936
42,8,21.10205
42,9,22.792309
43,0,0.0
43,1,3.1129723
43,10,24.243004
43,11,25.467026
43,12,26.482304
43,13,27.310143
43,14,27.973679
43,15,28.496464
43,16,28.90133
43,17,29.209509
43,18,29.440079
43,19,29.609612
43,2,6.173625
43,20,29.732132
43,21,29.819147
43,22,29.879894
43,23,29.921585
43,24,29.949747
43,25,29.968515
43,26,29.980953
43,27,29.989292
43,28,29.995209
43,29,30.0
43,3,9.132257
43,4,11.94418
43,5,14.571714
43,6,16.985626
43,7,19.165937
43,8,21.10205
43,9,22.792309
44,0,0.0
44,1,3.112972
44,10,24.243004
44,11,25.46703
44,12,26.482302
44,13,27.310143
44,14,27.973677
44,15,28.496466
44,16,28.90133
44,17,29.20951
44,18,29.440075
44,19,29.609615
44,2,6.173626
44,20,29.73213
44,21,29.81915
44,22,29.879894
44,23,29.921585
44,24,29.949745
44,25,29.968517
44,26,29.980951
44,27,29.989294
44,28,29.995209
44,29,30.0
44,3,9.132257
44,4,11.9441805
44,5,14.571713
44,6,16.985628
44,7,19.165937
44,8,21.10205
44,9,22.79231
45,0,0.0
45,1,3.1129723
45,10,24.243004
45,11,25.467028
45,12,26.482304
45,13,27.310143
45,14,27.973679
45,15,28.496464
45,16,28.90133
45,17,29.20951
45,18,29.440079
45,19,29.609613
45,2,6.173626
45,20,29.732136
45,21,29.819149
45,22,29.879894
45,23,29.921585
45,24,29.949745
45,25,29.968515
45,26,29.980953
45,27,29.989292
45,28,29.995209
45,29,30.0
45,3,9.132257
45,4,11.94418
45,5,14.571714
45,6,16.985628
45,7,19.165937
45,8,21.10205
45,9,22.792309
46,0,0.0
46,1,3.1129723
46,10,24.243004
46,11,25.467028
46,12,26.482304
46,13,27.310144
46,14,27.973679
46,15,28.496466
46,16,28.90133
46,17,29.20951
46,18,29.440079
46,19,29.609617
46,2,6.173626
46,20,29.732132
46,21,29.81915
46,22,29.87989
46,23,29.921585
46,24,29.949745
46,25,29.968517
46,26,29.980951
46,27,29.989296
46,28,29.995209
46,29,30.0
46,3,9.132257
46,4,11.94418
46,5,14.571714
46,6,16.985628
46,7,19.165937
46,8,21.10205
46,9,22.792309
47,0,0.0
47,1,3.1129723
47,10,24.243004
47,11,25.467028
47,12,26.482304
47,13,27.310143
47,14,27.973679
47,15,28.496464
47,16,28.90133
47,17,29.20951
47,18,29.440079
47,19,29.609613
47,2,6.173626
47,20,29.732134
47,21,29.819149
47,22,29.879894
47,23,29.921585
47,24,29.949745
47,25,29.968515
47,26,29.980951
47,27,29.989292
47,28,29.995209
47,29,30.0
47,3,9.132257
47,4,11.94418
47,5,14.571714
47,6,16.985626
47,7,19.165937
47,8,21.10205
47,9,22.79231
48,0,0.0
48,1,3.112972
48,10,24.243004
48,11,25.467028
48,12,26.482302
48,13,27.310143
48,14,27.973679
48,15,28.496466
48,16,28.901329
48,17,29.209513
48,18,29.440075
48,19,29.609617
48,2,6.1736255
48,20,29.732132
48,21,29.81915
48,22,29.87989
48,23,29.921585
48,24,29.949745
48,25,29.968517
48,26,29.98095
48,27,29.989294
48,28,29.995209
48,29,30.0
48,3,9.1322565
48,4,11.94418
48,5,14.571714
48,6,16.985628
48,7,19.165936
48,8,21.10205
48,9,22.792309
49,0,0.0
49,1,3.112972
49,10,24.243004
49,11,25.467028
49,12,26.482304
49,13,27.310143
49,14,27.973677
49,15,28.496464
49,16,28.90133
49,17,29.20951
49,18,29.44008
49,19,29.609612
49,2,6.173625
49,20,29.732136
49,21,29.819145
49,22,29.879894
49,23,29.921581
49,24,29.949745
49,25,29.968513
49,26,29.98095
49,27,29.989292
49,28,29.995209
49,29,30.0
49,3,9.1322565
49,4,11.94418
49,5,14.571713
49,6,16.985626
49,7,19.165936
49,8,21.10205
49,9,22.792309
5,0,0.0
5,1,1.5093966
5,10,11.784222
5,11,12.391132
5,12,12.903016
5,13,13.332215
5,14,13.69408
5,15,14.004779
5,16,14.28264
5,17,14.547441
5,18,14.821393
5,19,15.130071
5,2,2.9936547
5,20,15.503315
5,21,15.977749
5,22,16.597816
5,23,17.419138
5,24,18.508327
5,25,19.94248
5,26,21.798252
5,27,24.128395
5,28,26.913305
5,29,30.0
5,3,4.428545
5,4,5.792979
5,5,7.0682716
5,6,8.2411375
5,7,9.30138
5,8,10.245061
5,9,11.07111
50,0,0.0
50,1,3.112972
50,10,24.243004
50,11,25.467028
50,12,26.482304
50,13,27.310143
50,14,27.973679
50,15,28.496466
50,16,28.901329
50,17,29.209513
50,18,29.440077
50,19,29.609615
50,2,6.1736255
50,20,29.732128
50,21,29.81915
50,22,29.87989
50,23,29.921585
50,24,29.949741
50,25,29.968517
50,26,29.98095
50,27,29.989292
50,28,29.995209
50,29,30.0
50,3,9.1322565
50,4,11.94418
50,5,14.571714
50,6,16.985626
50,7,19.165937
50,8,21.10205
50,9,22.792309
51,0,0.0
51,1,3.1129723
51,10,24.243004
51,11,25.467028
51,12,26.482304
51,13,27.310143
51,14,27.973679
51,15,28.496466
51,16,28.90133
51,17,29.20951
51,18,29.440079
51,19,29.609612
51,2,6.1736255
51,20,29.732132
51,21,29.819145
51,22,29.879894
51,23,29.921581
51,24,29.949745
51,25,29.968513
51,26,29.98095
51,27,29.989292
51,28,29.995207
51,29,30.0
51,3,9.132257
51,4,11.94418
51,5,14.571713
51,6,16.985628
51,7,19.165936
51,8,21.102053
51,9,22.792309
52,0,0.0
52,1,3.112972
52,10,24.243004
52,11,25.467028
52,12,26.482304
52,13,27.310143
52,14,27.97368
52,15,28.496466
52,16,28.90133
52,17,29.20951
52,18,29.440077
52,19,29.609615
52,2,6.1736255
52,20,29.73213
52,21,29.819149
52,22,29.87989
52,23,29.921585
52,24,29.949745
52,25,29.968517
52,26,29.98095
52,27,29.989292
52,28,29.995209
52,29,30.0
52,3,9.132257
52,4,11.94418
52,5,14.5717125
52,6,16.985626
52,7,19.165936
52,8,21.10205
52,9,22.792309
53,0,0.0
53,1,3.1129723
53,10,24.243004
53,11,25.467028
53,12,26.482304
53,13,27.310144
53,14,27.973679
53,15,28.496466
53,16,28.901329
53,17,29.20951
53,18,29.440077
53,19,29.609612
53,2,6.173625
53,20,29.732132
53,21,29.819147
53,22,29.879894
53,23,29.921585
53,24,29.949745
53,25,29.968513
53,26,29.98095
53,27,29.989292
53,28,29.995207
53,29,30.0
53,3,9.132257
53,4,11.94418
53,5,14.571713
53,6,16.985626
53,7,19.165936
53,8,21.10205
53,9,22.792309
54,0,0.0
54,1,3.1129718
54,10,24.243004
54,11,25.467028
54,12,26.482306
54,13,27.310143
54,14,27.97368
54,15,28.496464
54,16,28.90133
54,17,29.20951
54,18,29.440077
54,19,29.609612
54,2,6.1736255
54,20,29.732132
54,21,29.819149
54,22,29.879894
54,23,29.921585
54,24,29.949745
54,25,29.968517
54,26,29.980951
54,27,29.989292
54,28,29.995209
54,29,30.0
54,3,9.1322565
54,4,11.94418
54,5,14.5717125
54,6,16.985628
54,7,19.165936
54,8,21.10205
54,9,22.79231
55,0,0.0
55,1,3.1129723
55,10,24.243004
55,11,25.46703
55,12,26.482304
55,13,27.310143
55,14,27.973679
55,15,28.496466
55,16,28.901329
55,17,29.20951
55,18,29.440075
55,19,29.609615
55,2,6.173625
55,20,29.732132
55,21,29.819149
55,22,29.879894
55,23,29.921585
55,24,29.949747
55,25,29.968517
55,26,29.98095
55,27,29.989296
55,28,29.995209
55,29,30.0
55,3,9.132257
55,4,11.944179
55,5,14.571714
55,6,16.985626
55,7,19.165937
55,8,21.10205
55,9,22.792309
56,0,0.0
56,1,3.1129723
56,10,24.243004
56,11,25.46703
56,12,26.482304
56,13,27.310143
56,14,27.973679
56,15,28.496468
56,16,28.901329
56,17,29.20951
56,18,29.440075
56,19,29.609612
56,2,6.1736264
56,20,29.732132
56,21,29.819149
56,22,29.879894
56,23,29.921585
56,24,29.949749
56,25,29.968517
56,26,29.980953
56,27,29.989296
56,28,29.995209
56,29,30.0
56,3,9.132257
56,4,11.9441805
56,5,14.571713
56,6,16.985628
56,7,19.165936
56,8,21.10205
56,9,22.792309
57,0,0.0
57,1,3.1129727
57,10,24.243008
57,11,25.46703
57,12,26.482304
57,13,27.310146
57,14,27.973682
57,15,28.496466
57,16,28.90133
57,17,29.20951
57,18,29.440079
57,19,29.609615
57,2,6.1736264
57,20,29.732132
57,21,29.81915
57,22,29.879894
57,23,29.921587
57,24,29.949749
57,25,29.96852
57,26,29.980953
57,27,29.989296
57,28,29.995209
57,29,30.0
57,3,9.132258
57,4,11.94418
57,5,14.571714
57,6,16.985626
57,7,19.16594
57,8,21.10205
57,9,22.792309
58,0,0.0
58,1,3.112973
58,10,24.243008
58,11,25.467033
58,12,26.482307
58,13,27.310148
58,14,27.973682
58,15,28.496471
58,16,28.901333
58,17,29.209515
58,18,29.44008
58,19,29.60962
58,2,6.173628
58,20,29.732136
58,21,29.81915
58,22,29.879894
58,23,29.921587
58,24,29.949749
58,25,29.968517
58,26,29.980953
58,27,29.989294
58,28,29.995209
58,29,30.0
58,3,9.132259
58,4,11.944183
58,5,14.571714
58,6,16.98563
58,7,19.165937
58,8,21.102055
58,9,22.792313
59,0,0.0
59,1,3.1129737
59,10,24.243013
59,11,25.467035
59,12,26.482313
59,13,27.31015
59,14,27.973688
59,15,28.496473
59,16,28.90134
59,17,29.209518
59,18,29.440086
59,19,29.609623
59,2,6.173628
59,20,29.73214
59,21,29.819157
59,22,29.8799
59,23,29.921589
59,24,29.94975
59,25,29.968517
59,26,29.980953
59,27,29.989296
59,28,29.99521
59,29,30.0
59,3,9.132262
59,4,11.944183
59,5,14.57172
59,6,16.985632
59,7,19.165945
59,8,21.102055
59,9,22.792318
6,0,0.0
6,1,1.7596784
6,10,13.7348795
6,11,14.441375
6,12,15.035671
6,13,15.533117
6,14,15.950006
6,15,16.305187
6,16,16.618317
6,17,16.910923
6,18,17.20625
6,19,17.529865
6,2,3.4898334
6,20,17.910957
6,21,18.382484
6,22,18.983192
6,23,19.75656
6,24,20.751152
6,25,22.014868
6,26,23.586922
6,27,25.479256
6,28,27.653614
6,29,30.0
6,3,5.1628156
6,4,6.753048
6,5,8.240035
6,6,9.606709
6,7,10.8428955
6,8,11.942117
6,9,12.904928
60,0,0.0
60,1,3.1129744
60,10,24.243021
60,11,25.467045
60,12,26.48232
60,13,27.310163
60,14,27.973698
60,15,28.496485
60,16,28.901346
60,17,29.20953
60,18,29.440094
60,19,29.60963
60,2,6.1736307
60,20,29.732147
60,21,29.819162
60,22,29.879906
60,23,29.921597
60,24,29.949757
60,25,29.968525
60,26,29.980957
60,27,29.989296
60,28,29.995213
60,29,30.0
60,3,9.132263
60,4,11.94419
60,5,14.571722
60,6,16.985641
60,7,19.165947
60,8,21.102066
60,9,22.792324
61,0,0.0
61,1,3.112977
61,10,24.243038
61,11,25.467062
61,12,26.48234
61,13,27.31018
61,14,27.973717
61,15,28.496502
61,16,28.90137
61,17,29.209545
61,18,29.440113
61,19,29.60965
61,2,6.1736345
61,20,29.732166
61,21,29.819176
61,22,29.87992
61,23,29.921608
61,24,29.949764
61,25,29.968533
61,26,29.980963
61,27,29.9893
61,28,29.995213
61,29,30.0
61,3,9.132272
61,4,11.944197
61,5,14.571737
61,6,16.98565
61,7,19.165966
61,8,21.10208
61,9,22.792343
62,0,0.0
62,1,3.112981
62,10,24.24307
62,11,25.467098
62,12,26.482374
62,13,27.310219
62,14,27.973753
62,15,28.49654
62,16,28.901402
62,17,29.209583
62,18,29.440147
62,19,29.609684
62,2,6.173645
62,20,29.732197
62,21,29.819208
62,22,29.879944
62,23,29.92163
62,24,29.949787
62,25,29.968548
62,26,29.980976
62,27,29.989311
62,28,29.995216
62,29,30.0
62,3,9.132284
62,4,11.944217
62,5,14.571756
62,6,16.985678
62,7,19.165989
62,8,21.102112
62,9,22.792374
63,0,0.0
63,1,3.1129904
63,10,24.243135
63,11,25.467163
63,12,26.482445
63,13,27.310284
63,14,27.973824
63,15,28.496609
63,16,28.901474
63,17,29.209648
63,18,29.440216
63,19,29.609747
63,2,6.1736603
63,20,29.732258
63,21,29.819263
63,22,29.879997
63,23,29.921677
63,24,29.949825
63,25,29.968582
63,26,29.981
63,27,29.989326
63,28,29.995226
63,29,30.0
63,3,9.132311
63,4,11.944247
63,5,14.571798
63,6,16.985722
63,7,19.166044
63,8,21.102167
63,9,22.792435
64,0,0.0
64,1,3.1130064
64,10,24.243256
64,11,25.46729
64,12,26.48257
64,13,27.310417
64,14,27.973953
64,15,28.49674
64,16,28.901602
64,17,29.209782
64,18,29.440338
64,19,29.609865
64,2,6.173694
64,20,29.732368
64,21,29.81937
64,22,29.880095
64,23,29.921764
64,24,29.9499
64,25,29.968643
64,26,29.981047
64,27,29.989359
64,28,29.995241
64,29,30.0
64,3,9.132357
64,4,11.944311
64,5,14.571872
64,6,16.985813
64,7,19.166142
64,8,21.102274
64,9,22.79255
65,0,0.0
65,1,3.1130369
65,10,24.243477
65,11,25.467518
65,12,26.482807
65,13,27.310658
65,14,27.974195
65,15,28.496983
65,16,28.90184
65,17,29.21001
65,18,29.440567
65,19,29.610085
65,2,6.173753
65,20,29.732578
65,21,29.819563
65,22,29.880272
65,23,29.92192
65,24,29.950037
65,25,29.968756
65,26,29.981136
65,27,29.989418
65,28,29.99527
65,29,30.0
65,3,9.132446
65,4,11.944424
65,5,14.572014
65,6,16.985971
65,7,19.166323
65,8,21.10247
65,9,22.792759
66,0,0.0
66,1,3.1130915
66,10,24.243877
66,11,25.467936
66,12,26.483234
66,13,27.31109
66,14,27.974632
66,15,28.497417
66,16,28.902273
66,17,29.210438
66,18,29.440979
66,19,29.61048
66,2,6.173862
66,20,29.732954
66,21,29.819914
66,22,29.880592
66,23,29.922209
66,24,29.950283
66,25,29.96896
66,26,29.98129
66,27,29.989525
66,28,29.995325
66,29,30.0
66,3,9.132605
66,4,11.9446335
66,5,14.572264
66,6,16.986265
66,7,19.166649
66,8,21.102829
66,9,22.79314
67,0,0.0
67,1,3.1131892
67,10,24.244589
67,11,25.468678
67,12,26.483994
67,13,27.311863
67,14,27.97541
67,15,28.498194
67,16,28.903044
67,17,29.211191
67,18,29.441711
67,19,29.611185
67,2,6.1740546
67,20,29.73362
67,21,29.82054
67,22,29.881165
67,23,29.922722
67,24,29.950726
67,25,29.969324
67,26,29.981571
67,27,29.989714
67,28,29.99542
67,29,30.0
67,3,9.13289
67,4,11.945002
67,5,14.572712
67,6,16.986782
67,7,19.167229
67,8,21.103458
67,9,22.793818
68,0,0.0
68,1,3.1133595
68,10,24.245834
68,11,25.469963
68,12,26.48532
68,13,27.31321
68,14,27.976767
68,15,28.49955
68,16,28.904383
68,17,29.21251
68,18,29.442993
68,19,29.612415
68,2,6.1743927
68,20,29.73479
68,21,29.821629
68,22,29.882164
68,23,29.923609
68,24,29.951494
68,25,29.969955
68,26,29.982058
68,27,29.990042
68,28,29.995588
68,29,30.0
68,3,9.133387
68,4,11.945651
68,5,14.573496
68,6,16.98769
68,7,19.168243
68,8,21.104568
68,9,22.795
69,0,0.0
69,1,3.113653
69,10,24.247967
69,11,25.47218
69,12,26.487587
69,13,27.315516
69,14,27.979092
69,15,28.50187
69,16,28.906683
69,17,29.214767
69,18,29.445187
69,19,29.614529
69,2,6.1749716
69,20,29.736792
69,21,29.823498
69,22,29.883871
69,23,29.925138
69,24,29.952812
69,25,29.971043
69,26,29.98289
69,27,29.990608
69,28,29.995872
69,29,30.0
69,3,9.134242
69,4,11.94676
69,5,14.574842
69,6,16.989244
69,7,19.169985
69,8,21.106464
69,9,22.79703
7,0,0.0
7,1,1.9857346
7,10,15.4966345
7,11,16.291807
7,12,16.960295
7,13,17.517626
7,14,17.982706
7,15,18.375088
7,16,18.71621
7,17,19.028225
7,18,19.334625
7,19,19.660574
7,2,3.9383557
7,20,20.032852
7,21,20.481148
7,22,21.036934
7,23,21.734337
7,24,22.606543
7,25,23.683302
7,26,24.982075
7,27,26.499144
7,28,28.197071
7,29,30.0
7,3,5.826006
7,4,7.6208377
7,5,9.298332
7,6,10.840847
7,7,12.235032
7,8,13.475467
7,9,14.560734
70,0,0.0
70,1,3.114147
70,10,24.25156
70,11,25.475903
70,12,26.491413
70,13,27.319397
70,14,27.983002
70,15,28.505775
70,16,28.910553
70,17,29.218565
70,18,29.448883
70,19,29.618076
70,2,6.17595
70,20,29.740166
70,21,29.826645
70,22,29.886757
70,23,29.927706
70,24,29.955032
70,25,29.97287
70,26,29.984295
70,27,29.991562
70,28,29.996355
70,29,30.0
70,3,9.135681
70,4,11.948636
70,5,14.577112
70,6,16.99187
70,7,19.172916
70,8,21.109665
70,9,22.800442
71,0,0.0
71,1,3.114967
71,10,24.2575
71,11,25.48207
71,12,26.497732
71,13,27.325823
71,14,27.989468
71,15,28.512236
71,16,28.916948
71,17,29.224846
71,18,29.454988
71,19,29.623953
71,2,6.177572
71,20,29.745731
71,21,29.83185
71,22,29.891516
71,23,29.931963
71,24,29.958702
71,25,29.975899
71,26,29.986618
71,27,29.993137
71,28,29.99715
71,29,30.0
71,3,9.138071
71,4,11.95174
71,5,14.5808735
71,6,16.996218
71,7,19.177776
71,8,21.114956
71,9,22.8061
72,0,0.0
72,1,3.1163034
72,10,24.267164
72,11,25.492085
72,12,26.508007
72,13,27.336252
72,14,27.999973
72,15,28.522722
72,16,28.92734
72,17,29.235044
72,18,29.464907
72,19,29.633486
72,2,6.1802154
72,20,29.75479
72,21,29.840302
72,22,29.899263
72,23,29.938873
72,24,29.964678
72,25,29.980822
72,26,29.990404
72,27,29.995705
72,28,29.99845
72,29,30.0
72,3,9.141963
72,4,11.9568
72,5,14.587001
72,6,17.003296
72,7,19.185686
72,8,21.12357
72,9,22.815296
73,0,0.0
73,1,3.1184454
73,10,24.282597
73,11,25.508087
73,12,26.524405
73,13,27.352905
73,14,28.016731
73,15,28.53946
73,16,28.943907
73,17,29.251318
73,18,29.480728
73,19,29.64871
73,2,6.184451
73,20,29.769234
73,21,29.85381
73,22,29.911627
73,23,29.949924
73,24,29.974216
73,25,29.988693
73,26,29.996449
73,27,29.99981
73,28,30.000523
73,29,30.0
73,3,9.148198
73,4,11.964904
73,5,14.596807
73,6,17.014626
73,7,19.198334
73,8,21.137342
73,9,22.82999
74,0,0.0
74,1,3.121821
74,10,24.306824
74,11,25.533184
74,12,26.550127
74,13,27.379013
74,14,28.04301
74,15,28.565687
74,16,28.96989
74,17,29.276825
74,18,29.505545
74,19,29.672575
74,2,6.1911225
74,20,29.791904
74,21,29.874985
74,22,29.931046
74,23,29.967262
74,24,29.989214
74,25,30.001053
74,26,30.005955
74,27,30.006252
74,28,30.00378
74,29,30.0
74,3,9.15802
74,4,11.97766
74,5,14.612244
74,6,17.032436
74,7,19.21822
74,8,21.158978
74,9,22.853071
75,0,0.0
75,1,3.1270494
75,10,24.3442
75,11,25.571888
75,12,26.589775
75,13,27.419243
75,14,28.083488
75,15,28.606098
75,16,29.009901
75,17,29.316124
75,18,29.543766
75,19,29.70937
75,2,6.201462
75,20,29.82684
75,21,29.907665
75,22,29.960983
75,23,29.994045
75,24,30.01235
75,25,30.020159
75,26,30.02063
75,27,30.016222
75,28,30.008816
75,29,30.0
75,3,9.173228
75,4,11.997413
75,5,14.63612
75,6,17.059992
75,7,19.248947
75,8,21.192398
75,9,22.88869
76,0,0.0
76,1,3.1350217
76,10,24.400873
76,11,25.63055
76,12,26.64983
76,13,27.480164
76,14,28.144772
76,15,28.66726
76,16,29.07048
76,17,29.375605
76,18,29.601662
76,19,29.765076
76,2,6.2172112
76,20,29.879797
76,21,29.957172
76,22,30.006416
76,23,30.034649
76,24,30.047493
76,25,30.049149
76,26,30.04294
76,27,30.031357
76,28,30.016474
76,29,30.0
76,3,9.1964
76,4,12.027477
76,5,14.672461
76,6,17.101875
76,7,19.295649
76,8,21.243135
76,9,22.94275
77,0,0.0
77,1,3.1469731
77,10,24.485367
77,11,25.71793
77,12,26.73925
77,13,27.570827
77,14,28.235947
77,15,28.758259
77,16,29.16058
77,17,29.464127
77,18,29.68779
77,19,29.84804
77,2,6.2408314
77,20,29.958637
77,21,30.03099
77,22,30.074116
77,23,30.09526
77,24,30.099913
77,25,30.092474
77,26,30.076248
77,27,30.053993
77,28,30.027912
77,29,30.0
77,3,9.231113
77,4,12.0725155
77,5,14.726833
77,6,17.164532
77,7,19.365412
77,8,21.3189
77,9,23.023384
78,0,0.0
78,1,3.1646175
78,10,24.609173
78,11,25.845903
78,12,26.870113
78,13,27.70345
78,14,28.36929
78,15,28.891294
78,16,29.292353
78,17,29.593544
78,18,29.81382
78,19,29.96941
78,2,6.275668
78,20,30.074123
78,21,30.139084
78,22,30.17342
78,23,30.184128
78,24,30.176918
78,25,30.15607
78,26,30.12523
78,27,30.08725
78,28,30.044743
78,29,30.0
78,3,9.282318
78,4,12.1388645
78,5,14.806911
78,6,17.256668
78,7,19.46796
78,8,21.430107
78,9,23.141674
79,0,0.0
79,1,3.1902454
79,10,24.787603
79,11,26.030136
79,12,27.058395
79,13,27.894165
79,14,28.560946
79,15,29.08252
79,16,29.481697
79,17,29.779633
79,18,29.995003
79,19,30.144093
79,2,6.3262806
79,20,30.240314
79,21,30.294888
79,22,30.316525
79,23,30.312439
79,24,30.288052
79,25,30.248035
79,26,30.196014
79,27,30.135395
79,28,30.069084
79,29,30.0
79,3,9.356616
79,4,12.235117
79,5,14.922899
79,6,17.390055
79,7,19.616169
79,8,21.590729
79,9,23.312263
8,0,0.0
8,1,2.1866663
8,10,17.060234
8,11,17.934347
8,12,18.66729
8,13,19.27713
8,14,19.782915
8,15,20.206116
8,16,20.56847
8,17,20.892792
8,18,21.202347
8,19,21.520943
8,2,4.336632
8,20,21.873524
8,21,22.285316
8,22,22.78276
8,23,23.391083
8,24,24.134007
8,25,25.028728
8,26,26.082724
8,27,27.28646
8,28,28.609722
8,29,30.0
8,3,6.415452
8,4,8.391396
8,5,10.238834
8,6,11.9366455
8,7,13.471954
8,8,14.836761
8,9,16.031416
80,0,0.0
80,1,3.2269292
80,10,25.040417
80,11,26.290972
80,12,27.324715
80,13,28.16376
80,14,28.83179
80,15,29.352648
80,16,29.74926
80,17,30.042542
80,18,30.251228
80,19,30.391117
80,2,6.3986483
80,20,30.475685
80,21,30.515543
80,22,30.51958
80,23,30.49448
80,24,30.44605
80,25,30.378738
80,26,30.296818
80,27,30.203907
80,28,30.103785
80,29,30.0
80,3,9.462837
80,4,12.372503
80,5,15.088358
80,6,17.579987
80,7,19.82703
80,8,21.818838
80,9,23.554323
81,0,0.0
81,1,3.278635
81,10,25.392817
81,11,26.654049
81,12,27.695126
81,13,28.538452
81,14,29.20802
81,15,29.727875
81,16,30.120834
81,17,30.407902
81,18,30.607298
81,19,30.734856
81,2,6.5006533
81,20,30.803255
81,21,30.823204
81,22,30.802755
81,23,30.748898
81,24,30.666878
81,25,30.561811
81,26,30.437965
81,27,30.300024
81,28,30.15242
81,29,30.0
81,3,9.612333
81,4,12.56575
81,5,15.320638
81,6,17.846352
81,7,20.122139
81,8,22.137726
81,9,23.892086
82,0,0.0
82,1,3.3505235
82,10,25.875881
82,11,27.151188
82,12,28.20169
82,13,29.050476
82,14,29.721912
82,15,30.240198
82,16,30.628334
82,17,30.906895
82,18,31.094133
82,19,31.204948
82,2,6.6422973
82,20,31.252016
82,21,31.244875
82,22,31.191717
82,23,31.098515
82,24,30.971056
82,25,30.814037
82,26,30.632854
82,27,30.432701
82,28,30.21967
82,29,30.0
82,3,9.819816
82,4,12.833418
82,5,15.641998
82,6,18.214016
82,7,20.528898
82,8,22.576271
82,9,24.355942
83,0,0.0
83,1,3.4490683
83,10,26.527489
83,11,27.820606
83,12,28.88303
83,13,29.738499
83,14,30.412
83,15,30.928114
83,16,31.309662
83,17,31.577316
83,18,31.748383
83,19,31.837675
83,2,6.8364005
83,20,31.856398
83,21,31.814003
83,22,31.71712
83,23,31.57197
83,24,31.383282
83,25,31.156717
83,26,30.897732
83,27,30.613386
83,28,30.311222
83,29,30.0
83,3,10.103611
83,4,13.199088
83,5,16.079914
83,6,18.714157
83,7,21.080742
83,8,23.170158
83,9,24.98262
84,0,0.0
84,1,3.5825052
84,10,27.392143
84,11,28.707457
84,12,29.784266
84,13,30.647652
84,14,31.32332
84,15,31.836185
84,16,32.209347
84,17,32.46273
84,18,32.61354
84,19,32.674934
84,2,7.098828
84,20,32.657806
84,21,32.56948
84,22,32.41641
84,23,32.202904
84,24,31.9342
84,25,31.615171
84,26,31.253004
84,27,30.855837
84,28,30.434284
84,29,30.0
84,3,10.486852
84,4,13.691603
84,5,16.66854
84,6,19.384352
84,7,21.818508
84,8,23.961782
84,9,25.816185
85,0,0.0
85,1,3.7609932
85,10,28.52151
85,11,29.86317
85,12,30.956903
85,13,31.82911
85,14,32.506653
85,15,33.015102
85,16,33.377293
85,17,33.613167
85,18,33.73833
85,19,33.765488
85,2,7.4495482
85,20,33.70294
85,21,33.557373
85,22,33.33236
85,23,33.031975
85,24,32.6594
85,25,32.220577
85,26,31.722761
85,27,31.177208
85,28,30.59744
85,29,30.0
85,3,10.997747
85,4,14.3467045
85,5,17.448774
85,6,20.27016
85,7,22.790104
85,8,25.001383
85,9,26.907429
86,0,0.0
86,1,3.997356
86,10,29.973106
86,11,31.345234
86,12,32.457638
86,13,33.3391
86,14,34.017815
86,15,34.51995
86,16,34.8687
86,17,35.08281
86,18,35.177425
86,19,35.162483
86,2,7.913024
86,20,35.04525
86,21,34.828644
86,22,34.51512
86,23,34.105137
86,24,33.601704
86,25,33.009033
86,26,32.336647
86,27,31.597761
86,28,30.811401
86,29,30.0
86,3,11.671383
86,4,15.207272
86,5,18.470203
86,6,21.424778
86,7,24.051922
86,8,26.346071
86,9,28.314478
87,0,0.0
87,1,4.3075
87,10,31.81009
87,11,33.215176
87,12,34.347122
87,13,35.23719
87,14,35.91549
87,15,36.40922
87,16,36.74119
87,17,36.92994
87,18,36.98807
87,19,36.924294
87,2,8.520056
87,20,36.741577
87,21,36.440887
87,22,36.01951
87,23,35.476112
87,24,34.809505
87,25,34.02418
87,26,33.12925
87,27,32.142612
87,28,31.088915
87,29,30.0
87,3,12.5503845
87,4,16.325796
87,5,19.791061
87,6,22.910938
87,7,25.667747
87,8,28.060677
87,9,30.100945
88,0,0.0
88,1,4.711888
88,10,34.098427
88,11,35.537178
88,12,36.687286
88,13,37.583866
88,14,38.25922
88,15,38.74144
88,16,39.053726
88,17,39.212784
88,18,39.23012
88,19,39.110134
88,2,9.309019
88,20,38.853333
88,21,38.454403
88,22,37.907257
88,23,37.203686
88,24,36.339912
88,25,35.31612
88,26,34.143135
88,27,32.841747
88,28,31.446083
88,29,30.0
88,3,13.688116
88,4,17.7652
88,5,21.481045
88,6,24.800179
88,7,27.710125
88,8,30.215588
88,9,32.335823
89,0,0.0
89,1,5.236996
89,10,36.90554
89,11,38.37443
89,12,39.53868
89,13,40.437405
89,14,41.105675
89,15,41.57299
89,16,41.86192
89,17,41.988552
89,18,41.960705
89,19,41.780304
89,2,10.329758
89,20,41.441246
89,21,40.933815
89,22,40.242943
89,23,39.354855
89,24,38.256794
89,25,36.945606
89,26,35.42901
89,27,33.733334
89,28,31.902863
89,29,30.0
89,3,15.151028
89,4,19.603197
89,5,23.621754
89,6,27.17529
89,7,30.258389
89,8,32.88704
89,9,35.090065
9,0,0.0
9,1,2.3620782
9,10,18.425295
9,11,19.367107
9,12,20.15623
9,13,20.810368
9,14,21.350576
9,15,21.79832
9,16,22.17639
9,17,22.507416
9,18,22.81417
9,19,23.11943
9,2,4.68471
9,20,23.445461
9,21,23.814722
9,22,24.248207
9,23,24.765987
9,24,25.384033
9,25,26.113476
9,26,26.956049
9,27,27.902428
9,28,28.929083
9,29,30.0
9,3,6.930028
9,4,9.064765
9,5,11.059845
9,6,12.894059
9,7,14.551627
9,8,16.025787
9,9,17.314865
90,0,0.0
90,1,5.918977
90,10,40.295723
90,11,41.786415
90,12,42.956306
90,13,43.849968
90,14,44.505405
90,15,44.953148
90,16,45.215996
90,17,45.30749
90,18,45.233482
90,19,44.98986
90,2,11.64793
90,20,44.565994
90,21,43.942375
90,22,43.09639
90,23,42.001347
90,24,40.635437
90,25,38.984016
90,26,37.051476
90,27,34.865654
90,28,32.48598
90,29,30.0
90,3,17.02546
90,4,21.935305
90,5,26.311253
90,6,30.129421
90,7,33.399807
90,8,36.153442
90,9,38.43539
91,0,0.0
91,1,6.8089643
91,10,44.3274
91,11,45.82361
91,12,46.98569
91,13,47.863388
91,14,48.497894
91,15,48.921097
91,16,49.15473
91,17,49.211197
91,18,49.091614
91,19,48.78811
91,2,13.355011
91,20,48.281013
91,21,47.54307
91,22,46.53712
91,23,45.22349
91,24,43.561153
91,25,41.52076
91,26,39.09266
91,27,36.30484
91,28,33.232018
91,29,30.0
91,3,19.425385
91,4,24.88343
91,5,29.665985
91,6,33.769047
91,7,37.22632
91,8,40.094513
91,9,42.438904
92,0,0.0
92,1,7.9845552
92,10,49.04669
92,11,50.523624
92,12,51.657665
92,13,52.504444
92,14,53.10782
92,15,53.500202
92,16,53.703033
92,17,53.725597
92,18,53.566444
92,19,53.210636
92,2,15.58341
92,20,52.632263
92,21,51.790894
92,22,50.63613
92,23,49.105824
92,24,47.13591
92,25,44.66677
92,26,41.664898
92,27,38.144196
92,28,34.195892
92,29,30.0
92,3,22.508825
92,4,28.604305
92,5,33.8277
92,6,38.212334
92,7,41.834225
92,8,44.785213
92,9,47.16014
93,0,0.0
93,1,9.571203
93,10,54.483105
93,11,55.90477
93,12,56.983986
93,13,57.780476
93,14,58.34
93,15,58.695183
93,16,58.865677
93,17,58.85924
93,18,58.66965
93,19,58.27809
93,2,18.537148
93,20,57.649055
93,21,56.73224
93,22,55.45769
93,23,53.73994
93,24,51.477505
93,25,48.56754
93,26,44.924942
93,27,40.526573
93,28,35.465137
93,29,30.0
93,3,26.500835
93,4,33.305717
93,5,38.96639
93,6,43.590088
93,7,47.31739
93,8,50.29187
93,9,52.643017
94,0,0.0
94,1,11.789952
94,10,60.6414
94,11,61.961723
94,12,62.952248
94,13,63.675278
94,14,64.1765
94,15,64.48719
94,16,64.6257
94,17,64.59667
94,18,64.39198
94,19,63.987255
94,2,22.546822
94,20,63.342117
94,21,62.39395
94,22,61.057224
94,23,59.215836
94,24,56.724827
94,25,53.411896
94,26,49.10383
94,27,43.68156
94,28,37.193863
94,29,30.0
94,3,31.734118
94,4,39.26239
94,5,45.284775
94,6,50.037834
94,7,53.760784
94,8,56.66126
94,9,58.909912
95,0,0.0
95,1,15.067747
95,10,67.496216
95,11,68.65939
95,12,69.52262
95,13,70.14623
95,14,70.57336
95,15,70.83275
95,16,70.93984
95,17,70.897964
95,18,70.69624
95,19,70.30951
95,2,28.17885
95,20,69.69273
95,21,68.77843
95,22,67.46616
95,23,65.61522
95,24,63.02868
95,25,59.445915
95,26,54.544895
95,27,48.00305
95,28,39.679333
95,29,30.0
95,3,38.705814
95,4,46.833153
95,5,53.008823
95,6,57.68279
95,7,61.22308
95,8,63.91007
95,9,65.95031
96,0,0.0
96,1,20.325893
96,10,74.98419
96,11,75.93012
96,12,76.62514
96,13,77.122856
96,14,77.46039
96,15,77.66165
96,16,77.73939
96,17,77.69474
96,18,77.5176
96,19,77.18302
96,2,36.442307
96,20,76.64908
96,21,75.84821
96,22,74.6788
96,23,72.985214
96,24,70.53286
96,25,66.9649
96,26,61.755623
96,27,54.192932
96,28,43.56447
96,29,30.0
96,3,48.149277
96,4,56.452137
96,5,62.35751
96,6,66.609695
96,7,69.71412
96,8,72.006424
96,9,73.71201
97,0,0.0
97,1,29.81286
97,10,83.00089
97,11,83.6713
97,12,84.16011
97,13,84.50773
97,14,84.74165
97,15,84.879364
97,16,84.92951
97,17,84.89278
97,18,84.76035
97,19,84.51311
97,2,49.15438
97,20,84.116745
97,21,83.51675
97,22,82.62536
97,23,81.30236
97,24,79.31397
97,25,76.25891
97,26,71.42144
97,27,63.518032
97,28,50.420357
97,29,30.0
97,3,61.055607
97,4,68.54821
97,5,73.45919
97,6,76.80582
97,7,79.15921
97,8,80.85286
97,9,82.090065
98,0,0.0
98,1,49.785023
98,10,91.39981
98,11,91.74816
98,12,92.00081
98,13,92.1797
98,14,92.29954
98,15,92.369446
98,16,92.394035
98,17,92.37327
98,18,92.30247
98,19,92.17067
98,2,69.33438
98,20,91.95902
98,21,91.63599
98,22,91.15039
98,23,90.41507
98,24,89.27478
98,25,87.42763
98,26,84.22452
98,27,78.085266
98,28,64.62331
98,29,30.0
98,3,78.412575
98,4,83.28195
98,5,86.19627
98,6,88.08057
98,7,89.36459
98,8,90.270386
98,9,90.92347
99,0,0.0
99,1,100.0
99,10,100.0
99,11,100.0
99,12,100.0
99,13,100.0
99,14,100.0
99,15,100.0
99,16,100.0
99,17,100.0
99,18,100.0
99,19,100.0
99,2,100.0
99,20,100.0
99,21,100.0
99,22,100.0
99,23,100.0
99,24,100.0
99,25,100.0
99,26,100.0
99,27,100.0
99,28,100.0
99,29,30.0
99,3,100.0
99,4,100.0
99,5,100.0
99,6,100.0
99,7,100.0
99,8,100.0
99,9,100.0
