0,0,0.0
0,1,0.0
0,10,0.0
0,11,0.0
0,12,0.0
0,13,0.0
0,14,0.0
0,15,30.0
0,2,0.0
0,3,0.0
0,4,0.0
0,5,0.0
0,6,0.0
0,7,0.0
0,8,0.0
0,9,0.0
1,0,0.0
1,1,2.4681826
1,10,8.789309
1,11,9.031443
1,12,9.700138
1,13,11.459083
1,14,16.234093
1,15,30.0
1,2,4.627842
1,3,6.307578
1,4,7.4274135
1,5,8.099361
1,6,8.435761
1,7,8.590151
1,8,8.653771
1,9,8.697982
10,0,0.0
10,1,10.402277
10,10,34.20009
10,11,34.035107
10,12,33.624596
10,13,32.863495
10,14,31.611645
10,15,30.0
10,2,19.27797
10,3,25.814833
10,4,30.034801
10,5,32.400494
10,6,33.562313
10,7,34.04977
10,8,34.22055
10,9,34.256004
11,0,0.0
11,1,12.77465
11,10,39.33162
11,11,38.96295
11,12,38.14907
11,13,36.488632
11,14,33.743004
11,15,30.0
11,2,23.22401
11,3,30.587372
11,4,35.12175
11,5,37.60383
11,6,38.78395
11,7,39.27503
11,8,39.43984
11,9,39.44641
12,0,0.0
12,1,17.61617
12,10,48.21999
12,11,47.6436
12,12,46.218864
12,13,43.28778
12,14,37.916008
12,15,30.0
12,2,30.809273
12,3,39.26793
12,4,44.151367
12,5,46.6682
12,6,47.83816
12,7,48.306458
12,8,48.45276
12,9,48.435665
13,0,0.0
13,1,27.398651
13,10,61.69731
13,11,60.95042
13,12,59.11648
13,13,54.8416
13,14,45.939564
13,15,30.0
13,2,44.195198
13,3,53.421738
13,4,58.169785
13,5,60.47139
13,6,61.480316
13,7,61.877098
13,8,61.993137
13,9,61.944996
14,0,0.0
14,1,48.354546
14,10,79.4872
14,11,78.925964
14,12,77.36626
14,13,73.26213
14,14,62.120457
14,15,30.0
14,2,66.43089
14,3,73.973694
14,4,77.32193
14,5,78.79725
14,6,79.421135
14,7,79.65558
14,8,79.7192
14,9,79.68336
15,0,0.0
15,1,100.0
15,10,100.0
15,11,100.0
15,12,100.0
15,13,100.0
15,14,100.0
15,15,30.0
15,2,100.0
15,3,100.0
15,4,100.0
15,5,100.0
15,6,100.0
15,7,100.0
15,8,100.0
15,9,100.0
2,0,0.0
2,1,4.6278462
2,10,16.412228
2,11,16.735022
2,12,17.521456
2,13,19.353603
2,14,23.168762
2,15,30.0
2,2,8.707206
2,3,11.826715
2,4,13.954387
2,5,15.186298
2,6,15.82808
2,7,16.105772
2,8,16.221811
2,9,16.292755
3,0,0.0
3,1,6.307638
3,10,22.187447
3,11,22.43794
3,12,23.04908
3,13,24.30531
3,14,26.607475
3,15,30.0
3,2,11.826801
3,3,16.098146
3,4,18.945705
3,5,20.63566
3,6,21.48108
3,7,21.859463
3,8,22.00576
3,9,22.07859
4,0,0.0
4,1,7.4278855
4,10,25.997274
4,11,26.158955
4,12,26.508282
4,13,27.219849
4,14,28.39624
4,15,30.0
4,2,13.955227
4,3,18.946583
4,4,22.317755
4,5,24.269478
4,6,25.26727
4,7,25.696127
4,8,25.860939
4,9,25.92973
5,0,0.0
5,1,8.102451
5,10,28.201445
5,11,28.275791
5,12,28.451967
5,13,28.77707
5,14,29.311817
5,15,30.0
5,2,15.191541
5,3,20.642204
5,4,24.275486
5,5,26.401852
5,6,27.465034
5,7,27.928144
5,8,28.098928
5,9,28.158726
6,0,0.0
6,1,8.4507065
6,10,29.32485
6,11,29.358248
6,12,29.421577
6,13,29.550755
6,14,29.74632
6,15,30.0
6,2,15.855085
6,3,21.514454
6,4,25.303246
6,5,27.495667
6,6,28.599302
6,7,29.072323
6,8,29.24615
6,9,29.302382
7,0,0.0
7,1,8.652218
7,10,29.91775
7,11,29.922728
7,12,29.933922
7,13,29.94635
7,14,29.971844
7,15,30.0
7,2,16.21495
7,3,21.999826
7,4,25.84906
7,5,28.081264
7,6,29.195747
7,7,29.67468
7,8,29.848919
7,9,29.90216
8,0,0.0
8,1,8.864287
8,10,30.487026
8,11,30.472105
8,12,30.421589
8,13,30.333147
8,14,30.183918
8,15,30.0
8,2,16.60175
8,3,22.48749
8,4,26.398436
8,5,28.65054
8,6,29.775166
8,7,30.255476
8,8,30.429714
8,9,30.481583
9,0,0.0
9,1,9.324775
9,10,31.637154
9,11,31.566448
9,12,31.413275
9,13,31.099676
9,14,30.620388
9,15,30.0
9,2,17.404003
9,3,23.506151
9,4,27.511442
9,5,29.80797
9,6,30.942902
9,7,31.427048
9,8,31.600872
9,9,31.64598
