0,0,0.0
0,1,0.0
0,10,0.0
0,11,0.0
0,12,0.0
0,13,0.0
0,14,0.0
0,15,0.0
0,16,0.0
0,17,0.0
0,18,0.0
0,19,0.0
0,2,0.0
0,20,0.0
0,21,0.0
0,22,0.0
0,23,0.0
0,24,0.0
0,25,0.0
0,26,0.0
0,27,0.0
0,28,0.0
0,29,30.0
0,3,0.0
0,4,0.0
0,5,0.0
0,6,0.0
0,7,0.0
0,8,0.0
0,9,0.0
1,0,0.0
1,1,0.35867116
1,10,2.731251
1,11,2.8608732
1,12,2.9679942
1,13,3.0559747
1,14,3.1289272
1,15,3.1911054
1,16,3.2473805
1,17,3.3031704
1,18,3.364925
1,19,3.4408104
1,2,0.7107065
1,20,3.5416389
1,21,3.683047
1,22,3.8885698
1,23,4.196815
1,24,4.675253
1,25,5.454048
1,26,6.8119836
1,27,9.426846
1,28,15.179077
1,29,30.0
1,3,1.0497189
1,4,1.3702672
1,5,1.6675544
1,6,1.9383836
1,7,2.1803465
1,8,2.3928387
1,9,2.575922
10,0,0.0
10,1,2.7277865
10,10,20.74395
10,11,21.717648
10,12,22.512922
10,13,23.154068
10,14,23.665615
10,15,24.07341
10,16,24.402119
10,17,24.675734
10,18,24.91689
10,19,25.146673
10,2,5.404608
10,20,25.385288
10,21,25.650913
10,22,25.960924
10,23,26.329529
10,24,26.768673
10,25,27.284557
10,26,27.877838
10,27,28.540325
10,28,29.255825
10,29,30.0
10,3,7.9828057
10,4,10.419176
10,5,12.6793375
10,6,14.7361555
10,7,16.574055
10,8,18.185003
10,9,19.572058
11,0,0.0
11,1,2.855183
11,10,21.709768
11,11,22.726961
11,12,23.557472
11,13,24.225016
11,14,24.755898
11,15,25.175695
11,16,25.509819
11,17,25.78193
11,18,26.014027
11,19,26.226418
11,2,5.657236
11,20,26.43713
11,21,26.662836
11,22,26.91738
11,23,27.212942
11,24,27.557674
11,25,27.956593
11,26,28.408932
11,27,28.909008
11,28,29.44482
11,29,30.0
11,3,8.355553
11,4,10.906016
11,5,13.2711315
11,6,15.424252
11,7,17.347073
11,8,19.03323
11,9,20.48378
12,0,0.0
12,1,2.958825
12,10,22.493708
12,11,23.546692
12,12,24.404928
12,13,25.093931
12,14,25.639572
12,15,26.068502
12,16,26.40582
12,17,26.675215
12,18,26.89822
12,19,27.093962
12,2,5.86236
12,20,27.279627
12,21,27.469591
12,22,27.67652
12,23,27.909779
12,24,28.17663
12,25,28.480206
12,26,28.820595
12,27,29.193209
12,28,29.59014
12,29,30.0
12,3,8.658766
12,4,11.301306
12,5,13.75243
12,6,15.982929
12,7,17.975563
12,8,19.721865
12,9,21.224714
13,0,0.0
13,1,3.0413866
13,10,23.11864
13,11,24.19937
13,12,25.07996
13,13,25.785332
13,14,26.342571
13,15,26.777985
13,16,27.117119
13,17,27.383337
13,18,27.597687
13,19,27.778812
13,2,6.026104
13,20,27.942482
13,21,28.102402
13,22,28.269228
13,23,28.451735
13,24,28.6554
13,25,28.88359
13,26,29.13612
13,27,29.41043
13,28,29.70086
13,29,30.0
13,3,8.900304
13,4,11.616798
13,5,14.135824
13,6,16.428703
13,7,18.476185
13,8,20.271114
13,9,21.814829
14,0,0.0
14,1,3.1060588
14,10,23.606886
14,11,24.709677
14,12,25.607132
14,13,26.32539
14,14,26.891125
14,15,27.331322
14,16,27.671247
14,17,27.934248
14,18,28.141058
14,19,28.309555
14,2,6.1540704
14,20,28.455122
14,21,28.590107
14,22,28.72479
14,23,28.86649
14,24,29.020693
14,25,29.189991
14,26,29.375181
14,27,29.574429
14,28,29.784382
14,29,30.0
14,3,9.089482
14,4,11.863356
14,5,14.436031
14,6,16.777061
14,7,18.868046
14,8,20.70031
14,9,22.27652
15,0,0.0
15,1,3.1556406
15,10,23.981546
15,11,25.100744
15,12,26.011353
15,13,26.739037
15,14,27.311253
15,15,27.754688
15,16,28.094887
15,17,28.354954
15,18,28.55532
15,19,28.713614
15,2,6.252418
15,20,28.84438
15,21,28.959742
15,22,29.068882
15,23,29.179073
15,24,29.294949
15,25,29.419563
15,26,29.553675
15,27,29.696745
15,28,29.846529
15,29,30.0
15,3,9.234517
15,4,12.052805
15,5,14.666185
15,6,17.044653
15,7,19.16845
15,8,21.029846
15,9,22.63042
16,0,0.0
16,1,3.193029
16,10,24.263248
16,11,25.395046
16,12,26.315176
16,13,27.050053
16,14,27.626818
16,15,28.072586
16,16,28.412687
16,17,28.670216
16,18,28.865425
16,19,29.015503
16,2,6.3263817
16,20,29.13484
16,21,29.23481
16,22,29.324556
16,23,29.410591
16,24,29.497766
16,25,29.588787
16,26,29.68511
16,27,29.786572
16,28,29.892176
16,29,30.0
16,3,9.34387
16,4,12.195283
16,5,14.839666
16,6,17.245892
16,7,19.39479
16,8,21.277657
16,9,22.89693
17,0,0.0
17,1,3.220611
17,10,24.471298
17,11,25.612087
17,12,26.53939
17,13,27.279312
17,14,27.859451
17,15,28.306726
17,16,28.646614
17,17,28.90208
17,18,29.09319
17,19,29.23703
17,2,6.381098
17,20,29.347534
17,21,29.436031
17,22,29.511086
17,23,29.579313
17,24,29.645142
17,25,29.711645
17,26,29.780281
17,27,29.851608
17,28,29.925158
17,29,30.0
17,3,9.42454
17,4,12.300661
17,5,14.967642
17,6,17.394676
17,7,19.561758
17,8,21.460785
17,9,23.093512
18,0,0.0
18,1,3.2406294
18,10,24.621809
18,11,25.76927
18,12,26.701557
18,13,27.445204
18,14,28.027618
18,15,28.475946
18,16,28.815552
18,17,29.069376
18,18,29.25742
18,19,29.396507
18,2,6.4206896
18,20,29.500546
18,21,29.580471
18,22,29.644884
18,23,29.700031
18,24,29.750523
18,25,29.799273
18,26,29.848146
18,27,29.897884
18,28,29.94864
18,29,30.0
18,3,9.483079
18,4,12.37691
18,5,15.060481
18,6,17.502329
18,7,19.68283
18,8,21.593283
18,9,23.235977
19,0,0.0
19,1,3.2548366
19,10,24.72877
19,11,25.88079
19,12,26.81671
19,13,27.562866
19,14,28.146915
19,15,28.595898
19,16,28.935246
19,17,29.18784
19,18,29.373571
19,19,29.509247
19,2,6.448876
19,20,29.608524
19,21,29.682354
19,22,29.739056
19,23,29.784962
19,24,29.82449
19,25,29.860771
19,26,29.895668
19,27,29.930302
19,28,29.96506
19,29,30.0
19,3,9.524624
19,4,12.431181
19,5,15.126367
19,6,17.578922
19,7,19.768747
19,8,21.687502
19,9,23.33707
2,0,0.0
2,1,0.7106992
2,10,5.411268
2,11,5.6681595
2,12,5.880001
2,13,6.0541086
2,14,6.1979947
2,15,6.320378
2,16,6.4304595
2,17,6.5387635
2,18,6.6575756
2,19,6.8019905
2,2,1.4081272
2,20,6.992068
2,21,7.2553086
2,22,7.632544
2,23,8.186259
2,24,9.018583
2,25,10.302928
2,26,12.347328
2,27,15.7028885
2,28,21.282751
2,29,30.0
2,3,2.0799851
2,4,2.7149158
2,5,3.3041732
2,6,3.840516
2,7,4.3201737
2,8,4.7408905
2,9,5.1038384
20,0,0.0
20,1,3.2647583
20,10,24.803204
20,11,25.958498
20,12,26.896832
20,13,27.644781
20,14,28.229893
20,15,28.679317
20,16,29.018436
20,17,29.270111
20,18,29.454212
20,19,29.587408
20,2,6.4684944
20,20,29.683369
20,21,29.752838
20,22,29.804195
20,23,29.843582
20,24,29.875546
20,25,29.903128
20,26,29.928415
20,27,29.95259
20,28,29.97636
20,29,30.0
20,3,9.553633
20,4,12.468952
20,5,15.172358
20,6,17.632229
20,7,19.828693
20,8,21.753075
20,9,23.40756
21,0,0.0
21,1,3.2715304
21,10,24.854092
21,11,26.011526
21,12,26.951563
21,13,27.700672
21,14,28.28652
21,15,28.736208
21,16,29.075148
21,17,29.326176
21,18,29.509106
21,19,29.640612
21,2,6.4819326
21,20,29.734228
21,21,29.800743
21,22,29.848377
21,23,29.883354
21,24,29.910109
21,25,29.931816
21,26,29.950548
21,27,29.967674
21,28,29.983997
21,29,30.0
21,3,9.573432
21,4,12.49482
21,5,15.203747
21,6,17.66872
21,7,19.869606
21,8,21.797935
21,9,23.45567
22,0,0.0
22,1,3.2760806
22,10,24.888145
22,11,26.047068
22,12,26.988186
22,13,27.738096
22,14,28.324406
22,15,28.774271
22,16,29.113071
22,17,29.36364
22,18,29.545786
22,19,29.676113
22,2,6.490926
22,20,29.768175
22,21,29.832657
22,22,29.877823
22,23,29.90981
22,24,29.933113
22,25,29.95087
22,26,29.96526
22,27,29.97768
22,28,29.989063
22,29,30.0
22,3,9.586733
22,4,12.512129
22,5,15.224826
22,6,17.69314
22,7,19.897066
22,8,21.827957
22,9,23.487938
23,0,0.0
23,1,3.279066
23,10,24.910538
23,11,26.070385
23,12,27.012247
23,13,27.76265
23,14,28.349274
23,15,28.799232
23,16,29.137938
23,17,29.388203
23,18,29.569809
23,19,29.699368
23,2,6.496852
23,20,29.790379
23,21,29.853542
23,22,29.897057
23,23,29.927097
23,24,29.948116
23,25,29.963308
23,26,29.974844
23,27,29.984203
23,28,29.992367
23,29,30.0
23,3,9.595461
23,4,12.523534
23,5,15.238658
23,6,17.709219
23,7,19.915085
23,8,21.847712
23,9,23.509113
24,0,0.0
24,1,3.2809956
24,10,24.924942
24,11,26.085415
24,12,27.027725
24,13,27.778461
24,14,28.365267
24,15,28.815292
24,16,29.153927
24,17,29.403986
24,18,29.585249
24,19,29.714296
24,2,6.500664
24,20,29.804638
24,21,29.866932
24,22,29.909399
24,23,29.93817
24,24,29.957735
24,25,29.971268
24,26,29.980982
24,27,29.98838
24,28,29.994476
24,29,30.0
24,3,9.601099
24,4,12.53087
24,5,15.247589
24,6,17.719563
24,7,19.926714
24,8,21.86042
24,9,23.522768
25,0,0.0
25,1,3.2822125
25,10,24.934048
25,11,26.094893
25,12,27.037502
25,13,27.788431
25,14,28.37536
25,15,28.82542
25,16,29.16401
25,17,29.413937
25,18,29.594975
25,19,29.723705
25,2,6.50308
25,20,29.81361
25,21,29.875366
25,22,29.917156
25,23,29.945135
25,24,29.963776
25,25,29.976269
25,26,29.984837
25,27,29.990997
25,28,29.995806
25,29,30.0
25,3,9.604656
25,4,12.535515
25,5,15.253223
25,6,17.726109
25,7,19.934048
25,8,21.868458
25,9,23.53138
26,0,0.0
26,1,3.2829685
26,10,24.939678
26,11,26.100765
26,12,27.043545
26,13,27.794605
26,14,28.3816
26,15,28.831684
26,16,29.17024
26,17,29.420086
26,18,29.600986
26,19,29.729511
26,2,6.504574
26,20,29.819155
26,21,29.880564
26,22,29.921946
26,23,29.94943
26,24,29.9675
26,25,29.979351
26,26,29.98721
26,27,29.992615
26,28,29.99662
26,29,30.0
26,3,9.606865
26,4,12.538389
26,5,15.25672
26,6,17.73016
26,7,19.938599
26,8,21.873428
26,9,23.53672
27,0,0.0
27,1,3.283427
27,10,24.943098
27,11,26.104324
27,12,27.047215
27,13,27.798347
27,14,28.385387
27,15,28.83548
27,16,29.174019
27,17,29.423813
27,18,29.604624
27,19,29.733032
27,2,6.5054827
27,20,29.822506
27,21,29.883717
27,22,29.924839
27,23,29.952026
27,24,29.969753
27,25,29.981213
27,26,29.988647
27,27,29.99359
27,28,29.997116
27,29,30.0
27,3,9.608204
27,4,12.540138
27,5,15.258841
27,6,17.732622
27,7,19.941357
27,8,21.876451
27,9,23.539955
28,0,0.0
28,1,3.2837005
28,10,24.94513
28,11,26.106443
28,12,27.049397
28,13,27.80057
28,14,28.387636
28,15,28.837734
28,16,29.176262
28,17,29.426025
28,18,29.606787
28,19,29.735119
28,2,6.5060234
28,20,29.824501
28,21,29.88558
28,22,29.926561
28,23,29.953568
28,24,29.971085
28,25,29.982319
28,26,29.989496
28,27,29.99417
28,28,29.997408
28,29,30.0
28,3,9.609003
28,4,12.541176
28,5,15.260105
28,6,17.734085
28,7,19.943
28,8,21.878244
28,9,23.541885
29,0,0.0
29,1,3.2838597
29,10,24.946316
29,11,26.107677
29,12,27.050665
29,13,27.801865
29,14,28.388947
29,15,28.839048
29,16,29.177568
29,17,29.427313
29,18,29.608044
29,19,29.736334
29,2,6.506339
29,20,29.825657
29,21,29.88667
29,22,29.927559
29,23,29.954462
29,24,29.971863
29,25,29.98296
29,26,29.989992
29,27,29.994505
29,28,29.997578
29,29,30.0
29,3,9.609468
29,4,12.541784
29,5,15.26084
29,6,17.73494
29,7,19.943958
29,8,21.879295
29,9,23.543007
3,0,0.0
3,1,1.049688
3,10,7.992117
3,11,8.370895
3,12,8.683505
3,13,8.939626
3,14,9.15099
3,15,9.32961
3,16,9.489007
3,17,9.6438675
3,18,9.811118
3,19,10.011337
3,2,2.0799458
3,20,10.270353
3,21,10.623199
3,22,11.118057
3,23,11.825255
3,24,12.848013
3,25,14.341536
3,26,16.53284
3,27,19.72873
3,28,24.235867
3,29,30.0
3,3,3.0720875
3,4,4.0101633
3,5,4.880156
3,6,5.6726694
3,7,6.380682
3,8,7.00237
3,9,7.5379267
30,0,0.0
30,1,3.283951
30,10,24.946991
30,11,26.108381
30,12,27.051392
30,13,27.802605
30,14,28.38969
30,15,28.839798
30,16,29.178314
30,17,29.428047
30,18,29.608763
30,19,29.737026
30,2,6.50652
30,20,29.826319
30,21,29.887287
30,22,29.92813
30,23,29.954975
30,24,29.972305
30,25,29.983328
30,26,29.990273
30,27,29.994696
30,28,29.997675
30,29,30.0
30,3,9.6097355
30,4,12.54213
30,5,15.261263
30,6,17.735428
30,7,19.944508
30,8,21.879892
30,9,23.54365
31,0,0.0
31,1,3.284002
31,10,24.947372
31,11,26.108776
31,12,27.051796
31,13,27.803017
31,14,28.39011
31,15,28.840214
31,16,29.17873
31,17,29.42846
31,18,29.609165
31,19,29.737413
31,2,6.5066214
31,20,29.826687
31,21,29.887634
31,22,29.928448
31,23,29.955257
31,24,29.972553
31,25,29.98353
31,26,29.990433
31,27,29.994804
31,28,29.997728
31,29,30.0
31,3,9.609884
31,4,12.542326
31,5,15.261499
31,6,17.735703
31,7,19.944813
31,8,21.88023
31,9,23.544008
32,0,0.0
32,1,3.2840304
32,10,24.94758
32,11,26.10899
32,12,27.05202
32,13,27.803244
32,14,28.390339
32,15,28.840446
32,16,29.178959
32,17,29.428682
32,18,29.609383
32,19,29.737625
32,2,6.5066767
32,20,29.826889
32,21,29.887825
32,22,29.92862
32,23,29.955418
32,24,29.972689
32,25,29.983646
32,26,29.990517
32,27,29.994862
32,28,29.997759
32,29,30.0
32,3,9.609966
32,4,12.542432
32,5,15.261629
32,6,17.735853
32,7,19.944983
32,8,21.880413
32,9,23.544207
33,0,0.0
33,1,3.2840455
33,10,24.947691
33,11,26.109108
33,12,27.052137
33,13,27.803366
33,14,28.390463
33,15,28.840569
33,16,29.179083
33,17,29.428804
33,18,29.609499
33,19,29.737738
33,2,6.506707
33,20,29.826998
33,21,29.887924
33,22,29.928715
33,23,29.955498
33,24,29.972763
33,25,29.983702
33,26,29.990562
33,27,29.994892
33,28,29.997774
33,29,30.0
33,3,9.61001
33,4,12.54249
33,5,15.261698
33,6,17.735931
33,7,19.945072
33,8,21.880512
33,9,23.544312
34,0,0.0
34,1,3.2840533
34,10,24.94775
34,11,26.109167
34,12,27.0522
34,13,27.803432
34,14,28.390526
34,15,28.840633
34,16,29.179144
34,17,29.428867
34,18,29.60956
34,19,29.737797
34,2,6.506723
34,20,29.827053
34,21,29.88798
34,22,29.928762
34,23,29.955544
34,24,29.972797
34,25,29.983736
34,26,29.990585
34,27,29.994907
34,28,29.997784
34,29,30.0
34,3,9.610034
34,4,12.5425205
34,5,15.261735
34,6,17.735977
34,7,19.945118
34,8,21.880564
34,9,23.544369
35,0,0.0
35,1,3.2840579
35,10,24.94778
35,11,26.1092
35,12,27.052235
35,13,27.803467
35,14,28.390558
35,15,28.840666
35,16,29.17918
35,17,29.428898
35,18,29.609592
35,19,29.737827
35,2,6.506731
35,20,29.827084
35,21,29.888006
35,22,29.92879
35,23,29.955564
35,24,29.97282
35,25,29.98375
35,26,29.9906
35,27,29.994919
35,28,29.997787
35,29,30.0
35,3,9.610045
35,4,12.542536
35,5,15.261755
35,6,17.735996
35,7,19.945145
35,8,21.88059
35,9,23.5444
36,0,0.0
36,1,3.2840595
36,10,24.947796
36,11,26.109215
36,12,27.05225
36,13,27.803482
36,14,28.39058
36,15,28.840683
36,16,29.179193
36,17,29.428917
36,18,29.609608
36,19,29.737844
36,2,6.506735
36,20,29.827097
36,21,29.88802
36,22,29.9288
36,23,29.955578
36,24,29.972828
36,25,29.983759
36,26,29.990604
36,27,29.994923
36,28,29.997787
36,29,30.0
36,3,9.610052
36,4,12.542543
36,5,15.261765
36,6,17.73601
36,7,19.945156
36,8,21.880604
36,9,23.54441
37,0,0.0
37,1,3.2840607
37,10,24.9478
37,11,26.109224
37,12,27.052258
37,13,27.80349
37,14,28.390583
37,15,28.840694
37,16,29.179203
37,17,29.428923
37,18,29.60962
37,19,29.73785
37,2,6.5067377
37,20,29.827106
37,21,29.888025
37,22,29.928808
37,23,29.955582
37,24,29.972834
37,25,29.98376
37,26,29.99061
37,27,29.994923
37,28,29.997791
37,29,30.0
37,3,9.610054
37,4,12.542548
37,5,15.261768
37,6,17.736015
37,7,19.945162
37,8,21.880611
37,9,23.544415
38,0,0.0
38,1,3.284061
38,10,24.947805
38,11,26.109226
38,12,27.052261
38,13,27.803492
38,14,28.390587
38,15,28.840696
38,16,29.179207
38,17,29.428928
38,18,29.609621
38,19,29.737858
38,2,6.5067377
38,20,29.827106
38,21,29.888033
38,22,29.92881
38,23,29.955584
38,24,29.972836
38,25,29.983765
38,26,29.99061
38,27,29.994925
38,28,29.997791
38,29,30.0
38,3,9.610057
38,4,12.542549
38,5,15.26177
38,6,17.736015
38,7,19.945166
38,8,21.880611
38,9,23.54442
39,0,0.0
39,1,3.2840612
39,10,24.947807
39,11,26.10923
39,12,27.052263
39,13,27.803492
39,14,28.39059
39,15,28.840698
39,16,29.179209
39,17,29.42893
39,18,29.609623
39,19,29.737858
39,2,6.5067387
39,20,29.827112
39,21,29.888031
39,22,29.928814
39,23,29.955585
39,24,29.972836
39,25,29.983765
39,26,29.99061
39,27,29.994926
39,28,29.99779
39,29,30.0
39,3,9.610057
39,4,12.54255
39,5,15.261771
39,6,17.73602
39,7,19.945166
39,8,21.880615
39,9,23.544422
4,0,0.0
4,1,1.3701841
4,10,10.430432
4,11,10.924603
4,12,11.331387
4,13,11.664511
4,14,11.937986
4,15,12.167782
4,16,12.37038
4,17,12.564009
4,18,12.769031
4,19,13.009064
4,2,2.7147791
4,20,13.313429
4,21,13.718853
4,22,14.2744465
4,23,15.045052
4,24,16.118713
4,25,17.60984
4,26,19.658855
4,27,22.405905
4,28,25.913294
4,29,30.0
4,3,4.0100393
4,4,5.2340975
4,5,6.370028
4,6,7.403919
4,7,8.328413
4,8,9.139206
4,9,9.838434
40,0,0.0
40,1,3.2840612
40,10,24.947807
40,11,26.10923
40,12,27.052263
40,13,27.803493
40,14,28.39059
40,15,28.840698
40,16,29.179209
40,17,29.428932
40,18,29.609623
40,19,29.73786
40,2,6.5067377
40,20,29.82711
40,21,29.888033
40,22,29.92881
40,23,29.955585
40,24,29.972837
40,25,29.983765
40,26,29.990612
40,27,29.994923
40,28,29.997791
40,29,30.0
40,3,9.610057
40,4,12.54255
40,5,15.261772
40,6,17.736017
40,7,19.945166
40,8,21.880615
40,9,23.544422
41,0,0.0
41,1,3.284061
41,10,24.947807
41,11,26.10923
41,12,27.052265
41,13,27.803493
41,14,28.39059
41,15,28.840698
41,16,29.179209
41,17,29.42893
41,18,29.609627
41,19,29.737858
41,2,6.5067387
41,20,29.827112
41,21,29.888033
41,22,29.928814
41,23,29.955587
41,24,29.972836
41,25,29.983765
41,26,29.990608
41,27,29.994925
41,28,29.99779
41,29,30.0
41,3,9.610056
41,4,12.54255
41,5,15.261771
41,6,17.73602
41,7,19.945166
41,8,21.880615
41,9,23.544422
42,0,0.0
42,1,3.2840612
42,10,24.947805
42,11,26.10923
42,12,27.052261
42,13,27.803497
42,14,28.39059
42,15,28.8407
42,16,29.179209
42,17,29.428932
42,18,29.609623
42,19,29.737862
42,2,6.5067377
42,20,29.82711
42,21,29.888035
42,22,29.928814
42,23,29.955587
42,24,29.972837
42,25,29.983765
42,26,29.990608
42,27,29.994926
42,28,29.997791
42,29,30.0
42,3,9.610057
42,4,12.54255
42,5,15.261771
42,6,17.736017
42,7,19.945166
42,8,21.880615
42,9,23.544424
43,0,0.0
43,1,3.2840612
43,10,24.947807
43,11,26.109226
43,12,27.052265
43,13,27.803492
43,14,28.39059
43,15,28.840698
43,16,29.179209
43,17,29.42893
43,18,29.609627
43,19,29.737858
43,2,6.5067387
43,20,29.827114
43,21,29.888033
43,22,29.928814
43,23,29.955585
43,24,29.972837
43,25,29.983765
43,26,29.990612
43,27,29.994926
43,28,29.997791
43,29,30.0
43,3,9.610057
43,4,12.54255
43,5,15.261772
43,6,17.736017
43,7,19.945166
43,8,21.880615
43,9,23.54442
44,0,0.0
44,1,3.2840612
44,10,24.947807
44,11,26.10923
44,12,27.052263
44,13,27.803493
44,14,28.39059
44,15,28.840698
44,16,29.179209
44,17,29.428932
44,18,29.609623
44,19,29.737862
44,2,6.5067377
44,20,29.827108
44,21,29.888035
44,22,29.928812
44,23,29.955587
44,24,29.972837
44,25,29.983765
44,26,29.990612
44,27,29.994926
44,28,29.997791
44,29,30.0
44,3,9.610057
44,4,12.54255
44,5,15.261771
44,6,17.736017
44,7,19.945168
44,8,21.880615
44,9,23.544422
45,0,0.0
45,1,3.2840612
45,10,24.947807
45,11,26.10923
45,12,27.052263
45,13,27.803495
45,14,28.39059
45,15,28.840698
45,16,29.179209
45,17,29.42893
45,18,29.609627
45,19,29.737858
45,2,6.5067377
45,20,29.827112
45,21,29.88803
45,22,29.928814
45,23,29.955585
45,24,29.97284
45,25,29.983765
45,26,29.990612
45,27,29.994923
45,28,29.997791
45,29,30.0
45,3,9.610057
45,4,12.54255
45,5,15.261772
45,6,17.736017
45,7,19.945166
45,8,21.880615
45,9,23.544424
46,0,0.0
46,1,3.2840612
46,10,24.94781
46,11,26.10923
46,12,27.052265
46,13,27.803493
46,14,28.39059
46,15,28.840698
46,16,29.179209
46,17,29.428932
46,18,29.609623
46,19,29.737862
46,2,6.5067377
46,20,29.82711
46,21,29.888035
46,22,29.92881
46,23,29.955587
46,24,29.972837
46,25,29.983767
46,26,29.990612
46,27,29.994926
46,28,29.99779
46,29,30.0
46,3,9.610056
46,4,12.54255
46,5,15.261771
46,6,17.73602
46,7,19.945166
46,8,21.880617
46,9,23.544424
47,0,0.0
47,1,3.2840612
47,10,24.947807
47,11,26.10923
47,12,27.052263
47,13,27.803495
47,14,28.39059
47,15,28.840698
47,16,29.179209
47,17,29.42893
47,18,29.609625
47,19,29.737858
47,2,6.5067377
47,20,29.827112
47,21,29.888031
47,22,29.928814
47,23,29.955584
47,24,29.972837
47,25,29.983765
47,26,29.990612
47,27,29.994925
47,28,29.997791
47,29,30.0
47,3,9.610057
47,4,12.54255
47,5,15.261771
47,6,17.73602
47,7,19.945166
47,8,21.880615
47,9,23.544424
48,0,0.0
48,1,3.2840612
48,10,24.947807
48,11,26.109228
48,12,27.052265
48,13,27.803493
48,14,28.39059
48,15,28.8407
48,16,29.179209
48,17,29.42893
48,18,29.609623
48,19,29.737858
48,2,6.5067377
48,20,29.82711
48,21,29.888031
48,22,29.928812
48,23,29.95559
48,24,29.972836
48,25,29.983767
48,26,29.99061
48,27,29.994926
48,28,29.997791
48,29,30.0
48,3,9.610056
48,4,12.54255
48,5,15.261772
48,6,17.73602
48,7,19.945168
48,8,21.880615
48,9,23.544424
49,0,0.0
49,1,3.284061
49,10,24.947807
49,11,26.10923
49,12,27.052261
49,13,27.803495
49,14,28.39059
49,15,28.840702
49,16,29.17921
49,17,29.42893
49,18,29.609623
49,19,29.737858
49,2,6.5067377
49,20,29.82711
49,21,29.888033
49,22,29.928814
49,23,29.955585
49,24,29.97284
49,25,29.983765
49,26,29.990612
49,27,29.994925
49,28,29.997791
49,29,30.0
49,3,9.610056
49,4,12.54255
49,5,15.261772
49,6,17.736017
49,7,19.945168
49,8,21.880615
49,9,23.544422
5,0,0.0
5,1,1.6673691
5,10,12.691624
5,11,13.291667
5,12,13.785718
5,13,14.188755
5,14,14.518602
5,15,14.79323
5,16,15.032265
5,17,15.25621
5,18,15.487462
5,19,15.751498
5,2,3.3038445
5,20,16.077663
5,21,16.50218
5,22,17.068855
5,23,17.833076
5,24,18.861137
5,25,20.23036
5,26,22.017624
5,27,24.276398
5,28,26.987839
5,29,30.0
5,3,4.879767
5,4,6.369723
5,5,7.7515116
5,6,9.01009
5,7,10.134384
5,8,11.121339
5,9,11.971306
50,0,0.0
50,1,3.2840612
50,10,24.94781
50,11,26.10923
50,12,27.052263
50,13,27.803495
50,14,28.390594
50,15,28.8407
50,16,29.17921
50,17,29.428932
50,18,29.609623
50,19,29.73786
50,2,6.5067377
50,20,29.82711
50,21,29.888033
50,22,29.92881
50,23,29.955585
50,24,29.972836
50,25,29.983765
50,26,29.99061
50,27,29.994925
50,28,29.997791
50,29,30.0
50,3,9.610056
50,4,12.54255
50,5,15.261771
50,6,17.736017
50,7,19.945168
50,8,21.880615
50,9,23.544422
51,0,0.0
51,1,3.2840612
51,10,24.947807
51,11,26.10923
51,12,27.052265
51,13,27.803495
51,14,28.39059
51,15,28.840702
51,16,29.17921
51,17,29.428932
51,18,29.609625
51,19,29.737856
51,2,6.5067377
51,20,29.827114
51,21,29.88803
51,22,29.928814
51,23,29.955585
51,24,29.972837
51,25,29.983765
51,26,29.990608
51,27,29.994925
51,28,29.997791
51,29,30.0
51,3,9.610057
51,4,12.54255
51,5,15.261771
51,6,17.736017
51,7,19.945166
51,8,21.880615
51,9,23.544422
52,0,0.0
52,1,3.284061
52,10,24.947807
52,11,26.10923
52,12,27.052265
52,13,27.803495
52,14,28.390594
52,15,28.840698
52,16,29.17921
52,17,29.428932
52,18,29.609623
52,19,29.73786
52,2,6.5067387
52,20,29.82711
52,21,29.888035
52,22,29.928812
52,23,29.955587
52,24,29.972837
52,25,29.983765
52,26,29.990612
52,27,29.994926
52,28,29.997791
52,29,30.0
52,3,9.610056
52,4,12.54255
52,5,15.261771
52,6,17.736017
52,7,19.945166
52,8,21.880615
52,9,23.544422
53,0,0.0
53,1,3.2840612
53,10,24.947807
53,11,26.10923
53,12,27.052263
53,13,27.803495
53,14,28.39059
53,15,28.8407
53,16,29.17921
53,17,29.42893
53,18,29.609625
53,19,29.737858
53,2,6.5067377
53,20,29.827114
53,21,29.888031
53,22,29.928814
53,23,29.955585
53,24,29.97284
53,25,29.983765
53,26,29.990612
53,27,29.994926
53,28,29.997791
53,29,30.0
53,3,9.610057
53,4,12.54255
53,5,15.261771
53,6,17.736017
53,7,19.945166
53,8,21.880615
53,9,23.544422
54,0,0.0
54,1,3.2840612
54,10,24.947807
54,11,26.10923
54,12,27.052265
54,13,27.803493
54,14,28.390593
54,15,28.8407
54,16,29.179209
54,17,29.428932
54,18,29.609625
54,19,29.737858
54,2,6.506738
54,20,29.82711
54,21,29.888033
54,22,29.92881
54,23,29.955587
54,24,29.972836
54,25,29.983765
54,26,29.990612
54,27,29.994925
54,28,29.997791
54,29,30.0
54,3,9.610057
54,4,12.54255
54,5,15.261772
54,6,17.736017
54,7,19.945166
54,8,21.880615
54,9,23.544424
55,0,0.0
55,1,3.2840614
55,10,24.947807
55,11,26.10923
55,12,27.052265
55,13,27.803495
55,14,28.39059
55,15,28.840698
55,16,29.17921
55,17,29.42893
55,18,29.609623
55,19,29.73786
55,2,6.5067377
55,20,29.827112
55,21,29.888031
55,22,29.928814
55,23,29.955585
55,24,29.97284
55,25,29.983765
55,26,29.990612
55,27,29.994925
55,28,29.997791
55,29,30.0
55,3,9.610057
55,4,12.54255
55,5,15.261771
55,6,17.736017
55,7,19.945168
55,8,21.880615
55,9,23.544422
56,0,0.0
56,1,3.284061
56,10,24.947807
56,11,26.109228
56,12,27.052267
56,13,27.803495
56,14,28.390593
56,15,28.840698
56,16,29.179209
56,17,29.42893
56,18,29.609625
56,19,29.737856
56,2,6.5067387
56,20,29.827112
56,21,29.888033
56,22,29.928812
56,23,29.955587
56,24,29.972836
56,25,29.983765
56,26,29.99061
56,27,29.994925
56,28,29.997791
56,29,30.0
56,3,9.610056
56,4,12.542551
56,5,15.261771
56,6,17.736017
56,7,19.945168
56,8,21.880615
56,9,23.544422
57,0,0.0
57,1,3.284062
57,10,24.947807
57,11,26.10923
57,12,27.052265
57,13,27.803495
57,14,28.39059
57,15,28.840698
57,16,29.179209
57,17,29.42893
57,18,29.609623
57,19,29.737858
57,2,6.5067377
57,20,29.82711
57,21,29.888033
57,22,29.928812
57,23,29.955587
57,24,29.972836
57,25,29.983765
57,26,29.990612
57,27,29.994925
57,28,29.997791
57,29,30.0
57,3,9.610058
57,4,12.54255
57,5,15.261772
57,6,17.736017
57,7,19.945168
57,8,21.880615
57,9,23.544424
58,0,0.0
58,1,3.2840612
58,10,24.947807
58,11,26.10923
58,12,27.052267
58,13,27.803497
58,14,28.390593
58,15,28.8407
58,16,29.179209
58,17,29.42893
58,18,29.609625
58,19,29.737858
58,2,6.506739
58,20,29.827112
58,21,29.888033
58,22,29.928814
58,23,29.955585
58,24,29.972837
58,25,29.983765
58,26,29.99061
58,27,29.994925
58,28,29.997791
58,29,30.0
58,3,9.610057
58,4,12.542553
58,5,15.261771
58,6,17.73602
58,7,19.945166
58,8,21.880615
58,9,23.544422
59,0,0.0
59,1,3.284062
59,10,24.94781
59,11,26.109232
59,12,27.052269
59,13,27.803495
59,14,28.390594
59,15,28.8407
59,16,29.179213
59,17,29.428932
59,18,29.609627
59,19,29.737858
59,2,6.5067387
59,20,29.827112
59,21,29.888035
59,22,29.928812
59,23,29.955587
59,24,29.972837
59,25,29.983768
59,26,29.990608
59,27,29.994925
59,28,29.997791
59,29,30.0
59,3,9.610058
59,4,12.54255
59,5,15.261774
59,6,17.736017
59,7,19.94517
59,8,21.880615
59,9,23.544426
6,0,0.0
6,1,1.9380167
6,10,14.748518
6,11,15.4452505
6,12,16.017332
6,13,16.483465
6,14,16.862598
6,15,17.175802
6,16,17.444199
6,17,17.690136
6,18,17.937172
6,19,18.210625
6,2,3.8398352
6,20,18.539324
6,21,18.955503
6,22,19.497467
6,23,20.208088
6,24,21.135857
6,25,22.328579
6,26,23.825954
6,27,25.64046
6,28,27.734802
6,29,30.0
6,3,5.6717906
6,4,7.40302
6,5,9.009442
6,6,10.471495
6,7,11.778575
6,8,12.924702
6,9,13.912638
60,0,0.0
60,1,3.2840614
60,10,24.947811
60,11,26.109234
60,12,27.052267
60,13,27.803501
60,14,28.390594
60,15,28.840706
60,16,29.179213
60,17,29.428936
60,18,29.609629
60,19,29.737864
60,2,6.5067396
60,20,29.827114
60,21,29.888037
60,22,29.928814
60,23,29.955587
60,24,29.972843
60,25,29.983765
60,26,29.990612
60,27,29.994926
60,28,29.997791
60,29,30.0
60,3,9.610058
60,4,12.542553
60,5,15.261772
60,6,17.736021
60,7,19.945168
60,8,21.88062
60,9,23.544426
61,0,0.0
61,1,3.2840626
61,10,24.947815
61,11,26.109238
61,12,27.052273
61,13,27.803503
61,14,28.390602
61,15,28.840706
61,16,29.17922
61,17,29.42894
61,18,29.609634
61,19,29.737865
61,2,6.5067396
61,20,29.827118
61,21,29.888039
61,22,29.928818
61,23,29.955591
61,24,29.97284
61,25,29.98377
61,26,29.990612
61,27,29.994926
61,28,29.997791
61,29,30.0
61,3,9.610061
61,4,12.542554
61,5,15.261778
61,6,17.736023
61,7,19.945175
61,8,21.88062
61,9,23.54443
62,0,0.0
62,1,3.2840633
62,10,24.947824
62,11,26.109247
62,12,27.052282
62,13,27.803513
62,14,28.39061
62,15,28.840721
62,16,29.179228
62,17,29.428953
62,18,29.60964
62,19,29.737875
62,2,6.506743
62,20,29.827126
62,21,29.888044
62,22,29.928825
62,23,29.955597
62,24,29.972847
62,25,29.983772
62,26,29.990616
62,27,29.994928
62,28,29.997791
62,29,30.0
62,3,9.610063
62,4,12.542561
62,5,15.261782
62,6,17.736032
62,7,19.945179
62,8,21.88063
62,9,23.544437
63,0,0.0
63,1,3.2840662
63,10,24.947842
63,11,26.109264
63,12,27.0523
63,13,27.803534
63,14,28.390629
63,15,28.840738
63,16,29.179249
63,17,29.428968
63,18,29.609663
63,19,29.737892
63,2,6.5067472
63,20,29.82714
63,21,29.888062
63,22,29.928839
63,23,29.955612
63,24,29.972858
63,25,29.983784
63,26,29.990623
63,27,29.994934
63,28,29.997795
63,29,30.0
63,3,9.610071
63,4,12.542568
63,5,15.261795
63,6,17.736042
63,7,19.945198
63,8,21.880646
63,9,23.544456
64,0,0.0
64,1,3.284071
64,10,24.94788
64,11,26.109303
64,12,27.05234
64,13,27.80357
64,14,28.390669
64,15,28.840776
64,16,29.179287
64,17,29.429007
64,18,29.609697
64,19,29.737928
64,2,6.5067587
64,20,29.827177
64,21,29.888096
64,22,29.928867
64,23,29.955639
64,24,29.972881
64,25,29.983803
64,26,29.990639
64,27,29.994946
64,28,29.997799
64,29,30.0
64,3,9.6100855
64,4,12.542588
64,5,15.261816
64,6,17.736073
64,7,19.945225
64,8,21.88068
64,9,23.54449
65,0,0.0
65,1,3.2840817
65,10,24.94795
65,11,26.109379
65,12,27.052416
65,13,27.80365
65,14,28.390747
65,15,28.840855
65,16,29.179363
65,17,29.429083
65,18,29.609772
65,19,29.738
65,2,6.506778
65,20,29.827246
65,21,29.888159
65,22,29.928928
65,23,29.955688
65,24,29.972929
65,25,29.983839
65,26,29.990671
65,27,29.994965
65,28,29.997812
65,29,30.0
65,3,9.610115
65,4,12.542625
65,5,15.261864
65,6,17.736124
65,7,19.945286
65,8,21.880743
65,9,23.54456
66,0,0.0
66,1,3.2841012
66,10,24.94809
66,11,26.109522
66,12,27.052565
66,13,27.8038
66,14,28.3909
66,15,28.841007
66,16,29.179516
66,17,29.429232
66,18,29.609917
66,19,29.73814
66,2,6.506818
66,20,29.82738
66,21,29.888283
66,22,29.929043
66,23,29.955795
66,24,29.973017
66,25,29.983915
66,26,29.990725
66,27,29.995005
66,28,29.99783
66,29,30.0
66,3,9.610172
66,4,12.542701
66,5,15.261953
66,6,17.736229
66,7,19.9454
66,8,21.88087
66,9,23.544693
67,0,0.0
67,1,3.2841392
67,10,24.948359
67,11,26.109802
67,12,27.052849
67,13,27.80409
67,14,28.39119
67,15,28.841301
67,16,29.179802
67,17,29.429516
67,18,29.610193
67,19,29.738405
67,2,6.5068917
67,20,29.827633
67,21,29.888521
67,22,29.92926
67,23,29.95599
67,24,29.973188
67,25,29.984055
67,26,29.990833
67,27,29.995075
67,28,29.997868
67,29,30.0
67,3,9.610282
67,4,12.542843
67,5,15.262127
67,6,17.736425
67,7,19.945623
67,8,21.88111
67,9,23.544949
68,0,0.0
68,1,3.2842095
68,10,24.94886
68,11,26.11032
68,12,27.05338
68,13,27.804628
68,14,28.391733
68,15,28.84184
68,16,29.18034
68,17,29.430042
68,18,29.610706
68,19,29.738903
68,2,6.5070314
68,20,29.828108
68,21,29.888964
68,22,29.929668
68,23,29.956354
68,24,29.973501
68,25,29.984314
68,26,29.991032
68,27,29.995213
68,28,29.997936
68,29,30.0
68,3,9.610487
68,4,12.543109
68,5,15.262447
68,6,17.736797
68,7,19.946033
68,8,21.88156
68,9,23.545425
69,0,0.0
69,1,3.2843385
69,10,24.949774
69,11,26.111267
69,12,27.054348
69,13,27.80561
69,14,28.392723
69,15,28.842829
69,16,29.18132
69,17,29.431007
69,18,29.611649
69,19,29.739813
69,2,6.507286
69,20,29.828966
69,21,29.889774
69,22,29.93041
69,23,29.95702
69,24,29.97408
69,25,29.98479
69,26,29.991402
69,27,29.99546
69,28,29.998062
69,29,30.0
69,3,9.610863
69,4,12.543595
69,5,15.263035
69,6,17.737474
69,7,19.946789
69,8,21.882378
69,9,23.5463
7,0,0.0
7,1,2.1796641
7,10,16.585373
7,11,17.367125
7,12,18.00893
7,13,18.529785
7,14,18.951796
7,15,19.296873
7,16,19.588156
7,17,19.848757
7,18,20.102438
7,19,20.374249
7,2,4.3188887
7,20,20.690365
7,21,21.079926
7,22,21.573612
7,23,22.205164
7,24,23.007332
7,25,24.010015
7,26,25.230873
7,27,26.666922
7,28,28.28154
7,29,30.0
7,3,6.3789444
7,4,8.326468
7,5,10.13256
7,6,11.777342
7,7,13.24649
7,8,14.535732
7,9,15.645623
70,0,0.0
70,1,3.2845697
70,10,24.951414
70,11,26.11296
70,12,27.056084
70,13,27.80737
70,14,28.394495
70,15,28.844597
70,16,29.183075
70,17,29.432732
70,18,29.61333
70,19,29.741432
70,2,6.5077434
70,20,29.830515
70,21,29.89122
70,22,29.931744
70,23,29.95821
70,24,29.975113
70,25,29.985643
70,26,29.992058
70,27,29.995909
70,28,29.998287
70,29,30.0
70,3,9.611534
70,4,12.544468
70,5,15.264088
70,6,17.738688
70,7,19.948141
70,8,21.883846
70,9,23.547863
71,0,0.0
71,1,3.2849767
71,10,24.954287
71,11,26.115936
71,12,27.059128
71,13,27.81046
71,14,28.397602
71,15,28.847702
71,16,29.186153
71,17,29.43576
71,18,29.61628
71,19,29.74428
71,2,6.5085464
71,20,29.833221
71,21,29.893763
71,22,29.934076
71,23,29.960304
71,24,29.976921
71,25,29.987144
71,26,29.99321
71,27,29.996693
71,28,29.998684
71,29,30.0
71,3,9.612717
71,4,12.546001
71,5,15.26594
71,6,17.740822
71,7,19.950516
71,8,21.886427
71,9,23.550608
72,0,0.0
72,1,3.285678
72,10,24.959234
72,11,26.12105
72,12,27.064362
72,13,27.815767
72,14,28.402946
72,15,28.853037
72,16,29.191444
72,17,29.44096
72,18,29.621355
72,19,29.749166
72,2,6.5099325
72,20,29.837885
72,21,29.898129
72,22,29.938091
72,23,29.963898
72,24,29.980042
72,25,29.989717
72,26,29.995197
72,27,29.998041
72,28,29.999367
72,29,30.0
72,3,9.614753
72,4,12.548642
72,5,15.269129
72,6,17.744495
72,7,19.954605
72,8,21.890865
72,9,23.55533
73,0,0.0
73,1,3.2868643
73,10,24.967575
73,11,26.129671
73,12,27.073187
73,13,27.824715
73,14,28.411943
73,15,28.862026
73,16,29.200352
73,17,29.44973
73,18,29.629894
73,19,29.757414
73,2,6.5122757
73,20,29.84573
73,21,29.905493
73,22,29.944855
73,23,29.969969
73,24,29.985294
73,25,29.994072
73,26,29.998543
73,27,30.00032
73,28,30.000519
73,29,30.0
73,3,9.6181965
73,4,12.553107
73,5,15.274516
73,6,17.750696
73,7,19.961508
73,8,21.898354
73,9,23.563293
74,0,0.0
74,1,3.2888327
74,10,24.981367
74,11,26.143925
74,12,27.087763
74,13,27.839493
74,14,28.426811
74,15,28.87687
74,16,29.215073
74,17,29.464203
74,18,29.644012
74,19,29.771025
74,2,6.516162
74,20,29.85871
74,21,29.917654
74,22,29.95605
74,23,29.979998
74,24,29.994
74,25,30.00126
74,26,30.004093
74,27,30.004084
74,28,30.002426
74,29,30.0
74,3,9.623908
74,4,12.560507
74,5,15.283445
74,6,17.76097
74,7,19.972939
74,8,21.910748
74,9,23.576473
75,0,0.0
75,1,3.292035
75,10,25.003727
75,11,26.167023
75,12,27.111378
75,13,27.863426
75,14,28.450876
75,15,28.900906
75,16,29.238892
75,17,29.487644
75,18,29.66686
75,19,29.793089
75,2,6.5224886
75,20,29.879719
75,21,29.93738
75,22,29.974182
75,23,29.996273
75,24,30.008102
75,25,30.012947
75,26,30.01308
75,27,30.010204
75,28,30.005518
75,29,30.0
75,3,9.633197
75,4,12.572545
75,5,15.297956
75,6,17.777664
75,7,19.991493
75,8,21.930862
75,9,23.597847
76,0,0.0
76,1,3.297153
76,10,25.039276
76,11,26.203732
76,12,27.14889
76,13,27.90143
76,14,28.489094
76,15,28.939053
76,16,29.27672
76,17,29.524843
76,18,29.703156
76,19,29.828108
76,2,6.5325866
76,20,29.91312
76,21,29.968708
76,22,30.003035
76,23,30.022142
76,24,30.03057
76,25,30.031523
76,26,30.027416
76,27,30.019941
76,28,30.010452
76,29,30.0
76,3,9.648031
76,4,12.591746
76,5,15.321107
76,6,17.804262
76,7,20.021057
76,8,21.962877
76,9,23.63185
77,0,0.0
77,1,3.3051734
77,10,25.094715
77,11,26.260927
77,12,27.207321
77,13,27.96061
77,14,28.548578
77,15,28.998447
77,16,29.335583
77,17,29.582779
77,18,29.759651
77,19,29.88268
77,2,6.5484247
77,20,29.965136
77,21,30.017578
77,22,30.048
77,23,30.062546
77,24,30.06561
77,25,30.06057
77,26,30.049793
77,27,30.03518
77,28,30.018158
77,29,30.0
77,3,9.671266
77,4,12.62183
77,5,15.357323
77,6,17.845875
77,7,20.067242
77,8,22.012877
77,9,23.6849
78,0,0.0
78,1,3.3175287
78,10,25.179497
78,11,26.348377
78,12,27.296585
78,13,28.05098
78,14,28.639406
78,15,29.089092
78,16,29.425465
78,17,29.6712
78,18,29.845959
78,19,29.966017
78,2,6.5727906
78,20,30.044685
78,21,30.09227
78,22,30.11686
78,23,30.124355
78,24,30.119345
78,25,30.10506
78,26,30.08414
78,27,30.058535
78,28,30.029993
78,29,30.0
78,3,9.707026
78,4,12.668059
78,5,15.412981
78,6,17.909723
78,7,20.138088
78,8,22.089462
78,9,23.766125
79,0,0.0
79,1,3.336205
79,10,25.306755
79,11,26.479477
79,12,27.430363
79,13,28.186344
79,14,28.775398
79,15,29.224823
79,16,29.559998
79,17,29.803644
79,18,29.975191
79,19,30.090958
79,2,6.609642
79,20,30.163902
79,21,30.204407
79,22,30.220184
79,23,30.217308
79,24,30.20008
79,25,30.172056
79,26,30.135813
79,27,30.093742
79,28,30.04781
79,29,30.0
79,3,9.76103
79,4,12.737881
79,5,15.496893
79,6,18.005955
79,7,20.244686
79,8,22.204643
79,9,23.8881
8,0,0.0
8,1,2.3916318
8,10,18.194107
8,11,19.050814
8,12,19.752321
8,13,20.32077
8,14,20.778515
8,15,21.149727
8,16,21.457975
8,17,21.727102
8,18,21.980774
8,19,22.242544
8,2,4.738586
8,20,22.536911
8,21,22.888256
8,22,23.322418
8,23,23.863892
8,24,24.536179
8,25,25.356285
8,26,26.332088
8,27,27.454535
8,28,28.694342
8,29,30.0
8,3,6.9992013
8,4,9.13549
8,5,11.117529
8,6,12.921342
8,7,14.5335655
8,8,15.946978
8,9,17.164627
80,0,0.0
80,1,3.3639708
80,10,25.494099
80,11,26.672377
80,12,27.627003
80,13,28.385223
80,14,28.97514
80,15,29.424118
80,16,29.757608
80,17,29.998133
80,18,30.165161
80,19,30.274574
80,2,6.664357
80,20,30.339386
80,21,30.369427
80,22,30.372547
80,23,30.354317
80,24,30.319359
80,25,30.27097
80,26,30.21227
80,27,30.145784
80,28,30.074194
80,29,30.0
80,3,9.841223
80,4,12.841376
80,5,15.621235
80,6,18.14828
80,7,20.40224
80,8,22.37458
80,9,24.067932
81,0,0.0
81,1,3.4045167
81,10,25.764864
81,11,26.95079
81,12,27.910635
81,13,28.671883
81,14,29.262909
81,15,29.711243
81,16,30.04223
81,17,30.27846
81,18,30.438934
81,19,30.539562
81,2,6.744278
81,20,30.592625
81,21,30.608025
81,22,30.592825
81,23,30.552853
81,24,30.492157
81,25,30.414604
81,26,30.32323
81,27,30.22147
81,28,30.112526
81,29,30.0
81,3,9.958162
81,4,12.992241
81,5,15.802115
81,6,18.355152
81,7,20.630772
81,8,22.620838
81,9,24.328058
82,0,0.0
82,1,3.4627995
82,10,26.148819
82,11,27.345215
82,12,28.311989
82,13,29.077255
82,14,29.669693
82,15,30.116962
82,16,30.444561
82,17,30.674675
82,18,30.82632
82,19,30.914547
82,2,6.8589964
82,20,30.951618
82,21,30.946333
82,22,30.905867
82,23,30.835045
82,24,30.738382
82,25,30.619259
82,26,30.481707
82,27,30.329508
82,28,30.167343
82,29,30.0
82,3,10.125964
82,4,13.208273
82,5,16.060883
82,6,18.650408
82,7,20.956543
82,8,22.971088
82,9,24.697596
83,0,0.0
83,1,3.545197
83,10,26.683456
83,11,27.893507
83,12,28.869373
83,13,29.63972
83,14,30.233791
83,15,30.679562
83,16,31.002352
83,17,31.224415
83,18,31.36388
83,19,31.43571
83,2,7.021158
83,20,31.450758
83,21,31.417751
83,22,31.34232
83,23,31.229513
83,24,31.082733
83,25,30.90623
83,26,30.703936
83,27,30.48135
83,28,30.244343
83,29,30.0
83,3,10.362696
83,4,13.512728
83,5,16.424633
83,6,19.064812
83,7,21.412556
83,8,23.460594
83,9,25.212852
84,0,0.0
84,1,3.660016
84,10,27.41415
84,11,28.641802
84,12,29.628963
84,13,30.405548
84,14,31.00143
84,15,31.444866
84,16,31.761398
84,17,31.972563
84,18,32.09638
84,19,32.14621
84,2,7.246756
84,20,32.132645
84,21,32.0623
84,22,31.940666
84,23,31.770824
84,24,31.556667
84,25,31.30149
84,26,31.010864
84,27,30.691082
84,28,30.350906
84,29,30.0
84,3,10.691703
84,4,13.934733
84,5,16.927902
84,6,19.636402
84,7,22.04023
84,8,24.132406
84,9,25.918684
85,0,0.0
85,1,3.8176775
85,10,28.395039
85,11,29.644154
85,12,30.645052
85,13,31.428822
85,14,32.026398
85,15,32.466595
85,16,32.77468
85,17,32.972168
85,18,33.07553
85,19,33.09771
85,2,7.5563064
85,20,33.04673
85,21,32.928642
85,22,32.746017
85,23,32.50177
85,24,32.197563
85,25,31.837753
85,26,31.427685
85,27,30.976667
85,28,30.496002
85,29,30.0
85,3,11.141987
85,4,14.511113
85,5,17.6129
85,6,20.412342
85,7,22.88927
85,8,25.038843
85,9,26.868128
86,0,0.0
86,1,4.031518
86,10,29.687908
86,11,30.962612
86,12,31.979084
86,13,32.77068
86,14,33.369514
86,15,33.804928
86,16,34.10247
86,17,34.282463
86,18,34.36093
86,19,34.348076
86,2,7.975256
86,20,34.25098
86,21,34.071907
86,22,33.81243
86,23,33.471676
86,24,33.05125
86,25,32.55348
86,26,31.985966
86,27,31.359585
86,28,30.690992
86,29,30.0
86,3,11.750147
86,4,15.286683
86,5,18.53167
86,6,21.448645
86,7,24.019382
86,8,26.24062
86,9,28.123325
87,0,0.0
87,1,4.318177
87,10,31.362135
87,11,32.6652
87,12,33.698532
87,13,34.4977
87,14,35.09663
87,15,35.525562
87,16,35.809593
87,17,35.968826
87,18,36.016735
87,19,35.962387
87,2,8.535919
87,20,35.808533
87,21,35.555656
87,22,35.20002
87,23,34.73916
87,24,34.170166
87,25,33.495796
87,26,32.722816
87,27,31.866772
87,28,30.94949
87,29,30.0
87,3,12.560984
87,4,16.316895
87,5,19.745964
87,6,22.812307
87,7,25.499062
87,8,27.80793
87,9,29.753618
88,0,0.0
88,1,4.69912
88,10,33.491577
88,11,34.82453
88,12,35.874
88,13,36.67934
88,14,37.276386
88,15,37.69619
88,16,37.96414
88,17,38.098465
88,18,38.111595
88,19,38.008232
88,2,9.2785845
88,20,37.788868
88,21,37.447548
88,22,36.977448
88,23,36.368927
88,24,35.616764
88,25,34.71897
88,26,33.68419
88,27,32.530354
88,28,31.288761
88,29,30.0
88,3,13.630805
88,4,17.668396
88,5,21.330223
88,6,24.580235
88,7,27.407145
88,8,29.81794
88,9,31.835518
89,0,0.0
89,1,5.201964
89,10,36.1531
89,11,37.51355
89,12,38.576305
89,13,39.384315
89,14,39.976105
89,15,40.383896
89,16,40.632366
89,17,40.739117
89,18,40.712795
89,19,40.555813
89,2,10.255463
89,20,40.26189
89,21,39.821003
89,22,39.217037
89,23,38.43518
89,24,37.4608
89,25,36.288887
89,26,34.92446
89,27,33.391182
89,28,31.730001
89,29,30.0
89,3,15.02943
89,4,19.423504
89,5,23.371464
89,6,26.841808
89,7,29.830166
89,8,32.355095
89,9,34.44866
9,0,0.0
9,1,2.5738482
9,10,19.577503
9,11,20.497395
9,12,21.250404
9,13,21.858358
9,14,22.346046
9,15,22.737728
9,16,23.058193
9,17,23.331236
9,18,23.579975
9,19,23.827076
9,2,5.0998735
9,20,24.094149
9,21,24.402979
9,22,24.77366
9,23,25.225718
9,24,25.774563
9,25,26.43133
9,26,27.19783
9,27,28.065357
9,28,29.011074
9,29,30.0
9,3,7.5323963
9,4,9.831837
9,5,11.964226
9,6,13.905819
9,7,15.639902
9,8,17.161081
9,9,18.470146
90,0,0.0
90,1,5.864172
90,10,39.421017
90,11,40.80246
90,12,41.871403
90,13,42.67614
90,14,43.257782
90,15,43.649467
90,16,43.875977
90,17,43.952232
90,18,43.885036
90,19,43.670593
90,2,11.534691
90,20,43.2984
90,21,42.748367
90,22,41.99728
90,23,41.016975
90,24,39.784237
90,25,38.282047
90,26,36.512486
90,27,34.500175
90,28,32.3014
90,29,30.0
90,3,16.847048
90,4,21.682556
90,5,25.973902
90,6,29.697077
90,7,32.86352
90,8,35.50647
90,9,37.674404
91,0,0.0
91,1,6.738124
91,10,43.36397
91,11,44.75222
91,12,45.815834
91,13,46.607803
91,14,47.172283
91,15,47.543495
91,16,47.745007
91,17,47.79062
91,18,47.682182
91,19,47.412407
91,2,13.2103615
91,20,46.96148
91,21,46.302002
91,22,45.39579
91,23,44.202282
91,24,42.67852
91,25,40.793324
91,26,38.534187
91,27,35.926315
91,28,33.040833
91,29,30.0
91,3,19.201302
91,4,24.572529
91,5,29.259872
91,6,33.259727
91,7,36.60694
91,8,39.360718
91,9,41.589195
92,0,0.0
92,1,7.9026203
92,10,48.03698
92,11,49.40999
92,12,50.450127
92,13,51.216118
92,14,51.754364
92,15,52.09944
92,16,52.274494
92,17,52.289955
92,18,52.1453
92,19,51.82586
92,2,15.417111
92,20,51.305992
92,21,50.544716
92,22,49.491215
92,23,48.08192
92,24,46.251522
92,25,43.938023
92,26,41.10567
92,27,37.76514
92,28,34.0045
92,29,30.0
92,3,22.253738
92,4,28.254477
92,5,33.376747
92,6,37.654106
92,7,41.16409
92,8,44.000526
92,9,46.26125
93,0,0.0
93,1,9.483984
93,10,53.476643
93,11,54.801235
93,12,55.7936
93,13,56.51601
93,14,57.01657
93,15,57.329777
93,16,57.47675
93,17,57.466404
93,18,57.29315
93,19,56.93875
93,2,18.360853
93,20,56.36757
93,21,55.529305
93,22,54.353085
93,23,52.75274
93,24,50.624996
93,25,47.865387
93,26,44.386124
93,27,40.16148
93,28,35.28077
93,29,30.0
93,3,26.231964
93,4,32.93983
93,5,38.49859
93,6,43.01615
93,7,46.6342
93,8,49.4985
93,9,51.740887
94,0,0.0
94,1,11.703844
94,10,59.69152
94,11,60.9248
94,12,61.83794
94,13,62.49555
94,14,62.945198
94,15,63.219826
94,16,63.339058
94,17,63.308434
94,18,63.120598
94,19,62.75139
94,2,22.373169
94,20,62.16075
94,21,61.285587
94,22,60.040127
94,23,58.307053
94,24,55.940414
94,25,52.76584
94,26,48.60824
94,27,43.345722
94,28,37.024315
94,29,30.0
94,3,31.470383
94,4,38.905205
94,5,44.830784
94,6,49.484074
94,7,53.10565
94,8,55.904747
94,9,58.054386
95,0,0.0
95,1,14.989172
95,10,66.656555
95,11,67.74564
95,12,68.543465
95,13,69.112076
95,14,69.49628
95,15,69.72606
95,16,69.817955
95,17,69.776085
95,18,69.59007
95,19,69.23518
95,2,28.020702
95,20,68.66631
95,21,67.816055
95,22,66.583244
95,23,64.82669
95,24,62.348083
95,25,58.885582
95,26,54.11502
95,27,47.71183
95,28,39.53228
95,29,30.0
95,3,38.46621
95,4,46.509834
95,5,52.599407
95,6,57.185555
95,7,60.637215
95,8,63.236397
95,9,65.19132
96,0,0.0
96,1,20.260876
96,10,74.30432
96,11,75.19197
96,12,75.83571
96,13,76.29057
96,14,76.59482
96,15,76.77345
96,16,76.83995
96,17,76.79607
96,18,76.6322
96,19,76.32354
96,2,36.311565
96,20,75.82839
96,21,75.07892
96,22,73.97333
96,23,72.355194
96,24,69.98927
96,25,66.51732
96,26,61.412354
96,27,53.960346
96,28,43.44706
96,29,30.0
96,3,47.9516
96,4,56.185955
96,5,62.021416
96,6,66.20262
96,7,69.235954
96,8,71.45809
96,9,73.09597
97,0,0.0
97,1,29.766436
97,10,82.52244
97,11,83.1526
97,12,83.60614
97,13,83.92436
97,14,84.13559
97,15,84.257965
97,16,84.30071
97,17,84.26491
97,18,84.14201
97,19,83.91317
97,2,49.061127
97,20,83.544
97,21,82.98007
97,22,82.13323
97,23,80.86301
97,24,78.93487
97,25,75.94685
97,26,71.182076
97,27,63.355892
97,28,50.338486
97,29,30.0
97,3,60.914734
97,4,68.35884
97,5,73.22046
97,6,76.517265
97,7,78.82087
97,8,80.46565
97,9,81.65578
98,0,0.0
98,1,49.76086
98,10,91.15273
98,11,91.480545
98,12,91.71521
98,13,91.879166
98,14,91.98747
98,15,92.04965
98,16,92.070564
98,17,92.050385
98,18,91.9846
98,19,91.86229
98,2,69.28584
98,20,91.66472
98,21,91.360214
98,22,90.897575
98,23,90.18936
98,24,89.080055
98,25,87.26733
98,26,84.101585
98,27,78.00198
98,28,64.58127
98,29,30.0
98,3,78.33932
98,4,83.18354
98,5,86.072365
98,6,87.93092
98,7,89.189354
98,8,90.07001
98,9,90.699
99,0,0.0
99,1,100.0
99,10,100.0
99,11,100.0
99,12,100.0
99,13,100.0
99,14,100.0
99,15,100.0
99,16,100.0
99,17,100.0
99,18,100.0
99,19,100.0
99,2,100.0
99,20,100.0
99,21,100.0
99,22,100.0
99,23,100.0
99,24,100.0
99,25,100.0
99,26,100.0
99,27,100.0
99,28,100.0
99,29,30.0
99,3,100.0
99,4,100.0
99,5,100.0
99,6,100.0
99,7,100.0
99,8,100.0
99,9,100.0
