0,0,0.0
0,1,0.0
0,10,0.0
0,11,0.0
0,12,0.0
0,13,0.0
0,14,0.0
0,15,30.0
0,2,0.0
0,3,0.0
0,4,0.0
0,5,0.0
0,6,0.0
0,7,0.0
0,8,0.0
0,9,0.0
1,0,0.0
1,1,0.63246095
1,10,5.162858
1,11,5.933826
1,12,7.2264977
1,13,9.730103
1,14,15.338984
1,15,30.0
1,2,1.2492795
1,3,1.8366905
1,4,2.3844981
1,5,2.8875537
1,6,3.347173
1,7,3.772989
1,8,4.186144
1,9,4.6257334
10,0,0.0
10,1,11.10569
10,10,49.388268
10,11,47.772133
10,12,44.989395
10,13,40.98676
10,14,35.859337
10,15,30.0
10,2,21.16647
10,3,29.631012
10,4,36.389816
10,5,41.566402
10,6,45.355904
10,7,47.93818
10,8,49.440407
10,9,49.924805
11,0,0.0
11,1,14.5314045
11,10,57.011356
11,11,54.87959
11,12,51.24901
11,13,45.861282
11,14,38.624
11,15,30.0
11,2,27.092133
11,3,37.038002
11,4,44.530464
11,5,49.985245
11,6,53.805016
11,7,56.29059
11,8,57.625145
11,9,57.87841
12,0,0.0
12,1,19.928894
12,10,65.90393
12,11,63.490005
12,12,59.269054
12,13,52.587627
12,14,42.776554
12,15,30.0
12,2,35.634823
12,3,46.901543
12,4,54.71277
12,5,60.043755
12,6,63.593456
12,7,65.79944
12,8,66.896614
12,9,66.95758
13,0,0.0
13,1,29.550232
13,10,76.160645
13,11,73.91075
13,12,69.75219
13,13,62.44545
13,14,49.895515
13,15,30.0
13,2,48.618458
13,3,60.22308
13,4,67.37851
13,5,71.887276
13,6,74.72975
13,7,76.42143
13,8,77.20866
13,9,77.15556
14,0,0.0
14,1,49.654205
14,10,87.675
14,11,86.24248
14,12,83.38536
14,13,77.547714
14,14,64.360725
14,15,30.0
14,2,69.0669
14,3,77.99556
14,4,82.69316
14,5,85.399704
14,6,87.01972
14,7,87.95092
14,8,88.364075
14,9,88.29828
15,0,0.0
15,1,100.0
15,10,100.0
15,11,100.0
15,12,100.0
15,13,100.0
15,14,100.0
15,15,30.0
15,2,100.0
15,3,100.0
15,4,100.0
15,5,100.0
15,6,100.0
15,7,100.0
15,8,100.0
15,9,100.0
2,0,0.0
2,1,1.2808236
2,10,10.09301
2,11,11.346931
2,12,13.242842
2,13,16.35547
2,14,21.62611
2,15,30.0
2,2,2.5284784
2,3,3.7137227
2,4,4.8146896
2,5,5.819643
2,6,6.7293687
2,7,7.55992
2,8,8.347144
2,9,9.155174
3,0,0.0
3,1,1.9628693
3,10,14.709319
3,11,16.11998
3,12,18.044008
3,13,20.823895
3,14,24.81053
3,15,30.0
3,2,3.8710904
3,3,5.676493
3,4,7.3427424
3,5,8.849136
3,6,10.193132
3,7,11.392705
3,8,12.48988
3,9,13.557257
4,0,0.0
4,1,2.7003107
4,10,19.070305
4,11,20.382494
4,12,21.991554
4,13,24.087143
4,14,26.79291
4,15,30.0
4,2,5.317994
4,3,7.7805443
4,4,10.033363
4,5,12.044194
4,6,13.804832
4,7,15.331576
4,8,16.66613
4,9,17.878231
5,0,0.0
5,1,3.521344
5,10,23.315388
5,11,24.35176
5,12,25.455454
5,13,26.742208
5,14,28.274988
5,15,30.0
5,2,6.921915
5,3,10.097069
5,4,12.969444
5,5,15.493521
5,6,17.654926
5,7,19.467373
5,8,20.969606
5,9,22.22382
6,0,0.0
6,1,4.464289
6,10,27.620644
6,11,28.25801
6,12,28.739712
6,13,29.153618
6,14,29.566055
6,15,30.0
6,2,8.7535
6,3,12.719612
6,4,16.257957
6,5,19.310349
6,6,21.859322
6,7,23.918999
6,8,25.526756
6,9,26.737507
7,0,0.0
7,1,5.5835977
7,10,32.17726
7,11,32.324745
7,12,32.095592
7,13,31.569145
7,14,30.836979
7,15,30.0
7,2,10.9106865
7,3,15.773569
7,4,20.037039
7,5,23.636017
7,6,26.558992
7,7,28.828846
7,8,30.487251
7,9,31.584896
8,0,0.0
8,1,6.96078
8,10,37.1847
8,11,36.773262
8,12,35.752842
8,13,34.193222
8,14,32.21416
8,15,30.0
8,2,13.534767
8,3,19.430817
8,4,24.48556
8,5,28.643461
8,6,31.918182
8,7,34.356857
8,8,36.015263
8,9,36.944088
9,0,0.0
9,1,8.726156
9,10,42.850296
9,11,41.836002
9,12,39.953457
9,13,37.23963
9,14,33.827923
9,15,30.0
9,2,16.839518
9,3,23.933355
9,4,29.83595
9,5,34.539997
9,6,38.119934
9,7,40.672005
9,8,42.279766
9,9,42.998116
