0,0,0.0
0,1,0.0
0,10,0.0
0,11,0.0
0,12,0.0
0,13,0.0
0,14,0.0
0,15,30.0
0,2,0.0
0,3,0.0
0,4,0.0
0,5,0.0
0,6,0.0
0,7,0.0
0,8,0.0
0,9,0.0
1,0,0.0
1,1,0.6342747
1,10,5.170636
1,11,5.940523
1,12,7.2318087
1,13,9.733786
1,14,15.340868
1,15,30.0
1,2,1.2528329
1,3,1.8418357
1,4,2.3910217
1,5,2.8951812
1,6,3.3555815
1,7,3.7818172
1,8,4.195008
1,9,4.634244
10,0,0.0
10,1,11.113989
10,10,49.42377
10,11,47.802685
10,12,45.013626
10,13,41.00355
10,14,35.86793
10,15,30.0
10,2,21.182722
10,3,29.654547
10,4,36.419647
10,5,41.601273
10,6,45.394333
10,7,47.978508
10,8,49.480896
10,9,49.963654
11,0,0.0
11,1,14.538597
11,10,57.04212
11,11,54.906075
11,12,51.270004
11,13,45.875835
11,14,38.63145
11,15,30.0
11,2,27.106222
11,3,37.058407
11,4,44.55632
11,5,50.015472
11,6,53.83832
11,7,56.32555
11,8,57.660236
11,9,57.91209
12,0,0.0
12,1,19.934631
12,10,65.928474
12,11,63.511124
12,12,59.285797
12,13,52.599236
12,14,42.782494
12,15,30.0
12,2,35.64606
12,3,46.91781
12,4,54.73339
12,5,60.06786
12,6,63.620026
12,7,65.82732
12,8,66.9246
12,9,66.98444
13,0,0.0
13,1,29.554228
13,10,76.17773
13,11,73.92546
13,12,69.763855
13,13,62.45353
13,14,49.899654
13,15,30.0
13,2,48.626278
13,3,60.234406
13,4,67.39287
13,5,71.90406
13,6,74.748245
13,7,76.44084
13,8,77.22814
13,9,77.174255
14,0,0.0
14,1,49.656254
14,10,87.68377
14,11,86.25003
14,12,83.39134
14,13,77.551865
14,14,64.36285
14,15,30.0
14,2,69.070915
14,3,78.00137
14,4,82.70052
14,5,85.40831
14,6,87.02921
14,7,87.96088
14,8,88.37407
14,9,88.30788
15,0,0.0
15,1,100.0
15,10,100.0
15,11,100.0
15,12,100.0
15,13,100.0
15,14,100.0
15,15,30.0
15,2,100.0
15,3,100.0
15,4,100.0
15,5,100.0
15,6,100.0
15,7,100.0
15,8,100.0
15,9,100.0
2,0,0.0
2,1,1.2843876
2,10,10.108291
2,11,11.360086
2,12,13.253276
2,13,16.362705
2,14,21.629812
2,15,30.0
2,2,2.5354588
2,3,3.7238324
2,4,4.8275056
2,5,5.8346295
2,6,6.745887
2,7,7.577264
2,8,8.364558
2,9,9.171893
3,0,0.0
3,1,1.9680548
3,10,14.73155
3,11,16.13912
3,12,18.059185
3,13,20.834423
3,14,24.815914
3,15,30.0
3,2,3.8812492
3,3,5.6912026
3,4,7.3613925
3,5,8.870941
3,6,10.217169
3,7,11.417938
3,8,12.515217
3,9,13.581581
4,0,0.0
4,1,2.7069278
4,10,19.098665
4,11,20.406906
4,12,22.010916
4,13,24.100563
4,14,26.799778
4,15,30.0
4,2,5.3309546
4,3,7.7993135
4,4,10.0571575
4,5,12.072016
4,6,13.835497
4,7,15.363768
4,8,16.698452
4,9,17.909262
5,0,0.0
5,1,3.5291393
5,10,23.348785
5,11,24.380516
5,12,25.478256
5,13,26.758018
5,14,28.283077
5,15,30.0
5,2,6.9371862
5,3,10.119181
5,4,12.9974785
5,5,15.526295
5,6,17.691051
5,7,19.505295
5,8,21.007679
5,9,22.260372
6,0,0.0
6,1,4.4729567
6,10,27.657766
6,11,28.289963
6,12,28.765053
6,13,29.17118
6,14,29.575047
6,15,30.0
6,2,8.770474
6,3,12.744194
6,4,16.28912
6,5,19.34678
6,6,21.899475
6,7,23.96115
6,8,25.569073
6,9,26.778126
7,0,0.0
7,1,5.592778
7,10,32.216564
7,11,32.35858
7,12,32.12242
7,13,31.587746
7,14,30.846495
7,15,30.0
7,2,10.92867
7,3,15.799606
7,4,20.070047
7,5,23.674603
7,6,26.60152
7,7,28.873487
7,8,30.532064
7,9,31.627914
8,0,0.0
8,1,6.9700828
8,10,37.224518
8,11,36.807526
8,12,35.780014
8,13,34.21206
8,14,32.2238
8,15,30.0
8,2,13.552985
8,3,19.4572
8,4,24.518995
8,5,28.682552
8,6,31.961264
8,7,34.40208
8,8,36.060658
8,9,36.987656
9,0,0.0
9,1,8.735165
9,10,42.888832
9,11,41.869183
9,12,39.97976
9,13,37.257874
9,14,33.837254
9,15,30.0
9,2,16.857162
9,3,23.958904
9,4,29.868334
9,5,34.57785
9,6,38.161648
9,7,40.715797
9,8,42.323715
9,9,43.0403
