0,0,0.0
0,1,0.0
0,10,0.0
0,11,0.0
0,12,0.0
0,13,0.0
0,14,0.0
0,15,0.0
0,16,0.0
0,17,0.0
0,18,0.0
0,19,0.0
0,2,0.0
0,20,0.0
0,21,0.0
0,22,0.0
0,23,0.0
0,24,0.0
0,25,0.0
0,26,0.0
0,27,0.0
0,28,0.0
0,29,30.0
0,3,0.0
0,4,0.0
0,5,0.0
0,6,0.0
0,7,0.0
0,8,0.0
0,9,0.0
1,0,0.0
1,1,5.126953
1,10,12.568359
1,11,12.568359
1,12,12.568359
1,13,12.568359
1,14,12.568359
1,15,12.568359
1,16,12.568359
1,17,12.568359
1,18,12.568359
1,19,12.568359
1,2,8.972168
1,20,12.568359
1,21,12.568359
1,22,12.568359
1,23,12.568359
1,24,12.575684
1,25,12.612305
1,26,12.868652
1,27,13.857422
1,28,17.563477
1,29,30.0
1,3,11.279297
1,4,12.202148
1,5,12.509766
1,6,12.561035
1,7,12.568359
1,8,12.568359
1,9,12.568359
10,0,0.0
10,1,12.568359
10,10,30.0
10,11,30.0
10,12,30.0
10,13,30.0
10,14,30.0
10,15,30.0
10,16,30.0
10,17,30.0
10,18,30.0
10,19,30.0
10,2,21.994629
10,20,30.0
10,21,30.0
10,22,30.0
10,23,30.0
10,24,30.0
10,25,30.0
10,26,30.0
10,27,30.0
10,28,30.0
10,29,30.0
10,3,27.231445
10,4,29.326172
10,5,29.89746
10,6,29.992676
10,7,30.0
10,8,30.0
10,9,30.0
11,0,0.0
11,1,12.568359
11,10,30.0
11,11,30.0
11,12,30.0
11,13,30.0
11,14,30.0
11,15,30.0
11,16,30.0
11,17,30.0
11,18,30.0
11,19,30.0
11,2,21.994629
11,20,30.0
11,21,30.0
11,22,30.0
11,23,30.0
11,24,30.0
11,25,30.0
11,26,30.0
11,27,30.0
11,28,30.0
11,29,30.0
11,3,27.231445
11,4,29.326172
11,5,29.89746
11,6,29.992676
11,7,30.0
11,8,30.0
11,9,30.0
12,0,0.0
12,1,12.568359
12,10,30.0
12,11,30.0
12,12,30.0
12,13,30.0
12,14,30.0
12,15,30.0
12,16,30.0
12,17,30.0
12,18,30.0
12,19,30.0
12,2,21.994629
12,20,30.0
12,21,30.0
12,22,30.0
12,23,30.0
12,24,30.0
12,25,30.0
12,26,30.0
12,27,30.0
12,28,30.0
12,29,30.0
12,3,27.231445
12,4,29.326172
12,5,29.89746
12,6,29.992676
12,7,30.0
12,8,30.0
12,9,30.0
13,0,0.0
13,1,12.568359
13,10,30.0
13,11,30.0
13,12,30.0
13,13,30.0
13,14,30.0
13,15,30.0
13,16,30.0
13,17,30.0
13,18,30.0
13,19,30.0
13,2,21.994629
13,20,30.0
13,21,30.0
13,22,30.0
13,23,30.0
13,24,30.0
13,25,30.0
13,26,30.0
13,27,30.0
13,28,30.0
13,29,30.0
13,3,27.231445
13,4,29.326172
13,5,29.89746
13,6,29.992676
13,7,30.0
13,8,30.0
13,9,30.0
14,0,0.0
14,1,12.568359
14,10,30.0
14,11,30.0
14,12,30.0
14,13,30.0
14,14,30.0
14,15,30.0
14,16,30.0
14,17,30.0
14,18,30.0
14,19,30.0
14,2,21.994629
14,20,30.0
14,21,30.0
14,22,30.0
14,23,30.0
14,24,30.0
14,25,30.0
14,26,30.0
14,27,30.0
14,28,30.0
14,29,30.0
14,3,27.231445
14,4,29.326172
14,5,29.89746
14,6,29.992676
14,7,30.0
14,8,30.0
14,9,30.0
15,0,0.0
15,1,12.568359
15,10,30.0
15,11,30.0
15,12,30.0
15,13,30.0
15,14,30.0
15,15,30.0
15,16,30.0
15,17,30.0
15,18,30.0
15,19,30.0
15,2,21.994629
15,20,30.0
15,21,30.0
15,22,30.0
15,23,30.0
15,24,30.0
15,25,30.0
15,26,30.0
15,27,30.0
15,28,30.0
15,29,30.0
15,3,27.231445
15,4,29.326172
15,5,29.89746
15,6,29.992676
15,7,30.0
15,8,30.0
15,9,30.0
16,0,0.0
16,1,12.568359
16,10,30.0
16,11,30.0
16,12,30.0
16,13,30.0
16,14,30.0
16,15,30.0
16,16,30.0
16,17,30.0
16,18,30.0
16,19,30.0
16,2,21.994629
16,20,30.0
16,21,30.0
16,22,30.0
16,23,30.0
16,24,30.0
16,25,30.0
16,26,30.0
16,27,30.0
16,28,30.0
16,29,30.0
16,3,27.231445
16,4,29.326172
16,5,29.89746
16,6,29.992676
16,7,30.0
16,8,30.0
16,9,30.0
17,0,0.0
17,1,12.568359
17,10,30.0
17,11,30.0
17,12,30.0
17,13,30.0
17,14,30.0
17,15,30.0
17,16,30.0
17,17,30.0
17,18,30.0
17,19,30.0
17,2,21.994629
17,20,30.0
17,21,30.0
17,22,30.0
17,23,30.0
17,24,30.0
17,25,30.0
17,26,30.0
17,27,30.0
17,28,30.0
17,29,30.0
17,3,27.231445
17,4,29.326172
17,5,29.89746
17,6,29.992676
17,7,30.0
17,8,30.0
17,9,30.0
18,0,0.0
18,1,12.568359
18,10,30.0
18,11,30.0
18,12,30.0
18,13,30.0
18,14,30.0
18,15,30.0
18,16,30.0
18,17,30.0
18,18,30.0
18,19,30.0
18,2,21.994629
18,20,30.0
18,21,30.0
18,22,30.0
18,23,30.0
18,24,30.0
18,25,30.0
18,26,30.0
18,27,30.0
18,28,30.0
18,29,30.0
18,3,27.231445
18,4,29.326172
18,5,29.89746
18,6,29.992676
18,7,30.0
18,8,30.0
18,9,30.0
19,0,0.0
19,1,12.568359
19,10,30.0
19,11,30.0
19,12,30.0
19,13,30.0
19,14,30.0
19,15,30.0
19,16,30.0
19,17,30.0
19,18,30.0
19,19,30.0
19,2,21.994629
19,20,30.0
19,21,30.0
19,22,30.0
19,23,30.0
19,24,30.0
19,25,30.0
19,26,30.0
19,27,30.0
19,28,30.0
19,29,30.0
19,3,27.231445
19,4,29.326172
19,5,29.89746
19,6,29.992676
19,7,30.0
19,8,30.0
19,9,30.0
2,0,0.0
2,1,8.972168
2,10,21.994629
2,11,21.994629
2,12,21.994629
2,13,21.994629
2,14,21.994629
2,15,21.994629
2,16,21.994629
2,17,21.994629
2,18,21.994629
2,19,21.994629
2,2,15.893555
2,20,21.994629
2,21,21.994629
2,22,21.994629
2,23,21.994629
2,24,21.994629
2,25,22.03125
2,26,22.185059
2,27,22.946777
2,28,25.114746
2,29,30.0
2,3,19.73877
2,4,21.430664
2,5,21.89209
2,6,21.987305
2,7,21.994629
2,8,21.994629
2,9,21.994629
20,0,0.0
20,1,12.568359
20,10,30.0
20,11,30.0
20,12,30.0
20,13,30.0
20,14,30.0
20,15,30.0
20,16,30.0
20,17,30.0
20,18,30.0
20,19,30.0
20,2,21.994629
20,20,30.0
20,21,30.0
20,22,30.0
20,23,30.0
20,24,30.0
20,25,30.0
20,26,30.0
20,27,30.0
20,28,30.0
20,29,30.0
20,3,27.231445
20,4,29.326172
20,5,29.89746
20,6,29.992676
20,7,30.0
20,8,30.0
20,9,30.0
21,0,0.0
21,1,12.568359
21,10,30.0
21,11,30.0
21,12,30.0
21,13,30.0
21,14,30.0
21,15,30.0
21,16,30.0
21,17,30.0
21,18,30.0
21,19,30.0
21,2,21.994629
21,20,30.0
21,21,30.0
21,22,30.0
21,23,30.0
21,24,30.0
21,25,30.0
21,26,30.0
21,27,30.0
21,28,30.0
21,29,30.0
21,3,27.231445
21,4,29.326172
21,5,29.89746
21,6,29.992676
21,7,30.0
21,8,30.0
21,9,30.0
22,0,0.0
22,1,12.568359
22,10,30.0
22,11,30.0
22,12,30.0
22,13,30.0
22,14,30.0
22,15,30.0
22,16,30.0
22,17,30.0
22,18,30.0
22,19,30.0
22,2,21.994629
22,20,30.0
22,21,30.0
22,22,30.0
22,23,30.0
22,24,30.0
22,25,30.0
22,26,30.0
22,27,30.0
22,28,30.0
22,29,30.0
22,3,27.231445
22,4,29.326172
22,5,29.89746
22,6,29.992676
22,7,30.0
22,8,30.0
22,9,30.0
23,0,0.0
23,1,12.568359
23,10,30.0
23,11,30.0
23,12,30.0
23,13,30.0
23,14,30.0
23,15,30.0
23,16,30.0
23,17,30.0
23,18,30.0
23,19,30.0
23,2,21.994629
23,20,30.0
23,21,30.0
23,22,30.0
23,23,30.0
23,24,30.0
23,25,30.0
23,26,30.0
23,27,30.0
23,28,30.0
23,29,30.0
23,3,27.231445
23,4,29.326172
23,5,29.89746
23,6,29.992676
23,7,30.0
23,8,30.0
23,9,30.0
24,0,0.0
24,1,12.568359
24,10,30.0
24,11,30.0
24,12,30.0
24,13,30.0
24,14,30.0
24,15,30.0
24,16,30.0
24,17,30.0
24,18,30.0
24,19,30.0
24,2,21.994629
24,20,30.0
24,21,30.0
24,22,30.0
24,23,30.0
24,24,30.0
24,25,30.0
24,26,30.0
24,27,30.0
24,28,30.0
24,29,30.0
24,3,27.231445
24,4,29.326172
24,5,29.89746
24,6,29.992676
24,7,30.0
24,8,30.0
24,9,30.0
25,0,0.0
25,1,12.568359
25,10,30.0
25,11,30.0
25,12,30.0
25,13,30.0
25,14,30.0
25,15,30.0
25,16,30.0
25,17,30.0
25,18,30.0
25,19,30.0
25,2,21.994629
25,20,30.0
25,21,30.0
25,22,30.0
25,23,30.0
25,24,30.0
25,25,30.0
25,26,30.0
25,27,30.0
25,28,30.0
25,29,30.0
25,3,27.231445
25,4,29.326172
25,5,29.89746
25,6,29.992676
25,7,30.0
25,8,30.0
25,9,30.0
26,0,0.0
26,1,12.568359
26,10,30.0
26,11,30.0
26,12,30.0
26,13,30.0
26,14,30.0
26,15,30.0
26,16,30.0
26,17,30.0
26,18,30.0
26,19,30.0
26,2,21.994629
26,20,30.0
26,21,30.0
26,22,30.0
26,23,30.0
26,24,30.0
26,25,30.0
26,26,30.0
26,27,30.0
26,28,30.0
26,29,30.0
26,3,27.231445
26,4,29.326172
26,5,29.89746
26,6,29.992676
26,7,30.0
26,8,30.0
26,9,30.0
27,0,0.0
27,1,12.568359
27,10,30.0
27,11,30.0
27,12,30.0
27,13,30.0
27,14,30.0
27,15,30.0
27,16,30.0
27,17,30.0
27,18,30.0
27,19,30.0
27,2,21.994629
27,20,30.0
27,21,30.0
27,22,30.0
27,23,30.0
27,24,30.0
27,25,30.0
27,26,30.0
27,27,30.0
27,28,30.0
27,29,30.0
27,3,27.231445
27,4,29.326172
27,5,29.89746
27,6,29.992676
27,7,30.0
27,8,30.0
27,9,30.0
28,0,0.0
28,1,12.568359
28,10,30.0
28,11,30.0
28,12,30.0
28,13,30.0
28,14,30.0
28,15,30.0
28,16,30.0
28,17,30.0
28,18,30.0
28,19,30.0
28,2,21.994629
28,20,30.0
28,21,30.0
28,22,30.0
28,23,30.0
28,24,30.0
28,25,30.0
28,26,30.0
28,27,30.0
28,28,30.0
28,29,30.0
28,3,27.231445
28,4,29.326172
28,5,29.89746
28,6,29.992676
28,7,30.0
28,8,30.0
28,9,30.0
29,0,0.0
29,1,12.568359
29,10,30.0
29,11,30.0
29,12,30.0
29,13,30.0
29,14,30.0
29,15,30.0
29,16,30.0
29,17,30.0
29,18,30.0
29,19,30.0
29,2,21.994629
29,20,30.0
29,21,30.0
29,22,30.0
29,23,30.0
29,24,30.0
29,25,30.0
29,26,30.0
29,27,30.0
29,28,30.0
29,29,30.0
29,3,27.231445
29,4,29.326172
29,5,29.89746
29,6,29.992676
29,7,30.0
29,8,30.0
29,9,30.0
3,0,0.0
3,1,11.279297
3,10,27.231445
3,11,27.231445
3,12,27.231445
3,13,27.231445
3,14,27.231445
3,15,27.231445
3,16,27.231445
3,17,27.231445
3,18,27.231445
3,19,27.231445
3,2,19.73877
3,20,27.231445
3,21,27.231445
3,22,27.231445
3,23,27.231445
3,24,27.231445
3,25,27.231445
3,26,27.304688
3,27,27.55371
3,28,28.410645
3,29,30.0
3,3,24.609375
3,4,26.557617
3,5,27.128906
3,6,27.224121
3,7,27.231445
3,8,27.231445
3,9,27.231445
30,0,0.0
30,1,12.568359
30,10,30.0
30,11,30.0
30,12,30.0
30,13,30.0
30,14,30.0
30,15,30.0
30,16,30.0
30,17,30.0
30,18,30.0
30,19,30.0
30,2,21.994629
30,20,30.0
30,21,30.0
30,22,30.0
30,23,30.0
30,24,30.0
30,25,30.0
30,26,30.0
30,27,30.0
30,28,30.0
30,29,30.0
30,3,27.231445
30,4,29.326172
30,5,29.89746
30,6,29.992676
30,7,30.0
30,8,30.0
30,9,30.0
31,0,0.0
31,1,12.568359
31,10,30.0
31,11,30.0
31,12,30.0
31,13,30.0
31,14,30.0
31,15,30.0
31,16,30.0
31,17,30.0
31,18,30.0
31,19,30.0
31,2,21.994629
31,20,30.0
31,21,30.0
31,22,30.0
31,23,30.0
31,24,30.0
31,25,30.0
31,26,30.0
31,27,30.0
31,28,30.0
31,29,30.0
31,3,27.231445
31,4,29.326172
31,5,29.89746
31,6,29.992676
31,7,30.0
31,8,30.0
31,9,30.0
32,0,0.0
32,1,12.568359
32,10,30.0
32,11,30.0
32,12,30.0
32,13,30.0
32,14,30.0
32,15,30.0
32,16,30.0
32,17,30.0
32,18,30.0
32,19,30.0
32,2,21.994629
32,20,30.0
32,21,30.0
32,22,30.0
32,23,30.0
32,24,30.0
32,25,30.0
32,26,30.0
32,27,30.0
32,28,30.0
32,29,30.0
32,3,27.231445
32,4,29.326172
32,5,29.89746
32,6,29.992676
32,7,30.0
32,8,30.0
32,9,30.0
33,0,0.0
33,1,12.568359
33,10,30.0
33,11,30.0
33,12,30.0
33,13,30.0
33,14,30.0
33,15,30.0
33,16,30.0
33,17,30.0
33,18,30.0
33,19,30.0
33,2,21.994629
33,20,30.0
33,21,30.0
33,22,30.0
33,23,30.0
33,24,30.0
33,25,30.0
33,26,30.0
33,27,30.0
33,28,30.0
33,29,30.0
33,3,27.231445
33,4,29.326172
33,5,29.89746
33,6,29.992676
33,7,30.0
33,8,30.0
33,9,30.0
34,0,0.0
34,1,12.568359
34,10,30.0
34,11,30.0
34,12,30.0
34,13,30.0
34,14,30.0
34,15,30.0
34,16,30.0
34,17,30.0
34,18,30.0
34,19,30.0
34,2,21.994629
34,20,30.0
34,21,30.0
34,22,30.0
34,23,30.0
34,24,30.0
34,25,30.0
34,26,30.0
34,27,30.0
34,28,30.0
34,29,30.0
34,3,27.231445
34,4,29.326172
34,5,29.89746
34,6,29.992676
34,7,30.0
34,8,30.0
34,9,30.0
35,0,0.0
35,1,12.568359
35,10,30.0
35,11,30.0
35,12,30.0
35,13,30.0
35,14,30.0
35,15,30.0
35,16,30.0
35,17,30.0
35,18,30.0
35,19,30.0
35,2,21.994629
35,20,30.0
35,21,30.0
35,22,30.0
35,23,30.0
35,24,30.0
35,25,30.0
35,26,30.0
35,27,30.0
35,28,30.0
35,29,30.0
35,3,27.231445
35,4,29.326172
35,5,29.89746
35,6,29.992676
35,7,30.0
35,8,30.0
35,9,30.0
36,0,0.0
36,1,12.568359
36,10,30.0
36,11,30.0
36,12,30.0
36,13,30.0
36,14,30.0
36,15,30.0
36,16,30.0
36,17,30.0
36,18,30.0
36,19,30.0
36,2,21.994629
36,20,30.0
36,21,30.0
36,22,30.0
36,23,30.0
36,24,30.0
36,25,30.0
36,26,30.0
36,27,30.0
36,28,30.0
36,29,30.0
36,3,27.231445
36,4,29.326172
36,5,29.89746
36,6,29.992676
36,7,30.0
36,8,30.0
36,9,30.0
37,0,0.0
37,1,12.568359
37,10,30.0
37,11,30.0
37,12,30.0
37,13,30.0
37,14,30.0
37,15,30.0
37,16,30.0
37,17,30.0
37,18,30.0
37,19,30.0
37,2,21.994629
37,20,30.0
37,21,30.0
37,22,30.0
37,23,30.0
37,24,30.0
37,25,30.0
37,26,30.0
37,27,30.0
37,28,30.0
37,29,30.0
37,3,27.231445
37,4,29.326172
37,5,29.89746
37,6,29.992676
37,7,30.0
37,8,30.0
37,9,30.0
38,0,0.0
38,1,12.568359
38,10,30.0
38,11,30.0
38,12,30.0
38,13,30.0
38,14,30.0
38,15,30.0
38,16,30.0
38,17,30.0
38,18,30.0
38,19,30.0
38,2,21.994629
38,20,30.0
38,21,30.0
38,22,30.0
38,23,30.0
38,24,30.0
38,25,30.0
38,26,30.0
38,27,30.0
38,28,30.0
38,29,30.0
38,3,27.231445
38,4,29.326172
38,5,29.89746
38,6,29.992676
38,7,30.0
38,8,30.0
38,9,30.0
39,0,0.0
39,1,12.568359
39,10,30.0
39,11,30.0
39,12,30.0
39,13,30.0
39,14,30.0
39,15,30.0
39,16,30.0
39,17,30.0
39,18,30.0
39,19,30.0
39,2,21.994629
39,20,30.0
39,21,30.0
39,22,30.0
39,23,30.0
39,24,30.0
39,25,30.0
39,26,30.0
39,27,30.0
39,28,30.0
39,29,30.0
39,3,27.231445
39,4,29.326172
39,5,29.89746
39,6,29.992676
39,7,30.0
39,8,30.0
39,9,30.0
4,0,0.0
4,1,12.202148
4,10,29.326172
4,11,29.326172
4,12,29.326172
4,13,29.326172
4,14,29.326172
4,15,29.326172
4,16,29.326172
4,17,29.326172
4,18,29.326172
4,19,29.326172
4,2,21.430664
4,20,29.326172
4,21,29.326172
4,22,29.326172
4,23,29.326172
4,24,29.326172
4,25,29.326172
4,26,29.326172
4,27,29.399414
4,28,29.589844
4,29,30.0
4,3,26.557617
4,4,28.652344
4,5,29.223633
4,6,29.318848
4,7,29.326172
4,8,29.326172
4,9,29.326172
40,0,0.0
40,1,12.568359
40,10,30.0
40,11,30.0
40,12,30.0
40,13,30.0
40,14,30.0
40,15,30.0
40,16,30.0
40,17,30.0
40,18,30.0
40,19,30.0
40,2,21.994629
40,20,30.0
40,21,30.0
40,22,30.0
40,23,30.0
40,24,30.0
40,25,30.0
40,26,30.0
40,27,30.0
40,28,30.0
40,29,30.0
40,3,27.231445
40,4,29.326172
40,5,29.89746
40,6,29.992676
40,7,30.0
40,8,30.0
40,9,30.0
41,0,0.0
41,1,12.568359
41,10,30.0
41,11,30.0
41,12,30.0
41,13,30.0
41,14,30.0
41,15,30.0
41,16,30.0
41,17,30.0
41,18,30.0
41,19,30.0
41,2,21.994629
41,20,30.0
41,21,30.0
41,22,30.0
41,23,30.0
41,24,30.0
41,25,30.0
41,26,30.0
41,27,30.0
41,28,30.0
41,29,30.0
41,3,27.231445
41,4,29.326172
41,5,29.89746
41,6,29.992676
41,7,30.0
41,8,30.0
41,9,30.0
42,0,0.0
42,1,12.568359
42,10,30.0
42,11,30.0
42,12,30.0
42,13,30.0
42,14,30.0
42,15,30.0
42,16,30.0
42,17,30.0
42,18,30.0
42,19,30.0
42,2,21.994629
42,20,30.0
42,21,30.0
42,22,30.0
42,23,30.0
42,24,30.0
42,25,30.0
42,26,30.0
42,27,30.0
42,28,30.0
42,29,30.0
42,3,27.231445
42,4,29.326172
42,5,29.89746
42,6,29.992676
42,7,30.0
42,8,30.0
42,9,30.0
43,0,0.0
43,1,12.568359
43,10,30.0
43,11,30.0
43,12,30.0
43,13,30.0
43,14,30.0
43,15,30.0
43,16,30.0
43,17,30.0
43,18,30.0
43,19,30.0
43,2,21.994629
43,20,30.0
43,21,30.0
43,22,30.0
43,23,30.0
43,24,30.0
43,25,30.0
43,26,30.0
43,27,30.0
43,28,30.0
43,29,30.0
43,3,27.231445
43,4,29.326172
43,5,29.89746
43,6,29.992676
43,7,30.0
43,8,30.0
43,9,30.0
44,0,0.0
44,1,12.568359
44,10,30.0
44,11,30.0
44,12,30.0
44,13,30.0
44,14,30.0
44,15,30.0
44,16,30.0
44,17,30.0
44,18,30.0
44,19,30.0
44,2,21.994629
44,20,30.0
44,21,30.0
44,22,30.0
44,23,30.0
44,24,30.0
44,25,30.0
44,26,30.0
44,27,30.0
44,28,30.0
44,29,30.0
44,3,27.231445
44,4,29.326172
44,5,29.89746
44,6,29.992676
44,7,30.0
44,8,30.0
44,9,30.0
45,0,0.0
45,1,12.568359
45,10,30.0
45,11,30.0
45,12,30.0
45,13,30.0
45,14,30.0
45,15,30.0
45,16,30.0
45,17,30.0
45,18,30.0
45,19,30.0
45,2,21.994629
45,20,30.0
45,21,30.0
45,22,30.0
45,23,30.0
45,24,30.0
45,25,30.0
45,26,30.0
45,27,30.0
45,28,30.0
45,29,30.0
45,3,27.231445
45,4,29.326172
45,5,29.89746
45,6,29.992676
45,7,30.0
45,8,30.0
45,9,30.0
46,0,0.0
46,1,12.568359
46,10,30.0
46,11,30.0
46,12,30.0
46,13,30.0
46,14,30.0
46,15,30.0
46,16,30.0
46,17,30.0
46,18,30.0
46,19,30.0
46,2,21.994629
46,20,30.0
46,21,30.0
46,22,30.0
46,23,30.0
46,24,30.0
46,25,30.0
46,26,30.0
46,27,30.0
46,28,30.0
46,29,30.0
46,3,27.231445
46,4,29.326172
46,5,29.89746
46,6,29.992676
46,7,30.0
46,8,30.0
46,9,30.0
47,0,0.0
47,1,12.568359
47,10,30.0
47,11,30.0
47,12,30.0
47,13,30.0
47,14,30.0
47,15,30.0
47,16,30.0
47,17,30.0
47,18,30.0
47,19,30.0
47,2,21.994629
47,20,30.0
47,21,30.0
47,22,30.0
47,23,30.0
47,24,30.0
47,25,30.0
47,26,30.0
47,27,30.0
47,28,30.0
47,29,30.0
47,3,27.231445
47,4,29.326172
47,5,29.89746
47,6,29.992676
47,7,30.0
47,8,30.0
47,9,30.0
48,0,0.0
48,1,12.568359
48,10,30.0
48,11,30.0
48,12,30.0
48,13,30.0
48,14,30.0
48,15,30.0
48,16,30.0
48,17,30.0
48,18,30.0
48,19,30.0
48,2,21.994629
48,20,30.0
48,21,30.0
48,22,30.0
48,23,30.0
48,24,30.0
48,25,30.0
48,26,30.0
48,27,30.0
48,28,30.0
48,29,30.0
48,3,27.231445
48,4,29.326172
48,5,29.89746
48,6,29.992676
48,7,30.0
48,8,30.0
48,9,30.0
49,0,0.0
49,1,12.568359
49,10,30.0
49,11,30.0
49,12,30.0
49,13,30.0
49,14,30.0
49,15,30.0
49,16,30.0
49,17,30.0
49,18,30.0
49,19,30.0
49,2,21.994629
49,20,30.0
49,21,30.0
49,22,30.0
49,23,30.0
49,24,30.0
49,25,30.0
49,26,30.0
49,27,30.0
49,28,30.0
49,29,30.0
49,3,27.231445
49,4,29.326172
49,5,29.89746
49,6,29.992676
49,7,30.0
49,8,30.0
49,9,30.0
5,0,0.0
5,1,12.509766
5,10,29.89746
5,11,29.89746
5,12,29.89746
5,13,29.89746
5,14,29.89746
5,15,29.89746
5,16,29.89746
5,17,29.89746
5,18,29.89746
5,19,29.89746
5,2,21.89209
5,20,29.89746
5,21,29.89746
5,22,29.89746
5,23,29.89746
5,24,29.89746
5,25,29.89746
5,26,29.89746
5,27,29.89746
5,28,29.934082
5,29,30.0
5,3,27.128906
5,4,29.223633
5,5,29.794922
5,6,29.890137
5,7,29.89746
5,8,29.89746
5,9,29.89746
50,0,0.0
50,1,12.568359
50,10,30.0
50,11,30.0
50,12,30.0
50,13,30.0
50,14,30.0
50,15,30.0
50,16,30.0
50,17,30.0
50,18,30.0
50,19,30.0
50,2,21.994629
50,20,30.0
50,21,30.0
50,22,30.0
50,23,30.0
50,24,30.0
50,25,30.0
50,26,30.0
50,27,30.0
50,28,30.0
50,29,30.0
50,3,27.231445
50,4,29.326172
50,5,29.89746
50,6,29.992676
50,7,30.0
50,8,30.0
50,9,30.0
51,0,0.0
51,1,12.568359
51,10,30.0
51,11,30.0
51,12,30.0
51,13,30.0
51,14,30.0
51,15,30.0
51,16,30.0
51,17,30.0
51,18,30.0
51,19,30.0
51,2,21.994629
51,20,30.0
51,21,30.0
51,22,30.0
51,23,30.0
51,24,30.0
51,25,30.0
51,26,30.0
51,27,30.0
51,28,30.0
51,29,30.0
51,3,27.231445
51,4,29.326172
51,5,29.89746
51,6,29.992676
51,7,30.0
51,8,30.0
51,9,30.0
52,0,0.0
52,1,12.568359
52,10,30.0
52,11,30.0
52,12,30.0
52,13,30.0
52,14,30.0
52,15,30.0
52,16,30.0
52,17,30.0
52,18,30.0
52,19,30.0
52,2,21.994629
52,20,30.0
52,21,30.0
52,22,30.0
52,23,30.0
52,24,30.0
52,25,30.0
52,26,30.0
52,27,30.0
52,28,30.0
52,29,30.0
52,3,27.231445
52,4,29.326172
52,5,29.89746
52,6,29.992676
52,7,30.0
52,8,30.0
52,9,30.0
53,0,0.0
53,1,12.568359
53,10,30.0
53,11,30.0
53,12,30.0
53,13,30.0
53,14,30.0
53,15,30.0
53,16,30.0
53,17,30.0
53,18,30.0
53,19,30.0
53,2,21.994629
53,20,30.0
53,21,30.0
53,22,30.0
53,23,30.0
53,24,30.0
53,25,30.0
53,26,30.0
53,27,30.0
53,28,30.0
53,29,30.0
53,3,27.231445
53,4,29.326172
53,5,29.89746
53,6,29.992676
53,7,30.0
53,8,30.0
53,9,30.0
54,0,0.0
54,1,12.568359
54,10,30.0
54,11,30.0
54,12,30.0
54,13,30.0
54,14,30.0
54,15,30.0
54,16,30.0
54,17,30.0
54,18,30.0
54,19,30.0
54,2,21.994629
54,20,30.0
54,21,30.0
54,22,30.0
54,23,30.0
54,24,30.0
54,25,30.0
54,26,30.0
54,27,30.0
54,28,30.0
54,29,30.0
54,3,27.231445
54,4,29.326172
54,5,29.89746
54,6,29.992676
54,7,30.0
54,8,30.0
54,9,30.0
55,0,0.0
55,1,12.568359
55,10,30.0
55,11,30.0
55,12,30.0
55,13,30.0
55,14,30.0
55,15,30.0
55,16,30.0
55,17,30.0
55,18,30.0
55,19,30.0
55,2,21.994629
55,20,30.0
55,21,30.0
55,22,30.0
55,23,30.0
55,24,30.0
55,25,30.0
55,26,30.0
55,27,30.0
55,28,30.0
55,29,30.0
55,3,27.231445
55,4,29.326172
55,5,29.89746
55,6,29.992676
55,7,30.0
55,8,30.0
55,9,30.0
56,0,0.0
56,1,12.568359
56,10,30.0
56,11,30.0
56,12,30.0
56,13,30.0
56,14,30.0
56,15,30.0
56,16,30.0
56,17,30.0
56,18,30.0
56,19,30.0
56,2,21.994629
56,20,30.0
56,21,30.0
56,22,30.0
56,23,30.0
56,24,30.0
56,25,30.0
56,26,30.0
56,27,30.0
56,28,30.0
56,29,30.0
56,3,27.231445
56,4,29.326172
56,5,29.89746
56,6,29.992676
56,7,30.0
56,8,30.0
56,9,30.0
57,0,0.0
57,1,12.568359
57,10,30.0
57,11,30.0
57,12,30.0
57,13,30.0
57,14,30.0
57,15,30.0
57,16,30.0
57,17,30.0
57,18,30.0
57,19,30.0
57,2,21.994629
57,20,30.0
57,21,30.0
57,22,30.0
57,23,30.0
57,24,30.0
57,25,30.0
57,26,30.0
57,27,30.0
57,28,30.0
57,29,30.0
57,3,27.231445
57,4,29.326172
57,5,29.89746
57,6,29.992676
57,7,30.0
57,8,30.0
57,9,30.0
58,0,0.0
58,1,12.568359
58,10,30.0
58,11,30.0
58,12,30.0
58,13,30.0
58,14,30.0
58,15,30.0
58,16,30.0
58,17,30.0
58,18,30.0
58,19,30.0
58,2,21.994629
58,20,30.0
58,21,30.0
58,22,30.0
58,23,30.0
58,24,30.0
58,25,30.0
58,26,30.0
58,27,30.0
58,28,30.0
58,29,30.0
58,3,27.231445
58,4,29.326172
58,5,29.89746
58,6,29.992676
58,7,30.0
58,8,30.0
58,9,30.0
59,0,0.0
59,1,12.568359
59,10,30.0
59,11,30.0
59,12,30.0
59,13,30.0
59,14,30.0
59,15,30.0
59,16,30.0
59,17,30.0
59,18,30.0
59,19,30.0
59,2,21.994629
59,20,30.0
59,21,30.0
59,22,30.0
59,23,30.0
59,24,30.0
59,25,30.0
59,26,30.0
59,27,30.0
59,28,30.0
59,29,30.0
59,3,27.231445
59,4,29.326172
59,5,29.89746
59,6,29.992676
59,7,30.0
59,8,30.0
59,9,30.0
6,0,0.0
6,1,12.561035
6,10,29.992676
6,11,29.992676
6,12,29.992676
6,13,29.992676
6,14,29.992676
6,15,29.992676
6,16,29.992676
6,17,29.992676
6,18,29.992676
6,19,29.992676
6,2,21.987305
6,20,29.992676
6,21,29.992676
6,22,29.992676
6,23,29.992676
6,24,29.992676
6,25,29.992676
6,26,29.992676
6,27,29.992676
6,28,29.992676
6,29,30.0
6,3,27.224121
6,4,29.318848
6,5,29.890137
6,6,29.985352
6,7,29.992676
6,8,29.992676
6,9,29.992676
60,0,0.0
60,1,12.568359
60,10,30.0
60,11,30.0
60,12,30.0
60,13,30.0
60,14,30.0
60,15,30.0
60,16,30.0
60,17,30.0
60,18,30.0
60,19,30.0
60,2,21.994629
60,20,30.0
60,21,30.0
60,22,30.0
60,23,30.0
60,24,30.0
60,25,30.0
60,26,30.0
60,27,30.0
60,28,30.0
60,29,30.0
60,3,27.231445
60,4,29.326172
60,5,29.89746
60,6,29.992676
60,7,30.0
60,8,30.0
60,9,30.0
61,0,0.0
61,1,12.568359
61,10,30.0
61,11,30.0
61,12,30.0
61,13,30.0
61,14,30.0
61,15,30.0
61,16,30.0
61,17,30.0
61,18,30.0
61,19,30.0
61,2,21.994629
61,20,30.0
61,21,30.0
61,22,30.0
61,23,30.0
61,24,30.0
61,25,30.0
61,26,30.0
61,27,30.0
61,28,30.0
61,29,30.0
61,3,27.231445
61,4,29.326172
61,5,29.89746
61,6,29.992676
61,7,30.0
61,8,30.0
61,9,30.0
62,0,0.0
62,1,12.568359
62,10,30.0
62,11,30.0
62,12,30.0
62,13,30.0
62,14,30.0
62,15,30.0
62,16,30.0
62,17,30.0
62,18,30.0
62,19,30.0
62,2,21.994629
62,20,30.0
62,21,30.0
62,22,30.0
62,23,30.0
62,24,30.0
62,25,30.0
62,26,30.0
62,27,30.0
62,28,30.0
62,29,30.0
62,3,27.231445
62,4,29.326172
62,5,29.89746
62,6,29.992676
62,7,30.0
62,8,30.0
62,9,30.0
63,0,0.0
63,1,12.568359
63,10,30.0
63,11,30.0
63,12,30.0
63,13,30.0
63,14,30.0
63,15,30.0
63,16,30.0
63,17,30.0
63,18,30.0
63,19,30.0
63,2,21.994629
63,20,30.0
63,21,30.0
63,22,30.0
63,23,30.0
63,24,30.0
63,25,30.0
63,26,30.0
63,27,30.0
63,28,30.0
63,29,30.0
63,3,27.231445
63,4,29.326172
63,5,29.89746
63,6,29.992676
63,7,30.0
63,8,30.0
63,9,30.0
64,0,0.0
64,1,12.568359
64,10,30.0
64,11,30.0
64,12,30.0
64,13,30.0
64,14,30.0
64,15,30.0
64,16,30.0
64,17,30.0
64,18,30.0
64,19,30.0
64,2,21.994629
64,20,30.0
64,21,30.0
64,22,30.0
64,23,30.0
64,24,30.0
64,25,30.0
64,26,30.0
64,27,30.0
64,28,30.0
64,29,30.0
64,3,27.231445
64,4,29.326172
64,5,29.89746
64,6,29.992676
64,7,30.0
64,8,30.0
64,9,30.0
65,0,0.0
65,1,12.568359
65,10,30.0
65,11,30.0
65,12,30.0
65,13,30.0
65,14,30.0
65,15,30.0
65,16,30.0
65,17,30.0
65,18,30.0
65,19,30.0
65,2,21.994629
65,20,30.0
65,21,30.0
65,22,30.0
65,23,30.0
65,24,30.0
65,25,30.0
65,26,30.0
65,27,30.0
65,28,30.0
65,29,30.0
65,3,27.231445
65,4,29.326172
65,5,29.89746
65,6,29.992676
65,7,30.0
65,8,30.0
65,9,30.0
66,0,0.0
66,1,12.568359
66,10,30.0
66,11,30.0
66,12,30.0
66,13,30.0
66,14,30.0
66,15,30.0
66,16,30.0
66,17,30.0
66,18,30.0
66,19,30.0
66,2,21.994629
66,20,30.0
66,21,30.0
66,22,30.0
66,23,30.0
66,24,30.0
66,25,30.0
66,26,30.0
66,27,30.0
66,28,30.0
66,29,30.0
66,3,27.231445
66,4,29.326172
66,5,29.89746
66,6,29.992676
66,7,30.0
66,8,30.0
66,9,30.0
67,0,0.0
67,1,12.568359
67,10,30.0
67,11,30.0
67,12,30.0
67,13,30.0
67,14,30.0
67,15,30.0
67,16,30.0
67,17,30.0
67,18,30.0
67,19,30.0
67,2,21.994629
67,20,30.0
67,21,30.0
67,22,30.0
67,23,30.0
67,24,30.0
67,25,30.0
67,26,30.0
67,27,30.0
67,28,30.0
67,29,30.0
67,3,27.231445
67,4,29.326172
67,5,29.89746
67,6,29.992676
67,7,30.0
67,8,30.0
67,9,30.0
68,0,0.0
68,1,12.568359
68,10,30.0
68,11,30.0
68,12,30.0
68,13,30.0
68,14,30.0
68,15,30.0
68,16,30.0
68,17,30.0
68,18,30.0
68,19,30.0
68,2,21.994629
68,20,30.0
68,21,30.0
68,22,30.0
68,23,30.0
68,24,30.0
68,25,30.0
68,26,30.0
68,27,30.0
68,28,30.0
68,29,30.0
68,3,27.231445
68,4,29.326172
68,5,29.89746
68,6,29.992676
68,7,30.0
68,8,30.0
68,9,30.0
69,0,0.0
69,1,12.568359
69,10,30.0
69,11,30.0
69,12,30.0
69,13,30.0
69,14,30.0
69,15,30.0
69,16,30.0
69,17,30.0
69,18,30.0
69,19,30.0
69,2,21.994629
69,20,30.0
69,21,30.0
69,22,30.0
69,23,30.0
69,24,30.0
69,25,30.0
69,26,30.0
69,27,30.0
69,28,30.0
69,29,30.0
69,3,27.231445
69,4,29.326172
69,5,29.89746
69,6,29.992676
69,7,30.0
69,8,30.0
69,9,30.0
7,0,0.0
7,1,12.568359
7,10,30.0
7,11,30.0
7,12,30.0
7,13,30.0
7,14,30.0
7,15,30.0
7,16,30.0
7,17,30.0
7,18,30.0
7,19,30.0
7,2,21.994629
7,20,30.0
7,21,30.0
7,22,30.0
7,23,30.0
7,24,30.0
7,25,30.0
7,26,30.0
7,27,30.0
7,28,30.0
7,29,30.0
7,3,27.231445
7,4,29.326172
7,5,29.89746
7,6,29.992676
7,7,30.0
7,8,30.0
7,9,30.0
70,0,0.0
70,1,12.568359
70,10,30.0
70,11,30.0
70,12,30.0
70,13,30.0
70,14,30.0
70,15,30.0
70,16,30.0
70,17,30.0
70,18,30.0
70,19,30.0
70,2,21.994629
70,20,30.0
70,21,30.0
70,22,30.0
70,23,30.0
70,24,30.0
70,25,30.0
70,26,30.0
70,27,30.0
70,28,30.0
70,29,30.0
70,3,27.231445
70,4,29.326172
70,5,29.89746
70,6,29.992676
70,7,30.0
70,8,30.0
70,9,30.0
71,0,0.0
71,1,12.568359
71,10,30.0
71,11,30.0
71,12,30.0
71,13,30.0
71,14,30.0
71,15,30.0
71,16,30.0
71,17,30.0
71,18,30.0
71,19,30.0
71,2,21.994629
71,20,30.0
71,21,30.0
71,22,30.0
71,23,30.0
71,24,30.0
71,25,30.0
71,26,30.0
71,27,30.0
71,28,30.0
71,29,30.0
71,3,27.231445
71,4,29.326172
71,5,29.89746
71,6,29.992676
71,7,30.0
71,8,30.0
71,9,30.0
72,0,0.0
72,1,12.568359
72,10,30.0
72,11,30.0
72,12,30.0
72,13,30.0
72,14,30.0
72,15,30.0
72,16,30.0
72,17,30.0
72,18,30.0
72,19,30.0
72,2,21.994629
72,20,30.0
72,21,30.0
72,22,30.0
72,23,30.0
72,24,30.0
72,25,30.0
72,26,30.0
72,27,30.0
72,28,30.0
72,29,30.0
72,3,27.231445
72,4,29.326172
72,5,29.89746
72,6,29.992676
72,7,30.0
72,8,30.0
72,9,30.0
73,0,0.0
73,1,12.568359
73,10,30.0
73,11,30.0
73,12,30.0
73,13,30.0
73,14,30.0
73,15,30.0
73,16,30.0
73,17,30.0
73,18,30.0
73,19,30.0
73,2,21.994629
73,20,30.0
73,21,30.0
73,22,30.0
73,23,30.0
73,24,30.0
73,25,30.0
73,26,30.0
73,27,30.0
73,28,30.0
73,29,30.0
73,3,27.231445
73,4,29.326172
73,5,29.89746
73,6,29.992676
73,7,30.0
73,8,30.0
73,9,30.0
74,0,0.0
74,1,12.568359
74,10,30.0
74,11,30.0
74,12,30.0
74,13,30.0
74,14,30.0
74,15,30.0
74,16,30.0
74,17,30.0
74,18,30.0
74,19,30.0
74,2,21.994629
74,20,30.0
74,21,30.0
74,22,30.0
74,23,30.0
74,24,30.0
74,25,30.0
74,26,30.0
74,27,30.0
74,28,30.0
74,29,30.0
74,3,27.231445
74,4,29.326172
74,5,29.89746
74,6,29.992676
74,7,30.0
74,8,30.0
74,9,30.0
75,0,0.0
75,1,12.568359
75,10,30.0
75,11,30.0
75,12,30.0
75,13,30.0
75,14,30.0
75,15,30.0
75,16,30.0
75,17,30.0
75,18,30.0
75,19,30.0
75,2,21.994629
75,20,30.0
75,21,30.0
75,22,30.0
75,23,30.0
75,24,30.0
75,25,30.0
75,26,30.0
75,27,30.0
75,28,30.0
75,29,30.0
75,3,27.231445
75,4,29.326172
75,5,29.89746
75,6,29.992676
75,7,30.0
75,8,30.0
75,9,30.0
76,0,0.0
76,1,12.568359
76,10,30.0
76,11,30.0
76,12,30.0
76,13,30.0
76,14,30.0
76,15,30.0
76,16,30.0
76,17,30.0
76,18,30.0
76,19,30.0
76,2,21.994629
76,20,30.0
76,21,30.0
76,22,30.0
76,23,30.0
76,24,30.0
76,25,30.0
76,26,30.0
76,27,30.0
76,28,30.0
76,29,30.0
76,3,27.231445
76,4,29.326172
76,5,29.89746
76,6,29.992676
76,7,30.0
76,8,30.0
76,9,30.0
77,0,0.0
77,1,12.568359
77,10,30.0
77,11,30.0
77,12,30.0
77,13,30.0
77,14,30.0
77,15,30.0
77,16,30.0
77,17,30.0
77,18,30.0
77,19,30.0
77,2,21.994629
77,20,30.0
77,21,30.0
77,22,30.0
77,23,30.0
77,24,30.0
77,25,30.0
77,26,30.0
77,27,30.0
77,28,30.0
77,29,30.0
77,3,27.231445
77,4,29.326172
77,5,29.89746
77,6,29.992676
77,7,30.0
77,8,30.0
77,9,30.0
78,0,0.0
78,1,12.568359
78,10,30.0
78,11,30.0
78,12,30.0
78,13,30.0
78,14,30.0
78,15,30.0
78,16,30.0
78,17,30.0
78,18,30.0
78,19,30.0
78,2,21.994629
78,20,30.0
78,21,30.0
78,22,30.0
78,23,30.0
78,24,30.0
78,25,30.0
78,26,30.0
78,27,30.0
78,28,30.0
78,29,30.0
78,3,27.231445
78,4,29.326172
78,5,29.89746
78,6,29.992676
78,7,30.0
78,8,30.0
78,9,30.0
79,0,0.0
79,1,12.568359
79,10,30.0
79,11,30.0
79,12,30.0
79,13,30.0
79,14,30.0
79,15,30.0
79,16,30.0
79,17,30.0
79,18,30.0
79,19,30.0
79,2,21.994629
79,20,30.0
79,21,30.0
79,22,30.0
79,23,30.0
79,24,30.0
79,25,30.0
79,26,30.0
79,27,30.0
79,28,30.0
79,29,30.0
79,3,27.231445
79,4,29.326172
79,5,29.89746
79,6,29.992676
79,7,30.0
79,8,30.0
79,9,30.0
8,0,0.0
8,1,12.568359
8,10,30.0
8,11,30.0
8,12,30.0
8,13,30.0
8,14,30.0
8,15,30.0
8,16,30.0
8,17,30.0
8,18,30.0
8,19,30.0
8,2,21.994629
8,20,30.0
8,21,30.0
8,22,30.0
8,23,30.0
8,24,30.0
8,25,30.0
8,26,30.0
8,27,30.0
8,28,30.0
8,29,30.0
8,3,27.231445
8,4,29.326172
8,5,29.89746
8,6,29.992676
8,7,30.0
8,8,30.0
8,9,30.0
80,0,0.0
80,1,12.568359
80,10,30.0
80,11,30.0
80,12,30.0
80,13,30.0
80,14,30.0
80,15,30.0
80,16,30.0
80,17,30.0
80,18,30.0
80,19,30.0
80,2,21.994629
80,20,30.0
80,21,30.0
80,22,30.0
80,23,30.0
80,24,30.0
80,25,30.0
80,26,30.0
80,27,30.0
80,28,30.0
80,29,30.0
80,3,27.231445
80,4,29.326172
80,5,29.89746
80,6,29.992676
80,7,30.0
80,8,30.0
80,9,30.0
81,0,0.0
81,1,12.568359
81,10,30.0
81,11,30.0
81,12,30.0
81,13,30.0
81,14,30.0
81,15,30.0
81,16,30.0
81,17,30.0
81,18,30.0
81,19,30.0
81,2,21.994629
81,20,30.0
81,21,30.0
81,22,30.0
81,23,30.0
81,24,30.0
81,25,30.0
81,26,30.0
81,27,30.0
81,28,30.0
81,29,30.0
81,3,27.231445
81,4,29.326172
81,5,29.89746
81,6,29.992676
81,7,30.0
81,8,30.0
81,9,30.0
82,0,0.0
82,1,12.568359
82,10,30.0
82,11,30.0
82,12,30.0
82,13,30.0
82,14,30.0
82,15,30.0
82,16,30.0
82,17,30.0
82,18,30.0
82,19,30.0
82,2,21.994629
82,20,30.0
82,21,30.0
82,22,30.0
82,23,30.0
82,24,30.0
82,25,30.0
82,26,30.0
82,27,30.0
82,28,30.0
82,29,30.0
82,3,27.231445
82,4,29.326172
82,5,29.89746
82,6,29.992676
82,7,30.0
82,8,30.0
82,9,30.0
83,0,0.0
83,1,12.568359
83,10,30.0
83,11,30.0
83,12,30.0
83,13,30.0
83,14,30.0
83,15,30.0
83,16,30.0
83,17,30.0
83,18,30.0
83,19,30.0
83,2,21.994629
83,20,30.0
83,21,30.0
83,22,30.0
83,23,30.0
83,24,30.0
83,25,30.0
83,26,30.0
83,27,30.0
83,28,30.0
83,29,30.0
83,3,27.231445
83,4,29.326172
83,5,29.89746
83,6,29.992676
83,7,30.0
83,8,30.0
83,9,30.0
84,0,0.0
84,1,12.568359
84,10,30.0
84,11,30.0
84,12,30.0
84,13,30.0
84,14,30.0
84,15,30.0
84,16,30.0
84,17,30.0
84,18,30.0
84,19,30.0
84,2,21.994629
84,20,30.0
84,21,30.0
84,22,30.0
84,23,30.0
84,24,30.0
84,25,30.0
84,26,30.0
84,27,30.0
84,28,30.0
84,29,30.0
84,3,27.231445
84,4,29.326172
84,5,29.89746
84,6,29.992676
84,7,30.0
84,8,30.0
84,9,30.0
85,0,0.0
85,1,12.568359
85,10,30.0
85,11,30.0
85,12,30.0
85,13,30.0
85,14,30.0
85,15,30.0
85,16,30.0
85,17,30.0
85,18,30.0
85,19,30.0
85,2,21.994629
85,20,30.0
85,21,30.0
85,22,30.0
85,23,30.0
85,24,30.0
85,25,30.0
85,26,30.0
85,27,30.0
85,28,30.0
85,29,30.0
85,3,27.231445
85,4,29.326172
85,5,29.89746
85,6,29.992676
85,7,30.0
85,8,30.0
85,9,30.0
86,0,0.0
86,1,12.568359
86,10,30.0
86,11,30.0
86,12,30.0
86,13,30.0
86,14,30.0
86,15,30.0
86,16,30.0
86,17,30.0
86,18,30.0
86,19,30.0
86,2,21.994629
86,20,30.0
86,21,30.0
86,22,30.0
86,23,30.0
86,24,30.0
86,25,30.0
86,26,30.0
86,27,30.0
86,28,30.0
86,29,30.0
86,3,27.231445
86,4,29.326172
86,5,29.89746
86,6,29.992676
86,7,30.0
86,8,30.0
86,9,30.0
87,0,0.0
87,1,12.568359
87,10,30.0
87,11,30.0
87,12,30.0
87,13,30.0
87,14,30.0
87,15,30.0
87,16,30.0
87,17,30.0
87,18,30.0
87,19,30.0
87,2,21.994629
87,20,30.0
87,21,30.0
87,22,30.0
87,23,30.0
87,24,30.0
87,25,30.0
87,26,30.0
87,27,30.0
87,28,30.0
87,29,30.0
87,3,27.231445
87,4,29.326172
87,5,29.89746
87,6,29.992676
87,7,30.0
87,8,30.0
87,9,30.0
88,0,0.0
88,1,12.568359
88,10,30.0
88,11,30.0
88,12,30.0
88,13,30.0
88,14,30.0
88,15,30.0
88,16,30.0
88,17,30.0
88,18,30.0
88,19,30.0
88,2,21.994629
88,20,30.0
88,21,30.0
88,22,30.0
88,23,30.0
88,24,30.0
88,25,30.0
88,26,30.0
88,27,30.0
88,28,30.0
88,29,30.0
88,3,27.231445
88,4,29.326172
88,5,29.89746
88,6,29.992676
88,7,30.0
88,8,30.0
88,9,30.0
89,0,0.0
89,1,12.568359
89,10,30.0
89,11,30.0
89,12,30.0
89,13,30.0
89,14,30.0
89,15,30.0
89,16,30.0
89,17,30.0
89,18,30.0
89,19,30.0
89,2,21.994629
89,20,30.0
89,21,30.0
89,22,30.0
89,23,30.0
89,24,30.0
89,25,30.0
89,26,30.0
89,27,30.0
89,28,30.0
89,29,30.0
89,3,27.231445
89,4,29.326172
89,5,29.89746
89,6,29.992676
89,7,30.0
89,8,30.0
89,9,30.0
9,0,0.0
9,1,12.568359
9,10,30.0
9,11,30.0
9,12,30.0
9,13,30.0
9,14,30.0
9,15,30.0
9,16,30.0
9,17,30.0
9,18,30.0
9,19,30.0
9,2,21.994629
9,20,30.0
9,21,30.0
9,22,30.0
9,23,30.0
9,24,30.0
9,25,30.0
9,26,30.0
9,27,30.0
9,28,30.0
9,29,30.0
9,3,27.231445
9,4,29.326172
9,5,29.89746
9,6,29.992676
9,7,30.0
9,8,30.0
9,9,30.0
90,0,0.0
90,1,12.568359
90,10,30.0
90,11,30.0
90,12,30.0
90,13,30.0
90,14,30.0
90,15,30.0
90,16,30.0
90,17,30.0
90,18,30.0
90,19,30.0
90,2,21.994629
90,20,30.0
90,21,30.0
90,22,30.0
90,23,30.0
90,24,30.0
90,25,30.0
90,26,30.0
90,27,30.0
90,28,30.0
90,29,30.0
90,3,27.231445
90,4,29.326172
90,5,29.89746
90,6,29.992676
90,7,30.0
90,8,30.0
90,9,30.0
91,0,0.0
91,1,12.568359
91,10,30.0
91,11,30.0
91,12,30.0
91,13,30.0
91,14,30.0
91,15,30.0
91,16,30.0
91,17,30.0
91,18,30.0
91,19,30.0
91,2,21.994629
91,20,30.0
91,21,30.0
91,22,30.0
91,23,30.0
91,24,30.0
91,25,30.0
91,26,30.0
91,27,30.0
91,28,30.0
91,29,30.0
91,3,27.231445
91,4,29.326172
91,5,29.89746
91,6,29.992676
91,7,30.0
91,8,30.0
91,9,30.0
92,0,0.0
92,1,12.568359
92,10,30.0
92,11,30.0
92,12,30.0
92,13,30.0
92,14,30.0
92,15,30.0
92,16,30.0
92,17,30.0
92,18,30.0
92,19,30.0
92,2,21.994629
92,20,30.0
92,21,30.0
92,22,30.0
92,23,30.0
92,24,30.0
92,25,30.0
92,26,30.0
92,27,30.0
92,28,30.0
92,29,30.0
92,3,27.231445
92,4,29.326172
92,5,29.89746
92,6,29.992676
92,7,30.0
92,8,30.0
92,9,30.0
93,0,0.0
93,1,12.585449
93,10,30.01709
93,11,30.01709
93,12,30.01709
93,13,30.01709
93,14,30.01709
93,15,30.01709
93,16,30.01709
93,17,30.01709
93,18,30.01709
93,19,30.01709
93,2,22.011719
93,20,30.01709
93,21,30.01709
93,22,30.01709
93,23,30.01709
93,24,30.01709
93,25,30.01709
93,26,30.01709
93,27,30.01709
93,28,30.01709
93,29,30.0
93,3,27.248535
93,4,29.343262
93,5,29.91455
93,6,30.009766
93,7,30.01709
93,8,30.01709
93,9,30.01709
94,0,0.0
94,1,12.729492
94,10,30.239258
94,11,30.239258
94,12,30.239258
94,13,30.239258
94,14,30.239258
94,15,30.239258
94,16,30.239258
94,17,30.239258
94,18,30.239258
94,19,30.239258
94,2,22.233887
94,20,30.239258
94,21,30.239258
94,22,30.239258
94,23,30.239258
94,24,30.239258
94,25,30.239258
94,26,30.239258
94,27,30.239258
94,28,30.153809
94,29,30.0
94,3,27.470703
94,4,29.56543
94,5,30.136719
94,6,30.231934
94,7,30.239258
94,8,30.239258
94,9,30.239258
95,0,0.0
95,1,13.569336
95,10,31.572266
95,11,31.572266
95,12,31.572266
95,13,31.572266
95,14,31.572266
95,15,31.572266
95,16,31.572266
95,17,31.572266
95,18,31.572266
95,19,31.572266
95,2,23.432617
95,20,31.572266
95,21,31.572266
95,22,31.572266
95,23,31.572266
95,24,31.572266
95,25,31.572266
95,26,31.572266
95,27,31.401367
95,28,30.957031
95,29,30.0
95,3,28.80371
95,4,30.898438
95,5,31.469727
95,6,31.564941
95,7,31.572266
95,8,31.572266
95,9,31.572266
96,0,0.0
96,1,16.577148
96,10,36.45996
96,11,36.45996
96,12,36.45996
96,13,36.45996
96,14,36.45996
96,15,36.45996
96,16,36.45996
96,17,36.45996
96,18,36.45996
96,19,36.45996
96,2,27.893066
96,20,36.45996
96,21,36.45996
96,22,36.45996
96,23,36.45996
96,24,36.45996
96,25,36.45996
96,26,36.289062
96,27,35.708008
96,28,33.708496
96,29,30.0
96,3,33.59375
96,4,35.786133
96,5,36.35742
96,6,36.452637
96,7,36.45996
96,8,36.45996
96,9,36.45996
97,0,0.0
97,1,25.256348
97,10,48.6792
97,11,48.6792
97,12,48.6792
97,13,48.6792
97,14,48.6792
97,15,48.6792
97,16,48.6792
97,17,48.6792
97,18,48.6792
97,19,48.6792
97,2,39.404297
97,20,48.6792
97,21,48.6792
97,22,48.6792
97,23,48.6792
97,24,48.6792
97,25,48.59375
97,26,48.234863
97,27,46.45752
97,28,41.398926
97,29,30.0
97,3,45.788574
97,4,47.993164
97,5,48.57666
97,6,48.671875
97,7,48.6792
97,8,48.6792
97,9,48.6792
98,0,0.0
98,1,46.58203
98,10,70.67383
98,11,70.67383
98,12,70.67383
98,13,70.67383
98,14,70.67383
98,15,70.67383
98,16,70.67383
98,17,70.67383
98,18,70.67383
98,19,70.67383
98,2,62.78076
98,20,70.67383
98,21,70.67383
98,22,70.67383
98,23,70.67383
98,24,70.65674
98,25,70.57129
98,26,69.973145
98,27,67.666016
98,28,59.018555
98,29,30.0
98,3,68.38379
98,4,70.16113
98,5,70.59082
98,6,70.666504
98,7,70.67383
98,8,70.67383
98,9,70.67383
99,0,0.0
99,1,100.0
99,10,100.0
99,11,100.0
99,12,100.0
99,13,100.0
99,14,100.0
99,15,100.0
99,16,100.0
99,17,100.0
99,18,100.0
99,19,100.0
99,2,100.0
99,20,100.0
99,21,100.0
99,22,100.0
99,23,100.0
99,24,100.0
99,25,100.0
99,26,100.0
99,27,100.0
99,28,100.0
99,29,30.0
99,3,100.0
99,4,100.0
99,5,100.0
99,6,100.0
99,7,100.0
99,8,100.0
99,9,100.0
