0,0,0.0
0,1,0.0
0,2,0.0
0,3,0.0
0,4,0.0
0,5,0.0
0,6,0.0
0,7,30.0
1,0,0.0
1,1,3.7961578
1,2,6.952133
1,3,9.132767
1,4,10.7061
1,5,12.56855
1,6,16.908684
1,7,30.0
2,0,0.0
2,1,7.3449326
2,2,13.24543
2,3,17.285118
2,4,19.742851
2,5,21.69815
2,6,24.64405
2,7,30.0
3,0,0.0
3,1,10.936813
3,2,19.514008
3,3,24.899292
3,4,27.739487
3,5,28.994637
3,6,29.498901
3,7,30.0
4,0,0.0
4,1,16.18126
4,2,27.706451
4,3,34.366608
4,4,37.206802
4,5,37.18708
4,6,34.743347
4,7,30.0
5,0,0.0
5,1,26.066322
5,2,41.421165
5,3,48.887215
5,4,51.344948
5,5,49.873886
5,6,43.36544
5,7,30.0
6,0,0.0
6,1,47.504578
6,2,64.61586
6,3,71.00639
6,4,72.57973
6,5,70.23228
6,6,60.617104
6,7,30.0
7,0,0.0
7,1,100.0
7,2,100.0
7,3,100.0
7,4,100.0
7,5,100.0
7,6,100.0
7,7,30.0
