0,0,0.0
0,1,0.0
0,10,0.0
0,11,0.0
0,12,0.0
0,13,0.0
0,14,0.0
0,15,30.0
0,2,0.0
0,3,0.0
0,4,0.0
0,5,0.0
0,6,0.0
0,7,0.0
0,8,0.0
0,9,0.0
1,0,0.0
1,1,0.63568354
1,10,5.1765337
1,11,5.9455857
1,12,7.235815
1,13,9.736558
1,14,15.342286
1,15,30.0
1,2,1.2555895
1,3,1.8458209
1,4,2.3960624
1,5,2.901059
1,6,3.3620403
1,7,3.7885756
1,8,4.2017713
1,9,4.640716
10,0,0.0
10,1,11.119955
10,10,49.44873
10,11,47.82412
10,12,45.030582
10,13,41.015293
10,14,35.87393
10,15,30.0
10,2,21.194393
10,3,29.67142
10,4,36.440987
10,5,41.62616
10,6,45.421673
10,7,48.007122
10,8,49.50952
10,9,49.99105
11,0,0.0
11,1,14.543725
11,10,57.063583
11,11,54.924496
11,12,51.284588
11,13,45.885925
11,14,38.63661
11,15,30.0
11,2,27.116257
11,3,37.072906
11,4,44.57467
11,5,50.036858
11,6,53.861828
11,7,56.350143
11,8,57.68485
11,9,57.935635
12,0,0.0
12,1,19.938692
12,10,65.945465
12,11,63.52572
12,12,59.29734
12,13,52.607227
12,14,42.786575
12,15,30.0
12,2,35.654003
12,3,46.9293
12,4,54.747917
12,5,60.0848
12,6,63.63864
12,7,65.8468
12,8,66.94409
12,9,67.00309
13,0,0.0
13,1,29.557041
13,10,76.1895
13,11,73.93556
13,12,69.77185
13,13,62.45906
13,14,49.90248
13,15,30.0
13,2,48.63178
13,3,60.242355
13,4,67.40293
13,5,71.91579
13,6,74.76114
13,7,76.45434
13,8,77.241646
13,9,77.18717
14,0,0.0
14,1,49.657692
14,10,87.68979
14,11,86.2552
14,12,83.39543
14,13,77.554695
14,14,64.36429
14,15,30.0
14,2,69.07372
14,3,78.00544
14,4,82.705666
14,5,85.41431
14,6,87.035805
14,7,87.96778
14,8,88.380974
14,9,88.31448
15,0,0.0
15,1,100.0
15,10,100.0
15,11,100.0
15,12,100.0
15,13,100.0
15,14,100.0
15,15,30.0
15,2,100.0
15,3,100.0
15,4,100.0
15,5,100.0
15,6,100.0
15,7,100.0
15,8,100.0
15,9,100.0
2,0,0.0
2,1,1.2871456
2,10,10.119835
2,11,11.369999
2,12,13.261119
2,13,16.368135
2,14,21.632587
2,15,30.0
2,2,2.5408556
2,3,3.731634
2,4,4.8373737
2,5,5.846136
2,6,6.758532
2,7,7.590494
2,8,8.377799
2,9,9.184563
3,0,0.0
3,1,1.9720452
3,10,14.748253
3,11,16.15346
3,12,18.070534
3,13,20.842278
3,14,24.819933
3,15,30.0
3,2,3.8890572
3,3,5.70249
3,4,7.37567
3,5,8.8875885
3,6,10.235462
3,7,11.437082
3,8,12.534371
3,9,13.599913
4,0,0.0
4,1,2.7119808
4,10,19.119816
4,11,20.425068
4,12,22.025284
4,13,24.110514
4,14,26.804865
4,15,30.0
4,2,5.340842
4,3,7.8136067
4,4,10.075236
4,5,12.093095
4,6,13.858662
4,7,15.388007
4,8,16.72271
4,9,17.932472
5,0,0.0
5,1,3.535039
5,10,23.373482
5,11,24.401714
5,12,25.495035
5,13,26.76963
5,14,28.289019
5,15,30.0
5,2,6.9487295
5,3,10.135867
5,4,13.018586
5,5,15.550906
5,6,17.718096
5,7,19.533596
5,8,21.036
5,9,22.287472
6,0,0.0
6,1,4.4794493
6,10,27.684944
6,11,28.313301
6,12,28.783512
6,13,29.183964
6,14,29.581581
6,15,30.0
6,2,8.783178
6,3,12.762559
6,4,16.312347
6,5,19.373867
6,6,21.929237
6,7,23.992294
6,8,25.600239
6,9,26.807951
7,0,0.0
7,1,5.5995827
7,10,32.24505
7,11,32.383034
7,12,32.141773
7,13,31.60114
7,14,30.853344
7,15,30.0
7,2,10.941984
7,3,15.818853
7,4,20.094395
7,5,23.70299
7,6,26.632717
7,7,28.90613
7,8,30.564728
7,9,31.659172
8,0,0.0
8,1,6.976903
8,10,37.253063
8,11,36.832043
8,12,35.799408
8,13,34.225487
8,14,32.230663
8,15,30.0
8,2,13.566331
8,3,19.476492
8,4,24.543398
8,5,28.711006
8,6,31.992527
8,7,34.434795
8,8,36.093395
8,9,37.018986
9,0,0.0
9,1,8.741701
9,10,42.916195
9,11,41.89267
9,12,39.99835
9,13,37.270737
9,14,33.843834
9,15,30.0
9,2,16.869953
9,3,23.977392
9,4,29.891722
9,5,34.605118
9,6,38.191616
9,7,40.747147
9,8,42.355095
9,9,43.070328
