0,0,0.0
0,1,0.0
0,10,0.0
0,11,0.0
0,12,0.0
0,13,0.0
0,14,0.0
0,15,30.0
0,2,0.0
0,3,0.0
0,4,0.0
0,5,0.0
0,6,0.0
0,7,0.0
0,8,0.0
0,9,0.0
1,0,0.0
1,1,0.6332733
1,10,5.166378
1,11,5.93686
1,12,7.2289066
1,13,9.731774
1,14,15.33984
1,15,30.0
1,2,1.2508721
1,3,1.8389978
1,4,2.3874269
1,5,2.8909817
1,6,3.3509579
1,7,3.7769675
1,8,4.190145
1,9,4.6295795
10,0,0.0
10,1,11.1095295
10,10,49.40483
10,11,47.786392
10,12,45.000717
10,13,40.994606
10,14,35.863358
10,15,30.0
10,2,21.17399
10,3,29.641909
10,4,36.403637
10,5,41.582577
10,6,45.37375
10,7,47.956924
10,8,49.45925
10,9,49.9429
11,0,0.0
11,1,14.534742
11,10,57.02575
11,11,54.89199
11,12,51.25885
11,13,45.868103
11,14,38.627495
11,15,30.0
11,2,27.098677
11,3,37.047478
11,4,44.542484
11,5,49.999306
11,6,53.820526
11,7,56.306896
11,8,57.64153
11,9,57.89415
12,0,0.0
12,1,19.931562
12,10,65.915436
12,11,63.49992
12,12,59.276917
12,13,52.593082
12,14,42.779343
12,15,30.0
12,2,35.640053
12,3,46.90912
12,4,54.72238
12,5,60.055
12,6,63.605865
12,7,65.81248
12,8,66.90971
12,9,66.97017
13,0,0.0
13,1,29.552095
13,10,76.16867
13,11,73.91767
13,12,69.75768
13,13,62.44925
13,14,49.897465
13,15,30.0
13,2,48.622105
13,3,60.228363
13,4,67.38522
13,5,71.89513
13,6,74.73841
13,7,76.43053
13,8,77.217804
13,9,77.16434
14,0,0.0
14,1,49.655163
14,10,87.67913
14,11,86.24603
14,12,83.38818
14,13,77.549675
14,14,64.361725
14,15,30.0
14,2,69.06877
14,3,77.998276
14,4,82.6966
14,5,85.40374
14,6,87.02417
14,7,87.9556
14,8,88.36877
14,9,88.302795
15,0,0.0
15,1,100.0
15,10,100.0
15,11,100.0
15,12,100.0
15,13,100.0
15,14,100.0
15,15,30.0
15,2,100.0
15,3,100.0
15,4,100.0
15,5,100.0
15,6,100.0
15,7,100.0
15,8,100.0
15,9,100.0
2,0,0.0
2,1,1.2824227
2,10,10.099935
2,11,11.3529005
2,12,13.2475815
2,13,16.358759
2,14,21.627792
2,15,30.0
2,2,2.5316112
2,3,3.7182636
2,4,4.8204517
2,5,5.8263903
2,6,6.736814
2,7,7.567749
2,8,8.355015
2,9,9.162743
3,0,0.0
3,1,1.9652013
3,10,14.7194195
3,11,16.128685
3,12,18.050917
3,13,20.82869
3,14,24.812983
3,15,30.0
3,2,3.8756616
3,3,5.6831164
3,4,7.3511486
3,5,8.858975
3,6,10.203994
3,7,11.404122
3,8,12.501361
3,9,13.568293
4,0,0.0
4,1,2.7032967
4,10,19.08323
4,11,20.393633
4,12,22.000395
4,13,24.093275
4,14,26.79605
4,15,30.0
4,2,5.323845
4,3,7.7890244
4,4,10.044123
4,5,12.056788
4,6,13.818733
4,7,15.346189
4,8,16.68082
4,9,17.892357
5,0,0.0
5,1,3.524875
5,10,23.330664
5,11,24.364925
5,12,25.465904
5,13,26.749456
5,14,28.2787
5,15,30.0
5,2,6.928836
5,3,10.107095
5,4,12.98217
5,5,15.508413
5,6,17.671364
5,7,19.48465
5,8,20.986977
5,9,22.240517
6,0,0.0
6,1,4.468232
6,10,27.63769
6,11,28.272703
6,12,28.751368
6,13,29.161705
6,14,29.570196
6,15,30.0
6,2,8.761225
6,3,12.730807
6,4,16.27216
6,5,19.326973
6,6,21.877666
6,7,23.938284
6,8,25.546139
6,9,26.756136
7,0,0.0
7,1,5.5877924
7,10,32.195385
7,11,32.340363
7,12,32.107986
7,13,31.57774
7,14,30.841377
7,15,30.0
7,2,10.918907
7,3,15.785478
7,4,20.05215
7,5,23.653698
7,6,26.578506
7,7,28.849354
7,8,30.507862
7,9,31.60471
8,0,0.0
8,1,6.9650497
8,10,37.203136
8,11,36.789146
8,12,35.76544
8,13,34.201965
8,14,32.218636
8,15,30.0
8,2,13.543131
8,3,19.442938
8,4,24.50093
8,5,28.661451
8,6,31.93803
8,7,34.377724
8,8,36.036232
8,9,36.964233
9,0,0.0
9,1,8.730309
9,10,42.868202
9,11,41.85144
9,12,39.9657
9,13,37.24813
9,14,33.832268
9,15,30.0
9,2,16.847652
9,3,23.94514
9,4,29.8509
9,5,34.557487
9,6,38.13923
9,7,40.69229
9,8,42.300148
9,9,43.0177
