0,0,0.0
0,1,0.0
0,10,0.0
0,11,0.0
0,12,0.0
0,13,0.0
0,14,0.0
0,15,0.0
0,16,0.0
0,17,0.0
0,18,0.0
0,19,0.0
0,2,0.0
0,20,0.0
0,21,0.0
0,22,0.0
0,23,0.0
0,24,0.0
0,25,0.0
0,26,0.0
0,27,0.0
0,28,0.0
0,29,30.0
0,3,0.0
0,4,0.0
0,5,0.0
0,6,0.0
0,7,0.0
0,8,0.0
0,9,0.0
1,0,0.0
1,1,0.45203173
1,10,3.2372246
1,11,3.3606415
1,12,3.456661
1,13,3.530222
1,14,3.5867949
1,15,3.6314476
1,16,3.6694846
1,17,3.706378
1,18,3.74829
1,19,3.8029835
1,2,0.8935521
1,20,3.8806477
1,21,3.9964452
1,22,4.1733327
1,23,4.4496975
1,24,4.8927584
1,25,5.6328864
1,26,6.9490747
1,27,9.519743
1,28,15.225977
1,29,30.0
1,3,1.3145399
1,4,1.7068303
1,5,2.0634708
1,6,2.3805094
1,7,2.6553252
1,8,2.8884082
1,9,3.0811236
10,0,0.0
10,1,3.2360494
10,10,23.145569
10,11,24.021362
10,12,24.696245
10,13,25.206202
10,14,25.584553
10,15,25.86309
10,16,26.069601
10,17,26.228653
10,18,26.361723
10,19,26.487242
10,2,6.395959
10,20,26.62238
10,21,26.78181
10,22,26.98014
10,23,27.229004
10,24,27.539143
10,25,27.916016
10,26,28.361048
10,27,28.867258
10,28,29.420816
10,29,30.0
10,3,9.409637
10,4,12.215491
10,5,14.767536
10,6,17.032898
10,7,18.997747
10,8,20.66052
10,9,22.035807
11,0,0.0
11,1,3.358517
11,10,24.018814
11,11,24.926264
11,12,25.625807
11,13,26.152971
11,14,26.543257
11,15,26.828365
11,16,27.036884
11,17,27.19326
11,18,27.318186
11,19,27.429573
11,2,6.6383424
11,20,27.542122
11,21,27.669327
11,22,27.821815
11,23,28.009558
11,24,28.238903
11,25,28.51442
11,26,28.83541
11,27,29.197489
11,28,29.590338
11,29,30.0
11,3,9.765623
11,4,12.678121
11,5,15.3258705
11,6,17.677345
11,7,19.715384
11,8,21.441246
11,9,22.86726
12,0,0.0
12,1,3.452919
12,10,24.68977
12,11,25.622215
12,12,26.3399
12,13,26.88055
12,14,27.279375
12,15,27.569273
12,16,27.77871
12,17,27.932096
12,18,28.049883
12,19,28.148628
12,2,6.824594
12,20,28.242458
12,21,28.34231
12,22,28.457924
12,23,28.59605
12,24,28.762405
12,25,28.959124
12,26,29.18646
12,27,29.440495
12,28,29.714859
12,29,30.0
12,3,10.039975
12,4,13.033615
12,5,15.756008
12,6,18.172552
12,7,20.267975
12,8,22.041155
12,9,23.507128
13,0,0.0
13,1,3.5237198
13,10,25.19366
13,11,26.144102
13,12,26.875795
13,13,27.426003
13,14,27.831278
13,15,28.124336
13,16,28.334072
13,17,28.48476
13,18,28.596272
13,19,28.684896
13,2,6.9647517
13,20,28.763214
13,21,28.841713
13,22,28.927912
13,23,29.028164
13,24,29.146053
13,25,29.284035
13,26,29.441599
13,27,29.616764
13,28,29.804861
13,29,30.0
13,3,10.245738
13,4,13.301045
13,5,16.07861
13,6,18.544907
13,7,20.682415
13,8,22.49198
13,9,23.987007
14,0,0.0
14,1,3.5757375
14,10,25.562456
14,11,26.52652
14,12,27.267962
14,13,27.82536
14,14,28.235004
14,15,28.53028
14,16,28.739958
14,17,28.888237
14,18,28.994854
14,19,29.07527
14,2,7.067341
14,20,29.14185
14,21,29.203636
14,22,29.267933
14,23,29.339455
14,24,29.421867
14,25,29.516537
14,26,29.62388
14,27,29.742203
14,28,29.868904
14,29,30.0
14,3,10.396876
14,4,13.496793
14,5,16.315466
14,6,18.817453
14,7,20.98652
14,8,22.821953
14,9,24.338896
15,0,0.0
15,1,3.6128924
15,10,25.826303
15,11,26.799644
15,12,27.548306
15,13,28.110527
15,14,28.523346
15,15,28.819998
15,16,29.02947
15,17,29.175869
15,18,29.278584
15,19,29.35297
15,2,7.1409073
15,20,29.410538
15,21,29.460222
15,22,29.508171
15,23,29.559122
15,24,29.615723
15,25,29.679775
15,26,29.751362
15,27,29.829908
15,28,29.913555
15,29,30.0
15,3,10.504831
15,4,13.637112
15,5,16.484646
15,6,19.012714
15,7,21.203735
15,8,23.058199
15,9,24.590233
16,0,0.0
16,1,3.638901
16,10,26.010185
16,11,26.990257
16,12,27.743668
16,13,28.309372
16,14,28.724224
16,15,29.021812
16,16,29.23103
16,17,29.375935
16,18,29.475857
16,19,29.545704
16,2,7.1921816
16,20,29.59693
16,21,29.637735
16,22,29.674276
16,23,29.71049
16,24,29.74923
16,25,29.791784
16,26,29.838827
16,27,29.889889
16,28,29.944117
16,29,30.0
16,3,10.580378
16,4,13.73491
16,5,16.602982
16,6,19.148806
16,7,21.355564
16,8,23.22285
16,9,24.765783
17,0,0.0
17,1,3.6565871
17,10,26.13546
17,11,27.119865
17,12,27.87665
17,13,28.44456
17,14,28.860836
17,15,29.158966
17,16,29.367952
17,17,29.511799
17,18,29.609652
17,19,29.676395
17,2,7.2272058
17,20,29.723055
17,21,29.757833
17,22,29.786335
17,23,29.812592
17,24,29.838982
17,25,29.8671
17,26,29.897444
17,27,29.930122
17,28,29.964561
17,29,30.0
17,3,10.631751
17,4,13.801685
17,5,16.683447
17,6,19.241669
17,7,21.458803
17,8,23.335117
17,9,24.88515
18,0,0.0
18,1,3.6683772
18,10,26.21856
18,11,27.205978
18,12,27.964857
18,13,28.534298
18,14,28.951435
18,15,29.249924
18,16,29.458717
18,17,29.601791
18,18,29.698267
18,19,29.762815
18,2,7.2504406
18,20,29.806463
18,21,29.83707
18,22,29.860281
18,23,29.879768
18,24,29.898062
18,25,29.916515
18,26,29.93594
18,27,29.956463
18,28,29.97797
18,29,30.0
18,3,10.665987
18,4,13.845982
18,5,16.737043
18,6,19.303268
18,7,21.52752
18,8,23.409586
18,9,24.96453
19,0,0.0
19,1,3.6760066
19,10,26.272446
19,11,27.261696
19,12,28.022003
19,13,28.592361
19,14,29.010078
19,15,29.308762
19,16,29.517412
19,17,29.659977
19,18,29.755495
19,19,29.818638
19,2,7.2655516
19,20,29.860237
19,21,29.888172
19,22,29.907852
19,23,29.923014
19,24,29.935982
19,25,29.948265
19,26,29.960596
19,27,29.973362
19,28,29.986546
19,29,30.0
19,3,10.688142
19,4,13.874779
19,5,16.77172
19,6,19.343288
19,7,21.571976
19,8,23.457924
19,9,25.01589
2,0,0.0
2,1,0.89355075
2,10,6.398208
2,11,6.6423807
2,12,6.831744
2,13,6.977112
2,14,7.088414
2,15,7.176124
2,16,7.2502584
2,17,7.3214025
2,18,7.401408
2,19,7.50438
2,2,1.7660794
2,20,7.6494217
2,21,7.8627744
2,22,8.184518
2,23,8.676273
2,24,9.440119
2,25,10.649408
2,26,12.612999
2,27,15.882853
2,28,21.373638
2,29,30.0
2,3,2.5984862
2,4,3.3734984
2,5,4.078852
2,6,4.705002
2,7,5.2486496
2,8,5.708835
2,9,6.0901346
20,0,0.0
20,1,3.6808481
20,10,26.30645
20,11,27.29692
20,12,28.058064
20,13,28.629034
20,14,29.047081
20,15,29.345892
20,16,29.554436
20,17,29.696653
20,18,29.791576
20,19,29.853783
20,2,7.2750883
20,20,29.894108
20,21,29.920296
20,22,29.937777
20,23,29.950148
20,24,29.959799
20,25,29.968145
20,26,29.97606
20,27,29.98393
20,28,29.99192
20,29,30.0
20,3,10.702195
20,4,13.89295
20,5,16.793709
20,6,19.368538
20,7,21.600143
20,8,23.488426
20,9,25.048395
21,0,0.0
21,1,3.6838274
21,10,26.327427
21,11,27.318594
21,12,28.080288
21,13,28.6516
21,14,29.069868
21,15,29.368736
21,16,29.577213
21,17,29.71922
21,18,29.813751
21,19,29.87539
21,2,7.2809906
21,20,29.914898
21,21,29.940027
21,22,29.956116
21,23,29.966791
21,24,29.974371
21,25,29.98033
21,26,29.98551
21,27,29.990398
21,28,29.995201
21,29,30.0
21,3,10.710844
21,4,13.904192
21,5,16.807238
21,6,19.384148
21,7,21.61747
21,8,23.507261
21,9,25.068396
22,0,0.0
22,1,3.6856265
22,10,26.340012
22,11,27.331629
22,12,28.09362
22,13,28.665157
22,14,29.083536
22,15,29.38245
22,16,29.590878
22,17,29.732746
22,18,29.82705
22,19,29.88833
22,2,7.2845325
22,20,29.92736
22,21,29.951832
22,22,29.967102
22,23,29.97674
22,24,29.983091
22,25,29.987602
22,26,29.991161
22,27,29.994259
22,28,29.997162
22,29,30.0
22,3,10.7160635
22,4,13.910938
22,5,16.815395
22,6,19.393513
22,7,21.62791
22,8,23.518562
22,9,25.080433
23,0,0.0
23,1,3.686679
23,10,26.347393
23,11,27.339249
23,12,28.101435
23,13,28.673084
23,14,29.091537
23,15,29.39047
23,16,29.59887
23,17,29.740658
23,18,29.834822
23,19,29.8959
23,2,7.286617
23,20,29.934637
23,21,29.958733
23,22,29.973507
23,23,29.982548
23,24,29.988173
23,25,29.991844
23,26,29.994452
23,27,29.99651
23,28,29.998306
23,29,30.0
23,3,10.719117
23,4,13.914906
23,5,16.82017
23,6,19.399017
23,7,21.63402
23,8,23.525196
23,9,25.087473
24,0,0.0
24,1,3.6872826
24,10,26.351599
24,11,27.343605
24,12,28.105885
24,13,28.67761
24,14,29.096102
24,15,29.395042
24,16,29.603426
24,17,29.745167
24,18,29.839252
24,19,29.900211
24,2,7.2878065
24,20,29.938786
24,21,29.962662
24,22,29.977161
24,23,29.985851
24,24,29.991066
24,25,29.994259
24,26,29.996323
24,27,29.997787
24,28,29.998955
24,29,30.0
24,3,10.720868
24,4,13.917168
24,5,16.822905
24,6,19.402155
24,7,21.637518
24,8,23.528978
24,9,25.0915
25,0,0.0
25,1,3.6876185
25,10,26.353945
25,11,27.346024
25,12,28.108364
25,13,28.680124
25,14,29.098637
25,15,29.397585
25,16,29.605957
25,17,29.747673
25,18,29.841713
25,19,29.902603
25,2,7.2884707
25,20,29.941088
25,21,29.964842
25,22,29.979185
25,23,29.98769
25,24,29.992672
25,25,29.995596
25,26,29.997364
25,27,29.998497
25,28,29.999313
25,29,30.0
25,3,10.721843
25,4,13.918434
25,5,16.824425
25,6,19.403908
25,7,21.63946
25,8,23.531088
25,9,25.093737
26,0,0.0
26,1,3.6878014
26,10,26.355213
26,11,27.347336
26,12,28.109705
26,13,28.681488
26,14,29.100012
26,15,29.398962
26,16,29.607328
26,17,29.749031
26,18,29.843044
26,19,29.9039
26,2,7.2888317
26,20,29.942333
26,21,29.966022
26,22,29.980282
26,23,29.988682
26,24,29.99354
26,25,29.996323
26,26,29.997921
26,27,29.998882
26,28,29.999508
26,29,30.0
26,3,10.722373
26,4,13.919119
26,5,16.825254
26,6,19.404858
26,7,21.640518
26,8,23.53223
26,9,25.094954
27,0,0.0
27,1,3.6878982
27,10,26.355886
27,11,27.348028
27,12,28.110416
27,13,28.682207
27,14,29.100735
27,15,29.399689
27,16,29.608053
27,17,29.749746
27,18,29.843748
27,19,29.904587
27,2,7.2890224
27,20,29.942993
27,21,29.966644
27,22,29.980862
27,23,29.989204
27,24,29.994
27,25,29.996702
27,26,29.99822
27,27,29.99908
27,28,29.999613
27,29,30.0
27,3,10.722652
27,4,13.919483
27,5,16.82569
27,6,19.405361
27,7,21.641075
27,8,23.532835
27,9,25.095594
28,0,0.0
28,1,3.6879478
28,10,26.35623
28,11,27.348385
28,12,28.11078
28,13,28.682575
28,14,29.101109
28,15,29.400059
28,16,29.608423
28,17,29.750114
28,18,29.844112
28,19,29.904938
28,2,7.289121
28,20,29.943329
28,21,29.966965
28,22,29.981157
28,23,29.989475
28,24,29.994232
28,25,29.9969
28,26,29.998371
28,27,29.999187
28,28,29.999664
28,29,30.0
28,3,10.722797
28,4,13.91967
28,5,16.825916
28,6,19.405619
28,7,21.641363
28,8,23.533146
28,9,25.095924
29,0,0.0
29,1,3.687973
29,10,26.356403
29,11,27.348564
29,12,28.110962
29,13,28.682758
29,14,29.101295
29,15,29.400248
29,16,29.608608
29,17,29.750298
29,18,29.844292
29,19,29.905113
29,2,7.2891703
29,20,29.943499
29,21,29.967123
29,22,29.981308
29,23,29.989609
29,24,29.99435
29,25,29.996998
29,26,29.998447
29,27,29.999239
29,28,29.999691
29,29,30.0
29,3,10.72287
29,4,13.919764
29,5,16.82603
29,6,19.40575
29,7,21.641506
29,8,23.533302
29,9,25.096092
3,0,0.0
3,1,1.3145342
3,10,9.412739
3,11,9.7712345
3,12,10.049851
3,13,10.262868
3,14,10.42593
3,15,10.553426
3,16,10.660131
3,17,10.760904
3,18,10.871865
3,19,11.012441
3,2,2.5984788
3,20,11.206687
3,21,11.488276
3,22,11.903743
3,23,12.522755
3,24,13.447804
3,25,14.834619
3,26,16.910786
3,27,19.984818
3,28,24.365154
3,29,30.0
3,3,3.8227134
3,4,4.963435
3,5,6.00049
3,6,6.922302
3,7,7.7213364
3,8,8.398928
3,9,8.959123
30,0,0.0
30,1,3.6879854
30,10,26.35649
30,11,27.348652
30,12,28.111052
30,13,28.68285
30,14,29.101385
30,15,29.40034
30,16,29.608702
30,17,29.750387
30,18,29.84438
30,19,29.905197
30,2,7.289194
30,20,29.94358
30,21,29.967201
30,22,29.981379
30,23,29.989676
30,24,29.994408
30,25,29.997046
30,26,29.998486
30,27,29.999264
30,28,29.999704
30,29,30.0
30,3,10.722906
30,4,13.919809
30,5,16.826084
30,6,19.405815
30,7,21.641577
30,8,23.53338
30,9,25.09617
31,0,0.0
31,1,3.6879911
31,10,26.356525
31,11,27.348694
31,12,28.111092
31,13,28.682896
31,14,29.101427
31,15,29.400383
31,16,29.608744
31,17,29.750431
31,18,29.84442
31,19,29.90524
31,2,7.2892065
31,20,29.943619
31,21,29.96724
31,22,29.981413
31,23,29.989704
31,24,29.994434
31,25,29.997066
31,26,29.998503
31,27,29.999277
31,28,29.99971
31,29,30.0
31,3,10.722922
31,4,13.919832
31,5,16.826113
31,6,19.405844
31,7,21.641613
31,8,23.533415
31,9,25.096212
32,0,0.0
32,1,3.687994
32,10,26.356548
32,11,27.348711
32,12,28.111115
32,13,28.682913
32,14,29.101448
32,15,29.400402
32,16,29.608765
32,17,29.75045
32,18,29.84444
32,19,29.905256
32,2,7.2892118
32,20,29.943638
32,21,29.967257
32,22,29.98143
32,23,29.989721
32,24,29.994448
32,25,29.99708
32,26,29.99851
32,27,29.999283
32,28,29.999714
32,29,30.0
32,3,10.722931
32,4,13.919842
32,5,16.826124
32,6,19.405859
32,7,21.641628
32,8,23.533434
32,9,25.096226
33,0,0.0
33,1,3.6879954
33,10,26.356556
33,11,27.34872
33,12,28.111122
33,13,28.682922
33,14,29.101456
33,15,29.400412
33,16,29.608772
33,17,29.750458
33,18,29.844448
33,19,29.905266
33,2,7.289214
33,20,29.943645
33,21,29.967264
33,22,29.981438
33,23,29.989727
33,24,29.994457
33,25,29.997084
33,26,29.998516
33,27,29.999285
33,28,29.999714
33,29,30.0
33,3,10.722934
33,4,13.919846
33,5,16.82613
33,6,19.405865
33,7,21.641636
33,8,23.53344
33,9,25.096237
34,0,0.0
34,1,3.687996
34,10,26.35656
34,11,27.348724
34,12,28.111126
34,13,28.682926
34,14,29.10146
34,15,29.400414
34,16,29.608776
34,17,29.750462
34,18,29.844452
34,19,29.905268
34,2,7.289215
34,20,29.94365
34,21,29.96727
34,22,29.981438
34,23,29.98973
34,24,29.994453
34,25,29.99709
34,26,29.998518
34,27,29.999287
34,28,29.999716
34,29,30.0
34,3,10.722937
34,4,13.919849
34,5,16.826134
34,6,19.405869
34,7,21.64164
34,8,23.533443
34,9,25.09624
35,0,0.0
35,1,3.687996
35,10,26.35656
35,11,27.348726
35,12,28.11113
35,13,28.682926
35,14,29.101463
35,15,29.400415
35,16,29.60878
35,17,29.750463
35,18,29.844454
35,19,29.905273
35,2,7.289216
35,20,29.943653
35,21,29.967268
35,22,29.981443
35,23,29.989729
35,24,29.99446
35,25,29.997086
35,26,29.998518
35,27,29.999287
35,28,29.999716
35,29,30.0
35,3,10.722938
35,4,13.91985
35,5,16.826134
35,6,19.405869
35,7,21.64164
35,8,23.533443
35,9,25.096241
36,0,0.0
36,1,3.6879964
36,10,26.35656
36,11,27.34873
36,12,28.11113
36,13,28.68293
36,14,29.101463
36,15,29.400417
36,16,29.60878
36,17,29.750465
36,18,29.844456
36,19,29.905272
36,2,7.2892156
36,20,29.943653
36,21,29.967272
36,22,29.981441
36,23,29.98973
36,24,29.99446
36,25,29.99709
36,26,29.998518
36,27,29.999287
36,28,29.999716
36,29,30.0
36,3,10.722938
36,4,13.91985
36,5,16.826134
36,6,19.405869
36,7,21.64164
36,8,23.533443
36,9,25.096243
37,0,0.0
37,1,3.687996
37,10,26.356564
37,11,27.348728
37,12,28.11113
37,13,28.68293
37,14,29.101463
37,15,29.400417
37,16,29.60878
37,17,29.750465
37,18,29.844454
37,19,29.905273
37,2,7.289216
37,20,29.943653
37,21,29.96727
37,22,29.981441
37,23,29.98973
37,24,29.99446
37,25,29.99709
37,26,29.998518
37,27,29.999287
37,28,29.999716
37,29,30.0
37,3,10.722938
37,4,13.91985
37,5,16.826134
37,6,19.40587
37,7,21.64164
37,8,23.533447
37,9,25.096241
38,0,0.0
38,1,3.6879964
38,10,26.356562
38,11,27.34873
38,12,28.11113
38,13,28.68293
38,14,29.101463
38,15,29.400417
38,16,29.60878
38,17,29.750465
38,18,29.844456
38,19,29.905272
38,2,7.2892156
38,20,29.943653
38,21,29.96727
38,22,29.981441
38,23,29.98973
38,24,29.99446
38,25,29.997086
38,26,29.998518
38,27,29.999287
38,28,29.999716
38,29,30.0
38,3,10.722938
38,4,13.91985
38,5,16.826134
38,6,19.40587
38,7,21.641642
38,8,23.533447
38,9,25.096243
39,0,0.0
39,1,3.6879961
39,10,26.356564
39,11,27.348728
39,12,28.11113
39,13,28.68293
39,14,29.101463
39,15,29.400417
39,16,29.60878
39,17,29.750465
39,18,29.844454
39,19,29.905273
39,2,7.289216
39,20,29.943651
39,21,29.96727
39,22,29.98144
39,23,29.98973
39,24,29.994457
39,25,29.997087
39,26,29.998518
39,27,29.999289
39,28,29.999716
39,29,30.0
39,3,10.722938
39,4,13.91985
39,5,16.826134
39,6,19.40587
39,7,21.641642
39,8,23.533447
39,9,25.096243
4,0,0.0
4,1,1.7068133
4,10,12.219193
4,11,12.68479
4,12,13.045418
4,13,13.321401
4,14,13.53138
4,15,13.694639
4,16,13.829226
4,17,13.953522
4,18,14.087093
4,19,14.251739
4,2,3.3734708
4,20,14.474993
4,21,14.79126
4,22,15.248207
4,23,15.909074
4,24,16.861721
4,25,18.22041
4,26,20.126944
4,27,22.722954
4,28,26.073404
4,29,30.0
4,3,4.9634094
4,4,6.443719
4,5,7.7908354
4,6,8.986673
4,7,10.024769
4,8,10.90345
4,9,11.631282
40,0,0.0
40,1,3.687996
40,10,26.35656
40,11,27.34873
40,12,28.111126
40,13,28.682932
40,14,29.101463
40,15,29.400417
40,16,29.608778
40,17,29.750465
40,18,29.844456
40,19,29.905272
40,2,7.289216
40,20,29.943651
40,21,29.96727
40,22,29.98144
40,23,29.989729
40,24,29.994457
40,25,29.997086
40,26,29.998516
40,27,29.999287
40,28,29.999716
40,29,30.0
40,3,10.722937
40,4,13.91985
40,5,16.826134
40,6,19.405869
40,7,21.64164
40,8,23.533447
40,9,25.096245
41,0,0.0
41,1,3.687996
41,10,26.356564
41,11,27.348724
41,12,28.111132
41,13,28.682926
41,14,29.101465
41,15,29.400415
41,16,29.60878
41,17,29.750462
41,18,29.844454
41,19,29.90527
41,2,7.289215
41,20,29.943651
41,21,29.967268
41,22,29.981441
41,23,29.98973
41,24,29.994457
41,25,29.997087
41,26,29.998516
41,27,29.999287
41,28,29.999714
41,29,30.0
41,3,10.722937
41,4,13.919849
41,5,16.826132
41,6,19.40587
41,7,21.64164
41,8,23.533447
41,9,25.096241
42,0,0.0
42,1,3.687996
42,10,26.35656
42,11,27.34873
42,12,28.111126
42,13,28.682932
42,14,29.101463
42,15,29.400417
42,16,29.608778
42,17,29.750465
42,18,29.844452
42,19,29.905272
42,2,7.289215
42,20,29.94365
42,21,29.96727
42,22,29.98144
42,23,29.989729
42,24,29.994457
42,25,29.997086
42,26,29.998516
42,27,29.999287
42,28,29.999716
42,29,30.0
42,3,10.722937
42,4,13.9198475
42,5,16.826134
42,6,19.405869
42,7,21.641642
42,8,23.533443
42,9,25.096243
43,0,0.0
43,1,3.687996
43,10,26.356564
43,11,27.348726
43,12,28.11113
43,13,28.682928
43,14,29.101465
43,15,29.400415
43,16,29.60878
43,17,29.750462
43,18,29.844456
43,19,29.90527
43,2,7.289215
43,20,29.943653
43,21,29.967268
43,22,29.981441
43,23,29.98973
43,24,29.994457
43,25,29.997086
43,26,29.998516
43,27,29.999287
43,28,29.999714
43,29,30.0
43,3,10.722937
43,4,13.919848
43,5,16.826132
43,6,19.405869
43,7,21.641638
43,8,23.533443
43,9,25.09624
44,0,0.0
44,1,3.687996
44,10,26.35656
44,11,27.348728
44,12,28.111126
44,13,28.682932
44,14,29.101461
44,15,29.400417
44,16,29.608776
44,17,29.750465
44,18,29.844454
44,19,29.905272
44,2,7.289215
44,20,29.94365
44,21,29.96727
44,22,29.981438
44,23,29.98973
44,24,29.994457
44,25,29.997086
44,26,29.998516
44,27,29.999287
44,28,29.999714
44,29,30.0
44,3,10.722937
44,4,13.9198475
44,5,16.826134
44,6,19.405869
44,7,21.64164
44,8,23.533443
44,9,25.096241
45,0,0.0
45,1,3.687996
45,10,26.35656
45,11,27.348724
45,12,28.11113
45,13,28.68293
45,14,29.101465
45,15,29.400417
45,16,29.60878
45,17,29.750462
45,18,29.844456
45,19,29.90527
45,2,7.289215
45,20,29.943653
45,21,29.967268
45,22,29.981443
45,23,29.989727
45,24,29.994457
45,25,29.997084
45,26,29.998516
45,27,29.999285
45,28,29.999714
45,29,30.0
45,3,10.722936
45,4,13.919848
45,5,16.826134
45,6,19.405869
45,7,21.64164
45,8,23.533443
45,9,25.096241
46,0,0.0
46,1,3.6879957
46,10,26.35656
46,11,27.348728
46,12,28.111126
46,13,28.68293
46,14,29.101463
46,15,29.400417
46,16,29.608778
46,17,29.750465
46,18,29.844452
46,19,29.905272
46,2,7.2892146
46,20,29.94365
46,21,29.967274
46,22,29.981438
46,23,29.98973
46,24,29.994457
46,25,29.997086
46,26,29.998516
46,27,29.999287
46,28,29.999714
46,29,30.0
46,3,10.722937
46,4,13.919848
46,5,16.826134
46,6,19.405869
46,7,21.64164
46,8,23.533447
46,9,25.096241
47,0,0.0
47,1,3.687996
47,10,26.356562
47,11,27.348724
47,12,28.11113
47,13,28.68293
47,14,29.101463
47,15,29.400415
47,16,29.60878
47,17,29.750462
47,18,29.844456
47,19,29.90527
47,2,7.2892146
47,20,29.943651
47,21,29.967268
47,22,29.981441
47,23,29.989729
47,24,29.994457
47,25,29.997086
47,26,29.998516
47,27,29.999283
47,28,29.999714
47,29,30.0
47,3,10.722937
47,4,13.9198475
47,5,16.826134
47,6,19.405867
47,7,21.64164
47,8,23.533447
47,9,25.096241
48,0,0.0
48,1,3.687996
48,10,26.35656
48,11,27.348726
48,12,28.111126
48,13,28.682926
48,14,29.101461
48,15,29.400417
48,16,29.608774
48,17,29.750465
48,18,29.844452
48,19,29.905272
48,2,7.2892156
48,20,29.94365
48,21,29.96727
48,22,29.98144
48,23,29.98973
48,24,29.994457
48,25,29.997086
48,26,29.998516
48,27,29.999287
48,28,29.999714
48,29,30.0
48,3,10.722937
48,4,13.919849
48,5,16.826134
48,6,19.405869
48,7,21.64164
48,8,23.533443
48,9,25.096241
49,0,0.0
49,1,3.687996
49,10,26.35656
49,11,27.348724
49,12,28.111126
49,13,28.68293
49,14,29.101463
49,15,29.400414
49,16,29.60878
49,17,29.750463
49,18,29.844456
49,19,29.90527
49,2,7.289215
49,20,29.943651
49,21,29.96727
49,22,29.98144
49,23,29.989729
49,24,29.994457
49,25,29.997086
49,26,29.998516
49,27,29.999283
49,28,29.999714
49,29,30.0
49,3,10.722937
49,4,13.919849
49,5,16.826134
49,6,19.405869
49,7,21.64164
49,8,23.533443
49,9,25.096241
5,0,0.0
5,1,2.063431
5,10,14.771503
5,11,15.333101
5,12,15.768749
5,13,16.10067
5,14,16.352732
5,15,16.546635
5,16,16.703987
5,17,16.845585
5,18,16.992653
5,19,17.168917
5,2,4.0787807
5,20,17.401083
5,21,17.723255
5,22,18.176785
5,23,18.815943
5,24,19.705898
5,25,20.924587
5,26,22.549623
5,27,24.636818
5,28,27.169785
5,29,30.0
5,3,6.0004044
5,4,7.7907667
5,5,9.418416
5,6,10.864943
5,7,12.1187725
5,8,13.181733
5,9,14.060411
50,0,0.0
50,1,3.687996
50,10,26.35656
50,11,27.348724
50,12,28.111126
50,13,28.68293
50,14,29.101461
50,15,29.400417
50,16,29.608778
50,17,29.750463
50,18,29.844452
50,19,29.905273
50,2,7.289216
50,20,29.94365
50,21,29.967268
50,22,29.981441
50,23,29.989729
50,24,29.994457
50,25,29.997086
50,26,29.998516
50,27,29.999283
50,28,29.999714
50,29,30.0
50,3,10.722937
50,4,13.919849
50,5,16.826134
50,6,19.405869
50,7,21.64164
50,8,23.533443
50,9,25.096241
51,0,0.0
51,1,3.687996
51,10,26.35656
51,11,27.348728
51,12,28.111126
51,13,28.68293
51,14,29.101463
51,15,29.400415
51,16,29.608776
51,17,29.750463
51,18,29.844456
51,19,29.90527
51,2,7.289215
51,20,29.94365
51,21,29.967268
51,22,29.981438
51,23,29.98973
51,24,29.994457
51,25,29.997086
51,26,29.998516
51,27,29.999283
51,28,29.999714
51,29,30.0
51,3,10.722937
51,4,13.919849
51,5,16.826134
51,6,19.405869
51,7,21.64164
51,8,23.533443
51,9,25.096241
52,0,0.0
52,1,3.687996
52,10,26.356562
52,11,27.348726
52,12,28.11113
52,13,28.68293
52,14,29.101463
52,15,29.400417
52,16,29.608776
52,17,29.750463
52,18,29.844452
52,19,29.905272
52,2,7.289216
52,20,29.94365
52,21,29.967268
52,22,29.98144
52,23,29.98973
52,24,29.994457
52,25,29.997086
52,26,29.998516
52,27,29.999287
52,28,29.999714
52,29,30.0
52,3,10.722937
52,4,13.919849
52,5,16.826134
52,6,19.405867
52,7,21.641638
52,8,23.533445
52,9,25.09624
53,0,0.0
53,1,3.687996
53,10,26.35656
53,11,27.348726
53,12,28.111128
53,13,28.68293
53,14,29.101465
53,15,29.400415
53,16,29.608778
53,17,29.750462
53,18,29.844454
53,19,29.90527
53,2,7.2892156
53,20,29.943651
53,21,29.967268
53,22,29.98144
53,23,29.98973
53,24,29.994457
53,25,29.997084
53,26,29.998516
53,27,29.999285
53,28,29.999714
53,29,30.0
53,3,10.722937
53,4,13.919849
53,5,16.826134
53,6,19.405869
53,7,21.64164
53,8,23.533443
53,9,25.096241
54,0,0.0
54,1,3.687996
54,10,26.35656
54,11,27.348724
54,12,28.111128
54,13,28.68293
54,14,29.101461
54,15,29.400417
54,16,29.608778
54,17,29.750463
54,18,29.844454
54,19,29.905272
54,2,7.289216
54,20,29.94365
54,21,29.96727
54,22,29.98144
54,23,29.98973
54,24,29.994457
54,25,29.997086
54,26,29.998516
54,27,29.999287
54,28,29.999714
54,29,30.0
54,3,10.722937
54,4,13.919849
54,5,16.826134
54,6,19.405869
54,7,21.641638
54,8,23.533447
54,9,25.09624
55,0,0.0
55,1,3.6879961
55,10,26.35656
55,11,27.348724
55,12,28.111126
55,13,28.68293
55,14,29.101463
55,15,29.400415
55,16,29.608778
55,17,29.750463
55,18,29.844454
55,19,29.90527
55,2,7.289215
55,20,29.943651
55,21,29.967268
55,22,29.981441
55,23,29.98973
55,24,29.994457
55,25,29.997086
55,26,29.998516
55,27,29.999285
55,28,29.999716
55,29,30.0
55,3,10.722937
55,4,13.919849
55,5,16.826134
55,6,19.405869
55,7,21.641642
55,8,23.533443
55,9,25.096241
56,0,0.0
56,1,3.687996
56,10,26.356562
56,11,27.348724
56,12,28.111126
56,13,28.68293
56,14,29.101461
56,15,29.400417
56,16,29.608778
56,17,29.750463
56,18,29.844454
56,19,29.905272
56,2,7.289216
56,20,29.94365
56,21,29.967268
56,22,29.981441
56,23,29.98973
56,24,29.994457
56,25,29.997086
56,26,29.998516
56,27,29.999287
56,28,29.999714
56,29,30.0
56,3,10.722937
56,4,13.91985
56,5,16.826132
56,6,19.40587
56,7,21.64164
56,8,23.533447
56,9,25.096241
57,0,0.0
57,1,3.687996
57,10,26.35656
57,11,27.348724
57,12,28.111126
57,13,28.68293
57,14,29.101465
57,15,29.400415
57,16,29.608776
57,17,29.750463
57,18,29.844454
57,19,29.90527
57,2,7.2892146
57,20,29.943651
57,21,29.967268
57,22,29.98144
57,23,29.98973
57,24,29.994457
57,25,29.997086
57,26,29.998516
57,27,29.999285
57,28,29.999714
57,29,30.0
57,3,10.722938
57,4,13.9198475
57,5,16.826134
57,6,19.405869
57,7,21.641642
57,8,23.533447
57,9,25.096241
58,0,0.0
58,1,3.6879957
58,10,26.35656
58,11,27.348726
58,12,28.11113
58,13,28.68293
58,14,29.101463
58,15,29.400415
58,16,29.60878
58,17,29.750463
58,18,29.844452
58,19,29.90527
58,2,7.289216
58,20,29.94365
58,21,29.967268
58,22,29.981438
58,23,29.98973
58,24,29.994457
58,25,29.997086
58,26,29.998516
58,27,29.999287
58,28,29.999716
58,29,30.0
58,3,10.722936
58,4,13.919849
58,5,16.826134
58,6,19.40587
58,7,21.64164
58,8,23.533443
58,9,25.096241
59,0,0.0
59,1,3.687996
59,10,26.35656
59,11,27.348728
59,12,28.111128
59,13,28.68293
59,14,29.101463
59,15,29.400417
59,16,29.608776
59,17,29.750465
59,18,29.844454
59,19,29.90527
59,2,7.2892146
59,20,29.94365
59,21,29.967268
59,22,29.98144
59,23,29.98973
59,24,29.994457
59,25,29.997086
59,26,29.998516
59,27,29.999287
59,28,29.999714
59,29,30.0
59,3,10.722937
59,4,13.9198475
59,5,16.826134
59,6,19.405867
59,7,21.64164
59,8,23.533443
59,9,25.096241
6,0,0.0
6,1,2.3804235
6,10,17.03683
6,11,17.68456
6,12,18.185396
6,13,18.567047
6,14,18.85494
6,15,19.074696
6,16,19.24964
6,17,19.402412
6,18,19.555515
6,19,19.731909
6,2,4.704842
6,20,19.957985
6,21,20.262945
6,22,20.683056
6,23,21.25906
6,24,22.039007
6,25,23.070402
6,26,24.394487
6,27,26.025467
6,28,27.92921
6,29,30.0
6,3,6.9220953
6,4,8.986458
6,5,10.864785
6,6,12.532157
6,7,13.979216
6,8,15.203974
6,9,16.218014
60,0,0.0
60,1,3.6879954
60,10,26.356564
60,11,27.348724
60,12,28.11113
60,13,28.68293
60,14,29.101465
60,15,29.400415
60,16,29.608778
60,17,29.750463
60,18,29.844454
60,19,29.90527
60,2,7.289216
60,20,29.94365
60,21,29.967268
60,22,29.98144
60,23,29.989729
60,24,29.994457
60,25,29.997086
60,26,29.998516
60,27,29.999287
60,28,29.999714
60,29,30.0
60,3,10.722935
60,4,13.91985
60,5,16.82613
60,6,19.405869
60,7,21.641638
60,8,23.533447
60,9,25.096241
61,0,0.0
61,1,3.687996
61,10,26.35656
61,11,27.348728
61,12,28.111128
61,13,28.682932
61,14,29.101463
61,15,29.400415
61,16,29.608776
61,17,29.750463
61,18,29.844454
61,19,29.905272
61,2,7.289214
61,20,29.94365
61,21,29.96727
61,22,29.98144
61,23,29.98973
61,24,29.994457
61,25,29.997086
61,26,29.998516
61,27,29.999285
61,28,29.999714
61,29,30.0
61,3,10.722938
61,4,13.919847
61,5,16.826134
61,6,19.405867
61,7,21.64164
61,8,23.533443
61,9,25.096243
62,0,0.0
62,1,3.6879954
62,10,26.356564
62,11,27.348728
62,12,28.11113
62,13,28.68293
62,14,29.101463
62,15,29.400417
62,16,29.608778
62,17,29.750465
62,18,29.844456
62,19,29.905272
62,2,7.289216
62,20,29.943651
62,21,29.96727
62,22,29.981441
62,23,29.98973
62,24,29.994457
62,25,29.997086
62,26,29.998516
62,27,29.999287
62,28,29.999714
62,29,30.0
62,3,10.722935
62,4,13.91985
62,5,16.82613
62,6,19.405869
62,7,21.641638
62,8,23.533447
62,9,25.096241
63,0,0.0
63,1,3.6879961
63,10,26.35656
63,11,27.348728
63,12,28.11113
63,13,28.68293
63,14,29.101467
63,15,29.400417
63,16,29.60878
63,17,29.750465
63,18,29.844456
63,19,29.905272
63,2,7.289214
63,20,29.943653
63,21,29.96727
63,22,29.981441
63,23,29.98973
63,24,29.994457
63,25,29.997086
63,26,29.998516
63,27,29.999287
63,28,29.999714
63,29,30.0
63,3,10.722938
63,4,13.919847
63,5,16.826136
63,6,19.405867
63,7,21.64164
63,8,23.533443
63,9,25.096243
64,0,0.0
64,1,3.687996
64,10,26.356564
64,11,27.34873
64,12,28.111132
64,13,28.682932
64,14,29.101467
64,15,29.400421
64,16,29.608782
64,17,29.75047
64,18,29.844456
64,19,29.905273
64,2,7.289216
64,20,29.943653
64,21,29.967274
64,22,29.981443
64,23,29.989733
64,24,29.99446
64,25,29.997087
64,26,29.998516
64,27,29.999283
64,28,29.999716
64,29,30.0
64,3,10.722936
64,4,13.919851
64,5,16.826132
64,6,19.405872
64,7,21.64164
64,8,23.533447
64,9,25.096241
65,0,0.0
65,1,3.6879969
65,10,26.356564
65,11,27.348734
65,12,28.111134
65,13,28.682938
65,14,29.10147
65,15,29.400423
65,16,29.608786
65,17,29.750471
65,18,29.844461
65,19,29.905277
65,2,7.289216
65,20,29.943659
65,21,29.967274
65,22,29.981445
65,23,29.989737
65,24,29.994463
65,25,29.99709
65,26,29.998516
65,27,29.999287
65,28,29.999714
65,29,30.0
65,3,10.722939
65,4,13.91985
65,5,16.826138
65,6,19.40587
65,7,21.641645
65,8,23.533447
65,9,25.096247
66,0,0.0
66,1,3.6879978
66,10,26.356575
66,11,27.34874
66,12,28.111145
66,13,28.682943
66,14,29.101479
66,15,29.400433
66,16,29.608795
66,17,29.75048
66,18,29.844471
66,19,29.905285
66,2,7.2892194
66,20,29.943665
66,21,29.967281
66,22,29.981453
66,23,29.989742
66,24,29.994467
66,25,29.997095
66,26,29.998522
66,27,29.99929
66,28,29.999718
66,29,30.0
66,3,10.722942
66,4,13.919858
66,5,16.826141
66,6,19.40588
66,7,21.641647
66,8,23.533459
66,9,25.096252
67,0,0.0
67,1,3.6880012
67,10,26.356592
67,11,27.348763
67,12,28.111164
67,13,28.682968
67,14,29.101501
67,15,29.400455
67,16,29.608816
67,17,29.750502
67,18,29.844488
67,19,29.905308
67,2,7.2892246
67,20,29.943684
67,21,29.9673
67,22,29.981468
67,23,29.989758
67,24,29.994482
67,25,29.997105
67,26,29.998531
67,27,29.999296
67,28,29.999718
67,29,30.0
67,3,10.722951
67,4,13.919867
67,5,16.826157
67,6,19.405891
67,7,21.641668
67,8,23.533472
67,9,25.096273
68,0,0.0
68,1,3.6880076
68,10,26.356638
68,11,27.348806
68,12,28.11121
68,13,28.683012
68,14,29.10155
68,15,29.400501
68,16,29.608862
68,17,29.750546
68,18,29.844534
68,19,29.905348
68,2,7.289239
68,20,29.943726
68,21,29.967339
68,22,29.981508
68,23,29.989792
68,24,29.99451
68,25,29.997131
68,26,29.99855
68,27,29.999308
68,28,29.999725
68,29,30.0
68,3,10.72297
68,4,13.919893
68,5,16.826183
68,6,19.405928
68,7,21.641703
68,8,23.533516
68,9,25.096315
69,0,0.0
69,1,3.688022
69,10,26.356733
69,11,27.348904
69,12,28.11131
69,13,28.683113
69,14,29.101648
69,15,29.400602
69,16,29.608963
69,17,29.750645
69,18,29.844631
69,19,29.905445
69,2,7.289267
69,20,29.943817
69,21,29.967426
69,22,29.981586
69,23,29.989864
69,24,29.994572
69,25,29.997183
69,26,29.99859
69,27,29.999336
69,28,29.999739
69,29,30.0
69,3,10.723012
69,4,13.919946
69,5,16.826248
69,6,19.406
69,7,21.641785
69,8,23.533602
69,9,25.096407
7,0,0.0
7,1,2.6551504
7,10,19.001291
7,11,19.72213
7,12,20.28006
7,13,20.703424
7,14,21.021935
7,15,21.26233
7,16,21.45028
7,17,21.609348
7,18,21.761948
7,19,21.930954
7,2,5.2483225
7,20,22.139406
7,21,22.413763
7,22,22.78175
7,23,23.27555
7,24,23.926498
7,25,24.764906
7,26,25.809128
7,27,27.05857
7,28,28.479225
7,29,30.0
7,3,7.720893
7,4,10.024273
7,5,12.1183
7,6,13.978893
7,7,15.591575
7,8,16.958263
7,9,18.08783
70,0,0.0
70,1,3.6880527
70,10,26.356937
70,11,27.34911
70,12,28.111519
70,13,28.683323
70,14,29.101862
70,15,29.400814
70,16,29.609175
70,17,29.750856
70,18,29.84484
70,19,29.905643
70,2,7.2893267
70,20,29.944008
70,21,29.967607
70,22,29.981758
70,23,29.990017
70,24,29.994707
70,25,29.997292
70,26,29.998678
70,27,29.999395
70,28,29.999771
70,29,30.0
70,3,10.7231
70,4,13.920059
70,5,16.826385
70,6,19.406157
70,7,21.641956
70,8,23.533787
70,9,25.0966
71,0,0.0
71,1,3.6881154
71,10,26.357347
71,11,27.349537
71,12,28.11195
71,13,28.683762
71,14,29.102299
71,15,29.401255
71,16,29.60961
71,17,29.751287
71,18,29.84526
71,19,29.906055
71,2,7.2894506
71,20,29.944403
71,21,29.967983
71,22,29.982101
71,23,29.99033
71,24,29.99498
71,25,29.997524
71,26,29.998852
71,27,29.999517
71,28,29.99983
71,29,30.0
71,3,10.72328
71,4,13.920292
71,5,16.826664
71,6,19.406473
71,7,21.64231
71,8,23.534164
71,9,25.097
72,0,0.0
72,1,3.688241
72,10,26.358173
72,11,27.350382
72,12,28.112816
72,13,28.684631
72,14,29.103176
72,15,29.402126
72,16,29.610481
72,17,29.752146
72,18,29.846104
72,19,29.906876
72,2,7.2896976
72,20,29.94519
72,21,29.968727
72,22,29.982796
72,23,29.990955
72,24,29.995527
72,25,29.997978
72,26,29.999208
72,27,29.999756
72,28,29.999954
72,29,30.0
72,3,10.723642
72,4,13.920757
72,5,16.82722
72,6,19.407112
72,7,21.64301
72,8,23.53492
72,9,25.097792
73,0,0.0
73,1,3.688486
73,10,26.359783
73,11,27.352036
73,12,28.114494
73,13,28.686333
73,14,29.104881
73,15,29.403833
73,16,29.612173
73,17,29.75382
73,18,29.847746
73,19,29.90847
73,2,7.29018
73,20,29.946726
73,21,29.970179
73,22,29.984144
73,23,29.992176
73,24,29.996593
73,25,29.99887
73,26,29.999897
73,27,30.00023
73,28,30.000193
73,29,30.0
73,3,10.724348
73,4,13.921666
73,5,16.82831
73,6,19.408352
73,7,21.644379
73,8,23.536388
73,9,25.099346
74,0,0.0
74,1,3.6889515
74,10,26.362837
74,11,27.355167
74,12,28.117685
74,13,28.689552
74,14,29.10812
74,15,29.407064
74,16,29.615387
74,17,29.756994
74,18,29.85086
74,19,29.911499
74,2,7.2910976
74,20,29.949635
74,21,29.972935
74,22,29.9867
74,23,29.994488
74,24,29.998623
74,25,30.000557
74,26,30.00121
74,27,30.001123
74,28,30.000648
74,29,30.0
74,3,10.725689
74,4,13.923393
74,5,16.830376
74,6,19.41071
74,7,21.646976
74,8,23.53918
74,9,25.102283
75,0,0.0
75,1,3.689815
75,10,26.368483
75,11,27.360966
75,12,28.123579
75,13,28.695509
75,14,29.114096
75,15,29.41304
75,16,29.621323
75,17,29.76286
75,18,29.856613
75,19,29.917095
75,2,7.2927976
75,20,29.955011
75,21,29.978025
75,22,29.991428
75,23,29.998772
75,24,30.002365
75,25,30.003681
75,26,30.003628
75,27,30.002779
75,28,30.001488
75,29,30.0
75,3,10.728173
75,4,13.926592
75,5,16.834202
75,6,19.415073
75,7,21.651783
75,8,23.544344
75,9,25.107723
76,0,0.0
76,1,3.6913762
76,10,26.378656
76,11,27.371403
76,12,28.134193
76,13,28.706228
76,14,29.124865
76,15,29.423794
76,16,29.632015
76,17,29.77342
76,18,29.866974
76,19,29.927166
76,2,7.2958684
76,20,29.964699
76,21,29.987194
76,22,29.999947
76,23,30.00648
76,24,30.009117
76,25,30.009308
76,26,30.007998
76,27,30.00576
76,28,30.003002
76,29,30.0
76,3,10.732663
76,4,13.932365
76,5,16.841114
76,6,19.422947
76,7,21.660458
76,8,23.553654
76,9,25.11753
77,0,0.0
77,1,3.6941273
77,10,26.396532
77,11,27.389732
77,12,28.15283
77,13,28.725046
77,14,29.143755
77,15,29.44267
77,16,29.650768
77,17,29.791958
77,18,29.885157
77,19,29.944855
77,2,7.3012877
77,20,29.98169
77,21,30.003304
77,22,30.014902
77,23,30.02004
77,24,30.020973
77,25,30.019215
77,26,30.01567
77,27,30.011015
77,28,30.005665
77,29,30.0
77,3,10.740574
77,4,13.94255
77,5,16.85328
77,6,19.436815
77,7,21.675714
77,8,23.57003
77,9,25.134762
78,0,0.0
78,1,3.698867
78,10,26.427141
78,11,27.421116
78,12,28.184721
78,13,28.75724
78,14,29.176079
78,15,29.474949
78,16,29.682854
78,17,29.823652
78,18,29.916271
78,19,29.975103
78,2,7.3106046
78,20,30.010803
78,21,30.030867
78,22,30.040546
78,23,30.043255
78,24,30.041328
78,25,30.03618
78,26,30.02886
78,27,30.020014
78,28,30.010242
78,29,30.0
78,3,10.754192
78,4,13.960043
78,5,16.874195
78,6,19.460611
78,7,21.7019
78,8,23.598099
78,9,25.164299
79,0,0.0
79,1,3.7068262
79,10,26.478287
79,11,27.473503
79,12,28.237947
79,13,28.810953
79,14,29.229984
79,15,29.528795
79,16,29.736355
79,17,29.876541
79,18,29.96816
79,19,30.02562
79,2,7.326272
79,20,30.059368
79,21,30.076944
79,22,30.083355
79,23,30.082111
79,24,30.075333
79,25,30.064617
79,26,30.050909
79,27,30.035114
79,28,30.017899
79,29,30.0
79,3,10.777042
79,4,13.989422
79,5,16.909246
79,6,19.500502
79,7,21.745722
79,8,23.645071
79,9,25.213654
8,0,0.0
8,1,2.8880706
8,10,20.663353
8,11,21.447035
8,12,22.051893
8,13,22.510754
8,14,22.853823
8,15,23.110687
8,16,23.307652
8,17,23.468985
8,18,23.61719
8,19,23.7732
8,2,5.70819
8,20,23.958668
8,21,24.194576
8,22,24.504278
8,23,24.909832
8,24,25.43393
8,25,26.09308
8,26,26.89645
8,27,27.836594
8,28,28.88722
8,29,30.0
8,3,8.398049
8,4,10.902421
8,5,13.180683
8,6,15.203045
8,7,16.957659
8,8,18.442616
8,9,19.67145
80,0,0.0
80,1,3.7199023
80,10,26.561594
80,11,27.55882
80,12,28.324566
80,13,28.898335
80,14,29.31767
80,15,29.616352
80,16,29.823391
80,17,29.96254
80,18,30.052624
80,19,30.107786
80,2,7.351962
80,20,30.138506
80,21,30.15195
80,22,30.15322
80,23,30.145433
80,24,30.130917
80,25,30.111012
80,26,30.086996
80,27,30.059772
80,28,30.030441
80,29,30.0
80,3,10.814542
80,4,14.037525
80,5,16.96666
80,6,19.565706
80,7,21.817345
80,8,23.721703
80,9,25.29416
81,0,0.0
81,1,3.740864
81,10,26.694067
81,11,27.694319
81,12,28.462084
81,13,29.036995
81,14,29.456762
81,15,29.755257
81,16,29.961412
81,17,30.099022
81,18,30.18661
81,19,30.238325
81,2,7.393182
81,20,30.264147
81,21,30.271297
81,22,30.264275
81,23,30.246376
81,24,30.219412
81,25,30.185104
81,26,30.144535
81,27,30.099207
81,28,30.050455
81,29,30.0
81,3,10.874583
81,4,14.114572
81,5,17.058395
81,6,19.669874
81,7,21.931515
81,8,23.843815
81,9,25.422216
82,0,0.0
82,1,3.773766
82,10,26.899513
82,11,27.904362
82,12,28.675045
82,13,29.251638
82,14,29.672024
82,15,29.97015
82,16,30.175037
82,17,30.310192
82,18,30.394152
82,19,30.440445
82,2,7.457759
82,20,30.459059
82,21,30.456348
82,22,30.436916
82,23,30.403177
82,24,30.357296
82,25,30.300425
82,26,30.234367
82,27,30.160675
82,28,30.081741
82,29,30.0
82,3,10.968673
82,4,14.235013
82,5,17.201761
82,6,19.832256
82,7,22.109383
82,8,24.033632
82,9,25.621155
83,0,0.0
83,1,3.8242292
83,10,27.210657
83,11,28.221985
83,12,28.9969
83,13,29.57581
83,14,29.996994
83,15,30.294586
83,16,30.497463
83,17,30.629173
83,18,30.70758
83,19,30.746174
83,2,7.556847
83,20,30.753817
83,21,30.736853
83,22,30.69854
83,23,30.641504
83,24,30.56677
83,25,30.476185
83,26,30.371155
83,27,30.254555
83,28,30.129446
83,29,30.0
83,3,11.112707
83,4,14.419311
83,5,17.420525
83,6,20.079819
83,7,22.379826
83,8,24.321966
83,9,25.922672
84,0,0.0
84,1,3.9001012
84,10,27.670448
84,11,28.69094
84,12,29.471518
84,13,30.053568
84,14,30.47575
84,15,30.7724
84,16,30.972519
84,17,31.09908
84,18,31.16988
84,19,31.19711
84,2,7.705521
84,20,31.18948
84,21,31.151491
84,22,31.08637
84,23,30.994833
84,24,30.878359
84,25,30.73758
84,26,30.57526
84,27,30.39452
84,28,30.200764
84,29,30.0
84,3,11.32873
84,4,14.694916
84,5,17.74728
84,6,20.448427
84,7,22.781933
84,8,24.74947
84,9,26.369175
85,0,0.0
85,1,4.0117846
85,10,28.334167
85,11,29.366627
85,12,30.154758
85,13,30.740711
85,14,31.163994
85,15,31.459276
85,16,31.655306
85,17,31.77504
85,18,31.834957
85,19,31.846985
85,2,7.924324
85,20,31.817562
85,21,31.750864
85,22,31.647308
85,23,31.507607
85,24,31.330805
85,25,31.118526
85,26,30.872746
85,27,30.599186
85,28,30.30495
85,29,30.0
85,3,11.645743
85,4,15.098782
85,5,18.224403
85,6,20.985605
85,7,23.365898
85,8,25.369177
85,9,27.014612
86,0,0.0
86,1,4.173254
86,10,29.269459
86,11,30.317436
86,12,31.11471
86,13,31.705378
86,14,32.1297
86,15,32.422752
86,16,32.61345
86,17,32.723675
86,18,32.769608
86,19,32.760696
86,2,8.239889
86,20,32.702766
86,21,32.59636
86,22,32.44127
86,23,32.23427
86,24,31.974539
86,25,31.661125
86,26,31.298119
86,27,30.8919
86,28,30.454395
86,29,30.0
86,3,12.102259
86,4,15.678135
86,5,18.907097
86,6,21.75101
86,7,24.19577
86,8,26.246628
86,9,27.926556
87,0,0.0
87,1,4.402479
87,10,30.557308
87,11,31.623552
87,12,32.43167
87,13,33.027287
87,14,33.452236
87,15,33.742134
87,16,33.925446
87,17,34.023865
87,18,34.051224
87,19,34.01617
87,2,8.687325
87,20,33.92037
87,21,33.76311
87,22,33.538757
87,23,33.242996
87,24,32.869976
87,25,32.41938
87,26,31.893509
87,27,31.303225
87,28,30.664417
87,29,30.0
87,3,12.747029
87,4,16.49387
87,5,19.86358
87,6,22.819498
87,7,25.34881
87,8,27.461952
87,9,29.185036
88,0,0.0
88,1,4.7231574
88,10,32.28911
88,11,33.376236
88,12,34.195454
88,13,34.7958
88,14,35.22039
88,15,35.5055
88,16,35.679714
88,17,35.762913
88,18,35.768166
88,19,35.69988
88,2,9.311146
88,20,35.558067
88,21,35.335495
88,22,35.024193
88,23,34.612156
88,24,34.091843
88,25,33.45722
88,26,32.71272
88,27,31.870289
88,28,30.954979
88,29,30.0
88,3,13.642931
88,4,17.620918
88,5,21.178808
88,6,24.279945
88,7,26.917757
88,8,29.107414
88,9,30.883198
89,0,0.0
89,1,5.1657944
89,10,34.565235
89,11,35.672836
89,12,36.502415
89,13,37.105644
89,14,37.528027
89,15,37.806572
89,16,37.969048
89,17,38.03482
89,18,38.01321
89,19,37.906914
89,2,10.169576
89,20,37.70906
89,21,37.40926
89,22,36.98975
89,23,36.434357
89,24,35.725113
89,25,34.853752
89,26,33.819702
89,27,32.640877
89,28,31.350561
89,29,30.0
89,3,14.868295
89,4,19.153227
89,5,22.95351
89,6,26.238243
89,7,29.007357
89,8,31.287964
89,9,33.122486
9,0,0.0
9,1,3.0804825
9,10,22.037498
9,11,22.871689
9,12,23.51594
9,13,24.002935
9,14,24.366081
9,15,24.635258
9,16,24.838179
9,17,24.999256
9,18,25.140232
9,19,25.281403
9,2,6.08892
9,20,25.441042
9,21,25.637909
9,22,25.888912
9,23,26.211662
9,24,26.619919
9,25,27.124853
9,26,27.728703
9,27,28.424746
9,28,29.192434
9,29,30.0
9,3,8.957438
9,4,11.629299
9,5,14.058302
9,6,16.216002
9,7,18.086143
9,8,19.6704
9,9,20.979584
90,0,0.0
90,1,5.7715263
90,10,37.487682
90,11,38.612896
90,12,39.448563
90,13,40.051334
90,14,40.46846
90,15,40.737637
90,16,40.88658
90,17,40.931885
90,18,40.881443
90,19,40.73159
90,2,11.337683
90,20,40.47219
90,21,40.082253
90,22,39.538162
90,23,38.809387
90,24,37.87063
90,25,36.700153
90,26,35.29534
90,27,33.673508
90,28,31.88348
90,29,30.0
90,3,16.52407
90,4,21.204601
90,5,25.309004
90,6,28.813726
90,7,31.735388
90,8,34.114742
90,9,36.010723
91,0,0.0
91,1,6.596546
91,10,41.155464
91,11,42.288673
91,12,43.123158
91,13,43.719044
91,14,44.126305
91,15,44.38317
91,16,44.515938
91,17,44.540245
91,18,44.458824
91,19,44.265316
91,2,12.917555
91,20,43.939735
91,21,43.45511
91,22,42.771866
91,23,41.848595
91,24,40.638813
91,25,39.10807
91,26,37.23751
91,27,35.045963
91,28,32.595695
91,29,30.0
91,3,18.739109
91,4,23.917408
91,5,28.385567
91,6,32.1418
91,7,35.225243
91,8,37.70314
91,9,39.65252
92,0,0.0
92,1,7.7236567
92,10,45.652687
92,11,46.778217
92,12,47.59817
92,13,48.17801
92,14,48.56898
92,15,48.809372
92,16,48.924862
92,17,48.927464
92,18,48.818035
92,19,48.58235
92,2,15.05125
92,20,48.195766
92,21,47.616768
92,22,46.794773
92,23,45.663948
92,24,44.15724
92,25,42.20772
92,26,39.774876
92,27,36.861504
92,28,33.547737
92,29,30.0
92,3,21.68664
92,4,27.467087
92,5,32.34904
92,6,36.367283
92,7,39.60459
92,8,42.16127
92,9,44.144184
93,0,0.0
93,1,9.282392
93,10,51.041344
93,11,52.132862
93,12,52.920017
93,13,53.470455
93,14,53.83674
93,15,54.0565
93,16,54.153046
93,17,54.13704
93,18,54.00382
93,19,53.736427
93,2,17.951609
93,20,53.299385
93,21,52.64332
93,22,51.69623
93,23,50.371586
93,24,48.56274
93,25,46.16227
93,26,43.07608
93,27,39.272236
93,28,34.831177
93,29,30.0
93,3,25.603687
93,4,32.07832
93,5,37.38851
93,6,41.644676
93,7,44.992386
93,8,47.584343
93,9,49.55941
94,0,0.0
94,1,11.4969
94,10,57.346832
94,11,58.36954
94,12,59.09845
94,13,59.60311
94,14,59.934563
94,15,60.128464
94,16,60.20643
94,17,60.17529
94,18,60.0291
94,19,59.744247
94,2,21.954597
94,20,59.281925
94,21,58.578777
94,22,57.549614
94,23,56.07519
94,24,54.00827
94,25,51.17003
94,26,47.381184
94,27,42.512638
94,28,36.603252
94,29,30.0
94,3,30.831963
94,4,38.03621
94,5,43.720783
94,6,48.124184
94,7,51.491596
94,8,54.037254
94,9,55.941246
95,0,0.0
95,1,14.794977
95,10,64.550644
95,11,65.45921
95,12,66.10033
95,13,66.53955
95,14,66.82473
95,15,66.98799
95,16,67.04738
95,17,67.00844
95,18,66.86152
95,19,66.58318
95,2,27.629072
95,20,66.12854
95,21,65.4312
95,22,64.38924
95,23,62.861366
95,24,60.64657
95,25,57.48076
95,26,53.03461
95,27,46.978554
95,28,39.161568
95,29,30.0
95,3,37.871075
95,4,45.704067
95,5,51.57568
95,6,55.93896
95,7,59.1658
95,8,61.543392
95,9,63.28483
96,0,0.0
96,1,20.09698
96,10,72.5782
96,11,73.323074
96,12,73.84323
96,13,74.19675
96,14,74.42393
96,15,74.55142
96,16,74.59401
96,17,74.55429
96,18,74.42371
96,19,74.1779
96,2,35.981476
96,20,73.776215
96,21,73.15068
96,22,72.20009
96,23,70.76669
96,24,68.61449
96,25,65.38205
96,26,60.539547
96,27,53.367817
96,28,43.1476
96,29,30.0
96,3,47.451477
96,4,55.51087
96,5,61.16717
96,6,65.166245
96,7,68.01768
96,8,70.061325
96,9,71.52865
97,0,0.0
97,1,29.647833
97,10,81.297195
97,11,81.82828
97,12,82.19651
97,13,82.444916
97,14,82.60338
97,15,82.691086
97,16,82.71806
97,17,82.686165
97,18,82.587296
97,19,82.403366
97,2,48.822598
97,20,82.10016
97,21,81.62391
97,22,80.88603
97,23,79.74611
97,24,77.96806
97,25,75.14876
97,26,70.56833
97,27,62.93937
97,28,50.12792
97,29,30.0
97,3,60.553825
97,4,67.87285
97,5,72.60681
97,6,75.77483
97,7,77.950165
97,8,79.46997
97,9,80.54088
98,0,0.0
98,1,49.698643
98,10,90.51672
98,11,90.79385
98,12,90.984886
98,13,91.11328
98,14,91.19476
98,15,91.23941
98,16,91.25253
98,17,91.234604
98,18,91.1815
98,19,91.08247
98,2,69.16075
98,20,90.919174
98,21,90.65992
98,22,90.253716
98,23,89.61267
98,24,88.581024
98,25,86.85526
98,26,83.78482
98,27,77.78694
98,28,64.47259
98,29,30.0
98,3,78.150276
98,4,82.929214
98,5,85.75174
98,6,87.54349
98,7,88.73571
98,8,89.55189
98,9,90.11965
99,0,0.0
99,1,100.0
99,10,100.0
99,11,100.0
99,12,100.0
99,13,100.0
99,14,100.0
99,15,100.0
99,16,100.0
99,17,100.0
99,18,100.0
99,19,100.0
99,2,100.0
99,20,100.0
99,21,100.0
99,22,100.0
99,23,100.0
99,24,100.0
99,25,100.0
99,26,100.0
99,27,100.0
99,28,100.0
99,29,30.0
99,3,100.0
99,4,100.0
99,5,100.0
99,6,100.0
99,7,100.0
99,8,100.0
99,9,100.0
