0,0,0.0
0,1,0.0
0,10,0.0
0,11,0.0
0,12,0.0
0,13,0.0
0,14,0.0
0,15,30.0
0,2,0.0
0,3,0.0
0,4,0.0
0,5,0.0
0,6,0.0
0,7,0.0
0,8,0.0
0,9,0.0
1,0,0.0
1,1,0.6343348
1,10,5.1708894
1,11,5.9407406
1,12,7.2319813
1,13,9.733906
1,14,15.340929
1,15,30.0
1,2,1.2529505
1,3,1.8420058
1,4,2.3912373
1,5,2.8954325
1,6,3.355858
1,7,3.7821066
1,8,4.195298
1,9,4.6345224
10,0,0.0
10,1,11.11425
10,10,49.42487
10,11,47.803623
10,12,45.014374
10,13,41.00407
10,14,35.868195
10,15,30.0
10,2,21.183233
10,3,29.655283
10,4,36.42058
10,5,41.602364
10,6,45.39553
10,7,47.97976
10,8,49.48215
10,9,49.964855
11,0,0.0
11,1,14.538822
11,10,57.043068
11,11,54.90689
11,12,51.270653
11,13,45.87628
11,14,38.631676
11,15,30.0
11,2,27.106663
11,3,37.059044
11,4,44.557125
11,5,50.01641
11,6,53.83935
11,7,56.32663
11,8,57.661316
11,9,57.913124
12,0,0.0
12,1,19.934809
12,10,65.92922
12,11,63.51177
12,12,59.28631
12,13,52.599586
12,14,42.782673
12,15,30.0
12,2,35.64641
12,3,46.918316
12,4,54.73403
12,5,60.068604
12,6,63.620842
12,7,65.82818
12,8,66.92546
12,9,66.98526
13,0,0.0
13,1,29.554354
13,10,76.178246
13,11,73.9259
13,12,69.764206
13,13,62.453773
13,14,49.89978
13,15,30.0
13,2,48.62652
13,3,60.234756
13,4,67.39331
13,5,71.90458
13,6,74.74881
13,7,76.44144
13,8,77.22874
13,9,77.17482
14,0,0.0
14,1,49.65632
14,10,87.68404
14,11,86.25026
14,12,83.391525
14,13,77.55199
14,14,64.362915
14,15,30.0
14,2,69.07104
14,3,78.00155
14,4,82.70075
14,5,85.40858
14,6,87.0295
14,7,87.96118
14,8,88.374374
14,9,88.30817
15,0,0.0
15,1,100.0
15,10,100.0
15,11,100.0
15,12,100.0
15,13,100.0
15,14,100.0
15,15,30.0
15,2,100.0
15,3,100.0
15,4,100.0
15,5,100.0
15,6,100.0
15,7,100.0
15,8,100.0
15,9,100.0
2,0,0.0
2,1,1.2845054
2,10,10.108788
2,11,11.360513
2,12,13.253614
2,13,16.362938
2,14,21.629932
2,15,30.0
2,2,2.5356896
2,3,3.7241657
2,4,4.8279276
2,5,5.835122
2,6,6.746429
2,7,7.577831
2,8,8.365127
2,9,9.172438
3,0,0.0
3,1,1.9682255
3,10,14.732269
3,11,16.139738
3,12,18.059673
3,13,20.83476
3,14,24.816088
3,15,30.0
3,2,3.8815832
3,3,5.691686
3,4,7.3620043
3,5,8.8716545
3,6,10.217955
3,7,11.418761
3,8,12.51604
3,9,13.582371
4,0,0.0
4,1,2.7071445
4,10,19.099579
4,11,20.40769
4,12,22.011538
4,13,24.100994
4,14,26.8
4,15,30.0
4,2,5.331379
4,3,7.799927
4,4,10.057934
4,5,12.072922
4,6,13.836494
4,7,15.364812
4,8,16.699497
4,9,17.910263
5,0,0.0
5,1,3.529393
5,10,23.349857
5,11,24.381435
5,12,25.478983
5,13,26.758522
5,14,28.283337
5,15,30.0
5,2,6.937683
5,3,10.119898
5,4,12.998388
5,5,15.527357
5,6,17.692217
5,7,19.506516
5,8,21.008904
5,9,22.261543
6,0,0.0
6,1,4.4732366
6,10,27.658947
6,11,28.290977
6,12,28.765854
6,13,29.171738
6,14,29.57533
6,15,30.0
6,2,8.771023
6,3,12.7449875
6,4,16.290123
6,5,19.347952
6,6,21.900764
6,7,23.9625
6,8,25.570425
6,9,26.779419
7,0,0.0
7,1,5.593073
7,10,32.217804
7,11,32.35965
7,12,32.123264
7,13,31.58833
7,14,30.846794
7,15,30.0
7,2,10.929247
7,3,15.80044
7,4,20.071102
7,5,23.675835
7,6,26.602875
7,7,28.874907
7,8,30.533484
7,9,31.629276
8,0,0.0
8,1,6.970379
8,10,37.225765
8,11,36.8086
8,12,35.780865
8,13,34.212646
8,14,32.224102
8,15,30.0
8,2,13.553566
8,3,19.458038
8,4,24.520058
8,5,28.68379
8,6,31.962624
8,7,34.403503
8,8,36.062088
8,9,36.98902
9,0,0.0
9,1,8.735449
9,10,42.890034
9,11,41.870213
9,12,39.980576
9,13,37.25844
9,14,33.837543
9,15,30.0
9,2,16.85772
9,3,23.95971
9,4,29.869354
9,5,34.57904
9,6,38.162956
9,7,40.717167
9,8,42.32509
9,9,43.041615
