0,0,0.0
0,1,0.0
0,2,0.0
0,3,0.0
0,4,0.0
0,5,0.0
0,6,0.0
0,7,30.0
1,0,0.0
1,1,2.9702916
1,2,5.596924
1,3,7.744706
1,4,9.597151
1,5,11.86998
1,6,16.598999
1,7,30.0
2,0,0.0
2,1,6.2845745
2,2,11.673298
2,3,15.785494
2,4,18.77467
2,5,21.284363
2,6,24.526356
2,7,30.0
3,0,0.0
3,1,10.495307
3,2,19.027275
3,3,24.950653
3,4,28.433008
3,5,29.967531
3,6,30.222652
3,7,30.0
4,0,0.0
4,1,16.670128
4,2,28.991188
4,3,36.55851
4,4,40.04087
4,5,39.931442
4,6,36.397472
4,7,30.0
5,0,0.0
5,1,27.194757
5,2,43.710186
5,3,52.253014
5,4,55.242188
5,5,53.32125
5,6,45.43654
5,7,30.0
6,0,0.0
6,1,48.399323
6,2,66.402855
6,3,73.502525
6,4,75.354965
6,5,72.67591
6,6,62.02803
6,7,30.0
7,0,0.0
7,1,100.0
7,2,100.0
7,3,100.0
7,4,100.0
7,5,100.0
7,6,100.0
7,7,30.0
