0,0,0.0
0,1,0.0
0,10,0.0
0,11,0.0
0,12,0.0
0,13,0.0
0,14,0.0
0,15,30.0
0,2,0.0
0,3,0.0
0,4,0.0
0,5,0.0
0,6,0.0
0,7,0.0
0,8,0.0
0,9,0.0
1,0,0.0
1,1,0.63369286
1,10,5.168171
1,11,5.9384036
1,12,7.2301297
1,13,9.732622
1,14,15.340274
1,15,30.0
1,2,1.2516937
1,3,1.8401875
1,4,2.3889344
1,5,2.8927443
1,6,3.352899
1,7,3.7790055
1,8,4.1921897
1,9,4.6315427
10,0,0.0
10,1,11.111427
10,10,49.41293
10,11,47.793365
10,12,45.00624
10,13,40.99844
10,14,35.86532
10,15,30.0
10,2,21.17771
10,3,29.64729
10,4,36.41046
10,5,41.590546
10,6,45.382534
10,7,47.966137
10,8,49.4685
10,9,49.951775
11,0,0.0
11,1,14.5363865
11,10,57.03276
11,11,54.89803
11,12,51.263634
11,13,45.87142
11,14,38.62919
11,15,30.0
11,2,27.101892
11,3,37.05214
11,4,44.54839
11,5,50.006214
11,6,53.82813
11,7,56.314873
11,8,57.649532
11,9,57.901836
12,0,0.0
12,1,19.932873
12,10,65.921036
12,11,63.504723
12,12,59.28073
12,13,52.59572
12,14,42.7807
12,15,30.0
12,2,35.64262
12,3,46.91283
12,4,54.727093
12,5,60.060497
12,6,63.61193
12,7,65.81883
12,8,66.91609
12,9,66.97629
13,0,0.0
13,1,29.553009
13,10,76.17256
13,11,73.92102
13,12,69.76033
13,13,62.45109
13,14,49.898407
13,15,30.0
13,2,48.623886
13,3,60.23095
13,4,67.38849
13,5,71.89896
13,6,74.74263
13,7,76.43495
13,8,77.22224
13,9,77.168594
14,0,0.0
14,1,49.65563
14,10,87.68113
14,11,86.24776
14,12,83.38954
14,13,77.55061
14,14,64.362206
14,15,30.0
14,2,69.06969
14,3,77.9996
14,4,82.69829
14,5,85.4057
14,6,87.02634
14,7,87.95786
14,8,88.37105
14,9,88.30498
15,0,0.0
15,1,100.0
15,10,100.0
15,11,100.0
15,12,100.0
15,13,100.0
15,14,100.0
15,15,30.0
15,2,100.0
15,3,100.0
15,4,100.0
15,5,100.0
15,6,100.0
15,7,100.0
15,8,100.0
15,9,100.0
2,0,0.0
2,1,1.2832465
2,10,10.103457
2,11,11.35593
2,12,13.249984
2,13,16.360424
2,14,21.628645
2,15,30.0
2,2,2.5332248
2,3,3.7205997
2,4,4.8234124
2,5,5.8298497
2,6,6.7406273
2,7,7.57175
2,8,8.359032
2,9,9.166595
3,0,0.0
3,1,1.9663991
3,10,14.724537
3,11,16.133091
3,12,18.054409
3,13,20.831112
3,14,24.814224
3,15,30.0
3,2,3.878008
3,3,5.686513
3,4,7.3554535
3,5,8.864006
3,6,10.2095375
3,7,11.409941
3,8,12.507198
3,9,13.573896
4,0,0.0
4,1,2.7048235
4,10,19.089752
4,11,20.399244
4,12,22.004845
4,13,24.09636
4,14,26.797628
4,15,30.0
4,2,5.3268347
4,3,7.793353
4,4,10.049608
4,5,12.0632
4,6,13.825798
4,7,15.353602
4,8,16.688263
4,9,17.899494
5,0,0.0
5,1,3.5266714
5,10,23.338337
5,11,24.371529
5,12,25.471138
5,13,26.753084
5,14,28.280558
5,15,30.0
5,2,6.932355
5,3,10.112189
5,4,12.988625
5,5,15.51596
5,6,17.679676
5,7,19.493374
5,8,20.99573
5,9,22.248917
6,0,0.0
6,1,4.4702272
6,10,27.646206
6,11,28.280027
6,12,28.757177
6,13,29.16573
6,14,29.572256
6,15,30.0
6,2,8.765131
6,3,12.736462
6,4,16.279327
6,5,19.33535
6,6,21.886894
6,7,23.947966
6,8,25.555857
6,9,26.76546
7,0,0.0
7,1,5.589902
7,10,32.204388
7,11,32.348114
7,12,32.11413
7,13,31.581999
7,14,30.843557
7,15,30.0
7,2,10.9230385
7,3,15.791461
7,4,20.05973
7,5,23.66256
7,6,26.588264
7,7,28.859594
7,8,30.518143
7,9,31.61457
8,0,0.0
8,1,6.9671836
8,10,37.212246
8,11,36.79698
8,12,35.771656
8,13,34.20627
8,14,32.22084
8,15,30.0
8,2,13.547311
8,3,19.448988
8,4,24.508602
8,5,28.670414
8,6,31.947906
8,7,34.388077
8,8,36.046627
8,9,36.974205
9,0,0.0
9,1,8.732372
9,10,42.877014
9,11,41.859016
9,12,39.97171
9,13,37.252296
9,14,33.8344
9,15,30.0
9,2,16.851692
9,3,23.950993
9,4,29.858313
9,5,34.566154
9,6,38.148777
9,7,40.70231
9,8,42.310196
9,9,43.027344
