0,0,0.0
0,1,0.0
0,10,0.0
0,11,0.0
0,12,0.0
0,13,0.0
0,14,0.0
0,15,30.0
0,2,0.0
0,3,0.0
0,4,0.0
0,5,0.0
0,6,0.0
0,7,0.0
0,8,0.0
0,9,0.0
1,0,0.0
1,1,0.63332367
1,10,5.1665936
1,11,5.937046
1,12,7.229054
1,13,9.731876
1,14,15.339891
1,15,30.0
1,2,1.2509706
1,3,1.8391407
1,4,2.3876078
1,5,2.8911939
1,6,3.3511908
1,7,3.777213
1,8,4.1903906
1,9,4.6298165
10,0,0.0
10,1,11.10976
10,10,49.40581
10,11,47.787247
10,12,45.001385
10,13,40.99508
10,14,35.863594
10,15,30.0
10,2,21.174442
10,3,29.64256
10,4,36.40447
10,5,41.58354
10,6,45.374817
10,7,47.958046
10,8,49.460377
10,9,49.94398
11,0,0.0
11,1,14.534943
11,10,57.0266
11,11,54.892727
11,12,51.25943
11,13,45.868507
11,14,38.6277
11,15,30.0
11,2,27.099066
11,3,37.048046
11,4,44.5432
11,5,50.000145
11,6,53.821453
11,7,56.307865
11,8,57.6425
11,9,57.89509
12,0,0.0
12,1,19.931723
12,10,65.91613
12,11,63.500504
12,12,59.27738
12,13,52.593403
12,14,42.77951
12,15,30.0
12,2,35.640366
12,3,46.90957
12,4,54.722954
12,5,60.05567
12,6,63.606606
12,7,65.81325
12,8,66.91049
12,9,66.97091
13,0,0.0
13,1,29.552208
13,10,76.16914
13,11,73.918076
13,12,69.758
13,13,62.44948
13,14,49.89758
13,15,30.0
13,2,48.622322
13,3,60.22868
13,4,67.38562
13,5,71.89559
13,6,74.73892
13,7,76.43107
13,8,77.21834
13,9,77.164856
14,0,0.0
14,1,49.655216
14,10,87.679375
14,11,86.24625
14,12,83.38835
14,13,77.54979
14,14,64.361786
14,15,30.0
14,2,69.068886
14,3,77.99843
14,4,82.69681
14,5,85.40398
14,6,87.02444
14,7,87.95587
14,8,88.36905
14,9,88.30306
15,0,0.0
15,1,100.0
15,10,100.0
15,11,100.0
15,12,100.0
15,13,100.0
15,14,100.0
15,15,30.0
15,2,100.0
15,3,100.0
15,4,100.0
15,5,100.0
15,6,100.0
15,7,100.0
15,8,100.0
15,9,100.0
2,0,0.0
2,1,1.2825215
2,10,10.10036
2,11,11.353266
2,12,13.247871
2,13,16.35896
2,14,21.627895
2,15,30.0
2,2,2.531805
2,3,3.7185442
2,4,4.820807
2,5,5.8268056
2,6,6.737273
2,7,7.5682297
2,8,8.355499
2,9,9.163206
3,0,0.0
3,1,1.9653453
3,10,14.720036
3,11,16.129217
3,12,18.051338
3,13,20.828983
3,14,24.813133
3,15,30.0
3,2,3.8759437
3,3,5.6835246
3,4,7.3516665
3,5,8.85958
3,6,10.204661
3,7,11.404823
3,8,12.502062
3,9,13.56897
4,0,0.0
4,1,2.7034802
4,10,19.084019
4,11,20.39431
4,12,22.000933
4,13,24.093649
4,14,26.79624
4,15,30.0
4,2,5.3242044
4,3,7.789545
4,4,10.044783
4,5,12.057562
4,6,13.819584
4,7,15.347081
4,8,16.68172
4,9,17.893215
5,0,0.0
5,1,3.5250912
5,10,23.33159
5,11,24.365726
5,12,25.466536
5,13,26.749897
5,14,28.278927
5,15,30.0
5,2,6.92926
5,3,10.10771
5,4,12.982947
5,5,15.509324
5,6,17.672365
5,7,19.485703
5,8,20.988031
5,9,22.241533
6,0,0.0
6,1,4.468473
6,10,27.638721
6,11,28.273586
6,12,28.752075
6,13,29.16219
6,14,29.570446
6,15,30.0
6,2,8.761696
6,3,12.731489
6,4,16.273026
6,5,19.327984
6,6,21.878782
6,7,23.939453
6,8,25.547314
6,9,26.757263
7,0,0.0
7,1,5.588047
7,10,32.196476
7,11,32.34131
7,12,32.10873
7,13,31.578259
7,14,30.841644
7,15,30.0
7,2,10.919407
7,3,15.7862015
7,4,20.053066
7,5,23.65477
7,6,26.579685
7,7,28.850594
7,8,30.50911
7,9,31.605904
8,0,0.0
8,1,6.965308
8,10,37.204243
8,11,36.790096
8,12,35.766197
8,13,34.202484
8,14,32.218903
8,15,30.0
8,2,13.543636
8,3,19.44367
8,4,24.50186
8,5,28.662537
8,6,31.939228
8,7,34.37898
8,8,36.03749
8,9,36.965446
9,0,0.0
9,1,8.730558
9,10,42.869278
9,11,41.85236
9,12,39.96643
9,13,37.248634
9,14,33.83253
9,15,30.0
9,2,16.848143
9,3,23.945848
9,4,29.851799
9,5,34.55854
9,6,38.14039
9,7,40.693504
9,8,42.30137
9,9,43.01887
