0,0,0.0
0,1,0.0
0,10,0.0
0,11,0.0
0,12,0.0
0,13,0.0
0,14,0.0
0,15,30.0
0,2,0.0
0,3,0.0
0,4,0.0
0,5,0.0
0,6,0.0
0,7,0.0
0,8,0.0
0,9,0.0
1,0,0.0
1,1,0.6343051
1,10,5.1707644
1,11,5.940633
1,12,7.2318964
1,13,9.733846
1,14,15.3409
1,15,30.0
1,2,1.2528923
1,3,1.8419218
1,4,2.3911304
1,5,2.895308
1,6,3.3557212
1,7,3.7819633
1,8,4.195155
1,9,4.634384
10,0,0.0
10,1,11.1141205
10,10,49.424324
10,11,47.80316
10,12,45.014
10,13,41.003815
10,14,35.868065
10,15,30.0
10,2,21.18298
10,3,29.654922
10,4,36.42012
10,5,41.601826
10,6,45.394936
10,7,47.979145
10,8,49.481525
10,9,49.964264
11,0,0.0
11,1,14.538712
11,10,57.042606
11,11,54.906483
11,12,51.270336
11,13,45.87606
11,14,38.631565
11,15,30.0
11,2,27.106447
11,3,37.058723
11,4,44.556732
11,5,50.01594
11,6,53.838844
11,7,56.326096
11,8,57.66078
11,9,57.912613
12,0,0.0
12,1,19.934721
12,10,65.928856
12,11,63.51145
12,12,59.286057
12,13,52.59941
12,14,42.782585
12,15,30.0
12,2,35.646233
12,3,46.918068
12,4,54.733715
12,5,60.068237
12,6,63.620434
12,7,65.82775
12,8,66.92503
12,9,66.984856
13,0,0.0
13,1,29.55429
13,10,76.177986
13,11,73.92569
13,12,69.76404
13,13,62.45365
13,14,49.89972
13,15,30.0
13,2,48.626404
13,3,60.23458
13,4,67.3931
13,5,71.90432
13,6,74.748535
13,7,76.44115
13,8,77.22844
13,9,77.174545
14,0,0.0
14,1,49.65629
14,10,87.68391
14,11,86.25015
14,12,83.39143
14,13,77.551926
14,14,64.36288
14,15,30.0
14,2,69.07098
14,3,78.001465
14,4,82.70064
14,5,85.40845
14,6,87.02936
14,7,87.96103
14,8,88.37422
14,9,88.30802
15,0,0.0
15,1,100.0
15,10,100.0
15,11,100.0
15,12,100.0
15,13,100.0
15,14,100.0
15,15,30.0
15,2,100.0
15,3,100.0
15,4,100.0
15,5,100.0
15,6,100.0
15,7,100.0
15,8,100.0
15,9,100.0
2,0,0.0
2,1,1.2844471
2,10,10.108541
2,11,11.360302
2,12,13.253446
2,13,16.362825
2,14,21.629871
2,15,30.0
2,2,2.5355754
2,3,3.7240007
2,4,4.827719
2,5,5.8348784
2,6,6.746161
2,7,7.57755
2,8,8.364845
2,9,9.172169
3,0,0.0
3,1,1.9681412
3,10,14.7319145
3,11,16.139431
3,12,18.059433
3,13,20.83459
3,14,24.816002
3,15,30.0
3,2,3.8814178
3,3,5.691447
3,4,7.3617015
3,5,8.871302
3,6,10.217566
3,7,11.418354
3,8,12.515633
3,9,13.58198
4,0,0.0
4,1,2.7070372
4,10,19.099127
4,11,20.407305
4,12,22.011227
4,13,24.100784
4,14,26.799889
4,15,30.0
4,2,5.331169
4,3,7.799624
4,4,10.05755
4,5,12.072472
4,6,13.836001
4,7,15.364296
4,8,16.69898
4,9,17.909767
5,0,0.0
5,1,3.5292675
5,10,23.34933
5,11,24.380978
5,12,25.478626
5,13,26.758268
5,14,28.28321
5,15,30.0
5,2,6.937437
5,3,10.119543
5,4,12.997938
5,5,15.526832
5,6,17.69164
5,7,19.505913
5,8,21.008297
5,9,22.260963
6,0,0.0
6,1,4.473098
6,10,27.65836
6,11,28.29048
6,12,28.765455
6,13,29.171465
6,14,29.575188
6,15,30.0
6,2,8.770752
6,3,12.744595
6,4,16.289625
6,5,19.347374
6,6,21.900124
6,7,23.961832
6,8,25.569754
6,9,26.778782
7,0,0.0
7,1,5.592927
7,10,32.217194
7,11,32.35912
7,12,32.12285
7,13,31.58804
7,14,30.846647
7,15,30.0
7,2,10.928961
7,3,15.800028
7,4,20.070581
7,5,23.675224
7,6,26.602207
7,7,28.874203
7,8,30.532784
7,9,31.628601
8,0,0.0
8,1,6.970232
8,10,37.225143
8,11,36.808075
8,12,35.78044
8,13,34.212357
8,14,32.223953
8,15,30.0
8,2,13.553279
8,3,19.457623
8,4,24.519531
8,5,28.683178
8,6,31.961952
8,7,34.4028
8,8,36.06138
8,9,36.988346
9,0,0.0
9,1,8.735309
9,10,42.889442
9,11,41.8697
9,12,39.980175
9,13,37.258156
9,14,33.837402
9,15,30.0
9,2,16.857445
9,3,23.95931
9,4,29.86885
9,5,34.578453
9,6,38.16231
9,7,40.716488
9,8,42.324413
9,9,43.040966
