0,0,0.0
0,1,0.0
0,10,0.0
0,11,0.0
0,12,0.0
0,13,0.0
0,14,0.0
0,15,30.0
0,2,0.0
0,3,0.0
0,4,0.0
0,5,0.0
0,6,0.0
0,7,0.0
0,8,0.0
0,9,0.0
1,0,0.0
1,1,0.63277495
1,10,5.1642275
1,11,5.935007
1,12,7.2274356
1,13,9.730754
1,14,15.339317
1,15,30.0
1,2,1.2498958
1,3,1.8375831
1,4,2.3856323
1,5,2.8888817
1,6,3.348641
1,7,3.7745328
1,8,4.1876984
1,9,4.6272287
10,0,0.0
10,1,11.1072035
10,10,49.39483
10,11,47.77778
10,12,44.99388
10,13,40.98987
10,14,35.86093
10,15,30.0
10,2,21.169434
10,3,29.635307
10,4,36.395267
10,5,41.57279
10,6,45.36295
10,7,47.945587
10,8,49.447865
10,9,49.93196
11,0,0.0
11,1,14.5327215
11,10,57.01706
11,11,54.884514
11,12,51.252914
11,13,45.86399
11,14,38.62539
11,15,30.0
11,2,27.094717
11,3,37.041748
11,4,44.535213
11,5,49.9908
11,6,53.811153
11,7,56.297043
11,8,57.631634
11,9,57.88465
12,0,0.0
12,1,19.92995
12,10,65.90851
12,11,63.493942
12,12,59.27218
12,13,52.589794
12,14,42.777664
12,15,30.0
12,2,35.63689
12,3,46.904537
12,4,54.716576
12,5,60.048206
12,6,63.598377
12,7,65.80461
12,8,66.90181
12,9,66.96257
13,0,0.0
13,1,29.550972
13,10,76.16383
13,11,73.913506
13,12,69.75438
13,13,62.44696
13,14,49.896294
13,15,30.0
13,2,48.6199
13,3,60.22517
13,4,67.38117
13,5,71.89038
13,6,74.733185
13,7,76.42504
13,8,77.21228
13,9,77.15904
14,0,0.0
14,1,49.654583
14,10,87.67664
14,11,86.2439
14,12,83.38648
14,13,77.5485
14,14,64.36112
14,15,30.0
14,2,69.06764
14,3,77.996635
14,4,82.69452
14,5,85.4013
14,6,87.021484
14,7,87.952774
14,8,88.36594
14,9,88.30008
15,0,0.0
15,1,100.0
15,10,100.0
15,11,100.0
15,12,100.0
15,13,100.0
15,14,100.0
15,15,30.0
15,2,100.0
15,3,100.0
15,4,100.0
15,5,100.0
15,6,100.0
15,7,100.0
15,8,100.0
15,9,100.0
2,0,0.0
2,1,1.2814426
2,10,10.095707
2,11,11.3492565
2,12,13.24469
2,13,16.356752
2,14,21.626766
2,15,30.0
2,2,2.5296907
2,3,3.715482
2,4,4.816922
2,5,5.8222604
2,6,6.732258
2,7,7.562961
2,8,8.350204
2,9,9.158119
3,0,0.0
3,1,1.9637729
3,10,14.713259
3,11,16.123379
3,12,18.046703
3,13,20.82577
3,14,24.81149
3,15,30.0
3,2,3.8728635
3,3,5.679062
3,4,7.3460054
3,5,8.852957
3,6,10.197354
3,7,11.397146
3,8,12.49435
3,9,13.561558
4,0,0.0
4,1,2.7014706
4,10,19.075356
4,11,20.386847
4,12,21.995012
4,13,24.089542
4,14,26.794138
4,15,30.0
4,2,5.3202667
4,3,7.7838407
4,4,10.037546
4,5,12.049095
4,6,13.8102455
4,7,15.337271
4,8,16.671864
4,9,17.883745
5,0,0.0
5,1,3.522718
5,10,23.321367
5,11,24.356918
5,12,25.459549
5,13,26.745049
5,14,28.276445
5,15,30.0
5,2,6.9246106
5,3,10.100973
5,4,12.974405
5,5,15.499329
5,6,17.661343
5,7,19.474121
5,8,20.976395
5,9,22.230354
6,0,0.0
6,1,4.4658284
6,10,27.62733
6,11,28.263777
6,12,28.744291
6,13,29.156794
6,14,29.567684
6,15,30.0
6,2,8.756514
6,3,12.723984
6,4,16.263506
6,5,19.316849
6,6,21.866499
6,7,23.926548
6,8,25.534351
6,9,26.744808
7,0,0.0
7,1,5.585238
7,10,32.184383
7,11,32.33089
7,12,32.10047
7,13,31.572529
7,14,30.83871
7,15,30.0
7,2,10.913904
7,3,15.77823
7,4,20.04296
7,5,23.642946
7,6,26.566647
7,7,28.836895
7,8,30.495346
7,9,31.592686
8,0,0.0
8,1,6.962455
8,10,37.19197
8,11,36.779526
8,12,35.757812
8,13,34.196674
8,14,32.215927
8,15,30.0
8,2,13.538048
8,3,19.435575
8,4,24.491596
8,5,28.65053
8,6,31.925983
8,7,34.365067
8,8,36.02352
8,9,36.95202
9,0,0.0
9,1,8.727789
9,10,42.85737
9,11,41.84211
9,12,39.958298
9,13,37.242996
9,14,33.829643
9,15,30.0
9,2,16.842716
9,3,23.937992
9,4,29.841839
9,5,34.546886
9,6,38.127537
9,7,40.680008
9,8,42.28781
9,9,43.00585
