0,0,0.0
0,1,0.0
0,10,0.0
0,11,0.0
0,12,0.0
0,13,0.0
0,14,0.0
0,15,30.0
0,2,0.0
0,3,0.0
0,4,0.0
0,5,0.0
0,6,0.0
0,7,0.0
0,8,0.0
0,9,0.0
1,0,0.0
1,1,0.63567555
1,10,5.176499
1,11,5.9455566
1,12,7.2357917
1,13,9.736543
1,14,15.342278
1,15,30.0
1,2,1.2555739
1,3,1.845798
1,4,2.3960338
1,5,2.9010253
1,6,3.3620033
1,7,3.7885365
1,8,4.201732
1,9,4.6406784
10,0,0.0
10,1,11.119921
10,10,49.44859
10,11,47.823997
10,12,45.030487
10,13,41.015224
10,14,35.8739
10,15,30.0
10,2,21.194328
10,3,29.671322
10,4,36.440865
10,5,41.626015
10,6,45.42152
10,7,48.006958
10,8,49.509357
10,9,49.990894
11,0,0.0
11,1,14.543695
11,10,57.063457
11,11,54.924393
11,12,51.2845
11,13,45.88587
11,14,38.636578
11,15,30.0
11,2,27.1162
11,3,37.072826
11,4,44.574562
11,5,50.03674
11,6,53.8617
11,7,56.350002
11,8,57.684708
11,9,57.935505
12,0,0.0
12,1,19.93867
12,10,65.945366
12,11,63.525635
12,12,59.29728
12,13,52.60718
12,14,42.786556
12,15,30.0
12,2,35.65396
12,3,46.929237
12,4,54.74784
12,5,60.08471
12,6,63.63854
12,7,65.84669
12,8,66.943985
12,9,67.00298
13,0,0.0
13,1,29.557022
13,10,76.18943
13,11,73.9355
13,12,69.771805
13,13,62.459034
13,14,49.902466
13,15,30.0
13,2,48.631752
13,3,60.242317
13,4,67.40288
13,5,71.91573
13,6,74.76107
13,7,76.45426
13,8,77.24156
13,9,77.1871
14,0,0.0
14,1,49.65768
14,10,87.68975
14,11,86.255165
14,12,83.39542
14,13,77.55469
14,14,64.36429
14,15,30.0
14,2,69.07371
14,3,78.00542
14,4,82.70564
14,5,85.414276
14,6,87.035774
14,7,87.96774
14,8,88.380936
14,9,88.314445
15,0,0.0
15,1,100.0
15,10,100.0
15,11,100.0
15,12,100.0
15,13,100.0
15,14,100.0
15,15,30.0
15,2,100.0
15,3,100.0
15,4,100.0
15,5,100.0
15,6,100.0
15,7,100.0
15,8,100.0
15,9,100.0
2,0,0.0
2,1,1.2871299
2,10,10.119769
2,11,11.36994
2,12,13.261074
2,13,16.368103
2,14,21.632572
2,15,30.0
2,2,2.540825
2,3,3.7315896
2,4,4.837318
2,5,5.846071
2,6,6.758459
2,7,7.5904183
2,8,8.377722
2,9,9.18449
3,0,0.0
3,1,1.9720224
3,10,14.7481575
3,11,16.153378
3,12,18.070465
3,13,20.842232
3,14,24.819908
3,15,30.0
3,2,3.8890128
3,3,5.702426
3,4,7.375589
3,5,8.887493
3,6,10.235359
3,7,11.436972
3,8,12.534263
3,9,13.599808
4,0,0.0
4,1,2.7119522
4,10,19.119694
4,11,20.424961
4,12,22.025202
4,13,24.110455
4,14,26.804834
4,15,30.0
4,2,5.340786
4,3,7.8135257
4,4,10.075134
4,5,12.092976
4,6,13.85853
4,7,15.387871
4,8,16.72257
4,9,17.93234
5,0,0.0
5,1,3.5350053
5,10,23.37334
5,11,24.401594
5,12,25.494938
5,13,26.769562
5,14,28.288984
5,15,30.0
5,2,6.9486647
5,3,10.135773
5,4,13.018467
5,5,15.550768
5,6,17.717941
5,7,19.533434
5,8,21.03584
5,9,22.28732
6,0,0.0
6,1,4.479412
6,10,27.684784
6,11,28.313164
6,12,28.78341
6,13,29.183891
6,14,29.581543
6,15,30.0
6,2,8.783106
6,3,12.762456
6,4,16.312218
6,5,19.373714
6,6,21.92907
6,7,23.992117
6,8,25.600061
6,9,26.807781
7,0,0.0
7,1,5.599544
7,10,32.244884
7,11,32.382896
7,12,32.141663
7,13,31.601063
7,14,30.853306
7,15,30.0
7,2,10.94191
7,3,15.818745
7,4,20.094257
7,5,23.702827
7,6,26.632538
7,7,28.905945
7,8,30.56454
7,9,31.658997
8,0,0.0
8,1,6.9768643
8,10,37.2529
8,11,36.8319
8,12,35.7993
8,13,34.22541
8,14,32.230625
8,15,30.0
8,2,13.566254
8,3,19.476383
8,4,24.543262
8,5,28.710846
8,6,31.992348
8,7,34.43461
8,8,36.09321
8,9,37.018806
9,0,0.0
9,1,8.741664
9,10,42.91604
9,11,41.89254
9,12,39.99824
9,13,37.270668
9,14,33.843796
9,15,30.0
9,2,16.86988
9,3,23.97729
9,4,29.89159
9,5,34.604965
9,6,38.191444
9,7,40.74697
9,8,42.354916
9,9,43.070156
