0,0,0.0
0,1,0.0
0,10,0.0
0,11,0.0
0,12,0.0
0,13,0.0
0,14,0.0
0,15,30.0
0,2,0.0
0,3,0.0
0,4,0.0
0,5,0.0
0,6,0.0
0,7,0.0
0,8,0.0
0,9,0.0
1,0,0.0
1,1,0.6356875
1,10,5.1765494
1,11,5.9455996
1,12,7.235826
1,13,9.736566
1,14,15.34229
1,15,30.0
1,2,1.2555971
1,3,1.8458319
1,4,2.3960767
1,5,2.9010751
1,6,3.3620582
1,7,3.788594
1,8,4.20179
1,9,4.6407337
10,0,0.0
10,1,11.11997
10,10,49.448795
10,11,47.82417
10,12,45.03063
10,13,41.01532
10,14,35.873947
10,15,30.0
10,2,21.194424
10,3,29.671467
10,4,36.441044
10,5,41.626225
10,6,45.42175
10,7,48.007195
10,8,49.509598
10,9,49.991123
11,0,0.0
11,1,14.543739
11,10,57.063633
11,11,54.924545
11,12,51.284615
11,13,45.88595
11,14,38.63662
11,15,30.0
11,2,27.116287
11,3,37.07295
11,4,44.574715
11,5,50.03692
11,6,53.86189
11,7,56.35021
11,8,57.68491
11,9,57.9357
12,0,0.0
12,1,19.938705
12,10,65.94551
12,11,63.52575
12,12,59.297367
12,13,52.607246
12,14,42.78659
12,15,30.0
12,2,35.65403
12,3,46.92933
12,4,54.747963
12,5,60.084846
12,6,63.638687
12,7,65.84685
12,8,66.944145
12,9,67.003136
13,0,0.0
13,1,29.557053
13,10,76.18953
13,11,73.93559
13,12,69.771866
13,13,62.459076
13,14,49.90249
13,15,30.0
13,2,48.6318
13,3,60.242386
13,4,67.40297
13,5,71.91583
13,6,74.761185
13,7,76.45438
13,8,77.24168
13,9,77.18721
14,0,0.0
14,1,49.657696
14,10,87.68981
14,11,86.25521
14,12,83.39545
14,13,77.5547
14,14,64.364296
14,15,30.0
14,2,69.07374
14,3,78.005455
14,4,82.70569
14,5,85.41434
14,6,87.03583
14,7,87.9678
14,8,88.38099
14,9,88.3145
15,0,0.0
15,1,100.0
15,10,100.0
15,11,100.0
15,12,100.0
15,13,100.0
15,14,100.0
15,15,30.0
15,2,100.0
15,3,100.0
15,4,100.0
15,5,100.0
15,6,100.0
15,7,100.0
15,8,100.0
15,9,100.0
2,0,0.0
2,1,1.2871532
2,10,10.119867
2,11,11.370026
2,12,13.261141
2,13,16.368149
2,14,21.632595
2,15,30.0
2,2,2.5408707
2,3,3.7316556
2,4,4.8374014
2,5,5.846168
2,6,6.758566
2,7,7.590531
2,8,8.377835
2,9,9.184598
3,0,0.0
3,1,1.9720563
3,10,14.748299
3,11,16.1535
3,12,18.070564
3,13,20.842297
3,14,24.819942
3,15,30.0
3,2,3.8890784
3,3,5.7025213
3,4,7.3757095
3,5,8.887634
3,6,10.235513
3,7,11.437134
3,8,12.534424
3,9,13.599962
4,0,0.0
4,1,2.7119946
4,10,19.119873
4,11,20.425116
4,12,22.025322
4,13,24.110538
4,14,26.804878
4,15,30.0
4,2,5.340869
4,3,7.8136463
4,4,10.075287
4,5,12.093153
4,6,13.8587265
4,7,15.388075
4,8,16.722775
4,9,17.932537
5,0,0.0
5,1,3.5350552
5,10,23.37355
5,11,24.401772
5,12,25.495079
5,13,26.769657
5,14,28.289032
5,15,30.0
5,2,6.9487615
5,3,10.135914
5,4,13.018644
5,5,15.550976
5,6,17.718172
5,7,19.533672
5,8,21.036076
5,9,22.287544
6,0,0.0
6,1,4.4794664
6,10,27.685013
6,11,28.31336
6,12,28.783562
6,13,29.183996
6,14,29.581596
6,15,30.0
6,2,8.783214
6,3,12.762609
6,4,16.31241
6,5,19.373941
6,6,21.92932
6,7,23.99238
6,8,25.600323
6,9,26.808033
7,0,0.0
7,1,5.5996017
7,10,32.245125
7,11,32.3831
7,12,32.141823
7,13,31.601173
7,14,30.853363
7,15,30.0
7,2,10.94202
7,3,15.818907
7,4,20.09446
7,5,23.703068
7,6,26.632801
7,7,28.90622
7,8,30.564817
7,9,31.659256
8,0,0.0
8,1,6.976921
8,10,37.25314
8,11,36.832108
8,12,35.799458
8,13,34.22552
8,14,32.230682
8,15,30.0
8,2,13.566367
8,3,19.476543
8,4,24.543465
8,5,28.711082
8,6,31.992615
8,7,34.434883
8,8,36.093483
8,9,37.01907
9,0,0.0
9,1,8.741719
9,10,42.916267
9,11,41.892735
9,12,39.998394
9,13,37.27077
9,14,33.84385
9,15,30.0
9,2,16.869987
9,3,23.977444
9,4,29.891785
9,5,34.605194
9,6,38.191696
9,7,40.747234
9,8,42.35518
9,9,43.070404
