0,0,0.0
0,1,0.0
0,2,0.0
0,3,0.0
0,4,0.0
0,5,0.0
0,6,0.0
0,7,30.0
1,0,0.0
1,1,2.970972
1,2,5.5981507
1,3,7.746236
1,4,9.598681
1,5,11.871206
1,6,16.599682
1,7,30.0
2,0,0.0
2,1,6.285801
2,2,11.675508
2,3,15.788252
2,4,18.777426
2,5,21.286575
2,6,24.527582
2,7,30.0
3,0,0.0
3,1,10.496838
3,2,19.030031
3,3,24.954092
3,4,28.436447
3,5,29.970287
3,6,30.224184
3,7,30.0
4,0,0.0
4,1,16.671658
4,2,28.993944
4,3,36.56195
4,4,40.044304
4,5,39.9342
4,6,36.399002
4,7,30.0
5,0,0.0
5,1,27.195986
5,2,43.712395
5,3,52.25577
5,4,55.244946
5,5,53.32346
5,6,45.437767
5,7,30.0
6,0,0.0
6,1,48.4
6,2,66.40408
6,3,73.50406
6,4,75.3565
6,5,72.67714
6,6,62.02871
6,7,30.0
7,0,0.0
7,1,100.0
7,2,100.0
7,3,100.0
7,4,100.0
7,5,100.0
7,6,100.0
7,7,30.0
