0,0,0.0
0,1,0.0
0,2,0.0
0,3,0.0
0,4,0.0
0,5,0.0
0,6,0.0
0,7,30.0
1,0,0.0
1,1,5.859375
1,2,10.253906
1,3,12.480469
1,4,13.505859
1,5,14.560547
1,6,17.929688
1,7,30.0
2,0,0.0
2,1,10.322266
2,2,17.646484
2,3,21.601562
2,4,23.03711
2,5,23.828125
2,6,25.732422
2,7,30.0
3,0,0.0
3,1,13.027344
3,2,22.353516
3,3,26.894531
3,4,28.50586
3,5,29.003906
3,6,29.28711
3,7,30.0
4,0,0.0
4,1,16.445312
4,2,27.138672
4,3,32.265625
4,4,33.876953
4,5,33.789062
4,6,32.70508
4,7,30.0
5,0,0.0
5,1,24.677734
5,2,38.251953
5,3,43.76953
5,4,45.20508
5,5,44.433594
5,6,40.08789
5,7,30.0
6,0,0.0
6,1,46.09375
6,2,61.621094
6,3,66.67969
6,4,67.70508
6,5,65.927734
6,6,58.164062
6,7,30.0
7,0,0.0
7,1,100.0
7,2,100.0
7,3,100.0
7,4,100.0
7,5,100.0
7,6,100.0
7,7,30.0
