0,0,0.0
0,1,0.0
0,10,0.0
0,11,0.0
0,12,0.0
0,13,0.0
0,14,0.0
0,15,0.0
0,16,0.0
0,17,0.0
0,18,0.0
0,19,0.0
0,2,0.0
0,20,0.0
0,21,0.0
0,22,0.0
0,23,0.0
0,24,0.0
0,25,0.0
0,26,0.0
0,27,0.0
0,28,0.0
0,29,30.0
0,3,0.0
0,4,0.0
0,5,0.0
0,6,0.0
0,7,0.0
0,8,0.0
0,9,0.0
1,0,0.0
1,1,3.3309174
1,10,10.091257
1,11,10.091286
1,12,10.091286
1,13,10.091286
1,14,10.091286
1,15,10.091286
1,16,10.091286
1,17,10.091286
1,18,10.091286
1,19,10.091286
1,2,6.106682
1,20,10.091314
1,21,10.091457
1,22,10.093317
1,23,10.101013
1,24,10.142555
1,25,10.284348
1,26,10.779419
1,27,12.256851
1,28,16.665459
1,29,30.0
1,3,8.089371
1,4,9.222336
1,5,9.788818
1,6,10.001249
1,7,10.07206
1,8,10.087795
1,9,10.090942
10,0,0.0
10,1,10.091257
10,10,29.999943
10,11,29.999971
10,12,29.999971
10,13,29.999971
10,14,29.999971
10,15,29.999971
10,16,29.999971
10,17,29.999971
10,18,29.999971
10,19,29.999971
10,2,18.500662
10,20,29.999971
10,21,29.999971
10,22,29.999971
10,23,29.999971
10,24,29.999971
10,25,29.999971
10,26,29.999971
10,27,29.999971
10,28,29.999971
10,29,30.0
10,3,24.322557
10,4,27.649355
10,5,29.20186
10,6,29.78405
10,7,29.955282
10,8,29.993334
10,9,29.999342
11,0,0.0
11,1,10.091286
11,10,29.999971
11,11,30.0
11,12,30.0
11,13,30.0
11,14,30.0
11,15,30.0
11,16,30.0
11,17,30.0
11,18,30.0
11,19,30.0
11,2,18.50069
11,20,30.0
11,21,30.0
11,22,30.0
11,23,30.0
11,24,30.0
11,25,30.0
11,26,30.0
11,27,30.0
11,28,30.0
11,29,30.0
11,3,24.322586
11,4,27.649384
11,5,29.201889
11,6,29.784079
11,7,29.95531
11,8,29.993362
11,9,29.99937
12,0,0.0
12,1,10.091286
12,10,29.999971
12,11,30.0
12,12,30.0
12,13,30.0
12,14,30.0
12,15,30.0
12,16,30.0
12,17,30.0
12,18,30.0
12,19,30.0
12,2,18.50069
12,20,30.0
12,21,30.0
12,22,30.0
12,23,30.0
12,24,30.0
12,25,30.0
12,26,30.0
12,27,30.0
12,28,30.0
12,29,30.0
12,3,24.322586
12,4,27.649384
12,5,29.201889
12,6,29.784079
12,7,29.95531
12,8,29.993362
12,9,29.99937
13,0,0.0
13,1,10.091286
13,10,29.999971
13,11,30.0
13,12,30.0
13,13,30.0
13,14,30.0
13,15,30.0
13,16,30.0
13,17,30.0
13,18,30.0
13,19,30.0
13,2,18.50069
13,20,30.0
13,21,30.0
13,22,30.0
13,23,30.0
13,24,30.0
13,25,30.0
13,26,30.0
13,27,30.0
13,28,30.0
13,29,30.0
13,3,24.322586
13,4,27.649384
13,5,29.201889
13,6,29.784079
13,7,29.95531
13,8,29.993362
13,9,29.99937
14,0,0.0
14,1,10.091286
14,10,29.999971
14,11,30.0
14,12,30.0
14,13,30.0
14,14,30.0
14,15,30.0
14,16,30.0
14,17,30.0
14,18,30.0
14,19,30.0
14,2,18.50069
14,20,30.0
14,21,30.0
14,22,30.0
14,23,30.0
14,24,30.0
14,25,30.0
14,26,30.0
14,27,30.0
14,28,30.0
14,29,30.0
14,3,24.322586
14,4,27.649384
14,5,29.201889
14,6,29.784079
14,7,29.95531
14,8,29.993362
14,9,29.99937
15,0,0.0
15,1,10.091286
15,10,29.999971
15,11,30.0
15,12,30.0
15,13,30.0
15,14,30.0
15,15,30.0
15,16,30.0
15,17,30.0
15,18,30.0
15,19,30.0
15,2,18.50069
15,20,30.0
15,21,30.0
15,22,30.0
15,23,30.0
15,24,30.0
15,25,30.0
15,26,30.0
15,27,30.0
15,28,30.0
15,29,30.0
15,3,24.322586
15,4,27.649384
15,5,29.201889
15,6,29.784079
15,7,29.95531
15,8,29.993362
15,9,29.99937
16,0,0.0
16,1,10.091286
16,10,29.999971
16,11,30.0
16,12,30.0
16,13,30.0
16,14,30.0
16,15,30.0
16,16,30.0
16,17,30.0
16,18,30.0
16,19,30.0
16,2,18.50069
16,20,30.0
16,21,30.0
16,22,30.0
16,23,30.0
16,24,30.0
16,25,30.0
16,26,30.0
16,27,30.0
16,28,30.0
16,29,30.0
16,3,24.322586
16,4,27.649384
16,5,29.201889
16,6,29.784079
16,7,29.95531
16,8,29.993362
16,9,29.99937
17,0,0.0
17,1,10.091286
17,10,29.999971
17,11,30.0
17,12,30.0
17,13,30.0
17,14,30.0
17,15,30.0
17,16,30.0
17,17,30.0
17,18,30.0
17,19,30.0
17,2,18.50069
17,20,30.0
17,21,30.0
17,22,30.0
17,23,30.0
17,24,30.0
17,25,30.0
17,26,30.0
17,27,30.0
17,28,30.0
17,29,30.0
17,3,24.322586
17,4,27.649384
17,5,29.201889
17,6,29.784079
17,7,29.95531
17,8,29.993362
17,9,29.99937
18,0,0.0
18,1,10.091286
18,10,29.999971
18,11,30.0
18,12,30.0
18,13,30.0
18,14,30.0
18,15,30.0
18,16,30.0
18,17,30.0
18,18,30.0
18,19,30.0
18,2,18.50069
18,20,30.0
18,21,30.0
18,22,30.0
18,23,30.0
18,24,30.0
18,25,30.0
18,26,30.0
18,27,30.0
18,28,30.0
18,29,30.0
18,3,24.322586
18,4,27.649384
18,5,29.201889
18,6,29.784079
18,7,29.95531
18,8,29.993362
18,9,29.99937
19,0,0.0
19,1,10.091286
19,10,29.999971
19,11,30.0
19,12,30.0
19,13,30.0
19,14,30.0
19,15,30.0
19,16,30.0
19,17,30.0
19,18,30.0
19,19,30.0
19,2,18.50069
19,20,30.0
19,21,30.0
19,22,30.0
19,23,30.0
19,24,30.0
19,25,30.0
19,26,30.0
19,27,30.0
19,28,30.0
19,29,30.0
19,3,24.322586
19,4,27.649384
19,5,29.201889
19,6,29.784079
19,7,29.95531
19,8,29.993362
19,9,29.99937
2,0,0.0
2,1,6.106682
2,10,18.500662
2,11,18.50069
2,12,18.50069
2,13,18.50069
2,14,18.50069
2,15,18.50069
2,16,18.50069
2,17,18.50069
2,18,18.50069
2,19,18.50069
2,2,11.261673
2,20,18.50069
2,21,18.500948
2,22,18.502121
2,23,18.513107
2,24,18.55339
2,25,18.725567
2,26,19.228249
2,27,20.630836
2,28,23.84983
2,29,30.0
2,3,14.830513
2,4,16.954823
2,5,17.946167
2,6,18.347425
2,7,18.465443
2,8,18.49534
2,9,18.500061
20,0,0.0
20,1,10.091286
20,10,29.999971
20,11,30.0
20,12,30.0
20,13,30.0
20,14,30.0
20,15,30.0
20,16,30.0
20,17,30.0
20,18,30.0
20,19,30.0
20,2,18.50069
20,20,30.0
20,21,30.0
20,22,30.0
20,23,30.0
20,24,30.0
20,25,30.0
20,26,30.0
20,27,30.0
20,28,30.0
20,29,30.0
20,3,24.322586
20,4,27.649384
20,5,29.201889
20,6,29.784079
20,7,29.95531
20,8,29.993362
20,9,29.99937
21,0,0.0
21,1,10.091286
21,10,29.999971
21,11,30.0
21,12,30.0
21,13,30.0
21,14,30.0
21,15,30.0
21,16,30.0
21,17,30.0
21,18,30.0
21,19,30.0
21,2,18.50069
21,20,30.0
21,21,30.0
21,22,30.0
21,23,30.0
21,24,30.0
21,25,30.0
21,26,30.0
21,27,30.0
21,28,30.0
21,29,30.0
21,3,24.322586
21,4,27.649384
21,5,29.201889
21,6,29.784079
21,7,29.95531
21,8,29.993362
21,9,29.99937
22,0,0.0
22,1,10.091286
22,10,29.999971
22,11,30.0
22,12,30.0
22,13,30.0
22,14,30.0
22,15,30.0
22,16,30.0
22,17,30.0
22,18,30.0
22,19,30.0
22,2,18.50069
22,20,30.0
22,21,30.0
22,22,30.0
22,23,30.0
22,24,30.0
22,25,30.0
22,26,30.0
22,27,30.0
22,28,30.0
22,29,30.0
22,3,24.322586
22,4,27.649384
22,5,29.201889
22,6,29.784079
22,7,29.95531
22,8,29.993362
22,9,29.99937
23,0,0.0
23,1,10.091286
23,10,29.999971
23,11,30.0
23,12,30.0
23,13,30.0
23,14,30.0
23,15,30.0
23,16,30.0
23,17,30.0
23,18,30.0
23,19,30.0
23,2,18.50069
23,20,30.0
23,21,30.0
23,22,30.0
23,23,30.0
23,24,30.0
23,25,30.0
23,26,30.0
23,27,30.0
23,28,30.0
23,29,30.0
23,3,24.322586
23,4,27.649384
23,5,29.201889
23,6,29.784079
23,7,29.95531
23,8,29.993362
23,9,29.99937
24,0,0.0
24,1,10.091286
24,10,29.999971
24,11,30.0
24,12,30.0
24,13,30.0
24,14,30.0
24,15,30.0
24,16,30.0
24,17,30.0
24,18,30.0
24,19,30.0
24,2,18.50069
24,20,30.0
24,21,30.0
24,22,30.0
24,23,30.0
24,24,30.0
24,25,30.0
24,26,30.0
24,27,30.0
24,28,30.0
24,29,30.0
24,3,24.322586
24,4,27.649384
24,5,29.201889
24,6,29.784079
24,7,29.95531
24,8,29.993362
24,9,29.99937
25,0,0.0
25,1,10.091286
25,10,29.999971
25,11,30.0
25,12,30.0
25,13,30.0
25,14,30.0
25,15,30.0
25,16,30.0
25,17,30.0
25,18,30.0
25,19,30.0
25,2,18.50069
25,20,30.0
25,21,30.0
25,22,30.0
25,23,30.0
25,24,30.0
25,25,30.0
25,26,30.0
25,27,30.0
25,28,30.0
25,29,30.0
25,3,24.322586
25,4,27.649384
25,5,29.201889
25,6,29.784079
25,7,29.95531
25,8,29.993362
25,9,29.99937
26,0,0.0
26,1,10.091286
26,10,29.999971
26,11,30.0
26,12,30.0
26,13,30.0
26,14,30.0
26,15,30.0
26,16,30.0
26,17,30.0
26,18,30.0
26,19,30.0
26,2,18.50069
26,20,30.0
26,21,30.0
26,22,30.0
26,23,30.0
26,24,30.0
26,25,30.0
26,26,30.0
26,27,30.0
26,28,30.0
26,29,30.0
26,3,24.322586
26,4,27.649384
26,5,29.201889
26,6,29.784079
26,7,29.95531
26,8,29.993362
26,9,29.99937
27,0,0.0
27,1,10.091286
27,10,29.999971
27,11,30.0
27,12,30.0
27,13,30.0
27,14,30.0
27,15,30.0
27,16,30.0
27,17,30.0
27,18,30.0
27,19,30.0
27,2,18.50069
27,20,30.0
27,21,30.0
27,22,30.0
27,23,30.0
27,24,30.0
27,25,30.0
27,26,30.0
27,27,30.0
27,28,30.0
27,29,30.0
27,3,24.322586
27,4,27.649384
27,5,29.201889
27,6,29.784079
27,7,29.95531
27,8,29.993362
27,9,29.99937
28,0,0.0
28,1,10.091286
28,10,29.999971
28,11,30.0
28,12,30.0
28,13,30.0
28,14,30.0
28,15,30.0
28,16,30.0
28,17,30.0
28,18,30.0
28,19,30.0
28,2,18.50069
28,20,30.0
28,21,30.0
28,22,30.0
28,23,30.0
28,24,30.0
28,25,30.0
28,26,30.0
28,27,30.0
28,28,30.0
28,29,30.0
28,3,24.322586
28,4,27.649384
28,5,29.201889
28,6,29.784079
28,7,29.95531
28,8,29.993362
28,9,29.99937
29,0,0.0
29,1,10.091286
29,10,29.999971
29,11,30.0
29,12,30.0
29,13,30.0
29,14,30.0
29,15,30.0
29,16,30.0
29,17,30.0
29,18,30.0
29,19,30.0
29,2,18.50069
29,20,30.0
29,21,30.0
29,22,30.0
29,23,30.0
29,24,30.0
29,25,30.0
29,26,30.0
29,27,30.0
29,28,30.0
29,29,30.0
29,3,24.322586
29,4,27.649384
29,5,29.201889
29,6,29.784079
29,7,29.95531
29,8,29.993362
29,9,29.99937
3,0,0.0
3,1,8.089371
3,10,24.322557
3,11,24.322586
3,12,24.322586
3,13,24.322586
3,14,24.322586
3,15,24.322586
3,16,24.322586
3,17,24.322586
3,18,24.322586
3,19,24.322586
3,2,14.830513
3,20,24.322586
3,21,24.322586
3,22,24.323616
3,23,24.32785
3,24,24.358692
3,25,24.457054
3,26,24.794483
3,27,25.602264
3,28,27.309952
3,29,30.0
3,3,19.588966
3,4,22.308083
3,5,23.629875
3,6,24.125547
3,7,24.28133
3,8,24.315948
3,9,24.321957
30,0,0.0
30,1,10.091286
30,10,29.999971
30,11,30.0
30,12,30.0
30,13,30.0
30,14,30.0
30,15,30.0
30,16,30.0
30,17,30.0
30,18,30.0
30,19,30.0
30,2,18.50069
30,20,30.0
30,21,30.0
30,22,30.0
30,23,30.0
30,24,30.0
30,25,30.0
30,26,30.0
30,27,30.0
30,28,30.0
30,29,30.0
30,3,24.322586
30,4,27.649384
30,5,29.201889
30,6,29.784079
30,7,29.95531
30,8,29.993362
30,9,29.99937
31,0,0.0
31,1,10.091286
31,10,29.999971
31,11,30.0
31,12,30.0
31,13,30.0
31,14,30.0
31,15,30.0
31,16,30.0
31,17,30.0
31,18,30.0
31,19,30.0
31,2,18.50069
31,20,30.0
31,21,30.0
31,22,30.0
31,23,30.0
31,24,30.0
31,25,30.0
31,26,30.0
31,27,30.0
31,28,30.0
31,29,30.0
31,3,24.322586
31,4,27.649384
31,5,29.201889
31,6,29.784079
31,7,29.95531
31,8,29.993362
31,9,29.99937
32,0,0.0
32,1,10.091286
32,10,29.999971
32,11,30.0
32,12,30.0
32,13,30.0
32,14,30.0
32,15,30.0
32,16,30.0
32,17,30.0
32,18,30.0
32,19,30.0
32,2,18.50069
32,20,30.0
32,21,30.0
32,22,30.0
32,23,30.0
32,24,30.0
32,25,30.0
32,26,30.0
32,27,30.0
32,28,30.0
32,29,30.0
32,3,24.322586
32,4,27.649384
32,5,29.201889
32,6,29.784079
32,7,29.95531
32,8,29.993362
32,9,29.99937
33,0,0.0
33,1,10.091286
33,10,29.999971
33,11,30.0
33,12,30.0
33,13,30.0
33,14,30.0
33,15,30.0
33,16,30.0
33,17,30.0
33,18,30.0
33,19,30.0
33,2,18.50069
33,20,30.0
33,21,30.0
33,22,30.0
33,23,30.0
33,24,30.0
33,25,30.0
33,26,30.0
33,27,30.0
33,28,30.0
33,29,30.0
33,3,24.322586
33,4,27.649384
33,5,29.201889
33,6,29.784079
33,7,29.95531
33,8,29.993362
33,9,29.99937
34,0,0.0
34,1,10.091286
34,10,29.999971
34,11,30.0
34,12,30.0
34,13,30.0
34,14,30.0
34,15,30.0
34,16,30.0
34,17,30.0
34,18,30.0
34,19,30.0
34,2,18.50069
34,20,30.0
34,21,30.0
34,22,30.0
34,23,30.0
34,24,30.0
34,25,30.0
34,26,30.0
34,27,30.0
34,28,30.0
34,29,30.0
34,3,24.322586
34,4,27.649384
34,5,29.201889
34,6,29.784079
34,7,29.95531
34,8,29.993362
34,9,29.99937
35,0,0.0
35,1,10.091286
35,10,29.999971
35,11,30.0
35,12,30.0
35,13,30.0
35,14,30.0
35,15,30.0
35,16,30.0
35,17,30.0
35,18,30.0
35,19,30.0
35,2,18.50069
35,20,30.0
35,21,30.0
35,22,30.0
35,23,30.0
35,24,30.0
35,25,30.0
35,26,30.0
35,27,30.0
35,28,30.0
35,29,30.0
35,3,24.322586
35,4,27.649384
35,5,29.201889
35,6,29.784079
35,7,29.95531
35,8,29.993362
35,9,29.99937
36,0,0.0
36,1,10.091286
36,10,29.999971
36,11,30.0
36,12,30.0
36,13,30.0
36,14,30.0
36,15,30.0
36,16,30.0
36,17,30.0
36,18,30.0
36,19,30.0
36,2,18.50069
36,20,30.0
36,21,30.0
36,22,30.0
36,23,30.0
36,24,30.0
36,25,30.0
36,26,30.0
36,27,30.0
36,28,30.0
36,29,30.0
36,3,24.322586
36,4,27.649384
36,5,29.201889
36,6,29.784079
36,7,29.95531
36,8,29.993362
36,9,29.99937
37,0,0.0
37,1,10.091286
37,10,29.999971
37,11,30.0
37,12,30.0
37,13,30.0
37,14,30.0
37,15,30.0
37,16,30.0
37,17,30.0
37,18,30.0
37,19,30.0
37,2,18.50069
37,20,30.0
37,21,30.0
37,22,30.0
37,23,30.0
37,24,30.0
37,25,30.0
37,26,30.0
37,27,30.0
37,28,30.0
37,29,30.0
37,3,24.322586
37,4,27.649384
37,5,29.201889
37,6,29.784079
37,7,29.95531
37,8,29.993362
37,9,29.99937
38,0,0.0
38,1,10.091286
38,10,29.999971
38,11,30.0
38,12,30.0
38,13,30.0
38,14,30.0
38,15,30.0
38,16,30.0
38,17,30.0
38,18,30.0
38,19,30.0
38,2,18.50069
38,20,30.0
38,21,30.0
38,22,30.0
38,23,30.0
38,24,30.0
38,25,30.0
38,26,30.0
38,27,30.0
38,28,30.0
38,29,30.0
38,3,24.322586
38,4,27.649384
38,5,29.201889
38,6,29.784079
38,7,29.95531
38,8,29.993362
38,9,29.99937
39,0,0.0
39,1,10.091286
39,10,29.999971
39,11,30.0
39,12,30.0
39,13,30.0
39,14,30.0
39,15,30.0
39,16,30.0
39,17,30.0
39,18,30.0
39,19,30.0
39,2,18.50069
39,20,30.0
39,21,30.0
39,22,30.0
39,23,30.0
39,24,30.0
39,25,30.0
39,26,30.0
39,27,30.0
39,28,30.0
39,29,30.0
39,3,24.322586
39,4,27.649384
39,5,29.201889
39,6,29.784079
39,7,29.95531
39,8,29.993362
39,9,29.99937
4,0,0.0
4,1,9.222336
4,10,27.649355
4,11,27.649384
4,12,27.649384
4,13,27.649384
4,14,27.649384
4,15,27.649384
4,16,27.649384
4,17,27.649384
4,18,27.649384
4,19,27.649384
4,2,16.954823
4,20,27.649384
4,21,27.649384
4,22,27.649384
4,23,27.651787
4,24,27.660599
4,25,27.711868
4,26,27.851028
4,27,28.229256
4,28,28.937988
4,29,30.0
4,3,22.308083
4,4,25.423737
4,5,26.877708
4,6,27.43947
4,7,27.604694
4,8,27.642746
4,9,27.648754
40,0,0.0
40,1,10.091286
40,10,29.999971
40,11,30.0
40,12,30.0
40,13,30.0
40,14,30.0
40,15,30.0
40,16,30.0
40,17,30.0
40,18,30.0
40,19,30.0
40,2,18.50069
40,20,30.0
40,21,30.0
40,22,30.0
40,23,30.0
40,24,30.0
40,25,30.0
40,26,30.0
40,27,30.0
40,28,30.0
40,29,30.0
40,3,24.322586
40,4,27.649384
40,5,29.201889
40,6,29.784079
40,7,29.95531
40,8,29.993362
40,9,29.99937
41,0,0.0
41,1,10.091286
41,10,29.999971
41,11,30.0
41,12,30.0
41,13,30.0
41,14,30.0
41,15,30.0
41,16,30.0
41,17,30.0
41,18,30.0
41,19,30.0
41,2,18.50069
41,20,30.0
41,21,30.0
41,22,30.0
41,23,30.0
41,24,30.0
41,25,30.0
41,26,30.0
41,27,30.0
41,28,30.0
41,29,30.0
41,3,24.322586
41,4,27.649384
41,5,29.201889
41,6,29.784079
41,7,29.95531
41,8,29.993362
41,9,29.99937
42,0,0.0
42,1,10.091286
42,10,29.999971
42,11,30.0
42,12,30.0
42,13,30.0
42,14,30.0
42,15,30.0
42,16,30.0
42,17,30.0
42,18,30.0
42,19,30.0
42,2,18.50069
42,20,30.0
42,21,30.0
42,22,30.0
42,23,30.0
42,24,30.0
42,25,30.0
42,26,30.0
42,27,30.0
42,28,30.0
42,29,30.0
42,3,24.322586
42,4,27.649384
42,5,29.201889
42,6,29.784079
42,7,29.95531
42,8,29.993362
42,9,29.99937
43,0,0.0
43,1,10.091286
43,10,29.999971
43,11,30.0
43,12,30.0
43,13,30.0
43,14,30.0
43,15,30.0
43,16,30.0
43,17,30.0
43,18,30.0
43,19,30.0
43,2,18.50069
43,20,30.0
43,21,30.0
43,22,30.0
43,23,30.0
43,24,30.0
43,25,30.0
43,26,30.0
43,27,30.0
43,28,30.0
43,29,30.0
43,3,24.322586
43,4,27.649384
43,5,29.201889
43,6,29.784079
43,7,29.95531
43,8,29.993362
43,9,29.99937
44,0,0.0
44,1,10.091286
44,10,29.999971
44,11,30.0
44,12,30.0
44,13,30.0
44,14,30.0
44,15,30.0
44,16,30.0
44,17,30.0
44,18,30.0
44,19,30.0
44,2,18.50069
44,20,30.0
44,21,30.0
44,22,30.0
44,23,30.0
44,24,30.0
44,25,30.0
44,26,30.0
44,27,30.0
44,28,30.0
44,29,30.0
44,3,24.322586
44,4,27.649384
44,5,29.201889
44,6,29.784079
44,7,29.95531
44,8,29.993362
44,9,29.99937
45,0,0.0
45,1,10.091286
45,10,29.999971
45,11,30.0
45,12,30.0
45,13,30.0
45,14,30.0
45,15,30.0
45,16,30.0
45,17,30.0
45,18,30.0
45,19,30.0
45,2,18.50069
45,20,30.0
45,21,30.0
45,22,30.0
45,23,30.0
45,24,30.0
45,25,30.0
45,26,30.0
45,27,30.0
45,28,30.0
45,29,30.0
45,3,24.322586
45,4,27.649384
45,5,29.201889
45,6,29.784079
45,7,29.95531
45,8,29.993362
45,9,29.99937
46,0,0.0
46,1,10.091286
46,10,29.999971
46,11,30.0
46,12,30.0
46,13,30.0
46,14,30.0
46,15,30.0
46,16,30.0
46,17,30.0
46,18,30.0
46,19,30.0
46,2,18.50069
46,20,30.0
46,21,30.0
46,22,30.0
46,23,30.0
46,24,30.0
46,25,30.0
46,26,30.0
46,27,30.0
46,28,30.0
46,29,30.0
46,3,24.322586
46,4,27.649384
46,5,29.201889
46,6,29.784079
46,7,29.95531
46,8,29.993362
46,9,29.99937
47,0,0.0
47,1,10.091286
47,10,29.999971
47,11,30.0
47,12,30.0
47,13,30.0
47,14,30.0
47,15,30.0
47,16,30.0
47,17,30.0
47,18,30.0
47,19,30.0
47,2,18.50069
47,20,30.0
47,21,30.0
47,22,30.0
47,23,30.0
47,24,30.0
47,25,30.0
47,26,30.0
47,27,30.0
47,28,30.0
47,29,30.0
47,3,24.322586
47,4,27.649384
47,5,29.201889
47,6,29.784079
47,7,29.95531
47,8,29.993362
47,9,29.99937
48,0,0.0
48,1,10.091286
48,10,29.999971
48,11,30.0
48,12,30.0
48,13,30.0
48,14,30.0
48,15,30.0
48,16,30.0
48,17,30.0
48,18,30.0
48,19,30.0
48,2,18.50069
48,20,30.0
48,21,30.0
48,22,30.0
48,23,30.0
48,24,30.0
48,25,30.0
48,26,30.0
48,27,30.0
48,28,30.0
48,29,30.0
48,3,24.322586
48,4,27.649384
48,5,29.201889
48,6,29.784079
48,7,29.95531
48,8,29.993362
48,9,29.99937
49,0,0.0
49,1,10.091286
49,10,29.999971
49,11,30.0
49,12,30.0
49,13,30.0
49,14,30.0
49,15,30.0
49,16,30.0
49,17,30.0
49,18,30.0
49,19,30.0
49,2,18.50069
49,20,30.0
49,21,30.0
49,22,30.0
49,23,30.0
49,24,30.0
49,25,30.0
49,26,30.0
49,27,30.0
49,28,30.0
49,29,30.0
49,3,24.322586
49,4,27.649384
49,5,29.201889
49,6,29.784079
49,7,29.95531
49,8,29.993362
49,9,29.99937
5,0,0.0
5,1,9.788818
5,10,29.20186
5,11,29.201889
5,12,29.201889
5,13,29.201889
5,14,29.201889
5,15,29.201889
5,16,29.201889
5,17,29.201889
5,18,29.201889
5,19,29.201889
5,2,17.946167
5,20,29.201889
5,21,29.201889
5,22,29.201889
5,23,29.201889
5,24,29.205494
5,25,29.21711
5,26,29.271183
5,27,29.392776
5,28,29.646263
5,29,30.0
5,3,23.629875
5,4,26.877708
5,5,28.410988
5,6,28.985968
5,7,29.1572
5,8,29.195251
5,9,29.20126
50,0,0.0
50,1,10.091286
50,10,29.999971
50,11,30.0
50,12,30.0
50,13,30.0
50,14,30.0
50,15,30.0
50,16,30.0
50,17,30.0
50,18,30.0
50,19,30.0
50,2,18.50069
50,20,30.0
50,21,30.0
50,22,30.0
50,23,30.0
50,24,30.0
50,25,30.0
50,26,30.0
50,27,30.0
50,28,30.0
50,29,30.0
50,3,24.322586
50,4,27.649384
50,5,29.201889
50,6,29.784079
50,7,29.95531
50,8,29.993362
50,9,29.99937
51,0,0.0
51,1,10.091286
51,10,29.999971
51,11,30.0
51,12,30.0
51,13,30.0
51,14,30.0
51,15,30.0
51,16,30.0
51,17,30.0
51,18,30.0
51,19,30.0
51,2,18.50069
51,20,30.0
51,21,30.0
51,22,30.0
51,23,30.0
51,24,30.0
51,25,30.0
51,26,30.0
51,27,30.0
51,28,30.0
51,29,30.0
51,3,24.322586
51,4,27.649384
51,5,29.201889
51,6,29.784079
51,7,29.95531
51,8,29.993362
51,9,29.99937
52,0,0.0
52,1,10.091286
52,10,29.999971
52,11,30.0
52,12,30.0
52,13,30.0
52,14,30.0
52,15,30.0
52,16,30.0
52,17,30.0
52,18,30.0
52,19,30.0
52,2,18.50069
52,20,30.0
52,21,30.0
52,22,30.0
52,23,30.0
52,24,30.0
52,25,30.0
52,26,30.0
52,27,30.0
52,28,30.0
52,29,30.0
52,3,24.322586
52,4,27.649384
52,5,29.201889
52,6,29.784079
52,7,29.95531
52,8,29.993362
52,9,29.99937
53,0,0.0
53,1,10.091286
53,10,29.999971
53,11,30.0
53,12,30.0
53,13,30.0
53,14,30.0
53,15,30.0
53,16,30.0
53,17,30.0
53,18,30.0
53,19,30.0
53,2,18.50069
53,20,30.0
53,21,30.0
53,22,30.0
53,23,30.0
53,24,30.0
53,25,30.0
53,26,30.0
53,27,30.0
53,28,30.0
53,29,30.0
53,3,24.322586
53,4,27.649384
53,5,29.201889
53,6,29.784079
53,7,29.95531
53,8,29.993362
53,9,29.99937
54,0,0.0
54,1,10.091286
54,10,29.999971
54,11,30.0
54,12,30.0
54,13,30.0
54,14,30.0
54,15,30.0
54,16,30.0
54,17,30.0
54,18,30.0
54,19,30.0
54,2,18.50069
54,20,30.0
54,21,30.0
54,22,30.0
54,23,30.0
54,24,30.0
54,25,30.0
54,26,30.0
54,27,30.0
54,28,30.0
54,29,30.0
54,3,24.322586
54,4,27.649384
54,5,29.201889
54,6,29.784079
54,7,29.95531
54,8,29.993362
54,9,29.99937
55,0,0.0
55,1,10.091286
55,10,29.999971
55,11,30.0
55,12,30.0
55,13,30.0
55,14,30.0
55,15,30.0
55,16,30.0
55,17,30.0
55,18,30.0
55,19,30.0
55,2,18.50069
55,20,30.0
55,21,30.0
55,22,30.0
55,23,30.0
55,24,30.0
55,25,30.0
55,26,30.0
55,27,30.0
55,28,30.0
55,29,30.0
55,3,24.322586
55,4,27.649384
55,5,29.201889
55,6,29.784079
55,7,29.95531
55,8,29.993362
55,9,29.99937
56,0,0.0
56,1,10.091286
56,10,29.999971
56,11,30.0
56,12,30.0
56,13,30.0
56,14,30.0
56,15,30.0
56,16,30.0
56,17,30.0
56,18,30.0
56,19,30.0
56,2,18.50069
56,20,30.0
56,21,30.0
56,22,30.0
56,23,30.0
56,24,30.0
56,25,30.0
56,26,30.0
56,27,30.0
56,28,30.0
56,29,30.0
56,3,24.322586
56,4,27.649384
56,5,29.201889
56,6,29.784079
56,7,29.95531
56,8,29.993362
56,9,29.99937
57,0,0.0
57,1,10.091286
57,10,29.999971
57,11,30.0
57,12,30.0
57,13,30.0
57,14,30.0
57,15,30.0
57,16,30.0
57,17,30.0
57,18,30.0
57,19,30.0
57,2,18.50069
57,20,30.0
57,21,30.0
57,22,30.0
57,23,30.0
57,24,30.0
57,25,30.0
57,26,30.0
57,27,30.0
57,28,30.0
57,29,30.0
57,3,24.322586
57,4,27.649384
57,5,29.201889
57,6,29.784079
57,7,29.95531
57,8,29.993362
57,9,29.99937
58,0,0.0
58,1,10.091286
58,10,29.999971
58,11,30.0
58,12,30.0
58,13,30.0
58,14,30.0
58,15,30.0
58,16,30.0
58,17,30.0
58,18,30.0
58,19,30.0
58,2,18.50069
58,20,30.0
58,21,30.0
58,22,30.0
58,23,30.0
58,24,30.0
58,25,30.0
58,26,30.0
58,27,30.0
58,28,30.0
58,29,30.0
58,3,24.322586
58,4,27.649384
58,5,29.201889
58,6,29.784079
58,7,29.95531
58,8,29.993362
58,9,29.99937
59,0,0.0
59,1,10.091286
59,10,29.999971
59,11,30.0
59,12,30.0
59,13,30.0
59,14,30.0
59,15,30.0
59,16,30.0
59,17,30.0
59,18,30.0
59,19,30.0
59,2,18.50069
59,20,30.0
59,21,30.0
59,22,30.0
59,23,30.0
59,24,30.0
59,25,30.0
59,26,30.0
59,27,30.0
59,28,30.0
59,29,30.0
59,3,24.322586
59,4,27.649384
59,5,29.201889
59,6,29.784079
59,7,29.95531
59,8,29.993362
59,9,29.99937
6,0,0.0
6,1,10.001249
6,10,29.78405
6,11,29.784079
6,12,29.784079
6,13,29.784079
6,14,29.784079
6,15,29.784079
6,16,29.784079
6,17,29.784079
6,18,29.784079
6,19,29.784079
6,2,18.347425
6,20,29.784079
6,21,29.784079
6,22,29.784079
6,23,29.784079
6,24,29.784079
6,25,29.787683
6,26,29.797697
6,27,29.834318
6,28,29.900236
6,29,30.0
6,3,24.125547
6,4,27.43947
6,5,28.985968
6,6,29.568157
6,7,29.73939
6,8,29.777441
6,9,29.78345
60,0,0.0
60,1,10.091286
60,10,29.999971
60,11,30.0
60,12,30.0
60,13,30.0
60,14,30.0
60,15,30.0
60,16,30.0
60,17,30.0
60,18,30.0
60,19,30.0
60,2,18.50069
60,20,30.0
60,21,30.0
60,22,30.0
60,23,30.0
60,24,30.0
60,25,30.0
60,26,30.0
60,27,30.0
60,28,30.0
60,29,30.0
60,3,24.322586
60,4,27.649384
60,5,29.201889
60,6,29.784079
60,7,29.95531
60,8,29.993362
60,9,29.99937
61,0,0.0
61,1,10.091286
61,10,29.999971
61,11,30.0
61,12,30.0
61,13,30.0
61,14,30.0
61,15,30.0
61,16,30.0
61,17,30.0
61,18,30.0
61,19,30.0
61,2,18.50069
61,20,30.0
61,21,30.0
61,22,30.0
61,23,30.0
61,24,30.0
61,25,30.0
61,26,30.0
61,27,30.0
61,28,30.0
61,29,30.0
61,3,24.322586
61,4,27.649384
61,5,29.201889
61,6,29.784079
61,7,29.95531
61,8,29.993362
61,9,29.99937
62,0,0.0
62,1,10.091286
62,10,29.999971
62,11,30.0
62,12,30.0
62,13,30.0
62,14,30.0
62,15,30.0
62,16,30.0
62,17,30.0
62,18,30.0
62,19,30.0
62,2,18.50069
62,20,30.0
62,21,30.0
62,22,30.0
62,23,30.0
62,24,30.0
62,25,30.0
62,26,30.0
62,27,30.0
62,28,30.0
62,29,30.0
62,3,24.322586
62,4,27.649384
62,5,29.201889
62,6,29.784079
62,7,29.95531
62,8,29.993362
62,9,29.99937
63,0,0.0
63,1,10.091286
63,10,29.999971
63,11,30.0
63,12,30.0
63,13,30.0
63,14,30.0
63,15,30.0
63,16,30.0
63,17,30.0
63,18,30.0
63,19,30.0
63,2,18.50069
63,20,30.0
63,21,30.0
63,22,30.0
63,23,30.0
63,24,30.0
63,25,30.0
63,26,30.0
63,27,30.0
63,28,30.0
63,29,30.0
63,3,24.322586
63,4,27.649384
63,5,29.201889
63,6,29.784079
63,7,29.95531
63,8,29.993362
63,9,29.99937
64,0,0.0
64,1,10.091286
64,10,29.999971
64,11,30.0
64,12,30.0
64,13,30.0
64,14,30.0
64,15,30.0
64,16,30.0
64,17,30.0
64,18,30.0
64,19,30.0
64,2,18.50069
64,20,30.0
64,21,30.0
64,22,30.0
64,23,30.0
64,24,30.0
64,25,30.0
64,26,30.0
64,27,30.0
64,28,30.0
64,29,30.0
64,3,24.322586
64,4,27.649384
64,5,29.201889
64,6,29.784079
64,7,29.95531
64,8,29.993362
64,9,29.99937
65,0,0.0
65,1,10.091286
65,10,29.999971
65,11,30.0
65,12,30.0
65,13,30.0
65,14,30.0
65,15,30.0
65,16,30.0
65,17,30.0
65,18,30.0
65,19,30.0
65,2,18.50069
65,20,30.0
65,21,30.0
65,22,30.0
65,23,30.0
65,24,30.0
65,25,30.0
65,26,30.0
65,27,30.0
65,28,30.0
65,29,30.0
65,3,24.322586
65,4,27.649384
65,5,29.201889
65,6,29.784079
65,7,29.95531
65,8,29.993362
65,9,29.99937
66,0,0.0
66,1,10.091286
66,10,29.999971
66,11,30.0
66,12,30.0
66,13,30.0
66,14,30.0
66,15,30.0
66,16,30.0
66,17,30.0
66,18,30.0
66,19,30.0
66,2,18.50069
66,20,30.0
66,21,30.0
66,22,30.0
66,23,30.0
66,24,30.0
66,25,30.0
66,26,30.0
66,27,30.0
66,28,30.0
66,29,30.0
66,3,24.322586
66,4,27.649384
66,5,29.201889
66,6,29.784079
66,7,29.95531
66,8,29.993362
66,9,29.99937
67,0,0.0
67,1,10.091286
67,10,29.999971
67,11,30.0
67,12,30.0
67,13,30.0
67,14,30.0
67,15,30.0
67,16,30.0
67,17,30.0
67,18,30.0
67,19,30.0
67,2,18.50069
67,20,30.0
67,21,30.0
67,22,30.0
67,23,30.0
67,24,30.0
67,25,30.0
67,26,30.0
67,27,30.0
67,28,30.0
67,29,30.0
67,3,24.322586
67,4,27.649384
67,5,29.201889
67,6,29.784079
67,7,29.95531
67,8,29.993362
67,9,29.99937
68,0,0.0
68,1,10.091286
68,10,29.999971
68,11,30.0
68,12,30.0
68,13,30.0
68,14,30.0
68,15,30.0
68,16,30.0
68,17,30.0
68,18,30.0
68,19,30.0
68,2,18.50069
68,20,30.0
68,21,30.0
68,22,30.0
68,23,30.0
68,24,30.0
68,25,30.0
68,26,30.0
68,27,30.0
68,28,30.0
68,29,30.0
68,3,24.322586
68,4,27.649384
68,5,29.201889
68,6,29.784079
68,7,29.95531
68,8,29.993362
68,9,29.99937
69,0,0.0
69,1,10.091286
69,10,29.999971
69,11,30.0
69,12,30.0
69,13,30.0
69,14,30.0
69,15,30.0
69,16,30.0
69,17,30.0
69,18,30.0
69,19,30.0
69,2,18.50069
69,20,30.0
69,21,30.0
69,22,30.0
69,23,30.0
69,24,30.0
69,25,30.0
69,26,30.0
69,27,30.0
69,28,30.0
69,29,30.0
69,3,24.322586
69,4,27.649384
69,5,29.201889
69,6,29.784079
69,7,29.95531
69,8,29.993362
69,9,29.99937
7,0,0.0
7,1,10.07206
7,10,29.955282
7,11,29.95531
7,12,29.95531
7,13,29.95531
7,14,29.95531
7,15,29.95531
7,16,29.95531
7,17,29.95531
7,18,29.95531
7,19,29.95531
7,2,18.465443
7,20,29.95531
7,21,29.95531
7,22,29.95531
7,23,29.95531
7,24,29.95531
7,25,29.95531
7,26,29.957714
7,27,29.963322
7,28,29.978743
7,29,30.0
7,3,24.28133
7,4,27.604694
7,5,29.1572
7,6,29.73939
7,7,29.910622
7,8,29.948673
7,9,29.954681
70,0,0.0
70,1,10.091286
70,10,29.999971
70,11,30.0
70,12,30.0
70,13,30.0
70,14,30.0
70,15,30.0
70,16,30.0
70,17,30.0
70,18,30.0
70,19,30.0
70,2,18.50069
70,20,30.0
70,21,30.0
70,22,30.0
70,23,30.0
70,24,30.0
70,25,30.0
70,26,30.0
70,27,30.0
70,28,30.0
70,29,30.0
70,3,24.322586
70,4,27.649384
70,5,29.201889
70,6,29.784079
70,7,29.95531
70,8,29.993362
70,9,29.99937
71,0,0.0
71,1,10.091286
71,10,29.999971
71,11,30.0
71,12,30.0
71,13,30.0
71,14,30.0
71,15,30.0
71,16,30.0
71,17,30.0
71,18,30.0
71,19,30.0
71,2,18.50069
71,20,30.0
71,21,30.0
71,22,30.0
71,23,30.0
71,24,30.0
71,25,30.0
71,26,30.0
71,27,30.0
71,28,30.0
71,29,30.0
71,3,24.322586
71,4,27.649384
71,5,29.201889
71,6,29.784079
71,7,29.95531
71,8,29.993362
71,9,29.99937
72,0,0.0
72,1,10.091286
72,10,29.999971
72,11,30.0
72,12,30.0
72,13,30.0
72,14,30.0
72,15,30.0
72,16,30.0
72,17,30.0
72,18,30.0
72,19,30.0
72,2,18.50069
72,20,30.0
72,21,30.0
72,22,30.0
72,23,30.0
72,24,30.0
72,25,30.0
72,26,30.0
72,27,30.0
72,28,30.0
72,29,30.0
72,3,24.322586
72,4,27.649384
72,5,29.201889
72,6,29.784079
72,7,29.95531
72,8,29.993362
72,9,29.99937
73,0,0.0
73,1,10.091286
73,10,29.999971
73,11,30.0
73,12,30.0
73,13,30.0
73,14,30.0
73,15,30.0
73,16,30.0
73,17,30.0
73,18,30.0
73,19,30.0
73,2,18.50069
73,20,30.0
73,21,30.0
73,22,30.0
73,23,30.0
73,24,30.0
73,25,30.0
73,26,30.0
73,27,30.0
73,28,30.0
73,29,30.0
73,3,24.322586
73,4,27.649384
73,5,29.201889
73,6,29.784079
73,7,29.95531
73,8,29.993362
73,9,29.99937
74,0,0.0
74,1,10.091286
74,10,29.999971
74,11,30.0
74,12,30.0
74,13,30.0
74,14,30.0
74,15,30.0
74,16,30.0
74,17,30.0
74,18,30.0
74,19,30.0
74,2,18.50069
74,20,30.0
74,21,30.0
74,22,30.0
74,23,30.0
74,24,30.0
74,25,30.0
74,26,30.0
74,27,30.0
74,28,30.0
74,29,30.0
74,3,24.322586
74,4,27.649384
74,5,29.201889
74,6,29.784079
74,7,29.95531
74,8,29.993362
74,9,29.99937
75,0,0.0
75,1,10.091286
75,10,29.999971
75,11,30.0
75,12,30.0
75,13,30.0
75,14,30.0
75,15,30.0
75,16,30.0
75,17,30.0
75,18,30.0
75,19,30.0
75,2,18.50069
75,20,30.0
75,21,30.0
75,22,30.0
75,23,30.0
75,24,30.0
75,25,30.0
75,26,30.0
75,27,30.0
75,28,30.0
75,29,30.0
75,3,24.322586
75,4,27.649384
75,5,29.201889
75,6,29.784079
75,7,29.95531
75,8,29.993362
75,9,29.99937
76,0,0.0
76,1,10.091286
76,10,29.999971
76,11,30.0
76,12,30.0
76,13,30.0
76,14,30.0
76,15,30.0
76,16,30.0
76,17,30.0
76,18,30.0
76,19,30.0
76,2,18.50069
76,20,30.0
76,21,30.0
76,22,30.0
76,23,30.0
76,24,30.0
76,25,30.0
76,26,30.0
76,27,30.0
76,28,30.0
76,29,30.0
76,3,24.322586
76,4,27.649384
76,5,29.201889
76,6,29.784079
76,7,29.95531
76,8,29.993362
76,9,29.99937
77,0,0.0
77,1,10.091286
77,10,29.999971
77,11,30.0
77,12,30.0
77,13,30.0
77,14,30.0
77,15,30.0
77,16,30.0
77,17,30.0
77,18,30.0
77,19,30.0
77,2,18.50069
77,20,30.0
77,21,30.0
77,22,30.0
77,23,30.0
77,24,30.0
77,25,30.0
77,26,30.0
77,27,30.0
77,28,30.0
77,29,30.0
77,3,24.322586
77,4,27.649384
77,5,29.201889
77,6,29.784079
77,7,29.95531
77,8,29.993362
77,9,29.99937
78,0,0.0
78,1,10.091286
78,10,29.999971
78,11,30.0
78,12,30.0
78,13,30.0
78,14,30.0
78,15,30.0
78,16,30.0
78,17,30.0
78,18,30.0
78,19,30.0
78,2,18.50069
78,20,30.0
78,21,30.0
78,22,30.0
78,23,30.0
78,24,30.0
78,25,30.0
78,26,30.0
78,27,30.0
78,28,30.0
78,29,30.0
78,3,24.322586
78,4,27.649384
78,5,29.201889
78,6,29.784079
78,7,29.95531
78,8,29.993362
78,9,29.99937
79,0,0.0
79,1,10.091286
79,10,29.999971
79,11,30.0
79,12,30.0
79,13,30.0
79,14,30.0
79,15,30.0
79,16,30.0
79,17,30.0
79,18,30.0
79,19,30.0
79,2,18.50069
79,20,30.0
79,21,30.0
79,22,30.0
79,23,30.0
79,24,30.0
79,25,30.0
79,26,30.0
79,27,30.0
79,28,30.0
79,29,30.0
79,3,24.322586
79,4,27.649384
79,5,29.201889
79,6,29.784079
79,7,29.95531
79,8,29.993362
79,9,29.99937
8,0,0.0
8,1,10.087795
8,10,29.993334
8,11,29.993362
8,12,29.993362
8,13,29.993362
8,14,29.993362
8,15,29.993362
8,16,29.993362
8,17,29.993362
8,18,29.993362
8,19,29.993362
8,2,18.49534
8,20,29.993362
8,21,29.993362
8,22,29.993362
8,23,29.993362
8,24,29.993362
8,25,29.993362
8,26,29.993362
8,27,29.994392
8,28,29.996338
8,29,30.0
8,3,24.315948
8,4,27.642746
8,5,29.195251
8,6,29.777441
8,7,29.948673
8,8,29.986725
8,9,29.992733
80,0,0.0
80,1,10.091286
80,10,29.999971
80,11,30.0
80,12,30.0
80,13,30.0
80,14,30.0
80,15,30.0
80,16,30.0
80,17,30.0
80,18,30.0
80,19,30.0
80,2,18.50069
80,20,30.0
80,21,30.0
80,22,30.0
80,23,30.0
80,24,30.0
80,25,30.0
80,26,30.0
80,27,30.0
80,28,30.0
80,29,30.0
80,3,24.322586
80,4,27.649384
80,5,29.201889
80,6,29.784079
80,7,29.95531
80,8,29.993362
80,9,29.99937
81,0,0.0
81,1,10.091286
81,10,29.999971
81,11,30.0
81,12,30.0
81,13,30.0
81,14,30.0
81,15,30.0
81,16,30.0
81,17,30.0
81,18,30.0
81,19,30.0
81,2,18.50069
81,20,30.0
81,21,30.0
81,22,30.0
81,23,30.0
81,24,30.0
81,25,30.0
81,26,30.0
81,27,30.0
81,28,30.0
81,29,30.0
81,3,24.322586
81,4,27.649384
81,5,29.201889
81,6,29.784079
81,7,29.95531
81,8,29.993362
81,9,29.99937
82,0,0.0
82,1,10.091286
82,10,29.999971
82,11,30.0
82,12,30.0
82,13,30.0
82,14,30.0
82,15,30.0
82,16,30.0
82,17,30.0
82,18,30.0
82,19,30.0
82,2,18.50069
82,20,30.0
82,21,30.0
82,22,30.0
82,23,30.0
82,24,30.0
82,25,30.0
82,26,30.0
82,27,30.0
82,28,30.0
82,29,30.0
82,3,24.322586
82,4,27.649384
82,5,29.201889
82,6,29.784079
82,7,29.95531
82,8,29.993362
82,9,29.99937
83,0,0.0
83,1,10.091286
83,10,29.999971
83,11,30.0
83,12,30.0
83,13,30.0
83,14,30.0
83,15,30.0
83,16,30.0
83,17,30.0
83,18,30.0
83,19,30.0
83,2,18.50069
83,20,30.0
83,21,30.0
83,22,30.0
83,23,30.0
83,24,30.0
83,25,30.0
83,26,30.0
83,27,30.0
83,28,30.0
83,29,30.0
83,3,24.322586
83,4,27.649384
83,5,29.201889
83,6,29.784079
83,7,29.95531
83,8,29.993362
83,9,29.99937
84,0,0.0
84,1,10.091286
84,10,29.999971
84,11,30.0
84,12,30.0
84,13,30.0
84,14,30.0
84,15,30.0
84,16,30.0
84,17,30.0
84,18,30.0
84,19,30.0
84,2,18.50069
84,20,30.0
84,21,30.0
84,22,30.0
84,23,30.0
84,24,30.0
84,25,30.0
84,26,30.0
84,27,30.0
84,28,30.0
84,29,30.0
84,3,24.322586
84,4,27.649384
84,5,29.201889
84,6,29.784079
84,7,29.95531
84,8,29.993362
84,9,29.99937
85,0,0.0
85,1,10.091286
85,10,29.999971
85,11,30.0
85,12,30.0
85,13,30.0
85,14,30.0
85,15,30.0
85,16,30.0
85,17,30.0
85,18,30.0
85,19,30.0
85,2,18.50069
85,20,30.0
85,21,30.0
85,22,30.0
85,23,30.0
85,24,30.0
85,25,30.0
85,26,30.0
85,27,30.0
85,28,30.0
85,29,30.0
85,3,24.322586
85,4,27.649384
85,5,29.201889
85,6,29.784079
85,7,29.95531
85,8,29.993362
85,9,29.99937
86,0,0.0
86,1,10.091286
86,10,29.999971
86,11,30.0
86,12,30.0
86,13,30.0
86,14,30.0
86,15,30.0
86,16,30.0
86,17,30.0
86,18,30.0
86,19,30.0
86,2,18.50069
86,20,30.0
86,21,30.0
86,22,30.0
86,23,30.0
86,24,30.0
86,25,30.0
86,26,30.0
86,27,30.0
86,28,30.0
86,29,30.0
86,3,24.322586
86,4,27.649384
86,5,29.201889
86,6,29.784079
86,7,29.95531
86,8,29.993362
86,9,29.99937
87,0,0.0
87,1,10.091286
87,10,29.999971
87,11,30.0
87,12,30.0
87,13,30.0
87,14,30.0
87,15,30.0
87,16,30.0
87,17,30.0
87,18,30.0
87,19,30.0
87,2,18.50069
87,20,30.0
87,21,30.0
87,22,30.0
87,23,30.0
87,24,30.0
87,25,30.0
87,26,30.0
87,27,30.0
87,28,30.0
87,29,30.0
87,3,24.322586
87,4,27.649384
87,5,29.201889
87,6,29.784079
87,7,29.95531
87,8,29.993362
87,9,29.99937
88,0,0.0
88,1,10.091286
88,10,29.999971
88,11,30.0
88,12,30.0
88,13,30.0
88,14,30.0
88,15,30.0
88,16,30.0
88,17,30.0
88,18,30.0
88,19,30.0
88,2,18.50069
88,20,30.0
88,21,30.0
88,22,30.0
88,23,30.0
88,24,30.0
88,25,30.0
88,26,30.0
88,27,30.0
88,28,30.0
88,29,30.0
88,3,24.322586
88,4,27.649384
88,5,29.201889
88,6,29.784079
88,7,29.95531
88,8,29.993362
88,9,29.99937
89,0,0.0
89,1,10.091352
89,10,30.000038
89,11,30.000067
89,12,30.000067
89,13,30.000067
89,14,30.000067
89,15,30.000067
89,16,30.000067
89,17,30.000067
89,18,30.000067
89,19,30.000067
89,2,18.500757
89,20,30.000067
89,21,30.000067
89,22,30.000067
89,23,30.000067
89,24,30.000067
89,25,30.000067
89,26,30.000067
89,27,30.000067
89,28,30.000067
89,29,30.0
89,3,24.322653
89,4,27.64945
89,5,29.201956
89,6,29.784145
89,7,29.955378
89,8,29.99343
89,9,29.999437
9,0,0.0
9,1,10.090942
9,10,29.999342
9,11,29.99937
9,12,29.99937
9,13,29.99937
9,14,29.99937
9,15,29.99937
9,16,29.99937
9,17,29.99937
9,18,29.99937
9,19,29.99937
9,2,18.500061
9,20,29.99937
9,21,29.99937
9,22,29.99937
9,23,29.99937
9,24,29.99937
9,25,29.99937
9,26,29.99937
9,27,29.99937
9,28,29.999628
9,29,30.0
9,3,24.321957
9,4,27.648754
9,5,29.20126
9,6,29.78345
9,7,29.954681
9,8,29.992733
9,9,29.998741
90,0,0.0
90,1,10.092182
90,10,30.00144
90,11,30.001469
90,12,30.001469
90,13,30.001469
90,14,30.001469
90,15,30.001469
90,16,30.001469
90,17,30.001469
90,18,30.001469
90,19,30.001469
90,2,18.50216
90,20,30.001469
90,21,30.001469
90,22,30.001469
90,23,30.001469
90,24,30.001469
90,25,30.001469
90,26,30.001469
90,27,30.001469
90,28,30.000868
90,29,30.0
90,3,24.324055
90,4,27.650852
90,5,29.203358
90,6,29.785547
90,7,29.95678
90,8,29.994831
90,9,30.00084
91,0,0.0
91,1,10.100002
91,10,30.01546
91,11,30.015488
91,12,30.015488
91,13,30.015488
91,14,30.015488
91,15,30.015488
91,16,30.015488
91,17,30.015488
91,18,30.015488
91,19,30.015488
91,2,18.514032
91,20,30.015488
91,21,30.015488
91,22,30.015488
91,23,30.015488
91,24,30.015488
91,25,30.015488
91,26,30.015488
91,27,30.013084
91,28,30.008545
91,29,30.0
91,3,24.338074
91,4,27.664871
91,5,29.217377
91,6,29.799566
91,7,29.970798
91,8,30.00885
91,9,30.014858
92,0,0.0
92,1,10.142918
92,10,30.104246
92,11,30.104275
92,12,30.104275
92,13,30.104275
92,14,30.104275
92,15,30.104275
92,16,30.104275
92,17,30.104275
92,18,30.104275
92,19,30.104275
92,2,18.587704
92,20,30.104275
92,21,30.104275
92,22,30.104275
92,23,30.104275
92,24,30.104275
92,25,30.104275
92,26,30.098667
92,27,30.085583
92,28,30.0496
92,29,30.0
92,3,24.422283
92,4,27.753658
92,5,29.306164
92,6,29.888353
92,7,30.059586
92,8,30.097637
92,9,30.103645
93,0,0.0
93,1,10.333796
93,10,30.503788
93,11,30.503817
93,12,30.503817
93,13,30.503817
93,14,30.503817
93,15,30.503817
93,16,30.503817
93,17,30.503817
93,18,30.503817
93,19,30.503817
93,2,18.899698
93,20,30.503817
93,21,30.503817
93,22,30.503817
93,23,30.503817
93,24,30.503817
93,25,30.495405
93,26,30.47204
93,27,30.386591
93,28,30.232782
93,29,30.0
93,3,24.79989
93,4,28.147192
93,5,29.705706
93,6,30.287895
93,7,30.459127
93,8,30.497179
93,9,30.503187
94,0,0.0
94,1,10.967941
94,10,31.86223
94,11,31.862259
94,12,31.862259
94,13,31.862259
94,14,31.862259
94,15,31.862259
94,16,31.862259
94,17,31.862259
94,18,31.862259
94,19,31.862259
94,2,19.970245
94,20,31.862259
94,21,31.862259
94,22,31.862259
94,23,31.862259
94,24,31.853848
94,25,31.826744
94,26,31.700573
94,27,31.416855
94,28,30.825386
94,29,30.0
94,3,26.059265
94,4,29.487343
94,5,31.059341
94,6,31.646338
94,7,31.81757
94,8,31.855621
94,9,31.86163
95,0,0.0
95,1,12.762375
95,10,35.48474
95,11,35.48477
95,12,35.48477
95,13,35.48477
95,14,35.48477
95,15,35.48477
95,16,35.48477
95,17,35.48477
95,18,35.48477
95,19,35.48477
95,2,22.857304
95,20,35.48477
95,21,35.48477
95,22,35.48477
95,23,35.479164
95,24,35.458603
95,25,35.338974
95,26,35.014267
95,27,34.131737
95,28,32.478027
95,29,30.0
95,3,29.471321
95,4,33.050842
95,5,34.675713
95,6,35.266846
95,7,35.440083
95,8,35.478134
95,9,35.484142
96,0,0.0
96,1,17.056198
96,10,43.24727
96,11,43.2473
96,12,43.2473
96,13,43.2473
96,14,43.2473
96,15,43.2473
96,16,43.2473
96,17,43.2473
96,18,43.2473
96,19,43.2473
96,2,29.489632
96,20,43.2473
96,21,43.2473
96,22,43.244896
96,23,43.235016
96,24,43.16305
96,25,42.93354
96,26,42.146206
96,27,40.261383
96,28,36.27678
96,29,30.0
96,3,36.94069
96,4,40.78457
96,5,42.434235
96,6,43.032715
96,7,43.202614
96,8,43.24066
96,9,43.246666
97,0,0.0
97,1,26.607246
97,10,56.831696
97,11,56.831722
97,12,56.831722
97,13,56.831722
97,14,56.831722
97,15,56.831722
97,16,56.831722
97,17,56.831722
97,18,56.831722
97,19,56.831722
97,2,42.492218
97,20,56.831722
97,21,56.831123
97,22,56.828384
97,23,56.80275
97,24,56.708755
97,25,56.30701
97,26,55.134087
97,27,51.86138
97,28,44.350395
97,29,30.0
97,3,50.73635
97,4,54.536266
97,5,56.101532
97,6,56.63707
97,7,56.79171
97,8,56.825516
97,9,56.831093
98,0,0.0
98,1,47.77939
98,10,76.45364
98,11,76.45367
98,12,76.45367
98,13,76.45367
98,14,76.45367
98,15,76.45367
98,16,76.45367
98,17,76.45367
98,18,76.45367
98,19,76.45367
98,2,65.25051
98,20,76.4536
98,21,76.45326
98,22,76.44893
98,23,76.43097
98,24,76.33404
98,25,76.00319
98,26,74.84802
98,27,71.40068
98,28,61.11393
98,29,30.0
98,3,72.157974
98,4,74.94118
98,5,75.9803
98,6,76.33121
98,7,76.42767
98,8,76.44961
98,9,76.45323
99,0,0.0
99,1,100.0
99,10,100.0
99,11,100.0
99,12,100.0
99,13,100.0
99,14,100.0
99,15,100.0
99,16,100.0
99,17,100.0
99,18,100.0
99,19,100.0
99,2,100.0
99,20,100.0
99,21,100.0
99,22,100.0
99,23,100.0
99,24,100.0
99,25,100.0
99,26,100.0
99,27,100.0
99,28,100.0
99,29,30.0
99,3,100.0
99,4,100.0
99,5,100.0
99,6,100.0
99,7,100.0
99,8,100.0
99,9,100.0
