0,0,0.0
0,1,0.0
0,10,0.0
0,11,0.0
0,12,0.0
0,13,0.0
0,14,0.0
0,15,30.0
0,2,0.0
0,3,0.0
0,4,0.0
0,5,0.0
0,6,0.0
0,7,0.0
0,8,0.0
0,9,0.0
1,0,0.0
1,1,0.63561785
1,10,5.1762595
1,11,5.945351
1,12,7.235629
1,13,9.73643
1,14,15.34222
1,15,30.0
1,2,1.255461
1,3,1.8456352
1,4,2.3958275
1,5,2.900785
1,6,3.3617394
1,7,3.7882607
1,8,4.2014565
1,9,4.640415
10,0,0.0
10,1,11.11968
10,10,49.44759
10,11,47.823135
10,12,45.029808
10,13,41.01476
10,14,35.873657
10,15,30.0
10,2,21.19386
10,3,29.670643
10,4,36.440006
10,5,41.62502
10,6,45.42042
10,7,48.00581
10,8,49.50821
10,9,49.989796
11,0,0.0
11,1,14.543491
11,10,57.062607
11,11,54.923656
11,12,51.283928
11,13,45.885468
11,14,38.636375
11,15,30.0
11,2,27.115799
11,3,37.072243
11,4,44.57383
11,5,50.03588
11,6,53.86075
11,7,56.34902
11,8,57.68372
11,9,57.934563
12,0,0.0
12,1,19.938507
12,10,65.944695
12,11,63.525055
12,12,59.29682
12,13,52.606865
12,14,42.786396
12,15,30.0
12,2,35.653645
12,3,46.928772
12,4,54.74726
12,5,60.08403
12,6,63.637787
12,7,65.84591
12,8,66.94321
12,9,67.00224
13,0,0.0
13,1,29.556915
13,10,76.188965
13,11,73.935104
13,12,69.771484
13,13,62.458813
13,14,49.90236
13,15,30.0
13,2,48.63153
13,3,60.242
13,4,67.40248
13,5,71.91527
13,6,74.76056
13,7,76.45372
13,8,77.24103
13,9,77.186584
14,0,0.0
14,1,49.657627
14,10,87.689514
14,11,86.25496
14,12,83.39525
14,13,77.55457
14,14,64.36423
14,15,30.0
14,2,69.0736
14,3,78.00525
14,4,82.70544
14,5,85.41405
14,6,87.03551
14,7,87.96746
14,8,88.38066
14,9,88.31418
15,0,0.0
15,1,100.0
15,10,100.0
15,11,100.0
15,12,100.0
15,13,100.0
15,14,100.0
15,15,30.0
15,2,100.0
15,3,100.0
15,4,100.0
15,5,100.0
15,6,100.0
15,7,100.0
15,8,100.0
15,9,100.0
2,0,0.0
2,1,1.287017
2,10,10.119301
2,11,11.369539
2,12,13.260756
2,13,16.367884
2,14,21.632458
2,15,30.0
2,2,2.5406044
2,3,3.7312703
2,4,4.836914
2,5,5.8456006
2,6,6.7579427
2,7,7.589879
2,8,8.377183
2,9,9.183975
3,0,0.0
3,1,1.9718595
3,10,14.7474785
3,11,16.152796
3,12,18.070007
3,13,20.841911
3,14,24.819744
3,15,30.0
3,2,3.888693
3,3,5.7019653
3,4,7.3750057
3,5,8.886814
3,6,10.234612
3,7,11.4361925
3,8,12.533483
3,9,13.599063
4,0,0.0
4,1,2.7117457
4,10,19.118835
4,11,20.424225
4,12,22.024618
4,13,24.110052
4,14,26.804628
4,15,30.0
4,2,5.3403826
4,3,7.8129416
4,4,10.074397
4,5,12.092116
4,6,13.857588
4,7,15.386883
4,8,16.721584
4,9,17.931398
5,0,0.0
5,1,3.5347652
5,10,23.372341
5,11,24.400738
5,12,25.494259
5,13,26.769093
5,14,28.288744
5,15,30.0
5,2,6.9481936
5,3,10.135095
5,4,13.017607
5,5,15.549767
5,6,17.716843
5,7,19.532284
5,8,21.034687
5,9,22.286217
6,0,0.0
6,1,4.479148
6,10,27.683685
6,11,28.312222
6,12,28.782663
6,13,29.183372
6,14,29.581278
6,15,30.0
6,2,8.782591
6,3,12.761707
6,4,16.311274
6,5,19.372614
6,6,21.927864
6,7,23.990854
6,8,25.5988
6,9,26.806576
7,0,0.0
7,1,5.599269
7,10,32.243736
7,11,32.381912
7,12,32.14088
7,13,31.600523
7,14,30.853027
7,15,30.0
7,2,10.941369
7,3,15.8179655
7,4,20.09327
7,5,23.701681
7,6,26.631279
7,7,28.904623
7,8,30.563223
7,9,31.657734
8,0,0.0
8,1,6.9765882
8,10,37.251747
8,11,36.830917
8,12,35.79852
8,13,34.22487
8,14,32.230347
8,15,30.0
8,2,13.565715
8,3,19.475603
8,4,24.542274
8,5,28.709694
8,6,31.991089
8,7,34.43329
8,8,36.09189
8,9,37.017544
9,0,0.0
9,1,8.7414
9,10,42.91494
9,11,41.891594
9,12,39.997498
9,13,37.27015
9,14,33.84353
9,15,30.0
9,2,16.869366
9,3,23.976542
9,4,29.890648
9,5,34.603867
9,6,38.19024
9,7,40.74571
9,8,42.353653
9,9,43.068947
