0,0,0.0
0,1,0.0
0,10,0.0
0,11,0.0
0,12,0.0
0,13,0.0
0,14,0.0
0,15,30.0
0,2,0.0
0,3,0.0
0,4,0.0
0,5,0.0
0,6,0.0
0,7,0.0
0,8,0.0
0,9,0.0
1,0,0.0
1,1,1.5592655
1,10,7.1653156
1,11,7.5877724
1,12,8.5007925
1,13,10.599907
1,14,15.779669
1,15,30.0
1,2,2.9985876
1,3,4.2165484
1,4,5.173847
1,5,5.858962
1,6,6.3192086
1,7,6.6058683
1,8,6.7921114
1,9,6.9487863
10,0,0.0
10,1,10.27227
10,10,39.232765
10,11,38.61039
10,12,37.4687
10,13,35.635178
10,14,33.08198
10,15,30.0
10,2,19.329578
10,3,26.532383
10,4,31.766853
10,5,35.288082
10,6,37.46547
10,7,38.695942
10,8,39.28906
10,9,39.439674
11,0,0.0
11,1,13.240374
11,10,45.930267
11,11,44.9704
11,12,43.142647
11,13,40.12207
11,14,35.644196
11,15,30.0
11,2,24.402018
11,3,32.772915
11,4,38.55848
11,5,42.271915
11,6,44.497635
11,7,45.70903
11,8,46.252666
11,9,46.321033
12,0,0.0
12,1,18.503027
12,10,55.464794
12,11,54.18434
12,12,51.69169
12,13,47.222313
12,14,39.999985
12,15,30.0
12,2,32.712585
12,3,42.39633
12,4,48.56144
12,5,52.297596
12,6,54.428658
12,7,55.547016
12,8,56.013203
12,9,55.9897
13,0,0.0
13,1,28.337406
13,10,68.0013
13,11,66.66626
13,12,63.85335
13,13,58.28199
13,14,47.737167
13,15,30.0
13,2,46.16137
13,3,56.474617
13,4,62.336998
13,5,65.612915
13,6,67.39172
13,7,68.28446
13,8,68.62881
13,9,68.558914
14,0,0.0
14,1,48.96061
14,10,83.19768
14,11,82.267166
14,12,80.15732
14,13,75.26578
14,14,63.18101
14,15,30.0
14,2,67.66446
14,3,75.87308
14,4,79.85325
14,5,81.891335
14,6,82.93731
14,7,83.44559
14,8,83.63182
14,9,83.566895
15,0,0.0
15,1,100.0
15,10,100.0
15,11,100.0
15,12,100.0
15,13,100.0
15,14,100.0
15,15,30.0
15,2,100.0
15,3,100.0
15,4,100.0
15,5,100.0
15,6,100.0
15,7,100.0
15,8,100.0
15,9,100.0
2,0,0.0
2,1,2.999673
2,10,13.649301
2,11,14.266091
2,12,15.487601
2,13,17.879911
2,14,22.399433
2,15,30.0
2,2,5.7592874
2,3,8.108869
2,4,9.936833
2,5,11.260923
2,6,12.134769
2,7,12.685074
2,8,13.029415
2,9,13.301974
3,0,0.0
3,1,4.2222114
3,10,19.010406
3,11,19.618572
3,12,20.707155
3,13,22.626537
3,14,25.71917
3,15,30.0
3,2,8.116812
3,3,11.411794
3,4,13.99567
3,5,15.843203
3,6,17.076468
3,7,17.834633
3,8,18.300827
3,9,18.637506
4,0,0.0
4,1,5.1939573
4,10,23.118492
4,11,23.597317
4,12,24.399637
4,13,25.691206
4,14,27.597776
4,15,30.0
4,2,9.971157
4,3,14.029908
4,4,17.185387
4,5,19.460144
4,6,20.955418
4,7,21.878475
4,8,22.42211
4,9,22.77882
5,0,0.0
5,1,5.9177575
5,10,26.083809
5,11,26.415882
5,12,26.911358
5,13,27.67392
5,14,28.727468
5,15,30.0
5,2,11.36832
5,3,15.97504
5,4,19.572353
5,5,22.139122
5,6,23.836689
5,7,24.86449
5,8,25.45761
5,9,25.810892
6,0,0.0
6,1,6.473248
6,10,28.229343
6,11,28.412525
6,12,28.655931
6,13,28.996288
6,14,29.45868
6,15,30.0
6,2,12.419204
6,3,17.450274
6,4,21.349857
6,5,24.14071
6,6,25.96473
6,7,27.068672
6,8,27.685432
6,9,28.0206
7,0,0.0
7,1,6.9703608
7,10,30.001583
7,11,30.053009
7,12,30.055725
7,13,30.04562
7,14,30.022274
7,15,30.0
7,2,13.365805
7,3,18.74201
7,4,22.903845
7,5,25.852148
7,6,27.77849
7,7,28.926493
7,8,29.554466
7,9,29.866745
8,0,0.0
8,1,7.5911703
8,10,31.978638
8,11,31.865131
8,12,31.609697
8,13,31.193428
8,14,30.643085
8,15,30.0
8,2,14.513611
8,3,20.295982
8,4,24.715961
8,5,27.829205
8,6,29.83437
8,7,31.01973
8,8,31.647701
8,9,31.922628
9,0,0.0
9,1,8.57184
9,10,34.81003
9,11,34.490532
9,12,33.859398
9,13,32.88697
9,14,31.557272
9,15,30.0
9,2,16.309885
9,3,22.653736
9,4,27.42787
9,5,30.721395
9,6,32.817635
9,7,34.02954
9,8,34.6463
9,9,34.8735
