0,0,0.0
0,1,0.0
0,10,0.0
0,11,0.0
0,12,0.0
0,13,0.0
0,14,0.0
0,15,30.0
0,2,0.0
0,3,0.0
0,4,0.0
0,5,0.0
0,6,0.0
0,7,0.0
0,8,0.0
0,9,0.0
1,0,0.0
1,1,0.6355902
1,10,5.1761446
1,11,5.945252
1,12,7.235551
1,13,9.736376
1,14,15.342193
1,15,30.0
1,2,1.255407
1,3,1.8455571
1,4,2.395729
1,5,2.90067
1,6,3.3616133
1,7,3.7881289
1,8,4.2013245
1,9,4.6402884
10,0,0.0
10,1,11.119564
10,10,49.44711
10,11,47.822727
10,12,45.02948
10,13,41.014534
10,14,35.873543
10,15,30.0
10,2,21.193632
10,3,29.670319
10,4,36.439598
10,5,41.624535
10,6,45.41989
10,7,48.005257
10,8,49.50766
10,9,49.98927
11,0,0.0
11,1,14.543391
11,10,57.06219
11,11,54.9233
11,12,51.283646
11,13,45.88527
11,14,38.636276
11,15,30.0
11,2,27.115602
11,3,37.071964
11,4,44.573475
11,5,50.035465
11,6,53.8603
11,7,56.34855
11,8,57.683247
11,9,57.93411
12,0,0.0
12,1,19.938429
12,10,65.94437
12,11,63.524773
12,12,59.296597
12,13,52.60671
12,14,42.786316
12,15,30.0
12,2,35.653492
12,3,46.928555
12,4,54.74698
12,5,60.083706
12,6,63.63743
12,7,65.845535
12,8,66.942825
12,9,67.001884
13,0,0.0
13,1,29.55686
13,10,76.18874
13,11,73.934906
13,12,69.77133
13,13,62.458702
13,14,49.9023
13,15,30.0
13,2,48.631424
13,3,60.241844
13,4,67.40228
13,5,71.91504
13,6,74.760315
13,7,76.45346
13,8,77.24077
13,9,77.18634
14,0,0.0
14,1,49.6576
14,10,87.6894
14,11,86.25487
14,12,83.39517
14,13,77.55452
14,14,64.3642
14,15,30.0
14,2,69.07355
14,3,78.00518
14,4,82.70534
14,5,85.413925
14,6,87.03538
14,7,87.96734
14,8,88.38052
14,9,88.31406
15,0,0.0
15,1,100.0
15,10,100.0
15,11,100.0
15,12,100.0
15,13,100.0
15,14,100.0
15,15,30.0
15,2,100.0
15,3,100.0
15,4,100.0
15,5,100.0
15,6,100.0
15,7,100.0
15,8,100.0
15,9,100.0
2,0,0.0
2,1,1.286963
2,10,10.119074
2,11,11.369346
2,12,13.260603
2,13,16.367777
2,14,21.632404
2,15,30.0
2,2,2.5404985
2,3,3.7311175
2,4,4.836722
2,5,5.845375
2,6,6.757696
2,7,7.5896206
2,8,8.3769245
2,9,9.183728
3,0,0.0
3,1,1.9717814
3,10,14.747154
3,11,16.152517
3,12,18.069786
3,13,20.84176
3,14,24.819668
3,15,30.0
3,2,3.8885405
3,3,5.701744
3,4,7.3747263
3,5,8.88649
3,6,10.234255
3,7,11.435819
3,8,12.53311
3,9,13.598705
4,0,0.0
4,1,2.711647
4,10,19.118423
4,11,20.423872
4,12,22.02434
4,13,24.10986
4,14,26.804531
4,15,30.0
4,2,5.3401895
4,3,7.812663
4,4,10.074044
4,5,12.091705
4,6,13.857136
4,7,15.386412
4,8,16.721111
4,9,17.930946
5,0,0.0
5,1,3.5346503
5,10,23.371862
5,11,24.400324
5,12,25.49393
5,13,26.768867
5,14,28.288628
5,15,30.0
5,2,6.9479685
5,3,10.134769
5,4,13.017197
5,5,15.549289
5,6,17.716316
5,7,19.531734
5,8,21.034138
5,9,22.285692
6,0,0.0
6,1,4.479022
6,10,27.683157
6,11,28.311773
6,12,28.782305
6,13,29.183128
6,14,29.581152
6,15,30.0
6,2,8.782343
6,3,12.761351
6,4,16.310822
6,5,19.372087
6,6,21.927286
6,7,23.990253
6,8,25.598196
6,9,26.806
7,0,0.0
7,1,5.5991364
7,10,32.243187
7,11,32.381435
7,12,32.14051
7,13,31.600266
7,14,30.852898
7,15,30.0
7,2,10.941111
7,3,15.817592
7,4,20.092796
7,5,23.70113
7,6,26.630672
7,7,28.903992
7,8,30.562592
7,9,31.657127
8,0,0.0
8,1,6.9764557
8,10,37.251198
8,11,36.830444
8,12,35.79814
8,13,34.22461
8,14,32.230217
8,15,30.0
8,2,13.565456
8,3,19.475227
8,4,24.541801
8,5,28.709145
8,6,31.990482
8,7,34.432655
8,8,36.091255
8,9,37.016937
9,0,0.0
9,1,8.741274
9,10,42.914413
9,11,41.891144
9,12,39.99714
9,13,37.269897
9,14,33.843407
9,15,30.0
9,2,16.869118
9,3,23.976185
9,4,29.890194
9,5,34.60334
9,6,38.189655
9,7,40.745106
9,8,42.353046
9,9,43.06837
