0,0,0.0
0,1,0.0
0,10,0.0
0,11,0.0
0,12,0.0
0,13,0.0
0,14,0.0
0,15,30.0
0,2,0.0
0,3,0.0
0,4,0.0
0,5,0.0
0,6,0.0
0,7,0.0
0,8,0.0
0,9,0.0
1,0,0.0
1,1,0.63528633
1,10,5.1748776
1,11,5.9441648
1,12,7.2346916
1,13,9.735781
1,14,15.341888
1,15,30.0
1,2,1.2548125
1,3,1.8446977
1,4,2.3946428
1,5,2.8994038
1,6,3.3602226
1,7,3.7866743
1,8,4.19987
1,9,4.638898
10,0,0.0
10,1,11.118294
10,10,49.44182
10,11,47.818184
10,12,45.025894
10,13,41.012047
10,14,35.872272
10,15,30.0
10,2,21.191147
10,3,29.666725
10,4,36.43506
10,5,41.619247
10,6,45.414085
10,7,47.999176
10,8,49.501587
10,9,49.983456
11,0,0.0
11,1,14.542301
11,10,57.057644
11,11,54.91941
11,12,51.280556
11,13,45.88314
11,14,38.635185
11,15,30.0
11,2,27.113468
11,3,37.068882
11,4,44.569576
11,5,50.03093
11,6,53.85531
11,7,56.34333
11,8,57.678032
11,9,57.929123
12,0,0.0
12,1,19.937565
12,10,65.94078
12,11,63.521687
12,12,59.29416
12,13,52.605022
12,14,42.78545
12,15,30.0
12,2,35.651806
12,3,46.926113
12,4,54.7439
12,5,60.08011
12,6,63.633488
12,7,65.84141
12,8,66.938705
12,9,66.99793
13,0,0.0
13,1,29.556263
13,10,76.18625
13,11,73.93277
13,12,69.769646
13,13,62.457542
13,14,49.901703
13,15,30.0
13,2,48.630257
13,3,60.240158
13,4,67.400154
13,5,71.91255
13,6,74.757576
13,7,76.45061
13,8,77.237915
13,9,77.18361
14,0,0.0
14,1,49.657295
14,10,87.688126
14,11,86.25377
14,12,83.39431
14,13,77.553925
14,14,64.36389
14,15,30.0
14,2,69.07295
14,3,78.00431
14,4,82.704254
14,5,85.41266
14,6,87.03398
14,7,87.96587
14,8,88.37907
14,9,88.31266
15,0,0.0
15,1,100.0
15,10,100.0
15,11,100.0
15,12,100.0
15,13,100.0
15,14,100.0
15,15,30.0
15,2,100.0
15,3,100.0
15,4,100.0
15,5,100.0
15,6,100.0
15,7,100.0
15,8,100.0
15,9,100.0
2,0,0.0
2,1,1.2863686
2,10,10.116595
2,11,11.367218
2,12,13.258921
2,13,16.366613
2,14,21.63181
2,15,30.0
2,2,2.5393353
2,3,3.7294366
2,4,4.834595
2,5,5.842898
2,6,6.7549753
2,7,7.586776
2,8,8.374079
2,9,9.181006
3,0,0.0
3,1,1.9709218
3,10,14.743571
3,11,16.149443
3,12,18.067356
3,13,20.840076
3,14,24.818806
3,15,30.0
3,2,3.8868597
3,3,5.699314
3,4,7.3716545
3,5,8.882908
3,6,10.230323
3,7,11.431705
3,8,12.528996
3,9,13.594771
4,0,0.0
4,1,2.7105603
4,10,19.113895
4,11,20.419983
4,12,22.021265
4,13,24.10773
4,14,26.803442
4,15,30.0
4,2,5.338063
4,3,7.8095913
4,4,10.070158
4,5,12.087176
4,6,13.852161
4,7,15.38121
4,8,16.715912
4,9,17.925972
5,0,0.0
5,1,3.533383
5,10,23.36658
5,11,24.395794
5,12,25.490347
5,13,26.766388
5,14,28.287361
5,15,30.0
5,2,6.945491
5,3,10.131186
5,4,13.012667
5,5,15.544007
5,6,17.71052
5,7,19.525671
5,8,21.028074
5,9,22.279894
6,0,0.0
6,1,4.4776297
6,10,27.67736
6,11,28.30679
6,12,28.778368
6,13,29.1804
6,14,29.57976
6,15,30.0
6,2,8.779619
6,3,12.757416
6,4,16.305845
6,5,19.366287
6,6,21.920916
6,7,23.983591
6,8,25.591532
6,9,26.799625
7,0,0.0
7,1,5.59768
7,10,32.237114
7,11,32.37623
7,12,32.136387
7,13,31.597412
7,14,30.85144
7,15,30.0
7,2,10.93826
7,3,15.813474
7,4,20.08759
7,5,23.69506
7,6,26.624008
7,7,28.897022
7,8,30.55562
7,9,31.650463
8,0,0.0
8,1,6.9749985
8,10,37.24513
8,11,36.825226
8,12,35.79402
8,13,34.22176
8,14,32.22876
8,15,30.0
8,2,13.562606
8,3,19.471107
8,4,24.536592
8,5,28.703074
8,6,31.983816
8,7,34.425686
8,8,36.084282
8,9,37.01027
9,0,0.0
9,1,8.73988
9,10,42.9086
9,11,41.886158
9,12,39.993195
9,13,37.267174
9,14,33.84201
9,15,30.0
9,2,16.86639
9,3,23.972242
9,4,29.885212
9,5,34.597534
9,6,38.18328
9,7,40.738434
9,8,42.346375
9,9,43.06199
