0,0,0.0
0,1,0.0
0,10,0.0
0,11,0.0
0,12,0.0
0,13,0.0
0,14,0.0
0,15,30.0
0,2,0.0
0,3,0.0
0,4,0.0
0,5,0.0
0,6,0.0
0,7,0.0
0,8,0.0
0,9,0.0
1,0,0.0
1,1,0.6352773
1,10,5.1748395
1,11,5.944133
1,12,7.2346654
1,13,9.735763
1,14,15.341879
1,15,30.0
1,2,1.2547947
1,3,1.8446722
1,4,2.3946102
1,5,2.8993661
1,6,3.360181
1,7,3.786631
1,8,4.1998267
1,9,4.638856
10,0,0.0
10,1,11.1182575
10,10,49.441658
10,11,47.81805
10,12,45.02578
10,13,41.01197
10,14,35.872234
10,15,30.0
10,2,21.191072
10,3,29.666618
10,4,36.43492
10,5,41.619087
10,6,45.41391
10,7,47.998997
10,8,49.501396
10,9,49.983284
11,0,0.0
11,1,14.542268
11,10,57.05751
11,11,54.919285
11,12,51.280468
11,13,45.883076
11,14,38.63515
11,15,30.0
11,2,27.113407
11,3,37.068787
11,4,44.56946
11,5,50.030792
11,6,53.855164
11,7,56.34317
11,8,57.67788
11,9,57.92897
12,0,0.0
12,1,19.937542
12,10,65.94067
12,11,63.5216
12,12,59.294083
12,13,52.604973
12,14,42.785427
12,15,30.0
12,2,35.651752
12,3,46.926044
12,4,54.743805
12,5,60.080006
12,6,63.63337
12,7,65.841286
12,8,66.938576
12,9,66.99782
13,0,0.0
13,1,29.556244
13,10,76.18617
13,11,73.93271
13,12,69.76959
13,13,62.457504
13,14,49.901688
13,15,30.0
13,2,48.630226
13,3,60.24011
13,4,67.400085
13,5,71.912476
13,6,74.75749
13,7,76.45052
13,8,77.23782
13,9,77.18353
14,0,0.0
14,1,49.657284
14,10,87.688095
14,11,86.25374
14,12,83.39429
14,13,77.5539
14,14,64.363884
14,15,30.0
14,2,69.07293
14,3,78.00429
14,4,82.704216
14,5,85.41263
14,6,87.03394
14,7,87.96583
14,8,88.37902
14,9,88.312614
15,0,0.0
15,1,100.0
15,10,100.0
15,11,100.0
15,12,100.0
15,13,100.0
15,14,100.0
15,15,30.0
15,2,100.0
15,3,100.0
15,4,100.0
15,5,100.0
15,6,100.0
15,7,100.0
15,8,100.0
15,9,100.0
2,0,0.0
2,1,1.2863507
2,10,10.116522
2,11,11.367155
2,12,13.25887
2,13,16.366577
2,14,21.631792
2,15,30.0
2,2,2.5393004
2,3,3.7293863
2,4,4.8345323
2,5,5.842824
2,6,6.7548933
2,7,7.58669
2,8,8.373994
2,9,9.180924
3,0,0.0
3,1,1.9708965
3,10,14.7434635
3,11,16.149351
3,12,18.067282
3,13,20.840027
3,14,24.81878
3,15,30.0
3,2,3.886809
3,3,5.6992416
3,4,7.3715625
3,5,8.882801
3,6,10.230205
3,7,11.431583
3,8,12.528873
3,9,13.594653
4,0,0.0
4,1,2.7105277
4,10,19.113758
4,11,20.419868
4,12,22.021172
4,13,24.107666
4,14,26.80341
4,15,30.0
4,2,5.338
4,3,7.8094983
4,4,10.070043
4,5,12.08704
4,6,13.852013
4,7,15.381054
4,8,16.715755
4,9,17.925823
5,0,0.0
5,1,3.5333455
5,10,23.366423
5,11,24.395657
5,12,25.49024
5,13,26.766314
5,14,28.287321
5,15,30.0
5,2,6.945416
5,3,10.131081
5,4,13.012531
5,5,15.54385
5,6,17.710346
5,7,19.52549
5,8,21.027893
5,9,22.279716
6,0,0.0
6,1,4.477588
6,10,27.677185
6,11,28.306644
6,12,28.778248
6,13,29.18032
6,14,29.579718
6,15,30.0
6,2,8.779538
6,3,12.757298
6,4,16.305695
6,5,19.366114
6,6,21.920725
6,7,23.98339
6,8,25.591333
6,9,26.799435
7,0,0.0
7,1,5.597636
7,10,32.236935
7,11,32.37607
7,12,32.13626
7,13,31.597328
7,14,30.851398
7,15,30.0
7,2,10.938176
7,3,15.813349
7,4,20.087435
7,5,23.69488
7,6,26.623808
7,7,28.896812
7,8,30.555412
7,9,31.650263
8,0,0.0
8,1,6.974955
8,10,37.24494
8,11,36.825073
8,12,35.793896
8,13,34.221672
8,14,32.228718
8,15,30.0
8,2,13.56252
8,3,19.470985
8,4,24.536438
8,5,28.702892
8,6,31.983616
8,7,34.425476
8,8,36.084076
8,9,37.01007
9,0,0.0
9,1,8.739838
9,10,42.90843
9,11,41.886005
9,12,39.993076
9,13,37.26709
9,14,33.84197
9,15,30.0
9,2,16.866306
9,3,23.972126
9,4,29.885063
9,5,34.59736
9,6,38.18309
9,7,40.738235
9,8,42.346176
9,9,43.0618
