0,0,0.0
0,1,0.0
0,10,0.0
0,11,0.0
0,12,0.0
0,13,0.0
0,14,0.0
0,15,30.0
0,2,0.0
0,3,0.0
0,4,0.0
0,5,0.0
0,6,0.0
0,7,0.0
0,8,0.0
0,9,0.0
1,0,0.0
1,1,0.6347754
1,10,5.172741
1,11,5.9423313
1,12,7.23324
1,13,9.734776
1,14,15.341374
1,15,30.0
1,2,1.2538128
1,3,1.8432527
1,4,2.392815
1,5,2.897273
1,6,3.3578813
1,7,3.784225
1,8,4.197419
1,9,4.636553
10,0,0.0
10,1,11.116139
10,10,49.432808
10,11,47.810444
10,12,45.019768
10,13,41.007805
10,14,35.870106
10,15,30.0
10,2,21.18693
10,3,29.660633
10,4,36.427345
10,5,41.610252
10,6,45.404205
10,7,47.988846
10,8,49.491245
10,9,49.97356
11,0,0.0
11,1,14.540447
11,10,57.0499
11,11,54.912758
11,12,51.275295
11,13,45.8795
11,14,38.633324
11,15,30.0
11,2,27.109846
11,3,37.06364
11,4,44.56295
11,5,50.0232
11,6,53.84682
11,7,56.33445
11,8,57.669144
11,9,57.920624
12,0,0.0
12,1,19.9361
12,10,65.93464
12,11,63.516426
12,12,59.289993
12,13,52.60214
12,14,42.78398
12,15,30.0
12,2,35.648933
12,3,46.921967
12,4,54.738655
12,5,60.07399
12,6,63.626766
12,7,65.83438
12,8,66.93167
12,9,66.99121
13,0,0.0
13,1,29.555244
13,10,76.18201
13,11,73.92913
13,12,69.76676
13,13,62.455544
13,14,49.90068
13,15,30.0
13,2,48.628277
13,3,60.23729
13,4,67.396515
13,5,71.90832
13,6,74.75292
13,7,76.44574
13,8,77.23305
13,9,77.17895
14,0,0.0
14,1,49.656776
14,10,87.68596
14,11,86.25191
14,12,83.39284
14,13,77.5529
14,14,64.36337
14,15,30.0
14,2,69.07193
14,3,78.002846
14,4,82.70239
14,5,85.41049
14,6,87.0316
14,7,87.96338
14,8,88.37658
14,9,88.31029
15,0,0.0
15,1,100.0
15,10,100.0
15,11,100.0
15,12,100.0
15,13,100.0
15,14,100.0
15,15,30.0
15,2,100.0
15,3,100.0
15,4,100.0
15,5,100.0
15,6,100.0
15,7,100.0
15,8,100.0
15,9,100.0
2,0,0.0
2,1,1.2853684
2,10,10.112414
2,11,11.363628
2,12,13.256079
2,13,16.364647
2,14,21.630804
2,15,30.0
2,2,2.5373783
2,3,3.7266083
2,4,4.8310184
2,5,5.838727
2,6,6.750393
2,7,7.5819807
2,8,8.369282
2,9,9.176416
3,0,0.0
3,1,1.9694753
3,10,14.737521
3,11,16.144249
3,12,18.063246
3,13,20.83723
3,14,24.817352
3,15,30.0
3,2,3.8840292
3,3,5.695223
3,4,7.3664804
3,5,8.876876
3,6,10.223695
3,7,11.424772
3,8,12.522058
3,9,13.588133
4,0,0.0
4,1,2.7087293
4,10,19.10624
4,11,20.41341
4,12,22.016064
4,13,24.10413
4,14,26.801601
4,15,30.0
4,2,5.3344803
4,3,7.804412
4,4,10.063608
4,5,12.07954
4,6,13.843772
4,7,15.372431
4,8,16.707129
4,9,17.917566
5,0,0.0
5,1,3.5312462
5,10,23.357643
5,11,24.388123
5,12,25.484276
5,13,26.762184
5,14,28.285212
5,15,30.0
5,2,6.9413095
5,3,10.125142
5,4,13.005022
5,5,15.535096
5,6,17.700726
5,7,19.515427
5,8,21.017822
5,9,22.270088
6,0,0.0
6,1,4.4752793
6,10,27.66753
6,11,28.298351
6,12,28.77169
6,13,29.175781
6,14,29.577396
6,15,30.0
6,2,8.775021
6,3,12.750767
6,4,16.297438
6,5,19.356483
6,6,21.910145
6,7,23.972319
6,8,25.580257
6,9,26.788834
7,0,0.0
7,1,5.5952177
7,10,32.226818
7,11,32.36739
7,12,32.129395
7,13,31.592571
7,14,30.848965
7,15,30.0
7,2,10.933443
7,3,15.80651
7,4,20.078781
7,5,23.684793
7,6,26.612722
7,7,28.88522
7,8,30.543808
7,9,31.639164
8,0,0.0
8,1,6.9725313
8,10,37.234818
8,11,36.816376
8,12,35.787018
8,13,34.21691
8,14,32.22628
8,15,30.0
8,2,13.557779
8,3,19.46413
8,4,24.52777
8,5,28.692783
8,6,31.972513
8,7,34.413857
8,8,36.072453
8,9,36.998947
9,0,0.0
9,1,8.737516
9,10,42.89872
9,11,41.877678
9,12,39.98648
9,13,37.262527
9,14,33.839634
9,15,30.0
9,2,16.861765
9,3,23.965559
9,4,29.876757
9,5,34.587677
9,6,38.17245
9,7,40.727104
9,8,42.33504
9,9,43.051147
