0,0,0.0
0,1,0.0
0,10,0.0
0,11,0.0
0,12,0.0
0,13,0.0
0,14,0.0
0,15,30.0
0,2,0.0
0,3,0.0
0,4,0.0
0,5,0.0
0,6,0.0
0,7,0.0
0,8,0.0
0,9,0.0
1,0,0.0
1,1,1.2980291
1,10,6.6370926
1,11,7.1337833
1,12,8.14019
1,13,10.345406
1,14,15.649195
1,15,30.0
1,2,2.5095289
1,3,3.5697832
1,4,4.4321218
1,5,5.0939937
1,6,5.56802
1,7,5.8993907
1,8,6.1384153
1,9,6.3540454
10,0,0.0
10,1,10.360649
10,10,41.38337
10,11,40.558773
10,12,39.06127
10,13,36.778404
10,14,33.672108
10,15,30.0
10,2,19.577091
10,3,27.02849
10,4,32.618965
10,5,36.53322
10,6,39.101982
10,7,40.647926
10,8,41.444145
10,9,41.67008
11,0,0.0
11,1,13.485689
11,10,48.460697
11,11,47.226295
11,12,45.002693
11,13,41.435295
11,14,36.332455
11,15,30.0
11,2,24.931185
11,3,33.66443
11,4,39.854507
11,5,44.001244
11,6,46.61232
11,7,48.127403
11,8,48.85345
11,9,48.95462
12,0,0.0
12,1,18.820072
12,10,57.97268
12,11,56.43293
12,12,53.51998
12,13,48.52956
12,14,40.674145
12,15,30.0
12,2,33.380444
12,3,43.44357
12,4,50.02642
12,5,54.159805
12,6,56.64683
12,7,58.027187
12,8,58.63767
12,9,58.633305
13,0,0.0
13,1,28.63242
13,10,70.04553
13,11,68.4785
13,12,65.342026
13,13,59.331184
13,14,48.286278
13,15,30.0
13,2,46.761612
13,3,57.407207
13,4,63.59909
13,5,67.19649
13,6,69.24213
13,7,70.33175
13,8,70.78149
13,9,70.70686
14,0,0.0
14,1,49.135246
14,10,84.34195
14,11,83.289665
14,12,80.98709
14,13,75.85827
14,14,63.486412
14,15,30.0
14,2,68.0224
14,3,76.41668
14,4,80.58801
14,5,82.79885
14,6,83.99332
14,7,84.6063
14,8,84.84532
14,9,84.77934
15,0,0.0
15,1,100.0
15,10,100.0
15,11,100.0
15,12,100.0
15,13,100.0
15,14,100.0
15,15,30.0
15,2,100.0
15,3,100.0
15,4,100.0
15,5,100.0
15,6,100.0
15,7,100.0
15,8,100.0
15,9,100.0
2,0,0.0
2,1,2.5128276
2,10,12.707836
2,11,13.464811
2,12,14.844973
2,13,17.432636
2,14,22.166687
2,15,30.0
2,2,4.863073
2,3,6.9101443
2,4,8.585397
2,5,9.858786
2,6,10.778219
2,7,11.409463
2,8,11.8592
2,9,12.242961
3,0,0.0
3,1,3.5853837
3,10,17.863415
3,11,18.638708
3,12,19.931961
3,13,22.080132
3,14,25.439453
3,15,30.0
3,2,6.9310145
3,3,9.8555565
3,4,12.23219
3,5,14.05054
3,6,15.346415
3,7,16.236496
3,8,16.846975
3,9,17.33289
4,0,0.0
4,1,4.4801526
4,10,21.99466
4,11,22.653677
4,12,23.647638
4,13,25.17058
4,14,27.326918
4,15,30.0
4,2,8.666473
4,3,12.30937
4,4,15.281893
4,5,17.535202
4,6,19.147873
4,7,20.233452
4,8,20.9595
4,9,21.49017
5,0,0.0
5,1,5.2169876
5,10,25.216213
5,11,25.693924
5,12,26.35169
5,13,27.281569
5,14,28.528444
5,15,30.0
5,2,10.080257
5,3,14.318912
5,4,17.75411
5,5,20.36607
5,6,22.212563
5,7,23.450449
5,8,24.246662
5,9,24.780666
6,0,0.0
6,1,5.84731
6,10,27.799078
6,11,28.088371
6,12,28.410496
6,13,28.8358
6,14,29.374899
6,15,30.0
6,2,11.296629
6,3,16.02037
6,4,19.849037
6,5,22.732252
6,6,24.769339
6,7,26.109648
6,8,26.947891
6,9,27.461164
7,0,0.0
7,1,6.484768
7,10,30.163956
7,11,30.242111
7,12,30.23898
7,13,30.17937
7,14,30.09684
7,15,30.0
7,2,12.502682
7,3,17.701773
7,4,21.873924
7,5,25.004711
7,6,27.186077
7,7,28.60715
7,8,29.462608
7,9,29.93359
8,0,0.0
8,1,7.2815166
8,10,32.818016
8,11,32.66226
8,12,32.27392
8,13,31.67849
8,14,30.893589
8,15,30.0
8,2,14.001806
8,3,19.736708
8,4,24.294075
8,5,27.65877
8,6,29.980217
8,7,31.458683
8,8,32.314144
8,9,32.727726
9,0,0.0
9,1,8.467395
9,10,36.359417
9,11,35.896038
9,12,35.03208
9,13,33.718273
9,14,31.994984
9,15,30.0
9,2,16.1791
9,3,22.641958
9,4,27.656698
9,5,31.292595
9,6,33.7421
9,7,35.268024
9,8,36.10627
9,9,36.43393
