0,0,0.0
0,1,0.0
0,2,0.0
0,3,0.0
0,4,0.0
0,5,0.0
0,6,0.0
0,7,30.0
1,0,0.0
1,1,2.9575436
1,2,5.5738873
1,3,7.71589
1,4,9.568223
1,5,11.846699
1,6,16.586052
1,7,30.0
2,0,0.0
2,1,6.2614083
2,2,11.631474
2,3,15.733149
2,4,18.72213
2,5,21.242092
2,6,24.502834
2,7,30.0
3,0,0.0
3,1,10.4661045
3,2,18.97451
3,3,24.884651
3,4,28.36676
3,5,29.914213
3,6,30.193005
3,7,30.0
4,0,0.0
4,1,16.640545
4,2,28.937778
4,3,36.49168
4,4,39.973785
4,5,39.877483
4,6,36.367447
4,7,30.0
5,0,0.0
5,1,27.17078
5,2,43.66687
5,3,52.198826
5,4,55.187813
5,5,53.27749
5,6,45.41221
5,7,30.0
6,0,0.0
6,1,48.38591
6,2,66.37864
6,3,73.47223
6,4,75.324554
6,5,72.65145
6,6,62.01442
6,7,30.0
7,0,0.0
7,1,100.0
7,2,100.0
7,3,100.0
7,4,100.0
7,5,100.0
7,6,100.0
7,7,30.0
