0,0,0.0
0,1,0.0
0,10,0.0
0,11,0.0
0,12,0.0
0,13,0.0
0,14,0.0
0,15,30.0
0,2,0.0
0,3,0.0
0,4,0.0
0,5,0.0
0,6,0.0
0,7,0.0
0,8,0.0
0,9,0.0
1,0,0.0
1,1,0.637736
1,10,5.1449757
1,11,5.9146395
1,12,7.20879
1,13,9.716567
1,14,15.331647
1,15,30.0
1,2,1.2588029
1,3,1.8484714
1,4,2.3961742
1,5,2.896517
1,6,3.3513832
1,7,3.7710261
1,8,4.1777515
1,9,4.6116934
10,0,0.0
10,1,10.995609
10,10,48.763657
10,11,47.219925
10,12,44.54229
10,13,40.67185
10,14,35.696716
10,15,30.0
10,2,20.947577
10,3,29.306747
10,4,35.966118
10,5,41.053635
10,6,44.76909
10,7,47.298195
10,8,48.773613
10,9,49.262016
11,0,0.0
11,1,14.423848
11,10,56.42086
11,11,54.359226
11,12,50.8283
11,13,45.56562
11,14,38.471344
11,15,30.0
11,2,26.878834
11,3,36.722755
11,4,44.120316
11,5,49.490795
11,6,53.24179
11,7,55.679
11,8,56.99046
11,9,57.25007
12,0,0.0
12,1,19.835304
12,10,65.40139
12,11,63.047745
12,12,58.91224
12,13,52.336964
12,14,42.64731
12,15,30.0
12,2,35.449337
12,3,46.62809
12,4,54.35775
12,5,59.617107
12,6,63.10886
12,7,65.274796
12,8,66.35378
12,9,66.4214
13,0,0.0
13,1,29.481026
13,10,75.79438
13,11,73.58899
13,12,69.4927
13,13,62.263393
13,14,49.80163
13,15,30.0
13,2,48.48148
13,3,60.02131
13,4,67.117065
13,5,71.57359
13,6,74.37419
13,7,76.03725
13,8,76.81182
13,9,76.76436
14,0,0.0
14,1,49.617435
14,10,87.482
14,11,86.07296
14,12,83.2488
14,13,77.4519
14,14,64.31135
14,15,30.0
14,2,68.994125
14,3,77.88849
14,4,82.554504
14,5,85.23355
14,6,86.83157
14,7,87.747826
14,8,88.15456
14,9,88.09188
15,0,0.0
15,1,100.0
15,10,100.0
15,11,100.0
15,12,100.0
15,13,100.0
15,14,100.0
15,15,30.0
15,2,100.0
15,3,100.0
15,4,100.0
15,5,100.0
15,6,100.0
15,7,100.0
15,8,100.0
15,9,100.0
2,0,0.0
2,1,1.2884798
2,10,10.046819
2,11,11.299722
2,12,13.200618
2,13,16.323683
2,14,21.609077
2,15,30.0
2,2,2.5417695
2,3,3.7292278
2,4,4.8278003
2,5,5.8260326
2,6,6.7251964
2,7,7.543231
2,8,8.317804
2,9,9.11537
3,0,0.0
3,1,1.9675745
3,10,14.616247
3,11,16.02926
3,12,17.965088
3,13,20.765665
3,14,24.77958
3,15,30.0
3,2,3.878041
3,3,5.6809425
3,4,7.339263
3,5,8.831964
3,6,10.158341
3,7,11.338339
3,8,12.417328
3,9,13.470882
4,0,0.0
4,1,2.6956306
4,10,18.90818
4,11,20.229523
4,12,21.861645
4,13,23.992546
4,14,26.743128
4,15,30.0
4,2,5.305765
4,3,7.756099
4,4,9.990609
4,5,11.978117
4,6,13.711844
4,7,15.211802
4,8,16.52326
4,9,17.720127
5,0,0.0
5,1,3.5007472
5,10,23.063587
5,11,24.119715
5,12,25.261345
5,13,26.60256
5,14,28.201855
5,15,30.0
5,2,6.8782916
5,3,10.025801
5,4,12.865911
5,5,15.353564
5,6,17.477736
5,7,19.255611
5,8,20.731028
5,9,21.970655
6,0,0.0
6,1,4.423018
6,10,27.266247
6,11,27.93615
6,12,28.473742
6,13,28.96354
6,14,29.467073
6,15,30.0
6,2,8.66884
6,3,12.588586
6,4,16.077166
6,5,19.07884
6,6,21.578981
6,7,23.596977
6,8,25.175207
6,9,26.373804
7,0,0.0
7,1,5.5193777
7,10,31.719112
7,11,31.913284
7,12,31.75798
7,13,31.329418
7,14,30.71242
7,15,30.0
7,2,10.781216
7,3,15.577042
7,4,19.773125
7,5,23.306335
7,6,26.169933
7,7,28.391645
7,8,30.019217
7,9,31.108627
8,0,0.0
8,1,6.8751287
8,10,36.63716
8,11,36.284817
8,12,35.35461
8,13,33.911327
8,14,32.06817
8,15,30.0
8,2,13.363124
8,3,19.173676
8,4,24.144653
8,5,28.224384
8,6,31.430706
8,7,33.81688
8,8,35.44445
8,9,36.369404
9,0,0.0
9,1,8.62405
9,10,42.242653
9,11,41.29709
9,12,39.51554
9,13,36.930782
9,14,33.668106
9,15,30.0
9,2,16.636086
9,3,23.63038
9,4,29.438107
9,5,34.05524
9,6,37.56172
9,7,40.059296
9,8,41.637527
9,9,42.356537
