0,0,0.0
0,1,0.0
0,10,0.0
0,11,0.0
0,12,0.0
0,13,0.0
0,14,0.0
0,15,30.0
0,2,0.0
0,3,0.0
0,4,0.0
0,5,0.0
0,6,0.0
0,7,0.0
0,8,0.0
0,9,0.0
1,0,0.0
1,1,0.635689
1,10,5.176556
1,11,5.9456053
1,12,7.2358303
1,13,9.73657
1,14,15.342292
1,15,30.0
1,2,1.2556002
1,3,1.8458364
1,4,2.396082
1,5,2.9010816
1,6,3.3620653
1,7,3.7886014
1,8,4.2017975
1,9,4.6407404
10,0,0.0
10,1,11.119976
10,10,49.44882
10,11,47.82419
10,12,45.03064
10,13,41.015335
10,14,35.873955
10,15,30.0
10,2,21.194437
10,3,29.67148
10,4,36.441063
10,5,41.626247
10,6,45.421776
10,7,48.007225
10,8,49.50963
10,9,49.99115
11,0,0.0
11,1,14.543744
11,10,57.06366
11,11,54.924553
11,12,51.28463
11,13,45.885963
11,14,38.636627
11,15,30.0
11,2,27.116293
11,3,37.07296
11,4,44.574734
11,5,50.036938
11,6,53.86191
11,7,56.35023
11,8,57.684933
11,9,57.935722
12,0,0.0
12,1,19.938707
12,10,65.945526
12,11,63.52576
12,12,59.29738
12,13,52.607254
12,14,42.786594
12,15,30.0
12,2,35.654037
12,3,46.929344
12,4,54.74798
12,5,60.084866
12,6,63.638702
12,7,65.84687
12,8,66.94415
12,9,67.00316
13,0,0.0
13,1,29.557053
13,10,76.18954
13,11,73.93559
13,12,69.77187
13,13,62.45908
13,14,49.902493
13,15,30.0
13,2,48.631805
13,3,60.242393
13,4,67.40298
13,5,71.91585
13,6,74.761185
13,7,76.454384
13,8,77.241684
13,9,77.18722
14,0,0.0
14,1,49.657696
14,10,87.68981
14,11,86.25522
14,12,83.39545
14,13,77.5547
14,14,64.364296
14,15,30.0
14,2,69.07374
14,3,78.005455
14,4,82.705696
14,5,85.41434
14,6,87.03583
14,7,87.967804
14,8,88.381
14,9,88.31451
15,0,0.0
15,1,100.0
15,10,100.0
15,11,100.0
15,12,100.0
15,13,100.0
15,14,100.0
15,15,30.0
15,2,100.0
15,3,100.0
15,4,100.0
15,5,100.0
15,6,100.0
15,7,100.0
15,8,100.0
15,9,100.0
2,0,0.0
2,1,1.2871563
2,10,10.11988
2,11,11.370036
2,12,13.261149
2,13,16.368156
2,14,21.632599
2,15,30.0
2,2,2.5408764
2,3,3.731664
2,4,4.8374124
2,5,5.846181
2,6,6.75858
2,7,7.5905457
2,8,8.377849
2,9,9.184612
3,0,0.0
3,1,1.9720606
3,10,14.748318
3,11,16.153515
3,12,18.070576
3,13,20.842306
3,14,24.819946
3,15,30.0
3,2,3.8890872
3,3,5.7025337
3,4,7.375725
3,5,8.887652
3,6,10.235534
3,7,11.437154
3,8,12.534446
3,9,13.599982
4,0,0.0
4,1,2.7120004
4,10,19.119896
4,11,20.425135
4,12,22.025337
4,13,24.110548
4,14,26.804884
4,15,30.0
4,2,5.3408804
4,3,7.8136616
4,4,10.075306
4,5,12.093176
4,6,13.858749
4,7,15.3881
4,8,16.722801
4,9,17.932562
5,0,0.0
5,1,3.5350616
5,10,23.373577
5,11,24.401796
5,12,25.495094
5,13,26.769672
5,14,28.28904
5,15,30.0
5,2,6.948774
5,3,10.135931
5,4,13.018666
5,5,15.551001
5,6,17.718199
5,7,19.533703
5,8,21.036108
5,9,22.287575
6,0,0.0
6,1,4.479474
6,10,27.685043
6,11,28.313385
6,12,28.78358
6,13,29.18401
6,14,29.581604
6,15,30.0
6,2,8.783227
6,3,12.762629
6,4,16.312435
6,5,19.37397
6,6,21.929352
6,7,23.992414
6,8,25.600357
6,9,26.808064
7,0,0.0
7,1,5.5996084
7,10,32.245155
7,11,32.383125
7,12,32.14184
7,13,31.601185
7,14,30.85337
7,15,30.0
7,2,10.942035
7,3,15.818927
7,4,20.094488
7,5,23.703098
7,6,26.632835
7,7,28.90625
7,8,30.564852
7,9,31.65929
8,0,0.0
8,1,6.9769287
8,10,37.253166
8,11,36.83213
8,12,35.79948
8,13,34.225533
8,14,32.23069
8,15,30.0
8,2,13.566381
8,3,19.476564
8,4,24.54349
8,5,28.711113
8,6,31.992643
8,7,34.434917
8,8,36.093517
8,9,37.0191
9,0,0.0
9,1,8.741726
9,10,42.916294
9,11,41.892754
9,12,39.998413
9,13,37.270782
9,14,33.843857
9,15,30.0
9,2,16.87
9,3,23.977463
9,4,29.891808
9,5,34.60522
9,6,38.191727
9,7,40.74727
9,8,42.35521
9,9,43.07044
