0,0,0.0
0,1,0.0
0,10,0.0
0,11,0.0
0,12,0.0
0,13,0.0
0,14,0.0
0,15,30.0
0,2,0.0
0,3,0.0
0,4,0.0
0,5,0.0
0,6,0.0
0,7,0.0
0,8,0.0
0,9,0.0
1,0,0.0
1,1,0.6312656
1,10,5.1575165
1,11,5.929207
1,12,7.222821
1,13,9.727547
1,14,15.337673
1,15,30.0
1,2,1.2469335
1,3,1.8332832
1,4,2.3801599
1,5,2.8824577
1,6,3.3415246
1,7,3.7670255
1,8,4.1801205
1,9,4.6199193
10,0,0.0
10,1,11.0995035
10,10,49.360992
10,11,47.748577
10,12,44.970673
10,13,40.973747
10,14,35.85267
10,15,30.0
10,2,21.154335
10,3,29.613403
10,4,36.367435
10,5,41.540146
10,6,45.32686
10,7,47.907562
10,8,49.409554
10,9,49.89506
11,0,0.0
11,1,14.525976
11,10,56.987457
11,11,54.858955
11,12,51.232605
11,13,45.849884
11,14,38.618164
11,15,30.0
11,2,27.08149
11,3,37.02256
11,4,44.510834
11,5,49.96222
11,6,53.77954
11,7,56.263756
11,8,57.5981
11,9,57.85235
12,0,0.0
12,1,19.924522
12,10,65.884705
12,11,63.47341
12,12,59.255856
12,13,52.57846
12,14,42.77186
12,15,30.0
12,2,35.62625
12,3,46.889107
12,4,54.696968
12,5,60.025223
12,6,63.57296
12,7,65.77784
12,8,66.874855
12,9,66.936615
13,0,0.0
13,1,29.547169
13,10,76.14717
13,11,73.899124
13,12,69.74295
13,13,62.439026
13,14,49.892227
13,15,30.0
13,2,48.612446
13,3,60.21436
13,4,67.36744
13,5,71.87428
13,6,74.715385
13,7,76.4063
13,8,77.193405
13,9,77.14086
14,0,0.0
14,1,49.652626
14,10,87.66807
14,11,86.236496
14,12,83.3806
14,13,77.54442
14,14,64.35903
14,15,30.0
14,2,69.063805
14,3,77.991066
14,4,82.68745
14,5,85.39301
14,6,87.01233
14,7,87.943115
14,8,88.35622
14,9,88.29071
15,0,0.0
15,1,100.0
15,10,100.0
15,11,100.0
15,12,100.0
15,13,100.0
15,14,100.0
15,15,30.0
15,2,100.0
15,3,100.0
15,4,100.0
15,5,100.0
15,6,100.0
15,7,100.0
15,8,100.0
15,9,100.0
2,0,0.0
2,1,1.2784603
2,10,10.082458
2,11,11.337807
2,12,13.2355795
2,13,16.350422
2,14,21.62352
2,15,30.0
2,2,2.523841
2,3,3.706986
2,4,4.806116
2,5,5.80957
2,6,6.7182064
2,7,7.548134
2,8,8.335244
2,9,9.143685
3,0,0.0
3,1,1.9593962
3,10,14.693828
3,11,16.106586
3,12,18.033348
3,13,20.816486
3,14,24.806732
3,15,30.0
3,2,3.8642745
3,3,5.6665955
3,4,7.330144
3,5,8.834339
3,6,10.176736
3,7,11.375397
3,8,12.4724045
3,9,13.54039
4,0,0.0
4,1,2.6958213
4,10,19.050312
4,11,20.36521
4,12,21.977798
4,13,24.077583
4,14,26.788008
4,15,30.0
4,2,5.309186
4,3,7.7677517
4,4,10.017087
4,5,12.025075
4,6,13.783655
4,7,15.309221
4,8,16.643568
4,9,17.856457
5,0,0.0
5,1,3.5159745
5,10,23.291512
5,11,24.331127
5,12,25.439035
5,13,26.730797
5,14,28.269142
5,15,30.0
5,2,6.9113793
5,3,10.081772
5,4,12.949981
5,5,15.470669
5,6,17.629612
5,7,19.440662
5,8,20.94265
5,9,22.197815
6,0,0.0
6,1,4.458221
6,10,27.59371
6,11,28.23474
6,12,28.721195
6,13,29.140749
6,14,29.55946
6,15,30.0
6,2,8.741594
6,3,12.702328
6,4,16.235971
6,5,19.284536
6,6,21.830742
6,7,23.888847
6,8,25.496338
6,9,26.708164
7,0,0.0
7,1,5.5770607
7,10,32.148296
7,11,32.299725
7,12,32.075687
7,13,31.555311
7,14,30.82989
7,15,30.0
7,2,10.8978615
7,3,15.754953
7,4,20.013361
7,5,23.608227
7,6,26.528227
7,7,28.796402
7,8,30.454521
7,9,31.553337
8,0,0.0
8,1,6.9540462
8,10,37.154926
8,11,36.74754
8,12,35.732384
8,13,34.17901
8,14,32.20688
8,15,30.0
8,2,13.521559
8,3,19.411646
8,4,24.461182
8,5,28.614851
8,6,31.88652
8,7,34.32347
8,8,35.9816
8,9,36.911625
9,0,0.0
9,1,8.719534
9,10,42.82105
9,11,41.810753
9,12,39.933372
9,13,37.225685
9,14,33.820774
9,15,30.0
9,2,16.826527
9,3,23.914505
9,4,29.811983
9,5,34.511875
9,6,38.088814
9,7,40.63921
9,8,42.246696
9,9,42.96624
