0,0,0.0
0,1,0.0
0,10,0.0
0,11,0.0
0,12,0.0
0,13,0.0
0,14,0.0
0,15,30.0
0,2,0.0
0,3,0.0
0,4,0.0
0,5,0.0
0,6,0.0
0,7,0.0
0,8,0.0
0,9,0.0
1,0,0.0
1,1,0.6356071
1,10,5.176214
1,11,5.945312
1,12,7.2355986
1,13,9.736409
1,14,15.342209
1,15,30.0
1,2,1.2554398
1,3,1.8456048
1,4,2.395789
1,5,2.9007401
1,6,3.36169
1,7,3.7882094
1,8,4.2014055
1,9,4.6403656
10,0,0.0
10,1,11.119636
10,10,49.447403
10,11,47.82298
10,12,45.02968
10,13,41.01467
10,14,35.87361
10,15,30.0
10,2,21.19377
10,3,29.670517
10,4,36.439846
10,5,41.62483
10,6,45.420216
10,7,48.005592
10,8,49.507996
10,9,49.98959
11,0,0.0
11,1,14.543451
11,10,57.062443
11,11,54.923515
11,12,51.28381
11,13,45.88539
11,14,38.636337
11,15,30.0
11,2,27.115723
11,3,37.072136
11,4,44.57369
11,5,50.03572
11,6,53.860573
11,7,56.34883
11,8,57.68354
11,9,57.934387
12,0,0.0
12,1,19.938477
12,10,65.944565
12,11,63.52495
12,12,59.29673
12,13,52.606804
12,14,42.78636
12,15,30.0
12,2,35.653584
12,3,46.928688
12,4,54.74715
12,5,60.083904
12,6,63.63765
12,7,65.845764
12,8,66.943054
12,9,67.002106
13,0,0.0
13,1,29.556892
13,10,76.18887
13,11,73.93503
13,12,69.77143
13,13,62.45877
13,14,49.902332
13,15,30.0
13,2,48.631493
13,3,60.24194
13,4,67.402405
13,5,71.91518
13,6,74.76046
13,7,76.45362
13,8,77.24093
13,9,77.18649
14,0,0.0
14,1,49.657616
14,10,87.689476
14,11,86.25493
14,12,83.39522
14,13,77.55455
14,14,64.36421
14,15,30.0
14,2,69.07358
14,3,78.005226
14,4,82.7054
14,5,85.414
14,6,87.03545
14,7,87.96742
14,8,88.38061
14,9,88.31413
15,0,0.0
15,1,100.0
15,10,100.0
15,11,100.0
15,12,100.0
15,13,100.0
15,14,100.0
15,15,30.0
15,2,100.0
15,3,100.0
15,4,100.0
15,5,100.0
15,6,100.0
15,7,100.0
15,8,100.0
15,9,100.0
2,0,0.0
2,1,1.2869959
2,10,10.11921
2,11,11.369463
2,12,13.260696
2,13,16.367842
2,14,21.632439
2,15,30.0
2,2,2.540563
2,3,3.7312105
2,4,4.8368397
2,5,5.8455124
2,6,6.7578464
2,7,7.589778
2,8,8.377082
2,9,9.183878
3,0,0.0
3,1,1.971829
3,10,14.747352
3,11,16.152687
3,12,18.069921
3,13,20.841854
3,14,24.819714
3,15,30.0
3,2,3.8886333
3,3,5.701879
3,4,7.3748965
3,5,8.886687
3,6,10.234472
3,7,11.436046
3,8,12.533337
3,9,13.598923
4,0,0.0
4,1,2.711707
4,10,19.118675
4,11,20.424088
4,12,22.02451
4,13,24.109976
4,14,26.80459
4,15,30.0
4,2,5.340307
4,3,7.812833
4,4,10.074259
4,5,12.091956
4,6,13.85741
4,7,15.3867
4,8,16.7214
4,9,17.931221
5,0,0.0
5,1,3.5347202
5,10,23.372154
5,11,24.400576
5,12,25.494131
5,13,26.769005
5,14,28.288698
5,15,30.0
5,2,6.948106
5,3,10.134967
5,4,13.0174465
5,5,15.54958
5,6,17.716639
5,7,19.53207
5,8,21.034473
5,9,22.28601
6,0,0.0
6,1,4.4790983
6,10,27.68348
6,11,28.312046
6,12,28.782524
6,13,29.183279
6,14,29.58123
6,15,30.0
6,2,8.782494
6,3,12.761569
6,4,16.311096
6,5,19.37241
6,6,21.927637
6,7,23.99062
6,8,25.59856
6,9,26.806347
7,0,0.0
7,1,5.5992165
7,10,32.24352
7,11,32.381725
7,12,32.140736
7,13,31.600422
7,14,30.852978
7,15,30.0
7,2,10.941267
7,3,15.817818
7,4,20.093084
7,5,23.701466
7,6,26.631039
7,7,28.904377
7,8,30.562977
7,9,31.657497
8,0,0.0
8,1,6.9765363
8,10,37.251534
8,11,36.83073
8,12,35.79837
8,13,34.22477
8,14,32.230297
8,15,30.0
8,2,13.565614
8,3,19.475454
8,4,24.54209
8,5,28.709476
8,6,31.990852
8,7,34.433037
8,8,36.091644
8,9,37.017303
9,0,0.0
9,1,8.741351
9,10,42.914734
9,11,41.89142
9,12,39.997356
9,13,37.27005
9,14,33.843483
9,15,30.0
9,2,16.869268
9,3,23.976402
9,4,29.890469
9,5,34.60366
9,6,38.19001
9,7,40.745476
9,8,42.353416
9,9,43.068726
