0,0,0.0
0,1,0.0
0,10,0.0
0,11,0.0
0,12,0.0
0,13,0.0
0,14,0.0
0,15,30.0
0,2,0.0
0,3,0.0
0,4,0.0
0,5,0.0
0,6,0.0
0,7,0.0
0,8,0.0
0,9,0.0
1,0,0.0
1,1,0.6356677
1,10,5.176467
1,11,5.9455285
1,12,7.23577
1,13,9.736527
1,14,15.34227
1,15,30.0
1,2,1.2555585
1,3,1.845776
1,4,2.396006
1,5,2.9009924
1,6,3.3619676
1,7,3.7884989
1,8,4.201695
1,9,4.6406426
10,0,0.0
10,1,11.119888
10,10,49.448456
10,11,47.82388
10,12,45.03039
10,13,41.015163
10,14,35.873867
10,15,30.0
10,2,21.194265
10,3,29.671232
10,4,36.44075
10,5,41.62588
10,6,45.42137
10,7,48.006798
10,8,49.50921
10,9,49.990746
11,0,0.0
11,1,14.543669
11,10,57.063347
11,11,54.924294
11,12,51.284428
11,13,45.885815
11,14,38.63655
11,15,30.0
11,2,27.116146
11,3,37.072754
11,4,44.574467
11,5,50.036625
11,6,53.861565
11,7,56.349873
11,8,57.68457
11,9,57.935383
12,0,0.0
12,1,19.938648
12,10,65.94528
12,11,63.52556
12,12,59.297215
12,13,52.60714
12,14,42.786533
12,15,30.0
12,2,35.653923
12,3,46.929173
12,4,54.74777
12,5,60.084618
12,6,63.638435
12,7,65.84659
12,8,66.94388
12,9,67.002884
13,0,0.0
13,1,29.557014
13,10,76.18937
13,11,73.935455
13,12,69.77176
13,13,62.459003
13,14,49.90245
13,15,30.0
13,2,48.631725
13,3,60.24228
13,4,67.40283
13,5,71.915665
13,6,74.76101
13,7,76.45419
13,8,77.2415
13,9,77.18704
14,0,0.0
14,1,49.657677
14,10,87.68973
14,11,86.25514
14,12,83.39539
14,13,77.554665
14,14,64.36427
14,15,30.0
14,2,69.0737
14,3,78.0054
14,4,82.70562
14,5,85.41426
14,6,87.035736
14,7,87.967705
14,8,88.3809
14,9,88.31441
15,0,0.0
15,1,100.0
15,10,100.0
15,11,100.0
15,12,100.0
15,13,100.0
15,14,100.0
15,15,30.0
15,2,100.0
15,3,100.0
15,4,100.0
15,5,100.0
15,6,100.0
15,7,100.0
15,8,100.0
15,9,100.0
2,0,0.0
2,1,1.2871146
2,10,10.119704
2,11,11.369887
2,12,13.26103
2,13,16.368074
2,14,21.632557
2,15,30.0
2,2,2.5407946
2,3,3.7315462
2,4,4.8372626
2,5,5.846007
2,6,6.7583885
2,7,7.590346
2,8,8.377648
2,9,9.184422
3,0,0.0
3,1,1.9720001
3,10,14.748066
3,11,16.153297
3,12,18.070406
3,13,20.842188
3,14,24.819885
3,15,30.0
3,2,3.888969
3,3,5.702363
3,4,7.37551
3,5,8.887401
3,6,10.235258
3,7,11.436865
3,8,12.534158
3,9,13.599705
4,0,0.0
4,1,2.711924
4,10,19.119577
4,11,20.424862
4,12,22.025122
4,13,24.1104
4,14,26.804808
4,15,30.0
4,2,5.3407307
4,3,7.8134465
4,4,10.075033
4,5,12.092859
4,6,13.858401
4,7,15.387735
4,8,16.722435
4,9,17.932213
5,0,0.0
5,1,3.5349727
5,10,23.373205
5,11,24.401478
5,12,25.494844
5,13,26.769499
5,14,28.28895
5,15,30.0
5,2,6.9486003
5,3,10.135681
5,4,13.018351
5,5,15.550631
5,6,17.717793
5,7,19.533276
5,8,21.03568
5,9,22.287167
6,0,0.0
6,1,4.479377
6,10,27.684635
6,11,28.313038
6,12,28.783306
6,13,29.183819
6,14,29.581507
6,15,30.0
6,2,8.783036
6,3,12.762353
6,4,16.312088
6,5,19.373564
6,6,21.928905
6,7,23.991947
6,8,25.599888
6,9,26.807615
7,0,0.0
7,1,5.599507
7,10,32.244728
7,11,32.38276
7,12,32.141552
7,13,31.60099
7,14,30.853268
7,15,30.0
7,2,10.941835
7,3,15.818639
7,4,20.09412
7,5,23.702675
7,6,26.632366
7,7,28.905762
7,8,30.564363
7,9,31.658821
8,0,0.0
8,1,6.976827
8,10,37.252743
8,11,36.831764
8,12,35.799194
8,13,34.225334
8,14,32.230587
8,15,30.0
8,2,13.566182
8,3,19.476276
8,4,24.543129
8,5,28.710686
8,6,31.99218
8,7,34.434433
8,8,36.093033
8,9,37.018635
9,0,0.0
9,1,8.741629
9,10,42.915886
9,11,41.89241
9,12,39.99814
9,13,37.270596
9,14,33.843758
9,15,30.0
9,2,16.869812
9,3,23.977188
9,4,29.89146
9,5,34.604816
9,6,38.19128
9,7,40.746803
9,8,42.354744
9,9,43.069992
