0,0,0.0
0,1,0.0
0,10,0.0
0,11,0.0
0,12,0.0
0,13,0.0
0,14,0.0
0,15,30.0
0,2,0.0
0,3,0.0
0,4,0.0
0,5,0.0
0,6,0.0
0,7,0.0
0,8,0.0
0,9,0.0
1,0,0.0
1,1,0.6356771
1,10,5.176506
1,11,5.9455624
1,12,7.235796
1,13,9.736546
1,14,15.342279
1,15,30.0
1,2,1.2555768
1,3,1.8458025
1,4,2.3960395
1,5,2.9010315
1,6,3.3620105
1,7,3.7885442
1,8,4.20174
1,9,4.640686
10,0,0.0
10,1,11.119928
10,10,49.44862
10,11,47.82402
10,12,45.030502
10,13,41.01524
10,14,35.873905
10,15,30.0
10,2,21.19434
10,3,29.671343
10,4,36.44089
10,5,41.626045
10,6,45.421547
10,7,48.00699
10,8,49.50939
10,9,49.99092
11,0,0.0
11,1,14.543701
11,10,57.06348
11,11,54.924408
11,12,51.28452
11,13,45.88588
11,14,38.636585
11,15,30.0
11,2,27.11621
11,3,37.07284
11,4,44.574585
11,5,50.036766
11,6,53.861717
11,7,56.35003
11,8,57.684734
11,9,57.935528
12,0,0.0
12,1,19.938675
12,10,65.94539
12,11,63.52565
12,12,59.297287
12,13,52.607193
12,14,42.78656
12,15,30.0
12,2,35.65397
12,3,46.929245
12,4,54.747856
12,5,60.08473
12,6,63.638554
12,7,65.84671
12,8,66.944
12,9,67.003006
13,0,0.0
13,1,29.55703
13,10,76.18945
13,11,73.93552
13,12,69.77182
13,13,62.459038
13,14,49.90247
13,15,30.0
13,2,48.63176
13,3,60.24233
13,4,67.40289
13,5,71.91575
13,6,74.761086
13,7,76.454285
13,8,77.241585
13,9,77.18712
14,0,0.0
14,1,49.657684
14,10,87.68977
14,11,86.25518
14,12,83.39542
14,13,77.55469
14,14,64.36429
14,15,30.0
14,2,69.073715
14,3,78.00542
14,4,82.70565
14,5,85.41429
14,6,87.03578
14,7,87.96775
14,8,88.38094
14,9,88.31445
15,0,0.0
15,1,100.0
15,10,100.0
15,11,100.0
15,12,100.0
15,13,100.0
15,14,100.0
15,15,30.0
15,2,100.0
15,3,100.0
15,4,100.0
15,5,100.0
15,6,100.0
15,7,100.0
15,8,100.0
15,9,100.0
2,0,0.0
2,1,1.287133
2,10,10.1197815
2,11,11.369951
2,12,13.261083
2,13,16.368109
2,14,21.632576
2,15,30.0
2,2,2.5408309
2,3,3.7315981
2,4,4.8373284
2,5,5.8460836
2,6,6.7584734
2,7,7.5904336
2,8,8.377736
2,9,9.1845045
3,0,0.0
3,1,1.9720268
3,10,14.748176
3,11,16.153393
3,12,18.07048
3,13,20.84224
3,14,24.819914
3,15,30.0
3,2,3.8890214
3,3,5.7024384
3,4,7.3756046
3,5,8.887511
3,6,10.235378
3,7,11.436993
3,8,12.534285
3,9,13.599827
4,0,0.0
4,1,2.711958
4,10,19.119717
4,11,20.424982
4,12,22.025217
4,13,24.110466
4,14,26.80484
4,15,30.0
4,2,5.3407965
4,3,7.8135414
4,4,10.075153
4,5,12.0929985
4,6,13.858555
4,7,15.387896
4,8,16.722597
4,9,17.932365
5,0,0.0
5,1,3.535012
5,10,23.373367
5,11,24.401619
5,12,25.494957
5,13,26.769575
5,14,28.28899
5,15,30.0
5,2,6.948677
5,3,10.135791
5,4,13.018491
5,5,15.550795
5,6,17.717972
5,7,19.533464
5,8,21.035868
5,9,22.287348
6,0,0.0
6,1,4.4794197
6,10,27.684816
6,11,28.31319
6,12,28.783428
6,13,29.183905
6,14,29.581549
6,15,30.0
6,2,8.78312
6,3,12.762476
6,4,16.31224
6,5,19.373743
6,6,21.9291
6,7,23.992151
6,8,25.600098
6,9,26.807814
7,0,0.0
7,1,5.5995517
7,10,32.24492
7,11,32.382923
7,12,32.141685
7,13,31.601076
7,14,30.853313
7,15,30.0
7,2,10.941924
7,3,15.818766
7,4,20.094284
7,5,23.702862
7,6,26.632576
7,7,28.90598
7,8,30.564579
7,9,31.65903
8,0,0.0
8,1,6.976872
8,10,37.25293
8,11,36.83193
8,12,35.79932
8,13,34.225426
8,14,32.230633
8,15,30.0
8,2,13.566269
8,3,19.476404
8,4,24.543287
8,5,28.710875
8,6,31.992384
8,7,34.434647
8,8,36.093246
8,9,37.018837
9,0,0.0
9,1,8.741672
9,10,42.916065
9,11,41.892563
9,12,39.99826
9,13,37.27068
9,14,33.843803
9,15,30.0
9,2,16.869896
9,3,23.97731
9,4,29.891615
9,5,34.604996
9,6,38.19148
9,7,40.74701
9,8,42.35495
9,9,43.070187
