0,0,0.0
0,1,0.0
0,10,0.0
0,11,0.0
0,12,0.0
0,13,0.0
0,14,0.0
0,15,30.0
0,2,0.0
0,3,0.0
0,4,0.0
0,5,0.0
0,6,0.0
0,7,0.0
0,8,0.0
0,9,0.0
1,0,0.0
1,1,0.635127
1,10,5.1742125
1,11,5.943594
1,12,7.2342396
1,13,9.735469
1,14,15.341729
1,15,30.0
1,2,1.2545006
1,3,1.8442472
1,4,2.3940728
1,5,2.8987398
1,6,3.3594928
1,7,3.7859116
1,8,4.199106
1,9,4.6381674
10,0,0.0
10,1,11.117626
10,10,49.439022
10,11,47.81578
10,12,45.023994
10,13,41.01073
10,14,35.8716
10,15,30.0
10,2,21.189838
10,3,29.664835
10,4,36.432663
10,5,41.616455
10,6,45.41102
10,7,47.99597
10,8,49.498375
10,9,49.980385
11,0,0.0
11,1,14.541726
11,10,57.055244
11,11,54.917343
11,12,51.27893
11,13,45.88201
11,14,38.634605
11,15,30.0
11,2,27.112349
11,3,37.067257
11,4,44.567524
11,5,50.028534
11,6,53.85268
11,7,56.340576
11,8,57.675274
11,9,57.926487
12,0,0.0
12,1,19.937113
12,10,65.93887
12,11,63.520058
12,12,59.29287
12,13,52.604126
12,14,42.784996
12,15,30.0
12,2,35.650913
12,3,46.92483
12,4,54.74227
12,5,60.078217
12,6,63.6314
12,7,65.83923
12,8,66.93652
12,9,66.99585
13,0,0.0
13,1,29.555946
13,10,76.184944
13,11,73.93165
13,12,69.76875
13,13,62.456917
13,14,49.90139
13,15,30.0
13,2,48.629646
13,3,60.239273
13,4,67.399025
13,5,71.91124
13,6,74.756134
13,7,76.449104
13,8,77.23641
13,9,77.18217
14,0,0.0
14,1,49.65713
14,10,87.68746
14,11,86.25319
14,12,83.39385
14,13,77.553604
14,14,64.36373
14,15,30.0
14,2,69.07263
14,3,78.00386
14,4,82.703674
14,5,85.41199
14,6,87.03324
14,7,87.9651
14,8,88.3783
14,9,88.311935
15,0,0.0
15,1,100.0
15,10,100.0
15,11,100.0
15,12,100.0
15,13,100.0
15,14,100.0
15,15,30.0
15,2,100.0
15,3,100.0
15,4,100.0
15,5,100.0
15,6,100.0
15,7,100.0
15,8,100.0
15,9,100.0
2,0,0.0
2,1,1.2860566
2,10,10.1152935
2,11,11.3661
2,12,13.258037
2,13,16.366001
2,14,21.631496
2,15,30.0
2,2,2.538725
2,3,3.7285547
2,4,4.833481
2,5,5.841598
2,6,6.753547
2,7,7.585281
2,8,8.372584
2,9,9.179576
3,0,0.0
3,1,1.970471
3,10,14.741688
3,11,16.147827
3,12,18.066074
3,13,20.839191
3,14,24.818356
3,15,30.0
3,2,3.885977
3,3,5.698039
3,4,7.370042
3,5,8.881028
3,6,10.228257
3,7,11.429546
3,8,12.5268345
3,9,13.592704
4,0,0.0
4,1,2.7099895
4,10,19.111511
4,11,20.417938
4,12,22.019646
4,13,24.10661
4,14,26.80287
4,15,30.0
4,2,5.336947
4,3,7.8079767
4,4,10.068118
4,5,12.084799
4,6,13.849548
4,7,15.378476
4,8,16.713177
4,9,17.923355
5,0,0.0
5,1,3.5327177
5,10,23.3638
5,11,24.393406
5,12,25.488459
5,13,26.76508
5,14,28.286692
5,15,30.0
5,2,6.9441886
5,3,10.129305
5,4,13.010286
5,5,15.541233
5,6,17.70747
5,7,19.522484
5,8,21.024883
5,9,22.276842
6,0,0.0
6,1,4.476898
6,10,27.674303
6,11,28.304169
6,12,28.77629
6,13,29.178963
6,14,29.579025
6,15,30.0
6,2,8.778189
6,3,12.755346
6,4,16.303226
6,5,19.363237
6,6,21.917564
6,7,23.980083
6,8,25.588028
6,9,26.796268
7,0,0.0
7,1,5.5969143
7,10,32.233913
7,11,32.37348
7,12,32.134212
7,13,31.595913
7,14,30.85067
7,15,30.0
7,2,10.936764
7,3,15.811308
7,4,20.084852
7,5,23.69187
7,6,26.6205
7,7,28.893353
7,8,30.551949
7,9,31.646954
8,0,0.0
8,1,6.9742317
8,10,37.24193
8,11,36.82248
8,12,35.79185
8,13,34.220253
8,14,32.227993
8,15,30.0
8,2,13.561106
8,3,19.468939
8,4,24.53385
8,5,28.699875
8,6,31.980303
8,7,34.422012
8,8,36.08061
8,9,37.006752
9,0,0.0
9,1,8.739146
9,10,42.905533
9,11,41.88353
9,12,39.99111
9,13,37.26573
9,14,33.84127
9,15,30.0
9,2,16.864952
9,3,23.970165
9,4,29.882584
9,5,34.59447
9,6,38.179916
9,7,40.734917
9,8,42.342857
9,9,43.058624
