0,0,0.0
0,1,0.0
0,2,0.0
0,3,0.0
0,4,0.0
0,5,0.0
0,6,0.0
0,7,30.0
1,0,0.0
1,1,2.9710364
1,2,5.598266
1,3,7.74638
1,4,9.598826
1,5,11.871322
1,6,16.599747
1,7,30.0
2,0,0.0
2,1,6.2859173
2,2,11.675716
2,3,15.788512
2,4,18.777685
2,5,21.286785
2,6,24.527699
2,7,30.0
3,0,0.0
3,1,10.496982
3,2,19.030293
3,3,24.954416
3,4,28.436771
3,5,29.97055
3,6,30.224327
3,7,30.0
4,0,0.0
4,1,16.671803
4,2,28.994205
4,3,36.56227
4,4,40.044632
4,5,39.934464
4,6,36.399147
4,7,30.0
5,0,0.0
5,1,27.1961
5,2,43.712605
5,3,52.256035
5,4,55.24521
5,5,53.323673
5,6,45.43788
5,7,30.0
6,0,0.0
6,1,48.400066
6,2,66.404205
6,3,73.504196
6,4,75.35664
6,5,72.67725
6,6,62.028778
6,7,30.0
7,0,0.0
7,1,100.0
7,2,100.0
7,3,100.0
7,4,100.0
7,5,100.0
7,6,100.0
7,7,30.0
