0,0,0.0
0,1,0.0
0,10,0.0
0,11,0.0
0,12,0.0
0,13,0.0
0,14,0.0
0,15,30.0
0,2,0.0
0,3,0.0
0,4,0.0
0,5,0.0
0,6,0.0
0,7,0.0
0,8,0.0
0,9,0.0
1,0,0.0
1,1,0.62994385
1,10,5.133195
1,11,5.9064975
1,12,7.20367
1,13,9.713669
1,14,15.330388
1,15,30.0
1,2,1.2439439
1,3,1.8280762
1,4,2.3720198
1,5,2.8708363
1,6,3.32607
1,7,3.7478938
1,8,4.1579337
1,9,4.595858
10,0,0.0
10,1,11.031488
10,10,48.99939
10,11,47.430717
10,12,44.71421
10,13,40.793762
10,14,35.759823
10,15,30.0
10,2,21.019703
10,3,29.415009
10,4,36.110275
10,5,41.231426
10,6,44.976738
10,7,47.52899
10,8,49.01827
10,9,49.50907
11,0,0.0
11,1,14.461476
11,10,56.65159
11,11,54.564137
11,12,50.9952
11,13,45.683346
11,14,38.532364
11,15,30.0
11,2,26.953888
11,3,36.83496
11,4,44.268127
11,5,49.671707
11,6,53.45094
11,7,55.90946
11,8,57.232933
11,9,57.492928
12,0,0.0
12,1,19.869465
12,10,65.60223
12,11,63.225876
12,12,59.056644
12,13,52.438904
12,14,42.699944
12,15,30.0
12,2,35.51747
12,3,46.72931
12,4,54.49063
12,5,59.77864
12,6,63.294636
12,7,65.47836
12,8,66.56673
12,9,66.63395
13,0,0.0
13,1,29.506996
13,10,75.943054
13,11,73.72035
13,12,69.59924
13,13,62.33834
13,14,49.8404
13,15,30.0
13,2,48.533077
13,3,60.097916
13,4,67.21719
13,5,71.69499
13,6,74.51326
13,7,76.18909
13,8,76.970245
13,9,76.92186
14,0,0.0
14,1,49.631424
14,10,87.56097
14,11,86.14278
14,12,83.30527
14,13,77.49168
14,14,64.33187
14,15,30.0
14,2,69.02195
14,3,77.92967
14,4,82.6083
14,5,85.298615
14,6,86.90599
14,7,87.82894
14,8,88.23898
14,9,88.17577
15,0,0.0
15,1,100.0
15,10,100.0
15,11,100.0
15,12,100.0
15,13,100.0
15,14,100.0
15,15,30.0
15,2,100.0
15,3,100.0
15,4,100.0
15,5,100.0
15,6,100.0
15,7,100.0
15,8,100.0
15,9,100.0
2,0,0.0
2,1,1.2745796
2,10,10.029538
2,11,11.288825
2,12,13.19448
2,13,16.320786
2,14,21.607983
2,15,30.0
2,2,2.5155191
2,3,3.693145
2,4,4.785661
2,5,5.7814665
2,6,6.6821556
2,7,7.5045657
2,8,8.28573
2,9,9.090767
3,0,0.0
3,1,1.9508188
3,10,14.60491
3,11,16.025084
3,12,17.965525
3,13,20.767784
3,14,24.781296
3,15,30.0
3,2,3.8463545
3,3,5.63819
3,4,7.289831
3,5,8.781322
3,6,10.110907
3,7,11.298156
3,8,12.386528
3,9,13.450227
4,0,0.0
4,1,2.679885
4,10,18.91677
4,11,20.244099
4,12,21.877695
4,13,24.00613
4,14,26.750769
4,15,30.0
4,2,5.2766733
4,3,7.717454
4,4,9.94809
4,5,11.936882
4,6,13.677316
4,7,15.187305
4,8,16.510782
4,9,17.719307
5,0,0.0
5,1,3.490294
5,10,23.106188
5,11,24.164423
5,12,25.302242
5,13,26.633522
5,14,28.218626
5,15,30.0
5,2,6.8594656
5,3,10.003048
5,4,12.843975
5,5,15.338227
5,6,17.472973
5,7,19.264473
5,8,20.75375
5,9,22.005312
6,0,0.0
6,1,4.4211264
6,10,27.353243
6,11,28.02006
6,12,28.545868
6,13,29.01664
6,14,29.495102
6,15,30.0
6,2,8.667311
6,3,12.590749
6,4,16.087973
6,5,19.102114
6,6,21.618252
6,7,23.652948
6,8,25.246511
6,9,26.456259
7,0,0.0
7,1,5.5283756
7,10,31.855541
7,11,32.03968
7,12,31.864346
7,13,31.40606
7,14,30.75269
7,15,30.0
7,2,10.800703
7,3,15.610285
7,4,19.823036
7,5,23.376186
7,6,26.260567
7,7,28.502256
7,8,30.145802
7,9,31.244474
8,0,0.0
8,1,6.895174
8,10,36.819798
8,11,36.451267
8,12,35.492256
8,13,34.00994
8,14,32.11949
8,15,30.0
8,2,13.404585
8,3,19.238194
8,4,24.234623
8,5,28.340443
8,6,31.572441
8,7,33.980736
8,8,35.62428
8,9,36.556347
9,0,0.0
9,1,8.653753
9,10,42.461037
9,11,41.493366
9,12,39.676933
9,13,37.04535
9,14,33.72773
9,15,30.0
9,2,16.696014
9,3,23.721817
9,4,29.561275
9,5,34.209908
9,6,37.744938
9,7,40.265976
9,8,41.859535
9,9,42.58294
