0,0,0.0
0,1,0.0
0,10,0.0
0,11,0.0
0,12,0.0
0,13,0.0
0,14,0.0
0,15,30.0
0,2,0.0
0,3,0.0
0,4,0.0
0,5,0.0
0,6,0.0
0,7,0.0
0,8,0.0
0,9,0.0
1,0,0.0
1,1,0.6281472
1,10,5.140834
1,11,5.9145308
1,12,7.210974
1,13,9.719229
1,14,15.333381
1,15,30.0
1,2,1.2407613
1,3,1.82418
1,4,2.368357
1,5,2.8682728
1,6,3.3254285
1,7,3.7496014
1,8,4.1621
1,9,4.602123
10,0,0.0
10,1,11.074207
10,10,49.24022
10,11,47.643417
10,12,44.88652
10,13,40.915
10,14,35.822483
10,15,30.0
10,2,21.104523
10,3,29.540691
10,4,36.27423
10,5,41.429787
10,6,45.20346
10,7,47.776085
10,8,49.275578
10,9,49.764603
11,0,0.0
11,1,14.503055
11,10,56.87877
11,11,54.76441
11,12,51.156967
11,13,45.79711
11,14,38.59104
11,15,30.0
11,2,27.036385
11,3,36.95673
11,4,44.42654
11,5,49.862465
11,6,53.668133
11,7,56.14514
11,8,57.477345
11,9,57.73487
12,0,0.0
12,1,19.905605
12,10,65.795456
12,11,63.395782
12,12,59.193798
12,13,52.535168
12,14,42.74962
12,15,30.0
12,2,35.58902
12,3,46.83481
12,4,54.62746
12,5,59.94303
12,6,63.481213
12,7,65.680244
12,8,66.77556
12,9,66.84007
13,0,0.0
13,1,29.533669
13,10,76.083694
13,11,73.843956
13,12,69.698845
13,13,62.40827
13,14,49.876427
13,15,30.0
13,2,48.585884
13,3,60.175625
13,4,67.31787
13,5,71.815704
13,6,74.650024
13,7,76.3368
13,8,77.122734
13,9,77.07219
14,0,0.0
14,1,49.64559
14,10,87.635086
14,11,86.207825
14,12,83.3577
14,13,77.528435
14,14,64.35083
14,15,30.0
14,2,69.04997
14,3,77.9709
14,4,82.66165
14,5,85.362526
14,6,86.97832
14,7,87.90697
14,8,88.31947
14,9,88.25501
15,0,0.0
15,1,100.0
15,10,100.0
15,11,100.0
15,12,100.0
15,13,100.0
15,14,100.0
15,15,30.0
15,2,100.0
15,3,100.0
15,4,100.0
15,5,100.0
15,6,100.0
15,7,100.0
15,8,100.0
15,9,100.0
2,0,0.0
2,1,1.2721114
2,10,10.048771
2,11,11.308188
2,12,13.211695
2,13,16.33365
2,14,21.614874
2,15,30.0
2,2,2.5112638
2,3,3.6884742
2,4,4.78211
2,5,5.7807803
2,6,6.6855516
2,7,7.512847
2,8,8.298777
2,9,9.107717
3,0,0.0
3,1,1.9496245
3,10,14.642684
3,11,16.06168
3,12,17.997154
3,13,20.7911
3,14,24.793642
3,15,30.0
3,2,3.844955
3,3,5.638158
3,4,7.293359
3,5,8.790256
3,6,10.126858
3,7,11.321566
3,8,12.416885
3,9,13.485708
4,0,0.0
4,1,2.6824746
4,10,18.981491
4,11,20.304852
4,12,21.929222
4,13,24.043522
4,14,26.770464
4,15,30.0
4,2,5.2827907
4,3,7.7289915
4,4,9.966986
4,5,11.9651985
4,6,13.716003
4,7,15.236395
4,8,16.568586
4,9,17.78275
5,0,0.0
5,1,3.4990041
5,10,23.205437
5,11,24.255764
5,12,25.37843
5,13,26.688358
5,14,28.24728
5,15,30.0
5,2,6.8778796
5,3,10.0325985
5,4,12.886583
5,5,15.395
5,6,17.54435
5,7,19.349043
5,8,20.848537
5,9,22.105476
6,0,0.0
6,1,4.437846
6,10,27.491919
6,11,28.145718
6,12,28.649715
6,13,29.090715
6,14,29.533714
6,15,30.0
6,2,8.701371
6,3,12.64341
6,4,16.16008
6,5,19.194185
6,6,21.729097
6,7,23.779886
6,8,25.384623
6,9,26.598763
7,0,0.0
7,1,5.553789
7,10,32.033688
7,11,32.19966
7,12,31.995396
7,13,31.499176
7,14,30.801003
7,15,30.0
7,2,10.85199
7,3,15.68779
7,4,19.927032
7,5,23.505573
7,6,26.413006
7,7,28.673092
7,8,30.328344
7,9,31.429993
8,0,0.0
8,1,6.928783
8,10,37.031998
8,11,36.64031
8,12,35.64645
8,13,34.118942
8,14,32.175995
8,15,30.0
8,2,13.471758
8,3,19.33885
8,4,24.36768
8,5,28.503887
8,6,31.76213
8,7,34.1906
8,8,35.845856
8,9,36.77912
9,0,0.0
9,1,8.693496
9,10,42.695686
9,11,41.70153
9,12,39.845886
9,13,37.164597
9,14,33.789364
9,15,30.0
9,2,16.775255
9,3,23.83958
9,4,29.715897
9,5,34.39795
9,6,37.96131
9,7,40.50318
9,8,42.107925
9,9,42.830975
