0,0,0.0
0,1,0.0
0,10,0.0
0,11,0.0
0,12,0.0
0,13,0.0
0,14,0.0
0,15,0.0
0,16,0.0
0,17,0.0
0,18,0.0
0,19,0.0
0,2,0.0
0,20,0.0
0,21,0.0
0,22,0.0
0,23,0.0
0,24,0.0
0,25,0.0
0,26,0.0
0,27,0.0
0,28,0.0
0,29,30.0
0,3,0.0
0,4,0.0
0,5,0.0
0,6,0.0
0,7,0.0
0,8,0.0
0,9,0.0
1,0,0.0
1,1,0.36553288
1,10,2.7704601
1,11,2.8998303
1,12,3.0062573
1,13,3.0932128
1,14,3.1649122
1,15,3.225679
1,16,3.2804308
1,17,3.3346062
1,18,3.3946514
1,19,3.4687195
1,2,0.7241745
1,20,3.5675912
1,21,3.7068806
1,22,3.9100888
1,23,4.2158127
1,24,4.6915097
1,25,5.4673553
1,26,6.8221498
1,27,9.433717
1,28,15.182541
1,29,30.0
1,3,1.0692961
1,4,1.395269
1,5,1.6971427
1,6,1.9716514
1,7,2.2163532
1,8,2.4306939
1,9,2.6148028
10,0,0.0
10,1,2.7672613
10,10,20.946201
10,11,21.913975
10,12,22.700983
10,13,23.332403
10,14,23.833466
10,15,24.230558
10,16,24.548685
10,17,24.812006
10,18,25.043175
10,19,25.263182
10,2,5.4818316
10,20,25.492073
10,21,25.747818
10,22,26.047619
10,23,26.405516
10,24,26.833363
10,25,27.3373
10,26,27.918032
10,27,28.567438
10,28,29.269482
10,29,30.0
10,3,8.094496
10,4,10.560736
10,5,12.845286
10,6,14.92049
10,7,16.770754
10,8,18.388336
10,9,19.77697
11,0,0.0
11,1,2.8945403
11,10,21.906712
11,11,22.917074
11,12,23.73849
11,13,24.39555
11,14,24.915316
11,15,25.323914
11,16,25.647114
11,17,25.908756
11,18,26.130857
11,19,26.33364
11,2,5.734191
11,20,26.534954
11,21,26.75129
11,22,26.996271
11,23,27.281937
11,24,27.6163
11,25,28.004341
11,26,28.445276
11,27,28.933516
11,28,29.457159
11,29,30.0
11,3,8.466722
11,4,11.046717
11,5,13.435724
11,6,15.606636
11,7,17.541073
11,8,19.233057
11,9,20.684282
12,0,0.0
12,1,2.9976783
12,10,22.683228
12,11,23.72853
12,12,24.576885
12,13,25.254738
12,14,25.788715
12,15,26.206041
12,16,26.532194
12,17,26.791037
12,18,27.00414
12,19,27.190533
12,2,5.938271
12,20,27.367245
12,21,27.548435
12,22,27.746582
12,23,27.970863
12,24,28.228424
12,25,28.522312
12,26,28.852615
12,27,29.21478
12,28,29.600998
12,29,30.0
12,3,8.768313
12,4,11.43972
12,5,13.914018
12,6,16.16149
12,7,18.164888
12,8,19.916092
12,9,21.418709
13,0,0.0
13,1,3.0794768
13,10,23.299553
13,11,24.371803
13,12,25.241814
13,13,25.935438
13,14,26.480555
13,15,26.904043
13,16,27.231844
13,17,27.487507
13,18,27.692108
13,19,27.864208
13,2,6.100478
13,20,28.019411
13,21,28.171223
13,22,28.33008
13,23,28.50459
13,24,28.70008
13,25,28.919842
13,26,29.163641
13,27,29.428955
13,28,29.710178
13,29,30.0
13,3,9.007504
13,4,11.752031
13,5,14.293342
13,6,16.602295
13,7,18.659597
13,8,20.458511
13,9,22.001074
14,0,0.0
14,1,3.1432512
14,10,23.778786
14,11,24.872385
14,12,25.75864
14,13,26.464647
14,14,27.01787
14,15,27.445896
14,16,27.77438
14,17,28.02686
14,18,28.224117
14,19,28.383938
14,2,6.226639
14,20,28.521545
14,21,28.649075
14,22,28.776611
14,23,28.911274
14,24,29.05841
14,25,29.2205
14,26,29.3983
14,27,29.58997
14,28,29.792192
14,29,30.0
14,3,9.193965
14,4,11.994936
14,5,14.588967
14,6,16.945126
14,7,19.04501
14,8,20.880348
14,9,22.454552
15,0,0.0
15,1,3.1918921
15,10,24.144657
15,11,25.254036
15,12,26.152912
15,13,26.867918
15,14,27.427309
15,15,27.858387
15,16,28.187077
15,17,28.436697
15,18,28.627712
15,19,28.777672
15,2,6.3231077
15,20,28.900963
15,21,29.009502
15,22,29.112265
15,23,29.216328
15,24,29.326164
15,25,29.444721
15,26,29.572685
15,27,29.7095
15,28,29.852934
15,29,30.0
15,3,9.33618
15,4,12.180634
15,5,14.81444
15,6,17.207132
15,7,19.338947
15,8,21.202587
15,9,22.800373
16,0,0.0
16,1,3.2283723
16,10,24.418236
16,11,25.53968
16,12,26.44763
16,13,27.169476
16,14,27.73317
16,15,28.166431
16,16,28.494995
16,17,28.742155
16,18,28.928217
16,19,29.070282
16,2,6.3952565
16,20,29.18259
16,21,29.27631
16,22,29.36037
16,23,29.44109
16,24,29.523155
16,25,29.609142
16,26,29.70044
16,27,29.796833
16,28,29.897322
16,29,30.0
16,3,9.4428215
16,4,12.319517
16,5,14.983465
16,6,17.40308
16,7,19.559208
16,8,21.44357
16,9,23.059372
17,0,0.0
17,1,3.255124
17,10,24.619097
17,11,25.74909
17,12,26.663849
17,13,27.390461
17,14,27.957333
17,15,28.391998
17,16,28.720333
17,17,28.965515
17,18,29.14766
17,19,29.283775
17,2,6.4483204
17,20,29.387642
17,21,29.470385
17,22,29.540358
17,23,29.603973
17,24,29.665493
17,25,29.72786
17,26,29.79243
17,27,29.859715
17,28,29.929214
17,29,30.0
17,3,9.521027
17,4,12.421637
17,5,15.107418
17,6,17.547108
17,7,19.720726
17,8,21.62061
17,9,23.249283
18,0,0.0
18,1,3.2744205
18,10,24.763496
18,11,25.899801
18,12,26.819252
18,13,27.549366
18,14,28.118366
18,15,28.554005
18,16,28.882061
18,17,29.12568
18,18,29.30492
18,19,29.436527
18,2,6.4864736
18,20,29.53426
18,21,29.608847
18,22,29.668684
18,23,29.71981
18,24,29.766666
18,25,29.81202
18,26,29.85764
18,27,29.904186
18,28,29.951788
18,29,30.0
18,3,9.577425
18,4,12.495065
18,5,15.196779
18,6,17.650661
18,7,19.837118
18,8,21.747894
18,9,23.386055
19,0,0.0
19,1,3.2880228
19,10,24.865433
19,11,26.006016
19,12,26.928871
19,13,27.661324
19,14,28.231842
19,15,28.668083
19,16,28.995884
19,17,29.23835
19,18,29.41541
19,19,29.54381
19,2,6.5134573
19,20,29.637049
19,21,29.705885
19,22,29.758419
19,23,29.800785
19,24,29.83722
19,25,29.87071
19,26,29.903004
19,27,29.935146
19,28,29.96747
19,29,30.0
19,3,9.617182
19,4,12.54698
19,5,15.25977
19,6,17.723852
19,7,19.919163
19,8,21.837809
19,9,23.48246
2,0,0.0
2,1,0.72416806
2,10,5.48798
2,11,5.744339
2,12,5.9547687
2,13,6.12683
2,14,6.268221
2,15,6.387809
2,16,6.494883
2,17,6.600006
2,18,6.715465
2,19,6.8563156
2,2,1.4345539
2,20,7.042574
2,21,7.301673
2,22,7.6744046
2,23,8.223205
2,24,9.0501995
2,25,10.328803
2,26,12.367098
2,27,15.716248
2,28,21.289486
2,29,30.0
2,3,2.1184032
2,4,2.7639565
2,5,3.3622072
2,6,3.9057298
2,7,4.3907413
2,8,4.815032
2,9,5.1799617
20,0,0.0
20,1,3.2974565
20,10,24.935867
20,11,26.079508
20,12,27.004604
20,13,27.738718
20,14,28.310219
20,15,28.74686
20,16,29.074448
20,17,29.316048
20,18,29.491589
20,19,29.617668
20,2,6.5321054
20,20,29.707806
20,21,29.77255
20,22,29.820065
20,23,29.856289
20,24,29.885586
20,25,29.910854
20,26,29.934053
20,27,29.956287
20,28,29.978191
20,29,30.0
20,3,9.64475
20,4,12.582857
20,5,15.303432
20,6,17.77443
20,7,19.976004
20,8,21.89994
20,9,23.54921
21,0,0.0
21,1,3.3038468
21,10,24.983665
21,11,26.129282
21,12,27.05595
21,13,27.791134
21,14,28.363306
21,15,28.80019
21,16,29.127605
21,17,29.368607
21,18,29.54306
21,19,29.667576
21,2,6.5447845
21,20,29.755535
21,21,29.817532
21,22,29.86157
21,23,29.893673
21,24,29.918095
21,25,29.937847
21,26,29.954885
21,27,29.970488
21,28,29.98538
21,29,30.0
21,3,9.663424
21,4,12.607245
21,5,15.333011
21,6,17.808794
21,7,20.014505
21,8,21.942131
21,9,23.594423
22,0,0.0
22,1,3.3081074
22,10,25.015396
22,11,26.162378
22,12,27.09004
22,13,27.825953
22,14,28.398544
22,15,28.835587
22,16,29.162874
22,17,29.403454
22,18,29.577185
22,19,29.700613
22,2,6.5532036
22,20,29.787144
22,21,29.847261
22,22,29.889019
22,23,29.918346
22,24,29.93956
22,25,29.955637
22,26,29.968626
22,27,29.979836
22,28,29.990116
22,29,30.0
22,3,9.675872
22,4,12.623438
22,5,15.352718
22,6,17.83161
22,7,20.040146
22,8,21.970144
22,9,23.624514
23,0,0.0
23,1,3.3108797
23,10,25.036089
23,11,26.183914
23,12,27.11225
23,13,27.848608
23,14,28.421482
23,15,28.858612
23,16,29.18581
23,17,29.42611
23,18,29.599354
23,19,29.722082
23,2,6.5587053
23,20,29.80765
23,21,29.866562
23,22,29.906803
23,23,29.934341
23,24,29.95345
23,25,29.967157
23,26,29.977509
23,27,29.985882
23,28,29.993177
23,29,30.0
23,3,9.683971
23,4,12.634016
23,5,15.365543
23,6,17.84651
23,7,20.056831
23,8,21.988424
23,9,23.64409
24,0,0.0
24,1,3.3126562
24,10,25.049284
24,11,26.197676
24,12,27.126411
24,13,27.863071
24,14,28.436108
24,15,28.873295
24,16,29.200428
24,17,29.440544
24,18,29.613478
24,19,29.735746
24,2,6.562214
24,20,29.820707
24,21,29.87883
24,22,29.918118
24,23,29.9445
24,24,29.962276
24,25,29.974464
24,26,29.983147
24,27,29.98972
24,28,29.99512
24,29,30.0
24,3,9.689159
24,4,12.640764
24,5,15.373753
24,6,17.85601
24,7,20.067509
24,8,22.000082
24,9,23.656612
25,0,0.0
25,1,3.3137662
25,10,25.05755
25,11,26.206272
25,12,27.135277
25,13,27.872105
25,14,28.445255
25,15,28.88247
25,16,29.209564
25,17,29.449562
25,18,29.622292
25,19,29.744276
25,2,6.5644174
25,20,29.828848
25,21,29.886484
25,22,29.925163
25,23,29.95083
25,24,29.967772
25,25,29.979015
25,26,29.986658
25,27,29.992104
25,28,29.996326
25,29,30.0
25,3,9.692403
25,4,12.644999
25,5,15.378885
25,6,17.86197
25,7,20.07418
25,8,22.00739
25,9,23.664434
26,0,0.0
26,1,3.3144493
26,10,25.06261
26,11,26.21155
26,12,27.140705
26,13,27.87765
26,14,28.450853
26,15,28.888092
26,16,29.215157
26,17,29.455082
26,18,29.627691
26,19,29.749493
26,2,6.5657663
26,20,29.833832
26,21,29.89116
26,22,29.929476
26,23,29.954699
26,24,29.971127
26,25,29.981796
26,26,29.988796
26,27,29.993563
26,28,29.997065
26,29,30.0
26,3,9.694397
26,4,12.647593
26,5,15.382039
26,6,17.865623
26,7,20.078278
26,8,22.011866
26,9,23.669239
27,0,0.0
27,1,3.3148594
27,10,25.065657
27,11,26.214716
27,12,27.143969
27,13,27.880974
27,14,28.45422
27,15,28.891464
27,16,29.218513
27,17,29.458393
27,18,29.630924
27,19,29.752625
27,2,6.56658
27,20,29.836813
27,21,29.893967
27,22,29.932053
27,23,29.957014
27,24,29.973137
27,25,29.983456
27,26,29.990082
27,27,29.99443
27,28,29.997505
27,29,30.0
27,3,9.695595
27,4,12.649155
27,5,15.383932
27,6,17.86782
27,7,20.08074
27,8,22.01456
27,9,23.672121
28,0,0.0
28,1,3.3151014
28,10,25.067446
28,11,26.216581
28,12,27.145887
28,13,27.88293
28,14,28.456198
28,15,28.893446
28,16,29.220486
28,17,29.460339
28,18,29.632828
28,19,29.75446
28,2,6.5670586
28,20,29.83857
28,21,29.89561
28,22,29.933569
28,23,29.958372
28,24,29.974314
28,25,29.984434
28,26,29.99083
28,27,29.994946
28,28,29.997765
28,29,30.0
28,3,9.696301
28,4,12.650073
28,5,15.385052
28,6,17.869112
28,7,20.082191
28,8,22.016142
28,9,23.67382
29,0,0.0
29,1,3.315241
29,10,25.06848
29,11,26.217657
29,12,27.146992
29,13,27.884056
29,14,28.457336
29,15,28.894588
29,16,29.221622
29,17,29.46146
29,18,29.633923
29,19,29.755518
29,2,6.567335
29,20,29.83958
29,21,29.89656
29,22,29.93444
29,23,29.959154
29,24,29.974995
29,25,29.984993
29,26,29.991264
29,27,29.99524
29,28,29.997913
29,29,30.0
29,3,9.696709
29,4,12.650606
29,5,15.3856945
29,6,17.869862
29,7,20.083027
29,8,22.01706
29,9,23.674799
3,0,0.0
3,1,1.0692688
3,10,8.103084
3,11,8.480966
3,12,8.791426
3,13,9.04447
3,14,9.25213
3,15,9.4266205
3,16,9.581599
3,17,9.731813
3,18,9.89418
3,19,10.089241
3,2,2.1183681
3,20,10.342733
3,21,10.689625
3,22,11.178
3,23,11.878155
3,24,12.893267
3,25,14.378572
3,26,16.56113
3,27,19.747849
3,28,24.245504
3,29,30.0
3,3,3.1279163
3,4,4.08142
3,5,4.964421
3,6,5.7673244
3,7,6.483017
3,8,7.109823
3,9,7.648136
30,0,0.0
30,1,3.3153203
30,10,25.069063
30,11,26.218262
30,12,27.147617
30,13,27.884693
30,14,28.45798
30,15,28.895233
30,16,29.222261
30,17,29.46209
30,18,29.63454
30,19,29.756117
30,2,6.5674915
30,20,29.840149
30,21,29.897093
30,22,29.934933
30,23,29.959597
30,24,29.975374
30,25,29.985312
30,26,29.991505
30,27,29.995403
30,28,29.997997
30,29,30.0
30,3,9.69694
30,4,12.650906
30,5,15.38606
30,6,17.870283
30,7,20.0835
30,8,22.017574
30,9,23.675354
31,0,0.0
31,1,3.315364
31,10,25.069386
31,11,26.218597
31,12,27.14796
31,13,27.885044
31,14,28.458334
31,15,28.895588
31,16,29.222618
31,17,29.46244
31,18,29.63488
31,19,29.756445
31,2,6.5675783
31,20,29.840462
31,21,29.897388
31,22,29.935205
31,23,29.959837
31,24,29.97559
31,25,29.985483
31,26,29.99164
31,27,29.995495
31,28,29.998043
31,29,30.0
31,3,9.697067
31,4,12.6510725
31,5,15.386261
31,6,17.870518
31,7,20.083763
31,8,22.01786
31,9,23.67566
32,0,0.0
32,1,3.3153877
32,10,25.069561
32,11,26.218779
32,12,27.148148
32,13,27.885233
32,14,28.458525
32,15,28.895782
32,16,29.222807
32,17,29.462631
32,18,29.635065
32,19,29.756622
32,2,6.5676255
32,20,29.840631
32,21,29.897547
32,22,29.93535
32,23,29.959972
32,24,29.9757
32,25,29.98558
32,26,29.991714
32,27,29.995544
32,28,29.998066
32,29,30.0
32,3,9.697137
32,4,12.651162
32,5,15.386371
32,6,17.870644
32,7,20.083904
32,8,22.018017
32,9,23.675827
33,0,0.0
33,1,3.3154006
33,10,25.06965
33,11,26.218876
33,12,27.148247
33,13,27.885336
33,14,28.45863
33,15,28.895884
33,16,29.222912
33,17,29.46273
33,18,29.635162
33,19,29.756716
33,2,6.567651
33,20,29.840721
33,21,29.89763
33,22,29.93543
33,23,29.960037
33,24,29.975761
33,25,29.98563
33,26,29.991755
33,27,29.995571
33,28,29.998081
33,29,30.0
33,3,9.697174
33,4,12.65121
33,5,15.386429
33,6,17.87071
33,7,20.08398
33,8,22.0181
33,9,23.675915
34,0,0.0
34,1,3.3154068
34,10,25.069702
34,11,26.218925
34,12,27.148302
34,13,27.885387
34,14,28.45868
34,15,28.895939
34,16,29.222961
34,17,29.46278
34,18,29.635212
34,19,29.756767
34,2,6.5676637
34,20,29.840767
34,21,29.897676
34,22,29.935467
34,23,29.960077
34,24,29.975792
34,25,29.985657
34,26,29.991772
34,27,29.995584
34,28,29.998089
34,29,30.0
34,3,9.697193
34,4,12.651235
34,5,15.386458
34,6,17.870747
34,7,20.084019
34,8,22.01814
34,9,23.67596
35,0,0.0
35,1,3.3154104
35,10,25.069725
35,11,26.218952
35,12,27.148325
35,13,27.885416
35,14,28.458706
35,15,28.895962
35,16,29.222988
35,17,29.462805
35,18,29.635239
35,19,29.75679
35,2,6.56767
35,20,29.840792
35,21,29.897697
35,22,29.93549
35,23,29.960094
35,24,29.975811
35,25,29.985668
35,26,29.991781
35,27,29.995594
35,28,29.99809
35,29,30.0
35,3,9.697203
35,4,12.651248
35,5,15.386475
35,6,17.870764
35,7,20.084038
35,8,22.018162
35,9,23.675983
36,0,0.0
36,1,3.3154118
36,10,25.069736
36,11,26.218964
36,12,27.148338
36,13,27.885427
36,14,28.458721
36,15,28.895977
36,16,29.223001
36,17,29.46282
36,18,29.63525
36,19,29.756805
36,2,6.5676737
36,20,29.840801
36,21,29.897707
36,22,29.9355
36,23,29.960102
36,24,29.975815
36,25,29.985676
36,26,29.991787
36,27,29.995596
36,28,29.998093
36,29,30.0
36,3,9.697208
36,4,12.651255
36,5,15.386482
36,6,17.870771
36,7,20.08405
36,8,22.018173
36,9,23.675995
37,0,0.0
37,1,3.3154128
37,10,25.069742
37,11,26.21897
37,12,27.148342
37,13,27.885435
37,14,28.458727
37,15,28.895985
37,16,29.223007
37,17,29.462824
37,18,29.63526
37,19,29.756805
37,2,6.567675
37,20,29.84081
37,21,29.897713
37,22,29.935505
37,23,29.960108
37,24,29.975819
37,25,29.98568
37,26,29.99179
37,27,29.995598
37,28,29.998093
37,29,30.0
37,3,9.69721
37,4,12.651258
37,5,15.386485
37,6,17.870777
37,7,20.084051
37,8,22.018179
37,9,23.675999
38,0,0.0
38,1,3.315413
38,10,25.069744
38,11,26.218971
38,12,27.148346
38,13,27.885437
38,14,28.458729
38,15,28.895987
38,16,29.22301
38,17,29.46283
38,18,29.63526
38,19,29.756813
38,2,6.567675
38,20,29.84081
38,21,29.897718
38,22,29.935507
38,23,29.96011
38,24,29.975822
38,25,29.98568
38,26,29.99179
38,27,29.995598
38,28,29.998093
38,29,30.0
38,3,9.697211
38,4,12.651258
38,5,15.386488
38,6,17.870777
38,7,20.084057
38,8,22.018177
38,9,23.676003
39,0,0.0
39,1,3.3154132
39,10,25.069748
39,11,26.218973
39,12,27.148346
39,13,27.885437
39,14,28.458733
39,15,28.895988
39,16,29.223011
39,17,29.46283
39,18,29.635263
39,19,29.756813
39,2,6.5676756
39,20,29.840813
39,21,29.897717
39,22,29.935507
39,23,29.960112
39,24,29.975819
39,25,29.98568
39,26,29.99179
39,27,29.995598
39,28,29.998093
39,29,30.0
39,3,9.69721
39,4,12.651258
39,5,15.386488
39,6,17.870779
39,7,20.084055
39,8,22.01818
39,9,23.676003
4,0,0.0
4,1,1.3951949
4,10,10.57111
4,11,11.0639515
4,12,11.467789
4,13,11.796822
4,14,12.065416
4,15,12.289825
4,16,12.4867
4,17,12.674345
4,18,12.873129
4,19,13.106596
4,2,2.7638345
4,20,13.403987
4,21,13.801897
4,22,14.349362
4,23,15.111128
4,24,16.175234
4,25,17.65608
4,26,19.694178
4,27,22.42977
4,28,25.925327
4,29,30.0
4,3,4.0813093
4,4,5.3249936
4,5,6.4774694
4,6,7.5244846
4,7,8.45866
4,8,9.275787
4,9,9.978364
40,0,0.0
40,1,3.315413
40,10,25.069746
40,11,26.218975
40,12,27.14835
40,13,27.88544
40,14,28.458733
40,15,28.895988
40,16,29.223013
40,17,29.462833
40,18,29.635262
40,19,29.756815
40,2,6.5676756
40,20,29.84081
40,21,29.89772
40,22,29.935507
40,23,29.96011
40,24,29.975822
40,25,29.985678
40,26,29.99179
40,27,29.995594
40,28,29.998095
40,29,30.0
40,3,9.697211
40,4,12.651258
40,5,15.386488
40,6,17.870779
40,7,20.084057
40,8,22.01818
40,9,23.676003
41,0,0.0
41,1,3.3154132
41,10,25.069748
41,11,26.218975
41,12,27.14835
41,13,27.885437
41,14,28.458733
41,15,28.895988
41,16,29.223015
41,17,29.46283
41,18,29.635267
41,19,29.756813
41,2,6.5676756
41,20,29.840815
41,21,29.897717
41,22,29.935509
41,23,29.960114
41,24,29.97582
41,25,29.98568
41,26,29.991789
41,27,29.995598
41,28,29.998093
41,29,30.0
41,3,9.69721
41,4,12.651258
41,5,15.386488
41,6,17.870779
41,7,20.084057
41,8,22.018183
41,9,23.675999
42,0,0.0
42,1,3.3154135
42,10,25.069744
42,11,26.218975
42,12,27.148346
42,13,27.88544
42,14,28.458729
42,15,28.89599
42,16,29.223013
42,17,29.462833
42,18,29.635262
42,19,29.756817
42,2,6.5676756
42,20,29.840813
42,21,29.89772
42,22,29.935507
42,23,29.960112
42,24,29.975822
42,25,29.98568
42,26,29.991793
42,27,29.995598
42,28,29.998093
42,29,30.0
42,3,9.697211
42,4,12.651258
42,5,15.386488
42,6,17.870779
42,7,20.084057
42,8,22.01818
42,9,23.676004
43,0,0.0
43,1,3.3154135
43,10,25.069748
43,11,26.218971
43,12,27.14835
43,13,27.885437
43,14,28.458733
43,15,28.895988
43,16,29.223015
43,17,29.46283
43,18,29.635267
43,19,29.756813
43,2,6.5676756
43,20,29.840816
43,21,29.897718
43,22,29.935509
43,23,29.960112
43,24,29.97582
43,25,29.98568
43,26,29.99179
43,27,29.995598
43,28,29.998093
43,29,30.0
43,3,9.69721
43,4,12.651259
43,5,15.386488
43,6,17.870779
43,7,20.084057
43,8,22.01818
43,9,23.675999
44,0,0.0
44,1,3.3154135
44,10,25.069746
44,11,26.218975
44,12,27.14835
44,13,27.88544
44,14,28.458729
44,15,28.895988
44,16,29.223013
44,17,29.462833
44,18,29.635262
44,19,29.756817
44,2,6.5676756
44,20,29.84081
44,21,29.89772
44,22,29.935505
44,23,29.960112
44,24,29.975822
44,25,29.98568
44,26,29.99179
44,27,29.995598
44,28,29.998093
44,29,30.0
44,3,9.697211
44,4,12.651258
44,5,15.386488
44,6,17.870779
44,7,20.084057
44,8,22.01818
44,9,23.676003
45,0,0.0
45,1,3.3154135
45,10,25.069748
45,11,26.218975
45,12,27.14835
45,13,27.885439
45,14,28.458733
45,15,28.895987
45,16,29.223015
45,17,29.46283
45,18,29.635265
45,19,29.756813
45,2,6.5676756
45,20,29.840815
45,21,29.897715
45,22,29.935509
45,23,29.96011
45,24,29.975822
45,25,29.98568
45,26,29.99179
45,27,29.995594
45,28,29.998093
45,29,30.0
45,3,9.69721
45,4,12.651258
45,5,15.386488
45,6,17.870779
45,7,20.084057
45,8,22.01818
45,9,23.676004
46,0,0.0
46,1,3.3154132
46,10,25.069748
46,11,26.218975
46,12,27.14835
46,13,27.885439
46,14,28.45873
46,15,28.895988
46,16,29.223013
46,17,29.462831
46,18,29.635262
46,19,29.756817
46,2,6.5676756
46,20,29.840813
46,21,29.89772
46,22,29.935507
46,23,29.960114
46,24,29.97582
46,25,29.985683
46,26,29.99179
46,27,29.995598
46,28,29.998093
46,29,30.0
46,3,9.69721
46,4,12.651258
46,5,15.386488
46,6,17.870779
46,7,20.084055
46,8,22.018183
46,9,23.676003
47,0,0.0
47,1,3.3154132
47,10,25.069746
47,11,26.218975
47,12,27.148346
47,13,27.88544
47,14,28.458733
47,15,28.895988
47,16,29.223015
47,17,29.46283
47,18,29.635263
47,19,29.756813
47,2,6.5676756
47,20,29.840813
47,21,29.897717
47,22,29.935509
47,23,29.96011
47,24,29.975822
47,25,29.98568
47,26,29.99179
47,27,29.995598
47,28,29.998093
47,29,30.0
47,3,9.697211
47,4,12.651258
47,5,15.386488
47,6,17.870779
47,7,20.084057
47,8,22.01818
47,9,23.676004
48,0,0.0
48,1,3.3154132
48,10,25.069748
48,11,26.218971
48,12,27.14835
48,13,27.885439
48,14,28.458735
48,15,28.895988
48,16,29.223015
48,17,29.462831
48,18,29.635262
48,19,29.756813
48,2,6.5676756
48,20,29.84081
48,21,29.89772
48,22,29.935509
48,23,29.960112
48,24,29.97582
48,25,29.985683
48,26,29.99179
48,27,29.995598
48,28,29.998093
48,29,30.0
48,3,9.69721
48,4,12.651258
48,5,15.386488
48,6,17.870779
48,7,20.084057
48,8,22.018183
48,9,23.676003
49,0,0.0
49,1,3.315413
49,10,25.069746
49,11,26.218975
49,12,27.148348
49,13,27.88544
49,14,28.458733
49,15,28.895992
49,16,29.223015
49,17,29.462831
49,18,29.635263
49,19,29.756813
49,2,6.5676756
49,20,29.840813
49,21,29.897717
49,22,29.935509
49,23,29.96011
49,24,29.975824
49,25,29.98568
49,26,29.991793
49,27,29.995598
49,28,29.998093
49,29,30.0
49,3,9.69721
49,4,12.651258
49,5,15.386488
49,6,17.870779
49,7,20.084057
49,8,22.018183
49,9,23.676004
5,0,0.0
5,1,1.6969768
5,10,12.856597
5,11,13.4547415
5,12,13.945028
5,13,14.34295
5,14,14.666802
5,15,14.934873
5,16,15.167009
5,17,15.383806
5,18,15.607655
5,19,15.863975
5,2,3.3619125
5,20,16.181974
5,21,16.597767
5,22,17.155016
5,23,17.909048
5,24,18.926086
5,25,20.283491
5,26,22.058193
5,27,24.303812
5,28,27.001656
5,29,30.0
5,3,4.9640718
5,4,6.4771953
5,5,7.878411
5,6,9.152365
5,7,10.287861
5,8,11.282072
5,9,12.135683
50,0,0.0
50,1,3.3154132
50,10,25.069748
50,11,26.218973
50,12,27.14835
50,13,27.885439
50,14,28.458735
50,15,28.895988
50,16,29.223013
50,17,29.462833
50,18,29.635262
50,19,29.756813
50,2,6.5676756
50,20,29.84081
50,21,29.897717
50,22,29.935507
50,23,29.960112
50,24,29.975822
50,25,29.98568
50,26,29.99179
50,27,29.995598
50,28,29.998093
50,29,30.0
50,3,9.69721
50,4,12.651258
50,5,15.386488
50,6,17.870779
50,7,20.084057
50,8,22.018183
50,9,23.676003
51,0,0.0
51,1,3.3154135
51,10,25.069746
51,11,26.218975
51,12,27.14835
51,13,27.88544
51,14,28.458733
51,15,28.895992
51,16,29.223015
51,17,29.462831
51,18,29.635263
51,19,29.756813
51,2,6.5676756
51,20,29.840815
51,21,29.897715
51,22,29.935509
51,23,29.96011
51,24,29.97582
51,25,29.98568
51,26,29.99179
51,27,29.995598
51,28,29.998093
51,29,30.0
51,3,9.697211
51,4,12.651258
51,5,15.386488
51,6,17.870779
51,7,20.084057
51,8,22.01818
51,9,23.676003
52,0,0.0
52,1,3.3154132
52,10,25.069748
52,11,26.218975
52,12,27.14835
52,13,27.88544
52,14,28.458735
52,15,28.895988
52,16,29.223015
52,17,29.462833
52,18,29.635262
52,19,29.756815
52,2,6.5676756
52,20,29.840813
52,21,29.89772
52,22,29.935507
52,23,29.96011
52,24,29.97582
52,25,29.98568
52,26,29.99179
52,27,29.995598
52,28,29.998093
52,29,30.0
52,3,9.69721
52,4,12.651258
52,5,15.386488
52,6,17.870777
52,7,20.084057
52,8,22.01818
52,9,23.676003
53,0,0.0
53,1,3.3154132
53,10,25.069746
53,11,26.218973
53,12,27.14835
53,13,27.88544
53,14,28.45873
53,15,28.895992
53,16,29.223015
53,17,29.46283
53,18,29.635263
53,19,29.756813
53,2,6.5676756
53,20,29.840816
53,21,29.897717
53,22,29.935509
53,23,29.96011
53,24,29.975822
53,25,29.98568
53,26,29.99179
53,27,29.995598
53,28,29.998093
53,29,30.0
53,3,9.697211
53,4,12.651258
53,5,15.386488
53,6,17.870779
53,7,20.084055
53,8,22.01818
53,9,23.676003
54,0,0.0
54,1,3.3154135
54,10,25.069748
54,11,26.218975
54,12,27.14835
54,13,27.88544
54,14,28.458735
54,15,28.89599
54,16,29.223011
54,17,29.462833
54,18,29.635263
54,19,29.756815
54,2,6.567676
54,20,29.840813
54,21,29.89772
54,22,29.935507
54,23,29.960112
54,24,29.97582
54,25,29.98568
54,26,29.99179
54,27,29.995598
54,28,29.998093
54,29,30.0
54,3,9.69721
54,4,12.651259
54,5,15.386488
54,6,17.870779
54,7,20.084055
54,8,22.01818
54,9,23.676003
55,0,0.0
55,1,3.3154135
55,10,25.069748
55,11,26.218975
55,12,27.14835
55,13,27.88544
55,14,28.458733
55,15,28.895988
55,16,29.223015
55,17,29.46283
55,18,29.635263
55,19,29.756815
55,2,6.5676756
55,20,29.840813
55,21,29.89772
55,22,29.935509
55,23,29.96011
55,24,29.975822
55,25,29.98568
55,26,29.99179
55,27,29.995598
55,28,29.998093
55,29,30.0
55,3,9.697212
55,4,12.651258
55,5,15.386488
55,6,17.870779
55,7,20.084057
55,8,22.01818
55,9,23.676003
56,0,0.0
56,1,3.3154132
56,10,25.069748
56,11,26.218975
56,12,27.148348
56,13,27.88544
56,14,28.458733
56,15,28.895988
56,16,29.223011
56,17,29.462831
56,18,29.635263
56,19,29.756813
56,2,6.5676765
56,20,29.840813
56,21,29.897717
56,22,29.935509
56,23,29.960112
56,24,29.975822
56,25,29.98568
56,26,29.99179
56,27,29.995598
56,28,29.998095
56,29,30.0
56,3,9.69721
56,4,12.65126
56,5,15.386488
56,6,17.870779
56,7,20.084057
56,8,22.018183
56,9,23.676003
57,0,0.0
57,1,3.3154135
57,10,25.069748
57,11,26.218975
57,12,27.148348
57,13,27.88544
57,14,28.458733
57,15,28.895988
57,16,29.223015
57,17,29.46283
57,18,29.635263
57,19,29.756813
57,2,6.5676756
57,20,29.840813
57,21,29.89772
57,22,29.935509
57,23,29.960112
57,24,29.975822
57,25,29.98568
57,26,29.99179
57,27,29.995598
57,28,29.998093
57,29,30.0
57,3,9.697212
57,4,12.651258
57,5,15.386489
57,6,17.870779
57,7,20.084057
57,8,22.01818
57,9,23.676004
58,0,0.0
58,1,3.3154132
58,10,25.069748
58,11,26.218975
58,12,27.14835
58,13,27.88544
58,14,28.458733
58,15,28.895988
58,16,29.223015
58,17,29.462833
58,18,29.635262
58,19,29.756813
58,2,6.567677
58,20,29.840813
58,21,29.897718
58,22,29.935509
58,23,29.96011
58,24,29.975822
58,25,29.98568
58,26,29.99179
58,27,29.995598
58,28,29.998095
58,29,30.0
58,3,9.697211
58,4,12.65126
58,5,15.386488
58,6,17.87078
58,7,20.084055
58,8,22.018183
58,9,23.676003
59,0,0.0
59,1,3.315414
59,10,25.069748
59,11,26.218975
59,12,27.148352
59,13,27.88544
59,14,28.458733
59,15,28.895988
59,16,29.223015
59,17,29.462833
59,18,29.635265
59,19,29.756813
59,2,6.5676756
59,20,29.840815
59,21,29.897718
59,22,29.935509
59,23,29.960114
59,24,29.97582
59,25,29.985683
59,26,29.99179
59,27,29.995598
59,28,29.998093
59,29,30.0
59,3,9.697212
59,4,12.651258
59,5,15.386491
59,6,17.870777
59,7,20.084059
59,8,22.01818
59,9,23.676004
6,0,0.0
6,1,1.971321
6,10,14.931863
6,11,15.626055
6,12,16.19349
6,13,16.653515
6,14,17.025589
6,15,17.331177
6,16,17.591642
6,17,17.829445
6,18,18.068146
6,19,18.332975
6,2,3.9051163
6,20,18.652645
6,21,19.059217
6,22,19.590885
6,23,20.29039
6,24,21.206196
6,25,22.386086
6,26,23.869865
6,27,25.670116
6,28,27.749754
6,29,30.0
6,3,5.766533
6,4,7.5236735
6,5,9.151781
6,6,10.63084
6,7,11.950226
6,8,13.104111
6,9,14.09576
60,0,0.0
60,1,3.3154132
60,10,25.06975
60,11,26.218977
60,12,27.148352
60,13,27.885443
60,14,28.458733
60,15,28.895994
60,16,29.223015
60,17,29.462837
60,18,29.635265
60,19,29.756817
60,2,6.567677
60,20,29.840816
60,21,29.89772
60,22,29.935509
60,23,29.960112
60,24,29.975826
60,25,29.98568
60,26,29.991793
60,27,29.995598
60,28,29.998095
60,29,30.0
60,3,9.697212
60,4,12.651261
60,5,15.386488
60,6,17.87078
60,7,20.084057
60,8,22.018185
60,9,23.676004
61,0,0.0
61,1,3.3154142
61,10,25.069752
61,11,26.21898
61,12,27.148357
61,13,27.885445
61,14,28.45874
61,15,28.895996
61,16,29.223022
61,17,29.462837
61,18,29.63527
61,19,29.756819
61,2,6.567677
61,20,29.84082
61,21,29.89772
61,22,29.93551
61,23,29.960115
61,24,29.975822
61,25,29.985683
61,26,29.991793
61,27,29.995598
61,28,29.998095
61,29,30.0
61,3,9.697214
61,4,12.651261
61,5,15.386493
61,6,17.87078
61,7,20.084063
61,8,22.018187
61,9,23.676008
62,0,0.0
62,1,3.3154144
62,10,25.06976
62,11,26.218987
62,12,27.148363
62,13,27.885454
62,14,28.458748
62,15,28.896004
62,16,29.223026
62,17,29.462849
62,18,29.635275
62,19,29.756828
62,2,6.5676794
62,20,29.840822
62,21,29.897728
62,22,29.935516
62,23,29.960117
62,24,29.97583
62,25,29.985683
62,26,29.991795
62,27,29.995602
62,28,29.998095
62,29,30.0
62,3,9.697216
62,4,12.651266
62,5,15.386496
62,6,17.87079
62,7,20.084064
62,8,22.018192
62,9,23.676014
63,0,0.0
63,1,3.3154173
63,10,25.06977
63,11,26.219002
63,12,27.148376
63,13,27.885468
63,14,28.458761
63,15,28.89602
63,16,29.223045
63,17,29.46286
63,18,29.635292
63,19,29.756838
63,2,6.5676827
63,20,29.840837
63,21,29.897741
63,22,29.935528
63,23,29.96013
63,24,29.975838
63,25,29.985693
63,26,29.991802
63,27,29.995605
63,28,29.998096
63,29,30.0
63,3,9.697223
63,4,12.651272
63,5,15.386507
63,6,17.870798
63,7,20.08408
63,8,22.018204
63,9,23.67603
64,0,0.0
64,1,3.3154206
64,10,25.069801
64,11,26.219032
64,12,27.148409
64,13,27.8855
64,14,28.458794
64,15,28.89605
64,16,29.223076
64,17,29.462893
64,18,29.635319
64,19,29.75687
64,2,6.567692
64,20,29.840864
64,21,29.897768
64,22,29.93555
64,23,29.960152
64,24,29.975857
64,25,29.98571
64,26,29.991814
64,27,29.995613
64,28,29.998102
64,29,30.0
64,3,9.697235
64,4,12.651289
64,5,15.386523
64,6,17.870823
64,7,20.084103
64,8,22.018234
64,9,23.676054
65,0,0.0
65,1,3.3154297
65,10,25.069859
65,11,26.219091
65,12,27.14847
65,13,27.885563
65,14,28.458855
65,15,28.896114
65,16,29.223135
65,17,29.462954
65,18,29.635382
65,19,29.756927
65,2,6.5677075
65,20,29.840921
65,21,29.897818
65,22,29.9356
65,23,29.960194
65,24,29.975897
65,25,29.98574
65,26,29.99184
65,27,29.995628
65,28,29.998112
65,29,30.0
65,3,9.697259
65,4,12.65132
65,5,15.386562
65,6,17.870865
65,7,20.084152
65,8,22.018282
65,9,23.676111
66,0,0.0
66,1,3.3154454
66,10,25.069975
66,11,26.21921
66,12,27.148592
66,13,27.885685
66,14,28.45898
66,15,28.896236
66,16,29.223263
66,17,29.463076
66,18,29.635498
66,19,29.757042
66,2,6.5677404
66,20,29.841028
66,21,29.897923
66,22,29.935696
66,23,29.96028
66,24,29.97597
66,25,29.985804
66,26,29.991884
66,27,29.995663
66,28,29.998127
66,29,30.0
66,3,9.697306
66,4,12.651381
66,5,15.386635
66,6,17.870949
66,7,20.084244
66,8,22.018387
66,9,23.67622
67,0,0.0
67,1,3.3154771
67,10,25.070198
67,11,26.219442
67,12,27.148827
67,13,27.885925
67,14,28.45922
67,15,28.89648
67,16,29.223497
67,17,29.463308
67,18,29.635729
67,19,29.757261
67,2,6.567802
67,20,29.84124
67,21,29.898119
67,22,29.935875
67,23,29.960442
67,24,29.97611
67,25,29.985918
67,26,29.991974
67,27,29.99572
67,28,29.998158
67,29,30.0
67,3,9.697397
67,4,12.651499
67,5,15.386779
67,6,17.871113
67,7,20.08443
67,8,22.018585
67,9,23.676434
68,0,0.0
68,1,3.3155367
68,10,25.07062
68,11,26.219875
68,12,27.149273
68,13,27.886375
68,14,28.459675
68,15,28.896933
68,16,29.22395
68,17,29.46375
68,18,29.63616
68,19,29.757679
68,2,6.5679197
68,20,29.84164
68,21,29.89849
68,22,29.93622
68,23,29.960749
68,24,29.976376
68,25,29.986137
68,26,29.992142
68,27,29.995838
68,28,29.998215
68,29,30.0
68,3,9.697569
68,4,12.651723
68,5,15.38705
68,6,17.871426
68,7,20.084776
68,8,22.018963
68,9,23.676834
69,0,0.0
69,1,3.315647
69,10,25.071396
69,11,26.22068
69,12,27.150095
69,13,27.88721
69,14,28.460516
69,15,28.897772
69,16,29.224781
69,17,29.464571
69,18,29.63696
69,19,29.758453
69,2,6.5681376
69,20,29.842373
69,21,29.899181
69,22,29.936852
69,23,29.961317
69,24,29.976866
69,25,29.986546
69,26,29.992456
69,27,29.99605
69,28,29.998323
69,29,30.0
69,3,9.69789
69,4,12.652139
69,5,15.38755
69,6,17.872004
69,7,20.085419
69,8,22.01966
69,9,23.677578
7,0,0.0
7,1,2.215735
7,10,16.781157
7,11,17.559593
7,12,18.19586
7,13,18.709627
7,14,19.1236
7,15,19.460114
7,16,19.742584
7,17,19.994255
7,18,20.238884
7,19,20.501446
7,2,4.389578
7,20,20.807953
7,21,21.187405
7,22,21.6703
7,23,22.290287
7,24,23.08002
7,25,24.069431
7,26,25.276213
7,27,26.697548
7,28,28.296974
7,29,30.0
7,3,6.481444
7,4,8.456898
7,5,10.286208
7,6,11.949106
7,7,13.431139
7,8,14.7283325
7,9,15.841693
70,0,0.0
70,1,3.315847
70,10,25.072807
70,11,26.222137
70,12,27.151588
70,13,27.888725
70,14,28.462038
70,15,28.899292
70,16,29.22629
70,17,29.466053
70,18,29.638409
70,19,29.759846
70,2,6.568533
70,20,29.843704
70,21,29.900425
70,22,29.938
70,23,29.962341
70,24,29.97776
70,25,29.98728
70,26,29.993025
70,27,29.996437
70,28,29.998518
70,29,30.0
70,3,9.698471
70,4,12.652893
70,5,15.38846
70,6,17.87305
70,7,20.086586
70,8,22.020927
70,9,23.678925
71,0,0.0
71,1,3.3162024
71,10,25.075308
71,11,26.224724
71,12,27.154232
71,13,27.891409
71,14,28.46474
71,15,28.90199
71,16,29.228962
71,17,29.468687
71,18,29.640972
71,19,29.762325
71,2,6.569235
71,20,29.84606
71,21,29.902643
71,22,29.940035
71,23,29.964172
71,24,29.979338
71,25,29.988592
71,26,29.994032
71,27,29.99712
71,28,29.998865
71,29,30.0
71,3,9.699504
71,4,12.654231
71,5,15.390078
71,6,17.874912
71,7,20.088657
71,8,22.023174
71,9,23.681313
72,0,0.0
72,1,3.3168228
72,10,25.079659
72,11,26.229221
72,12,27.158833
72,13,27.896072
72,14,28.469433
72,15,28.906677
72,16,29.233614
72,17,29.473259
72,18,29.645435
72,19,29.766624
72,2,6.57046
72,20,29.850166
72,21,29.90649
72,22,29.943577
72,23,29.967342
72,24,29.982094
72,25,29.990864
72,26,29.995789
72,27,29.998312
72,28,29.99947
72,29,30.0
72,3,9.701303
72,4,12.656564
72,5,15.392891
72,6,17.87815
72,7,20.092258
72,8,22.02708
72,9,23.68547
73,0,0.0
73,1,3.3178818
73,10,25.08707
73,11,26.236881
73,12,27.166668
73,13,27.904016
73,14,28.47742
73,15,28.914658
73,16,29.241522
73,17,29.481049
73,18,29.653023
73,19,29.77396
73,2,6.572552
73,20,29.857147
73,21,29.913046
73,22,29.949602
73,23,29.972754
73,24,29.98678
73,25,29.994751
73,26,29.998775
73,27,30.000347
73,28,30.000496
73,29,30.0
73,3,9.704376
73,4,12.660547
73,5,15.397695
73,6,17.883677
73,7,20.098408
73,8,22.033745
73,9,23.692553
74,0,0.0
74,1,3.319657
74,10,25.099451
74,11,26.249668
74,12,27.17974
74,13,27.917263
74,14,28.49075
74,15,28.927963
74,16,29.254723
74,17,29.494026
74,18,29.665695
74,19,29.78618
74,2,6.5760555
74,20,29.868807
74,21,29.923979
74,22,29.959673
74,23,29.981781
74,24,29.994623
74,25,30.001232
74,26,30.00378
74,27,30.003742
74,28,30.002218
74,29,30.0
74,3,9.709524
74,4,12.667213
74,5,15.405735
74,6,17.892921
74,7,20.108685
74,8,22.044884
74,9,23.704388
75,0,0.0
75,1,3.322572
75,10,25.119713
75,11,26.27059
75,12,27.20112
75,13,27.938929
75,14,28.512531
75,15,28.94972
75,16,29.276287
75,17,29.515259
75,18,29.686392
75,19,29.80618
75,2,6.581814
75,20,29.887863
75,21,29.941883
75,22,29.976141
75,23,29.996578
75,24,30.007448
75,25,30.011864
75,26,30.011963
75,27,30.00932
75,28,30.005035
75,29,30.0
75,3,9.717975
75,4,12.678162
75,5,15.418924
75,6,17.908085
75,7,20.12553
75,8,22.063133
75,9,23.723766
76,0,0.0
76,1,3.327273
76,10,25.152214
76,11,26.304134
76,12,27.235392
76,13,27.97364
76,14,28.547436
76,15,28.984566
76,16,29.310844
76,17,29.549252
76,18,29.719578
76,19,29.838211
76,2,6.591087
76,20,29.918436
76,21,29.970577
76,22,30.002586
76,23,30.020302
76,24,30.028065
76,25,30.02892
76,26,30.025131
76,27,30.018265
76,28,30.009571
76,29,30.0
76,3,9.731593
76,4,12.69578
76,5,15.440155
76,6,17.932465
76,7,20.15261
76,8,22.092438
76,9,23.754875
77,0,0.0
77,1,3.334702
77,10,25.203342
77,11,26.356863
77,12,27.289238
77,13,28.028162
77,14,28.602236
77,15,29.03928
77,16,29.365086
77,17,29.602654
77,18,29.771673
77,19,29.888565
77,2,6.605755
77,20,29.966457
77,21,30.015724
77,22,30.044151
77,23,30.05767
77,24,30.060497
77,25,30.05582
77,26,30.04586
77,27,30.032387
77,28,30.016712
77,29,30.0
77,3,9.753103
77,4,12.723619
77,5,15.473654
77,6,17.970934
77,7,20.195278
77,8,22.138603
77,9,23.803823
78,0,0.0
78,1,3.3462398
78,10,25.282173
78,11,26.438137
78,12,27.372173
78,13,28.11211
78,14,28.686598
78,15,29.123482
78,16,29.44859
78,17,29.684828
78,18,29.85192
78,19,29.966085
78,2,6.628503
78,20,30.0405
78,21,30.085289
78,22,30.108326
78,23,30.115314
78,24,30.110636
78,25,30.097355
78,26,30.077942
78,27,30.054207
78,28,30.027771
78,29,30.0
78,3,9.78648
78,4,12.766748
78,5,15.525553
78,6,18.030434
78,7,20.261263
78,8,22.209892
78,9,23.879387
79,0,0.0
79,1,3.3638134
79,10,25.40142
79,11,26.560932
79,12,27.497437
79,13,28.238832
79,14,28.813896
79,15,29.250546
79,16,29.574558
79,17,29.808882
79,18,29.973015
79,19,30.08322
79,2,6.6631737
79,20,30.15233
79,21,30.190544
79,22,30.205368
79,23,30.20267
79,24,30.186554
79,25,30.160385
79,26,30.126575
79,27,30.087355
79,28,30.044548
79,29,30.0
79,3,9.837271
79,4,12.832388
79,5,15.604399
79,6,18.120808
79,7,20.36131
79,8,22.317934
79,9,23.993736
8,0,0.0
8,1,2.429594
8,10,18.396702
8,11,19.249275
8,12,19.944315
8,13,20.50475
8,14,20.953548
8,15,21.31537
8,16,21.61408
8,17,21.873657
8,18,22.117783
8,19,22.369915
8,2,4.812933
8,20,22.6544
8,21,22.995438
8,22,23.418713
8,23,23.94856
8,24,24.60843
8,25,25.415297
8,26,26.377117
8,27,27.484932
8,28,28.709661
8,29,30.0
8,3,7.1069365
8,4,9.272405
8,5,11.278603
8,6,13.101049
8,7,14.7263565
8,8,16.147526
8,9,17.36821
80,0,0.0
80,1,3.390129
80,10,25.578255
80,11,26.74294
80,12,27.682919
80,13,28.426394
80,14,29.002262
80,15,29.438503
80,16,29.760962
80,17,29.992393
80,18,30.152336
80,19,30.25663
80,2,6.71502
80,20,30.318153
80,21,30.346571
80,22,30.349518
80,23,30.332369
80,24,30.299534
80,25,30.25412
80,26,30.19906
80,27,30.136707
80,28,30.069574
80,29,30.0
80,3,9.913238
80,4,12.930389
80,5,15.722084
80,6,18.255438
80,7,20.510263
80,8,22.478497
80,9,24.163567
81,0,0.0
81,1,3.428818
81,10,25.835602
81,11,27.007454
81,12,27.952318
81,13,28.69862
81,14,29.275534
81,15,29.71118
81,16,30.031313
81,17,30.258749
81,18,30.412567
81,19,30.508636
81,2,6.791267
81,20,30.559116
81,21,30.573734
81,22,30.559364
81,23,30.521616
81,24,30.464334
81,25,30.391178
81,26,30.304981
81,27,30.20898
81,28,30.106186
81,29,30.0
81,3,10.024767
81,4,13.074219
81,5,15.894445
81,6,18.452469
81,7,20.727798
81,8,22.712784
81,9,24.410913
82,0,0.0
82,1,3.484786
82,10,26.2029
82,11,27.384636
82,12,28.336021
82,13,29.08611
82,14,29.664356
82,15,30.099016
82,16,30.415985
82,17,30.637684
82,18,30.783207
82,19,30.867575
82,2,6.9014072
82,20,30.902935
82,21,30.897923
82,22,30.85952
82,23,30.79234
82,24,30.700684
82,25,30.587711
82,26,30.45723
82,27,30.312801
82,28,30.158875
82,29,30.0
82,3,10.185827
82,4,13.281488
82,5,16.142607
82,6,18.735474
82,7,21.03989
82,8,23.04815
82,9,24.764572
83,0,0.0
83,1,3.564378
83,10,26.717453
83,11,27.912153
83,12,28.872164
83,13,29.627064
83,14,30.20687
83,15,30.640133
83,16,30.95258
83,17,31.16669
83,18,31.300688
83,19,31.369501
83,2,7.058023
83,20,31.383892
83,21,31.35242
83,22,31.280535
83,23,31.173073
83,24,31.033209
83,25,30.864964
83,26,30.67201
83,27,30.459599
83,28,30.233328
83,29,30.0
83,3,10.414393
83,4,13.575336
83,5,16.49352
83,6,19.135065
83,7,21.479374
83,8,23.51968
83,9,25.260674
84,0,0.0
84,1,3.6758976
84,10,27.424675
84,11,28.636196
84,12,29.606976
84,13,30.367832
84,14,30.949379
84,15,31.380451
84,16,31.68699
84,17,31.890759
84,18,32.009872
84,19,32.057686
84,2,7.2770967
84,20,32.04469
84,21,31.977354
84,22,31.860992
84,23,31.698471
84,24,31.493448
84,25,31.248962
84,26,30.97031
84,27,30.66349
84,28,30.33694
84,29,30.0
84,3,10.733803
84,4,13.984877
84,5,16.981722
84,6,19.689274
84,7,22.087673
84,8,24.170437
84,9,25.944096
85,0,0.0
85,1,3.8297975
85,10,28.37904
85,11,29.611174
85,12,30.59514
85,13,31.362888
85,14,31.94609
85,15,32.37412
85,16,32.672623
85,17,32.863365
85,18,32.962906
85,19,32.98419
85,2,7.5792155
85,20,32.935165
85,21,32.821754
85,22,32.64634
85,23,32.41163
85,24,32.11903
85,25,31.772644
85,26,31.377491
85,27,30.942547
85,28,30.47874
85,29,30.0
85,3,11.173155
85,4,14.547075
85,5,17.649584
85,6,20.445477
85,7,22.914732
85,8,25.053024
85,9,26.868176
86,0,0.0
86,1,4.0394964
86,10,29.643017
86,11,30.89988
86,12,31.898865
86,13,32.674183
86,14,33.25864
86,15,33.682137
86,16,33.970592
86,17,34.14456
86,18,34.22019
86,19,34.207672
86,2,7.9899797
86,20,34.114048
86,21,33.941437
86,22,33.691265
86,23,33.362427
86,24,32.95629
86,25,32.47486
86,26,31.925426
86,27,31.318459
86,28,30.670197
86,29,30.0
86,3,11.769289
86,4,15.307051
86,5,18.549545
86,6,21.460129
86,7,24.020782
86,8,26.228727
86,9,28.095707
87,0,0.0
87,1,4.3217607
87,10,31.287071
87,11,32.571465
87,12,33.58682
87,13,34.369507
87,14,34.954132
87,15,35.371464
87,16,35.646965
87,17,35.800972
87,18,35.847076
87,19,35.79438
87,2,8.541969
87,20,35.645557
87,21,35.40102
87,22,35.05683
87,23,34.610348
87,24,34.058376
87,25,33.403366
87,26,32.651688
87,27,31.818483
87,28,30.925077
87,29,30.0
87,3,12.567385
87,4,16.32077
87,5,19.743967
87,6,22.800974
87,7,25.475136
87,8,27.768677
87,9,29.697023
88,0,0.0
88,1,4.6982393
88,10,33.386505
88,11,34.700073
88,12,35.731186
88,13,36.51996
88,14,37.10287
88,15,37.511475
88,16,37.771523
88,17,37.90146
88,18,37.913857
88,19,37.81344
88,2,9.275823
88,20,37.600677
88,21,37.269516
88,22,36.81298
88,23,36.22121
88,24,35.48873
88,25,34.613194
88,26,33.60285
88,27,32.475147
88,28,31.26086
88,29,30.0
88,3,13.624291
88,4,17.65557
88,5,21.308155
88,6,24.545906
88,7,27.357786
88,8,29.751278
88,9,31.750011
89,0,0.0
89,1,5.196768
89,10,36.019974
89,11,37.36053
89,12,38.40473
89,13,39.196247
89,14,39.774197
89,15,40.171288
89,16,40.41253
89,17,40.515755
89,18,40.48974
89,19,40.336952
89,2,10.2442045
89,20,40.051067
89,21,39.62202
89,22,39.033516
89,23,38.270576
89,24,37.318245
89,25,36.171207
89,26,34.834003
89,27,33.329815
89,28,31.69899
89,29,30.0
89,3,15.0104685
89,4,19.394642
89,5,23.33017
89,6,26.785551
89,7,29.756649
89,8,32.262543
89,9,34.335964
9,0,0.0
9,1,2.6129007
9,10,19.781975
9,11,20.696833
9,12,21.442474
9,13,22.041523
9,14,22.519453
9,15,22.901028
9,16,23.211369
9,17,23.474417
9,18,23.713305
9,19,23.95061
9,2,5.176326
9,20,24.207771
9,21,24.506401
9,22,24.866394
9,23,25.307152
9,24,25.843971
9,25,26.487988
9,26,27.241028
9,27,28.094515
9,28,29.025764
9,29,30.0
9,3,7.643067
9,4,9.9723215
9,5,12.1292
9,6,14.0895195
9,7,15.836455
9,8,17.364962
9,9,18.676386
90,0,0.0
90,1,5.855068
90,10,39.26378
90,11,40.625122
90,12,41.67557
90,13,42.464104
90,14,43.032364
90,15,43.41394
90,16,43.63395
90,17,43.707516
90,18,43.641594
90,19,43.43241
90,2,11.5157385
90,20,43.06951
90,21,42.53269
90,22,41.798645
90,23,40.838966
90,24,39.630207
90,25,38.154938
90,26,36.414833
90,27,34.433926
90,28,32.267933
90,29,30.0
90,3,16.816866
90,4,21.639277
90,5,25.915434
90,6,29.62133
90,7,32.768703
90,8,35.39125
90,9,37.53813
91,0,0.0
91,1,6.7257733
91,10,43.18859
91,11,44.556927
91,12,45.60245
91,13,46.378757
91,14,46.930504
91,15,47.29232
91,16,47.488083
91,17,47.531796
91,18,47.425438
91,19,47.161797
91,2,13.185049
91,20,46.721046
91,21,46.075768
91,22,45.187622
91,23,44.015892
91,24,42.517303
91,25,40.660366
91,26,38.43205
91,27,35.85705
91,28,33.00584
91,29,30.0
91,3,19.161873
91,4,24.517471
91,5,29.187479
91,6,33.16838
91,7,36.495266
91,8,39.22785
91,9,41.434853
92,0,0.0
92,1,7.887935
92,10,47.851295
92,11,49.20507
92,12,50.22792
92,13,50.979103
92,14,51.505486
92,15,51.841995
92,16,52.012066
92,17,52.02631
92,18,51.88436
92,19,51.571583
92,2,15.387239
92,20,51.062386
92,21,50.315712
92,22,49.280685
92,23,47.89351
92,24,46.08866
92,25,43.80372
92,26,41.002544
92,27,37.695206
92,28,33.969177
92,29,30.0
92,3,22.207771
92,4,28.191189
92,5,33.294846
92,6,37.552334
92,7,41.041527
92,8,43.856644
92,9,46.09613
93,0,0.0
93,1,9.468063
93,10,53.29
93,11,54.596577
93,12,55.572903
93,13,56.28171
93,14,56.7715
93,15,57.077087
93,16,57.219837
93,17,57.208866
93,18,57.038673
93,19,56.691116
93,2,18.328632
93,20,56.13055
93,21,55.3067
93,22,54.148537
93,23,52.569798
93,24,50.46688
93,25,47.73506
93,26,44.286045
93,27,40.093636
93,28,35.246494
93,29,30.0
93,3,26.182718
93,4,32.87265
93,5,38.412476
93,6,42.910244
93,7,46.507885
93,8,49.351593
93,9,51.57367
94,0,0.0
94,1,11.687923
94,10,59.51417
94,11,60.73126
94,12,61.630066
94,13,62.275627
94,14,62.715836
94,15,62.98391
94,16,63.099686
94,17,63.068844
94,18,62.884174
94,19,62.52155
94,2,22.341036
94,20,61.94096
94,21,61.07926
94,22,59.85066
94,23,58.137623
94,24,55.794044
94,25,52.645195
94,26,48.515633
94,27,43.282932
94,28,36.992603
94,29,30.0
94,3,31.421509
94,4,38.838905
94,5,44.74637
94,6,49.380947
94,7,52.983498
94,8,55.763573
94,9,57.89467
95,0,0.0
95,1,14.974511
95,10,66.49893
95,11,67.57421
95,12,68.35989
95,13,68.91835
95,14,69.29466
95,15,69.51907
95,16,69.60823
95,17,69.56645
95,18,69.38338
95,19,69.034424
95,2,27.991175
95,20,68.47443
95,21,67.636024
95,22,66.41796
95,23,64.678955
95,24,62.220463
95,25,58.780426
95,26,54.03429
95,27,47.657112
95,28,39.504642
95,29,30.0
95,3,38.421425
95,4,46.449337
95,5,52.522705
95,6,57.09231
95,7,60.527264
95,8,63.109913
95,9,65.04881
96,0,0.0
96,1,20.248665
96,10,74.17616
96,11,75.05293
96,12,75.687126
96,13,76.13406
96,14,76.432205
96,15,76.6067
96,16,76.67119
96,17,76.62751
96,18,76.46615
96,19,76.16232
96,2,36.286995
96,20,75.67439
96,21,74.93446
96,22,73.84076
96,23,72.23671
96,24,69.88695
96,25,66.43301
96,26,61.347645
96,27,53.916473
96,28,43.424904
96,29,30.0
96,3,47.91443
96,4,56.135857
96,5,61.958103
96,6,66.125885
96,7,69.145775
96,8,71.35467
96,9,72.9798
97,0,0.0
97,1,29.757679
97,10,82.43199
97,11,83.05462
97,12,83.501595
97,13,83.81436
97,14,84.02142
97,15,84.14101
97,16,84.18242
97,17,84.146835
97,18,84.02574
97,19,83.80034
97,2,49.043526
97,20,83.43623
97,21,82.87903
97,22,82.040504
97,23,80.78015
97,24,78.86331
97,25,75.88791
97,26,71.136826
97,27,63.32522
97,28,50.322998
97,29,30.0
97,3,60.88813
97,4,68.32306
97,5,73.17532
97,6,76.46268
97,7,78.75685
97,8,80.39239
97,9,81.57363
98,0,0.0
98,1,49.756287
98,10,91.10595
98,11,91.42991
98,12,91.66122
98,13,91.8224
98,14,91.92859
98,15,91.989365
98,16,92.00961
98,17,91.98957
98,18,91.92473
98,19,91.8042
98,2,69.27666
98,20,91.60925
98,21,91.30821
98,22,90.84986
98,23,90.14672
98,24,89.04324
98,25,87.23699
98,26,84.07831
98,27,77.986206
98,28,64.573296
98,29,30.0
98,3,78.325455
98,4,83.1649
98,5,86.04888
98,6,87.90256
98,7,89.15613
98,8,90.03203
98,9,90.65646
99,0,0.0
99,1,100.0
99,10,100.0
99,11,100.0
99,12,100.0
99,13,100.0
99,14,100.0
99,15,100.0
99,16,100.0
99,17,100.0
99,18,100.0
99,19,100.0
99,2,100.0
99,20,100.0
99,21,100.0
99,22,100.0
99,23,100.0
99,24,100.0
99,25,100.0
99,26,100.0
99,27,100.0
99,28,100.0
99,29,30.0
99,3,100.0
99,4,100.0
99,5,100.0
99,6,100.0
99,7,100.0
99,8,100.0
99,9,100.0
