0,0,0.0
0,1,0.0
0,10,0.0
0,11,0.0
0,12,0.0
0,13,0.0
0,14,0.0
0,15,30.0
0,2,0.0
0,3,0.0
0,4,0.0
0,5,0.0
0,6,0.0
0,7,0.0
0,8,0.0
0,9,0.0
1,0,0.0
1,1,0.635671
1,10,5.1764803
1,11,5.9455404
1,12,7.235779
1,13,9.736534
1,14,15.342274
1,15,30.0
1,2,1.2555649
1,3,1.8457853
1,4,2.3960176
1,5,2.9010062
1,6,3.3619828
1,7,3.7885146
1,8,4.2017107
1,9,4.6406574
10,0,0.0
10,1,11.119902
10,10,49.448513
10,11,47.82393
10,12,45.030434
10,13,41.01519
10,14,35.87388
10,15,30.0
10,2,21.194292
10,3,29.671268
10,4,36.4408
10,5,41.62594
10,6,45.421432
10,7,48.006866
10,8,49.50927
10,9,49.990807
11,0,0.0
11,1,14.543681
11,10,57.063393
11,11,54.92433
11,12,51.28446
11,13,45.885838
11,14,38.636566
11,15,30.0
11,2,27.116169
11,3,37.072784
11,4,44.574505
11,5,50.036674
11,6,53.86162
11,7,56.34993
11,8,57.68463
11,9,57.93543
12,0,0.0
12,1,19.938656
12,10,65.94532
12,11,63.52559
12,12,59.29724
12,13,52.60716
12,14,42.786545
12,15,30.0
12,2,35.65394
12,3,46.929195
12,4,54.747795
12,5,60.084656
12,6,63.638474
12,7,65.846634
12,8,66.943924
12,9,67.00293
13,0,0.0
13,1,29.557016
13,10,76.18939
13,11,73.93548
13,12,69.77178
13,13,62.459015
13,14,49.90246
13,15,30.0
13,2,48.631737
13,3,60.242294
13,4,67.40285
13,5,71.915695
13,6,74.76103
13,7,76.45422
13,8,77.24152
13,9,77.187065
14,0,0.0
14,1,49.657677
14,10,87.68974
14,11,86.25516
14,12,83.3954
14,13,77.55467
14,14,64.36428
14,15,30.0
14,2,69.07371
14,3,78.0054
14,4,82.70563
14,5,85.414276
14,6,87.03575
14,7,87.96773
14,8,88.38091
14,9,88.31442
15,0,0.0
15,1,100.0
15,10,100.0
15,11,100.0
15,12,100.0
15,13,100.0
15,14,100.0
15,15,30.0
15,2,100.0
15,3,100.0
15,4,100.0
15,5,100.0
15,6,100.0
15,7,100.0
15,8,100.0
15,9,100.0
2,0,0.0
2,1,1.287121
2,10,10.119732
2,11,11.369909
2,12,13.261049
2,13,16.368086
2,14,21.632565
2,15,30.0
2,2,2.5408072
2,3,3.7315643
2,4,4.8372855
2,5,5.8460336
2,6,6.758418
2,7,7.5903764
2,8,8.377679
2,9,9.18445
3,0,0.0
3,1,1.9720095
3,10,14.748104
3,11,16.153332
3,12,18.07043
3,13,20.842205
3,14,24.819895
3,15,30.0
3,2,3.8889873
3,3,5.702389
3,4,7.3755426
3,5,8.887439
3,6,10.2353
3,7,11.43691
3,8,12.534201
3,9,13.599749
4,0,0.0
4,1,2.7119355
4,10,19.119627
4,11,20.424904
4,12,22.025156
4,13,24.11042
4,14,26.80482
4,15,30.0
4,2,5.3407536
4,3,7.8134794
4,4,10.075075
4,5,12.092907
4,6,13.858455
4,7,15.387792
4,8,16.722492
4,9,17.932266
5,0,0.0
5,1,3.5349863
5,10,23.37326
5,11,24.401527
5,12,25.49488
5,13,26.769526
5,14,28.288963
5,15,30.0
5,2,6.948627
5,3,10.135719
5,4,13.018398
5,5,15.550689
5,6,17.717855
5,7,19.533344
5,8,21.035748
5,9,22.28723
6,0,0.0
6,1,4.479391
6,10,27.684696
6,11,28.31309
6,12,28.783348
6,13,29.18385
6,14,29.581522
6,15,30.0
6,2,8.783065
6,3,12.762397
6,4,16.312141
6,5,19.373627
6,6,21.928976
6,7,23.992018
6,8,25.599962
6,9,26.807686
7,0,0.0
7,1,5.5995226
7,10,32.244797
7,11,32.382816
7,12,32.141598
7,13,31.60102
7,14,30.853283
7,15,30.0
7,2,10.941866
7,3,15.818684
7,4,20.094177
7,5,23.70274
7,6,26.632439
7,7,28.90584
7,8,30.564438
7,9,31.658894
8,0,0.0
8,1,6.9768424
8,10,37.252808
8,11,36.831825
8,12,35.79924
8,13,34.225365
8,14,32.230606
8,15,30.0
8,2,13.566213
8,3,19.47632
8,4,24.543182
8,5,28.710752
8,6,31.99225
8,7,34.4345
8,8,36.093105
8,9,37.018707
9,0,0.0
9,1,8.741644
9,10,42.91595
9,11,41.892464
9,12,39.998184
9,13,37.270622
9,14,33.843773
9,15,30.0
9,2,16.869839
9,3,23.97723
9,4,29.891514
9,5,34.60488
9,6,38.19135
9,7,40.746872
9,8,42.354816
9,9,43.070057
