0,0,0.0
0,1,0.0
0,10,0.0
0,11,0.0
0,12,0.0
0,13,0.0
0,14,0.0
0,15,30.0
0,2,0.0
0,3,0.0
0,4,0.0
0,5,0.0
0,6,0.0
0,7,0.0
0,8,0.0
0,9,0.0
1,0,0.0
1,1,0.62828916
1,10,5.1418796
1,11,5.915472
1,12,7.211748
1,13,9.719779
1,14,15.333668
1,15,30.0
1,2,1.2410479
1,3,1.8246167
1,4,2.3689456
1,5,2.8690112
1,6,3.3263035
1,7,3.7505887
1,8,4.163161
1,9,4.6032066
10,0,0.0
10,1,11.076311
10,10,49.250877
10,11,47.65275
10,12,44.89402
10,13,40.920254
10,14,35.825188
10,15,30.0
10,2,21.108677
10,3,29.546787
10,4,36.282093
10,5,41.439163
10,6,45.214027
10,7,47.787437
10,8,49.28723
10,9,49.77603
11,0,0.0
11,1,14.50501
11,10,56.888535
11,11,54.77294
11,12,51.163822
11,13,45.80191
11,14,38.593513
11,15,30.0
11,2,27.040241
11,3,36.962383
11,4,44.43382
11,5,49.871128
11,6,53.677876
11,7,56.155594
11,8,57.48806
11,9,57.74536
12,0,0.0
12,1,19.907248
12,10,65.80358
12,11,63.402885
12,12,59.1995
12,13,52.53915
12,14,42.75167
12,15,30.0
12,2,35.592262
12,3,46.839554
12,4,54.63356
12,5,59.950287
12,6,63.489365
12,7,65.68897
12,8,66.7845
12,9,66.84881
13,0,0.0
13,1,29.534857
13,10,76.08953
13,11,73.849045
13,12,69.702934
13,13,62.411125
13,14,49.8779
13,15,30.0
13,2,48.588226
13,3,60.179054
13,4,67.32228
13,5,71.82094
13,6,74.6559
13,7,76.34308
13,8,77.129166
13,9,77.07847
14,0,0.0
14,1,49.646217
14,10,87.63814
14,11,86.21048
14,12,83.359825
14,13,77.52993
14,14,64.35159
14,15,30.0
14,2,69.05119
14,3,77.9727
14,4,82.66396
14,5,85.365265
14,6,86.98139
14,7,87.91026
14,8,88.32283
14,9,88.2583
15,0,0.0
15,1,100.0
15,10,100.0
15,11,100.0
15,12,100.0
15,13,100.0
15,14,100.0
15,15,30.0
15,2,100.0
15,3,100.0
15,4,100.0
15,5,100.0
15,6,100.0
15,7,100.0
15,8,100.0
15,9,100.0
2,0,0.0
2,1,1.2724197
2,10,10.050946
2,11,11.310142
2,12,13.213296
2,13,16.33479
2,14,21.615465
2,15,30.0
2,2,2.5118861
2,3,3.689415
2,4,4.7833734
2,5,5.7823524
2,6,6.687405
2,7,7.5149264
2,8,8.301001
2,9,9.109979
3,0,0.0
3,1,1.9501431
3,10,14.64613
3,11,16.064762
3,12,17.999672
3,13,20.792885
3,14,24.794567
3,15,30.0
3,2,3.8459952
3,3,5.6397243
3,4,7.295442
3,5,8.792832
3,6,10.1298685
3,7,11.324919
3,8,12.420445
3,9,13.489308
4,0,0.0
4,1,2.6832526
4,10,18.986357
4,11,20.309187
4,12,21.932755
4,13,24.04602
4,14,26.771759
4,15,30.0
4,2,5.284347
4,3,7.731317
4,4,9.970059
4,5,11.968966
4,6,13.720373
4,7,15.2412195
4,8,16.573677
4,9,17.787863
5,0,0.0
5,1,3.5000844
5,10,23.211828
5,11,24.261433
5,12,25.383038
5,13,26.691607
5,14,28.248962
5,15,30.0
5,2,6.8800306
5,3,10.0358
5,4,12.890783
5,5,15.400112
5,6,17.550232
5,7,19.355495
5,8,20.855297
5,9,22.112228
6,0,0.0
6,1,4.4392467
6,10,27.49983
6,11,28.152714
6,12,28.65538
6,13,29.094704
6,14,29.535774
6,15,30.0
6,2,8.704155
6,3,12.6475315
6,4,16.165462
6,5,19.200691
6,6,21.736542
6,7,23.787998
6,8,25.393072
6,9,26.607159
7,0,0.0
7,1,5.5554953
7,10,32.042965
7,11,32.20783
7,12,32.002
7,13,31.503819
7,14,30.803396
7,15,30.0
7,2,10.85537
7,3,15.6927805
7,4,19.933517
7,5,23.51338
7,6,26.421886
7,7,28.682724
7,8,30.33833
7,9,31.439873
8,0,0.0
8,1,6.9307337
8,10,37.042297
8,11,36.649357
8,12,35.653748
8,13,34.124065
8,14,32.178635
8,15,30.0
8,2,13.47562
8,3,19.344534
8,4,24.375042
8,5,28.512718
8,6,31.772139
8,7,34.20141
8,8,35.857018
8,9,36.790127
9,0,0.0
9,1,8.695592
9,10,42.706493
9,11,41.711006
9,12,39.853516
9,13,37.169945
9,14,33.792118
9,15,30.0
9,2,16.779398
9,3,23.845665
9,4,29.72376
9,5,34.40735
9,6,37.97193
9,7,40.514618
9,8,42.119698
9,9,42.842545
