0,0,0.0
0,1,0.0
0,2,0.0
0,3,0.0
0,4,0.0
0,5,0.0
0,6,0.0
0,7,30.0
1,0,0.0
1,1,2.9678845
1,2,5.5925856
1,3,7.739294
1,4,9.591738
1,5,11.865635
1,6,16.596588
1,7,30.0
2,0,0.0
2,1,6.280233
2,2,11.665472
2,3,15.775734
2,4,18.764902
2,5,21.276527
2,6,24.522003
2,7,30.0
3,0,0.0
3,1,10.489887
3,2,19.017506
3,3,24.938465
3,4,28.420818
3,5,29.957748
3,6,30.217222
3,7,30.0
4,0,0.0
4,1,16.664698
4,2,28.981403
4,3,36.546303
4,4,40.028656
4,5,39.921646
4,6,36.392033
4,7,30.0
5,0,0.0
5,1,27.1904
5,2,43.702324
5,3,52.243217
5,4,55.23238
5,5,53.31338
5,6,45.43217
5,7,30.0
6,0,0.0
6,1,48.396896
6,2,66.39849
6,3,73.49707
6,4,75.34952
6,5,72.67154
6,6,62.025604
6,7,30.0
7,0,0.0
7,1,100.0
7,2,100.0
7,3,100.0
7,4,100.0
7,5,100.0
7,6,100.0
7,7,30.0
