0,0,0.0
0,1,0.0
0,10,0.0
0,11,0.0
0,12,0.0
0,13,0.0
0,14,0.0
0,15,0.0
0,16,0.0
0,17,0.0
0,18,0.0
0,19,0.0
0,2,0.0
0,20,0.0
0,21,0.0
0,22,0.0
0,23,0.0
0,24,0.0
0,25,0.0
0,26,0.0
0,27,0.0
0,28,0.0
0,29,30.0
0,3,0.0
0,4,0.0
0,5,0.0
0,6,0.0
0,7,0.0
0,8,0.0
0,9,0.0
1,0,0.0
1,1,0.441581
1,10,3.1834068
1,11,3.3077755
1,12,3.4051774
1,13,3.4803712
1,14,3.5386834
1,15,3.585107
1,16,3.6249201
1,17,3.6636126
1,18,3.7074022
1,19,3.7641172
1,2,0.87312746
1,20,3.8440351
1,21,3.9623857
1,22,4.142203
1,23,4.4219036
1,24,4.8687406
1,25,5.6130595
1,26,6.9338293
1,27,9.509388
1,28,15.220743
1,29,30.0
1,3,1.2850618
1,4,1.6695416
1,5,2.0198605
1,6,2.3321295
1,7,2.6037238
1,8,2.834966
1,9,3.0270343
10,0,0.0
10,1,3.1820812
10,10,22.91136
10,11,23.799553
10,12,24.488413
10,13,25.012672
10,14,25.40477
10,15,25.696
10,16,25.913958
10,17,26.083313
10,18,26.225807
10,19,26.360275
10,2,6.2910147
10,20,26.504307
10,21,26.67301
10,22,26.881325
10,23,27.141176
10,24,27.463442
10,25,27.85365
10,26,28.31313
10,27,28.834743
10,28,29.404377
10,29,30.0
10,3,9.259346
10,4,12.027583
10,5,14.550984
10,6,16.797163
10,7,18.751871
10,8,20.412567
10,9,21.792301
11,0,0.0
11,1,3.305405
11,10,23.796658
11,11,24.717752
11,12,25.432358
11,13,25.974726
11,14,26.37946
11,15,26.677734
11,16,26.897964
11,17,27.064674
11,18,27.198843
11,19,27.318752
11,2,6.5351453
11,20,27.439547
11,21,27.575115
11,22,27.736465
11,23,27.933815
11,24,28.173698
11,25,28.460733
11,26,28.794186
11,27,29.169516
11,28,29.576202
11,29,30.0
11,3,9.618086
11,4,12.494051
11,5,15.114407
11,6,17.448011
11,7,19.47734
11,8,21.202553
11,9,22.634457
12,0,0.0
12,1,3.4010444
12,10,24.481089
12,11,25.428288
12,12,26.161976
12,13,26.718596
12,14,27.132439
12,15,27.435883
12,16,27.657192
12,17,27.820875
12,18,27.94764
12,19,28.05444
12,2,6.7239056
12,20,28.155804
12,21,28.263092
12,22,28.386385
12,23,28.532715
12,24,28.70796
12,25,28.914345
12,26,29.152092
12,27,29.417187
12,28,29.70308
12,29,30.0
12,3,9.896241
12,4,12.854723
12,5,15.551113
12,6,17.951242
12,7,20.03939
12,8,21.813347
12,9,23.286549
13,0,0.0
13,1,3.473261
13,10,24.998566
13,11,25.964718
13,12,26.713219
13,13,27.280025
13,14,27.700779
13,15,28.00766
13,16,28.229374
13,17,28.390263
13,18,28.510475
13,19,28.606668
13,2,6.8668947
13,20,28.691835
13,21,28.776863
13,22,28.869612
13,23,28.976707
13,24,29.101917
13,25,29.24778
13,26,29.4138
13,27,29.59792
13,28,29.795341
13,29,30.0
13,3,10.1062765
13,4,13.127857
13,5,15.880871
13,6,18.332165
13,7,20.46379
13,8,22.275436
13,9,23.77892
14,0,0.0
14,1,3.5267017
14,10,25.380104
14,11,26.360683
14,12,27.119587
14,13,27.6941
14,14,28.11958
14,15,28.428883
14,16,28.650585
14,17,28.808956
14,18,28.923996
14,19,29.01153
14,2,6.972331
14,20,29.084324
14,21,29.15181
14,22,29.22163
14,23,29.298763
14,24,29.387066
14,25,29.488012
14,26,29.602034
14,27,29.727406
14,28,29.861431
14,29,30.0
14,3,10.261668
14,4,13.329259
14,5,16.124737
14,6,18.613047
14,7,20.777473
14,8,22.616158
14,9,24.142612
15,0,0.0
15,1,3.5651786
15,10,25.655235
15,11,26.64574
15,12,27.412395
15,13,27.992126
15,14,28.421059
15,15,28.731884
15,16,28.9534
15,17,29.109772
15,18,29.22066
15,19,29.301765
15,2,7.0485306
15,20,29.36499
15,21,29.419657
15,22,29.472239
15,23,29.52774
15,24,29.589
15,25,29.657927
15,26,29.734663
15,27,29.81861
15,28,29.907852
15,29,30.0
15,3,10.37355
15,4,13.474763
15,5,16.30032
15,6,18.815863
15,7,21.003323
15,8,22.862026
15,9,24.404459
16,0,0.0
16,1,3.5923388
16,10,25.848629
16,11,26.846382
16,12,27.618195
16,13,28.201717
16,14,28.632885
16,15,28.944748
16,16,29.166008
16,17,29.320787
16,18,29.428658
16,19,29.504889
16,2,7.1020966
16,20,29.561312
16,21,29.606503
16,22,29.646938
16,23,29.68682
16,24,29.729195
16,25,29.775475
16,26,29.826391
16,27,29.881489
16,28,29.939884
16,29,30.0
16,3,10.452505
16,4,13.577046
16,5,16.424171
16,6,18.958435
16,7,21.162529
16,8,23.03486
16,9,24.58891
17,0,0.0
17,1,3.6109786
17,10,25.98159
17,11,26.984066
17,12,27.759563
17,13,28.34552
17,14,28.778261
17,15,29.090736
17,16,29.311756
17,17,29.465382
17,18,29.57101
17,19,29.643864
17,2,7.139016
17,20,29.69535
17,21,29.734037
17,22,29.765846
17,23,29.79507
17,24,29.824284
17,25,29.855206
17,26,29.888412
17,27,29.924034
17,28,29.961494
17,29,30.0
17,3,10.506689
17,4,13.647518
17,5,16.509165
17,6,19.056606
17,7,21.271784
17,8,23.153782
17,9,24.715485
18,0,0.0
18,1,3.623524
18,10,26.070658
18,11,27.076439
18,12,27.854258
18,13,28.441914
18,14,28.875622
18,15,29.188503
18,16,29.409315
18,17,29.562092
18,18,29.666206
18,19,29.736654
18,2,7.1637487
18,20,29.784843
18,21,29.818989
18,22,29.845058
18,23,29.866974
18,24,29.887466
18,25,29.908014
18,26,29.929523
18,27,29.952156
18,28,29.975801
18,29,30.0
18,3,10.543149
18,4,13.694725
18,5,16.566326
18,6,19.122368
18,7,21.345211
18,8,23.233442
18,9,24.80048
19,0,0.0
19,1,3.631727
19,10,26.129015
19,11,27.136835
19,12,27.916248
19,13,28.504936
19,14,28.939295
19,15,29.252403
19,16,29.473057
19,17,29.62527
19,18,29.72832
19,19,29.797207
19,2,7.1799994
19,20,29.843136
19,21,29.874342
19,22,29.89654
19,23,29.91373
19,24,29.928429
19,25,29.942287
19,26,29.956123
19,27,29.970375
19,28,29.98505
19,29,30.0
19,3,10.566988
19,4,13.725731
19,5,16.603697
19,6,19.165531
19,7,21.393213
19,8,23.285686
19,9,24.856052
2,0,0.0
2,1,0.87312585
2,10,6.2935534
2,11,6.5396566
2,12,6.7318096
2,13,6.880427
2,14,6.995185
2,15,7.0863957
2,16,7.1640244
2,17,7.238698
2,18,7.322364
2,19,7.429276
2,2,1.7261828
2,20,7.578681
2,21,7.7969894
2,22,8.124386
2,23,8.6226015
2,24,9.393726
2,25,10.611126
2,26,12.583551
2,27,15.86286
2,28,21.363527
2,29,30.0
2,3,2.540897
2,4,3.3007011
2,5,3.9937205
2,6,4.6106415
2,7,5.148041
2,8,5.604738
2,9,5.984841
20,0,0.0
20,1,3.636989
20,10,26.166252
20,11,27.175442
20,12,27.9558
20,13,28.54518
20,14,28.979921
20,15,29.293175
20,16,29.513714
20,17,29.665537
20,18,29.767914
20,19,29.83575
20,2,7.1903696
20,20,29.880253
20,21,29.909513
20,22,29.929276
20,23,29.943386
20,24,29.954437
20,25,29.96398
20,26,29.972986
20,27,29.981895
20,28,29.990902
20,29,30.0
20,3,10.582275
20,4,13.745514
20,5,16.627651
20,6,19.193071
20,7,21.423962
20,8,23.319021
20,9,24.891607
21,0,0.0
21,1,3.640266
21,10,26.189491
21,11,27.199478
21,12,27.98046
21,13,28.570236
21,14,29.005228
21,15,29.318556
21,16,29.539017
21,17,29.690596
21,18,29.79253
21,19,29.85972
21,2,7.1968617
21,20,29.903301
21,21,29.93137
21,22,29.94957
21,23,29.96179
21,24,29.970533
21,25,29.977428
21,26,29.983408
21,27,29.989025
21,28,29.99452
21,29,30.0
21,3,10.591795
21,4,13.7578945
21,5,16.642565
21,6,19.210293
21,7,21.4431
21,8,23.339844
21,9,24.913744
22,0,0.0
22,1,3.6422682
22,10,26.203606
22,11,27.214108
22,12,27.995441
22,13,28.585474
22,14,29.0206
22,15,29.333977
22,16,29.554384
22,17,29.705807
22,18,29.807474
22,19,29.874256
22,2,7.2008066
22,20,29.917286
22,21,29.944603
22,22,29.961876
22,23,29.972921
22,24,29.980282
22,25,29.985552
22,26,29.989716
22,27,29.99333
22,28,29.996708
22,29,30.0
22,3,10.5976095
22,4,13.765415
22,5,16.651669
22,6,19.220753
22,7,21.454773
22,8,23.352493
22,9,24.927233
23,0,0.0
23,1,3.643455
23,10,26.211994
23,11,27.222775
23,12,28.004332
23,13,28.594503
23,14,29.029716
23,15,29.343113
23,16,29.563488
23,17,29.71482
23,18,29.816322
23,19,29.882868
23,2,7.2031574
23,20,29.925556
23,21,29.952442
23,22,29.969143
23,23,29.979506
23,24,29.986038
23,25,29.990353
23,26,29.993435
23,27,29.995872
23,28,29.998
23,29,30.0
23,3,10.601056
23,4,13.769897
23,5,16.657063
23,6,19.22698
23,7,21.46169
23,8,23.360018
23,9,24.935223
24,0,0.0
24,1,3.644145
24,10,26.21684
24,11,27.227797
24,12,28.00947
24,13,28.59973
24,14,29.034985
24,15,29.348398
24,16,29.568752
24,17,29.720028
24,18,29.821438
24,19,29.88784
24,2,7.2045174
24,20,29.930338
24,21,29.956963
24,22,29.973343
24,23,29.9833
24,24,29.989359
24,25,29.99312
24,26,29.99558
24,27,29.99734
24,28,29.998741
24,29,30.0
24,3,10.60306
24,4,13.772487
24,5,16.660198
24,6,19.23058
24,7,21.465708
24,8,23.364365
24,9,24.939861
25,0,0.0
25,1,3.6445346
25,10,26.219582
25,11,27.230627
25,12,28.012373
25,13,28.602674
25,14,29.03796
25,15,29.351376
25,16,29.571718
25,17,29.722961
25,18,29.824318
25,19,29.89064
25,2,7.2052884
25,20,29.933031
25,21,29.95951
25,22,29.975706
25,23,29.985441
25,24,29.991226
25,25,29.994677
25,26,29.99679
25,27,29.998161
25,28,29.99916
25,29,30.0
25,3,10.60419
25,4,13.773956
25,5,16.661964
25,6,19.23262
25,7,21.467972
25,8,23.366825
25,9,24.942472
26,0,0.0
26,1,3.6447496
26,10,26.221087
26,11,27.232185
26,12,28.013966
26,13,28.604298
26,14,29.039595
26,15,29.353014
26,16,29.573349
26,17,29.724577
26,18,29.825901
26,19,29.892181
26,2,7.2057123
26,20,29.934507
26,21,29.960909
26,22,29.977005
26,23,29.986614
26,24,29.992252
26,25,29.995535
26,26,29.997448
26,27,29.998615
26,28,29.999388
26,29,30.0
26,3,10.604815
26,4,13.774764
26,5,16.662945
26,6,19.23374
26,7,21.469221
26,8,23.36818
26,9,24.943913
27,0,0.0
27,1,3.6448655
27,10,26.221897
27,11,27.233023
27,12,28.014824
27,13,28.605165
27,14,29.04047
27,15,29.353893
27,16,29.574224
27,17,29.725441
27,18,29.826752
27,19,29.893007
27,2,7.205941
27,20,29.9353
27,21,29.961658
27,22,29.977701
27,23,29.987244
27,24,29.992802
27,25,29.995989
27,26,29.997807
27,27,29.998854
27,28,29.999512
27,29,30.0
27,3,10.60515
27,4,13.775199
27,5,16.663467
27,6,19.234344
27,7,21.46989
27,8,23.368904
27,9,24.944685
28,0,0.0
28,1,3.6449258
28,10,26.222319
28,11,27.23346
28,12,28.01527
28,13,28.605618
28,14,29.040928
28,15,29.354351
28,16,29.574682
28,17,29.725893
28,18,29.827194
28,19,29.893438
28,2,7.2060604
28,20,29.935715
28,21,29.962051
28,22,29.978062
28,23,29.987572
28,24,29.99309
28,25,29.99623
28,26,29.99799
28,27,29.998985
28,28,29.999577
28,29,30.0
28,3,10.605325
28,4,13.775427
28,5,16.663742
28,6,19.234661
28,7,21.470243
28,8,23.369286
28,9,24.945091
29,0,0.0
29,1,3.6449568
29,10,26.222534
29,11,27.233685
29,12,28.0155
29,13,28.60585
29,14,29.04116
29,15,29.354586
29,16,29.574913
29,17,29.726124
29,18,29.827421
29,19,29.893658
29,2,7.206121
29,20,29.935926
29,21,29.96225
29,22,29.978249
29,23,29.987738
29,24,29.993235
29,25,29.99635
29,26,29.998083
29,27,29.999046
29,28,29.99961
29,29,30.0
29,3,10.605415
29,4,13.775543
29,5,16.663883
29,6,19.234821
29,7,21.470423
29,8,23.36948
29,9,24.945297
3,0,0.0
3,1,1.2850549
3,10,9.262852
3,11,9.624363
3,12,9.907178
3,13,10.125058
3,14,10.293236
3,15,10.425881
3,16,10.537699
3,17,10.643589
3,18,10.759831
3,19,10.906042
3,2,2.5408878
3,20,11.106525
3,21,11.395142
3,22,11.818646
3,23,12.446793
3,24,13.382171
3,25,14.780443
3,26,16.86913
3,27,19.956526
3,28,24.350851
3,29,30.0
3,3,3.7396474
3,4,4.858455
3,5,5.8778553
3,6,6.7864523
3,7,7.5766864
3,8,8.249411
3,9,8.808124
30,0,0.0
30,1,3.6449723
30,10,26.222645
30,11,27.233791
30,12,28.015614
30,13,28.605965
30,14,29.041277
30,15,29.3547
30,16,29.57503
30,17,29.726236
30,18,29.827534
30,19,29.893764
30,2,7.206152
30,20,29.93603
30,21,29.962349
30,22,29.97834
30,23,29.987823
30,24,29.993309
30,25,29.99641
30,26,29.99813
30,27,29.99908
30,28,29.999624
30,29,30.0
30,3,10.60546
30,4,13.775602
30,5,16.663952
30,6,19.234905
30,7,21.470512
30,8,23.36958
30,9,24.945396
31,0,0.0
31,1,3.6449797
31,10,26.222692
31,11,27.233849
31,12,28.015665
31,13,28.606022
31,14,29.04133
31,15,29.354757
31,16,29.575085
31,17,29.726292
31,18,29.827585
31,19,29.893818
31,2,7.206167
31,20,29.93608
31,21,29.962395
31,22,29.978386
31,23,29.987862
31,24,29.993343
31,25,29.99644
31,26,29.998154
31,27,29.999096
31,28,29.999634
31,29,30.0
31,3,10.605482
31,4,13.775629
31,5,16.663988
31,6,19.234943
31,7,21.470554
31,8,23.369623
31,9,24.94545
32,0,0.0
32,1,3.6449833
32,10,26.22272
32,11,27.233871
32,12,28.015694
32,13,28.606045
32,14,29.04136
32,15,29.354784
32,16,29.575111
32,17,29.726316
32,18,29.82761
32,19,29.89384
32,2,7.206174
32,20,29.936104
32,21,29.96242
32,22,29.978405
32,23,29.987883
32,24,29.993362
32,25,29.996454
32,26,29.998165
32,27,29.999104
32,28,29.999638
32,29,30.0
32,3,10.605493
32,4,13.775644
32,5,16.664001
32,6,19.234962
32,7,21.470575
32,8,23.369648
32,9,24.94547
33,0,0.0
33,1,3.6449852
33,10,26.222729
33,11,27.233885
33,12,28.015705
33,13,28.60606
33,14,29.04137
33,15,29.354795
33,16,29.575123
33,17,29.72633
33,18,29.827623
33,19,29.893852
33,2,7.2061777
33,20,29.936115
33,21,29.96243
33,22,29.978418
33,23,29.98789
33,24,29.99337
33,25,29.99646
33,26,29.99817
33,27,29.999104
33,28,29.999638
33,29,30.0
33,3,10.605497
33,4,13.775649
33,5,16.664013
33,6,19.23497
33,7,21.470587
33,8,23.369656
33,9,24.945482
34,0,0.0
34,1,3.6449862
34,10,26.222734
34,11,27.23389
34,12,28.015709
34,13,28.606064
34,14,29.041374
34,15,29.354801
34,16,29.575129
34,17,29.726336
34,18,29.82763
34,19,29.89386
34,2,7.206179
34,20,29.93612
34,21,29.962437
34,22,29.978418
34,23,29.987896
34,24,29.993372
34,25,29.996464
34,26,29.99817
34,27,29.99911
34,28,29.99964
34,29,30.0
34,3,10.605499
34,4,13.775652
34,5,16.664013
34,6,19.234974
34,7,21.470589
34,8,23.369661
34,9,24.945486
35,0,0.0
35,1,3.6449862
35,10,26.222736
35,11,27.23389
35,12,28.015715
35,13,28.606066
35,14,29.04138
35,15,29.354801
35,16,29.57513
35,17,29.726337
35,18,29.827631
35,19,29.893862
35,2,7.2061796
35,20,29.936125
35,21,29.962437
35,22,29.978424
35,23,29.987894
35,24,29.993376
35,25,29.996464
35,26,29.998173
35,27,29.99911
35,28,29.999641
35,29,30.0
35,3,10.605501
35,4,13.775654
35,5,16.664015
35,6,19.234974
35,7,21.470592
35,8,23.369663
35,9,24.94549
36,0,0.0
36,1,3.6449862
36,10,26.222736
36,11,27.233894
36,12,28.015715
36,13,28.606068
36,14,29.04138
36,15,29.354803
36,16,29.575132
36,17,29.726337
36,18,29.827633
36,19,29.893864
36,2,7.2061796
36,20,29.936123
36,21,29.962439
36,22,29.978422
36,23,29.987898
36,24,29.993372
36,25,29.996466
36,26,29.998173
36,27,29.999111
36,28,29.999641
36,29,30.0
36,3,10.605501
36,4,13.775654
36,5,16.664015
36,6,19.234974
36,7,21.470592
36,8,23.369663
36,9,24.945492
37,0,0.0
37,1,3.6449862
37,10,26.22274
37,11,27.233892
37,12,28.015717
37,13,28.606068
37,14,29.04138
37,15,29.354803
37,16,29.575132
37,17,29.726337
37,18,29.827631
37,19,29.893864
37,2,7.2061796
37,20,29.936123
37,21,29.962437
37,22,29.978422
37,23,29.987896
37,24,29.993374
37,25,29.996466
37,26,29.998173
37,27,29.999111
37,28,29.999641
37,29,30.0
37,3,10.605501
37,4,13.775654
37,5,16.664015
37,6,19.234976
37,7,21.470592
37,8,23.369665
37,9,24.94549
38,0,0.0
38,1,3.6449862
38,10,26.22274
38,11,27.233894
38,12,28.015715
38,13,28.606068
38,14,29.04138
38,15,29.354803
38,16,29.575132
38,17,29.726337
38,18,29.827633
38,19,29.893862
38,2,7.2061796
38,20,29.936123
38,21,29.962437
38,22,29.978422
38,23,29.987896
38,24,29.993374
38,25,29.996464
38,26,29.998173
38,27,29.999111
38,28,29.999641
38,29,30.0
38,3,10.605501
38,4,13.775654
38,5,16.664017
38,6,19.234976
38,7,21.470592
38,8,23.369665
38,9,24.945492
39,0,0.0
39,1,3.6449862
39,10,26.22274
39,11,27.233894
39,12,28.015717
39,13,28.606068
39,14,29.04138
39,15,29.354803
39,16,29.575132
39,17,29.72634
39,18,29.82763
39,19,29.893862
39,2,7.2061796
39,20,29.936123
39,21,29.962439
39,22,29.97842
39,23,29.987896
39,24,29.993372
39,25,29.996466
39,26,29.998173
39,27,29.999111
39,28,29.999641
39,29,30.0
39,3,10.605501
39,4,13.775654
39,5,16.664015
39,6,19.234976
39,7,21.470592
39,8,23.369665
39,9,24.94549
4,0,0.0
4,1,1.6695215
4,10,12.031775
4,11,12.50153
4,12,12.867821
4,13,13.150232
4,14,13.3669195
4,15,13.536866
4,16,13.678023
4,17,13.808846
4,18,13.949075
4,19,14.120788
4,2,3.3006682
4,20,14.351778
4,21,14.676762
4,22,15.143598
4,23,15.815735
4,24,16.78106
4,25,18.153856
4,26,20.075756
4,27,22.688202
4,28,26.05583
4,29,30.0
4,3,4.858424
4,4,6.3111897
4,5,7.6361284
4,6,8.815565
4,7,9.842804
4,8,10.715735
4,9,11.44204
40,0,0.0
40,1,3.6449862
40,10,26.222736
40,11,27.233894
40,12,28.015713
40,13,28.60607
40,14,29.041378
40,15,29.354805
40,16,29.575132
40,17,29.726337
40,18,29.827633
40,19,29.89386
40,2,7.2061796
40,20,29.936123
40,21,29.962439
40,22,29.978422
40,23,29.987894
40,24,29.993374
40,25,29.996464
40,26,29.998173
40,27,29.999107
40,28,29.999641
40,29,30.0
40,3,10.6055
40,4,13.775654
40,5,16.664017
40,6,19.234974
40,7,21.470592
40,8,23.369663
40,9,24.945492
41,0,0.0
41,1,3.6449862
41,10,26.22274
41,11,27.23389
41,12,28.015717
41,13,28.606068
41,14,29.041382
41,15,29.354803
41,16,29.575132
41,17,29.726336
41,18,29.827631
41,19,29.89386
41,2,7.2061796
41,20,29.936123
41,21,29.962437
41,22,29.978424
41,23,29.987894
41,24,29.99337
41,25,29.996466
41,26,29.998173
41,27,29.99911
41,28,29.99964
41,29,30.0
41,3,10.605501
41,4,13.775654
41,5,16.664017
41,6,19.234976
41,7,21.470592
41,8,23.369665
41,9,24.94549
42,0,0.0
42,1,3.6449862
42,10,26.222736
42,11,27.233894
42,12,28.015713
42,13,28.606071
42,14,29.041378
42,15,29.354805
42,16,29.575132
42,17,29.726337
42,18,29.82763
42,19,29.893862
42,2,7.2061796
42,20,29.936123
42,21,29.962437
42,22,29.97842
42,23,29.987896
42,24,29.993374
42,25,29.996466
42,26,29.998173
42,27,29.999107
42,28,29.999641
42,29,30.0
42,3,10.6055
42,4,13.775654
42,5,16.664015
42,6,19.234974
42,7,21.470592
42,8,23.369663
42,9,24.94549
43,0,0.0
43,1,3.6449862
43,10,26.22274
43,11,27.23389
43,12,28.015717
43,13,28.606068
43,14,29.041382
43,15,29.354803
43,16,29.575132
43,17,29.726336
43,18,29.827633
43,19,29.89386
43,2,7.2061796
43,20,29.936123
43,21,29.962437
43,22,29.978422
43,23,29.987894
43,24,29.993372
43,25,29.996464
43,26,29.998173
43,27,29.99911
43,28,29.999641
43,29,30.0
43,3,10.6055
43,4,13.775653
43,5,16.664015
43,6,19.234974
43,7,21.470592
43,8,23.369663
43,9,24.94549
44,0,0.0
44,1,3.6449862
44,10,26.222736
44,11,27.233894
44,12,28.015713
44,13,28.60607
44,14,29.04138
44,15,29.354805
44,16,29.575132
44,17,29.726337
44,18,29.827627
44,19,29.893864
44,2,7.2061796
44,20,29.936121
44,21,29.962437
44,22,29.97842
44,23,29.987898
44,24,29.99337
44,25,29.996466
44,26,29.998173
44,27,29.999107
44,28,29.999641
44,29,30.0
44,3,10.6055
44,4,13.775653
44,5,16.664015
44,6,19.234974
44,7,21.470592
44,8,23.369665
44,9,24.945488
45,0,0.0
45,1,3.644986
45,10,26.222736
45,11,27.233892
45,12,28.015715
45,13,28.606068
45,14,29.041382
45,15,29.354805
45,16,29.575132
45,17,29.726336
45,18,29.827633
45,19,29.89386
45,2,7.2061796
45,20,29.936125
45,21,29.962437
45,22,29.978424
45,23,29.987894
45,24,29.993376
45,25,29.996464
45,26,29.998173
45,27,29.999107
45,28,29.99964
45,29,30.0
45,3,10.6055
45,4,13.775653
45,5,16.664015
45,6,19.234974
45,7,21.470592
45,8,23.369663
45,9,24.94549
46,0,0.0
46,1,3.6449862
46,10,26.222736
46,11,27.233894
46,12,28.015713
46,13,28.606068
46,14,29.041378
46,15,29.354805
46,16,29.575132
46,17,29.726337
46,18,29.82763
46,19,29.893862
46,2,7.2061796
46,20,29.936121
46,21,29.962437
46,22,29.97842
46,23,29.987898
46,24,29.99337
46,25,29.996466
46,26,29.99817
46,27,29.999107
46,28,29.999638
46,29,30.0
46,3,10.6055
46,4,13.775653
46,5,16.664015
46,6,19.234974
46,7,21.47059
46,8,23.369665
46,9,24.945488
47,0,0.0
47,1,3.6449862
47,10,26.222738
47,11,27.23389
47,12,28.015715
47,13,28.606068
47,14,29.041382
47,15,29.354803
47,16,29.575132
47,17,29.726337
47,18,29.827633
47,19,29.89386
47,2,7.2061796
47,20,29.936123
47,21,29.962437
47,22,29.978424
47,23,29.987892
47,24,29.993374
47,25,29.996462
47,26,29.998173
47,27,29.999105
47,28,29.99964
47,29,30.0
47,3,10.6055
47,4,13.775653
47,5,16.664015
47,6,19.234974
47,7,21.470592
47,8,23.369665
47,9,24.94549
48,0,0.0
48,1,3.6449862
48,10,26.222736
48,11,27.233892
48,12,28.01571
48,13,28.606068
48,14,29.041378
48,15,29.354803
48,16,29.57513
48,17,29.726337
48,18,29.827631
48,19,29.89386
48,2,7.2061796
48,20,29.936123
48,21,29.962437
48,22,29.97842
48,23,29.987896
48,24,29.993372
48,25,29.996466
48,26,29.99817
48,27,29.999107
48,28,29.999638
48,29,30.0
48,3,10.6055
48,4,13.775653
48,5,16.664015
48,6,19.234974
48,7,21.470592
48,8,23.369663
48,9,24.94549
49,0,0.0
49,1,3.6449862
49,10,26.222736
49,11,27.23389
49,12,28.015713
49,13,28.606068
49,14,29.04138
49,15,29.354803
49,16,29.575132
49,17,29.726337
49,18,29.827633
49,19,29.89386
49,2,7.2061796
49,20,29.936123
49,21,29.962437
49,22,29.978422
49,23,29.987896
49,24,29.993372
49,25,29.996466
49,26,29.998173
49,27,29.999105
49,28,29.999638
49,29,30.0
49,3,10.6055
49,4,13.775653
49,5,16.664015
49,6,19.234974
49,7,21.47059
49,8,23.369663
49,9,24.945488
5,0,0.0
5,1,2.019813
5,10,14.555489
5,11,15.122532
5,12,15.565296
5,13,15.905186
5,14,16.165443
5,15,16.367432
5,16,16.532642
5,17,16.681942
5,18,16.836792
5,19,17.02119
5,2,3.9936357
5,20,17.262224
5,21,17.594276
5,22,18.059017
5,23,18.710869
5,24,19.615135
5,25,20.849684
5,26,22.492033
5,27,24.597708
5,28,27.150013
5,29,30.0
5,3,5.8777533
5,4,7.636047
5,5,9.238103
5,6,10.665792
5,7,11.907458
5,8,12.964195
5,9,13.84171
50,0,0.0
50,1,3.6449862
50,10,26.222738
50,11,27.233892
50,12,28.015715
50,13,28.606068
50,14,29.04138
50,15,29.354803
50,16,29.57513
50,17,29.726337
50,18,29.82763
50,19,29.893864
50,2,7.2061796
50,20,29.936121
50,21,29.962437
50,22,29.978422
50,23,29.987894
50,24,29.993374
50,25,29.996464
50,26,29.998173
50,27,29.999105
50,28,29.999638
50,29,30.0
50,3,10.6055
50,4,13.775654
50,5,16.664015
50,6,19.234974
50,7,21.47059
50,8,23.369663
50,9,24.94549
51,0,0.0
51,1,3.6449862
51,10,26.222736
51,11,27.233894
51,12,28.015713
51,13,28.60607
51,14,29.041382
51,15,29.354803
51,16,29.575132
51,17,29.726336
51,18,29.827633
51,19,29.89386
51,2,7.2061796
51,20,29.936123
51,21,29.962435
51,22,29.978422
51,23,29.987896
51,24,29.993374
51,25,29.996466
51,26,29.998173
51,27,29.999107
51,28,29.999638
51,29,30.0
51,3,10.605501
51,4,13.775654
51,5,16.664015
51,6,19.234974
51,7,21.470592
51,8,23.369663
51,9,24.94549
52,0,0.0
52,1,3.6449862
52,10,26.222736
52,11,27.23389
52,12,28.015713
52,13,28.60607
52,14,29.041378
52,15,29.354805
52,16,29.57513
52,17,29.726337
52,18,29.82763
52,19,29.89386
52,2,7.2061796
52,20,29.936123
52,21,29.962437
52,22,29.97842
52,23,29.987894
52,24,29.993374
52,25,29.996466
52,26,29.99817
52,27,29.999107
52,28,29.999638
52,29,30.0
52,3,10.605501
52,4,13.775654
52,5,16.664017
52,6,19.234974
52,7,21.470592
52,8,23.369665
52,9,24.945488
53,0,0.0
53,1,3.6449862
53,10,26.222734
53,11,27.233894
53,12,28.015713
53,13,28.606068
53,14,29.04138
53,15,29.354803
53,16,29.575132
53,17,29.726336
53,18,29.827631
53,19,29.893862
53,2,7.2061796
53,20,29.936123
53,21,29.962437
53,22,29.978422
53,23,29.987894
53,24,29.993374
53,25,29.996464
53,26,29.998173
53,27,29.999107
53,28,29.999641
53,29,30.0
53,3,10.6055
53,4,13.775654
53,5,16.664015
53,6,19.234974
53,7,21.470592
53,8,23.369663
53,9,24.94549
54,0,0.0
54,1,3.6449862
54,10,26.222738
54,11,27.23389
54,12,28.015713
54,13,28.606068
54,14,29.04138
54,15,29.354803
54,16,29.57513
54,17,29.726337
54,18,29.82763
54,19,29.89386
54,2,7.2061796
54,20,29.936123
54,21,29.962439
54,22,29.97842
54,23,29.987898
54,24,29.993374
54,25,29.996466
54,26,29.99817
54,27,29.999107
54,28,29.999638
54,29,30.0
54,3,10.605501
54,4,13.775653
54,5,16.664015
54,6,19.234974
54,7,21.47059
54,8,23.369665
54,9,24.945488
55,0,0.0
55,1,3.6449862
55,10,26.222736
55,11,27.23389
55,12,28.015713
55,13,28.60607
55,14,29.041378
55,15,29.354803
55,16,29.575132
55,17,29.726337
55,18,29.827631
55,19,29.89386
55,2,7.2061796
55,20,29.936123
55,21,29.962435
55,22,29.978422
55,23,29.987896
55,24,29.993374
55,25,29.996464
55,26,29.998173
55,27,29.999107
55,28,29.99964
55,29,30.0
55,3,10.605501
55,4,13.775654
55,5,16.664017
55,6,19.234974
55,7,21.470592
55,8,23.369663
55,9,24.94549
56,0,0.0
56,1,3.6449862
56,10,26.222736
56,11,27.23389
56,12,28.015713
56,13,28.606068
56,14,29.04138
56,15,29.354803
56,16,29.575132
56,17,29.726337
56,18,29.827631
56,19,29.89386
56,2,7.2061796
56,20,29.936121
56,21,29.962437
56,22,29.978424
56,23,29.987896
56,24,29.993374
56,25,29.996466
56,26,29.998173
56,27,29.999107
56,28,29.999638
56,29,30.0
56,3,10.6055
56,4,13.775656
56,5,16.664015
56,6,19.234976
56,7,21.47059
56,8,23.369665
56,9,24.945488
57,0,0.0
57,1,3.6449862
57,10,26.222736
57,11,27.23389
57,12,28.015713
57,13,28.606068
57,14,29.041378
57,15,29.354803
57,16,29.57513
57,17,29.726337
57,18,29.82763
57,19,29.89386
57,2,7.2061787
57,20,29.936123
57,21,29.962437
57,22,29.978422
57,23,29.987896
57,24,29.993374
57,25,29.996466
57,26,29.998173
57,27,29.999107
57,28,29.99964
57,29,30.0
57,3,10.605501
57,4,13.775653
57,5,16.664017
57,6,19.234974
57,7,21.470592
57,8,23.369665
57,9,24.94549
58,0,0.0
58,1,3.6449857
58,10,26.22274
58,11,27.23389
58,12,28.015715
58,13,28.606068
58,14,29.04138
58,15,29.354803
58,16,29.575132
58,17,29.726337
58,18,29.827631
58,19,29.89386
58,2,7.2061796
58,20,29.936123
58,21,29.962435
58,22,29.978422
58,23,29.987894
58,24,29.993374
58,25,29.996466
58,26,29.998173
58,27,29.999107
58,28,29.999641
58,29,30.0
58,3,10.605499
58,4,13.775654
58,5,16.664015
58,6,19.234976
58,7,21.470592
58,8,23.369665
58,9,24.94549
59,0,0.0
59,1,3.6449862
59,10,26.222736
59,11,27.233894
59,12,28.015713
59,13,28.60607
59,14,29.041378
59,15,29.354805
59,16,29.57513
59,17,29.726337
59,18,29.827631
59,19,29.89386
59,2,7.2061787
59,20,29.936123
59,21,29.962437
59,22,29.97842
59,23,29.987896
59,24,29.993372
59,25,29.996466
59,26,29.998173
59,27,29.999111
59,28,29.99964
59,29,30.0
59,3,10.605501
59,4,13.775652
59,5,16.664017
59,6,19.234974
59,7,21.470592
59,8,23.369663
59,9,24.94549
6,0,0.0
6,1,2.3320284
6,10,16.801636
6,11,17.456146
6,12,17.965582
6,13,18.356659
6,14,18.654133
6,15,18.883215
6,16,19.067104
6,17,19.22853
6,18,19.390224
6,19,19.575508
6,2,4.610453
6,20,19.811123
6,21,20.126665
6,22,20.55867
6,23,21.148146
6,24,21.9432
6,25,22.99137
6,26,24.333708
6,27,25.98421
6,28,27.908344
6,29,30.0
6,3,6.786208
6,4,8.815312
6,5,10.665607
6,6,12.312682
6,7,13.746859
6,8,14.9655075
6,9,15.979009
60,0,0.0
60,1,3.6449857
60,10,26.222738
60,11,27.23389
60,12,28.015717
60,13,28.606068
60,14,29.041382
60,15,29.354803
60,16,29.575132
60,17,29.726337
60,18,29.82763
60,19,29.89386
60,2,7.2061796
60,20,29.936123
60,21,29.962437
60,22,29.978422
60,23,29.987892
60,24,29.993372
60,25,29.996466
60,26,29.998173
60,27,29.999107
60,28,29.999641
60,29,30.0
60,3,10.605499
60,4,13.775654
60,5,16.664013
60,6,19.234974
60,7,21.470589
60,8,23.369665
60,9,24.945488
61,0,0.0
61,1,3.6449862
61,10,26.222736
61,11,27.233894
61,12,28.015713
61,13,28.606068
61,14,29.041382
61,15,29.354803
61,16,29.575132
61,17,29.726337
61,18,29.82763
61,19,29.893862
61,2,7.2061787
61,20,29.936121
61,21,29.962437
61,22,29.97842
61,23,29.987896
61,24,29.993372
61,25,29.996464
61,26,29.998173
61,27,29.99911
61,28,29.999641
61,29,30.0
61,3,10.605501
61,4,13.775652
61,5,16.664017
61,6,19.234972
61,7,21.470592
61,8,23.369661
61,9,24.94549
62,0,0.0
62,1,3.6449857
62,10,26.22274
62,11,27.233892
62,12,28.015717
62,13,28.60607
62,14,29.041382
62,15,29.354807
62,16,29.575132
62,17,29.726337
62,18,29.827633
62,19,29.89386
62,2,7.2061796
62,20,29.936123
62,21,29.962437
62,22,29.978422
62,23,29.987896
62,24,29.993374
62,25,29.996466
62,26,29.998173
62,27,29.999107
62,28,29.999641
62,29,30.0
62,3,10.605499
62,4,13.775655
62,5,16.664013
62,6,19.234976
62,7,21.47059
62,8,23.369665
62,9,24.94549
63,0,0.0
63,1,3.6449862
63,10,26.22274
63,11,27.233894
63,12,28.015715
63,13,28.60607
63,14,29.041382
63,15,29.354807
63,16,29.575134
63,17,29.726341
63,18,29.827633
63,19,29.893864
63,2,7.2061787
63,20,29.936123
63,21,29.962439
63,22,29.978424
63,23,29.987898
63,24,29.993374
63,25,29.996466
63,26,29.998173
63,27,29.999107
63,28,29.99964
63,29,30.0
63,3,10.605502
63,4,13.775652
63,5,16.664017
63,6,19.234974
63,7,21.470592
63,8,23.369663
63,9,24.945492
64,0,0.0
64,1,3.6449862
64,10,26.222742
64,11,27.233894
64,12,28.015718
64,13,28.606071
64,14,29.041386
64,15,29.354809
64,16,29.575134
64,17,29.726343
64,18,29.827635
64,19,29.893866
64,2,7.2061806
64,20,29.936127
64,21,29.96244
64,22,29.978424
64,23,29.987898
64,24,29.993378
64,25,29.996466
64,26,29.998173
64,27,29.999107
64,28,29.99964
64,29,30.0
64,3,10.6055
64,4,13.775657
64,5,16.664015
64,6,19.234978
64,7,21.470592
64,8,23.369667
64,9,24.945492
65,0,0.0
65,1,3.644987
65,10,26.222744
65,11,27.233904
65,12,28.015724
65,13,28.606077
65,14,29.04139
65,15,29.354813
65,16,29.575142
65,17,29.726349
65,18,29.82764
65,19,29.893871
65,2,7.2061806
65,20,29.93613
65,21,29.962444
65,22,29.97843
65,23,29.987904
65,24,29.99338
65,25,29.996468
65,26,29.998177
65,27,29.99911
65,28,29.999641
65,29,30.0
65,3,10.605503
65,4,13.775656
65,5,16.66402
65,6,19.234978
65,7,21.4706
65,8,23.369667
65,9,24.945498
66,0,0.0
66,1,3.6449888
66,10,26.22276
66,11,27.233913
66,12,28.015738
66,13,28.60609
66,14,29.041405
66,15,29.354826
66,16,29.575153
66,17,29.72636
66,18,29.827654
66,19,29.893879
66,2,7.206185
66,20,29.936142
66,21,29.962456
66,22,29.97844
66,23,29.987911
66,24,29.993387
66,25,29.996477
66,26,29.99818
66,27,29.999111
66,28,29.999643
66,29,30.0
66,3,10.605507
66,4,13.775664
66,5,16.664026
66,6,19.234991
66,7,21.470604
66,8,23.369682
66,9,24.945507
67,0,0.0
67,1,3.6449933
67,10,26.222784
67,11,27.23394
67,12,28.015762
67,13,28.60612
67,14,29.041431
67,15,29.354855
67,16,29.575184
67,17,29.726389
67,18,29.827679
67,19,29.89391
67,2,7.2061925
67,20,29.936165
67,21,29.962479
67,22,29.978462
67,23,29.987932
67,24,29.993404
67,25,29.99649
67,26,29.998192
67,27,29.999123
67,28,29.999645
67,29,30.0
67,3,10.60552
67,4,13.775678
67,5,16.664047
67,6,19.235006
67,7,21.47063
67,8,23.369703
67,9,24.945534
68,0,0.0
68,1,3.6450016
68,10,26.222843
68,11,27.234001
68,12,28.015823
68,13,28.606178
68,14,29.041492
68,15,29.354918
68,16,29.575245
68,17,29.726448
68,18,29.82774
68,19,29.893967
68,2,7.2062106
68,20,29.936222
68,21,29.962532
68,22,29.978512
68,23,29.987976
68,24,29.993443
68,25,29.996521
68,26,29.998219
68,27,29.999138
68,28,29.999657
68,29,30.0
68,3,10.605545
68,4,13.775711
68,5,16.664083
68,6,19.235054
68,7,21.470676
68,8,23.369759
68,9,24.94559
69,0,0.0
69,1,3.6450205
69,10,26.222965
69,11,27.234129
69,12,28.015953
69,13,28.606312
69,14,29.041624
69,15,29.355045
69,16,29.575375
69,17,29.726578
69,18,29.827866
69,19,29.894089
69,2,7.206247
69,20,29.93634
69,21,29.962643
69,22,29.978611
69,23,29.98807
69,24,29.993523
69,25,29.996592
69,26,29.99827
69,27,29.999174
69,28,29.999674
69,29,30.0
69,3,10.605598
69,4,13.775781
69,5,16.664167
69,6,19.235147
69,7,21.470785
69,8,23.369871
69,9,24.94571
7,0,0.0
7,1,2.6035202
7,10,18.755913
7,11,19.48497
7,12,20.052933
7,13,20.487118
7,14,20.816454
7,15,21.067255
7,16,21.265045
7,17,21.433468
7,18,21.595211
7,19,21.773499
7,2,5.1476583
7,20,21.991793
7,21,22.276918
7,22,22.656963
7,23,23.164312
7,24,23.830463
7,25,24.685682
7,26,25.748228
7,27,27.017218
7,28,28.458323
7,29,30.0
7,3,7.576168
7,4,9.842225
7,5,11.90691
7,6,13.746483
7,7,15.346308
7,8,16.707378
7,9,17.83741
70,0,0.0
70,1,3.6450586
70,10,26.22322
70,11,27.23439
70,12,28.016222
70,13,28.606579
70,14,29.041897
70,15,29.35532
70,16,29.575645
70,17,29.726845
70,18,29.828127
70,19,29.894344
70,2,7.2063227
70,20,29.936584
70,21,29.962873
70,22,29.978828
70,23,29.988262
70,24,29.993694
70,25,29.996729
70,26,29.99838
70,27,29.999249
70,28,29.999712
70,29,30.0
70,3,10.60571
70,4,13.775924
70,5,16.66434
70,6,19.235346
70,7,21.471
70,8,23.370106
70,9,24.945953
71,0,0.0
71,1,3.6451364
71,10,26.223736
71,11,27.23492
71,12,28.016758
71,13,28.607128
71,14,29.042442
71,15,29.35587
71,16,29.576187
71,17,29.727383
71,18,29.828653
71,19,29.894855
71,2,7.2064757
71,20,29.937077
71,21,29.963339
71,22,29.97926
71,23,29.988653
71,24,29.994032
71,25,29.997017
71,26,29.998596
71,27,29.9994
71,28,29.999786
71,29,30.0
71,3,10.605933
71,4,13.776213
71,5,16.664684
71,6,19.23574
71,7,21.47144
71,8,23.370575
71,9,24.946451
72,0,0.0
72,1,3.6452894
72,10,26.224752
72,11,27.23596
72,12,28.017822
72,13,28.608198
72,14,29.043524
72,15,29.356943
72,16,29.577261
72,17,29.72844
72,18,29.829693
72,19,29.89586
72,2,7.2067766
72,20,29.938042
72,21,29.964252
72,22,29.980106
72,23,29.989416
72,24,29.994705
72,25,29.99757
72,26,29.999031
72,27,29.999691
72,28,29.999935
72,29,30.0
72,3,10.606375
72,4,13.77678
72,5,16.665365
72,6,19.236519
72,7,21.472296
72,8,23.3715
72,9,24.947426
73,0,0.0
73,1,3.645583
73,10,26.226692
73,11,27.237959
73,12,28.01985
73,13,28.610252
73,14,29.045586
73,15,29.359009
73,16,29.579308
73,17,29.730463
73,18,29.831675
73,19,29.897787
73,2,7.207355
73,20,29.939892
73,21,29.966
73,22,29.981728
73,23,29.990883
73,24,29.995981
73,25,29.998638
73,26,29.999855
73,27,30.000257
73,28,30.000221
73,29,30.0
73,3,10.607222
73,4,13.77787
73,5,16.666672
73,6,19.23801
73,7,21.473944
73,8,23.37327
73,9,24.949297
74,0,0.0
74,1,3.6461322
74,10,26.230324
74,11,27.241684
74,12,28.02365
74,13,28.61409
74,14,29.049438
74,15,29.362856
74,16,29.583134
74,17,29.73424
74,18,29.835379
74,19,29.901384
74,2,7.208438
74,20,29.943344
74,21,29.969267
74,22,29.984756
74,23,29.993622
74,24,29.998379
74,25,30.00063
74,26,30.001404
74,27,30.001308
74,28,30.00076
74,29,30.0
74,3,10.608804
74,4,13.779911
74,5,16.669117
74,6,19.2408
74,7,21.47702
74,8,23.37658
74,9,24.952787
75,0,0.0
75,1,3.6471355
75,10,26.236935
75,11,27.248478
75,12,28.030556
75,13,28.62107
75,14,29.05645
75,15,29.369864
75,16,29.590096
75,17,29.741116
75,18,29.842117
75,19,29.907932
75,2,7.210413
75,20,29.94963
75,21,29.975214
75,22,29.99027
75,23,29.998611
75,24,30.002735
75,25,30.004265
75,26,30.004213
75,27,30.003235
75,28,30.001732
75,29,30.0
75,3,10.611693
75,4,13.783633
75,5,16.673574
75,6,19.24589
75,7,21.482632
75,8,23.382614
75,9,24.959148
76,0,0.0
76,1,3.6489236
76,10,26.248676
76,11,27.260532
76,12,28.042824
76,13,28.633465
76,14,29.068901
76,15,29.382298
76,16,29.602451
76,17,29.753315
76,18,29.85408
76,19,29.919552
76,2,7.213932
76,20,29.960796
76,21,29.985767
76,22,30.000072
76,23,30.00747
76,24,30.010487
76,25,30.010717
76,26,30.00922
76,27,30.006649
76,28,30.003468
76,29,30.0
76,3,10.616842
76,4,13.79026
76,5,16.681513
76,6,19.254944
76,7,21.492617
76,8,23.393341
76,9,24.970459
77,0,0.0
77,1,3.6520338
77,10,26.26903
77,11,27.281414
77,12,28.064072
77,13,28.654922
77,14,29.090446
77,15,29.403822
77,16,29.623833
77,17,29.774435
77,18,29.874783
77,19,29.93968
77,2,7.2200603
77,20,29.980114
77,21,30.004066
77,22,30.01704
77,23,30.022842
77,24,30.023912
77,25,30.021927
77,26,30.017899
77,27,30.012585
77,28,30.006474
77,29,30.0
77,3,10.6257925
77,4,13.80179
77,5,16.695301
77,6,19.270672
77,7,21.50994
77,8,23.411953
77,9,24.990059
78,0,0.0
78,1,3.6573243
78,10,26.303432
78,11,27.316713
78,12,28.099958
78,13,28.691166
78,14,29.126835
78,15,29.44016
78,16,29.659943
78,17,29.810093
78,18,29.90977
78,19,29.973665
78,2,7.230464
78,20,30.01279
78,21,30.034977
78,22,30.045769
78,23,30.048817
78,24,30.04667
78,25,30.040878
78,26,30.03262
78,27,30.022627
78,28,30.01158
78,29,30.0
78,3,10.641006
78,4,13.821347
78,5,16.7187
78,6,19.297323
78,7,21.539295
78,8,23.443449
78,9,25.023233
79,0,0.0
79,1,3.666103
79,10,26.360222
79,11,27.37492
79,12,28.159126
79,13,28.750889
79,14,29.18678
79,15,29.500038
79,16,29.719421
79,17,29.868866
79,18,29.967394
79,19,30.029722
79,2,7.2477493
79,20,30.066639
79,21,30.086018
79,22,30.093145
79,23,30.091778
79,24,30.084234
79,25,30.072262
79,26,30.05694
79,27,30.039274
79,28,30.020018
79,29,30.0
79,3,10.66623
79,4,13.853798
79,5,16.75745
79,6,19.341463
79,7,21.58783
79,8,23.495522
79,9,25.077991
8,0,0.0
8,1,2.8345761
8,10,20.4158
8,11,21.209114
8,12,21.82542
8,13,22.296375
8,14,22.651386
8,15,22.919577
8,16,23.127077
8,17,23.29826
8,18,23.45589
8,19,23.621298
8,2,5.6039944
8,20,23.816532
8,21,24.063019
8,22,24.384417
8,23,24.803076
8,24,25.341784
8,25,26.017103
8,26,26.83804
8,27,27.796947
8,28,28.867174
8,29,30.0
8,3,8.248394
8,4,10.714546
8,5,12.96298
8,6,14.964432
8,7,16.706678
8,8,18.186975
8,9,19.417452
80,0,0.0
80,1,3.6803617
80,10,26.451668
80,11,27.468624
80,12,28.254303
80,13,28.846931
80,14,29.283173
80,15,29.596275
80,16,29.815063
80,17,29.963326
80,18,30.060114
80,19,30.11986
80,2,7.275773
80,20,30.153381
80,21,30.168158
80,22,30.169575
80,23,30.160992
80,24,30.144932
80,25,30.12289
80,26,30.096292
80,27,30.066147
80,28,30.033684
80,29,30.0
80,3,10.707155
80,4,13.906335
80,5,16.820202
80,6,19.412792
80,7,21.66625
80,8,23.579502
80,9,25.166298
81,0,0.0
81,1,3.7029796
81,10,26.595509
81,11,27.615837
81,12,28.40377
81,13,28.997683
81,14,29.434406
81,15,29.747293
81,16,29.965084
81,17,30.111614
81,18,30.205603
81,19,30.261505
81,2,7.3202615
81,20,30.289606
81,21,30.297443
81,22,30.289774
81,23,30.270138
81,24,30.24054
81,25,30.202871
81,26,30.158365
81,27,30.10867
81,28,30.055258
81,29,30.0
81,3,10.771992
81,4,13.989584
81,5,16.919403
81,6,19.525532
81,7,21.789925
81,8,23.711895
81,9,25.305244
82,0,0.0
82,1,3.7381268
82,10,26.816322
82,11,27.841713
82,12,28.632875
82,13,29.228653
82,14,29.666056
82,15,29.978529
82,16,30.194895
82,17,30.338694
82,18,30.428663
82,19,30.478592
82,2,7.3892684
82,20,30.498787
82,21,30.495876
82,22,30.474731
82,23,30.437983
82,24,30.388006
82,25,30.326117
82,26,30.254305
82,27,30.174288
82,28,30.088644
82,29,30.0
82,3,10.872582
82,4,14.118433
82,5,17.072887
82,6,19.69952
82,7,21.980667
82,8,23.915623
82,9,25.51892
83,0,0.0
83,1,3.7915378
83,10,27.147562
83,11,28.180025
83,12,28.975819
83,13,29.574137
83,14,30.012413
83,15,30.324284
83,16,30.538425
83,17,30.678417
83,18,30.762302
83,19,30.803823
83,2,7.494171
83,20,30.812119
83,21,30.793806
83,22,30.752377
83,23,30.690681
83,24,30.60994
83,25,30.512188
83,26,30.399033
83,27,30.273567
83,28,30.13908
83,29,30.0
83,3,11.025146
83,4,14.313759
83,5,17.304916
83,6,19.962296
83,7,22.26797
83,8,24.222164
83,9,25.839718
84,0,0.0
84,1,3.8711495
84,10,27.63272
84,11,28.67508
84,12,29.477018
84,13,30.078747
84,14,30.518097
84,15,30.828915
84,16,31.04002
84,17,31.174395
84,18,31.25
84,19,31.279251
84,2,7.6502237
84,20,31.271109
84,21,31.230316
84,22,31.160322
84,23,31.062046
84,24,30.937157
84,25,30.78651
84,26,30.613096
84,27,30.420301
84,28,30.213823
84,29,30.0
84,3,11.251985
84,4,14.603345
84,5,17.64848
84,6,20.350166
84,7,22.691404
84,8,24.67269
84,9,26.310575
85,0,0.0
85,1,3.987414
85,10,28.327301
85,11,29.382479
85,12,30.192526
85,13,30.79845
85,14,31.238964
85,15,31.548275
85,16,31.754932
85,17,31.881897
85,18,31.94579
85,19,31.958729
85,2,7.8780584
85,20,31.927376
85,21,31.856112
85,22,31.745552
85,23,31.596586
85,24,31.408478
85,25,31.183064
85,26,30.922604
85,27,30.633135
85,28,30.322144
85,29,30.0
85,3,11.582239
85,4,15.02431
85,5,18.146147
85,6,20.910866
85,7,23.301394
85,8,25.320454
85,9,26.985668
86,0,0.0
86,1,4.154286
86,10,29.298649
86,11,30.37029
86,12,31.190083
86,13,31.801025
86,14,32.242615
86,15,32.54949
86,16,32.750374
86,17,32.867126
86,18,32.91605
86,19,32.90675
86,2,8.204277
86,20,32.845238
86,21,32.73221
86,22,32.56763
86,23,32.348454
86,24,32.074047
86,25,31.743721
86,26,31.361877
86,27,30.935299
86,28,30.476368
86,29,30.0
86,3,12.054353
86,4,15.6238
86,5,18.853
86,6,21.70391
86,7,24.161806
86,8,26.230785
86,9,27.932314
87,0,0.0
87,1,4.389632
87,10,30.626818
87,11,31.717716
87,12,32.548943
87,13,33.165104
87,14,33.607307
87,15,33.91075
87,16,34.103706
87,17,34.20784
87,18,34.237076
87,19,34.200172
87,2,8.663767
87,20,34.09893
87,21,33.93277
87,22,33.69619
87,23,33.38501
87,24,32.9936
87,25,32.521904
87,26,31.972622
87,27,31.357046
87,28,30.691666
87,29,30.0
87,3,12.716774
87,4,16.462282
87,5,19.836756
87,6,22.803532
87,7,25.349194
87,8,27.483019
87,9,29.229675
88,0,0.0
88,1,4.7169366
88,10,32.401516
88,11,33.51422
88,12,34.357075
88,13,34.978146
88,14,35.419884
88,15,35.718163
88,16,35.90139
88,17,35.989403
88,18,35.995316
88,19,35.92362
88,2,9.300642
88,20,35.774406
88,21,35.54053
88,22,35.2141
88,23,34.783264
88,24,34.240654
88,25,33.580574
88,26,32.80785
88,27,31.935009
88,28,30.987732
88,29,30.0
88,3,13.63175
88,4,17.613895
88,5,21.181355
88,6,24.29746
88,7,26.954967
88,8,29.167965
88,9,30.96931
89,0,0.0
89,1,5.166397
89,10,34.720634
89,11,35.854584
89,12,36.70814
89,13,37.332127
89,14,37.771416
89,15,38.06265
89,16,38.233418
89,17,38.30304
89,18,38.280846
89,19,38.16956
89,2,10.172486
89,20,37.96236
89,21,37.64886
89,22,37.2114
89,23,36.633858
89,24,35.89853
89,25,34.99742
89,26,33.93049
89,27,32.716217
89,28,31.38869
89,29,30.0
89,3,14.876707
89,4,19.171352
89,5,22.986076
89,6,26.289837
89,7,29.081945
89,8,31.388409
89,9,33.25035
9,0,0.0
9,1,3.026303
9,10,21.794231
9,11,22.639486
9,12,23.296494
9,13,23.796757
9,14,24.172821
9,15,24.454073
9,16,24.668066
9,17,24.839289
9,18,24.989777
9,19,25.140202
9,2,5.9834538
9,20,25.309282
9,21,25.51617
9,22,25.778166
9,23,26.113094
9,24,26.53491
9,25,27.054768
9,26,27.67485
9,27,28.388186
9,28,29.173954
9,29,30.0
9,3,8.806198
9,4,11.43977
9,5,13.839293
9,6,15.9767
9,7,17.835474
9,8,19.416246
9,9,20.728462
90,0,0.0
90,1,5.7787333
90,10,37.683052
90,11,38.835037
90,12,39.694775
90,13,40.318092
90,14,40.7517
90,15,41.032955
90,16,41.1894
90,17,41.23757
90,18,41.185333
90,19,41.029022
90,2,11.353576
90,20,40.758465
90,21,40.35269
90,22,39.788067
90,23,39.0342
90,24,38.065914
90,25,36.861923
90,26,35.420025
90,27,33.75831
90,28,31.926386
90,29,30.0
90,3,16.551369
90,4,21.246923
90,5,25.370293
90,6,28.897802
90,7,31.84537
90,8,34.25277
90,9,36.177635
91,0,0.0
91,1,6.609675
91,10,41.38417
91,11,42.544136
91,12,43.40236
91,13,44.018276
91,14,44.44136
91,15,44.709553
91,16,44.84898
91,17,44.8752
91,18,44.790913
91,19,44.589676
91,2,12.945038
91,20,44.2515
91,21,43.7493
91,22,43.04354
91,23,42.09282
91,24,40.850933
91,25,39.28369
91,26,37.372883
91,27,35.137993
91,28,32.642273
91,29,30.0
91,3,18.783236
91,4,23.981127
91,5,28.472126
91,6,32.254173
91,7,35.365807
91,8,37.873245
91,9,39.852417
92,0,0.0
92,1,7.741523
92,10,45.90448
92,11,47.05609
92,12,47.898964
92,13,48.497906
92,14,48.90377
92,15,49.154568
92,16,49.275837
92,17,49.279503
92,18,49.166336
92,19,48.92206
92,2,15.08799
92,20,48.521896
92,21,47.9243
92,22,47.078564
92,23,45.91901
92,24,44.378662
92,25,42.39105
92,26,39.91613
92,27,36.95755
92,28,33.596325
92,29,30.0
92,3,21.744064
92,4,27.547592
92,5,32.4551
92,6,36.501175
92,7,39.767906
92,8,42.35476
92,9,44.367508
93,0,0.0
93,1,9.30338
93,10,51.30264
93,11,52.418846
93,12,53.22746
93,13,53.79563
93,14,54.17556
93,15,54.404648
93,16,54.506077
93,17,54.490417
93,18,54.35292
93,19,54.07651
93,2,17.994356
93,20,53.625633
93,21,52.950737
93,22,51.979847
93,23,50.626354
93,24,48.7839
93,25,46.345306
93,26,43.217133
93,27,39.368114
93,28,34.8797
93,29,30.0
93,3,25.669632
93,4,32.169243
93,5,37.50631
93,6,41.790886
93,7,45.168034
93,8,47.789574
93,9,49.793518
94,0,0.0
94,1,11.519041
94,10,57.60166
94,11,58.64678
94,12,59.395046
94,13,59.91555
94,14,60.259068
94,15,60.461052
94,16,60.54301
94,17,60.511696
94,18,60.361046
94,19,60.067368
94,2,21.999474
94,20,59.591667
94,21,58.87055
94,22,57.81865
94,23,56.31686
94,24,54.21797
94,25,51.343605
94,26,47.514893
94,27,42.60355
94,28,36.64924
94,29,30.0
94,3,30.900612
94,4,38.129967
94,5,43.840935
94,6,48.271782
94,7,51.66709
94,8,54.24047
94,9,56.17115
95,0,0.0
95,1,14.816149
95,10,64.78187
95,11,65.70973
95,12,66.367386
95,13,66.82007
95,14,67.11539
95,15,67.28534
95,16,67.34786
95,17,67.30841
95,18,67.15729
95,19,66.87088
95,2,27.671825
95,20,66.40423
95,21,65.690765
95,22,64.62856
95,23,63.07625
95,24,60.83305
95,25,57.635056
95,26,53.153503
95,27,47.059357
95,28,39.202457
95,29,30.0
95,3,37.936172
95,4,45.792393
95,5,51.68812
95,6,56.07608
95,7,59.327766
95,8,61.72974
95,9,63.494488
96,0,0.0
96,1,20.115082
96,10,72.7692
96,11,73.5294
96,12,74.062645
96,13,74.426735
96,14,74.661835
96,15,74.79448
96,16,74.83938
96,17,74.79906
96,18,74.66487
96,19,74.4124
96,2,36.017967
96,20,74.00082
96,21,73.36212
96,22,72.39497
96,23,70.941696
96,24,68.766304
96,25,65.5077
96,26,60.636322
96,27,53.43361
96,28,43.180878
96,29,30.0
96,3,47.506844
96,4,55.585716
96,5,61.261986
96,6,65.281364
96,7,68.153015
96,8,70.216385
96,9,71.702415
97,0,0.0
97,1,29.661047
97,10,81.433525
97,11,81.975266
97,12,82.352554
97,13,82.60826
97,14,82.772156
97,15,82.86337
97,16,82.89186
97,17,82.85944
97,18,82.757965
97,19,82.569244
97,2,48.849194
97,20,82.259026
97,21,81.773415
97,22,81.02385
97,23,79.86983
97,24,78.07541
97,25,75.237564
97,26,70.63676
97,27,62.98587
97,28,50.151447
97,29,30.0
97,3,60.5941
97,4,67.92714
97,5,72.675415
97,6,75.85786
97,7,78.0475
97,8,79.58117
97,9,80.66519
98,0,0.0
98,1,49.70561
98,10,90.58772
98,11,90.870316
98,12,91.06599
98,13,91.198105
98,14,91.28235
98,15,91.32878
98,16,91.34265
98,17,91.32442
98,18,91.26993
98,19,91.16841
98,2,69.17477
98,20,91.001465
98,21,90.73738
98,22,90.32509
98,23,89.67676
98,24,88.63661
98,25,86.90126
98,26,83.82024
98,27,77.81103
98,28,64.48477
98,29,30.0
98,3,78.17148
98,4,82.957756
98,5,85.787735
98,6,87.58699
98,7,88.78661
98,8,89.609955
98,9,90.18447
99,0,0.0
99,1,100.0
99,10,100.0
99,11,100.0
99,12,100.0
99,13,100.0
99,14,100.0
99,15,100.0
99,16,100.0
99,17,100.0
99,18,100.0
99,19,100.0
99,2,100.0
99,20,100.0
99,21,100.0
99,22,100.0
99,23,100.0
99,24,100.0
99,25,100.0
99,26,100.0
99,27,100.0
99,28,100.0
99,29,30.0
99,3,100.0
99,4,100.0
99,5,100.0
99,6,100.0
99,7,100.0
99,8,100.0
99,9,100.0
