0,0,0.0
0,1,0.0
0,2,0.0
0,3,0.0
0,4,0.0
0,5,0.0
0,6,0.0
0,7,30.0
1,0,0.0
1,1,2.9561284
1,2,5.5713453
1,3,7.7126684
1,4,9.564974
1,5,11.844073
1,6,16.58458
1,7,30.0
2,0,0.0
2,1,6.258829
2,2,11.626752
2,3,15.72724
2,4,18.716148
2,5,21.23724
2,6,24.50014
2,7,30.0
3,0,0.0
3,1,10.462753
3,2,18.96848
3,3,24.877026
3,4,28.359062
3,5,29.908009
3,6,30.189518
3,7,30.0
4,0,0.0
4,1,16.637108
4,2,28.931507
4,3,36.483814
4,4,39.965855
4,5,39.871033
4,6,36.363876
4,7,30.0
5,0,0.0
5,1,27.167923
5,2,43.661713
5,3,52.19233
5,4,55.181244
5,5,53.272205
5,6,45.409233
5,7,30.0
6,0,0.0
6,1,48.3843
6,2,66.37572
6,3,73.468544
6,4,75.320854
6,5,72.64844
6,6,62.012753
6,7,30.0
7,0,0.0
7,1,100.0
7,2,100.0
7,3,100.0
7,4,100.0
7,5,100.0
7,6,100.0
7,7,30.0
