0,0,0.0
0,1,0.0
0,10,0.0
0,11,0.0
0,12,0.0
0,13,0.0
0,14,0.0
0,15,0.0
0,16,0.0
0,17,0.0
0,18,0.0
0,19,0.0
0,2,0.0
0,20,0.0
0,21,0.0
0,22,0.0
0,23,0.0
0,24,0.0
0,25,0.0
0,26,0.0
0,27,0.0
0,28,0.0
0,29,30.0
0,3,0.0
0,4,0.0
0,5,0.0
0,6,0.0
0,7,0.0
0,8,0.0
0,9,0.0
1,0,0.0
1,1,0.5921867
1,10,3.8996427
1,11,4.006543
1,12,4.082819
1,13,4.1356564
1,14,4.1720595
1,15,4.1976385
1,16,4.2175627
1,17,4.2366295
1,18,4.2598977
1,19,4.293947
1,2,1.1664286
1,20,4.347558
1,21,4.4348145
1,22,4.5774717
1,23,4.8134017
1,24,5.2092457
1,25,5.8957167
1,26,7.152132
1,27,9.658148
1,28,15.296091
1,29,30.0
1,3,1.7058676
1,4,2.1977103
1,5,2.6316905
1,6,3.0036767
1,7,3.3119023
1,8,3.5602121
1,9,3.7533822
10,0,0.0
10,1,3.8994076
10,10,25.62933
10,11,26.326672
10,12,26.819908
10,13,27.158823
10,14,27.384863
10,15,27.532738
10,16,27.629257
10,17,27.695099
10,18,27.746342
10,19,27.795233
10,2,7.678834
10,20,27.853012
10,21,27.928812
10,22,28.032969
10,23,28.173674
10,24,28.360086
10,25,28.596962
10,26,28.887098
10,27,29.225605
10,28,29.60241
10,29,30.0
10,3,11.230329
10,4,14.4637785
10,5,17.31863
10,6,19.759743
10,7,21.784302
10,8,23.409681
10,9,24.67551
11,0,0.0
11,1,4.0060472
11,10,26.32624
11,11,27.041346
11,12,27.54766
11,13,27.894705
11,14,28.125994
11,15,28.27626
11,16,28.372948
11,17,28.43671
11,18,28.482805
11,19,28.523178
11,2,7.8893075
11,20,28.566631
11,21,28.621515
11,22,28.69411
11,23,28.791409
11,24,28.917759
11,25,29.07739
11,26,29.270119
11,27,29.493645
11,28,29.74037
11,29,30.0
11,3,11.537218
11,4,14.859669
11,5,17.791245
11,6,20.299486
11,7,22.377752
11,8,24.047657
11,9,25.346508
12,0,0.0
12,1,4.0818186
12,10,26.818718
12,11,27.547024
12,12,28.06192
12,13,28.41499
12,14,28.649628
12,15,28.801538
12,16,28.898144
12,17,28.959991
12,18,29.002226
12,19,29.03556
12,2,8.038042
12,20,29.068466
12,21,29.106876
12,22,29.15651
12,23,29.2211
12,24,29.304619
12,25,29.408432
12,26,29.533339
12,27,29.676725
12,28,29.834545
12,29,30.0
12,3,11.755176
12,4,15.139431
12,5,18.126633
12,6,20.680906
12,7,22.798466
12,8,24.49849
12,9,25.821714
13,0,0.0
13,1,4.1336613
13,10,27.156307
13,11,27.89301
13,12,28.41412
13,13,28.770954
13,14,29.007978
13,15,29.16084
13,16,29.257242
13,17,29.31769
13,18,29.356829
13,19,29.385239
13,2,8.140399
13,20,29.410076
13,21,29.437027
13,22,29.46976
13,23,29.511808
13,24,29.564932
13,25,29.63086
13,26,29.709183
13,27,29.798965
13,28,29.897146
13,29,30.0
13,3,11.9043045
13,4,15.331825
13,5,18.356108
13,6,20.942942
13,7,23.08632
13,8,24.807861
13,9,26.146854
14,0,0.0
14,1,4.1682234
14,10,27.3799
14,11,28.122517
14,12,28.647394
14,13,29.006874
14,14,29.245304
14,15,29.398788
14,16,29.494993
14,17,29.55433
14,18,29.591406
14,19,29.616154
14,2,8.208194
14,20,29.635632
14,21,29.654352
14,22,29.675888
14,23,29.702272
14,24,29.735401
14,25,29.775768
14,26,29.823738
14,27,29.878214
14,28,29.937786
14,29,30.0
14,3,12.00367
14,4,15.459253
14,5,18.508862
14,6,21.116497
14,7,23.277708
14,8,25.012768
14,9,26.362762
15,0,0.0
15,1,4.190378
15,10,27.523544
15,11,28.269634
15,12,28.797096
15,13,29.158104
15,14,29.397488
15,15,29.551304
15,16,29.647324
15,17,29.705948
15,18,29.741522
15,19,29.763952
15,2,8.251951
15,20,29.779678
15,21,29.79317
15,22,29.807102
15,23,29.823547
15,24,29.843456
15,25,29.867672
15,26,29.896038
15,27,29.928303
15,28,29.963366
15,29,30.0
15,3,12.067365
15,4,15.54143
15,5,18.60678
15,6,21.228287
15,7,23.400389
15,8,25.144571
15,9,26.501162
16,0,0.0
16,1,4.2042255
16,10,27.612637
16,11,28.361046
16,12,28.889954
16,13,29.25198
16,14,29.491882
16,15,29.6459
16,16,29.741795
16,17,29.79991
16,18,29.834578
16,19,29.855423
16,2,8.27909
16,20,29.868874
16,21,29.8789
16,22,29.888191
16,23,29.898203
16,24,29.910048
16,25,29.924051
16,26,29.940468
16,27,29.958942
16,28,29.979053
16,29,30.0
16,3,12.107152
16,4,15.592399
16,5,18.667871
16,6,21.29762
16,7,23.47682
16,8,25.22632
16,9,26.587263
17,0,0.0
17,1,4.212534
17,10,27.666227
17,11,28.415894
17,12,28.94574
17,13,29.308306
17,14,29.548542
17,15,29.702663
17,16,29.798462
17,17,29.856281
17,18,29.890343
17,19,29.910273
17,2,8.295505
17,20,29.922245
17,21,29.930252
17,22,29.936607
17,23,29.942848
17,24,29.9497
17,25,29.957691
17,26,29.966858
17,27,29.97719
17,28,29.988356
17,29,30.0
17,3,12.1310215
17,4,15.623196
17,5,18.704523
17,6,21.339453
17,7,23.522678
17,8,25.275564
17,9,26.638924
18,0,0.0
18,1,4.217397
18,10,27.697323
18,11,28.44778
18,12,28.978113
18,13,29.34102
18,14,29.581423
18,15,29.735603
18,16,29.831345
18,17,29.88897
18,18,29.922699
18,19,29.942047
18,2,8.305029
18,20,29.953205
18,21,29.959953
18,22,29.96466
18,23,29.96862
18,24,29.972647
18,25,29.97707
18,26,29.982101
18,27,29.987682
18,28,29.993723
18,29,30.0
18,3,12.144984
18,4,15.641064
18,5,18.725937
18,6,21.363726
18,7,23.549423
18,8,25.304138
18,9,26.669
19,0,0.0
19,1,4.220125
19,10,27.714815
19,11,28.465668
19,12,28.9963
19,13,29.359373
19,14,29.59988
19,15,29.754086
19,16,29.84979
19,17,29.907312
19,18,29.940834
19,19,29.959877
19,2,8.310419
19,20,29.970531
19,21,29.976612
19,22,29.980345
19,23,29.983065
19,24,29.985453
19,25,29.98792
19,26,29.990597
19,27,29.993553
19,28,29.996712
19,29,30.0
19,3,12.152818
19,4,15.651168
19,5,18.73795
19,6,21.377428
19,7,23.564426
19,8,25.320238
19,9,26.685871
2,0,0.0
2,1,1.1664284
2,10,7.67928
2,11,7.890231
2,12,8.039935
2,13,8.144125
2,14,8.215421
2,15,8.265509
2,16,8.304103
2,17,8.340399
2,18,8.384269
2,19,8.447228
2,2,2.2969666
2,20,8.546048
2,21,8.704328
2,22,8.960499
2,23,9.374372
2,24,10.047798
2,25,11.153843
2,26,13.0029
2,27,16.148472
2,28,21.50827
2,29,30.0
2,3,3.3599796
2,4,4.3277984
2,5,5.183359
2,6,5.9149323
2,7,6.522819
2,8,7.0108767
2,9,7.3919854
20,0,0.0
20,1,4.2216196
20,10,27.724298
20,11,28.475388
20,12,29.00616
20,13,29.369335
20,14,29.609888
20,15,29.76411
20,16,29.859795
20,17,29.917253
20,18,29.950672
20,19,29.969532
20,2,8.313343
20,20,29.979939
20,21,29.985626
20,22,29.988852
20,23,29.990868
20,24,29.992395
20,25,29.993774
20,26,29.995201
20,27,29.996716
20,28,29.998333
20,29,30.0
20,3,12.157104
20,4,15.656647
20,5,18.74451
20,6,21.384857
20,7,23.572605
20,8,25.328968
20,9,26.695055
21,0,0.0
21,1,4.222402
21,10,27.729282
21,11,28.480478
21,12,29.011333
21,13,29.374552
21,14,29.615133
21,15,29.76936
21,16,29.865036
21,17,29.922462
21,18,29.95582
21,19,29.974594
21,2,8.31489
21,20,29.984852
21,21,29.990353
21,22,29.993298
21,23,29.99496
21,24,29.996017
21,25,29.996843
21,26,29.9976
21,27,29.998375
21,28,29.999176
21,29,30.0
21,3,12.159348
21,4,15.659541
21,5,18.747946
21,6,21.388777
21,7,23.57689
21,8,25.333565
21,9,26.699865
22,0,0.0
22,1,4.222802
22,10,27.731804
22,11,28.483063
22,12,29.01395
22,13,29.377193
22,14,29.617788
22,15,29.772017
22,16,29.867685
22,17,29.925098
22,18,29.95843
22,19,29.977152
22,2,8.315672
22,20,29.987347
22,21,29.99274
22,22,29.995552
22,23,29.997025
22,24,29.997856
22,25,29.99839
22,26,29.998817
22,27,29.99921
22,28,29.999603
22,29,30.0
22,3,12.160496
22,4,15.661006
22,5,18.7497
22,6,21.390759
22,7,23.579073
22,8,25.33589
22,9,26.702309
23,0,0.0
23,1,4.2229977
23,10,27.733038
23,11,28.484322
23,12,29.01523
23,13,29.378487
23,14,29.619081
23,15,29.773315
23,16,29.86898
23,17,29.926384
23,18,29.959702
23,19,29.978403
23,2,8.316059
23,20,29.988562
23,21,29.993908
23,22,29.99665
23,23,29.99804
23,24,29.99875
23,25,29.99915
23,26,29.99941
23,27,29.999622
23,28,29.999813
23,29,30.0
23,3,12.161056
23,4,15.661729
23,5,18.750555
23,6,21.391733
23,7,23.58014
23,8,25.33703
23,9,26.7035
24,0,0.0
24,1,4.223091
24,10,27.733622
24,11,28.484917
24,12,29.015835
24,13,29.379093
24,14,29.619696
24,15,29.773926
24,16,29.86959
24,17,29.92699
24,18,29.9603
24,19,29.978994
24,2,8.316241
24,20,29.989134
24,21,29.99446
24,22,29.99717
24,23,29.998512
24,24,29.999176
24,25,29.999508
24,26,29.999691
24,27,29.999815
24,28,29.999908
24,29,30.0
24,3,12.161324
24,4,15.662068
24,5,18.750963
24,6,21.392193
24,7,23.580643
24,8,25.337566
24,9,26.704067
25,0,0.0
25,1,4.2231336
25,10,27.733883
25,11,28.48519
25,12,29.016108
25,13,29.379372
25,14,29.619972
25,15,29.774204
25,16,29.869867
25,17,29.927269
25,18,29.960575
25,19,29.97926
25,2,8.316324
25,20,29.989397
25,21,29.99471
25,22,29.997404
25,23,29.998732
25,24,29.999367
25,25,29.999668
25,26,29.99982
25,27,29.9999
25,28,29.999956
25,29,30.0
25,3,12.161445
25,4,15.662225
25,5,18.75115
25,6,21.392403
25,7,23.580873
25,8,25.337812
25,9,26.704323
26,0,0.0
26,1,4.2231526
26,10,27.734001
26,11,28.485306
26,12,29.01623
26,13,29.379494
26,14,29.620094
26,15,29.774326
26,16,29.869991
26,17,29.927387
26,18,29.960693
26,19,29.97938
26,2,8.316362
26,20,29.98951
26,21,29.99482
26,22,29.997509
26,23,29.998825
26,24,29.999453
26,25,29.999743
26,26,29.999874
26,27,29.999943
26,28,29.999973
26,29,30.0
26,3,12.161498
26,4,15.662294
26,5,18.751232
26,6,21.392498
26,7,23.580975
26,8,25.337923
26,9,26.704435
27,0,0.0
27,1,4.2231603
27,10,27.73405
27,11,28.485355
27,12,29.016281
27,13,29.379543
27,14,29.620146
27,15,29.77438
27,16,29.87004
27,17,29.92744
27,18,29.960743
27,19,29.979427
27,2,8.316378
27,20,29.98956
27,21,29.994865
27,22,29.997551
27,23,29.998867
27,24,29.999487
27,25,29.999771
27,26,29.9999
27,27,29.999958
27,28,29.999985
27,29,30.0
27,3,12.161521
27,4,15.662323
27,5,18.751266
27,6,21.392538
27,7,23.581018
27,8,25.337967
27,9,26.704483
28,0,0.0
28,1,4.2231636
28,10,27.73407
28,11,28.485378
28,12,29.0163
28,13,29.379564
28,14,29.620167
28,15,29.774399
28,16,29.87006
28,17,29.92746
28,18,29.960764
28,19,29.97945
28,2,8.316383
28,20,29.989576
28,21,29.994884
28,22,29.99757
28,23,29.998884
28,24,29.999502
28,25,29.999784
28,26,29.99991
28,27,29.999966
28,28,29.999989
28,29,30.0
28,3,12.1615305
28,4,15.662334
28,5,18.751282
28,6,21.392553
28,7,23.581034
28,8,25.337986
28,9,26.704502
29,0,0.0
29,1,4.2231646
29,10,27.734081
29,11,28.485384
29,12,29.016308
29,13,29.37957
29,14,29.620174
29,15,29.774406
29,16,29.870068
29,17,29.927467
29,18,29.960773
29,19,29.979458
29,2,8.316387
29,20,29.989588
29,21,29.994894
29,22,29.99758
29,23,29.99889
29,24,29.99951
29,25,29.999792
29,26,29.999916
29,27,29.999968
29,28,29.99999
29,29,30.0
29,3,12.161533
29,4,15.66234
29,5,18.751286
29,6,21.39256
29,7,23.581043
29,8,25.337992
29,9,26.70451
3,0,0.0
3,1,1.7058674
3,10,11.230925
3,11,11.538479
3,12,11.757717
3,13,11.909364
3,14,12.013373
3,15,12.085678
3,16,12.14065
3,17,12.191238
3,18,12.250464
3,19,12.334431
3,2,3.3599792
3,20,12.463289
3,21,12.667682
3,22,12.990848
3,23,13.500977
3,24,14.2989855
3,25,15.541468
3,26,17.456882
3,27,20.357038
3,28,24.553715
3,29,30.0
3,3,4.9138417
3,4,6.3304386
3,5,7.580381
3,6,8.651562
3,7,9.539133
3,8,10.253969
3,9,10.810055
30,0,0.0
30,1,4.223166
30,10,27.734081
30,11,28.485386
30,12,29.016312
30,13,29.379574
30,14,29.620174
30,15,29.774408
30,16,29.870071
30,17,29.927471
30,18,29.960777
30,19,29.979462
30,2,8.316386
30,20,29.98959
30,21,29.994896
30,22,29.997581
30,23,29.998894
30,24,29.99951
30,25,29.999792
30,26,29.999918
30,27,29.99997
30,28,29.99999
30,29,30.0
30,3,12.161535
30,4,15.66234
30,5,18.75129
30,6,21.392563
30,7,23.581047
30,8,25.337997
30,9,26.704515
31,0,0.0
31,1,4.223165
31,10,27.734085
31,11,28.48539
31,12,29.016312
31,13,29.379576
31,14,29.620176
31,15,29.77441
31,16,29.870073
31,17,29.927471
31,18,29.96078
31,19,29.979462
31,2,8.316388
31,20,29.989594
31,21,29.994896
31,22,29.997581
31,23,29.998894
31,24,29.999512
31,25,29.999794
31,26,29.99992
31,27,29.99997
31,28,29.99999
31,29,30.0
31,3,12.161534
31,4,15.662343
31,5,18.75129
31,6,21.392565
31,7,23.581047
31,8,25.337997
31,9,26.704515
32,0,0.0
32,1,4.2231665
32,10,27.734083
32,11,28.48539
32,12,29.016315
32,13,29.379578
32,14,29.62018
32,15,29.774412
32,16,29.870075
32,17,29.927473
32,18,29.960777
32,19,29.979464
32,2,8.316387
32,20,29.98959
32,21,29.9949
32,22,29.997581
32,23,29.998898
32,24,29.99951
32,25,29.999798
32,26,29.999916
32,27,29.999971
32,28,29.99999
32,29,30.0
32,3,12.161536
32,4,15.66234
32,5,18.75129
32,6,21.392563
32,7,23.581049
32,8,25.338
32,9,26.704517
33,0,0.0
33,1,4.223165
33,10,27.734085
33,11,28.485392
33,12,29.016315
33,13,29.379578
33,14,29.62018
33,15,29.774412
33,16,29.870075
33,17,29.927473
33,18,29.96078
33,19,29.979462
33,2,8.316389
33,20,29.989594
33,21,29.994896
33,22,29.997585
33,23,29.998892
33,24,29.999516
33,25,29.999792
33,26,29.99992
33,27,29.99997
33,28,29.99999
33,29,30.0
33,3,12.161535
33,4,15.662344
33,5,18.751286
33,6,21.392565
33,7,23.581047
33,8,25.338
33,9,26.704517
34,0,0.0
34,1,4.2231665
34,10,27.734085
34,11,28.485392
34,12,29.016317
34,13,29.379578
34,14,29.620182
34,15,29.774412
34,16,29.870075
34,17,29.927473
34,18,29.96078
34,19,29.979464
34,2,8.316387
34,20,29.989594
34,21,29.9949
34,22,29.997583
34,23,29.998898
34,24,29.99951
34,25,29.999798
34,26,29.999916
34,27,29.999971
34,28,29.99999
34,29,30.0
34,3,12.161537
34,4,15.662341
34,5,18.751291
34,6,21.392561
34,7,23.581049
34,8,25.337997
34,9,26.704517
35,0,0.0
35,1,4.223165
35,10,27.734085
35,11,28.485392
35,12,29.016317
35,13,29.379581
35,14,29.620182
35,15,29.774412
35,16,29.870075
35,17,29.927473
35,18,29.96078
35,19,29.979464
35,2,8.316389
35,20,29.989594
35,21,29.9949
35,22,29.997585
35,23,29.998894
35,24,29.999516
35,25,29.999792
35,26,29.99992
35,27,29.99997
35,28,29.99999
35,29,30.0
35,3,12.161535
35,4,15.662344
35,5,18.751287
35,6,21.392565
35,7,23.581047
35,8,25.338001
35,9,26.704517
36,0,0.0
36,1,4.2231665
36,10,27.734085
36,11,28.485392
36,12,29.016315
36,13,29.379581
36,14,29.620182
36,15,29.774412
36,16,29.870075
36,17,29.927473
36,18,29.96078
36,19,29.979462
36,2,8.316387
36,20,29.989594
36,21,29.9949
36,22,29.997585
36,23,29.998896
36,24,29.999512
36,25,29.999798
36,26,29.999918
36,27,29.999971
36,28,29.99999
36,29,30.0
36,3,12.161537
36,4,15.662341
36,5,18.751291
36,6,21.392561
36,7,23.581049
36,8,25.337997
36,9,26.704517
37,0,0.0
37,1,4.2231655
37,10,27.734085
37,11,28.48539
37,12,29.016317
37,13,29.379578
37,14,29.620182
37,15,29.774412
37,16,29.870075
37,17,29.927473
37,18,29.960777
37,19,29.979464
37,2,8.316389
37,20,29.98959
37,21,29.9949
37,22,29.997583
37,23,29.998896
37,24,29.999514
37,25,29.999798
37,26,29.999918
37,27,29.999971
37,28,29.99999
37,29,30.0
37,3,12.161535
37,4,15.662343
37,5,18.75129
37,6,21.392565
37,7,23.581047
37,8,25.338001
37,9,26.704517
38,0,0.0
38,1,4.2231655
38,10,27.734085
38,11,28.485392
38,12,29.016315
38,13,29.379581
38,14,29.62018
38,15,29.774412
38,16,29.870075
38,17,29.927471
38,18,29.96078
38,19,29.979462
38,2,8.316387
38,20,29.989594
38,21,29.994896
38,22,29.997583
38,23,29.998894
38,24,29.999514
38,25,29.999794
38,26,29.999918
38,27,29.99997
38,28,29.99999
38,29,30.0
38,3,12.161536
38,4,15.662341
38,5,18.75129
38,6,21.392561
38,7,23.581049
38,8,25.337997
38,9,26.704517
39,0,0.0
39,1,4.2231655
39,10,27.734087
39,11,28.48539
39,12,29.016317
39,13,29.379576
39,14,29.620182
39,15,29.774412
39,16,29.870075
39,17,29.927473
39,18,29.960777
39,19,29.979464
39,2,8.316387
39,20,29.98959
39,21,29.9949
39,22,29.997581
39,23,29.998894
39,24,29.999512
39,25,29.999794
39,26,29.999918
39,27,29.99997
39,28,29.99999
39,29,30.0
39,3,12.161536
39,4,15.662342
39,5,18.75129
39,6,21.392565
39,7,23.581047
39,8,25.338001
39,9,26.704517
4,0,0.0
4,1,2.197709
4,10,14.464475
4,11,14.86111
4,12,15.142384
4,13,15.33762
4,14,15.470463
4,15,15.562364
4,16,15.630817
4,17,15.691648
4,18,15.7608
4,19,15.855438
4,2,4.327796
4,20,15.998857
4,21,16.220804
4,22,16.565937
4,23,17.094345
4,24,17.893364
4,25,19.076748
4,26,20.788828
4,27,23.17387
4,28,26.301954
4,29,30.0
4,3,6.3304367
4,4,8.153738
4,5,9.765196
4,6,11.14312
4,7,12.287691
4,8,13.206629
4,9,13.923853
40,0,0.0
40,1,4.2231655
40,10,27.734085
40,11,28.485392
40,12,29.016315
40,13,29.379578
40,14,29.62018
40,15,29.774412
40,16,29.870075
40,17,29.927473
40,18,29.96078
40,19,29.979462
40,2,8.316388
40,20,29.989594
40,21,29.994898
40,22,29.997581
40,23,29.998894
40,24,29.999512
40,25,29.999794
40,26,29.999916
40,27,29.99997
40,28,29.99999
40,29,30.0
40,3,12.161535
40,4,15.662341
40,5,18.75129
40,6,21.392563
40,7,23.581047
40,8,25.337997
40,9,26.704517
41,0,0.0
41,1,4.223166
41,10,27.734085
41,11,28.485392
41,12,29.016315
41,13,29.379578
41,14,29.620182
41,15,29.774412
41,16,29.870075
41,17,29.927473
41,18,29.96078
41,19,29.979464
41,2,8.316387
41,20,29.989592
41,21,29.9949
41,22,29.997581
41,23,29.998894
41,24,29.999512
41,25,29.999792
41,26,29.999916
41,27,29.99997
41,28,29.99999
41,29,30.0
41,3,12.161535
41,4,15.662342
41,5,18.75129
41,6,21.392563
41,7,23.581047
41,8,25.338001
41,9,26.704517
42,0,0.0
42,1,4.223165
42,10,27.734085
42,11,28.485392
42,12,29.016314
42,13,29.379578
42,14,29.62018
42,15,29.774412
42,16,29.870075
42,17,29.927475
42,18,29.96078
42,19,29.979464
42,2,8.316388
42,20,29.989594
42,21,29.9949
42,22,29.99758
42,23,29.998894
42,24,29.999512
42,25,29.999794
42,26,29.999916
42,27,29.999968
42,28,29.999989
42,29,30.0
42,3,12.161534
42,4,15.662342
42,5,18.75129
42,6,21.392563
42,7,23.581049
42,8,25.337997
42,9,26.704517
43,0,0.0
43,1,4.2231655
43,10,27.734085
43,11,28.485392
43,12,29.016315
43,13,29.379578
43,14,29.620182
43,15,29.774412
43,16,29.870075
43,17,29.927473
43,18,29.960781
43,19,29.979462
43,2,8.316387
43,20,29.989594
43,21,29.994896
43,22,29.997583
43,23,29.998894
43,24,29.999512
43,25,29.999794
43,26,29.999914
43,27,29.999968
43,28,29.99999
43,29,30.0
43,3,12.161535
43,4,15.662341
43,5,18.75129
43,6,21.392563
43,7,23.581047
43,8,25.338
43,9,26.704517
44,0,0.0
44,1,4.223165
44,10,27.734085
44,11,28.485392
44,12,29.016314
44,13,29.379578
44,14,29.62018
44,15,29.774414
44,16,29.870075
44,17,29.927477
44,18,29.96078
44,19,29.979464
44,2,8.316387
44,20,29.989592
44,21,29.9949
44,22,29.997581
44,23,29.998894
44,24,29.999512
44,25,29.999792
44,26,29.999918
44,27,29.999968
44,28,29.99999
44,29,30.0
44,3,12.161534
44,4,15.662341
44,5,18.751287
44,6,21.392561
44,7,23.581047
44,8,25.337997
44,9,26.704517
45,0,0.0
45,1,4.223165
45,10,27.734085
45,11,28.48539
45,12,29.016315
45,13,29.379576
45,14,29.620182
45,15,29.774412
45,16,29.870079
45,17,29.927473
45,18,29.96078
45,19,29.979462
45,2,8.316387
45,20,29.989594
45,21,29.9949
45,22,29.997583
45,23,29.998894
45,24,29.999512
45,25,29.999794
45,26,29.999918
45,27,29.999968
45,28,29.99999
45,29,30.0
45,3,12.161535
45,4,15.662341
45,5,18.75129
45,6,21.392563
45,7,23.581047
45,8,25.338001
45,9,26.704517
46,0,0.0
46,1,4.2231655
46,10,27.734085
46,11,28.485392
46,12,29.016312
46,13,29.379578
46,14,29.620178
46,15,29.774414
46,16,29.870075
46,17,29.927475
46,18,29.96078
46,19,29.979464
46,2,8.316387
46,20,29.989594
46,21,29.9949
46,22,29.997581
46,23,29.998894
46,24,29.999512
46,25,29.999794
46,26,29.999916
46,27,29.99997
46,28,29.999989
46,29,30.0
46,3,12.161535
46,4,15.662341
46,5,18.75129
46,6,21.392563
46,7,23.581049
46,8,25.337997
46,9,26.704517
47,0,0.0
47,1,4.223165
47,10,27.734085
47,11,28.48539
47,12,29.016315
47,13,29.379574
47,14,29.620182
47,15,29.774412
47,16,29.870077
47,17,29.927473
47,18,29.960781
47,19,29.979462
47,2,8.316387
47,20,29.989594
47,21,29.994896
47,22,29.997583
47,23,29.998894
47,24,29.999512
47,25,29.999792
47,26,29.999918
47,27,29.999968
47,28,29.99999
47,29,30.0
47,3,12.161535
47,4,15.662341
47,5,18.751287
47,6,21.392563
47,7,23.581047
47,8,25.338
47,9,26.704517
48,0,0.0
48,1,4.223165
48,10,27.734085
48,11,28.48539
48,12,29.016312
48,13,29.379578
48,14,29.620178
48,15,29.774412
48,16,29.870075
48,17,29.927473
48,18,29.960777
48,19,29.979464
48,2,8.316387
48,20,29.98959
48,21,29.9949
48,22,29.997581
48,23,29.998894
48,24,29.999512
48,25,29.999794
48,26,29.999916
48,27,29.99997
48,28,29.99999
48,29,30.0
48,3,12.161535
48,4,15.662342
48,5,18.75129
48,6,21.392563
48,7,23.581047
48,8,25.338
48,9,26.704517
49,0,0.0
49,1,4.2231655
49,10,27.734085
49,11,28.48539
49,12,29.016312
49,13,29.379574
49,14,29.62018
49,15,29.774412
49,16,29.870075
49,17,29.927473
49,18,29.96078
49,19,29.979462
49,2,8.316387
49,20,29.989594
49,21,29.994896
49,22,29.997583
49,23,29.998894
49,24,29.999512
49,25,29.999792
49,26,29.99992
49,27,29.99997
49,28,29.99999
49,29,30.0
49,3,12.161535
49,4,15.662342
49,5,18.75129
49,6,21.392565
49,7,23.581047
49,8,25.338001
49,9,26.704517
5,0,0.0
5,1,2.6316867
5,10,17.319344
5,11,17.792755
5,12,18.129673
5,13,18.362152
5,14,18.520405
5,15,18.628468
5,16,18.707268
5,17,18.77477
5,18,18.847652
5,19,18.944738
5,2,5.1833525
5,20,19.087156
5,21,19.304556
5,22,19.633682
5,23,20.126553
5,24,20.846153
5,25,21.871408
5,26,23.28111
5,27,25.135386
5,28,27.422358
5,29,30.0
5,3,7.580373
5,4,9.765188
5,5,11.692973
5,6,13.344475
5,7,14.712889
5,8,15.814429
5,9,16.671307
50,0,0.0
50,1,4.223165
50,10,27.734085
50,11,28.48539
50,12,29.016312
50,13,29.379574
50,14,29.620178
50,15,29.774412
50,16,29.870073
50,17,29.927473
50,18,29.960777
50,19,29.979464
50,2,8.316388
50,20,29.98959
50,21,29.9949
50,22,29.997581
50,23,29.998892
50,24,29.99951
50,25,29.999792
50,26,29.999918
50,27,29.99997
50,28,29.99999
50,29,30.0
50,3,12.161535
50,4,15.662342
50,5,18.75129
50,6,21.392563
50,7,23.581049
50,8,25.338
50,9,26.704517
51,0,0.0
51,1,4.2231655
51,10,27.734085
51,11,28.48539
51,12,29.016312
51,13,29.379578
51,14,29.620178
51,15,29.774412
51,16,29.870075
51,17,29.927473
51,18,29.96078
51,19,29.979462
51,2,8.316387
51,20,29.989592
51,21,29.994896
51,22,29.997581
51,23,29.998894
51,24,29.999512
51,25,29.999794
51,26,29.999916
51,27,29.99997
51,28,29.99999
51,29,30.0
51,3,12.161535
51,4,15.662342
51,5,18.75129
51,6,21.392563
51,7,23.581049
51,8,25.338
51,9,26.704517
52,0,0.0
52,1,4.2231655
52,10,27.734085
52,11,28.48539
52,12,29.016315
52,13,29.379576
52,14,29.620178
52,15,29.77441
52,16,29.870075
52,17,29.927473
52,18,29.960777
52,19,29.979462
52,2,8.316388
52,20,29.98959
52,21,29.994898
52,22,29.997581
52,23,29.998894
52,24,29.999512
52,25,29.999792
52,26,29.999916
52,27,29.999968
52,28,29.99999
52,29,30.0
52,3,12.161535
52,4,15.662342
52,5,18.751287
52,6,21.392563
52,7,23.581047
52,8,25.338
52,9,26.704517
53,0,0.0
53,1,4.223166
53,10,27.734085
53,11,28.48539
53,12,29.016314
53,13,29.379578
53,14,29.620178
53,15,29.774412
53,16,29.870075
53,17,29.927473
53,18,29.96078
53,19,29.97946
53,2,8.316387
53,20,29.989594
53,21,29.994896
53,22,29.997581
53,23,29.998894
53,24,29.99951
53,25,29.999792
53,26,29.999914
53,27,29.99997
53,28,29.99999
53,29,30.0
53,3,12.161536
53,4,15.662342
53,5,18.75129
53,6,21.392561
53,7,23.581049
53,8,25.337997
53,9,26.704517
54,0,0.0
54,1,4.223165
54,10,27.734085
54,11,28.48539
54,12,29.016312
54,13,29.379574
54,14,29.620178
54,15,29.774412
54,16,29.870075
54,17,29.927473
54,18,29.960777
54,19,29.979462
54,2,8.316388
54,20,29.98959
54,21,29.9949
54,22,29.997581
54,23,29.998894
54,24,29.999512
54,25,29.999792
54,26,29.999918
54,27,29.99997
54,28,29.99999
54,29,30.0
54,3,12.161535
54,4,15.662342
54,5,18.75129
54,6,21.392565
54,7,23.581047
54,8,25.338001
54,9,26.704517
55,0,0.0
55,1,4.223166
55,10,27.734085
55,11,28.48539
55,12,29.016314
55,13,29.379576
55,14,29.620178
55,15,29.774412
55,16,29.870075
55,17,29.927473
55,18,29.96078
55,19,29.979462
55,2,8.316387
55,20,29.989594
55,21,29.994896
55,22,29.997583
55,23,29.998894
55,24,29.99951
55,25,29.999792
55,26,29.999916
55,27,29.99997
55,28,29.99999
55,29,30.0
55,3,12.161535
55,4,15.662342
55,5,18.75129
55,6,21.392563
55,7,23.581049
55,8,25.337997
55,9,26.704517
56,0,0.0
56,1,4.2231655
56,10,27.734085
56,11,28.485392
56,12,29.016315
56,13,29.379576
56,14,29.62018
56,15,29.774412
56,16,29.870075
56,17,29.927473
56,18,29.960777
56,19,29.979464
56,2,8.316388
56,20,29.98959
56,21,29.994898
56,22,29.997581
56,23,29.998894
56,24,29.999512
56,25,29.999792
56,26,29.999916
56,27,29.99997
56,28,29.999989
56,29,30.0
56,3,12.161534
56,4,15.662342
56,5,18.75129
56,6,21.392565
56,7,23.581047
56,8,25.338
56,9,26.704517
57,0,0.0
57,1,4.223166
57,10,27.734085
57,11,28.48539
57,12,29.016314
57,13,29.379576
57,14,29.620178
57,15,29.774412
57,16,29.870075
57,17,29.927473
57,18,29.96078
57,19,29.979462
57,2,8.316387
57,20,29.989594
57,21,29.994896
57,22,29.997581
57,23,29.998894
57,24,29.99951
57,25,29.999792
57,26,29.999916
57,27,29.999968
57,28,29.99999
57,29,30.0
57,3,12.161535
57,4,15.662342
57,5,18.75129
57,6,21.392563
57,7,23.581049
57,8,25.337997
57,9,26.704517
58,0,0.0
58,1,4.223165
58,10,27.734087
58,11,28.48539
58,12,29.016315
58,13,29.379576
58,14,29.620182
58,15,29.77441
58,16,29.870075
58,17,29.927473
58,18,29.96078
58,19,29.979464
58,2,8.316388
58,20,29.98959
58,21,29.9949
58,22,29.99758
58,23,29.998894
58,24,29.999512
58,25,29.999792
58,26,29.999916
58,27,29.999968
58,28,29.999989
58,29,30.0
58,3,12.161534
58,4,15.662341
58,5,18.75129
58,6,21.392565
58,7,23.581047
58,8,25.338
58,9,26.704517
59,0,0.0
59,1,4.2231655
59,10,27.734085
59,11,28.485392
59,12,29.016312
59,13,29.379578
59,14,29.620176
59,15,29.774414
59,16,29.870071
59,17,29.927475
59,18,29.96078
59,19,29.979462
59,2,8.316387
59,20,29.989594
59,21,29.994896
59,22,29.997581
59,23,29.998894
59,24,29.999512
59,25,29.999794
59,26,29.999916
59,27,29.999968
59,28,29.99999
59,29,30.0
59,3,12.161535
59,4,15.662342
59,5,18.75129
59,6,21.392563
59,7,23.581049
59,8,25.337997
59,9,26.704517
6,0,0.0
6,1,3.0036678
6,10,19.760426
6,11,20.300915
6,12,20.683838
6,13,20.948683
6,14,21.127571
6,15,21.248842
6,16,21.335098
6,17,21.405607
6,18,21.478167
6,19,21.569876
6,2,5.914915
6,20,21.701672
6,21,21.897043
6,22,22.188349
6,23,22.612553
6,24,23.216795
6,25,24.04797
6,26,25.150017
6,27,26.540188
6,28,28.19009
6,29,30.0
6,3,8.65154
6,4,11.143096
6,5,13.344457
6,6,15.226792
6,7,16.789587
6,8,18.044281
6,9,19.022879
60,0,0.0
60,1,4.2231655
60,10,27.734085
60,11,28.48539
60,12,29.016315
60,13,29.379576
60,14,29.620182
60,15,29.77441
60,16,29.870075
60,17,29.927473
60,18,29.960777
60,19,29.979464
60,2,8.316387
60,20,29.98959
60,21,29.994896
60,22,29.997581
60,23,29.998894
60,24,29.999512
60,25,29.999792
60,26,29.999918
60,27,29.999968
60,28,29.99999
60,29,30.0
60,3,12.161534
60,4,15.662342
60,5,18.75129
60,6,21.392565
60,7,23.581047
60,8,25.338001
60,9,26.704517
61,0,0.0
61,1,4.2231655
61,10,27.734081
61,11,28.48539
61,12,29.016312
61,13,29.379578
61,14,29.620178
61,15,29.774414
61,16,29.870075
61,17,29.927473
61,18,29.96078
61,19,29.97946
61,2,8.316387
61,20,29.98959
61,21,29.994896
61,22,29.99758
61,23,29.998894
61,24,29.99951
61,25,29.999792
61,26,29.999916
61,27,29.999968
61,28,29.999989
61,29,30.0
61,3,12.161535
61,4,15.662341
61,5,18.75129
61,6,21.392561
61,7,23.581049
61,8,25.337997
61,9,26.704517
62,0,0.0
62,1,4.223165
62,10,27.734085
62,11,28.48539
62,12,29.016315
62,13,29.379576
62,14,29.620182
62,15,29.77441
62,16,29.870077
62,17,29.927473
62,18,29.96078
62,19,29.979462
62,2,8.316387
62,20,29.989592
62,21,29.994896
62,22,29.997581
62,23,29.998894
62,24,29.99951
62,25,29.999792
62,26,29.999916
62,27,29.999968
62,28,29.999989
62,29,30.0
62,3,12.161534
62,4,15.662342
62,5,18.751287
62,6,21.392565
62,7,23.581047
62,8,25.338
62,9,26.704517
63,0,0.0
63,1,4.223165
63,10,27.734085
63,11,28.485394
63,12,29.016314
63,13,29.379578
63,14,29.620178
63,15,29.774414
63,16,29.870075
63,17,29.927473
63,18,29.96078
63,19,29.979464
63,2,8.316387
63,20,29.989592
63,21,29.994898
63,22,29.997583
63,23,29.998894
63,24,29.99951
63,25,29.999794
63,26,29.999916
63,27,29.999968
63,28,29.99999
63,29,30.0
63,3,12.161535
63,4,15.662341
63,5,18.75129
63,6,21.392563
63,7,23.581049
63,8,25.337997
63,9,26.704517
64,0,0.0
64,1,4.223165
64,10,27.734087
64,11,28.48539
64,12,29.016315
64,13,29.379578
64,14,29.62018
64,15,29.774412
64,16,29.870075
64,17,29.927473
64,18,29.96078
64,19,29.979462
64,2,8.316387
64,20,29.989594
64,21,29.994898
64,22,29.997581
64,23,29.998894
64,24,29.999512
64,25,29.999794
64,26,29.999916
64,27,29.99997
64,28,29.99999
64,29,30.0
64,3,12.161535
64,4,15.662342
64,5,18.751287
64,6,21.392565
64,7,23.581047
64,8,25.338
64,9,26.704517
65,0,0.0
65,1,4.223165
65,10,27.734085
65,11,28.485394
65,12,29.016315
65,13,29.379578
65,14,29.62018
65,15,29.774412
65,16,29.870075
65,17,29.927473
65,18,29.96078
65,19,29.979464
65,2,8.316387
65,20,29.989592
65,21,29.994896
65,22,29.997583
65,23,29.998894
65,24,29.999512
65,25,29.999794
65,26,29.999918
65,27,29.999968
65,28,29.99999
65,29,30.0
65,3,12.161535
65,4,15.662341
65,5,18.75129
65,6,21.392563
65,7,23.581049
65,8,25.337997
65,9,26.704517
66,0,0.0
66,1,4.223165
66,10,27.734087
66,11,28.48539
66,12,29.016315
66,13,29.379578
66,14,29.62018
66,15,29.774412
66,16,29.870075
66,17,29.927473
66,18,29.96078
66,19,29.979462
66,2,8.316387
66,20,29.989592
66,21,29.994898
66,22,29.997581
66,23,29.998894
66,24,29.999512
66,25,29.999794
66,26,29.999916
66,27,29.99997
66,28,29.99999
66,29,30.0
66,3,12.161535
66,4,15.662342
66,5,18.751287
66,6,21.392565
66,7,23.581047
66,8,25.338
66,9,26.704517
67,0,0.0
67,1,4.223165
67,10,27.734085
67,11,28.485394
67,12,29.016315
67,13,29.379578
67,14,29.62018
67,15,29.774412
67,16,29.870077
67,17,29.927473
67,18,29.96078
67,19,29.979464
67,2,8.316387
67,20,29.989594
67,21,29.994898
67,22,29.997583
67,23,29.998894
67,24,29.999512
67,25,29.999794
67,26,29.999918
67,27,29.999968
67,28,29.99999
67,29,30.0
67,3,12.161535
67,4,15.662341
67,5,18.75129
67,6,21.392563
67,7,23.581049
67,8,25.337997
67,9,26.704517
68,0,0.0
68,1,4.2231655
68,10,27.734087
68,11,28.48539
68,12,29.016315
68,13,29.379578
68,14,29.62018
68,15,29.774414
68,16,29.870075
68,17,29.927475
68,18,29.96078
68,19,29.979464
68,2,8.316387
68,20,29.989594
68,21,29.9949
68,22,29.997583
68,23,29.998896
68,24,29.999514
68,25,29.999794
68,26,29.999918
68,27,29.99997
68,28,29.99999
68,29,30.0
68,3,12.161535
68,4,15.662342
68,5,18.75129
68,6,21.392565
68,7,23.581043
68,8,25.338001
68,9,26.704517
69,0,0.0
69,1,4.223166
69,10,27.734085
69,11,28.485394
69,12,29.016315
69,13,29.379581
69,14,29.620182
69,15,29.774418
69,16,29.870083
69,17,29.927477
69,18,29.960785
69,19,29.979465
69,2,8.316388
69,20,29.989595
69,21,29.9949
69,22,29.997585
69,23,29.998896
69,24,29.999516
69,25,29.999796
69,26,29.999918
69,27,29.99997
69,28,29.99999
69,29,30.0
69,3,12.161536
69,4,15.662342
69,5,18.751291
69,6,21.392563
69,7,23.58105
69,8,25.338001
69,9,26.70452
7,0,0.0
7,1,3.3118806
7,10,21.784891
7,11,22.37903
7,12,22.80106
7,13,23.091486
7,14,23.287533
7,15,23.418758
7,16,23.509937
7,17,23.581213
7,18,23.64967
7,19,23.732407
7,2,6.5227795
7,20,23.846157
7,21,24.012177
7,22,24.253138
7,23,24.598467
7,24,25.077143
7,25,25.720184
7,26,26.547113
7,27,27.561537
7,28,28.734035
7,29,30.0
7,3,9.539078
7,4,12.287632
7,5,14.7128315
7,6,16.789547
7,7,18.510279
7,8,19.89455
7,9,20.971312
70,0,0.0
70,1,4.2231674
70,10,27.734095
70,11,28.4854
70,12,29.016327
70,13,29.379585
70,14,29.62019
70,15,29.774424
70,16,29.870087
70,17,29.927486
70,18,29.960789
70,19,29.979473
70,2,8.316391
70,20,29.989601
70,21,29.994907
70,22,29.99759
70,23,29.998901
70,24,29.99952
70,25,29.999798
70,26,29.999922
70,27,29.99997
70,28,29.999992
70,29,30.0
70,3,12.161539
70,4,15.662349
70,5,18.751293
70,6,21.39257
70,7,23.581053
70,8,25.33801
70,9,26.704525
71,0,0.0
71,1,4.2231703
71,10,27.734112
71,11,28.485422
71,12,29.016342
71,13,29.379608
71,14,29.620209
71,15,29.77444
71,16,29.870106
71,17,29.927502
71,18,29.96081
71,19,29.979488
71,2,8.316397
71,20,29.98962
71,21,29.994925
71,22,29.997608
71,23,29.998917
71,24,29.99953
71,25,29.99981
71,26,29.999931
71,27,29.999977
71,28,29.999996
71,29,30.0
71,3,12.16155
71,4,15.662357
71,5,18.751308
71,6,21.392584
71,7,23.581074
71,8,25.338024
71,9,26.704546
72,0,0.0
72,1,4.2231784
72,10,27.734161
72,11,28.485466
72,12,29.016394
72,13,29.379656
72,14,29.620258
72,15,29.774492
72,16,29.870153
72,17,29.927551
72,18,29.960854
72,19,29.979538
72,2,8.316413
72,20,29.989662
72,21,29.99497
72,22,29.997648
72,23,29.998955
72,24,29.999567
72,25,29.999838
72,26,29.99995
72,27,29.999994
72,28,30.000004
72,29,30.0
72,3,12.161571
72,4,15.662388
72,5,18.751343
72,6,21.392626
72,7,23.581112
72,8,25.33807
72,9,26.70459
73,0,0.0
73,1,4.2231984
73,10,27.734276
73,11,28.485588
73,12,29.01651
73,13,29.379778
73,14,29.62038
73,15,29.774612
73,16,29.870275
73,17,29.927671
73,18,29.960976
73,19,29.979652
73,2,8.316451
73,20,29.98978
73,21,29.995077
73,22,29.997753
73,23,29.999048
73,24,29.99965
73,25,29.999908
73,26,30.000008
73,27,30.000032
73,28,30.000023
73,29,30.0
73,3,12.161628
73,4,15.662458
73,5,18.751429
73,6,21.39272
73,7,23.581217
73,8,25.338179
73,9,26.704704
74,0,0.0
74,1,4.2232456
74,10,27.734554
74,11,28.485865
74,12,29.016796
74,13,29.38006
74,14,29.620665
74,15,29.774897
74,16,29.87056
74,17,29.927956
74,18,29.961254
74,19,29.97993
74,2,8.316544
74,20,29.990047
74,21,29.995335
74,22,29.997993
74,23,29.99927
74,24,29.999846
74,25,30.000074
74,26,30.000137
74,27,30.000118
74,28,30.000069
74,29,30.0
74,3,12.161761
74,4,15.662629
74,5,18.751629
74,6,21.392944
74,7,23.581463
74,8,25.338436
74,9,26.704973
75,0,0.0
75,1,4.2233524
75,10,27.735182
75,11,28.486507
75,12,29.017439
75,13,29.380713
75,14,29.621317
75,15,29.775549
75,16,29.871208
75,17,29.928596
75,18,29.961891
75,19,29.980553
75,2,8.316753
75,20,29.990658
75,21,29.99592
75,22,29.998545
75,23,29.999775
75,24,30.000294
75,25,30.000452
75,26,30.000435
75,27,30.000326
75,28,30.000172
75,29,30.0
75,3,12.162065
75,4,15.663016
75,5,18.752085
75,6,21.39346
75,7,23.582014
75,8,25.33903
75,9,26.705585
76,0,0.0
76,1,4.2235875
76,10,27.736565
76,11,28.487911
76,12,29.018862
76,13,29.382137
76,14,29.62275
76,15,29.77698
76,16,29.872635
76,17,29.930016
76,18,29.963291
76,19,29.981934
76,2,8.317213
76,20,29.991995
76,21,29.997206
76,22,29.999756
76,23,30.000889
76,24,30.00128
76,25,30.001287
76,26,30.001087
76,27,30.000774
76,28,30.0004
76,29,30.0
76,3,12.162733
76,4,15.663865
76,5,18.75309
76,6,21.394583
76,7,23.583244
76,8,25.340322
76,9,26.706934
77,0,0.0
77,1,4.2240868
77,10,27.739498
77,11,28.490898
77,12,29.021873
77,13,29.38517
77,14,29.625784
77,15,29.780016
77,16,29.87566
77,17,29.933023
77,18,29.966265
77,19,29.98485
77,2,8.318192
77,20,29.994835
77,21,29.99993
77,22,30.00232
77,23,30.003248
77,24,30.003374
77,25,30.003056
77,26,30.002472
77,27,30.001732
77,28,30.000889
77,29,30.0
77,3,12.16415
77,4,15.66567
77,5,18.755219
77,6,21.39698
77,7,23.585838
77,8,25.343075
77,9,26.709795
78,0,0.0
78,1,4.2251115
78,10,27.745512
78,11,28.497005
78,12,29.028046
78,13,29.391373
78,14,29.632004
78,15,29.786228
78,16,29.881857
78,17,29.939177
78,18,29.97235
78,19,29.990826
78,2,8.320196
78,20,30.000643
78,21,30.0055
78,22,30.007578
78,23,30.008068
78,24,30.00766
78,25,30.006668
78,26,30.005312
78,27,30.003677
78,28,30.001884
78,29,30.0
78,3,12.167057
78,4,15.669367
78,5,18.759586
78,6,21.401886
78,7,23.591167
78,8,25.348713
78,9,26.715652
79,0,0.0
79,1,4.2271414
79,10,27.7574
79,11,28.50909
79,12,29.040249
79,13,29.403645
79,14,29.644297
79,15,29.79852
79,16,29.8941
79,17,29.951344
79,18,29.984371
79,19,30.002634
79,2,8.324177
79,20,30.012123
79,21,30.01653
79,22,30.017952
79,23,30.017618
79,24,30.016117
79,25,30.01383
79,26,30.01091
79,27,30.00755
79,28,30.003853
79,29,30.0
79,3,12.172815
79,4,15.676701
79,5,18.768234
79,6,21.411606
79,7,23.601707
79,8,25.359867
79,9,26.727245
8,0,0.0
8,1,3.560163
8,10,23.410143
8,11,24.048695
8,12,24.500677
8,13,24.812168
8,14,25.021069
8,15,25.159904
8,16,25.254103
8,17,25.324162
8,18,25.387323
8,19,25.45824
8,2,7.0107827
8,20,25.552603
8,21,25.685497
8,22,25.875984
8,23,26.142334
8,24,26.505955
8,25,26.982687
8,26,27.583902
8,27,28.304924
8,28,29.124575
8,29,30.0
8,3,10.253845
8,4,13.206486
8,5,15.814286
8,6,18.044155
8,7,19.894466
8,8,21.379972
8,9,22.537697
80,0,0.0
80,1,4.2310424
80,10,27.78011
80,11,28.53217
80,12,29.063549
80,13,29.427067
80,14,29.667772
80,15,29.821976
80,16,29.917488
80,17,29.974562
80,18,30.007338
80,19,30.025171
80,2,8.331799
80,20,30.034061
80,21,30.037561
80,22,30.0378
80,23,30.035828
80,24,30.032314
80,25,30.027489
80,26,30.02165
80,27,30.01493
80,28,30.00763
80,29,30.0
80,3,12.18387
80,4,15.69074
80,5,18.78481
80,6,21.430195
80,7,23.62188
80,8,25.38119
80,9,26.7494
81,0,0.0
81,1,4.2382774
81,10,27.822058
81,11,28.57476
81,12,29.106548
81,13,29.470284
81,14,29.711071
81,15,29.86525
81,16,29.960608
81,17,30.017408
81,18,30.04968
81,19,30.066784
81,2,8.345972
81,20,30.07451
81,21,30.076439
81,22,30.0744
81,23,30.06953
81,24,30.062195
81,25,30.052805
81,26,30.041473
81,27,30.028627
81,28,30.014603
81,29,30.0
81,3,12.204355
81,4,15.716799
81,5,18.815487
81,6,21.464638
81,7,23.659164
81,8,25.42062
81,9,26.79031
82,0,0.0
82,1,4.2513094
82,10,27.896912
82,11,28.650778
82,12,29.183239
82,13,29.54735
82,14,29.788279
82,15,29.942398
82,16,30.03751
82,17,30.093777
82,18,30.125229
82,19,30.140955
82,2,8.371426
82,20,30.146751
82,21,30.145754
82,22,30.139862
82,23,30.12967
82,24,30.115728
82,25,30.09802
82,26,30.077045
82,27,30.05311
82,28,30.02713
82,29,30.0
82,3,12.241208
82,4,15.763525
82,5,18.870552
82,6,21.526276
82,7,23.725933
82,8,25.491074
82,9,26.863424
83,0,0.0
83,1,4.2740097
83,10,28.0262
83,11,28.781916
83,12,29.315536
83,13,29.680237
83,14,29.921383
83,15,30.075403
83,16,30.170052
83,17,30.225492
83,18,30.255447
83,19,30.268988
83,2,8.415836
83,20,30.271317
83,21,30.265583
83,22,30.25284
83,23,30.233833
83,24,30.208258
83,25,30.176514
83,26,30.138617
83,27,30.095688
83,28,30.048836
83,29,30.0
83,3,12.3053
83,4,15.844862
83,5,18.966084
83,6,21.633251
83,7,23.841476
83,8,25.613003
83,9,26.989708
84,0,0.0
84,1,4.312457
84,10,28.242107
84,11,29.000872
84,12,29.53622
84,13,29.901873
84,14,30.14333
84,15,30.29714
84,16,30.391092
84,17,30.44507
84,18,30.472761
84,19,30.482515
84,2,8.490831
84,20,30.479486
84,21,30.465635
84,22,30.442055
84,23,30.408047
84,24,30.363642
84,25,30.308073
84,26,30.242289
84,27,30.167181
84,28,30.085443
84,29,30.0
84,3,12.413614
84,4,15.981835
84,5,19.126966
84,6,21.81279
84,7,24.035343
84,8,25.817036
84,9,27.200966
85,0,0.0
85,1,4.375565
85,10,28.591295
85,11,29.354471
85,12,29.892511
85,13,30.259472
85,14,30.501358
85,15,30.654844
85,16,30.747587
85,17,30.79945
85,18,30.82336
85,19,30.827549
85,2,8.614034
85,20,30.815681
85,21,30.789593
85,22,30.748241
85,23,30.691025
85,24,30.615776
85,25,30.522514
85,26,30.410995
85,27,30.284056
85,28,30.145126
85,29,30.0
85,3,12.59093
85,4,16.206001
85,5,19.389238
85,6,22.105247
85,7,24.350067
85,8,26.148006
85,9,27.54281
86,0,0.0
86,1,4.4764667
86,10,29.13771
86,11,29.90745
86,12,30.449072
86,13,30.817902
86,14,31.06028
86,15,31.213139
86,16,31.30419
86,17,31.35264
86,18,31.371273
86,19,31.366644
86,2,8.810402
86,20,31.342121
86,21,31.296762
86,22,31.229237
86,23,31.135462
86,24,31.013538
86,25,30.86064
86,26,30.67829
86,27,30.468967
86,28,30.239952
86,29,30.0
86,3,12.873411
86,4,16.561607
86,5,19.804714
86,6,22.566597
86,7,24.845798
86,8,26.6676
86,9,28.078896
87,0,0.0
87,1,4.6332965
87,10,29.966213
87,11,30.744402
87,12,31.290928
87,13,31.66193
87,14,31.904804
87,15,32.056717
87,16,32.14508
87,17,32.189003
87,18,32.199604
87,19,32.183052
87,2,9.115513
87,20,32.13947
87,21,32.067223
87,22,31.96022
87,23,31.813805
87,24,31.62096
87,25,31.379642
87,26,31.088593
87,27,30.754196
87,28,30.386023
87,29,30.0
87,3,13.3104315
87,4,17.110643
87,5,20.442974
87,6,23.273613
87,7,25.60218
87,8,27.458838
87,9,28.892717
88,0,0.0
88,1,4.8714433
88,10,31.182465
88,11,31.97163
88,12,32.52365
88,13,32.897182
88,14,33.14027
88,15,33.290543
88,16,33.375427
88,17,33.412697
88,18,33.413086
88,19,33.3794
88,2,9.577044
88,20,33.310814
88,21,33.19994
88,22,33.03924
88,23,32.816467
88,24,32.523636
88,25,32.152084
88,26,31.702778
88,27,31.181381
88,28,30.605766
88,29,30.0
88,3,13.969881
88,4,17.934364
88,5,21.397121
88,6,24.324543
88,7,26.722883
88,8,28.626083
88,9,30.090689
89,0,0.0
89,1,5.2246737
89,10,32.913246
89,11,33.71412
89,12,34.272186
89,13,34.647663
89,14,34.890373
89,15,35.03825
89,16,35.118095
89,17,35.14738
89,18,35.133785
89,19,35.079147
89,2,10.260046
89,20,34.976532
89,21,34.81654
89,22,34.582047
89,23,34.257904
89,24,33.824913
89,25,33.273083
89,26,32.596504
89,27,31.806814
89,28,30.927675
89,29,30.0
89,3,14.939733
89,4,19.139898
89,5,22.783459
89,6,25.843971
89,7,28.333382
89,8,30.297407
89,9,31.799032
9,0,0.0
9,1,3.7532716
9,10,24.675781
9,11,25.347279
9,12,25.8234
9,13,26.150284
9,14,26.369316
9,15,26.513405
9,16,26.609203
9,17,26.677416
9,18,26.734243
9,19,26.793922
9,2,7.3917804
9,20,26.868435
9,21,26.971176
9,22,27.114216
9,23,27.312172
9,24,27.57658
9,25,27.918793
9,26,28.341969
9,27,28.842659
9,28,29.404156
9,29,30.0
9,3,10.809774
9,4,13.923535
9,5,16.670977
9,6,19.022573
9,7,20.971058
9,8,22.537542
9,9,23.75599
90,0,0.0
90,1,5.7393837
90,10,35.29917
90,11,36.11181
90,12,36.67416
90,13,37.05046
90,14,37.291443
90,15,37.435524
90,16,37.509384
90,17,37.528175
90,18,37.49877
90,19,37.417313
90,2,11.249486
90,20,37.27479
90,21,37.051468
90,22,36.72601
90,23,36.268177
90,24,35.653122
90,25,34.855515
90,26,33.868465
90,27,32.700363
90,28,31.390266
90,29,30.0
90,3,16.336273
90,4,20.860258
90,5,24.747517
90,6,27.97858
90,7,30.582851
90,8,32.617836
90,9,34.162346
91,0,0.0
91,1,6.478213
91,10,38.488384
91,11,39.307793
91,12,39.87129
91,13,40.245136
91,14,40.482224
91,15,40.621063
91,16,40.687065
91,17,40.69478
91,18,40.646423
91,19,40.536488
91,2,12.660932
91,20,40.34636
91,21,40.052025
91,22,39.61552
91,23,38.99792
91,24,38.15132
91,25,37.039764
91,26,35.637314
91,27,33.95507
91,28,32.042625
91,29,30.0
91,3,18.307255
91,4,23.263561
91,5,27.459658
91,6,30.899742
91,7,33.634003
91,8,35.7465
91,9,37.331455
92,0,0.0
92,1,7.5317316
92,10,42.619415
92,11,43.43705
92,12,43.993763
92,13,44.360355
92,14,44.59005
92,15,44.72127
92,16,44.778816
92,17,44.77392
92,18,44.7077
92,19,44.566933
92,2,14.650893
92,20,44.32987
92,21,43.957317
92,22,43.40258
92,23,42.600475
92,24,41.485283
92,25,39.985653
92,26,38.056484
92,27,35.68965
92,28,32.953884
92,29,30.0
92,3,21.048449
92,4,26.5531
92,5,31.120972
92,6,34.791557
92,7,37.659718
92,8,39.83969
92,9,41.455017
93,0,0.0
93,1,9.0366745
93,10,47.80807
93,11,48.60611
93,12,49.14498
93,13,49.496067
93,14,49.713577
93,15,49.834854
93,16,49.88248
93,17,49.866753
93,18,49.783363
93,19,49.617523
93,2,17.447536
93,20,49.336018
93,21,48.893787
93,22,48.22097
93,23,47.23452
93,24,45.826214
93,25,43.88752
93,26,41.316406
93,27,38.072807
93,28,34.223095
93,29,30.0
93,3,24.817924
93,4,30.982649
93,5,35.953876
93,6,39.84876
93,7,42.822205
93,8,45.041023
93,9,46.65722
94,0,0.0
94,1,11.223801
94,10,54.123352
94,11,54.877686
94,12,55.381077
94,13,55.70637
94,14,55.905334
94,15,56.013397
94,16,56.05149
94,17,56.026173
94,18,55.932587
94,19,55.74875
94,2,21.398657
94,20,55.43957
94,21,54.944397
94,22,54.18255
94,23,53.03552
94,24,51.35785
94,25,48.966236
94,26,45.677208
94,27,41.35069
94,28,36.014473
94,29,30.0
94,3,29.976465
94,4,36.860012
94,5,42.204662
94,6,46.253433
94,7,49.261745
94,8,51.454266
94,9,53.02372
95,0,0.0
95,1,14.524508
95,10,61.573437
95,11,62.249374
95,12,62.696556
95,13,62.982433
95,14,63.155506
95,15,63.24741
95,16,63.27563
95,17,63.24582
95,18,63.14906
95,19,62.964394
95,2,27.081497
95,20,62.649277
95,21,62.141617
95,22,61.341484
95,23,60.111046
95,24,58.247875
95,25,55.487175
95,26,51.49257
95,27,45.92757
95,28,38.628754
95,29,30.0
95,3,37.034176
95,4,44.564163
95,5,50.119698
95,6,54.15982
95,7,57.063232
95,8,59.12744
95,9,60.574272
96,0,0.0
96,1,19.86013
96,10,70.0851
96,11,70.64422
96,12,71.01007
96,13,71.24237
96,14,71.38153
96,15,71.453835
96,16,71.47366
96,17,71.44359
96,18,71.35621
96,19,71.1886
96,2,35.503136
96,20,70.90327
96,21,70.43437
96,22,69.68436
96,23,68.49605
96,24,66.63495
96,25,63.736267
96,26,59.267143
96,27,52.5002
96,28,42.707977
96,29,30.0
96,3,46.7241
96,4,54.525227
96,5,59.916344
96,6,63.64663
96,7,66.23265
96,8,68.02065
96,9,69.25004
97,0,0.0
97,1,29.472176
97,10,79.500465
97,11,79.90172
97,12,80.16268
97,13,80.327034
97,14,80.42484
97,15,80.47493
97,16,80.487015
97,17,80.46315
97,18,80.39575
97,19,80.26842
97,2,48.46869
97,20,80.048386
97,21,79.684586
97,22,79.08965
97,23,78.125305
97,24,76.554634
97,25,73.97414
97,26,69.65981
97,27,62.320198
97,28,49.814026
97,29,30.0
97,3,60.016888
97,4,67.148094
97,5,71.69019
97,6,74.66586
97,7,76.65197
97,8,77.991135
97,9,78.894325
98,0,0.0
98,1,49.60521
98,10,89.57556
98,11,89.786
98,12,89.92194
98,13,90.00733
98,14,90.057846
98,15,90.08343
98,16,90.08923
98,17,90.075745
98,18,90.03936
98,19,89.969864
98,2,68.97258
98,20,89.850174
98,21,89.64939
98,22,89.31795
98,23,88.76814
98,24,87.844826
98,25,86.243225
98,26,83.311646
98,27,77.46431
98,28,64.30911
98,29,30.0
98,3,77.86538
98,4,82.54521
98,5,85.26727
98,6,86.95842
98,7,88.052376
98,8,88.77479
98,9,89.256
99,0,0.0
99,1,100.0
99,10,100.0
99,11,100.0
99,12,100.0
99,13,100.0
99,14,100.0
99,15,100.0
99,16,100.0
99,17,100.0
99,18,100.0
99,19,100.0
99,2,100.0
99,20,100.0
99,21,100.0
99,22,100.0
99,23,100.0
99,24,100.0
99,25,100.0
99,26,100.0
99,27,100.0
99,28,100.0
99,29,30.0
99,3,100.0
99,4,100.0
99,5,100.0
99,6,100.0
99,7,100.0
99,8,100.0
99,9,100.0
