0,0,0.0
0,1,0.0
0,10,0.0
0,11,0.0
0,12,0.0
0,13,0.0
0,14,0.0
0,15,30.0
0,2,0.0
0,3,0.0
0,4,0.0
0,5,0.0
0,6,0.0
0,7,0.0
0,8,0.0
0,9,0.0
1,0,0.0
1,1,0.6286103
1,10,5.1439867
1,11,5.9173555
1,12,7.2132874
1,13,9.720869
1,14,15.334232
1,15,30.0
1,2,1.2416914
1,3,1.8255842
1,4,2.3702307
1,5,2.8705978
1,6,3.3281543
1,7,3.7526474
1,8,4.165344
1,9,4.6054115
10,0,0.0
10,1,11.080214
10,10,49.270332
10,11,47.669765
10,12,44.90768
10,13,40.929817
10,14,35.83011
10,15,30.0
10,2,21.116375
10,3,29.558064
10,4,36.296616
10,5,41.45645
10,6,45.233475
10,7,47.80828
10,8,49.308594
10,9,49.796947
11,0,0.0
11,1,14.50861
11,10,56.906284
11,11,54.788445
11,12,51.176258
11,13,45.810608
11,14,38.59799
11,15,30.0
11,2,27.04734
11,3,36.972775
11,4,44.447178
11,5,49.88702
11,6,53.695713
11,7,56.174683
11,8,57.5076
11,9,57.764465
12,0,0.0
12,1,19.910261
12,10,65.818306
12,11,63.415737
12,12,59.2098
12,13,52.546356
12,14,42.75537
12,15,30.0
12,2,35.5982
12,3,46.848236
12,4,54.644722
12,5,59.96354
12,6,63.50423
12,7,65.704865
12,8,66.800735
12,9,66.86468
13,0,0.0
13,1,29.537024
13,10,76.10008
13,11,73.858246
13,12,69.710304
13,13,62.416275
13,14,49.880547
13,15,30.0
13,2,48.592506
13,3,60.185303
13,4,67.33031
13,5,71.83046
13,6,74.66657
13,7,76.35449
13,8,77.14081
13,9,77.089836
14,0,0.0
14,1,49.647354
14,10,87.64364
14,11,86.21529
14,12,83.36367
14,13,77.532616
14,14,64.352974
14,15,30.0
14,2,69.05344
14,3,77.97597
14,4,82.66816
14,5,85.37025
14,6,86.98698
14,7,87.91623
14,8,88.32892
14,9,88.26423
15,0,0.0
15,1,100.0
15,10,100.0
15,11,100.0
15,12,100.0
15,13,100.0
15,14,100.0
15,15,30.0
15,2,100.0
15,3,100.0
15,4,100.0
15,5,100.0
15,6,100.0
15,7,100.0
15,8,100.0
15,9,100.0
2,0,0.0
2,1,1.2730999
2,10,10.055285
2,11,11.314014
2,12,13.216454
2,13,16.337025
2,14,21.616623
2,15,30.0
2,2,2.513249
2,3,3.6914554
2,4,4.786077
2,5,5.785674
2,6,6.691269
2,7,7.519204
2,8,8.305524
2,9,9.114532
3,0,0.0
3,1,1.9512502
3,10,14.652915
3,11,16.070797
3,12,18.004587
3,13,20.796356
3,14,24.796366
3,15,30.0
3,2,3.8482034
3,3,5.6430225
3,4,7.2997866
3,5,8.798147
3,6,10.136012
3,7,11.331691
3,8,12.42757
3,9,13.496452
4,0,0.0
4,1,2.684859
4,10,18.995804
4,11,20.317564
4,12,21.939552
4,13,24.050817
4,14,26.774239
4,15,30.0
4,2,5.2875485
4,3,7.7360735
4,4,9.976298
4,5,11.976549
4,6,13.729095
4,7,15.250776
4,8,16.583681
4,9,17.797848
5,0,0.0
5,1,3.5022511
5,10,23.22406
5,11,24.272238
5,12,25.391794
5,13,26.69777
5,14,28.252148
5,15,30.0
5,2,6.8843336
5,3,10.042174
5,4,12.899099
5,5,15.410175
5,6,17.561737
5,7,19.368036
5,8,20.868359
5,9,22.125204
6,0,0.0
6,1,4.4419885
6,10,27.514774
6,11,28.165886
6,12,28.66602
6,13,29.102188
6,14,29.539635
6,15,30.0
6,2,8.709594
6,3,12.655556
6,4,16.1759
6,5,19.213255
6,6,21.75084
6,7,23.80351
6,8,25.409157
6,9,26.623075
7,0,0.0
7,1,5.558771
7,10,32.060295
7,11,32.223053
7,12,32.01428
7,13,31.512436
7,14,30.807842
7,15,30.0
7,2,10.861851
7,3,15.702328
7,4,19.945885
7,5,23.528221
7,6,26.438702
7,7,28.700893
7,8,30.357098
7,9,31.458376
8,0,0.0
8,1,6.9344254
8,10,37.061356
8,11,36.66608
8,12,35.667202
8,13,34.133507
8,14,32.1835
8,15,30.0
8,2,13.482919
8,3,19.355255
8,4,24.388903
8,5,28.529287
8,6,31.790863
8,7,34.221573
8,8,35.877773
8,9,36.81054
9,0,0.0
9,1,8.6995125
9,10,42.72635
9,11,41.728386
9,12,39.867493
9,13,37.17973
9,14,33.79716
9,15,30.0
9,2,16.787138
9,3,23.857025
9,4,29.738403
9,5,34.424824
9,6,37.991623
9,7,40.535767
9,8,42.14142
9,9,42.86385
