0,0,0.0
0,1,0.0
0,10,0.0
0,11,0.0
0,12,0.0
0,13,0.0
0,14,0.0
0,15,30.0
0,2,0.0
0,3,0.0
0,4,0.0
0,5,0.0
0,6,0.0
0,7,0.0
0,8,0.0
0,9,0.0
1,0,0.0
1,1,0.63548374
1,10,5.1756997
1,11,5.944871
1,12,7.2352495
1,13,9.736167
1,14,15.342086
1,15,30.0
1,2,1.2551985
1,3,1.8452559
1,4,2.395348
1,5,2.900226
1,6,3.3611257
1,7,3.7876186
1,8,4.2008142
1,9,4.639801
10,0,0.0
10,1,11.11912
10,10,49.44526
10,11,47.821136
10,12,45.02823
10,13,41.013664
10,14,35.8731
10,15,30.0
10,2,21.192762
10,3,29.66906
10,4,36.438007
10,5,41.62268
10,6,45.417862
10,7,48.00313
10,8,49.50553
10,9,49.987236
11,0,0.0
11,1,14.543011
11,10,57.0606
11,11,54.921944
11,12,51.282562
11,13,45.88453
11,14,38.635895
11,15,30.0
11,2,27.114857
11,3,37.070885
11,4,44.57211
11,5,50.03388
11,6,53.85855
11,7,56.346718
11,8,57.68142
11,9,57.932365
12,0,0.0
12,1,19.938126
12,10,65.943115
12,11,63.523697
12,12,59.295746
12,13,52.606125
12,14,42.786015
12,15,30.0
12,2,35.6529
12,3,46.927696
12,4,54.7459
12,5,60.08245
12,6,63.636047
12,7,65.84409
12,8,66.94138
12,9,67.0005
13,0,0.0
13,1,29.55665
13,10,76.18787
13,11,73.934166
13,12,69.77075
13,13,62.4583
13,14,49.902092
13,15,30.0
13,2,48.631023
13,3,60.241257
13,4,67.40154
13,5,71.91417
13,6,74.75935
13,7,76.45247
13,8,77.23977
13,9,77.185394
14,0,0.0
14,1,49.657494
14,10,87.68896
14,11,86.254486
14,12,83.39487
14,13,77.554306
14,14,64.36409
14,15,30.0
14,2,69.07334
14,3,78.004875
14,4,82.704956
14,5,85.41348
14,6,87.0349
14,7,87.96683
14,8,88.38002
14,9,88.31357
15,0,0.0
15,1,100.0
15,10,100.0
15,11,100.0
15,12,100.0
15,13,100.0
15,14,100.0
15,15,30.0
15,2,100.0
15,3,100.0
15,4,100.0
15,5,100.0
15,6,100.0
15,7,100.0
15,8,100.0
15,9,100.0
2,0,0.0
2,1,1.2867545
2,10,10.118206
2,11,11.368599
2,12,13.260013
2,13,16.367369
2,14,21.632196
2,15,30.0
2,2,2.5400906
2,3,3.730528
2,4,4.8359766
2,5,5.844507
2,6,6.7567415
2,7,7.5886226
2,8,8.375927
2,9,9.182773
3,0,0.0
3,1,1.97148
3,10,14.745897
3,11,16.15144
3,12,18.068935
3,13,20.841171
3,14,24.819365
3,15,30.0
3,2,3.8879514
3,3,5.700892
3,4,7.3736496
3,5,8.885234
3,6,10.232876
3,7,11.434377
3,8,12.531666
3,9,13.597326
4,0,0.0
4,1,2.711266
4,10,19.116837
4,11,20.42251
4,12,22.023262
4,13,24.109112
4,14,26.804148
4,15,30.0
4,2,5.339444
4,3,7.8115864
4,4,10.072683
4,5,12.090118
4,6,13.855392
4,7,15.384587
4,8,16.71929
4,9,17.929201
5,0,0.0
5,1,3.5342062
5,10,23.37001
5,11,24.398735
5,12,25.492676
5,13,26.767998
5,14,28.288183
5,15,30.0
5,2,6.9471
5,3,10.133513
5,4,13.015609
5,5,15.547438
5,6,17.714285
5,7,19.52961
5,8,21.032011
5,9,22.28366
6,0,0.0
6,1,4.4785337
6,10,27.681128
6,11,28.310024
6,12,28.780924
6,13,29.182175
6,14,29.580664
6,15,30.0
6,2,8.781389
6,3,12.759972
6,4,16.309078
6,5,19.370056
6,6,21.925053
6,7,23.987915
6,8,25.595861
6,9,26.803762
7,0,0.0
7,1,5.598626
7,10,32.24106
7,11,32.379612
7,12,32.139065
7,13,31.599264
7,14,30.852386
7,15,30.0
7,2,10.940111
7,3,15.816148
7,4,20.090973
7,5,23.699005
7,6,26.628338
7,7,28.90155
7,8,30.560148
7,9,31.654795
8,0,0.0
8,1,6.975945
8,10,37.249077
8,11,36.828617
8,12,35.7967
8,13,34.22361
8,14,32.229706
8,15,30.0
8,2,13.564457
8,3,19.473783
8,4,24.539978
8,5,28.707018
8,6,31.988152
8,7,34.430214
8,8,36.088814
8,9,37.014603
9,0,0.0
9,1,8.740786
9,10,42.912376
9,11,41.889397
9,12,39.995758
9,13,37.268944
9,14,33.84292
9,15,30.0
9,2,16.86816
9,3,23.974804
9,4,29.888447
9,5,34.601307
9,6,38.187424
9,7,40.742767
9,8,42.350716
9,9,43.06614
