0,0,0.0
0,1,0.0
0,10,0.0
0,11,0.0
0,12,0.0
0,13,0.0
0,14,0.0
0,15,30.0
0,2,0.0
0,3,0.0
0,4,0.0
0,5,0.0
0,6,0.0
0,7,0.0
0,8,0.0
0,9,0.0
1,0,0.0
1,1,0.6355947
1,10,5.176163
1,11,5.945268
1,12,7.2355638
1,13,9.736384
1,14,15.342197
1,15,30.0
1,2,1.2554157
1,3,1.8455697
1,4,2.3957448
1,5,2.900689
1,6,3.3616338
1,7,3.7881503
1,8,4.201346
1,9,4.6403093
10,0,0.0
10,1,11.119583
10,10,49.44719
10,11,47.822792
10,12,45.029533
10,13,41.014572
10,14,35.87356
10,15,30.0
10,2,21.193668
10,3,29.670368
10,4,36.439663
10,5,41.62461
10,6,45.419975
10,7,48.005344
10,8,49.50775
10,9,49.989357
11,0,0.0
11,1,14.543407
11,10,57.062256
11,11,54.923363
11,12,51.283684
11,13,45.885307
11,14,38.63629
11,15,30.0
11,2,27.115635
11,3,37.07201
11,4,44.573532
11,5,50.035534
11,6,53.86037
11,7,56.348618
11,8,57.683323
11,9,57.934185
12,0,0.0
12,1,19.938442
12,10,65.94442
12,11,63.524822
12,12,59.29663
12,13,52.606735
12,14,42.78633
12,15,30.0
12,2,35.653515
12,3,46.928593
12,4,54.747025
12,5,60.08376
12,6,63.63749
12,7,65.8456
12,8,66.94289
12,9,67.00194
13,0,0.0
13,1,29.55687
13,10,76.18878
13,11,73.93494
13,12,69.77136
13,13,62.458725
13,14,49.90231
13,15,30.0
13,2,48.631447
13,3,60.24187
13,4,67.40231
13,5,71.91507
13,6,74.76035
13,7,76.45351
13,8,77.240814
13,9,77.18638
14,0,0.0
14,1,49.657604
14,10,87.68942
14,11,86.25488
14,12,83.39519
14,13,77.55453
14,14,64.364204
14,15,30.0
14,2,69.073555
14,3,78.00519
14,4,82.70535
14,5,85.41394
14,6,87.0354
14,7,87.96736
14,8,88.38055
14,9,88.31408
15,0,0.0
15,1,100.0
15,10,100.0
15,11,100.0
15,12,100.0
15,13,100.0
15,14,100.0
15,15,30.0
15,2,100.0
15,3,100.0
15,4,100.0
15,5,100.0
15,6,100.0
15,7,100.0
15,8,100.0
15,9,100.0
2,0,0.0
2,1,1.2869718
2,10,10.119111
2,11,11.369377
2,12,13.260628
2,13,16.367794
2,14,21.632414
2,15,30.0
2,2,2.5405157
2,3,3.7311425
2,4,4.836753
2,5,5.845412
2,6,6.757736
2,7,7.5896626
2,8,8.376966
2,9,9.183768
3,0,0.0
3,1,1.971794
3,10,14.747208
3,11,16.152561
3,12,18.069822
3,13,20.841785
3,14,24.81968
3,15,30.0
3,2,3.8885653
3,3,5.7017803
3,4,7.374772
3,5,8.886542
3,6,10.234313
3,7,11.435879
3,8,12.53317
3,9,13.5987625
4,0,0.0
4,1,2.7116628
4,10,19.11849
4,11,20.423931
4,12,22.024385
4,13,24.10989
4,14,26.804546
4,15,30.0
4,2,5.340221
4,3,7.8127084
4,4,10.074102
4,5,12.091772
4,6,13.857209
4,7,15.386488
4,8,16.721188
4,9,17.93102
5,0,0.0
5,1,3.534669
5,10,23.37194
5,11,24.40039
5,12,25.493988
5,13,26.768906
5,14,28.288647
5,15,30.0
5,2,6.948005
5,3,10.134822
5,4,13.017263
5,5,15.549366
5,6,17.716404
5,7,19.531824
5,8,21.03423
5,9,22.285778
6,0,0.0
6,1,4.479042
6,10,27.683245
6,11,28.311844
6,12,28.78236
6,13,29.18317
6,14,29.581173
6,15,30.0
6,2,8.782384
6,3,12.761408
6,4,16.310896
6,5,19.372173
6,6,21.92738
6,7,23.990353
6,8,25.598293
6,9,26.806091
7,0,0.0
7,1,5.599158
7,10,32.243275
7,11,32.381516
7,12,32.14057
7,13,31.600307
7,14,30.85292
7,15,30.0
7,2,10.941153
7,3,15.817652
7,4,20.092873
7,5,23.70122
7,6,26.630772
7,7,28.904095
7,8,30.562695
7,9,31.657227
8,0,0.0
8,1,6.976477
8,10,37.251286
8,11,36.83052
8,12,35.798206
8,13,34.22465
8,14,32.23024
8,15,30.0
8,2,13.565498
8,3,19.475288
8,4,24.541878
8,5,28.709232
8,6,31.990582
8,7,34.432762
8,8,36.09136
8,9,37.017036
9,0,0.0
9,1,8.741294
9,10,42.914497
9,11,41.891216
9,12,39.9972
9,13,37.26994
9,14,33.843426
9,15,30.0
9,2,16.869156
9,3,23.976242
9,4,29.890266
9,5,34.603424
9,6,38.18975
9,7,40.7452
9,8,42.353146
9,9,43.068462
