0,0,0.0
0,1,0.0
0,10,0.0
0,11,0.0
0,12,0.0
0,13,0.0
0,14,0.0
0,15,30.0
0,2,0.0
0,3,0.0
0,4,0.0
0,5,0.0
0,6,0.0
0,7,0.0
0,8,0.0
0,9,0.0
1,0,0.0
1,1,0.63109624
1,10,5.1567383
1,11,5.928532
1,12,7.2222834
1,13,9.727171
1,14,15.3374815
1,15,30.0
1,2,1.2466006
1,3,1.8327987
1,4,2.3795414
1,5,2.8817286
1,6,3.3407137
1,7,3.766166
1,8,4.17925
1,9,4.619075
10,0,0.0
10,1,11.0985565
10,10,49.356747
10,11,47.744904
10,12,44.967747
10,13,40.971718
10,14,35.851627
10,15,30.0
10,2,21.152477
10,3,29.610703
10,4,36.364
10,5,41.536106
10,6,45.32238
10,7,47.90283
10,8,49.40477
10,9,49.89044
11,0,0.0
11,1,14.525141
11,10,56.983715
11,11,54.85572
11,12,51.230026
11,13,45.84809
11,14,38.617245
11,15,30.0
11,2,27.079847
11,3,37.020176
11,4,44.507797
11,5,49.958656
11,6,53.77559
11,7,56.25958
11,8,57.59388
11,9,57.848278
12,0,0.0
12,1,19.923847
12,10,65.88168
12,11,63.470795
12,12,59.253777
12,13,52.577015
12,14,42.771114
12,15,30.0
12,2,35.624924
12,3,46.887177
12,4,54.69451
12,5,60.022335
12,6,63.569767
12,7,65.77446
12,8,66.871445
12,9,66.93333
13,0,0.0
13,1,29.546692
13,10,76.14506
13,11,73.897285
13,12,69.74149
13,13,62.43801
13,14,49.89171
13,15,30.0
13,2,48.61151
13,3,60.212997
13,4,67.36571
13,5,71.87226
13,6,74.713135
13,7,76.40392
13,8,77.19101
13,9,77.13855
14,0,0.0
14,1,49.652378
14,10,87.66697
14,11,86.23555
14,12,83.379845
14,13,77.54389
14,14,64.358765
14,15,30.0
14,2,69.06332
14,3,77.990364
14,4,82.686554
14,5,85.39197
14,6,87.01116
14,7,87.941895
14,8,88.35498
14,9,88.28953
15,0,0.0
15,1,100.0
15,10,100.0
15,11,100.0
15,12,100.0
15,13,100.0
15,14,100.0
15,15,30.0
15,2,100.0
15,3,100.0
15,4,100.0
15,5,100.0
15,6,100.0
15,7,100.0
15,8,100.0
15,9,100.0
2,0,0.0
2,1,1.2781239
2,10,10.080915
2,11,11.336469
2,12,13.234512
2,13,16.34968
2,14,21.623138
2,15,30.0
2,2,2.5231798
2,3,3.706024
2,4,4.8048887
2,5,5.8081226
2,6,6.7165976
2,7,7.5464287
2,8,8.333516
2,9,9.142012
3,0,0.0
3,1,1.9588987
3,10,14.691551
3,11,16.104612
3,12,18.031775
3,13,20.81539
3,14,24.80617
3,15,30.0
3,2,3.8632967
3,3,5.665173
3,4,7.3283286
3,5,8.832201
3,6,10.174358
3,7,11.372878
3,8,12.4698515
3,9,13.537918
4,0,0.0
4,1,2.6951723
4,10,19.047352
4,11,20.362644
4,12,21.975752
4,13,24.076157
4,14,26.787277
4,15,30.0
4,2,5.307912
4,3,7.7658978
4,4,10.014722
4,5,12.022289
4,6,13.78056
4,7,15.3059435
4,8,16.640247
4,9,17.853243
5,0,0.0
5,1,3.5151908
5,10,23.287947
5,11,24.328035
5,12,25.436573
5,13,26.72908
5,14,28.268261
5,15,30.0
5,2,6.9098406
5,3,10.079534
5,4,12.947125
5,5,15.467308
5,6,17.625877
5,7,19.43671
5,8,20.938648
5,9,22.193943
6,0,0.0
6,1,4.4573264
6,10,27.589653
6,11,28.231224
6,12,28.718395
6,13,29.138802
6,14,29.55846
6,15,30.0
6,2,8.739838
6,3,12.699772
6,4,16.232714
6,5,19.280703
6,6,21.826485
6,7,23.884342
6,8,25.491777
6,9,26.703754
7,0,0.0
7,1,5.576087
7,10,32.143894
7,11,32.29591
7,12,32.07265
7,13,31.5532
7,14,30.828806
7,15,30.0
7,2,10.895949
7,3,15.752173
7,4,20.009819
7,5,23.604057
7,6,26.5236
7,7,28.791508
7,8,30.449572
7,9,31.548552
8,0,0.0
8,1,6.9530334
8,10,37.15036
8,11,36.74359
8,12,35.729233
8,13,34.17682
8,14,32.205753
8,15,30.0
8,2,13.519571
8,3,19.408756
8,4,24.457499
8,5,28.61052
8,6,31.881714
8,7,34.31839
8,8,35.976463
8,9,36.906662
9,0,0.0
9,1,8.718529
9,10,42.81653
9,11,41.80684
9,12,39.93026
9,13,37.22352
9,14,33.819664
9,15,30.0
9,2,16.824553
9,3,23.911638
9,4,29.808329
9,5,34.507584
9,6,38.08405
9,7,40.634174
9,8,42.241608
9,9,42.961327
