0,0,0.0
0,1,0.0
0,10,0.0
0,11,0.0
0,12,0.0
0,13,0.0
0,14,0.0
0,15,30.0
0,2,0.0
0,3,0.0
0,4,0.0
0,5,0.0
0,6,0.0
0,7,0.0
0,8,0.0
0,9,0.0
1,0,0.0
1,1,0.6356913
1,10,5.176565
1,11,5.945613
1,12,7.235836
1,13,9.736572
1,14,15.342293
1,15,30.0
1,2,1.2556049
1,3,1.8458427
1,4,2.3960903
1,5,2.9010909
1,6,3.3620758
1,7,3.7886121
1,8,4.201808
1,9,4.640751
10,0,0.0
10,1,11.119985
10,10,49.448853
10,11,47.82422
10,12,45.030666
10,13,41.01535
10,14,35.873962
10,15,30.0
10,2,21.194452
10,3,29.671501
10,4,36.441097
10,5,41.626286
10,6,45.421818
10,7,48.007263
10,8,49.509666
10,9,49.991188
11,0,0.0
11,1,14.543751
11,10,57.063683
11,11,54.924583
11,12,51.284653
11,13,45.88597
11,14,38.63663
11,15,30.0
11,2,27.116306
11,3,37.07298
11,4,44.57476
11,5,50.036972
11,6,53.861946
11,7,56.350266
11,8,57.684967
11,9,57.935753
12,0,0.0
12,1,19.938713
12,10,65.94555
12,11,63.525787
12,12,59.297394
12,13,52.60726
12,14,42.786594
12,15,30.0
12,2,35.654045
12,3,46.92935
12,4,54.747997
12,5,60.08489
12,6,63.638733
12,7,65.84689
12,8,66.94418
12,9,67.00318
13,0,0.0
13,1,29.557053
13,10,76.18955
13,11,73.93561
13,12,69.77188
13,13,62.459084
13,14,49.902493
13,15,30.0
13,2,48.63181
13,3,60.2424
13,4,67.402985
13,5,71.91585
13,6,74.7612
13,7,76.4544
13,8,77.24171
13,9,77.18724
14,0,0.0
14,1,49.657696
14,10,87.68982
14,11,86.25522
14,12,83.39545
14,13,77.5547
14,14,64.364296
14,15,30.0
14,2,69.07374
14,3,78.005455
14,4,82.705696
14,5,85.41434
14,6,87.035835
14,7,87.96781
14,8,88.381004
14,9,88.314514
15,0,0.0
15,1,100.0
15,10,100.0
15,11,100.0
15,12,100.0
15,13,100.0
15,14,100.0
15,15,30.0
15,2,100.0
15,3,100.0
15,4,100.0
15,5,100.0
15,6,100.0
15,7,100.0
15,8,100.0
15,9,100.0
2,0,0.0
2,1,1.2871609
2,10,10.119897
2,11,11.370051
2,12,13.26116
2,13,16.368162
2,14,21.6326
2,15,30.0
2,2,2.5408852
2,3,3.7316768
2,4,4.8374276
2,5,5.8461995
2,6,6.7586
2,7,7.5905666
2,8,8.37787
2,9,9.184631
3,0,0.0
3,1,1.972067
3,10,14.7483425
3,11,16.153536
3,12,18.070593
3,13,20.842318
3,14,24.81995
3,15,30.0
3,2,3.8890998
3,3,5.702552
3,4,7.375748
3,5,8.887679
3,6,10.235561
3,7,11.437184
3,8,12.534475
3,9,13.600011
4,0,0.0
4,1,2.7120085
4,10,19.119928
4,11,20.425163
4,12,22.025358
4,13,24.110565
4,14,26.80489
4,15,30.0
4,2,5.3408957
4,3,7.8136854
4,4,10.075336
4,5,12.09321
4,6,13.8587885
4,7,15.388138
4,8,16.72284
4,9,17.932598
5,0,0.0
5,1,3.5350714
5,10,23.373613
5,11,24.401829
5,12,25.495121
5,13,26.76969
5,14,28.28905
5,15,30.0
5,2,6.9487925
5,3,10.13596
5,4,13.018702
5,5,15.551042
5,6,17.718243
5,7,19.533749
5,8,21.036152
5,9,22.287617
6,0,0.0
6,1,4.479484
6,10,27.685085
6,11,28.31342
6,12,28.78361
6,13,29.18403
6,14,29.581614
6,15,30.0
6,2,8.783248
6,3,12.762659
6,4,16.312473
6,5,19.374012
6,6,21.929398
6,7,23.99246
6,8,25.600403
6,9,26.80811
7,0,0.0
7,1,5.59962
7,10,32.245197
7,11,32.383163
7,12,32.141872
7,13,31.601208
7,14,30.853378
7,15,30.0
7,2,10.942056
7,3,15.818958
7,4,20.094524
7,5,23.703144
7,6,26.632881
7,7,28.906301
7,8,30.5649
7,9,31.659336
8,0,0.0
8,1,6.9769387
8,10,37.25321
8,11,36.832165
8,12,35.799507
8,13,34.225555
8,14,32.230698
8,15,30.0
8,2,13.566401
8,3,19.476593
8,4,24.54353
8,5,28.711155
8,6,31.992695
8,7,34.434967
8,8,36.093567
8,9,37.019146
9,0,0.0
9,1,8.741735
9,10,42.916332
9,11,41.89279
9,12,39.99844
9,13,37.2708
9,14,33.843864
9,15,30.0
9,2,16.870018
9,3,23.97749
9,4,29.891844
9,5,34.605263
9,6,38.191772
9,7,40.747314
9,8,42.355255
9,9,43.070484
