0,0,0.0
0,1,0.0
0,2,0.0
0,3,0.0
0,4,0.0
0,5,0.0
0,6,0.0
0,7,30.0
1,0,0.0
1,1,2.9511352
1,2,5.56221
1,3,7.701153
1,4,9.553263
1,5,11.834543
1,6,16.579254
1,7,30.0
2,0,0.0
2,1,6.2494774
2,2,11.6098175
2,3,15.705765
2,4,18.694365
2,5,21.219557
2,6,24.490208
2,7,30.0
3,0,0.0
3,1,10.450607
3,2,18.946304
3,3,24.849068
3,4,28.33069
3,5,29.884922
3,6,30.176634
3,7,30.0
4,0,0.0
4,1,16.624308
4,2,28.908306
4,3,36.454475
4,4,39.936092
4,5,39.846928
4,6,36.350334
4,7,30.0
5,0,0.0
5,1,27.157255
5,2,43.64228
5,3,52.167828
5,4,55.156433
5,5,53.252018
5,6,45.397987
5,7,30.0
6,0,0.0
6,1,48.378197
6,2,66.36464
6,3,73.454575
6,4,75.30669
6,5,72.63698
6,6,62.006313
6,7,30.0
7,0,0.0
7,1,100.0
7,2,100.0
7,3,100.0
7,4,100.0
7,5,100.0
7,6,100.0
7,7,30.0
