0,0,0.0
0,1,0.0
0,10,0.0
0,11,0.0
0,12,0.0
0,13,0.0
0,14,0.0
0,15,30.0
0,2,0.0
0,3,0.0
0,4,0.0
0,5,0.0
0,6,0.0
0,7,0.0
0,8,0.0
0,9,0.0
1,0,0.0
1,1,0.63566256
1,10,5.176446
1,11,5.9455104
1,12,7.235756
1,13,9.736517
1,14,15.342265
1,15,30.0
1,2,1.2555485
1,3,1.8457614
1,4,2.3959875
1,5,2.9009714
1,6,3.3619442
1,7,3.7884746
1,8,4.2016706
1,9,4.6406198
10,0,0.0
10,1,11.119867
10,10,49.448364
10,11,47.823807
10,12,45.030334
10,13,41.01512
10,14,35.873848
10,15,30.0
10,2,21.194223
10,3,29.67117
10,4,36.440678
10,5,41.625793
10,6,45.421276
10,7,48.0067
10,8,49.509106
10,9,49.99065
11,0,0.0
11,1,14.543652
11,10,57.06327
11,11,54.92423
11,12,51.28437
11,13,45.88578
11,14,38.636536
11,15,30.0
11,2,27.116112
11,3,37.0727
11,4,44.5744
11,5,50.036552
11,6,53.861485
11,7,56.349785
11,8,57.68449
11,9,57.935295
12,0,0.0
12,1,19.938633
12,10,65.94522
12,11,63.525505
12,12,59.297173
12,13,52.607117
12,14,42.786522
12,15,30.0
12,2,35.653893
12,3,46.929134
12,4,54.747715
12,5,60.08456
12,6,63.638374
12,7,65.84652
12,8,66.94381
12,9,67.00282
13,0,0.0
13,1,29.557001
13,10,76.18933
13,11,73.935425
13,12,69.771736
13,13,62.458984
13,14,49.902443
13,15,30.0
13,2,48.631706
13,3,60.242256
13,4,67.402794
13,5,71.915634
13,6,74.76096
13,7,76.45415
13,8,77.241455
13,9,77.18699
14,0,0.0
14,1,49.65767
14,10,87.68971
14,11,86.25513
14,12,83.39538
14,13,77.55466
14,14,64.36427
14,15,30.0
14,2,69.07369
14,3,78.00539
14,4,82.7056
14,5,85.41423
14,6,87.03571
14,7,87.96768
14,8,88.380875
14,9,88.31439
15,0,0.0
15,1,100.0
15,10,100.0
15,11,100.0
15,12,100.0
15,13,100.0
15,14,100.0
15,15,30.0
15,2,100.0
15,3,100.0
15,4,100.0
15,5,100.0
15,6,100.0
15,7,100.0
15,8,100.0
15,9,100.0
2,0,0.0
2,1,1.2871046
2,10,10.119662
2,11,11.369852
2,12,13.261002
2,13,16.368055
2,14,21.632545
2,15,30.0
2,2,2.5407753
2,3,3.731518
2,4,4.837227
2,5,5.8459654
2,6,6.758343
2,7,7.590298
2,8,8.377601
2,9,9.184376
3,0,0.0
3,1,1.9719857
3,10,14.748006
3,11,16.153246
3,12,18.070364
3,13,20.84216
3,14,24.819872
3,15,30.0
3,2,3.8889408
3,3,5.702322
3,4,7.375458
3,5,8.887341
3,6,10.235191
3,7,11.436796
3,8,12.534088
3,9,13.599638
4,0,0.0
4,1,2.7119057
4,10,19.1195
4,11,20.424797
4,12,22.02507
4,13,24.110363
4,14,26.804789
4,15,30.0
4,2,5.340695
4,3,7.8133945
4,4,10.074968
4,5,12.092783
4,6,13.858318
4,7,15.38765
4,8,16.722347
4,9,17.93213
5,0,0.0
5,1,3.5349517
5,10,23.373116
5,11,24.401402
5,12,25.494785
5,13,26.769457
5,14,28.288929
5,15,30.0
5,2,6.948559
5,3,10.135622
5,4,13.018274
5,5,15.550543
5,6,17.717697
5,7,19.533175
5,8,21.03558
5,9,22.28707
6,0,0.0
6,1,4.479353
6,10,27.684536
6,11,28.312952
6,12,28.78324
6,13,29.183773
6,14,29.581484
6,15,30.0
6,2,8.782991
6,3,12.762288
6,4,16.312004
6,5,19.373466
6,6,21.928799
6,7,23.991835
6,8,25.599777
6,9,26.80751
7,0,0.0
7,1,5.5994825
7,10,32.244625
7,11,32.38267
7,12,32.141483
7,13,31.60094
7,14,30.853245
7,15,30.0
7,2,10.941788
7,3,15.81857
7,4,20.094034
7,5,23.702572
7,6,26.632256
7,7,28.905647
7,8,30.564247
7,9,31.65871
8,0,0.0
8,1,6.976802
8,10,37.25264
8,11,36.831676
8,12,35.79912
8,13,34.22529
8,14,32.230564
8,15,30.0
8,2,13.5661335
8,3,19.476208
8,4,24.54304
8,5,28.710587
8,6,31.99207
8,7,34.43431
8,8,36.09291
8,9,37.01852
9,0,0.0
9,1,8.741606
9,10,42.915794
9,11,41.892326
9,12,39.998074
9,13,37.27055
9,14,33.843735
9,15,30.0
9,2,16.869764
9,3,23.977121
9,4,29.891376
9,5,34.60472
9,6,38.191174
9,7,40.74669
9,8,42.354633
9,9,43.06989
