0,0,0.0
0,1,0.0
0,10,0.0
0,11,0.0
0,12,0.0
0,13,0.0
0,14,0.0
0,15,30.0
0,2,0.0
0,3,0.0
0,4,0.0
0,5,0.0
0,6,0.0
0,7,0.0
0,8,0.0
0,9,0.0
1,0,0.0
1,1,0.63554955
1,10,5.1759744
1,11,5.9451065
1,12,7.2354355
1,13,9.736297
1,14,15.342152
1,15,30.0
1,2,1.2553273
1,3,1.8454418
1,4,2.3955834
1,5,2.9005003
1,6,3.3614268
1,7,3.787934
1,8,4.20113
1,9,4.6401024
10,0,0.0
10,1,11.119394
10,10,49.446404
10,11,47.82212
10,12,45.029007
10,13,41.0142
10,14,35.873375
10,15,30.0
10,2,21.1933
10,3,29.669838
10,4,36.438988
10,5,41.62383
10,6,45.419117
10,7,48.004448
10,8,49.50685
10,9,49.988495
11,0,0.0
11,1,14.543245
11,10,57.061584
11,11,54.922783
11,12,51.28323
11,13,45.88499
11,14,38.63613
11,15,30.0
11,2,27.115318
11,3,37.071552
11,4,44.572952
11,5,50.03486
11,6,53.85963
11,7,56.347847
11,8,57.68255
11,9,57.933445
12,0,0.0
12,1,19.938313
12,10,65.943886
12,11,63.524364
12,12,59.296272
12,13,52.606487
12,14,42.7862
12,15,30.0
12,2,35.653267
12,3,46.928226
12,4,54.746567
12,5,60.08322
12,6,63.636906
12,7,65.844986
12,8,66.942276
12,9,67.00136
13,0,0.0
13,1,29.556778
13,10,76.18841
13,11,73.93462
13,12,69.77111
13,13,62.45855
13,14,49.90222
13,15,30.0
13,2,48.63127
13,3,60.241623
13,4,67.402
13,5,71.91471
13,6,74.75994
13,7,76.45309
13,8,77.24039
13,9,77.185974
14,0,0.0
14,1,49.65756
14,10,87.68924
14,11,86.25472
14,12,83.39505
14,13,77.55444
14,14,64.36416
14,15,30.0
14,2,69.07347
14,3,78.00506
14,4,82.7052
14,5,85.41376
14,6,87.0352
14,7,87.96713
14,8,88.38034
14,9,88.31387
15,0,0.0
15,1,100.0
15,10,100.0
15,11,100.0
15,12,100.0
15,13,100.0
15,14,100.0
15,15,30.0
15,2,100.0
15,3,100.0
15,4,100.0
15,5,100.0
15,6,100.0
15,7,100.0
15,8,100.0
15,9,100.0
2,0,0.0
2,1,1.2868834
2,10,10.118742
2,11,11.3690605
2,12,13.260377
2,13,16.36762
2,14,21.632326
2,15,30.0
2,2,2.5403428
2,3,3.7308922
2,4,4.8364363
2,5,5.8450437
2,6,6.757332
2,7,7.5892396
2,8,8.376543
2,9,9.183363
3,0,0.0
3,1,1.9716662
3,10,14.746674
3,11,16.152105
3,12,18.06946
3,13,20.841534
3,14,24.819551
3,15,30.0
3,2,3.8883154
3,3,5.701418
3,4,7.3743153
3,5,8.886009
3,6,10.233728
3,7,11.435268
3,8,12.532558
3,9,13.598179
4,0,0.0
4,1,2.7115016
4,10,19.117819
4,11,20.423351
4,12,22.023928
4,13,24.109573
4,14,26.804384
4,15,30.0
4,2,5.3399043
4,3,7.812252
4,4,10.073523
4,5,12.091099
4,6,13.856468
4,7,15.385715
4,8,16.720417
4,9,17.930279
5,0,0.0
5,1,3.5344806
5,10,23.371155
5,11,24.39972
5,12,25.493452
5,13,26.768536
5,14,28.288458
5,15,30.0
5,2,6.9476376
5,3,10.134289
5,4,13.01659
5,5,15.54858
5,6,17.715542
5,7,19.530922
5,8,21.033325
5,9,22.284916
6,0,0.0
6,1,4.4788356
6,10,27.682383
6,11,28.311104
6,12,28.781778
6,13,29.182762
6,14,29.580965
6,15,30.0
6,2,8.781979
6,3,12.760824
6,4,16.310154
6,5,19.371311
6,6,21.926432
6,7,23.98936
6,8,25.597303
6,9,26.805141
7,0,0.0
7,1,5.598942
7,10,32.24238
7,11,32.38074
7,12,32.139957
7,13,31.599884
7,14,30.852701
7,15,30.0
7,2,10.940729
7,3,15.817041
7,4,20.0921
7,5,23.700317
7,6,26.62978
7,7,28.90306
7,8,30.561657
7,9,31.656239
8,0,0.0
8,1,6.9762607
8,10,37.25039
8,11,36.829746
8,12,35.797592
8,13,34.224228
8,14,32.230022
8,15,30.0
8,2,13.565076
8,3,19.474676
8,4,24.541107
8,5,28.708332
8,6,31.989592
8,7,34.431725
8,8,36.090324
8,9,37.016045
9,0,0.0
9,1,8.741088
9,10,42.913635
9,11,41.89048
9,12,39.996613
9,13,37.26954
9,14,33.843216
9,15,30.0
9,2,16.868752
9,3,23.975658
9,4,29.889526
9,5,34.602562
9,6,38.188805
9,7,40.744217
9,8,42.352158
9,9,43.06752
