0,0,0.0
0,1,0.0
0,10,0.0
0,11,0.0
0,12,0.0
0,13,0.0
0,14,0.0
0,15,30.0
0,2,0.0
0,3,0.0
0,4,0.0
0,5,0.0
0,6,0.0
0,7,0.0
0,8,0.0
0,9,0.0
1,0,0.0
1,1,0.6305649
1,10,5.154253
1,11,5.9263725
1,12,7.220557
1,13,9.725968
1,14,15.336863
1,15,30.0
1,2,1.2455554
1,3,1.8312752
1,4,2.3775933
1,5,2.8794272
1,6,3.3381476
1,7,3.7634394
1,8,4.176479
1,9,4.6163836
10,0,0.0
10,1,11.095436
10,10,49.342613
10,11,47.732666
10,12,44.957993
10,13,40.96493
10,14,35.848145
10,15,30.0
10,2,21.14635
10,3,29.601795
10,4,36.352642
10,5,41.52274
10,6,45.30754
10,7,47.88713
10,8,49.38889
10,9,49.875084
11,0,0.0
11,1,14.522375
11,10,56.971214
11,11,54.844902
11,12,51.221413
11,13,45.8421
11,14,38.61417
11,15,30.0
11,2,27.074415
11,3,37.012283
11,4,44.49773
11,5,49.946815
11,6,53.76245
11,7,56.24568
11,8,57.579826
11,9,57.83469
12,0,0.0
12,1,19.921598
12,10,65.87156
12,11,63.462032
12,12,59.246788
12,13,52.572163
12,14,42.768623
12,15,30.0
12,2,35.620514
12,3,46.88076
12,4,54.686348
12,5,60.012726
12,6,63.55911
12,7,65.7632
12,8,66.86005
12,9,66.92231
13,0,0.0
13,1,29.545109
13,10,76.137924
13,11,73.89111
13,12,69.73657
13,13,62.434586
13,14,49.889954
13,15,30.0
13,2,48.6084
13,3,60.208485
13,4,67.35994
13,5,71.865486
13,6,74.70562
13,7,76.39598
13,8,77.18298
13,9,77.1308
14,0,0.0
14,1,49.651558
14,10,87.663284
14,11,86.23236
14,12,83.377304
14,13,77.54212
14,14,64.35786
14,15,30.0
14,2,69.06171
14,3,77.98802
14,4,82.68358
14,5,85.38846
14,6,87.00728
14,7,87.93779
14,8,88.35083
14,9,88.285515
15,0,0.0
15,1,100.0
15,10,100.0
15,11,100.0
15,12,100.0
15,13,100.0
15,14,100.0
15,15,30.0
15,2,100.0
15,3,100.0
15,4,100.0
15,5,100.0
15,6,100.0
15,7,100.0
15,8,100.0
15,9,100.0
2,0,0.0
2,1,1.2770656
2,10,10.075974
2,11,11.332178
2,12,13.231084
2,13,16.347288
2,14,21.621912
2,15,30.0
2,2,2.5210989
2,3,3.702991
2,4,4.80101
2,5,5.8035426
2,6,6.7114925
2,7,7.541005
2,8,8.328007
2,9,9.1366625
3,0,0.0
3,1,1.9573262
3,10,14.684231
3,11,16.098255
3,12,18.026697
3,13,20.811852
3,14,24.804352
3,15,30.0
3,2,3.8602045
3,3,5.6606674
3,4,7.322569
3,5,8.8254
3,6,10.16678
3,7,11.364833
3,8,12.461681
3,9,13.529988
4,0,0.0
4,1,2.6931105
4,10,19.037788
4,11,20.354343
4,12,21.969124
4,13,24.071539
4,14,26.784904
4,15,30.0
4,2,5.3038583
4,3,7.759992
4,4,10.007177
4,5,12.013385
4,6,13.770643
4,7,15.295419
4,8,16.629566
4,9,17.84288
5,0,0.0
5,1,3.5126846
5,10,23.276371
5,11,24.31799
5,12,25.428556
5,13,26.723494
5,14,28.265394
5,15,30.0
5,2,6.904913
5,3,10.072359
5,4,12.937962
5,5,15.456499
5,6,17.613848
5,7,19.423952
5,8,20.925705
5,9,22.181393
6,0,0.0
6,1,4.4544444
6,10,27.576405
6,11,28.219732
6,12,28.709225
6,13,29.132414
6,14,29.555183
6,15,30.0
6,2,8.734176
6,3,12.691528
6,4,16.22219
6,5,19.268295
6,6,21.812685
6,7,23.869715
6,8,25.476948
6,9,26.68938
7,0,0.0
7,1,5.5729294
7,10,32.12944
7,11,32.28338
7,12,32.062656
7,13,31.546238
7,14,30.825235
7,15,30.0
7,2,10.889746
7,3,15.743146
7,4,19.998299
7,5,23.590487
7,6,26.50851
7,7,28.77552
7,8,30.433374
7,9,31.532864
8,0,0.0
8,1,6.949729
8,10,37.135292
8,11,36.73053
8,12,35.718822
8,13,34.169575
8,14,32.202034
8,15,30.0
8,2,13.513079
8,3,19.399311
8,4,24.445452
8,5,28.596333
8,6,31.865952
8,7,34.3017
8,8,35.95956
8,9,36.890297
9,0,0.0
9,1,8.715231
9,10,42.801544
9,11,41.79386
9,12,39.919914
9,13,37.216316
9,14,33.81597
9,15,30.0
9,2,16.818077
9,3,23.902216
9,4,29.796314
9,5,34.49344
9,6,38.068344
9,7,40.617554
9,8,42.224785
9,9,42.945045
