0,0,0.0
0,1,0.0
0,10,0.0
0,11,0.0
0,12,0.0
0,13,0.0
0,14,0.0
0,15,0.0
0,16,0.0
0,17,0.0
0,18,0.0
0,19,0.0
0,2,0.0
0,20,0.0
0,21,0.0
0,22,0.0
0,23,0.0
0,24,0.0
0,25,0.0
0,26,0.0
0,27,0.0
0,28,0.0
0,29,30.0
0,3,0.0
0,4,0.0
0,5,0.0
0,6,0.0
0,7,0.0
0,8,0.0
0,9,0.0
1,0,0.0
1,1,0.36208564
1,10,2.7506533
1,11,2.880264
1,12,2.9869528
1,13,3.0744998
1,14,3.146778
1,15,3.208288
1,16,3.263792
1,17,3.318772
1,18,3.3796978
1,19,3.4546394
1,2,0.7173457
1,20,3.5545435
1,21,3.694838
1,22,3.8992743
1,23,4.2062006
1,24,4.683342
1,25,5.4606156
1,26,6.817043
1,27,9.430235
1,28,15.1808
1,29,30.0
1,3,1.0594617
1,4,1.3825989
1,5,1.6822819
1,6,1.9548063
1,7,2.1982715
1,8,2.4115472
1,9,2.595279
10,0,0.0
10,1,2.7473183
10,10,20.844908
10,11,21.815273
10,12,22.606834
10,13,23.242878
10,14,23.749434
10,15,24.151773
10,16,24.475262
10,17,24.743757
10,18,24.979837
10,19,25.204874
10,2,5.4430685
10,20,25.43843
10,21,25.699347
10,22,26.004
10,23,26.367517
10,24,26.80077
10,25,27.31093
10,26,27.89776
10,27,28.553885
10,28,29.26259
10,29,30.0
10,3,8.038089
10,4,10.489705
10,5,12.761538
10,6,14.82805
10,7,16.671589
10,8,18.286434
10,9,19.673801
11,0,0.0
11,1,2.8747826
11,10,21.807697
11,11,22.821926
11,12,23.647623
11,13,24.310236
11,14,24.835411
11,15,25.249756
11,16,25.578388
11,17,25.845253
11,18,26.072428
11,19,26.279882
11,2,5.695341
11,20,26.486061
11,21,26.706871
11,22,26.956856
11,23,27.247238
11,24,27.587015
11,25,27.980297
11,26,28.427126
11,27,28.921164
11,28,29.451
11,29,30.0
11,3,8.410929
11,4,10.975725
11,5,13.353164
11,6,15.514694
11,7,17.443834
11,8,19.132446
11,9,20.583862
12,0,0.0
12,1,2.9780722
12,10,22.588375
12,11,23.637247
12,12,24.490892
12,13,25.174149
12,14,25.714163
12,15,26.137217
12,16,26.46901
12,17,26.733149
12,18,26.951134
12,19,27.14231
12,2,5.9001656
12,20,27.323334
12,21,27.509083
12,22,27.711412
12,23,27.940384
12,24,28.202389
12,25,28.501305
12,26,28.836502
12,27,29.204021
12,28,29.595528
12,29,30.0
12,3,8.713054
12,4,11.37027
12,5,13.832569
12,6,16.071959
12,7,18.069563
12,8,19.81879
12,9,21.321169
13,0,0.0
13,1,3.0603518
13,10,23.208723
13,11,24.28557
13,12,25.160692
13,13,25.860437
13,14,26.411518
13,15,26.841084
13,16,27.174532
13,17,27.435463
13,18,27.644993
13,19,27.821497
13,2,6.0629725
13,20,27.981056
13,21,28.13675
13,22,28.299751
13,23,28.478073
13,24,28.677816
13,25,28.901634
13,26,29.14993
13,27,29.419643
13,28,29.705536
13,29,30.0
13,3,8.953697
13,4,11.683876
13,5,14.214327
13,6,16.514889
13,7,18.567677
13,8,20.364279
13,9,21.907831
14,0,0.0
14,1,3.124502
14,10,23.692785
14,11,24.790815
14,12,25.68294
14,13,26.394966
14,14,26.954601
14,15,27.38867
14,16,27.72292
14,17,27.980675
14,18,28.182655
14,19,28.346886
14,2,6.190201
14,20,28.488346
14,21,28.61972
14,22,28.750675
14,23,28.888985
14,24,29.039505
14,25,29.205318
14,26,29.3867
14,27,29.582237
14,28,29.788269
14,29,30.0
14,3,9.1413145
14,4,11.9289
14,5,14.511961
14,6,16.860851
14,7,18.956005
14,8,20.790165
14,9,22.365147
15,0,0.0
15,1,3.173683
15,10,24.062859
15,11,25.177408
15,12,26.082056
15,13,26.803585
15,14,27.369335
15,15,27.806679
15,16,28.141113
15,17,28.39595
15,18,28.591675
15,19,28.745724
15,2,6.287492
15,20,28.872828
15,21,28.984653
15,22,29.090702
15,23,29.197699
15,24,29.310654
15,25,29.432125
15,26,29.56324
15,27,29.703104
15,28,29.849752
15,29,30.0
15,3,9.285132
15,4,12.116268
15,5,14.740049
15,6,17.125399
15,7,19.253485
15,8,21.11581
15,9,22.715294
16,0,0.0
16,1,3.2105682
16,10,24.340702
16,11,25.467249
16,12,26.381477
16,13,27.109795
16,14,27.680138
16,15,28.119637
16,16,28.453999
16,17,28.706356
16,18,28.896954
16,19,29.043064
16,2,6.3606553
16,20,29.158798
16,21,29.255714
16,22,29.342506
16,23,29.425957
16,24,29.510471
16,25,29.599043
16,26,29.692774
16,27,29.791744
16,28,29.894745
16,29,30.0
16,3,9.392995
16,4,12.257139
16,5,14.911114
16,6,17.324228
16,7,19.476582
16,8,21.360443
16,9,22.977863
17,0,0.0
17,1,3.2377782
17,10,24.545027
17,11,25.680607
17,12,26.601608
17,13,27.335007
17,14,27.908499
17,15,28.349525
17,16,28.683643
17,17,28.933956
17,18,29.120607
17,19,29.260529
17,2,6.41447
17,20,29.367752
17,21,29.453289
17,22,29.525854
17,23,29.591686
17,24,29.655415
17,25,29.71977
17,26,29.786411
17,27,29.855667
17,28,29.927206
17,29,30.0
17,3,9.472551
17,4,12.360757
17,5,15.037247
17,6,17.47047
17,7,19.64101
17,8,21.540369
17,9,23.171284
18,0,0.0
18,1,3.2574053
18,10,24.692596
18,11,25.834463
18,12,26.760473
18,13,27.497349
18,14,28.073135
18,15,28.515125
18,16,28.848976
18,17,29.09771
18,18,29.281319
18,19,29.41669
18,2,6.453406
18,20,29.517517
18,21,29.594803
18,22,29.656858
18,23,29.710026
18,24,29.758636
18,25,29.805717
18,26,29.852911
18,27,29.90107
18,28,29.950218
18,29,30.0
18,3,9.529937
18,4,12.435705
18,5,15.128228
18,6,17.576214
18,7,19.759611
18,8,21.670399
18,9,23.310783
19,0,0.0
19,1,3.2713337
19,10,24.796959
19,11,25.943403
19,12,26.872799
19,13,27.6122
19,14,28.189497
19,15,28.632149
19,16,28.965736
19,17,29.213255
19,18,29.394667
19,19,29.526663
19,2,6.480946
19,20,29.62294
19,21,29.694216
19,22,29.748856
19,23,29.792934
19,24,29.830936
19,25,29.865772
19,26,29.899387
19,27,29.932735
19,28,29.966282
19,29,30.0
19,3,9.570653
19,4,12.488718
19,5,15.19276
19,6,17.651005
19,7,19.843697
19,8,21.762365
19,9,23.409626
2,0,0.0
2,1,0.7173389
2,10,5.449461
2,11,5.7058864
2,12,5.917213
2,13,6.090168
2,14,6.2329206
2,15,6.353851
2,16,6.4624615
2,17,6.569192
2,18,6.6862884
2,19,6.829
2,2,1.4212785
2,20,7.017078
2,21,7.278371
2,22,7.6532416
2,23,8.204643
2,24,9.034196
2,25,10.315806
2,26,12.357083
2,27,15.7095375
2,28,21.286074
2,29,30.0
2,3,2.0989308
2,4,2.7393248
2,5,3.3328123
2,6,3.872981
2,7,4.355033
2,8,4.777805
2,9,5.141488
20,0,0.0
20,1,3.280994
20,10,24.869453
20,11,26.018944
20,12,26.950762
20,13,27.69182
20,14,28.27018
20,15,28.713234
20,16,29.046598
20,17,29.293247
20,18,29.473047
20,19,29.602695
20,2,6.500112
20,20,29.6957
20,21,29.762821
20,22,29.812206
20,23,29.850029
20,24,29.880615
20,25,29.907051
20,26,29.931255
20,27,29.954468
20,28,29.977283
20,29,30.0
20,3,9.598892
20,4,12.525602
20,5,15.237516
20,6,17.70302
20,7,19.902008
20,8,21.826288
20,9,23.478172
21,0,0.0
21,1,3.2875872
21,10,24.918741
21,11,26.070375
21,12,27.003765
21,13,27.745981
21,14,28.325022
21,15,28.768337
21,16,29.101528
21,17,29.347542
21,18,29.526237
21,19,29.654219
21,2,6.513145
21,20,29.745014
21,21,29.80923
21,22,29.855072
21,23,29.888577
21,24,29.914165
21,25,29.934868
21,26,29.952755
21,27,29.969097
21,28,29.9847
21,29,30.0
21,3,9.618163
21,4,12.550682
21,5,15.268047
21,6,17.738388
21,7,19.941769
21,8,21.869753
21,9,23.52488
22,0,0.0
22,1,3.2919827
22,10,24.95166
22,11,26.104658
22,12,27.039133
22,13,27.782082
22,14,28.361582
22,15,28.805054
22,16,29.138115
22,17,29.383694
22,18,29.561619
22,19,29.688496
22,2,6.5218678
22,20,29.777765
22,21,29.840065
22,22,29.883495
22,23,29.91415
22,24,29.93638
22,25,29.953297
22,26,29.966967
22,27,29.978779
22,28,29.9896
22,29,30.0
22,3,9.631009
22,4,12.567463
22,5,15.288401
22,6,17.762043
22,7,19.968273
22,8,21.898804
22,9,23.556013
23,0,0.0
23,1,3.2948673
23,10,24.973171
23,11,26.127098
23,12,27.062244
23,13,27.80569
23,14,28.385468
23,15,28.829044
23,16,29.162006
23,17,29.40729
23,18,29.584715
23,19,29.710842
23,2,6.527567
23,20,29.799124
23,21,29.860134
23,22,29.90201
23,23,29.930775
23,24,29.950834
23,25,29.965265
23,26,29.976202
23,27,29.98506
23,28,29.992779
23,29,30.0
23,3,9.639439
23,4,12.578428
23,5,15.30175
23,6,17.7775
23,7,19.98565
23,8,21.917788
23,9,23.576408
24,0,0.0
24,1,3.296715
24,10,24.986982
24,11,26.141472
24,12,27.077068
24,13,27.820808
24,14,28.400776
24,15,28.844404
24,16,29.177303
24,17,29.422394
24,18,29.599483
24,19,29.725136
24,2,6.5312343
24,20,29.812769
24,21,29.872967
24,22,29.913826
24,23,29.941391
24,24,29.960047
24,25,29.972898
24,26,29.982088
24,27,29.989061
24,28,29.994806
24,29,30.0
24,3,9.644838
24,4,12.585482
24,5,15.310301
24,6,17.787436
24,7,19.996777
24,8,21.929985
24,9,23.589474
25,0,0.0
25,1,3.2978806
25,10,24.995651
25,11,26.150513
25,12,27.086374
25,13,27.830313
25,14,28.410383
25,15,28.85405
25,16,29.186903
25,17,29.43187
25,18,29.608753
25,19,29.734095
25,2,6.5335374
25,20,29.821325
25,21,29.881
25,22,29.921227
25,23,29.948032
25,24,29.965813
25,25,29.977673
25,26,29.985765
25,27,29.991566
25,28,29.99607
25,29,30.0
25,3,9.648243
25,4,12.5899105
25,5,15.31569
25,6,17.793674
25,7,20.003786
25,8,21.937641
25,9,23.597696
26,0,0.0
26,1,3.298598
26,10,25.001
26,11,26.156075
26,12,27.09211
26,13,27.836159
26,14,28.416306
26,15,28.859985
26,16,29.192814
26,17,29.4377
26,18,29.614449
26,19,29.739607
26,2,6.5349607
26,20,29.826578
26,21,29.885939
26,22,29.925768
26,23,29.95211
26,24,29.96935
26,25,29.980598
26,26,29.988024
26,27,29.993097
26,28,29.99685
26,29,30.0
26,3,9.650339
26,4,12.592647
26,5,15.319008
26,6,17.797527
26,7,20.008102
26,8,21.942368
26,9,23.602757
27,0,0.0
27,1,3.2990327
27,10,25.004223
27,11,26.15944
27,12,27.095572
27,13,27.839691
27,14,28.419872
27,15,28.863567
27,16,29.196375
27,17,29.441216
27,18,29.617886
27,19,29.742924
27,2,6.53582
27,20,29.829748
27,21,29.888908
27,22,29.928507
27,23,29.954565
27,24,29.971478
27,25,29.982363
27,26,29.989378
27,27,29.994024
27,28,29.997314
27,29,30.0
27,3,9.651608
27,4,12.594297
27,5,15.321016
27,6,17.799852
27,7,20.010712
27,8,21.945217
27,9,23.60582
28,0,0.0
28,1,3.2992897
28,10,25.006136
28,11,26.161427
28,12,27.097618
28,13,27.84178
28,14,28.421982
28,15,28.865685
28,16,29.198479
28,17,29.44329
28,18,29.619911
28,19,29.744884
28,2,6.5363297
28,20,29.831615
28,21,29.890667
28,22,29.930119
28,23,29.956013
28,24,29.972734
28,25,29.983398
28,26,29.990181
28,27,29.994566
28,28,29.99759
28,29,30.0
28,3,9.652359
28,4,12.595279
28,5,15.322203
28,6,17.801231
28,7,20.012255
28,8,21.946909
28,9,23.607626
29,0,0.0
29,1,3.2994392
29,10,25.00724
29,11,26.162579
29,12,27.098804
29,13,27.842987
29,14,28.423206
29,15,28.866909
29,16,29.1997
29,17,29.444492
29,18,29.621086
29,19,29.746021
29,2,6.536625
29,20,29.832699
29,21,29.891682
29,22,29.931053
29,23,29.956852
29,24,29.973457
29,25,29.984001
29,26,29.990643
29,27,29.99488
29,28,29.99775
29,29,30.0
29,3,9.652796
29,4,12.595845
29,5,15.322894
29,6,17.802029
29,7,20.013153
29,8,21.947884
29,9,23.608679
3,0,0.0
3,1,1.0594327
3,10,8.047048
3,11,8.425699
3,12,8.736998
3,13,8.991801
3,14,9.201181
3,15,9.377841
3,16,9.535004
3,17,9.687532
3,18,9.852412
3,19,10.049956
3,2,2.0988932
3,20,10.306356
3,21,10.656076
3,22,11.147886
3,23,11.8514
3,24,12.870541
3,25,14.359819
3,26,16.546925
3,27,19.738163
3,28,24.240665
3,29,30.0
3,3,3.0998752
3,4,4.0453215
3,5,4.9221053
3,6,5.719413
3,7,6.4316373
3,8,7.0554934
3,9,7.5928082
30,0,0.0
30,1,3.299524
30,10,25.00787
30,11,26.163235
30,12,27.099476
30,13,27.843674
30,14,28.4239
30,15,28.867603
30,16,29.200392
30,17,29.445177
30,18,29.621754
30,19,29.746664
30,2,6.5367937
30,20,29.833313
30,21,29.892258
30,22,29.931583
30,23,29.957325
30,24,29.973873
30,25,29.984339
30,26,29.990904
30,27,29.99506
30,28,29.99784
30,29,30.0
30,3,9.653044
30,4,12.59617
30,5,15.323286
30,6,17.802485
30,7,20.01366
30,8,21.948444
30,9,23.609274
31,0,0.0
31,1,3.2995715
31,10,25.00822
31,11,26.163597
31,12,27.09985
31,13,27.844055
31,14,28.424282
31,15,28.867992
31,16,29.200775
31,17,29.445555
31,18,29.622124
31,19,29.74702
31,2,6.5368867
31,20,29.833652
31,21,29.892576
31,22,29.931877
31,23,29.957592
31,24,29.974098
31,25,29.984531
31,26,29.99105
31,27,29.99516
31,28,29.99789
31,29,30.0
31,3,9.653182
31,4,12.596349
31,5,15.323505
31,6,17.802738
31,7,20.013947
31,8,21.948753
31,9,23.609606
32,0,0.0
32,1,3.2995975
32,10,25.008411
32,11,26.163795
32,12,27.100054
32,13,27.844263
32,14,28.424494
32,15,28.8682
32,16,29.200985
32,17,29.44576
32,18,29.622324
32,19,29.747215
32,2,6.5369387
32,20,29.833838
32,21,29.89275
32,22,29.932037
32,23,29.957731
32,24,29.974226
32,25,29.984632
32,26,29.99113
32,27,29.995213
32,28,29.997917
32,29,30.0
32,3,9.653257
32,4,12.596448
32,5,15.323624
32,6,17.802876
32,7,20.014101
32,8,21.948923
32,9,23.609787
33,0,0.0
33,1,3.2996113
33,10,25.008514
33,11,26.1639
33,12,27.100164
33,13,27.844376
33,14,28.424606
33,15,28.868317
33,16,29.201096
33,17,29.445871
33,18,29.62243
33,19,29.747318
33,2,6.536966
33,20,29.833935
33,21,29.892843
33,22,29.932121
33,23,29.957811
33,24,29.974289
33,25,29.984688
33,26,29.991173
33,27,29.995241
33,28,29.997932
33,29,30.0
33,3,9.653297
33,4,12.596499
33,5,15.323687
33,6,17.80295
33,7,20.014183
33,8,21.949013
33,9,23.609886
34,0,0.0
34,1,3.2996187
34,10,25.008566
34,11,26.163958
34,12,27.10022
34,13,27.844433
34,14,28.424664
34,15,28.868372
34,16,29.201157
34,17,29.445927
34,18,29.622486
34,19,29.747372
34,2,6.53698
34,20,29.833988
34,21,29.89289
34,22,29.932167
34,23,29.957848
34,24,29.974327
34,25,29.984715
34,26,29.991194
34,27,29.995258
34,28,29.997938
34,29,30.0
34,3,9.653318
34,4,12.596528
34,5,15.323721
34,6,17.802986
34,7,20.014227
34,8,21.949059
34,9,23.609936
35,0,0.0
35,1,3.299622
35,10,25.008595
35,11,26.163984
35,12,27.100252
35,13,27.844463
35,14,28.424694
35,15,28.8684
35,16,29.201181
35,17,29.445957
35,18,29.622513
35,19,29.7474
35,2,6.536988
35,20,29.834013
35,21,29.892916
35,22,29.93219
35,23,29.95787
35,24,29.974342
35,25,29.984732
35,26,29.991203
35,27,29.995262
35,28,29.997944
35,29,30.0
35,3,9.65333
35,4,12.59654
35,5,15.323738
35,6,17.803009
35,7,20.014248
35,8,21.949085
35,9,23.609962
36,0,0.0
36,1,3.2996242
36,10,25.008606
36,11,26.164
36,12,27.100266
36,13,27.844479
36,14,28.42471
36,15,28.86842
36,16,29.201199
36,17,29.445969
36,18,29.622532
36,19,29.747412
36,2,6.5369916
36,20,29.834028
36,21,29.892927
36,22,29.932201
36,23,29.95788
36,24,29.97435
36,25,29.984737
36,26,29.991213
36,27,29.995266
36,28,29.997946
36,29,30.0
36,3,9.653336
36,4,12.59655
36,5,15.323748
36,6,17.803017
36,7,20.01426
36,8,21.949097
36,9,23.609974
37,0,0.0
37,1,3.299625
37,10,25.008612
37,11,26.164005
37,12,27.100273
37,13,27.844482
37,14,28.424717
37,15,28.868423
37,16,29.201204
37,17,29.44598
37,18,29.622536
37,19,29.747421
37,2,6.536993
37,20,29.834032
37,21,29.892935
37,22,29.932207
37,23,29.957886
37,24,29.974356
37,25,29.984741
37,26,29.991213
37,27,29.99527
37,28,29.997946
37,29,30.0
37,3,9.653338
37,4,12.596552
37,5,15.323751
37,6,17.803022
37,7,20.014265
37,8,21.9491
37,9,23.60998
38,0,0.0
38,1,3.2996254
38,10,25.008615
38,11,26.16401
38,12,27.100273
38,13,27.844486
38,14,28.42472
38,15,28.868427
38,16,29.20121
38,17,29.445982
38,18,29.622541
38,19,29.747421
38,2,6.536994
38,20,29.83404
38,21,29.892937
38,22,29.932209
38,23,29.957888
38,24,29.974356
38,25,29.984743
38,26,29.991215
38,27,29.99527
38,28,29.997946
38,29,30.0
38,3,9.653338
38,4,12.596554
38,5,15.323752
38,6,17.803024
38,7,20.014263
38,8,21.949106
38,9,23.609982
39,0,0.0
39,1,3.2996254
39,10,25.008615
39,11,26.16401
39,12,27.100277
39,13,27.844488
39,14,28.424723
39,15,28.86843
39,16,29.20121
39,17,29.445984
39,18,29.622541
39,19,29.747425
39,2,6.536994
39,20,29.83404
39,21,29.89294
39,22,29.932209
39,23,29.957886
39,24,29.97436
39,25,29.984741
39,26,29.991215
39,27,29.99527
39,28,29.997946
39,29,30.0
39,3,9.653339
39,4,12.596554
39,5,15.323753
39,6,17.803024
39,7,20.014269
39,8,21.949104
39,9,23.609983
4,0,0.0
4,1,1.38252
4,10,10.5005
4,11,10.993651
4,12,11.399307
4,13,11.730156
4,14,12.001394
4,15,12.228402
4,16,12.428194
4,17,12.618862
4,18,12.820694
4,19,13.057583
4,2,2.7391963
4,20,13.358301
4,21,13.760185
4,22,14.31151
4,23,15.07795
4,24,16.14664
4,25,17.632868
4,26,19.676292
4,27,22.417791
4,28,25.919233
4,29,30.0
4,3,4.045204
4,4,5.2793484
4,5,6.423077
4,6,7.4639544
4,7,8.392788
4,8,9.20723
4,9,9.907679
40,0,0.0
40,1,3.2996254
40,10,25.008617
40,11,26.164013
40,12,27.100277
40,13,27.844488
40,14,28.424723
40,15,28.868431
40,16,29.201212
40,17,29.445984
40,18,29.622545
40,19,29.747425
40,2,6.536994
40,20,29.83404
40,21,29.892939
40,22,29.932213
40,23,29.95789
40,24,29.974356
40,25,29.984743
40,26,29.991215
40,27,29.99527
40,28,29.997944
40,29,30.0
40,3,9.653338
40,4,12.596554
40,5,15.323753
40,6,17.803026
40,7,20.014269
40,8,21.949104
40,9,23.609983
41,0,0.0
41,1,3.2996254
41,10,25.008617
41,11,26.164013
41,12,27.100277
41,13,27.84449
41,14,28.42472
41,15,28.868431
41,16,29.201212
41,17,29.445988
41,18,29.622541
41,19,29.747429
41,2,6.536993
41,20,29.834038
41,21,29.89294
41,22,29.932213
41,23,29.957888
41,24,29.97436
41,25,29.984743
41,26,29.991215
41,27,29.995268
41,28,29.997946
41,29,30.0
41,3,9.653339
41,4,12.596554
41,5,15.323753
41,6,17.803024
41,7,20.014269
41,8,21.949104
41,9,23.609983
42,0,0.0
42,1,3.2996256
42,10,25.00862
42,11,26.16401
42,12,27.100277
42,13,27.844486
42,14,28.424725
42,15,28.86843
42,16,29.201212
42,17,29.445984
42,18,29.622547
42,19,29.747425
42,2,6.536994
42,20,29.834042
42,21,29.89294
42,22,29.932213
42,23,29.95789
42,24,29.97436
42,25,29.984743
42,26,29.991215
42,27,29.99527
42,28,29.997946
42,29,30.0
42,3,9.653338
42,4,12.596554
42,5,15.323753
42,6,17.803026
42,7,20.014269
42,8,21.949106
42,9,23.609982
43,0,0.0
43,1,3.2996256
43,10,25.008615
43,11,26.164013
43,12,27.100275
43,13,27.84449
43,14,28.42472
43,15,28.868431
43,16,29.201212
43,17,29.445988
43,18,29.622541
43,19,29.747429
43,2,6.536994
43,20,29.83404
43,21,29.89294
43,22,29.93221
43,23,29.95789
43,24,29.97436
43,25,29.984743
43,26,29.991215
43,27,29.99527
43,28,29.997946
43,29,30.0
43,3,9.653339
43,4,12.596554
43,5,15.323753
43,6,17.803026
43,7,20.014267
43,8,21.949104
43,9,23.609983
44,0,0.0
44,1,3.2996256
44,10,25.008617
44,11,26.16401
44,12,27.100277
44,13,27.84449
44,14,28.424723
44,15,28.86843
44,16,29.201212
44,17,29.445984
44,18,29.622547
44,19,29.747425
44,2,6.536994
44,20,29.834042
44,21,29.892939
44,22,29.932213
44,23,29.957888
44,24,29.97436
44,25,29.984743
44,26,29.991215
44,27,29.99527
44,28,29.997946
44,29,30.0
44,3,9.653338
44,4,12.596554
44,5,15.323753
44,6,17.803026
44,7,20.014267
44,8,21.949106
44,9,23.609982
45,0,0.0
45,1,3.2996256
45,10,25.00862
45,11,26.164013
45,12,27.100277
45,13,27.84449
45,14,28.424723
45,15,28.868431
45,16,29.201212
45,17,29.445988
45,18,29.622541
45,19,29.747429
45,2,6.536994
45,20,29.834038
45,21,29.89294
45,22,29.932207
45,23,29.95789
45,24,29.97436
45,25,29.984745
45,26,29.991215
45,27,29.99527
45,28,29.997944
45,29,30.0
45,3,9.653338
45,4,12.596554
45,5,15.323753
45,6,17.803026
45,7,20.014269
45,8,21.949106
45,9,23.609983
46,0,0.0
46,1,3.2996256
46,10,25.00862
46,11,26.164013
46,12,27.100277
46,13,27.84449
46,14,28.424723
46,15,28.86843
46,16,29.201212
46,17,29.445984
46,18,29.622543
46,19,29.747425
46,2,6.536994
46,20,29.834042
46,21,29.892937
46,22,29.932213
46,23,29.957888
46,24,29.97436
46,25,29.984743
46,26,29.991217
46,27,29.99527
46,28,29.997946
46,29,30.0
46,3,9.653338
46,4,12.596554
46,5,15.323753
46,6,17.803026
46,7,20.014269
46,8,21.949104
46,9,23.609985
47,0,0.0
47,1,3.2996256
47,10,25.00862
47,11,26.16401
47,12,27.100277
47,13,27.844488
47,14,28.424723
47,15,28.868431
47,16,29.201212
47,17,29.445984
47,18,29.622541
47,19,29.747427
47,2,6.536994
47,20,29.83404
47,21,29.89294
47,22,29.932209
47,23,29.95789
47,24,29.974358
47,25,29.984745
47,26,29.991215
47,27,29.99527
47,28,29.997946
47,29,30.0
47,3,9.653338
47,4,12.596554
47,5,15.323753
47,6,17.803024
47,7,20.014267
47,8,21.949106
47,9,23.609983
48,0,0.0
48,1,3.2996254
48,10,25.008617
48,11,26.164013
48,12,27.100275
48,13,27.84449
48,14,28.424723
48,15,28.868433
48,16,29.201212
48,17,29.445984
48,18,29.622541
48,19,29.747425
48,2,6.5369935
48,20,29.83404
48,21,29.89294
48,22,29.932213
48,23,29.957886
48,24,29.97436
48,25,29.984743
48,26,29.991215
48,27,29.99527
48,28,29.997946
48,29,30.0
48,3,9.653339
48,4,12.596554
48,5,15.323753
48,6,17.803026
48,7,20.014269
48,8,21.949106
48,9,23.609983
49,0,0.0
49,1,3.2996254
49,10,25.008617
49,11,26.16401
49,12,27.100277
49,13,27.844488
49,14,28.424725
49,15,28.868431
49,16,29.201212
49,17,29.445984
49,18,29.622541
49,19,29.747425
49,2,6.5369935
49,20,29.834038
49,21,29.892939
49,22,29.93221
49,23,29.95789
49,24,29.974358
49,25,29.984745
49,26,29.991215
49,27,29.99527
49,28,29.997946
49,29,30.0
49,3,9.653338
49,4,12.596554
49,5,15.323753
49,6,17.803026
49,7,20.014269
49,8,21.949106
49,9,23.609983
5,0,0.0
5,1,1.6821071
5,10,12.77335
5,11,13.372908
5,12,13.864742
5,13,14.265541
5,14,14.592207
5,15,14.863703
5,16,15.099256
5,17,15.319613
5,18,15.547264
5,19,15.807301
5,2,3.3325
5,20,16.129593
5,21,16.549526
5,22,17.111765
5,23,17.870655
5,24,18.893494
5,25,20.25661
5,26,22.037836
5,27,24.289934
5,28,26.994722
5,29,30.0
5,3,4.9217377
5,4,6.422787
5,5,7.814703
5,6,9.080399
5,7,10.210831
5,8,11.200861
5,9,12.053198
50,0,0.0
50,1,3.2996254
50,10,25.008617
50,11,26.164013
50,12,27.100277
50,13,27.84449
50,14,28.424723
50,15,28.868435
50,16,29.201214
50,17,29.445984
50,18,29.622543
50,19,29.747425
50,2,6.536994
50,20,29.83404
50,21,29.892939
50,22,29.932213
50,23,29.957886
50,24,29.97436
50,25,29.984743
50,26,29.991215
50,27,29.99527
50,28,29.997946
50,29,30.0
50,3,9.653339
50,4,12.596554
50,5,15.323753
50,6,17.803024
50,7,20.014269
50,8,21.949106
50,9,23.609983
51,0,0.0
51,1,3.2996256
51,10,25.00862
51,11,26.164013
51,12,27.100277
51,13,27.84449
51,14,28.424726
51,15,28.868431
51,16,29.201214
51,17,29.445986
51,18,29.622541
51,19,29.747427
51,2,6.536994
51,20,29.834038
51,21,29.89294
51,22,29.932209
51,23,29.957888
51,24,29.97436
51,25,29.984743
51,26,29.991215
51,27,29.99527
51,28,29.997946
51,29,30.0
51,3,9.653338
51,4,12.596554
51,5,15.323753
51,6,17.803024
51,7,20.014269
51,8,21.949104
51,9,23.609983
52,0,0.0
52,1,3.2996256
52,10,25.008617
52,11,26.164013
52,12,27.100277
52,13,27.844492
52,14,28.424723
52,15,28.868433
52,16,29.201212
52,17,29.445984
52,18,29.622543
52,19,29.747425
52,2,6.536993
52,20,29.834042
52,21,29.892937
52,22,29.932213
52,23,29.957888
52,24,29.97436
52,25,29.984743
52,26,29.991215
52,27,29.99527
52,28,29.997946
52,29,30.0
52,3,9.653339
52,4,12.596554
52,5,15.323753
52,6,17.803024
52,7,20.014267
52,8,21.949104
52,9,23.609983
53,0,0.0
53,1,3.2996256
53,10,25.008617
53,11,26.164013
53,12,27.100277
53,13,27.84449
53,14,28.424725
53,15,28.868431
53,16,29.201212
53,17,29.445986
53,18,29.622541
53,19,29.747427
53,2,6.536994
53,20,29.834038
53,21,29.892942
53,22,29.932209
53,23,29.95789
53,24,29.974358
53,25,29.984743
53,26,29.991215
53,27,29.99527
53,28,29.997946
53,29,30.0
53,3,9.653339
53,4,12.596554
53,5,15.323753
53,6,17.803024
53,7,20.014267
53,8,21.949104
53,9,23.609983
54,0,0.0
54,1,3.2996256
54,10,25.00862
54,11,26.164011
54,12,27.100277
54,13,27.84449
54,14,28.424723
54,15,28.868431
54,16,29.201214
54,17,29.445982
54,18,29.622543
54,19,29.747427
54,2,6.536994
54,20,29.834042
54,21,29.892939
54,22,29.932213
54,23,29.957888
54,24,29.97436
54,25,29.984743
54,26,29.991215
54,27,29.99527
54,28,29.997946
54,29,30.0
54,3,9.653339
54,4,12.596554
54,5,15.323753
54,6,17.803026
54,7,20.014269
54,8,21.949104
54,9,23.609983
55,0,0.0
55,1,3.2996256
55,10,25.008617
55,11,26.164013
55,12,27.10028
55,13,27.84449
55,14,28.424723
55,15,28.868431
55,16,29.20121
55,17,29.445984
55,18,29.622543
55,19,29.747425
55,2,6.5369945
55,20,29.83404
55,21,29.89294
55,22,29.93221
55,23,29.95789
55,24,29.974358
55,25,29.984743
55,26,29.991215
55,27,29.99527
55,28,29.997946
55,29,30.0
55,3,9.653338
55,4,12.596555
55,5,15.323753
55,6,17.803024
55,7,20.014269
55,8,21.949106
55,9,23.609983
56,0,0.0
56,1,3.2996259
56,10,25.008617
56,11,26.164013
56,12,27.100277
56,13,27.844492
56,14,28.424723
56,15,28.86843
56,16,29.201212
56,17,29.445982
56,18,29.622541
56,19,29.747427
56,2,6.5369935
56,20,29.83404
56,21,29.89294
56,22,29.932213
56,23,29.957888
56,24,29.97436
56,25,29.984743
56,26,29.991215
56,27,29.99527
56,28,29.997946
56,29,30.0
56,3,9.65334
56,4,12.596554
56,5,15.323753
56,6,17.803024
56,7,20.014269
56,8,21.949106
56,9,23.609983
57,0,0.0
57,1,3.2996254
57,10,25.00862
57,11,26.164011
57,12,27.10028
57,13,27.844492
57,14,28.424723
57,15,28.868431
57,16,29.20121
57,17,29.445986
57,18,29.622541
57,19,29.747425
57,2,6.536995
57,20,29.83404
57,21,29.892939
57,22,29.932213
57,23,29.957888
57,24,29.97436
57,25,29.984743
57,26,29.991215
57,27,29.99527
57,28,29.997946
57,29,30.0
57,3,9.653338
57,4,12.596556
57,5,15.323753
57,6,17.803026
57,7,20.014269
57,8,21.949106
57,9,23.609983
58,0,0.0
58,1,3.2996264
58,10,25.008617
58,11,26.164013
58,12,27.10028
58,13,27.844492
58,14,28.424725
58,15,28.868431
58,16,29.201212
58,17,29.445986
58,18,29.622543
58,19,29.747425
58,2,6.536994
58,20,29.83404
58,21,29.89294
58,22,29.932213
58,23,29.95789
58,24,29.974358
58,25,29.984743
58,26,29.991215
58,27,29.99527
58,28,29.997946
58,29,30.0
58,3,9.65334
58,4,12.596554
58,5,15.323755
58,6,17.803024
58,7,20.01427
58,8,21.949104
58,9,23.609983
59,0,0.0
59,1,3.2996256
59,10,25.00862
59,11,26.164013
59,12,27.10028
59,13,27.844492
59,14,28.424723
59,15,28.868433
59,16,29.201212
59,17,29.445988
59,18,29.622543
59,19,29.747427
59,2,6.536995
59,20,29.83404
59,21,29.89294
59,22,29.932213
59,23,29.957888
59,24,29.974361
59,25,29.984743
59,26,29.991215
59,27,29.99527
59,28,29.997946
59,29,30.0
59,3,9.653339
59,4,12.596556
59,5,15.323753
59,6,17.803028
59,7,20.014267
59,8,21.949108
59,9,23.609983
6,0,0.0
6,1,1.954457
6,10,14.839891
6,11,15.534922
6,12,16.105114
6,13,16.567913
6,14,16.943773
6,15,17.253056
6,16,17.517553
6,17,17.759462
6,18,18.00224
6,19,18.271553
6,2,3.8723361
6,20,18.595531
6,21,19.007175
6,22,19.54373
6,23,20.249104
6,24,21.170647
6,25,22.357246
6,26,23.847652
6,27,25.655245
6,28,27.742186
6,29,30.0
6,3,5.7185764
6,4,7.463102
6,5,9.079783
6,6,10.550869
6,7,11.863487
6,8,13.014097
6,9,14.003338
60,0,0.0
60,1,3.2996264
60,10,25.00862
60,11,26.164013
60,12,27.100283
60,13,27.844492
60,14,28.424728
60,15,28.868433
60,16,29.201218
60,17,29.445988
60,18,29.622547
60,19,29.747429
60,2,6.5369945
60,20,29.834044
60,21,29.89294
60,22,29.932213
60,23,29.95789
60,24,29.97436
60,25,29.984749
60,26,29.991215
60,27,29.99527
60,28,29.997946
60,29,30.0
60,3,9.653341
60,4,12.596555
60,5,15.323756
60,6,17.803026
60,7,20.01427
60,8,21.949106
60,9,23.609987
61,0,0.0
61,1,3.299626
61,10,25.008625
61,11,26.164019
61,12,27.100285
61,13,27.8445
61,14,28.42473
61,15,28.86844
61,16,29.20122
61,17,29.445995
61,18,29.622551
61,19,29.747433
61,2,6.536996
61,20,29.834045
61,21,29.892944
61,22,29.932215
61,23,29.95789
61,24,29.974365
61,25,29.984745
61,26,29.991217
61,27,29.995272
61,28,29.997946
61,29,30.0
61,3,9.653341
61,4,12.59656
61,5,15.323757
61,6,17.803032
61,7,20.014273
61,8,21.949112
61,9,23.60999
62,0,0.0
62,1,3.2996278
62,10,25.00863
62,11,26.164026
62,12,27.100294
62,13,27.844505
62,14,28.42474
62,15,28.868446
62,16,29.201231
62,17,29.446
62,18,29.62256
62,19,29.747438
62,2,6.5369973
62,20,29.834053
62,21,29.89295
62,22,29.93222
62,23,29.957897
62,24,29.974365
62,25,29.98475
62,26,29.991219
62,27,29.995274
62,28,29.997948
62,29,30.0
62,3,9.653345
62,4,12.5965605
62,5,15.323763
62,6,17.803036
62,7,20.014282
62,8,21.949116
62,9,23.609997
63,0,0.0
63,1,3.2996294
63,10,25.008648
63,11,26.164042
63,12,27.10031
63,13,27.844522
63,14,28.424757
63,15,28.868465
63,16,29.201246
63,17,29.44602
63,18,29.622572
63,19,29.747456
63,2,6.5370026
63,20,29.834066
63,21,29.892963
63,22,29.932236
63,23,29.957909
63,24,29.974379
63,25,29.984758
63,26,29.991226
63,27,29.995277
63,28,29.99795
63,29,30.0
63,3,9.653352
63,4,12.596571
63,5,15.323772
63,6,17.803051
63,7,20.014294
63,8,21.949135
63,9,23.610012
64,0,0.0
64,1,3.2996347
64,10,25.008678
64,11,26.164076
64,12,27.100344
64,13,27.844559
64,14,28.424791
64,15,28.8685
64,16,29.20128
64,17,29.446053
64,18,29.622608
64,19,29.747488
64,2,6.537011
64,20,29.834099
64,21,29.892994
64,22,29.932262
64,23,29.957932
64,24,29.9744
64,25,29.984776
64,26,29.991241
64,27,29.995287
64,28,29.997955
64,29,30.0
64,3,9.653365
64,4,12.596588
64,5,15.323795
64,6,17.803072
64,7,20.014322
64,8,21.949162
64,9,23.610044
65,0,0.0
65,1,3.2996435
65,10,25.008745
65,11,26.164143
65,12,27.100414
65,13,27.844627
65,14,28.424862
65,15,28.868568
65,16,29.201351
65,17,29.446121
65,18,29.622673
65,19,29.747553
65,2,6.53703
65,20,29.83416
65,21,29.893053
65,22,29.932316
65,23,29.957983
65,24,29.97444
65,25,29.984812
65,26,29.991266
65,27,29.995308
65,28,29.997965
65,29,30.0
65,3,9.653392
65,4,12.596622
65,5,15.323835
65,6,17.803122
65,7,20.014374
65,8,21.94922
65,9,23.610104
66,0,0.0
66,1,3.2996619
66,10,25.008871
66,11,26.164274
66,12,27.100548
66,13,27.844765
66,14,28.425
66,15,28.86871
66,16,29.201485
66,17,29.446257
66,18,29.622807
66,19,29.747679
66,2,6.537065
66,20,29.834282
66,21,29.893166
66,22,29.93242
66,23,29.958075
66,24,29.974524
66,25,29.984877
66,26,29.991322
66,27,29.99534
66,28,29.997982
66,29,30.0
66,3,9.653444
66,4,12.596689
66,5,15.323917
66,6,17.803215
66,7,20.01448
66,8,21.949333
66,9,23.610226
67,0,0.0
67,1,3.299696
67,10,25.009117
67,11,26.164528
67,12,27.100807
67,13,27.845028
67,14,28.425266
67,15,28.86897
67,16,29.20175
67,17,29.446512
67,18,29.623058
67,19,29.747923
67,2,6.5371337
67,20,29.834513
67,21,29.893381
67,22,29.932617
67,23,29.958254
67,24,29.974676
67,25,29.985006
67,26,29.991415
67,27,29.995407
67,28,29.998014
67,29,30.0
67,3,9.653543
67,4,12.59682
67,5,15.324074
67,6,17.803396
67,7,20.014679
67,8,21.949554
67,9,23.610458
68,0,0.0
68,1,3.299761
68,10,25.009575
68,11,26.165005
68,12,27.101294
68,13,27.84552
68,14,28.425762
68,15,28.86947
68,16,29.202242
68,17,29.446997
68,18,29.623531
68,19,29.748379
68,2,6.5372615
68,20,29.834946
68,21,29.893791
68,22,29.932991
68,23,29.958588
68,24,29.974966
68,25,29.985245
68,26,29.9916
68,27,29.995531
68,28,29.998077
68,29,30.0
68,3,9.653732
68,4,12.597064
68,5,15.324369
68,6,17.803736
68,7,20.01506
68,8,21.949965
68,9,23.6109
69,0,0.0
69,1,3.2998803
69,10,25.010422
69,11,26.165874
69,12,27.102188
69,13,27.846428
69,14,28.426676
69,15,28.870382
69,16,29.203144
69,17,29.447887
69,18,29.624397
69,19,29.749214
69,2,6.5374975
69,20,29.835745
69,21,29.894535
69,22,29.933678
69,23,29.959202
69,24,29.975498
69,25,29.985685
69,26,29.99194
69,27,29.995764
69,28,29.998196
69,29,30.0
69,3,9.654079
69,4,12.597514
69,5,15.324913
69,6,17.804361
69,7,20.015757
69,8,21.950722
69,9,23.611704
7,0,0.0
7,1,2.1976233
7,10,16.682463
7,11,17.463087
7,12,18.101755
7,13,18.61943
7,14,19.03722
7,15,19.378183
7,16,19.665024
7,17,19.921143
7,18,20.170406
7,19,20.437431
7,2,4.353807
7,20,20.748974
7,21,21.133228
7,22,21.621822
7,23,22.247318
7,24,23.043587
7,25,24.039406
7,26,25.25349
7,27,26.68206
7,28,28.289242
7,29,30.0
7,3,6.429986
7,4,8.390933
7,5,10.209097
7,6,11.862309
7,7,13.338505
7,8,14.631118
7,9,15.743364
70,0,0.0
70,1,3.3000956
70,10,25.011942
70,11,26.16745
70,12,27.103798
70,13,27.84806
70,14,28.428318
70,15,28.872023
70,16,29.204773
70,17,29.449488
70,18,29.625957
70,19,29.750725
70,2,6.537923
70,20,29.837173
70,21,29.895882
70,22,29.934914
70,23,29.960314
70,24,29.976458
70,25,29.98648
70,26,29.992552
70,27,29.99618
70,28,29.998405
70,29,30.0
70,3,9.654705
70,4,12.598325
70,5,15.325892
70,6,17.80549
70,7,20.017014
70,8,21.952087
70,9,23.613157
71,0,0.0
71,1,3.300476
71,10,25.014626
71,11,26.170223
71,12,27.10664
71,13,27.85094
71,14,28.431217
71,15,28.874918
71,16,29.207645
71,17,29.452312
71,18,29.628716
71,19,29.753376
71,2,6.5386753
71,20,29.83971
71,21,29.898254
71,22,29.9371
71,23,29.962265
71,24,29.978155
71,25,29.987879
71,26,29.993633
71,27,29.996912
71,28,29.998775
71,29,30.0
71,3,9.655809
71,4,12.59976
71,5,15.327624
71,6,17.807484
71,7,20.019234
71,8,21.954494
71,9,23.61572
72,0,0.0
72,1,3.301136
72,10,25.019268
72,11,26.175022
72,12,27.11155
72,13,27.855923
72,14,28.436228
72,15,28.879925
72,16,29.212605
72,17,29.457195
72,18,29.63347
72,19,29.75797
72,2,6.539978
72,20,29.84408
72,21,29.902359
72,22,29.940868
72,23,29.965649
72,24,29.98108
72,25,29.990307
72,26,29.995497
72,27,29.99818
72,28,29.999418
72,29,30.0
72,3,9.657726
72,4,12.602243
72,5,15.330622
72,6,17.810936
72,7,20.023075
72,8,21.958664
72,9,23.620152
73,0,0.0
73,1,3.302258
73,10,25.027136
73,11,26.183155
73,12,27.119865
73,13,27.864357
73,14,28.444714
73,15,28.888397
73,16,29.22101
73,17,29.465458
73,18,29.641535
73,19,29.765743
73,2,6.5421934
73,20,29.851496
73,21,29.909306
73,22,29.947264
73,23,29.971376
73,24,29.986055
73,25,29.994411
73,26,29.998669
73,27,30.000332
73,28,30.000511
73,29,30.0
73,3,9.660981
73,4,12.606462
73,5,15.3357115
73,6,17.816793
73,7,20.02959
73,8,21.96573
73,9,23.627668
74,0,0.0
74,1,3.3041272
74,10,25.04021
74,11,26.196665
74,12,27.133682
74,13,27.878359
74,14,28.458794
74,15,28.902464
74,16,29.234951
74,17,29.479181
74,18,29.654905
74,19,29.77866
74,2,6.5458865
74,20,29.863792
74,21,29.920853
74,22,29.957876
74,23,29.980906
74,24,29.994312
74,25,30.001255
74,26,30.00393
74,27,30.003918
74,28,30.00232
74,29,30.0
74,3,9.666405
74,4,12.613492
74,5,15.344189
74,6,17.826546
74,7,20.040436
74,8,21.97749
74,9,23.640163
75,0,0.0
75,1,3.307186
75,10,25.061504
75,11,26.21866
75,12,27.156162
75,13,27.901138
75,14,28.481709
75,15,28.925335
75,16,29.257637
75,17,29.50149
75,18,29.676678
75,19,29.799662
75,2,6.5519223
75,20,29.883827
75,21,29.93964
75,22,29.975182
75,23,29.996418
75,24,30.007782
75,25,30.01239
75,26,30.012524
75,27,30.00975
75,28,30.005276
75,29,30.0
75,3,9.675273
75,4,12.624973
75,5,15.358034
75,6,17.84246
75,7,20.058128
75,8,21.996655
75,9,23.660526
76,0,0.0
76,1,3.3120904
76,10,25.095516
76,11,26.253765
76,12,27.192034
76,13,27.937479
76,14,28.518244
76,15,28.96182
76,16,29.293797
76,17,29.537083
76,18,29.711384
76,19,29.833189
76,2,6.561609
76,20,29.91578
76,21,29.969656
76,22,30.002794
76,23,30.021225
76,24,30.029293
76,25,30.03022
76,26,30.026253
76,27,30.019102
76,28,30.010002
76,29,30.0
76,3,9.6894865
76,4,12.643383
76,5,15.380205
76,6,17.867947
76,7,20.086428
76,8,22.027306
76,9,23.69306
77,0,0.0
77,1,3.319817
77,10,25.14877
77,11,26.308714
77,12,27.248148
77,13,27.994305
77,14,28.575367
77,15,29.01884
77,16,29.350342
77,17,29.59271
77,18,29.765678
77,19,29.885607
77,2,6.576849
77,20,29.965807
77,21,30.016619
77,22,30.046078
77,23,30.060066
77,24,30.06305
77,25,30.058159
77,26,30.04782
77,27,30.033762
77,28,30.017431
77,29,30.0
77,3,9.711862
77,4,12.672321
77,5,15.415066
77,6,17.907957
77,7,20.130852
77,8,22.07536
77,9,23.744051
78,0,0.0
78,1,3.3317547
78,10,25.230572
78,11,26.393034
78,12,27.334232
78,13,28.08144
78,14,28.662931
78,15,29.106255
78,16,29.436989
78,17,29.678013
78,18,29.848902
78,19,29.966053
78,2,6.600412
78,20,30.04254
78,21,30.088772
78,22,30.11253
78,23,30.119825
78,24,30.11493
78,25,30.101194
78,26,30.081
78,27,30.056364
78,28,30.028868
78,29,30.0
78,3,9.746407
78,4,12.7170105
78,5,15.468809
78,6,17.969639
78,7,20.199228
78,8,22.149298
78,9,23.822407
79,0,0.0
79,1,3.3498857
79,10,25.353773
79,11,26.519983
79,12,27.463715
79,13,28.21246
79,14,28.79456
79,15,29.23761
79,16,29.567245
79,17,29.806198
79,18,29.97409
79,19,30.087015
79,2,6.636152
79,20,30.158106
79,21,30.19739
79,22,30.212765
79,23,30.209902
79,24,30.193306
79,25,30.16615
79,26,30.131186
79,27,30.09051
79,28,30.046175
79,29,30.0
79,3,9.79882
79,4,12.784702
79,5,15.550208
79,6,18.062895
79,7,20.302567
79,8,22.26086
79,9,23.940577
8,0,0.0
8,1,2.4103923
8,10,18.295155
8,11,19.14936
8,12,19.84809
8,13,20.412254
8,14,20.865795
8,15,21.232193
8,16,21.535744
8,17,21.800135
8,18,22.048939
8,19,22.30606
8,2,4.7756085
8,20,22.595268
8,21,22.94173
8,22,23.370173
8,23,23.906147
8,24,24.571964
8,25,25.385742
8,26,26.354368
8,27,27.469711
8,28,28.701918
8,29,30.0
8,3,7.0524616
8,4,9.20369
8,5,11.197215
8,6,13.010897
8,7,14.629043
8,8,16.046965
8,9,17.265575
80,0,0.0
80,1,3.3769128
80,10,25.535883
80,11,26.70739
80,12,27.654772
80,13,28.405659
80,14,28.988583
80,15,29.431236
80,16,29.759192
80,17,29.995232
80,18,30.158651
80,19,30.265587
80,2,6.689452
80,20,30.328663
80,21,30.357988
80,22,30.360918
80,23,30.343334
80,24,30.309343
80,25,30.262539
80,26,30.205597
80,27,30.141241
80,28,30.071861
80,29,30.0
80,3,9.876862
80,4,12.885482
80,5,15.671167
80,6,18.201405
80,7,20.455761
80,8,22.426136
80,9,24.11535
81,0,0.0
81,1,3.4165454
81,10,25.79988
81,11,26.978874
81,12,27.931255
81,13,28.685087
81,14,29.269104
81,15,29.711092
81,16,30.03672
81,17,30.26849
81,18,30.425732
81,19,30.523972
81,2,6.767503
81,20,30.575863
81,21,30.590744
81,22,30.576096
81,23,30.537102
81,24,30.478252
81,25,30.402786
81,26,30.314114
81,27,30.215168
81,28,30.109356
81,29,30.0
81,3,9.9911375
81,4,13.032772
81,5,15.847845
81,6,18.40329
81,7,20.678852
81,8,22.66634
81,9,24.369131
82,0,0.0
82,1,3.4736507
82,10,26.175566
82,11,27.364632
82,12,28.323807
82,13,29.081516
82,14,29.666882
82,15,30.107914
82,16,30.43015
82,17,30.656158
82,18,30.804626
82,19,30.891071
82,2,6.8799763
82,20,30.927124
82,21,30.922152
82,22,30.882538
82,23,30.813723
82,24,30.719398
82,25,30.603514
82,26,30.469376
82,27,30.32117
82,28,30.163078
82,29,30.0
82,3,10.155514
82,4,13.244497
82,5,16.101233
82,6,18.692507
82,7,20.9977
82,8,23.009232
82,9,24.730658
83,0,0.0
83,1,3.5546765
83,10,26.700102
83,11,27.90261
83,12,28.870552
83,13,29.633244
83,14,30.220234
83,15,30.659729
83,16,30.977448
83,17,31.195427
83,18,31.332317
83,19,31.402462
83,2,7.039319
83,20,31.417385
83,21,31.384926
83,22,31.3115
83,23,31.20114
83,24,31.058043
83,25,30.885475
83,26,30.688026
83,27,30.470407
83,28,30.238853
83,29,30.0
83,3,10.388247
83,4,13.54357
83,5,16.458683
83,6,19.099411
83,7,21.445578
83,8,23.489658
83,9,25.23645
84,0,0.0
84,1,3.667818
84,10,27.419197
84,11,28.638744
84,12,29.617832
84,13,30.386578
84,14,30.975311
84,15,31.412655
84,16,31.724102
84,17,31.931728
84,18,32.05301
84,19,32.102062
84,2,7.261735
84,20,32.088524
84,21,32.019966
84,22,31.900675
84,23,31.734785
84,24,31.524918
84,25,31.275341
84,26,30.990488
84,27,30.67735
84,28,30.34389
84,29,30.0
84,3,10.712381
84,4,13.959484
84,5,16.954315
84,6,19.662483
84,7,22.063454
84,8,24.15112
84,9,25.93099
85,0,0.0
85,1,3.8236523
85,10,28.38676
85,11,29.627563
85,12,30.619976
85,13,31.395813
85,14,31.986258
85,15,32.420326
85,16,32.723766
85,17,32.917713
85,18,33.0194
85,19,33.040855
85,2,7.5675073
85,20,32.991173
85,21,32.875076
85,22,32.69641
85,23,32.456566
85,24,32.1585
85,25,31.805084
85,26,31.402733
85,27,30.959545
85,28,30.487423
85,29,30.0
85,3,11.157346
85,4,14.528667
85,5,17.630955
85,6,20.428429
85,7,22.901741
85,8,25.045517
85,9,26.867966
86,0,0.0
86,1,4.035384
86,10,29.665424
86,11,30.93113
86,12,31.939003
86,13,32.722473
86,14,33.314133
86,15,33.743702
86,16,34.03657
86,17,34.21378
86,18,34.290554
86,19,34.278202
86,2,7.9824924
86,20,34.182457
86,21,34.007023
86,22,33.75176
86,23,33.41738
86,24,33.003674
86,25,32.514435
86,26,31.955626
86,27,31.339165
86,28,30.680569
86,29,30.0
86,3,11.759393
86,4,15.29667
86,5,18.540182
86,6,21.454193
86,7,24.019682
86,8,26.234547
86,9,28.109238
87,0,0.0
87,1,4.3199263
87,10,31.324503
87,11,32.61846
87,12,33.642754
87,13,34.433773
87,14,35.02562
87,15,35.448677
87,16,35.728638
87,17,35.885017
87,18,35.93235
87,19,35.878437
87,2,8.538737
87,20,35.72753
87,21,35.478336
87,22,35.128902
87,23,34.67471
87,24,34.114685
87,25,33.44953
87,26,32.68753
87,27,31.842592
87,28,30.937386
87,29,30.0
87,3,12.56408
87,4,16.318493
87,5,19.744862
87,6,22.806284
87,7,25.487055
87,8,27.78804
87,9,29.725365
88,0,0.0
88,1,4.698588
88,10,33.439285
88,11,34.76242
88,12,35.802895
88,13,36.599953
88,14,37.18994
88,15,37.604286
88,16,37.868107
88,17,38.000526
88,18,38.012928
88,19,37.91147
88,2,9.277176
88,20,37.694893
88,21,37.359177
88,22,36.89527
88,23,36.29566
88,24,35.552757
88,25,34.66654
88,26,33.64351
88,27,32.503002
88,28,31.274803
88,29,30.0
88,3,13.627311
88,4,17.661964
88,5,21.318903
88,6,24.563118
88,7,27.382242
88,8,29.784756
88,9,31.792692
89,0,0.0
89,1,5.199378
89,10,36.086697
89,11,37.437477
89,12,38.490883
89,13,39.29075
89,14,39.87569
89,15,40.278038
89,16,40.52313
89,17,40.62781
89,18,40.60204
89,19,40.446663
89,2,10.2497
89,20,40.15729
89,21,39.7217
89,22,39.126053
89,23,38.352985
89,24,37.390182
89,25,36.230095
89,26,34.879677
89,27,33.360516
89,28,31.714653
89,29,30.0
89,3,15.02
89,4,19.40887
89,5,23.350946
89,6,26.813513
89,7,29.793646
89,8,32.308784
89,9,34.392666
9,0,0.0
9,1,2.5932953
9,10,19.679031
9,11,20.596924
9,12,21.345913
9,13,21.949772
9,14,22.432392
9,15,22.819187
9,16,23.134554
9,17,23.402584
9,18,23.646496
9,19,23.888542
9,2,5.137683
9,20,24.15087
9,21,24.454355
9,22,24.819971
9,23,25.266111
9,24,25.809233
9,25,26.4594
9,26,27.219414
9,27,28.07979
9,28,29.018415
9,29,30.0
9,3,7.58752
9,4,9.901352
9,5,12.0464325
9,6,13.996799
9,7,15.737898
9,8,17.262177
9,9,18.573029
90,0,0.0
90,1,5.8595695
90,10,39.342957
90,11,40.714203
90,12,41.7741
90,13,42.570732
90,14,43.145683
90,15,43.53248
90,16,43.755516
90,17,43.830772
90,18,43.76378
90,19,43.55246
90,2,11.525297
90,20,43.184303
90,21,42.641487
90,22,41.898193
90,23,40.92883
90,24,39.707363
90,25,38.219154
90,26,36.46373
90,27,34.467407
90,28,32.28469
90,29,30.0
90,3,16.831839
90,4,21.661104
90,5,25.944565
90,6,29.65952
90,7,32.816124
90,8,35.449306
90,9,37.60646
91,0,0.0
91,1,6.732013
91,10,43.27671
91,11,44.65531
91,12,45.709793
91,13,46.49404
91,14,47.05223
91,15,47.41863
91,16,47.617535
91,17,47.661835
91,18,47.554886
91,19,47.28762
91,2,13.197657
91,20,46.84237
91,21,46.18927
91,22,45.292747
91,23,44.109352
91,24,42.598785
91,25,40.727
91,26,38.4837
91,27,35.891754
91,28,33.02354
91,29,30.0
91,3,19.18179
91,4,24.544954
91,5,29.224033
91,6,33.214104
91,7,36.551613
91,8,39.294502
91,9,41.512676
92,0,0.0
92,1,7.895269
92,10,47.944946
92,11,49.308178
92,12,50.33988
92,13,51.09847
92,14,51.630775
92,15,51.97174
92,16,52.144054
92,17,52.15927
92,18,52.015503
92,19,51.699917
92,2,15.402347
92,20,51.184723
92,21,50.431385
92,22,49.386345
92,23,47.988758
92,24,46.170357
92,25,43.87166
92,26,41.054256
92,27,37.730606
92,28,33.986885
92,29,30.0
92,3,22.230755
92,4,28.223185
92,5,33.33587
92,6,37.603752
92,7,41.103035
92,8,43.929276
92,9,46.179115
93,0,0.0
93,1,9.476123
93,10,53.38393
93,11,54.699806
93,12,55.684067
93,13,56.39978
93,14,56.895027
93,15,57.204308
93,16,57.349426
93,17,57.338417
93,18,57.16713
93,19,56.81559
93,2,18.344765
93,20,56.250294
93,21,55.418518
93,22,54.25196
93,23,52.661636
93,24,50.54689
93,25,47.80046
93,26,44.33672
93,27,40.127666
93,28,35.263855
93,29,30.0
93,3,26.20764
93,4,32.906322
93,5,38.456028
93,6,42.96341
93,7,46.571716
93,8,49.42544
93,9,51.658096
94,0,0.0
94,1,11.695902
94,10,59.603714
94,11,60.82876
94,12,61.734924
94,13,62.38649
94,14,62.831425
94,15,63.10292
94,16,63.220207
94,17,63.189793
94,18,63.00311
94,19,62.63767
94,2,22.35731
94,20,62.051445
94,21,61.183586
94,22,59.945847
94,23,58.223366
94,24,55.86754
94,25,52.70629
94,26,48.562115
94,27,43.314747
94,28,37.008514
94,29,30.0
94,3,31.44602
94,4,38.872467
94,5,44.788757
94,6,49.433105
94,7,53.044918
94,8,55.834915
94,9,57.97506
95,0,0.0
95,1,14.981941
95,10,66.57834
95,11,67.66075
95,12,68.45244
95,13,69.01607
95,14,69.39636
95,15,69.623375
95,16,69.714096
95,17,69.672
95,18,69.4878
95,19,69.13542
95,2,28.005991
95,20,68.57145
95,21,67.72653
95,22,66.5016
95,23,64.75319
95,24,62.285095
95,25,58.833237
95,26,54.075203
95,27,47.684586
95,28,39.518654
95,29,30.0
95,3,38.444115
95,4,46.47972
95,5,52.56153
95,6,57.139202
95,7,60.58288
95,8,63.173576
95,9,65.12083
96,0,0.0
96,1,20.254795
96,10,74.24091
96,11,75.12303
96,12,75.76212
96,13,76.21301
96,14,76.51421
96,15,76.69087
96,16,76.75622
96,17,76.71266
96,18,76.54974
96,19,76.24383
96,2,36.299446
96,20,75.75186
96,21,75.00755
96,22,73.90741
96,23,72.29671
96,24,69.93837
96,25,66.47573
96,26,61.380146
96,27,53.93872
96,28,43.436028
96,29,30.0
96,3,47.933105
96,4,56.161232
96,5,61.989944
96,6,66.16472
96,7,69.19117
96,8,71.40697
96,9,73.038315
97,0,0.0
97,1,29.76212
97,10,82.477585
97,11,83.10411
97,12,83.55434
97,13,83.86987
97,14,84.07904
97,15,84.19998
97,16,84.24216
97,17,84.206314
97,18,84.08451
97,19,83.857124
97,2,49.052364
97,20,83.49075
97,21,82.929855
97,22,82.08745
97,23,80.82181
97,24,78.89957
97,25,75.917534
97,26,71.159775
97,27,63.340626
97,28,50.330856
97,29,30.0
97,3,60.90162
97,4,68.34105
97,5,73.19818
97,6,76.49016
97,7,78.789246
97,8,80.42929
97,9,81.61516
98,0,0.0
98,1,49.758583
98,10,91.129585
98,11,91.455444
98,12,91.68848
98,13,91.85104
98,14,91.9583
98,15,92.0198
98,16,92.040344
98,17,92.020294
98,18,91.95488
98,19,91.83359
98,2,69.28132
98,20,91.63716
98,21,91.33453
98,22,90.87386
98,23,90.16831
98,24,89.06176
98,25,87.252365
98,26,84.090004
98,27,77.99421
98,28,64.5773
98,29,30.0
98,3,78.33242
98,4,83.17435
98,5,86.0607
98,6,87.91692
98,7,89.17286
98,8,90.05125
98,9,90.6779
99,0,0.0
99,1,100.0
99,10,100.0
99,11,100.0
99,12,100.0
99,13,100.0
99,14,100.0
99,15,100.0
99,16,100.0
99,17,100.0
99,18,100.0
99,19,100.0
99,2,100.0
99,20,100.0
99,21,100.0
99,22,100.0
99,23,100.0
99,24,100.0
99,25,100.0
99,26,100.0
99,27,100.0
99,28,100.0
99,29,30.0
99,3,100.0
99,4,100.0
99,5,100.0
99,6,100.0
99,7,100.0
99,8,100.0
99,9,100.0
