0,0,0.0
0,1,0.0
0,10,0.0
0,11,0.0
0,12,0.0
0,13,0.0
0,14,0.0
0,15,30.0
0,2,0.0
0,3,0.0
0,4,0.0
0,5,0.0
0,6,0.0
0,7,0.0
0,8,0.0
0,9,0.0
1,0,0.0
1,1,0.63563025
1,10,5.1763105
1,11,5.9453955
1,12,7.2356644
1,13,9.736454
1,14,15.342233
1,15,30.0
1,2,1.2554852
1,3,1.8456701
1,4,2.3958716
1,5,2.9008365
1,6,3.361796
1,7,3.7883203
1,8,4.2015157
1,9,4.640472
10,0,0.0
10,1,11.119732
10,10,49.447803
10,11,47.823322
10,12,45.029953
10,13,41.01486
10,14,35.87371
10,15,30.0
10,2,21.193956
10,3,29.67079
10,4,36.44019
10,5,41.62523
10,6,45.420654
10,7,48.00605
10,8,49.508453
10,9,49.990032
11,0,0.0
11,1,14.543534
11,10,57.062786
11,11,54.923813
11,12,51.284046
11,13,45.88555
11,14,38.636417
11,15,30.0
11,2,27.115885
11,3,37.072365
11,4,44.573986
11,5,50.036064
11,6,53.860954
11,7,56.349228
11,8,57.68393
11,9,57.934765
12,0,0.0
12,1,19.938541
12,10,65.94484
12,11,63.525177
12,12,59.296913
12,13,52.606934
12,14,42.786427
12,15,30.0
12,2,35.65371
12,3,46.928875
12,4,54.747383
12,5,60.084175
12,6,63.637947
12,7,65.84608
12,8,66.94337
12,9,67.0024
13,0,0.0
13,1,29.556938
13,10,76.189064
13,11,73.935196
13,12,69.77156
13,13,62.45886
13,14,49.90238
13,15,30.0
13,2,48.63158
13,3,60.24207
13,4,67.40257
13,5,71.91536
13,6,74.760666
13,7,76.45384
13,8,77.24115
13,9,77.1867
14,0,0.0
14,1,49.65764
14,10,87.689575
14,11,86.25501
14,12,83.39529
14,13,77.554596
14,14,64.36424
14,15,30.0
14,2,69.07362
14,3,78.005295
14,4,82.70548
14,5,85.41409
14,6,87.03557
14,7,87.96752
14,8,88.38072
14,9,88.31424
15,0,0.0
15,1,100.0
15,10,100.0
15,11,100.0
15,12,100.0
15,13,100.0
15,14,100.0
15,15,30.0
15,2,100.0
15,3,100.0
15,4,100.0
15,5,100.0
15,6,100.0
15,7,100.0
15,8,100.0
15,9,100.0
2,0,0.0
2,1,1.2870412
2,10,10.119401
2,11,11.369625
2,12,13.260823
2,13,16.367931
2,14,21.632483
2,15,30.0
2,2,2.5406516
2,3,3.7313385
2,4,4.837001
2,5,5.845701
2,6,6.7580543
2,7,7.589994
2,8,8.377299
2,9,9.184086
3,0,0.0
3,1,1.9718943
3,10,14.747624
3,11,16.15292
3,12,18.070107
3,13,20.84198
3,14,24.81978
3,15,30.0
3,2,3.8887618
3,3,5.7020636
3,4,7.37513
3,5,8.88696
3,6,10.234772
3,7,11.43636
3,8,12.533649
3,9,13.599222
4,0,0.0
4,1,2.7117896
4,10,19.11902
4,11,20.424383
4,12,22.024742
4,13,24.110138
4,14,26.804672
4,15,30.0
4,2,5.3404684
4,3,7.8130665
4,4,10.074554
4,5,12.0923
4,6,13.857789
4,7,15.3870945
4,8,16.721798
4,9,17.9316
5,0,0.0
5,1,3.5348167
5,10,23.372555
5,11,24.40092
5,12,25.494404
5,13,26.769192
5,14,28.288795
5,15,30.0
5,2,6.9482946
5,3,10.13524
5,4,13.017792
5,5,15.549981
5,6,17.71708
5,7,19.532532
5,8,21.034935
5,9,22.286453
6,0,0.0
6,1,4.479205
6,10,27.683922
6,11,28.312426
6,12,28.782822
6,13,29.183487
6,14,29.581335
6,15,30.0
6,2,8.782701
6,3,12.761869
6,4,16.311474
6,5,19.372849
6,6,21.928122
6,7,23.991127
6,8,25.599072
6,9,26.806835
7,0,0.0
7,1,5.5993276
7,10,32.243984
7,11,32.38212
7,12,32.141052
7,13,31.600637
7,14,30.853088
7,15,30.0
7,2,10.941485
7,3,15.8181305
7,4,20.09348
7,5,23.701927
7,6,26.631546
7,7,28.904907
7,8,30.563505
7,9,31.658005
8,0,0.0
8,1,6.976648
8,10,37.251995
8,11,36.831127
8,12,35.798683
8,13,34.224987
8,14,32.230408
8,15,30.0
8,2,13.56583
8,3,19.475769
8,4,24.542484
8,5,28.709938
8,6,31.99136
8,7,34.43357
8,8,36.09217
8,9,37.017815
9,0,0.0
9,1,8.741456
9,10,42.915176
9,11,41.891796
9,12,39.997658
9,13,37.27026
9,14,33.84359
9,15,30.0
9,2,16.869474
9,3,23.9767
9,4,29.890846
9,5,34.6041
9,6,38.190495
9,7,40.74598
9,8,42.35392
9,9,43.069206
