0,0,0.0
0,1,0.0
0,10,0.0
0,11,0.0
0,12,0.0
0,13,0.0
0,14,0.0
0,15,0.0
0,16,0.0
0,17,0.0
0,18,0.0
0,19,0.0
0,2,0.0
0,20,0.0
0,21,0.0
0,22,0.0
0,23,0.0
0,24,0.0
0,25,0.0
0,26,0.0
0,27,0.0
0,28,0.0
0,29,30.0
0,3,0.0
0,4,0.0
0,5,0.0
0,6,0.0
0,7,0.0
0,8,0.0
0,9,0.0
1,0,0.0
1,1,0.35535142
1,10,2.7120159
1,11,2.8418512
1,12,2.9492123
1,13,3.0377574
1,14,3.1112685
1,15,3.1741714
1,16,3.231184
1,17,3.2877674
1,18,3.350389
1,19,3.4271388
1,2,0.70412934
1,20,3.5289812
1,21,3.6713796
1,22,3.8781016
1,23,4.1875205
1,24,4.6673617
1,25,5.447541
1,26,6.8070555
1,27,9.423488
1,28,15.177399
1,29,30.0
1,3,1.0402397
1,4,1.3580472
1,5,1.6532059
1,6,1.9221042
1,7,2.162849
1,8,2.3742898
1,9,2.556982
10,0,0.0
10,1,2.7084098
10,10,20.644245
10,11,21.620306
10,12,22.419897
10,13,23.065477
10,14,23.582355
10,15,23.99529
10,16,24.329288
10,17,24.608044
10,18,24.854103
10,19,25.088917
10,2,5.3669252
10,20,25.332218
10,21,25.603008
10,22,25.91787
10,23,26.292063
10,24,26.73658
10,25,27.258606
10,26,27.85791
10,27,28.527008
10,28,29.249054
10,29,30.0
10,3,7.927933
10,4,10.349999
10,5,12.5976715
10,6,14.645865
10,7,16.477034
10,8,18.085106
10,9,19.47072
11,0,0.0
11,1,2.8359618
11,10,21.612099
11,11,22.632895
11,12,23.467457
11,13,24.140343
11,14,24.676476
11,15,25.101908
11,16,25.441391
11,17,25.718697
11,18,25.955864
11,19,26.172949
11,2,5.619426
11,20,26.388542
11,21,26.618755
11,22,26.878305
11,23,27.178589
11,24,27.52871
11,25,27.932842
11,26,28.391008
11,27,28.896824
11,28,29.438744
11,29,30.0
11,3,8.301207
11,4,10.836792
11,5,13.190509
11,6,15.334323
11,7,17.251774
11,8,18.934431
11,9,20.384943
12,0,0.0
12,1,2.9397323
12,10,22.399954
12,11,23.456242
12,12,24.319515
12,13,25.013712
12,14,25.565228
12,15,25.99977
12,16,26.342665
12,17,26.617329
12,18,26.845222
12,19,27.045769
12,2,5.8252325
12,20,27.23579
12,21,27.430346
12,22,27.641495
12,23,27.879457
12,24,28.150764
12,25,28.459352
12,26,28.804619
12,27,29.182543
12,28,29.584723
12,29,30.0
12,3,8.60488
12,4,11.233502
12,5,13.672798
12,6,15.895237
12,7,17.882013
12,8,19.626156
12,9,21.128546
13,0,0.0
13,1,3.022747
13,10,23.028698
13,11,24.113743
13,12,24.999191
13,13,25.710464
13,14,26.273502
13,15,26.71488
13,16,27.059597
13,17,27.331068
13,18,27.550358
13,19,27.735922
13,2,5.98953
13,20,27.90399
13,21,28.067852
13,22,28.238861
13,23,28.425224
13,24,28.633162
13,25,28.865429
13,26,29.12245
13,27,29.401154
13,28,29.69624
13,29,30.0
13,3,8.847788
13,4,11.550198
13,5,14.058491
13,6,16.342999
13,7,18.385857
13,8,20.178295
13,9,21.722748
14,0,0.0
14,1,3.0877743
14,10,23.521597
14,11,24.628534
14,12,25.531593
14,13,26.255657
14,14,26.827633
14,15,27.273762
14,16,27.619394
14,17,27.88765
14,18,28.099203
14,19,28.272152
14,2,6.1185155
14,20,28.42163
14,21,28.560514
14,22,28.698677
14,23,28.844074
14,24,29.001709
14,25,29.174757
14,26,29.363556
14,27,29.566685
14,28,29.780453
14,29,30.0
14,3,9.038062
14,4,11.7987795
14,5,14.360607
14,6,16.694359
14,7,18.780502
14,8,20.611382
14,9,22.18811
15,0,0.0
15,1,3.1378765
15,10,23.900326
15,11,25.024406
15,12,25.940523
15,13,26.674511
15,14,27.252918
15,15,27.702513
15,16,28.048393
15,17,28.313667
15,18,28.518763
15,19,28.68119
15,2,6.2176523
15,20,28.81583
15,21,28.934546
15,22,29.047039
15,23,29.160229
15,24,29.279274
15,25,29.406853
15,26,29.54415
15,27,29.690302
15,28,29.843327
15,29,30.0
15,3,9.184644
15,4,11.989836
15,5,14.593289
15,6,16.964397
15,7,19.084335
15,8,20.94421
15,9,22.546211
16,0,0.0
16,1,3.1756582
16,10,24.186207
16,11,25.322815
16,12,26.24896
16,13,26.990086
16,14,27.573336
16,15,28.02523
16,16,28.371075
16,17,28.633785
16,18,28.833557
16,19,28.987728
16,2,6.292604
16,20,29.110556
16,21,29.213793
16,22,29.306341
16,23,29.395178
16,24,29.484867
16,25,29.578522
16,26,29.677328
16,27,29.78141
16,28,29.889565
16,29,30.0
16,3,9.295179
16,4,12.134251
16,5,14.768749
16,6,17.168447
16,7,19.313438
16,8,21.195587
16,9,22.816208
17,0,0.0
17,1,3.203689
17,10,24.397663
17,11,25.54375
17,12,26.477034
17,13,27.223524
17,14,27.810118
17,15,28.263649
17,16,28.609262
17,17,28.86985
17,18,29.065489
17,19,29.213182
17,2,6.3480554
17,20,29.327112
17,21,29.418476
17,22,29.496197
17,23,29.566713
17,24,29.634813
17,25,29.70337
17,26,29.774128
17,27,29.847473
17,28,29.923107
17,29,30.0
17,3,9.377177
17,4,12.241093
17,5,14.89887
17,6,17.319407
17,7,19.48327
17,8,21.381554
17,9,23.016247
18,0,0.0
18,1,3.2240343
18,10,24.551329
18,11,25.704062
18,12,26.642645
18,13,27.392838
18,14,27.98188
18,15,28.43645
18,16,28.781796
18,17,29.040722
18,18,29.23316
18,19,29.37606
18,2,6.3884206
18,20,29.483261
18,21,29.565952
18,22,29.632662
18,23,29.689922
18,24,29.742233
18,25,29.792772
18,26,29.843277
18,27,29.894674
18,28,29.947025
18,29,30.0
18,3,9.436691
18,4,12.3188505
18,5,14.993311
18,6,17.429228
18,7,19.60653
18,8,21.516773
18,9,23.161419
19,0,0.0
19,1,3.238566
19,10,24.66072
19,11,25.818312
19,12,26.760513
19,13,27.513401
19,14,28.104069
19,15,28.559355
19,16,28.90443
19,17,29.162075
19,18,29.35218
19,19,29.491503
19,2,6.417161
19,20,29.59388
19,21,29.670223
19,22,29.7291
19,23,29.77679
19,24,29.81795
19,25,29.85564
19,26,29.891907
19,27,29.9278
19,28,29.963825
19,29,30.0
19,3,9.479193
19,4,12.374213
19,5,15.060735
19,6,17.507418
19,7,19.694487
19,8,21.613043
19,9,23.264952
2,0,0.0
2,1,0.7041216
2,10,5.3738413
2,11,5.6307592
2,12,5.843442
2,13,6.018399
2,14,6.163601
2,15,6.2872925
2,16,6.398882
2,17,6.5087686
2,18,6.629199
2,19,6.775448
2,2,1.3953342
2,20,6.967323
2,21,7.232714
2,22,7.612049
2,23,8.1683
2,24,9.003114
2,25,10.290374
2,26,12.337661
2,27,15.696413
2,28,21.279457
2,29,30.0
2,3,2.0612123
2,4,2.6911473
2,5,3.2757857
2,6,3.80885
2,7,4.285609
2,8,4.7048054
2,9,5.0665016
20,0,0.0
20,1,3.2487154
20,10,24.737228
20,11,25.898087
20,12,26.842888
20,13,27.597565
20,14,28.189384
20,15,28.645107
20,16,28.989956
20,17,29.246666
20,18,29.43505
20,19,29.571861
20,2,6.4372997
20,20,29.670752
20,21,29.742664
20,22,29.795963
20,23,29.837013
20,24,29.870327
20,25,29.899137
20,26,29.925484
20,27,29.950687
20,28,29.97541
20,29,30.0
20,3,9.508876
20,4,12.412998
20,5,15.107823
20,6,17.562174
20,7,19.755915
20,8,21.680424
20,9,23.337254
21,0,0.0
21,1,3.255693
21,10,24.789637
21,11,25.952805
21,12,26.899303
21,13,27.655241
21,14,28.247795
21,15,28.703815
21,16,29.048473
21,17,29.3045
21,18,29.491695
21,19,29.626713
21,2,6.4510956
21,20,29.723225
21,21,29.792027
21,22,29.841528
21,23,29.87797
21,24,29.905958
21,25,29.928665
21,26,29.948292
21,27,29.966206
21,28,29.983274
21,29,30.0
21,3,9.52928
21,4,12.439565
21,5,15.140181
21,6,17.599682
21,7,19.798103
21,8,21.726576
21,9,23.38688
22,0,0.0
22,1,3.2603805
22,10,24.82491
22,11,25.98956
22,12,26.937243
22,13,27.693977
22,14,28.28704
22,15,28.743229
22,16,29.08775
22,17,29.343307
22,18,29.529667
22,19,29.663485
22,2,6.460399
22,20,29.758343
22,21,29.825071
22,22,29.871975
22,23,29.905346
22,24,29.929726
22,25,29.948376
22,26,29.963486
22,27,29.976551
22,28,29.98851
22,29,30.0
22,3,9.542986
22,4,12.457479
22,5,15.161919
22,6,17.624956
22,7,19.826447
22,8,21.757662
22,9,23.420221
23,0,0.0
23,1,3.263482
23,10,24.848148
23,11,26.013817
23,12,26.962238
23,13,27.719519
23,14,28.31289
23,15,28.769194
23,16,29.11361
23,17,29.368843
23,18,29.55465
23,19,29.687649
23,2,6.4665294
23,20,29.781433
23,21,29.846756
23,22,29.891968
23,23,29.923286
23,24,29.945314
23,25,29.961275
23,26,29.97344
23,27,29.983318
23,28,29.991936
23,29,30.0
23,3,9.552054
23,4,12.46928
23,5,15.176292
23,6,17.641611
23,7,19.845177
23,8,21.778145
23,9,23.442238
24,0,0.0
24,1,3.2654858
24,10,24.863194
24,11,26.029486
24,12,26.978409
24,13,27.73602
24,14,28.329597
24,15,28.785961
24,16,29.130306
24,17,29.38533
24,18,29.570766
24,19,29.70324
24,2,6.4705067
24,20,29.796303
24,21,29.860737
24,22,29.904829
24,23,29.934841
24,24,29.955332
24,25,29.969574
24,26,29.979834
24,27,29.987665
24,28,29.994137
24,29,30.0
24,3,9.557913
24,4,12.476934
24,5,15.185578
24,6,17.652407
24,7,19.857279
24,8,21.791412
24,9,23.456465
25,0,0.0
25,1,3.266761
25,10,24.872723
25,11,26.039433
25,12,26.98865
25,13,27.746483
25,14,28.34018
25,15,28.796587
25,16,29.14088
25,17,29.395763
25,18,29.580967
25,19,29.713097
25,2,6.4730268
25,20,29.805717
25,21,29.869564
25,22,29.912962
25,23,29.942133
25,24,29.961658
25,25,29.974808
25,26,29.983864
25,27,29.99041
25,28,29.995523
25,29,30.0
25,3,9.56164
25,4,12.481785
25,5,15.191483
25,6,17.659248
25,7,19.86497
25,8,21.79982
25,9,23.4655
26,0,0.0
26,1,3.2675533
26,10,24.878658
26,11,26.045612
26,12,26.995022
26,13,27.75298
26,14,28.34676
26,15,28.803185
26,16,29.14745
26,17,29.402245
26,18,29.5873
26,19,29.71922
26,2,6.474599
26,20,29.811548
26,21,29.875046
26,22,29.918
26,23,29.946651
26,24,29.96558
26,25,29.97805
26,26,29.986362
26,27,29.992104
26,28,29.996384
26,29,30.0
26,3,9.563955
26,4,12.48481
26,5,15.195154
26,6,17.663511
26,7,19.869747
26,8,21.805058
26,9,23.47111
27,0,0.0
27,1,3.2680378
27,10,24.88227
27,11,26.049381
27,12,26.998903
27,13,27.756947
27,14,28.350765
27,15,28.807205
27,16,29.15145
27,17,29.406189
27,18,29.591156
27,19,29.72294
27,2,6.4755573
27,20,29.815102
27,21,29.87837
27,22,29.921062
27,23,29.949398
27,24,29.967957
27,25,29.980019
27,26,29.987877
27,27,29.993137
27,28,29.996904
27,29,30.0
27,3,9.565372
27,4,12.486652
27,5,15.197396
27,6,17.666111
27,7,19.872667
27,8,21.808247
27,9,23.474539
28,0,0.0
28,1,3.2683275
28,10,24.884436
28,11,26.051632
28,12,27.001223
28,13,27.759312
28,14,28.353159
28,15,28.809607
28,16,29.153835
28,17,29.408545
28,18,29.593452
28,19,29.725164
28,2,6.4761314
28,20,29.817215
28,21,29.880363
28,22,29.922886
28,23,29.951035
28,24,29.969376
28,25,29.98119
28,26,29.988783
28,27,29.99375
28,28,29.997215
28,29,30.0
28,3,9.566217
28,4,12.487758
28,5,15.198735
28,6,17.667667
28,7,19.87441
28,8,21.810158
28,9,23.476583
29,0,0.0
29,1,3.2684975
29,10,24.8857
29,11,26.052952
29,12,27.002583
29,13,27.760696
29,14,28.35456
29,15,28.811012
29,16,29.155235
29,17,29.40992
29,18,29.594799
29,19,29.726463
29,2,6.4764676
29,20,29.818455
29,21,29.88152
29,22,29.923954
29,23,29.951992
29,24,29.970201
29,25,29.981874
29,26,29.98931
29,27,29.99411
29,28,29.997396
29,29,30.0
29,3,9.566715
29,4,12.488403
29,5,15.199523
29,6,17.66858
29,7,19.875435
29,8,21.811275
29,9,23.477787
3,0,0.0
3,1,1.0402073
3,10,7.9376307
3,11,8.317097
3,12,8.630477
3,13,8.888278
3,14,9.101304
3,15,9.282039
3,16,9.443579
3,17,9.600725
3,18,9.7704525
3,19,9.973131
3,2,2.0611703
3,20,10.235008
3,21,10.590643
3,22,11.088861
3,23,11.799345
3,24,12.826021
3,25,14.323405
3,26,16.519112
3,27,19.719376
3,28,24.231194
3,29,30.0
3,3,3.0450332
3,4,3.9753141
3,5,4.8392587
3,6,5.6263185
3,7,6.3309064
3,8,6.9496765
3,9,7.4841895
30,0,0.0
30,1,3.2685952
30,10,24.886429
30,11,26.05371
30,12,27.003363
30,13,27.76149
30,14,28.355366
30,15,28.811817
30,16,29.156036
30,17,29.410713
30,18,29.59557
30,19,29.727207
30,2,6.4766617
30,20,29.819164
30,21,29.882187
30,22,29.924568
30,23,29.952538
30,24,29.97068
30,25,29.982265
30,26,29.989613
30,27,29.994314
30,28,29.997501
30,29,30.0
30,3,9.567001
30,4,12.488777
30,5,15.199974
30,6,17.669102
30,7,19.876022
30,8,21.81192
30,9,23.478474
31,0,0.0
31,1,3.2686505
31,10,24.886839
31,11,26.054134
31,12,27.003801
31,13,27.761938
31,14,28.355814
31,15,28.812271
31,16,29.156487
31,17,29.411156
31,18,29.596004
31,19,29.727627
31,2,6.4767704
31,20,29.819563
31,21,29.88256
31,22,29.924911
31,23,29.952847
31,24,29.970945
31,25,29.98249
31,26,29.98978
31,27,29.99443
31,28,29.997559
31,29,30.0
31,3,9.567162
31,4,12.488987
31,5,15.20023
31,6,17.6694
31,7,19.876356
31,8,21.81228
31,9,23.478863
32,0,0.0
32,1,3.268681
32,10,24.887066
32,11,26.05437
32,12,27.004042
32,13,27.762184
32,14,28.356066
32,15,28.81252
32,16,29.156736
32,17,29.411402
32,18,29.596241
32,19,29.727856
32,2,6.4768314
32,20,29.819784
32,21,29.882767
32,22,29.925102
32,23,29.953016
32,24,29.971096
32,25,29.982609
32,26,29.989876
32,27,29.994493
32,28,29.997591
32,29,30.0
32,3,9.567251
32,4,12.489103
32,5,15.200371
32,6,17.669561
32,7,19.876537
32,8,21.812485
32,9,23.479078
33,0,0.0
33,1,3.2686977
33,10,24.887188
33,11,26.054497
33,12,27.004173
33,13,27.76232
33,14,28.3562
33,15,28.812656
33,16,29.15687
33,17,29.411533
33,18,29.59637
33,19,29.72798
33,2,6.476864
33,20,29.8199
33,21,29.88288
33,22,29.925201
33,23,29.95311
33,24,29.971172
33,25,29.982676
33,26,29.989925
33,27,29.994526
33,28,29.997608
33,29,30.0
33,3,9.567299
33,4,12.489164
33,5,15.200447
33,6,17.669651
33,7,19.876637
33,8,21.812592
33,9,23.479195
34,0,0.0
34,1,3.2687066
34,10,24.88725
34,11,26.054565
34,12,27.004242
34,13,27.76239
34,14,28.356274
34,15,28.812727
34,16,29.15694
34,17,29.411602
34,18,29.59644
34,19,29.728045
34,2,6.476881
34,20,29.819963
34,21,29.882936
34,22,29.925257
34,23,29.953156
34,24,29.971214
34,25,29.982708
34,26,29.989952
34,27,29.994545
34,28,29.997616
34,29,30.0
34,3,9.567325
34,4,12.489199
34,5,15.200487
34,6,17.669695
34,7,19.87669
34,8,21.812649
34,9,23.479256
35,0,0.0
35,1,3.268711
35,10,24.887285
35,11,26.0546
35,12,27.00428
35,13,27.762426
35,14,28.35631
35,15,28.812763
35,16,29.156975
35,17,29.41164
35,18,29.596474
35,19,29.72808
35,2,6.4768906
35,20,29.819996
35,21,29.882967
35,22,29.925283
35,23,29.953182
35,24,29.971233
35,25,29.982729
35,26,29.989964
35,27,29.994553
35,28,29.997623
35,29,30.0
35,3,9.567339
35,4,12.489216
35,5,15.200507
35,6,17.669722
35,7,19.876715
35,8,21.812677
35,9,23.479286
36,0,0.0
36,1,3.2687132
36,10,24.8873
36,11,26.054615
36,12,27.004297
36,13,27.762447
36,14,28.356327
36,15,28.812782
36,16,29.156994
36,17,29.411655
36,18,29.596493
36,19,29.728096
36,2,6.476895
36,20,29.820011
36,21,29.882982
36,22,29.9253
36,23,29.953194
36,24,29.971247
36,25,29.982735
36,26,29.989971
36,27,29.994558
36,28,29.997625
36,29,30.0
36,3,9.567345
36,4,12.489225
36,5,15.20052
36,6,17.669733
36,7,19.876728
36,8,21.812693
36,9,23.479305
37,0,0.0
37,1,3.2687144
37,10,24.88731
37,11,26.054626
37,12,27.004307
37,13,27.762455
37,14,28.356339
37,15,28.812792
37,16,29.157005
37,17,29.411667
37,18,29.5965
37,19,29.728107
37,2,6.476897
37,20,29.82002
37,21,29.882992
37,22,29.925304
37,23,29.953201
37,24,29.971252
37,25,29.98274
37,26,29.989975
37,27,29.994564
37,28,29.997625
37,29,30.0
37,3,9.5673485
37,4,12.489229
37,5,15.200524
37,6,17.669739
37,7,19.876736
37,8,21.812698
37,9,23.479311
38,0,0.0
38,1,3.268715
38,10,24.887314
38,11,26.05463
38,12,27.004309
38,13,27.762457
38,14,28.35634
38,15,28.812798
38,16,29.157007
38,17,29.41167
38,18,29.596508
38,19,29.728111
38,2,6.476898
38,20,29.820026
38,21,29.882994
38,22,29.925308
38,23,29.953201
38,24,29.971254
38,25,29.982742
38,26,29.989977
38,27,29.994564
38,28,29.997627
38,29,30.0
38,3,9.567349
38,4,12.489231
38,5,15.200526
38,6,17.669743
38,7,19.87674
38,8,21.812702
38,9,23.479313
39,0,0.0
39,1,3.2687154
39,10,24.887316
39,11,26.05463
39,12,27.00431
39,13,27.762459
39,14,28.356342
39,15,28.8128
39,16,29.157011
39,17,29.411673
39,18,29.596508
39,19,29.728111
39,2,6.476898
39,20,29.820026
39,21,29.883
39,22,29.925308
39,23,29.953205
39,24,29.971256
39,25,29.982744
39,26,29.989979
39,27,29.99456
39,28,29.997627
39,29,30.0
39,3,9.56735
39,4,12.489232
39,5,15.200527
39,6,17.669743
39,7,19.876743
39,8,21.812702
39,9,23.479317
4,0,0.0
4,1,1.357959
4,10,10.361694
4,11,10.856095
4,12,11.264584
4,13,11.599438
4,14,11.875471
4,15,12.107801
4,16,12.313266
4,17,12.509872
4,18,12.717913
4,19,12.961325
4,2,2.6910033
4,20,13.268983
4,21,13.678314
4,22,14.237704
4,23,15.012873
4,24,16.091011
4,25,17.587366
4,26,19.641552
4,27,22.394318
4,28,25.907402
4,29,30.0
4,3,3.9751828
4,4,5.1899886
4,5,6.317421
4,6,7.3452997
4,7,8.264547
4,8,9.0726385
4,9,9.769717
40,0,0.0
40,1,3.268715
40,10,24.887316
40,11,26.054632
40,12,27.004314
40,13,27.762459
40,14,28.356342
40,15,28.8128
40,16,29.157011
40,17,29.411674
40,18,29.596512
40,19,29.728111
40,2,6.4768987
40,20,29.820028
40,21,29.882996
40,22,29.925312
40,23,29.953205
40,24,29.971256
40,25,29.982746
40,26,29.989977
40,27,29.994564
40,28,29.997625
40,29,30.0
40,3,9.56735
40,4,12.489232
40,5,15.200527
40,6,17.669743
40,7,19.876741
40,8,21.812704
40,9,23.479317
41,0,0.0
41,1,3.2687154
41,10,24.887316
41,11,26.054632
41,12,27.00431
41,13,27.762463
41,14,28.356342
41,15,28.8128
41,16,29.157011
41,17,29.411674
41,18,29.59651
41,19,29.728115
41,2,6.476898
41,20,29.820026
41,21,29.883
41,22,29.925312
41,23,29.953205
41,24,29.971258
41,25,29.982742
41,26,29.989979
41,27,29.99456
41,28,29.997627
41,29,30.0
41,3,9.56735
41,4,12.489231
41,5,15.200528
41,6,17.669743
41,7,19.876741
41,8,21.812706
41,9,23.479319
42,0,0.0
42,1,3.268715
42,10,24.887318
42,11,26.05463
42,12,27.004314
42,13,27.762459
42,14,28.356346
42,15,28.8128
42,16,29.157011
42,17,29.411673
42,18,29.596512
42,19,29.728111
42,2,6.476899
42,20,29.82003
42,21,29.882996
42,22,29.925314
42,23,29.953205
42,24,29.971256
42,25,29.982744
42,26,29.989979
42,27,29.994562
42,28,29.997627
42,29,30.0
42,3,9.56735
42,4,12.489232
42,5,15.200527
42,6,17.669743
42,7,19.876741
42,8,21.812706
42,9,23.479317
43,0,0.0
43,1,3.2687154
43,10,24.887316
43,11,26.054632
43,12,27.00431
43,13,27.762463
43,14,28.356342
43,15,28.8128
43,16,29.157011
43,17,29.411674
43,18,29.59651
43,19,29.728117
43,2,6.476898
43,20,29.820026
43,21,29.883
43,22,29.925312
43,23,29.953207
43,24,29.971256
43,25,29.982746
43,26,29.989979
43,27,29.994564
43,28,29.997627
43,29,30.0
43,3,9.567351
43,4,12.489232
43,5,15.200527
43,6,17.669743
43,7,19.876741
43,8,21.812704
43,9,23.479317
44,0,0.0
44,1,3.2687151
44,10,24.887316
44,11,26.054632
44,12,27.004314
44,13,27.762459
44,14,28.356342
44,15,28.812798
44,16,29.157011
44,17,29.411674
44,18,29.596512
44,19,29.728111
44,2,6.476899
44,20,29.82003
44,21,29.882996
44,22,29.925312
44,23,29.953205
44,24,29.971258
44,25,29.982746
44,26,29.989979
44,27,29.994564
44,28,29.997627
44,29,30.0
44,3,9.56735
44,4,12.489232
44,5,15.200527
44,6,17.669743
44,7,19.876741
44,8,21.812706
44,9,23.479317
45,0,0.0
45,1,3.2687151
45,10,24.887318
45,11,26.054632
45,12,27.004314
45,13,27.762463
45,14,28.356346
45,15,28.812798
45,16,29.157011
45,17,29.411674
45,18,29.596508
45,19,29.728115
45,2,6.476898
45,20,29.820026
45,21,29.883
45,22,29.925308
45,23,29.953207
45,24,29.971256
45,25,29.982746
45,26,29.989979
45,27,29.994564
45,28,29.997625
45,29,30.0
45,3,9.56735
45,4,12.489232
45,5,15.200527
45,6,17.669743
45,7,19.876741
45,8,21.812706
45,9,23.479317
46,0,0.0
46,1,3.2687151
46,10,24.887318
46,11,26.054632
46,12,27.004313
46,13,27.762463
46,14,28.356342
46,15,28.8128
46,16,29.157011
46,17,29.411673
46,18,29.596512
46,19,29.728113
46,2,6.476898
46,20,29.82003
46,21,29.882996
46,22,29.925314
46,23,29.953205
46,24,29.971258
46,25,29.982746
46,26,29.98998
46,27,29.99456
46,28,29.997627
46,29,30.0
46,3,9.56735
46,4,12.489232
46,5,15.200528
46,6,17.669743
46,7,19.876743
46,8,21.812706
46,9,23.479319
47,0,0.0
47,1,3.2687151
47,10,24.887318
47,11,26.054632
47,12,27.004314
47,13,27.762463
47,14,28.356342
47,15,28.8128
47,16,29.157011
47,17,29.411674
47,18,29.596508
47,19,29.728115
47,2,6.476898
47,20,29.820028
47,21,29.883
47,22,29.925308
47,23,29.953209
47,24,29.971256
47,25,29.982744
47,26,29.989979
47,27,29.994564
47,28,29.997625
47,29,30.0
47,3,9.56735
47,4,12.489232
47,5,15.200528
47,6,17.669744
47,7,19.876741
47,8,21.812706
47,9,23.479319
48,0,0.0
48,1,3.268715
48,10,24.887318
48,11,26.054632
48,12,27.004313
48,13,27.762463
48,14,28.356346
48,15,28.812801
48,16,29.157013
48,17,29.411673
48,18,29.59651
48,19,29.728111
48,2,6.476898
48,20,29.820026
48,21,29.882996
48,22,29.925312
48,23,29.953205
48,24,29.971258
48,25,29.982742
48,26,29.989979
48,27,29.994562
48,28,29.997627
48,29,30.0
48,3,9.56735
48,4,12.489232
48,5,15.200528
48,6,17.669743
48,7,19.876741
48,8,21.812706
48,9,23.479319
49,0,0.0
49,1,3.268715
49,10,24.887316
49,11,26.054632
49,12,27.004314
49,13,27.762459
49,14,28.356346
49,15,28.812801
49,16,29.157013
49,17,29.411674
49,18,29.59651
49,19,29.728111
49,2,6.4768977
49,20,29.820028
49,21,29.882998
49,22,29.92531
49,23,29.953209
49,24,29.971256
49,25,29.982746
49,26,29.989977
49,27,29.994562
49,28,29.997627
49,29,30.0
49,3,9.56735
49,4,12.489232
49,5,15.200528
49,6,17.669744
49,7,19.876741
49,8,21.812706
49,9,23.479317
5,0,0.0
5,1,1.6530113
5,10,12.61048
5,11,13.211799
5,12,13.707285
5,13,14.113073
5,14,14.445642
5,15,14.723614
5,16,14.966005
5,17,15.193467
5,18,15.428478
5,19,15.696203
5,2,3.2754374
5,20,16.026608
5,21,16.45522
5,22,17.026793
5,23,17.795784
5,24,18.829502
5,25,20.204296
5,26,21.99789
5,27,24.262957
5,28,26.981123
5,29,30.0
5,3,4.838849
5,4,6.3170986
5,5,7.6898203
5,6,8.940327
5,7,10.059604
5,8,11.042399
5,9,11.891008
50,0,0.0
50,1,3.268715
50,10,24.887316
50,11,26.054632
50,12,27.004314
50,13,27.762463
50,14,28.356342
50,15,28.812801
50,16,29.157015
50,17,29.411674
50,18,29.59651
50,19,29.728111
50,2,6.476898
50,20,29.82003
50,21,29.882996
50,22,29.925312
50,23,29.953205
50,24,29.971256
50,25,29.982744
50,26,29.989977
50,27,29.994564
50,28,29.997627
50,29,30.0
50,3,9.56735
50,4,12.489231
50,5,15.200527
50,6,17.669743
50,7,19.876741
50,8,21.812706
50,9,23.479317
51,0,0.0
51,1,3.268715
51,10,24.887318
51,11,26.054632
51,12,27.004313
51,13,27.762463
51,14,28.356346
51,15,28.812801
51,16,29.157013
51,17,29.411676
51,18,29.596508
51,19,29.728115
51,2,6.4768987
51,20,29.820026
51,21,29.883
51,22,29.925308
51,23,29.953207
51,24,29.971256
51,25,29.982744
51,26,29.989979
51,27,29.994564
51,28,29.997627
51,29,30.0
51,3,9.56735
51,4,12.489232
51,5,15.200527
51,6,17.669743
51,7,19.876741
51,8,21.812704
51,9,23.479317
52,0,0.0
52,1,3.2687154
52,10,24.887316
52,11,26.054632
52,12,27.004314
52,13,27.762463
52,14,28.356346
52,15,28.812801
52,16,29.157013
52,17,29.411674
52,18,29.59651
52,19,29.728111
52,2,6.476898
52,20,29.820032
52,21,29.882996
52,22,29.925312
52,23,29.953205
52,24,29.971258
52,25,29.982746
52,26,29.989977
52,27,29.994564
52,28,29.997627
52,29,30.0
52,3,9.56735
52,4,12.489232
52,5,15.200527
52,6,17.669743
52,7,19.876741
52,8,21.812704
52,9,23.479317
53,0,0.0
53,1,3.268715
53,10,24.887316
53,11,26.054632
53,12,27.004314
53,13,27.76246
53,14,28.356346
53,15,28.8128
53,16,29.157013
53,17,29.411676
53,18,29.59651
53,19,29.728113
53,2,6.4768987
53,20,29.820026
53,21,29.883
53,22,29.925308
53,23,29.953207
53,24,29.971256
53,25,29.982746
53,26,29.989979
53,27,29.994564
53,28,29.997627
53,29,30.0
53,3,9.567349
53,4,12.489232
53,5,15.200527
53,6,17.669743
53,7,19.876741
53,8,21.812704
53,9,23.479319
54,0,0.0
54,1,3.2687154
54,10,24.887318
54,11,26.054632
54,12,27.004313
54,13,27.762463
54,14,28.356342
54,15,28.8128
54,16,29.157013
54,17,29.411674
54,18,29.596508
54,19,29.728113
54,2,6.476898
54,20,29.82003
54,21,29.882996
54,22,29.925312
54,23,29.953205
54,24,29.971258
54,25,29.982744
54,26,29.989979
54,27,29.994562
54,28,29.997627
54,29,30.0
54,3,9.56735
54,4,12.489232
54,5,15.200527
54,6,17.669743
54,7,19.876741
54,8,21.812706
54,9,23.479317
55,0,0.0
55,1,3.268715
55,10,24.887316
55,11,26.054634
55,12,27.004314
55,13,27.762463
55,14,28.356346
55,15,28.812801
55,16,29.157011
55,17,29.411674
55,18,29.59651
55,19,29.728111
55,2,6.4768987
55,20,29.820028
55,21,29.882998
55,22,29.92531
55,23,29.953207
55,24,29.971256
55,25,29.982746
55,26,29.989979
55,27,29.994564
55,28,29.997627
55,29,30.0
55,3,9.56735
55,4,12.489232
55,5,15.200527
55,6,17.669743
55,7,19.876741
55,8,21.812706
55,9,23.479317
56,0,0.0
56,1,3.2687154
56,10,24.887316
56,11,26.054634
56,12,27.004314
56,13,27.762463
56,14,28.356344
56,15,28.8128
56,16,29.157011
56,17,29.411674
56,18,29.596508
56,19,29.728113
56,2,6.476898
56,20,29.820026
56,21,29.882998
56,22,29.925312
56,23,29.953205
56,24,29.971256
56,25,29.982742
56,26,29.989979
56,27,29.994562
56,28,29.997627
56,29,30.0
56,3,9.56735
56,4,12.489232
56,5,15.200527
56,6,17.669743
56,7,19.876741
56,8,21.812706
56,9,23.479319
57,0,0.0
57,1,3.268715
57,10,24.887318
57,11,26.054634
57,12,27.004314
57,13,27.762463
57,14,28.356346
57,15,28.8128
57,16,29.157011
57,17,29.411674
57,18,29.596508
57,19,29.728113
57,2,6.476899
57,20,29.82003
57,21,29.882996
57,22,29.925312
57,23,29.953205
57,24,29.971256
57,25,29.982744
57,26,29.989977
57,27,29.994564
57,28,29.997627
57,29,30.0
57,3,9.56735
57,4,12.489233
57,5,15.200527
57,6,17.669743
57,7,19.876741
57,8,21.812706
57,9,23.479317
58,0,0.0
58,1,3.2687159
58,10,24.887316
58,11,26.054634
58,12,27.004314
58,13,27.762463
58,14,28.356346
58,15,28.8128
58,16,29.157013
58,17,29.411673
58,18,29.596508
58,19,29.728111
58,2,6.476898
58,20,29.820028
58,21,29.883
58,22,29.925312
58,23,29.953207
58,24,29.971256
58,25,29.982746
58,26,29.989977
58,27,29.994562
58,28,29.997627
58,29,30.0
58,3,9.567352
58,4,12.489232
58,5,15.20053
58,6,17.669743
58,7,19.876743
58,8,21.812704
58,9,23.479319
59,0,0.0
59,1,3.2687154
59,10,24.887318
59,11,26.054636
59,12,27.004314
59,13,27.762466
59,14,28.356346
59,15,28.812803
59,16,29.157013
59,17,29.411676
59,18,29.59651
59,19,29.728115
59,2,6.4768996
59,20,29.82003
59,21,29.882998
59,22,29.925312
59,23,29.953205
59,24,29.97126
59,25,29.982744
59,26,29.989979
59,27,29.994562
59,28,29.997627
59,29,30.0
59,3,9.56735
59,4,12.489234
59,5,15.200527
59,6,17.669744
59,7,19.876741
59,8,21.812706
59,9,23.479319
6,0,0.0
6,1,1.9217172
6,10,14.658722
6,11,15.356161
6,12,15.930841
6,13,16.399616
6,14,16.782415
6,15,17.099224
6,16,17.37159
6,17,17.621584
6,18,17.872665
6,19,18.15056
6,2,3.808135
6,20,18.48354
6,21,18.904724
6,22,19.451515
6,23,20.16789
6,24,21.101284
6,25,22.300547
6,26,23.804382
6,27,25.62602
6,28,27.727459
6,29,30.0
6,3,5.625392
6,4,7.3443565
6,5,8.939646
6,6,10.393863
6,7,11.694267
6,8,12.83707
6,9,13.822537
60,0,0.0
60,1,3.268716
60,10,24.887321
60,11,26.054636
60,12,27.00432
60,13,27.762465
60,14,28.356352
60,15,28.812803
60,16,29.157019
60,17,29.411678
60,18,29.596514
60,19,29.728119
60,2,6.476899
60,20,29.820032
60,21,29.883
60,22,29.925314
60,23,29.953209
60,24,29.971258
60,25,29.98275
60,26,29.989977
60,27,29.994564
60,28,29.997627
60,29,30.0
60,3,9.567353
60,4,12.489233
60,5,15.200531
60,6,17.669744
60,7,19.876747
60,8,21.812706
60,9,23.47932
61,0,0.0
61,1,3.268716
61,10,24.887325
61,11,26.054642
61,12,27.004322
61,13,27.762472
61,14,28.356354
61,15,28.812813
61,16,29.157022
61,17,29.411686
61,18,29.59652
61,19,29.728123
61,2,6.476902
61,20,29.820036
61,21,29.883005
61,22,29.925318
61,23,29.95321
61,24,29.971264
61,25,29.982746
61,26,29.98998
61,27,29.994564
61,28,29.997627
61,29,30.0
61,3,9.567353
61,4,12.489238
61,5,15.200533
61,6,17.669752
61,7,19.876747
61,8,21.812714
61,9,23.479324
62,0,0.0
62,1,3.2687178
62,10,24.887335
62,11,26.054653
62,12,27.004333
62,13,27.762482
62,14,28.356367
62,15,28.81282
62,16,29.157036
62,17,29.411694
62,18,29.596533
62,19,29.728132
62,2,6.4769034
62,20,29.820045
62,21,29.883013
62,22,29.925325
62,23,29.953218
62,24,29.971266
62,25,29.982754
62,26,29.989985
62,27,29.994568
62,28,29.99763
62,29,30.0
62,3,9.567358
62,4,12.489242
62,5,15.200541
62,6,17.669756
62,7,19.876759
62,8,21.812721
62,9,23.479334
63,0,0.0
63,1,3.2687204
63,10,24.887356
63,11,26.054672
63,12,27.004354
63,13,27.762503
63,14,28.356388
63,15,28.812843
63,16,29.157055
63,17,29.411718
63,18,29.59655
63,19,29.728151
63,2,6.4769096
63,20,29.820065
63,21,29.88303
63,22,29.92534
63,23,29.953234
63,24,29.97128
63,25,29.982765
63,26,29.989994
63,27,29.994574
63,28,29.997631
63,29,30.0
63,3,9.567366
63,4,12.489254
63,5,15.200552
63,6,17.669775
63,7,19.876774
63,8,21.812742
63,9,23.479355
64,0,0.0
64,1,3.2687266
64,10,24.887394
64,11,26.054714
64,12,27.004398
64,13,27.762548
64,14,28.35643
64,15,28.81289
64,16,29.157099
64,17,29.41176
64,18,29.596594
64,19,29.728191
64,2,6.47692
64,20,29.820103
64,21,29.883068
64,22,29.925373
64,23,29.953262
64,24,29.97131
64,25,29.982786
64,26,29.99001
64,27,29.994583
64,28,29.997637
64,29,30.0
64,3,9.567384
64,4,12.489273
64,5,15.20058
64,6,17.669802
64,7,19.876808
64,8,21.812775
64,9,23.479393
65,0,0.0
65,1,3.2687376
65,10,24.887478
65,11,26.054796
65,12,27.004484
65,13,27.762634
65,14,28.356518
65,15,28.812973
65,16,29.157187
65,17,29.411844
65,18,29.596674
65,19,29.728271
65,2,6.4769435
65,20,29.820179
65,21,29.883139
65,22,29.925438
65,23,29.953323
65,24,29.971355
65,25,29.98283
65,26,29.990042
65,27,29.994608
65,28,29.997648
65,29,30.0
65,3,9.567415
65,4,12.489317
65,5,15.20063
65,6,17.669863
65,7,19.876873
65,8,21.812847
65,9,23.47947
66,0,0.0
66,1,3.2687595
66,10,24.88763
66,11,26.054958
66,12,27.004646
66,13,27.762802
66,14,28.356686
66,15,28.813143
66,16,29.15735
66,17,29.41201
66,18,29.596832
66,19,29.728424
66,2,6.476986
66,20,29.820328
66,21,29.883274
66,22,29.925568
66,23,29.953434
66,24,29.971457
66,25,29.982908
66,26,29.990105
66,27,29.994648
66,28,29.997671
66,29,30.0
66,3,9.567479
66,4,12.489398
66,5,15.20073
66,6,17.669975
66,7,19.877003
66,8,21.812988
66,9,23.479618
67,0,0.0
67,1,3.2688007
67,10,24.887926
67,11,26.055262
67,12,27.00496
67,13,27.763117
67,14,28.357006
67,15,28.81346
67,16,29.15767
67,17,29.412317
67,18,29.597137
67,19,29.728718
67,2,6.4770675
67,20,29.820602
67,21,29.883533
67,22,29.925804
67,23,29.95365
67,24,29.97164
67,25,29.983063
67,26,29.99022
67,27,29.994728
67,28,29.997711
67,29,30.0
67,3,9.567598
67,4,12.489554
67,5,15.200918
67,6,17.670193
67,7,19.877241
67,8,21.81325
67,9,23.479897
68,0,0.0
68,1,3.2688775
68,10,24.88847
68,11,26.055828
68,12,27.005535
68,13,27.763702
68,14,28.357595
68,15,28.81405
68,16,29.158253
68,17,29.412893
68,18,29.597698
68,19,29.729258
68,2,6.4772186
68,20,29.821117
68,21,29.884018
68,22,29.926247
68,23,29.954046
68,24,29.971983
68,25,29.983345
68,26,29.99044
68,27,29.994875
68,28,29.997784
68,29,30.0
68,3,9.5678215
68,4,12.489843
68,5,15.201267
68,6,17.670597
68,7,19.877691
68,8,21.813736
68,9,23.480417
69,0,0.0
69,1,3.2690163
69,10,24.889462
69,11,26.05685
69,12,27.006586
69,13,27.764767
69,14,28.358667
69,15,28.81512
69,16,29.159313
69,17,29.413937
69,18,29.598715
69,19,29.730236
69,2,6.477494
69,20,29.822054
69,21,29.88489
69,22,29.927052
69,23,29.954763
69,24,29.972607
69,25,29.98386
69,26,29.990835
69,27,29.995146
69,28,29.997921
69,29,30.0
69,3,9.568226
69,4,12.490369
69,5,15.2019005
69,6,17.671328
69,7,19.878506
69,8,21.814623
69,9,23.48136
7,0,0.0
7,1,2.1621344
7,10,16.488844
7,11,17.272593
7,12,17.916641
7,13,18.44124
7,14,18.866943
7,15,19.21637
7,16,19.511951
7,17,19.776958
7,18,20.035236
7,19,20.311493
7,2,4.2842574
7,20,20.632603
7,21,21.026934
7,22,21.526243
7,23,22.16323
7,24,22.971804
7,25,23.980768
7,26,25.208744
7,27,26.651852
7,28,28.274017
7,29,30.0
7,3,6.3290873
7,4,8.262504
7,5,10.057695
7,6,11.692972
7,7,13.156304
7,8,14.4409485
7,9,15.549593
70,0,0.0
70,1,3.2692647
70,10,24.891222
70,11,26.058676
70,12,27.008451
70,13,27.76666
70,14,28.360573
70,15,28.817024
70,16,29.1612
70,17,29.415794
70,18,29.600523
70,19,29.731983
70,2,6.477984
70,20,29.82371
70,21,29.886448
70,22,29.92848
70,23,29.956045
70,24,29.973713
70,25,29.984776
70,26,29.99154
70,27,29.995625
70,28,29.998163
70,29,30.0
70,3,9.568948
70,4,12.491304
70,5,15.203032
70,6,17.672632
70,7,19.87996
70,8,21.816202
70,9,23.483044
71,0,0.0
71,1,3.2696984
71,10,24.894299
71,11,26.061855
71,12,27.011711
71,13,27.769966
71,14,28.363901
71,15,28.820349
71,16,29.164495
71,17,29.419031
71,18,29.603682
71,19,29.735025
71,2,6.4788423
71,20,29.82661
71,21,29.88916
71,22,29.930977
71,23,29.958277
71,24,29.97565
71,25,29.986372
71,26,29.992771
71,27,29.99646
71,28,29.998585
71,29,30.0
71,3,9.570209
71,4,12.492942
71,5,15.205009
71,6,17.67491
71,7,19.8825
71,8,21.818958
71,9,23.485975
72,0,0.0
72,1,3.2704434
72,10,24.899559
72,11,26.0673
72,12,27.017282
72,13,27.775621
72,14,28.369587
72,15,28.826029
72,16,29.170128
72,17,29.424572
72,18,29.609076
72,19,29.740232
72,2,6.4803133
72,20,29.831562
72,21,29.893806
72,22,29.935238
72,23,29.962101
72,24,29.978958
72,25,29.989115
72,26,29.994877
72,27,29.997894
72,28,29.999311
72,29,30.0
72,3,9.5723715
72,4,12.4957485
72,5,15.208399
72,6,17.678812
72,7,19.886845
72,8,21.823679
72,9,23.491
73,0,0.0
73,1,3.2716966
73,10,24.908392
73,11,26.076433
73,12,27.026627
73,13,27.785097
73,14,28.379126
73,15,28.835548
73,16,29.17957
73,17,29.433853
73,18,29.618128
73,19,29.748955
73,2,6.482789
73,20,29.839876
73,21,29.901592
73,22,29.942402
73,23,29.96851
73,24,29.98452
73,25,29.993704
73,26,29.99842
73,27,30.000296
73,28,30.000528
73,29,30.0
73,3,9.576011
73,4,12.500465
73,5,15.214094
73,6,17.685371
73,7,19.894148
73,8,21.831604
73,9,23.499432
74,0,0.0
74,1,3.2737653
74,10,24.922924
74,11,26.091455
74,12,27.041996
74,13,27.800678
74,14,28.394794
74,15,28.851204
74,16,29.19508
74,17,29.449114
74,18,29.632996
74,19,29.763308
74,2,6.4868765
74,20,29.853533
74,21,29.914408
74,22,29.954172
74,23,29.979073
74,24,29.993664
74,25,30.001278
74,26,30.004242
74,27,30.004261
74,28,30.00253
74,29,30.0
74,3,9.582015
74,4,12.508251
74,5,15.223488
74,6,17.696186
74,7,19.906181
74,8,21.844656
74,9,23.513313
75,0,0.0
75,1,3.2771184
75,10,24.946379
75,11,26.115688
75,12,27.066774
75,13,27.825794
75,14,28.42006
75,15,28.876421
75,16,29.220085
75,17,29.4737
75,18,29.656975
75,19,29.786427
75,2,6.493495
75,20,29.875574
75,21,29.935066
75,22,29.973186
75,23,29.996105
75,24,30.008446
75,25,30.013493
75,26,30.013664
75,27,30.010654
75,28,30.005772
75,29,30.0
75,3,9.5917425
75,4,12.520852
75,5,15.23869
75,6,17.71367
75,7,19.92563
75,8,21.865742
75,9,23.535728
76,0,0.0
76,1,3.2824488
76,10,24.983505
76,11,26.15403
76,12,27.105965
76,13,27.865505
76,14,28.459984
76,15,28.91629
76,16,29.259594
76,17,29.512573
76,18,29.694866
76,19,29.823013
76,2,6.5040245
76,20,29.910416
76,21,29.967777
76,22,30.003258
76,23,30.023106
76,24,30.031845
76,25,30.032875
76,26,30.028584
76,27,30.020813
76,28,30.010904
76,29,30.0
76,3,9.607199
76,4,12.540878
76,5,15.262821
76,6,17.741425
76,7,19.956469
76,8,21.899162
76,9,23.571224
77,0,0.0
77,1,3.2907767
77,10,25.04115
77,11,26.213535
77,12,27.166752
77,13,27.927076
77,14,28.521889
77,15,28.978075
77,16,29.320852
77,17,29.572819
77,18,29.753645
77,19,29.879728
77,2,6.5204544
77,20,29.964516
77,21,30.018528
77,22,30.050005
77,23,30.06503
77,24,30.068258
77,25,30.062998
77,26,30.051826
77,27,30.036606
77,28,30.018906
77,29,30.0
77,3,9.631329
77,4,12.572099
77,5,15.300448
77,6,17.784637
77,7,20.004475
77,8,21.951118
77,9,23.626392
78,0,0.0
78,1,3.3035421
78,10,25.128994
78,11,26.304121
78,12,27.259258
78,13,28.020737
78,14,28.616013
78,15,29.072037
78,16,29.413967
78,17,29.664463
78,18,29.843016
78,19,29.96607
78,2,6.5456553
78,20,30.046831
78,21,30.095882
78,22,30.121202
78,23,30.129015
78,24,30.123775
78,25,30.109028
78,26,30.0873
78,27,30.060762
78,28,30.031124
78,29,30.0
78,3,9.668286
78,4,12.619929
78,5,15.358
78,6,17.850723
78,7,20.077778
78,8,22.030434
78,9,23.71049
79,0,0.0
79,1,3.3227854
79,10,25.260294
79,11,26.439468
79,12,27.397352
79,13,28.160492
79,14,28.756428
79,15,29.212152
79,16,29.552885
79,17,29.80113
79,18,29.976429
79,19,30.094921
79,2,6.5835958
79,20,30.169859
79,21,30.211445
79,22,30.227781
79,23,30.224735
79,24,30.207018
79,25,30.17798
79,26,30.140553
79,27,30.096985
79,28,30.049482
79,29,30.0
79,3,9.723943
79,4,12.691839
79,5,15.444512
79,6,17.949896
79,7,20.187733
79,8,22.149206
79,9,23.836363
8,0,0.0
8,1,2.3730245
8,10,18.09458
8,11,18.952738
8,12,19.65773
8,13,20.229744
8,14,20.692085
8,15,21.067772
8,16,21.380795
8,17,21.654686
8,18,21.913015
8,19,22.179752
8,2,4.7023993
8,20,22.478828
8,21,22.835558
8,22,23.274857
8,23,23.822369
8,24,24.500519
8,25,25.327404
8,26,26.309881
8,27,27.439676
8,28,28.686787
8,29,30.0
8,3,6.9463544
8,4,9.068759
8,5,11.038404
8,6,12.833565
8,7,14.438679
8,8,15.848751
8,9,17.064213
80,0,0.0
80,1,3.3512697
80,10,25.452982
80,11,26.63784
80,12,27.59965
80,13,28.365093
80,14,28.961912
80,15,29.417202
80,16,29.756119
80,17,30.001219
80,18,30.171707
80,19,30.283768
80,2,6.6397786
80,20,30.350132
80,21,30.381092
80,22,30.384188
80,23,30.365517
80,24,30.32938
80,25,30.279573
80,26,30.218948
80,27,30.15042
80,28,30.07653
80,29,30.0
80,3,9.806232
80,4,12.798145
80,5,15.572166
80,6,18.096146
80,7,20.349579
80,8,22.323914
80,9,24.021208
81,0,0.0
81,1,3.3927622
81,10,25.73044
81,11,26.923273
81,12,27.890415
81,13,28.659006
81,14,29.256989
81,15,29.711555
81,16,30.047968
81,17,30.288492
81,18,30.452377
81,19,30.555168
81,2,6.721508
81,20,30.609648
81,21,30.625303
81,22,30.609823
81,23,30.568586
81,24,30.5063
81,25,30.426403
81,26,30.332512
81,27,30.22776
81,28,30.115753
81,29,30.0
81,3,9.925926
81,4,12.952482
81,5,15.757378
81,6,18.307894
81,7,20.583694
81,8,22.576124
81,9,24.287806
82,0,0.0
82,1,3.4521775
82,10,26.122782
82,11,27.326277
82,12,28.30062
82,13,29.073322
82,14,29.67273
82,15,30.126266
82,16,30.459053
82,17,30.69344
82,18,30.84801
82,19,30.938301
82,2,6.8385496
82,20,30.976067
82,21,30.970816
82,22,30.92913
82,23,30.856653
82,24,30.757298
82,25,30.635231
82,26,30.493984
82,27,30.337967
82,28,30.171595
82,29,30.0
82,3,10.097032
82,4,13.172955
82,5,16.021357
82,6,18.609348
82,7,20.916206
82,8,22.933891
82,9,24.665205
83,0,0.0
83,1,3.5359936
83,10,26.667332
83,11,27.88496
83,12,28.868546
83,13,29.646492
83,14,30.2476
83,15,30.699493
83,16,31.027485
83,17,31.253368
83,18,31.395706
83,19,31.46885
83,2,7.003411
83,20,31.484432
83,21,31.450428
83,22,31.37345
83,23,31.25773
83,24,31.107698
83,25,30.926853
83,26,30.72004
83,27,30.492218
83,28,30.2499
83,29,30.0
83,3,10.337889
83,4,13.482584
83,5,16.39158
83,6,19.031
83,7,21.380545
83,8,23.432224
83,9,25.190083
84,0,0.0
84,1,3.6524076
84,10,27.409744
84,11,28.645195
84,12,29.640444
84,13,30.424736
84,14,31.027653
84,15,31.477245
84,16,31.798615
84,17,32.013588
84,18,32.139545
84,19,32.190613
84,2,7.232296
84,20,32.1765
84,21,32.104927
84,22,31.980366
84,23,31.807156
84,24,31.588154
84,25,31.327879
84,26,31.031048
84,27,30.704948
84,28,30.357857
84,29,30.0
84,3,10.671543
84,4,13.910861
84,5,16.902168
84,6,19.61132
84,7,22.017658
84,8,24.114588
84,9,25.906883
85,0,0.0
85,1,3.8119602
85,10,28.403585
85,11,29.661125
85,12,30.670254
85,13,31.46192
85,14,32.066593
85,15,32.51272
85,16,32.825657
85,17,33.02631
85,18,33.131798
85,19,33.154137
85,2,7.5454187
85,20,33.102493
85,21,32.98174
85,22,32.795876
85,23,32.54652
85,24,32.236862
85,25,31.870054
85,26,31.452812
85,27,30.993587
85,28,30.504642
85,29,30.0
85,3,11.127317
85,4,14.494076
85,5,17.595757
85,6,20.396805
85,7,22.877697
85,8,25.032606
85,9,26.868973
86,0,0.0
86,1,4.0277777
86,10,29.710777
86,11,30.994087
86,12,32.01922
86,13,32.81878
86,14,33.42466
86,15,33.866035
86,16,34.167915
86,17,34.351097
86,18,34.430702
86,19,34.418003
86,2,7.9684725
86,20,34.31881
86,21,34.13693
86,22,33.872406
86,23,33.526154
86,24,33.09822
86,25,32.592693
86,26,32.015892
86,27,31.3801
86,28,30.701271
86,29,30.0
86,3,11.741228
86,4,15.277456
86,5,18.523548
86,6,21.443924
86,7,24.019398
86,8,26.247372
86,9,28.13757
87,0,0.0
87,1,4.316639
87,10,31.399576
87,11,32.711952
87,12,33.753998
87,13,34.561295
87,14,35.16729
87,15,35.601837
87,16,35.89025
87,17,36.05181
87,18,36.100937
87,19,36.045395
87,2,8.53325
87,20,35.889473
87,21,35.632004
87,22,35.27117
87,23,34.802696
87,24,34.225742
87,25,33.54136
87,26,32.758183
87,27,31.890562
87,28,30.961632
87,29,30.0
87,3,12.558441
87,4,16.315506
87,5,19.747774
87,6,22.818478
87,7,25.51169
87,8,27.827808
87,9,29.782227
88,0,0.0
88,1,4.6996813
88,10,33.543823
88,11,34.88608
88,12,35.944675
88,13,36.758102
88,14,37.36207
88,15,37.787495
88,16,38.059155
88,17,38.195923
88,18,38.209057
88,19,38.104668
88,2,9.280327
88,20,37.88155
88,21,37.535744
88,22,37.05838
88,23,36.44214
88,24,35.679718
88,25,34.771408
88,26,33.72415
88,27,32.557724
88,28,31.30246
88,29,30.0
88,3,13.634349
88,4,17.675358
88,5,21.341515
88,6,24.597872
88,7,27.43185
88,8,29.851421
88,9,31.877949
89,0,0.0
89,1,5.2046885
89,10,36.2187
89,11,37.5891
89,12,38.660816
89,13,39.47697
89,14,40.075592
89,15,40.488533
89,16,40.740784
89,17,40.848965
89,18,40.82289
89,19,40.663376
89,2,10.261168
89,20,40.36602
89,21,39.91871
89,22,39.307728
89,23,38.515934
89,24,37.531265
89,25,36.346573
89,26,34.969185
89,27,33.42125
89,28,31.745335
89,29,30.0
89,3,15.039206
89,4,19.437962
89,5,23.39236
89,6,26.869734
89,7,29.866892
89,8,32.40081
89,9,34.504528
9,0,0.0
9,1,2.554823
9,10,19.476398
9,11,20.399094
9,12,21.15525
9,13,21.767822
9,14,22.260056
9,15,22.656843
9,16,22.982265
9,17,23.260252
9,18,23.513992
9,19,23.765835
9,2,5.06236
9,20,24.038063
9,21,24.351744
9,22,24.728008
9,23,25.18541
9,24,25.740475
9,25,26.403309
9,26,27.176651
9,27,28.050941
9,28,29.003881
9,29,30.0
9,3,7.4784293
9,4,9.762822
9,5,11.883631
9,6,13.815406
9,7,15.543631
9,8,17.060507
9,9,18.368816
90,0,0.0
90,1,5.8686943
90,10,39.49848
90,11,40.889545
90,12,41.96768
90,13,42.780327
90,14,43.3685
90,15,43.76529
90,16,43.99477
90,17,44.072685
90,18,44.00445
90,19,43.787918
90,2,11.544261
90,20,43.41058
90,21,42.85467
90,22,42.094543
90,23,41.104744
90,24,39.85959
90,25,38.344734
90,26,36.56022
90,27,34.532845
90,28,32.317753
90,29,30.0
90,3,16.861996
90,4,21.704247
90,5,26.002743
90,6,29.734741
90,7,32.910164
90,8,35.563435
90,9,37.741333
91,0,0.0
91,1,6.7442884
91,10,43.449852
91,11,44.848064
91,12,45.920387
91,13,46.720093
91,14,47.290863
91,15,47.66655
91,16,47.871143
91,17,47.917343
91,18,47.808342
91,19,47.535027
91,2,13.222807
91,20,47.0797
91,21,46.41259
91,22,45.498196
91,23,44.293297
91,24,42.757843
91,25,40.858192
91,26,38.58445
91,27,35.960083
91,28,33.058052
91,29,30.0
91,3,19.22092
91,4,24.599552
91,5,29.295727
91,6,33.304497
91,7,36.662014
91,8,39.42578
91,9,41.665085
92,0,0.0
92,1,7.9098043
92,10,48.12796
92,11,49.51014
92,12,50.558884
92,13,51.332073
92,14,51.876106
92,15,52.225533
92,16,52.402786
92,17,52.419205
92,18,52.27279
92,19,51.950615
92,2,15.431894
92,20,51.424904
92,21,50.657127
92,22,49.59388
92,23,48.17444
92,24,46.330868
92,25,44.003975
92,26,41.15587
92,27,37.79949
92,28,34.021683
92,29,30.0
92,3,22.276213
92,4,28.285711
92,5,33.416763
92,6,37.704178
92,7,41.223946
92,8,44.07114
92,9,46.341896
93,0,0.0
93,1,9.491829
93,10,53.567654
93,11,54.901257
93,12,55.90133
93,13,56.630463
93,14,57.136337
93,15,57.453148
93,16,57.602432
93,17,57.59207
93,18,57.417763
93,19,57.059494
93,2,18.376558
93,20,56.4837
93,21,55.63774
93,22,54.453346
93,23,52.841763
93,24,50.702515
93,25,47.928745
93,26,44.435196
93,27,40.19444
93,28,35.297573
93,29,30.0
93,3,26.2562
93,4,32.972557
93,5,38.54088
93,6,43.06774
93,7,46.6961
93,8,49.57009
93,9,51.822693
94,0,0.0
94,1,11.711581
94,10,59.778095
94,11,61.01908
94,12,61.939354
94,13,62.602806
94,14,63.057056
94,15,63.335022
94,16,63.45574
94,17,63.425537
94,18,63.23576
94,19,62.863823
94,2,22.388947
94,20,62.26771
94,21,61.38656
94,22,60.13224
94,23,58.38999
94,24,56.011494
94,25,52.824905
94,26,48.653175
94,27,43.376465
94,28,37.039696
94,29,30.0
94,3,31.494137
94,4,38.937706
94,5,44.87182
94,6,49.53453
94,7,53.16506
94,8,55.973732
94,9,58.13212
95,0,0.0
95,1,14.996356
95,10,66.7332
95,11,67.8292
95,12,68.63284
95,13,69.20647
95,14,69.594536
95,15,69.82688
95,16,69.92029
95,17,69.87813
95,18,69.691025
95,19,69.332825
95,2,28.03503
95,20,68.76009
95,21,67.90352
95,22,66.66405
95,23,64.89839
95,24,62.41049
95,25,58.936565
95,26,54.154503
95,27,47.738342
95,28,39.5458
95,29,30.0
95,3,38.48813
95,4,46.539192
95,5,52.6369
95,6,57.23083
95,7,60.690887
95,8,63.297844
95,9,65.260826
96,0,0.0
96,1,20.266792
96,10,74.36674
96,11,75.25957
96,12,75.908035
96,13,76.366745
96,14,76.67397
96,15,76.8547
96,16,76.92204
96,17,76.87828
96,18,76.71292
96,19,76.40224
96,2,36.323578
96,20,75.9032
96,21,75.14946
96,22,74.03765
96,23,72.41307
96,24,70.038864
96,25,66.55852
96,26,61.44369
96,27,53.981785
96,28,43.45778
96,29,30.0
96,3,47.969616
96,4,56.210423
96,5,62.052113
96,6,66.24005
96,7,69.27969
96,8,71.5085
96,9,73.152374
97,0,0.0
97,1,29.770718
97,10,82.56636
97,11,83.20027
97,12,83.65697
97,13,83.97787
97,14,84.191154
97,15,84.31485
97,16,84.358345
97,17,84.322296
97,18,84.19872
97,19,83.96796
97,2,49.069645
97,20,83.596596
97,21,83.02909
97,22,82.1785
97,23,80.90317
97,24,78.9698
97,25,75.975395
97,26,71.20417
97,27,63.37072
97,28,50.346054
97,29,30.0
97,3,60.92772
97,4,68.37617
97,5,73.24248
97,6,76.54372
97,7,78.85206
97,8,80.50118
97,9,81.69577
98,0,0.0
98,1,49.76307
98,10,91.17549
98,11,91.50514
98,12,91.74146
98,13,91.90677
98,14,92.0161
98,15,92.078995
98,16,92.10019
98,17,92.08002
98,18,92.01367
98,19,91.890625
98,2,69.29033
98,20,91.69163
98,21,91.38559
98,22,90.9207
98,23,90.21016
98,24,89.09789
98,25,87.28212
98,26,84.11285
98,27,78.00969
98,28,64.58511
98,29,30.0
98,3,78.34603
98,4,83.192635
98,5,86.08373
98,6,87.94475
98,7,89.205444
98,8,90.0885
98,9,90.71963
99,0,0.0
99,1,100.0
99,10,100.0
99,11,100.0
99,12,100.0
99,13,100.0
99,14,100.0
99,15,100.0
99,16,100.0
99,17,100.0
99,18,100.0
99,19,100.0
99,2,100.0
99,20,100.0
99,21,100.0
99,22,100.0
99,23,100.0
99,24,100.0
99,25,100.0
99,26,100.0
99,27,100.0
99,28,100.0
99,29,30.0
99,3,100.0
99,4,100.0
99,5,100.0
99,6,100.0
99,7,100.0
99,8,100.0
99,9,100.0
