0,0,0.0
0,1,0.0
0,10,0.0
0,11,0.0
0,12,0.0
0,13,0.0
0,14,0.0
0,15,0.0
0,16,0.0
0,17,0.0
0,18,0.0
0,19,0.0
0,2,0.0
0,20,0.0
0,21,0.0
0,22,0.0
0,23,0.0
0,24,0.0
0,25,0.0
0,26,0.0
0,27,0.0
0,28,0.0
0,29,30.0
0,3,0.0
0,4,0.0
0,5,0.0
0,6,0.0
0,7,0.0
0,8,0.0
0,9,0.0
1,0,0.0
1,1,2.468182
1,10,8.666609
1,11,8.667677
1,12,8.667842
1,13,8.667865
1,14,8.667867
1,15,8.667867
1,16,8.667867
1,17,8.667868
1,18,8.66788
1,19,8.667934
1,2,4.6278415
1,20,8.668386
1,21,8.6700735
1,22,8.6781645
1,23,8.703867
1,24,8.7905655
1,25,9.031631
1,26,9.700163
1,27,11.4590845
1,28,16.23409
1,29,30.0
1,3,6.307576
1,4,7.4273996
1,5,8.099295
1,6,8.435241
1,7,8.587944
1,8,8.643473
1,9,8.661982
10,0,0.0
10,1,8.666609
10,10,29.993776
10,11,29.996431
10,12,29.996841
10,13,29.996885
10,14,29.996887
10,15,29.99689
10,16,29.99689
10,17,29.996887
10,18,29.996887
10,19,29.99689
10,2,16.250114
10,20,29.99689
10,21,29.996887
10,22,29.996887
10,23,29.996887
10,24,29.996887
10,25,29.996967
10,26,29.997147
10,27,29.99775
10,28,29.998674
10,29,30.0
10,3,22.049267
10,4,25.91562
10,5,28.15404
10,6,29.273304
10,7,29.752987
10,8,29.927418
10,9,29.980505
11,0,0.0
11,1,8.667677
11,10,29.996431
11,11,29.999084
11,12,29.999495
11,13,29.99954
11,14,29.999542
11,15,29.999542
11,16,29.999542
11,17,29.999544
11,18,29.999542
11,19,29.999542
11,2,16.251896
11,20,29.999542
11,21,29.999544
11,22,29.999542
11,23,29.999542
11,24,29.999542
11,25,29.999542
11,26,29.999573
11,27,29.999636
11,28,29.999796
11,29,30.0
11,3,22.051657
11,4,25.918163
11,5,28.156693
11,6,29.275957
11,7,29.755642
11,8,29.93007
11,9,29.98316
12,0,0.0
12,1,8.667842
12,10,29.99684
12,11,29.999493
12,12,29.9999
12,13,29.999949
12,14,29.999952
12,15,29.999952
12,16,29.999952
12,17,29.99995
12,18,29.99995
12,19,29.99995
12,2,16.252213
12,20,29.99995
12,21,29.99995
12,22,29.999952
12,23,29.999952
12,24,29.999952
12,25,29.99995
12,26,29.999952
12,27,29.99996
12,28,29.999973
12,29,30.0
12,3,22.052025
12,4,25.918573
12,5,28.1571
12,6,29.276367
12,7,29.75605
12,8,29.930481
12,9,29.983566
13,0,0.0
13,1,8.667865
13,10,29.996883
13,11,29.999538
13,12,29.999949
13,13,29.999992
13,14,29.999996
13,15,29.999996
13,16,29.999996
13,17,29.999996
13,18,29.999996
13,19,29.999996
13,2,16.252247
13,20,29.999996
13,21,29.999996
13,22,29.999996
13,23,29.999996
13,24,29.999996
13,25,29.999996
13,26,29.999996
13,27,29.999996
13,28,29.999998
13,29,30.0
13,3,22.052069
13,4,25.918617
13,5,28.157146
13,6,29.27641
13,7,29.756096
13,8,29.930527
13,9,29.983612
14,0,0.0
14,1,8.667867
14,10,29.99689
14,11,29.999542
14,12,29.99995
14,13,29.999996
14,14,30.0
14,15,30.0
14,16,30.0
14,17,30.0
14,18,30.0
14,19,30.0
14,2,16.25225
14,20,30.0
14,21,30.0
14,22,30.0
14,23,30.0
14,24,30.0
14,25,30.0
14,26,30.0
14,27,30.0
14,28,30.0
14,29,30.0
14,3,22.05207
14,4,25.918621
14,5,28.157148
14,6,29.276413
14,7,29.7561
14,8,29.93053
14,9,29.983616
15,0,0.0
15,1,8.667867
15,10,29.996887
15,11,29.999542
15,12,29.999952
15,13,29.999996
15,14,30.0
15,15,30.0
15,16,30.0
15,17,30.0
15,18,30.0
15,19,30.0
15,2,16.25225
15,20,30.0
15,21,30.0
15,22,30.0
15,23,30.0
15,24,30.0
15,25,30.0
15,26,30.0
15,27,30.0
15,28,30.0
15,29,30.0
15,3,22.052074
15,4,25.918621
15,5,28.15715
15,6,29.276413
15,7,29.7561
15,8,29.93053
15,9,29.983616
16,0,0.0
16,1,8.667867
16,10,29.996887
16,11,29.999542
16,12,29.99995
16,13,29.999996
16,14,30.0
16,15,30.0
16,16,30.0
16,17,30.0
16,18,30.0
16,19,30.0
16,2,16.25225
16,20,30.0
16,21,30.0
16,22,30.0
16,23,30.0
16,24,30.0
16,25,30.0
16,26,30.0
16,27,30.0
16,28,30.0
16,29,30.0
16,3,22.052074
16,4,25.918621
16,5,28.15715
16,6,29.276413
16,7,29.7561
16,8,29.93053
16,9,29.983616
17,0,0.0
17,1,8.667867
17,10,29.996887
17,11,29.999542
17,12,29.99995
17,13,29.999996
17,14,30.0
17,15,30.0
17,16,30.0
17,17,30.0
17,18,30.0
17,19,30.0
17,2,16.25225
17,20,30.0
17,21,30.0
17,22,30.0
17,23,30.0
17,24,30.0
17,25,30.0
17,26,30.0
17,27,30.0
17,28,30.0
17,29,30.0
17,3,22.052074
17,4,25.918621
17,5,28.15715
17,6,29.276413
17,7,29.7561
17,8,29.93053
17,9,29.983616
18,0,0.0
18,1,8.667867
18,10,29.99689
18,11,29.999542
18,12,29.99995
18,13,29.999996
18,14,30.0
18,15,30.0
18,16,30.0
18,17,30.0
18,18,30.0
18,19,30.0
18,2,16.25225
18,20,30.0
18,21,30.0
18,22,30.0
18,23,30.0
18,24,30.0
18,25,30.0
18,26,30.0
18,27,30.0
18,28,30.0
18,29,30.0
18,3,22.052074
18,4,25.918623
18,5,28.15715
18,6,29.276413
18,7,29.7561
18,8,29.93053
18,9,29.983616
19,0,0.0
19,1,8.667867
19,10,29.996887
19,11,29.999542
19,12,29.99995
19,13,29.999996
19,14,30.0
19,15,30.0
19,16,30.0
19,17,30.0
19,18,30.0
19,19,30.0
19,2,16.25225
19,20,30.0
19,21,30.0
19,22,30.0
19,23,30.0
19,24,30.0
19,25,30.0
19,26,30.0
19,27,30.0
19,28,30.0
19,29,30.0
19,3,22.052074
19,4,25.918621
19,5,28.15715
19,6,29.276413
19,7,29.7561
19,8,29.93053
19,9,29.983616
2,0,0.0
2,1,4.6278415
2,10,16.250114
2,11,16.251896
2,12,16.252213
2,13,16.252247
2,14,16.25225
2,15,16.25225
2,16,16.25225
2,17,16.252253
2,18,16.252258
2,19,16.252365
2,2,8.707197
2,20,16.252792
2,21,16.25562
2,22,16.26523
2,23,16.303782
2,24,16.414354
2,25,16.735369
2,26,17.521488
2,27,19.3536
2,28,23.168758
2,29,30.0
2,3,11.826706
2,4,13.9543705
2,5,15.186176
2,6,15.82753
2,7,16.102394
2,8,16.208824
2,9,16.241217
20,0,0.0
20,1,8.667867
20,10,29.996887
20,11,29.999542
20,12,29.999952
20,13,29.999996
20,14,30.0
20,15,30.0
20,16,30.0
20,17,30.0
20,18,30.0
20,19,30.0
20,2,16.25225
20,20,30.0
20,21,30.0
20,22,30.0
20,23,30.0
20,24,30.0
20,25,30.0
20,26,30.0
20,27,30.0
20,28,30.0
20,29,30.0
20,3,22.052073
20,4,25.918621
20,5,28.15715
20,6,29.276413
20,7,29.7561
20,8,29.93053
20,9,29.983616
21,0,0.0
21,1,8.667867
21,10,29.99689
21,11,29.999542
21,12,29.99995
21,13,29.999996
21,14,30.0
21,15,30.0
21,16,30.0
21,17,30.0
21,18,30.0
21,19,30.0
21,2,16.25225
21,20,30.0
21,21,30.0
21,22,30.0
21,23,30.0
21,24,30.0
21,25,30.0
21,26,30.0
21,27,30.0
21,28,30.0
21,29,30.0
21,3,22.052073
21,4,25.918621
21,5,28.157148
21,6,29.276413
21,7,29.7561
21,8,29.93053
21,9,29.983616
22,0,0.0
22,1,8.667867
22,10,29.996887
22,11,29.999542
22,12,29.99995
22,13,29.999996
22,14,30.0
22,15,30.0
22,16,30.0
22,17,30.0
22,18,30.0
22,19,30.0
22,2,16.25225
22,20,30.0
22,21,30.0
22,22,30.0
22,23,30.0
22,24,30.0
22,25,30.0
22,26,30.0
22,27,30.0
22,28,30.0
22,29,30.0
22,3,22.052074
22,4,25.918621
22,5,28.15715
22,6,29.276413
22,7,29.7561
22,8,29.93053
22,9,29.983616
23,0,0.0
23,1,8.667867
23,10,29.99689
23,11,29.999542
23,12,29.99995
23,13,29.999996
23,14,30.0
23,15,30.0
23,16,30.0
23,17,30.0
23,18,30.0
23,19,30.0
23,2,16.25225
23,20,30.0
23,21,30.0
23,22,30.0
23,23,30.0
23,24,30.0
23,25,30.0
23,26,30.0
23,27,30.0
23,28,30.0
23,29,30.0
23,3,22.052073
23,4,25.918625
23,5,28.15715
23,6,29.276413
23,7,29.7561
23,8,29.93053
23,9,29.983616
24,0,0.0
24,1,8.667867
24,10,29.996887
24,11,29.999542
24,12,29.999952
24,13,29.999996
24,14,30.0
24,15,30.0
24,16,30.0
24,17,30.0
24,18,30.0
24,19,30.0
24,2,16.25225
24,20,30.0
24,21,30.0
24,22,30.0
24,23,30.0
24,24,30.0
24,25,30.0
24,26,30.0
24,27,30.0
24,28,30.0
24,29,30.0
24,3,22.052074
24,4,25.918621
24,5,28.15715
24,6,29.276413
24,7,29.7561
24,8,29.930529
24,9,29.983616
25,0,0.0
25,1,8.667867
25,10,29.99689
25,11,29.999542
25,12,29.99995
25,13,29.999996
25,14,30.0
25,15,30.0
25,16,30.0
25,17,30.0
25,18,30.0
25,19,30.0
25,2,16.25225
25,20,30.0
25,21,30.0
25,22,30.0
25,23,30.0
25,24,30.0
25,25,30.0
25,26,30.0
25,27,30.0
25,28,30.0
25,29,30.0
25,3,22.052073
25,4,25.918621
25,5,28.15715
25,6,29.276413
25,7,29.7561
25,8,29.93053
25,9,29.983616
26,0,0.0
26,1,8.667867
26,10,29.996887
26,11,29.999542
26,12,29.99995
26,13,29.999996
26,14,30.0
26,15,30.0
26,16,30.0
26,17,30.0
26,18,30.0
26,19,30.0
26,2,16.25225
26,20,30.0
26,21,30.0
26,22,30.0
26,23,30.0
26,24,30.0
26,25,30.0
26,26,30.0
26,27,30.0
26,28,30.0
26,29,30.0
26,3,22.052074
26,4,25.918623
26,5,28.15715
26,6,29.276413
26,7,29.7561
26,8,29.930529
26,9,29.983616
27,0,0.0
27,1,8.667867
27,10,29.996887
27,11,29.999542
27,12,29.99995
27,13,29.999996
27,14,30.0
27,15,30.0
27,16,30.0
27,17,30.0
27,18,30.0
27,19,30.0
27,2,16.25225
27,20,30.0
27,21,30.0
27,22,30.0
27,23,30.0
27,24,30.0
27,25,30.0
27,26,30.0
27,27,30.0
27,28,30.0
27,29,30.0
27,3,22.052074
27,4,25.918623
27,5,28.15715
27,6,29.276413
27,7,29.7561
27,8,29.930527
27,9,29.983616
28,0,0.0
28,1,8.667867
28,10,29.996887
28,11,29.999542
28,12,29.999952
28,13,29.999996
28,14,30.0
28,15,30.0
28,16,30.0
28,17,30.0
28,18,30.0
28,19,30.0
28,2,16.25225
28,20,30.0
28,21,30.0
28,22,30.0
28,23,30.0
28,24,30.0
28,25,30.0
28,26,30.0
28,27,30.0
28,28,30.0
28,29,30.0
28,3,22.052074
28,4,25.918621
28,5,28.15715
28,6,29.276413
28,7,29.7561
28,8,29.930529
28,9,29.983616
29,0,0.0
29,1,8.667867
29,10,29.996887
29,11,29.999542
29,12,29.99995
29,13,29.999996
29,14,30.0
29,15,30.0
29,16,30.0
29,17,30.0
29,18,30.0
29,19,30.0
29,2,16.25225
29,20,30.0
29,21,30.0
29,22,30.0
29,23,30.0
29,24,30.0
29,25,30.0
29,26,30.0
29,27,30.0
29,28,30.0
29,29,30.0
29,3,22.052074
29,4,25.918623
29,5,28.15715
29,6,29.276413
29,7,29.7561
29,8,29.93053
29,9,29.983616
3,0,0.0
3,1,6.307576
3,10,22.049267
3,11,22.051657
3,12,22.052025
3,13,22.05207
3,14,22.052074
3,15,22.052073
3,16,22.052073
3,17,22.052074
3,18,22.052082
3,19,22.052118
3,2,11.826706
3,20,22.052584
3,21,22.054298
3,22,22.063625
3,23,22.092316
3,24,22.19014
3,25,22.438244
3,26,23.049015
3,27,24.305218
3,28,26.607414
3,29,30.0
3,3,16.098032
3,4,18.945583
3,5,20.635498
3,6,21.480457
3,7,21.857124
3,8,21.994093
3,9,22.03823
30,0,0.0
30,1,8.667867
30,10,29.996887
30,11,29.999542
30,12,29.99995
30,13,29.999996
30,14,30.0
30,15,30.0
30,16,30.0
30,17,30.0
30,18,30.0
30,19,30.0
30,2,16.25225
30,20,30.0
30,21,30.0
30,22,30.0
30,23,30.0
30,24,30.0
30,25,30.0
30,26,30.0
30,27,30.0
30,28,30.0
30,29,30.0
30,3,22.052074
30,4,25.918621
30,5,28.15715
30,6,29.276413
30,7,29.7561
30,8,29.93053
30,9,29.983616
31,0,0.0
31,1,8.667867
31,10,29.996887
31,11,29.999544
31,12,29.99995
31,13,29.999996
31,14,30.0
31,15,30.0
31,16,30.0
31,17,30.0
31,18,30.0
31,19,30.0
31,2,16.25225
31,20,30.0
31,21,30.0
31,22,30.0
31,23,30.0
31,24,30.0
31,25,30.0
31,26,30.0
31,27,30.0
31,28,30.0
31,29,30.0
31,3,22.052074
31,4,25.918621
31,5,28.15715
31,6,29.276413
31,7,29.7561
31,8,29.93053
31,9,29.983616
32,0,0.0
32,1,8.667867
32,10,29.99689
32,11,29.999542
32,12,29.999952
32,13,29.999996
32,14,30.0
32,15,30.0
32,16,30.0
32,17,30.0
32,18,30.0
32,19,30.0
32,2,16.25225
32,20,30.0
32,21,30.0
32,22,30.0
32,23,30.0
32,24,30.0
32,25,30.0
32,26,30.0
32,27,30.0
32,28,30.0
32,29,30.0
32,3,22.052074
32,4,25.918621
32,5,28.15715
32,6,29.276413
32,7,29.7561
32,8,29.93053
32,9,29.983616
33,0,0.0
33,1,8.667867
33,10,29.99689
33,11,29.999542
33,12,29.999952
33,13,29.999996
33,14,30.0
33,15,30.0
33,16,30.0
33,17,30.0
33,18,30.0
33,19,30.0
33,2,16.25225
33,20,30.0
33,21,30.0
33,22,30.0
33,23,30.0
33,24,30.0
33,25,30.0
33,26,30.0
33,27,30.0
33,28,30.0
33,29,30.0
33,3,22.052074
33,4,25.918621
33,5,28.15715
33,6,29.276413
33,7,29.7561
33,8,29.93053
33,9,29.983616
34,0,0.0
34,1,8.667867
34,10,29.99689
34,11,29.999542
34,12,29.999952
34,13,29.999996
34,14,30.0
34,15,30.0
34,16,30.0
34,17,30.0
34,18,30.0
34,19,30.0
34,2,16.25225
34,20,30.0
34,21,30.0
34,22,30.0
34,23,30.0
34,24,30.0
34,25,30.0
34,26,30.0
34,27,30.0
34,28,30.0
34,29,30.0
34,3,22.052074
34,4,25.918621
34,5,28.15715
34,6,29.276413
34,7,29.7561
34,8,29.93053
34,9,29.983616
35,0,0.0
35,1,8.667867
35,10,29.99689
35,11,29.999542
35,12,29.999952
35,13,29.999996
35,14,30.0
35,15,30.0
35,16,30.0
35,17,30.0
35,18,30.0
35,19,30.0
35,2,16.25225
35,20,30.0
35,21,30.0
35,22,30.0
35,23,30.0
35,24,30.0
35,25,30.0
35,26,30.0
35,27,30.0
35,28,30.0
35,29,30.0
35,3,22.052074
35,4,25.918621
35,5,28.15715
35,6,29.276413
35,7,29.7561
35,8,29.93053
35,9,29.983616
36,0,0.0
36,1,8.667867
36,10,29.99689
36,11,29.999542
36,12,29.999952
36,13,29.999996
36,14,30.0
36,15,30.0
36,16,30.0
36,17,30.0
36,18,30.0
36,19,30.0
36,2,16.25225
36,20,30.0
36,21,30.0
36,22,30.0
36,23,30.0
36,24,30.0
36,25,30.0
36,26,30.0
36,27,30.0
36,28,30.0
36,29,30.0
36,3,22.052074
36,4,25.918621
36,5,28.15715
36,6,29.276413
36,7,29.7561
36,8,29.93053
36,9,29.983616
37,0,0.0
37,1,8.667867
37,10,29.99689
37,11,29.999542
37,12,29.999952
37,13,29.999996
37,14,30.0
37,15,30.0
37,16,30.0
37,17,30.0
37,18,30.0
37,19,30.0
37,2,16.25225
37,20,30.0
37,21,30.0
37,22,30.0
37,23,30.0
37,24,30.0
37,25,30.0
37,26,30.0
37,27,30.0
37,28,30.0
37,29,30.0
37,3,22.052074
37,4,25.918621
37,5,28.15715
37,6,29.276413
37,7,29.7561
37,8,29.93053
37,9,29.983616
38,0,0.0
38,1,8.667867
38,10,29.99689
38,11,29.999542
38,12,29.999952
38,13,29.999996
38,14,30.0
38,15,30.0
38,16,30.0
38,17,30.0
38,18,30.0
38,19,30.0
38,2,16.25225
38,20,30.0
38,21,30.0
38,22,30.0
38,23,30.0
38,24,30.0
38,25,30.0
38,26,30.0
38,27,30.0
38,28,30.0
38,29,30.0
38,3,22.052073
38,4,25.918621
38,5,28.15715
38,6,29.276413
38,7,29.7561
38,8,29.930529
38,9,29.983616
39,0,0.0
39,1,8.667867
39,10,29.99689
39,11,29.999542
39,12,29.999952
39,13,29.999996
39,14,30.0
39,15,30.0
39,16,30.0
39,17,30.0
39,18,30.0
39,19,30.0
39,2,16.25225
39,20,30.0
39,21,30.0
39,22,30.0
39,23,30.0
39,24,30.0
39,25,30.0
39,26,30.0
39,27,30.0
39,28,30.0
39,29,30.0
39,3,22.052074
39,4,25.918621
39,5,28.15715
39,6,29.276413
39,7,29.756096
39,8,29.93053
39,9,29.983616
4,0,0.0
4,1,7.4274
4,10,25.91562
4,11,25.918165
4,12,25.918573
4,13,25.918621
4,14,25.918621
4,15,25.918621
4,16,25.918623
4,17,25.918621
4,18,25.918621
4,19,25.918653
4,2,13.9543705
4,20,25.918783
4,21,25.92007
4,22,25.924421
4,23,25.944374
4,24,25.999207
4,25,26.158344
4,26,26.50734
4,27,27.219002
4,28,28.395767
4,29,30.0
4,3,18.945583
4,4,22.316689
4,5,24.26838
4,6,25.26604
4,7,25.693611
4,8,25.854073
4,9,25.90291
40,0,0.0
40,1,8.667867
40,10,29.996887
40,11,29.999542
40,12,29.999952
40,13,29.999996
40,14,30.0
40,15,30.0
40,16,30.0
40,17,30.0
40,18,30.0
40,19,30.0
40,2,16.25225
40,20,30.0
40,21,30.0
40,22,30.0
40,23,30.0
40,24,30.0
40,25,30.0
40,26,30.0
40,27,30.0
40,28,30.0
40,29,30.0
40,3,22.052074
40,4,25.918621
40,5,28.15715
40,6,29.276413
40,7,29.7561
40,8,29.930527
40,9,29.983616
41,0,0.0
41,1,8.667867
41,10,29.996887
41,11,29.999542
41,12,29.99995
41,13,29.999996
41,14,30.0
41,15,30.0
41,16,30.0
41,17,30.0
41,18,30.0
41,19,30.0
41,2,16.25225
41,20,30.0
41,21,30.0
41,22,30.0
41,23,30.0
41,24,30.0
41,25,30.0
41,26,30.0
41,27,30.0
41,28,30.0
41,29,30.0
41,3,22.052074
41,4,25.918621
41,5,28.15715
41,6,29.276413
41,7,29.7561
41,8,29.930529
41,9,29.983616
42,0,0.0
42,1,8.667867
42,10,29.996887
42,11,29.999542
42,12,29.99995
42,13,29.999996
42,14,30.0
42,15,30.0
42,16,30.0
42,17,30.0
42,18,30.0
42,19,30.0
42,2,16.25225
42,20,30.0
42,21,30.0
42,22,30.0
42,23,30.0
42,24,30.0
42,25,30.0
42,26,30.0
42,27,30.0
42,28,30.0
42,29,30.0
42,3,22.052074
42,4,25.918621
42,5,28.157148
42,6,29.276413
42,7,29.756096
42,8,29.930529
42,9,29.983616
43,0,0.0
43,1,8.667867
43,10,29.996887
43,11,29.999542
43,12,29.99995
43,13,29.999996
43,14,30.0
43,15,30.0
43,16,30.0
43,17,30.0
43,18,30.0
43,19,30.0
43,2,16.25225
43,20,30.0
43,21,30.0
43,22,30.0
43,23,30.0
43,24,30.0
43,25,30.0
43,26,30.0
43,27,30.0
43,28,30.0
43,29,30.0
43,3,22.052074
43,4,25.918621
43,5,28.15715
43,6,29.276413
43,7,29.7561
43,8,29.930527
43,9,29.983616
44,0,0.0
44,1,8.667867
44,10,29.99689
44,11,29.999544
44,12,29.999952
44,13,29.999996
44,14,30.0
44,15,30.0
44,16,30.0
44,17,30.0
44,18,30.0
44,19,30.0
44,2,16.25225
44,20,30.0
44,21,30.0
44,22,30.0
44,23,30.0
44,24,30.0
44,25,30.0
44,26,30.0
44,27,30.0
44,28,30.0
44,29,30.0
44,3,22.052074
44,4,25.918621
44,5,28.157148
44,6,29.276413
44,7,29.7561
44,8,29.93053
44,9,29.983616
45,0,0.0
45,1,8.667867
45,10,29.996887
45,11,29.999542
45,12,29.99995
45,13,29.999996
45,14,30.0
45,15,30.0
45,16,30.0
45,17,30.0
45,18,30.0
45,19,30.0
45,2,16.25225
45,20,30.0
45,21,30.0
45,22,30.0
45,23,30.0
45,24,30.0
45,25,30.0
45,26,30.0
45,27,30.0
45,28,30.0
45,29,30.0
45,3,22.05207
45,4,25.91862
45,5,28.15715
45,6,29.276413
45,7,29.7561
45,8,29.93053
45,9,29.983616
46,0,0.0
46,1,8.667867
46,10,29.99689
46,11,29.999542
46,12,29.99995
46,13,29.999996
46,14,30.0
46,15,30.0
46,16,30.0
46,17,30.0
46,18,30.0
46,19,30.0
46,2,16.25225
46,20,30.0
46,21,30.0
46,22,30.0
46,23,30.0
46,24,30.0
46,25,30.0
46,26,30.0
46,27,30.0
46,28,30.0
46,29,30.0
46,3,22.05207
46,4,25.918621
46,5,28.157148
46,6,29.276413
46,7,29.7561
46,8,29.93053
46,9,29.983616
47,0,0.0
47,1,8.667867
47,10,29.99689
47,11,29.999542
47,12,29.999952
47,13,29.999996
47,14,30.0
47,15,30.0
47,16,30.0
47,17,30.0
47,18,30.0
47,19,30.0
47,2,16.25225
47,20,30.0
47,21,30.0
47,22,30.0
47,23,30.0
47,24,30.0
47,25,30.0
47,26,30.0
47,27,30.0
47,28,30.0
47,29,30.0
47,3,22.05207
47,4,25.91862
47,5,28.157148
47,6,29.276413
47,7,29.7561
47,8,29.93053
47,9,29.983616
48,0,0.0
48,1,8.667867
48,10,29.99689
48,11,29.999544
48,12,29.999952
48,13,29.999996
48,14,30.0
48,15,30.0
48,16,30.0
48,17,30.0
48,18,30.0
48,19,30.0
48,2,16.25225
48,20,30.0
48,21,30.0
48,22,30.0
48,23,30.0
48,24,30.0
48,25,30.0
48,26,30.0
48,27,30.0
48,28,30.0
48,29,30.0
48,3,22.052074
48,4,25.918621
48,5,28.15715
48,6,29.276413
48,7,29.7561
48,8,29.93053
48,9,29.983616
49,0,0.0
49,1,8.667867
49,10,29.996887
49,11,29.999542
49,12,29.99995
49,13,29.999996
49,14,30.0
49,15,30.0
49,16,30.0
49,17,30.0
49,18,30.0
49,19,30.0
49,2,16.25225
49,20,30.0
49,21,30.0
49,22,30.0
49,23,30.0
49,24,30.0
49,25,30.0
49,26,30.0
49,27,30.0
49,28,30.0
49,29,30.0
49,3,22.052074
49,4,25.918621
49,5,28.15715
49,6,29.276413
49,7,29.7561
49,8,29.93053
49,9,29.983616
5,0,0.0
5,1,8.099295
5,10,28.15404
5,11,28.156693
5,12,28.157103
5,13,28.157146
5,14,28.15715
5,15,28.15715
5,16,28.15715
5,17,28.15715
5,18,28.15715
5,19,28.157148
5,2,15.186176
5,20,28.15723
5,21,28.157532
5,22,28.16002
5,23,28.167627
5,24,28.197296
5,25,28.269175
5,26,28.445358
5,27,28.771824
5,28,29.308727
5,29,30.0
5,3,20.635498
5,4,24.26838
5,5,26.39459
5,6,27.457695
5,7,27.920504
5,8,28.088799
5,9,28.14099
50,0,0.0
50,1,8.667867
50,10,29.996887
50,11,29.999542
50,12,29.999952
50,13,29.999996
50,14,30.0
50,15,30.0
50,16,30.0
50,17,30.0
50,18,30.0
50,19,30.0
50,2,16.25225
50,20,30.0
50,21,30.0
50,22,30.0
50,23,30.0
50,24,30.0
50,25,30.0
50,26,30.0
50,27,30.0
50,28,30.0
50,29,30.0
50,3,22.052073
50,4,25.918621
50,5,28.157148
50,6,29.276413
50,7,29.7561
50,8,29.93053
50,9,29.983616
51,0,0.0
51,1,8.667867
51,10,29.99689
51,11,29.999542
51,12,29.99995
51,13,29.999996
51,14,30.0
51,15,30.0
51,16,30.0
51,17,30.0
51,18,30.0
51,19,30.0
51,2,16.25225
51,20,30.0
51,21,30.0
51,22,30.0
51,23,30.0
51,24,30.0
51,25,30.0
51,26,30.0
51,27,30.0
51,28,30.0
51,29,30.0
51,3,22.052073
51,4,25.918623
51,5,28.15715
51,6,29.276413
51,7,29.7561
51,8,29.93053
51,9,29.983616
52,0,0.0
52,1,8.667867
52,10,29.996887
52,11,29.999542
52,12,29.99995
52,13,29.999996
52,14,30.0
52,15,30.0
52,16,30.0
52,17,30.0
52,18,30.0
52,19,30.0
52,2,16.25225
52,20,30.0
52,21,30.0
52,22,30.0
52,23,30.0
52,24,30.0
52,25,30.0
52,26,30.0
52,27,30.0
52,28,30.0
52,29,30.0
52,3,22.052074
52,4,25.918621
52,5,28.15715
52,6,29.276413
52,7,29.7561
52,8,29.93053
52,9,29.983616
53,0,0.0
53,1,8.667867
53,10,29.99689
53,11,29.999542
53,12,29.99995
53,13,29.999996
53,14,30.0
53,15,30.0
53,16,30.0
53,17,30.0
53,18,30.0
53,19,30.0
53,2,16.25225
53,20,30.0
53,21,30.0
53,22,30.0
53,23,30.0
53,24,30.0
53,25,30.0
53,26,30.0
53,27,30.0
53,28,30.0
53,29,30.0
53,3,22.052073
53,4,25.918625
53,5,28.15715
53,6,29.276413
53,7,29.7561
53,8,29.93053
53,9,29.983616
54,0,0.0
54,1,8.667867
54,10,29.99689
54,11,29.999542
54,12,29.99995
54,13,29.999996
54,14,30.0
54,15,30.0
54,16,30.0
54,17,30.0
54,18,30.0
54,19,30.0
54,2,16.25225
54,20,30.0
54,21,30.0
54,22,30.0
54,23,30.0
54,24,30.0
54,25,30.0
54,26,30.0
54,27,30.0
54,28,30.0
54,29,30.0
54,3,22.052074
54,4,25.918621
54,5,28.15715
54,6,29.276413
54,7,29.7561
54,8,29.93053
54,9,29.983616
55,0,0.0
55,1,8.667867
55,10,29.996887
55,11,29.999542
55,12,29.99995
55,13,29.999996
55,14,30.0
55,15,30.0
55,16,30.0
55,17,30.0
55,18,30.0
55,19,30.0
55,2,16.25225
55,20,30.0
55,21,30.0
55,22,30.0
55,23,30.0
55,24,30.0
55,25,30.0
55,26,30.0
55,27,30.0
55,28,30.0
55,29,30.0
55,3,22.052073
55,4,25.918623
55,5,28.15715
55,6,29.276413
55,7,29.7561
55,8,29.93053
55,9,29.983616
56,0,0.0
56,1,8.667867
56,10,29.99689
56,11,29.999542
56,12,29.999952
56,13,29.999996
56,14,30.0
56,15,30.0
56,16,30.0
56,17,30.0
56,18,30.0
56,19,30.0
56,2,16.25225
56,20,30.0
56,21,30.0
56,22,30.0
56,23,30.0
56,24,30.0
56,25,30.0
56,26,30.0
56,27,30.0
56,28,30.0
56,29,30.0
56,3,22.052074
56,4,25.918621
56,5,28.15715
56,6,29.276413
56,7,29.7561
56,8,29.93053
56,9,29.983616
57,0,0.0
57,1,8.667867
57,10,29.996887
57,11,29.999542
57,12,29.999952
57,13,29.999996
57,14,30.0
57,15,30.0
57,16,30.0
57,17,30.0
57,18,30.0
57,19,30.0
57,2,16.25225
57,20,30.0
57,21,30.0
57,22,30.0
57,23,30.0
57,24,30.0
57,25,30.0
57,26,30.0
57,27,30.0
57,28,30.0
57,29,30.0
57,3,22.052073
57,4,25.918621
57,5,28.157148
57,6,29.276413
57,7,29.7561
57,8,29.93053
57,9,29.983616
58,0,0.0
58,1,8.667867
58,10,29.99689
58,11,29.999542
58,12,29.999952
58,13,29.999996
58,14,30.0
58,15,30.0
58,16,30.0
58,17,30.0
58,18,30.0
58,19,30.0
58,2,16.25225
58,20,30.0
58,21,30.0
58,22,30.0
58,23,30.0
58,24,30.0
58,25,30.0
58,26,30.0
58,27,30.0
58,28,30.0
58,29,30.0
58,3,22.052074
58,4,25.918621
58,5,28.15715
58,6,29.276413
58,7,29.7561
58,8,29.93053
58,9,29.983616
59,0,0.0
59,1,8.667867
59,10,29.996887
59,11,29.999542
59,12,29.999952
59,13,29.999996
59,14,30.0
59,15,30.0
59,16,30.0
59,17,30.0
59,18,30.0
59,19,30.0
59,2,16.25225
59,20,30.0
59,21,30.0
59,22,30.0
59,23,30.0
59,24,30.0
59,25,30.0
59,26,30.0
59,27,30.0
59,28,30.0
59,29,30.0
59,3,22.052074
59,4,25.918623
59,5,28.15715
59,6,29.276413
59,7,29.7561
59,8,29.93053
59,9,29.983616
6,0,0.0
6,1,8.435241
6,10,29.273304
6,11,29.275957
6,12,29.276367
6,13,29.27641
6,14,29.276415
6,15,29.276413
6,16,29.276415
6,17,29.276413
6,18,29.276413
6,19,29.276413
6,2,15.827529
6,20,29.276415
6,21,29.276558
6,22,29.277056
6,23,29.280539
6,24,29.290071
6,25,29.321667
6,26,29.38814
6,27,29.523746
6,28,29.731375
6,29,30.0
6,3,21.480455
6,4,25.26604
6,5,27.457695
6,6,28.561073
6,7,29.03395
6,8,29.207277
6,9,29.26003
60,0,0.0
60,1,8.667867
60,10,29.996887
60,11,29.999544
60,12,29.99995
60,13,29.999996
60,14,30.0
60,15,30.0
60,16,30.0
60,17,30.0
60,18,30.0
60,19,30.0
60,2,16.25225
60,20,30.0
60,21,30.0
60,22,30.0
60,23,30.0
60,24,30.0
60,25,30.0
60,26,30.0
60,27,30.0
60,28,30.0
60,29,30.0
60,3,22.052074
60,4,25.918621
60,5,28.15715
60,6,29.276413
60,7,29.7561
60,8,29.930529
60,9,29.983616
61,0,0.0
61,1,8.667867
61,10,29.99689
61,11,29.999542
61,12,29.999952
61,13,29.999996
61,14,30.0
61,15,30.0
61,16,30.0
61,17,30.0
61,18,30.0
61,19,30.0
61,2,16.25225
61,20,30.0
61,21,30.0
61,22,30.0
61,23,30.0
61,24,30.0
61,25,30.0
61,26,30.0
61,27,30.0
61,28,30.0
61,29,30.0
61,3,22.052074
61,4,25.918621
61,5,28.15715
61,6,29.276413
61,7,29.7561
61,8,29.930529
61,9,29.983616
62,0,0.0
62,1,8.667867
62,10,29.99689
62,11,29.999542
62,12,29.99995
62,13,29.999996
62,14,30.0
62,15,30.0
62,16,30.0
62,17,30.0
62,18,30.0
62,19,30.0
62,2,16.25225
62,20,30.0
62,21,30.0
62,22,30.0
62,23,30.0
62,24,30.0
62,25,30.0
62,26,30.0
62,27,30.0
62,28,30.0
62,29,30.0
62,3,22.052073
62,4,25.918621
62,5,28.15715
62,6,29.276413
62,7,29.7561
62,8,29.93053
62,9,29.983616
63,0,0.0
63,1,8.667867
63,10,29.996887
63,11,29.999544
63,12,29.99995
63,13,29.999996
63,14,30.0
63,15,30.0
63,16,30.0
63,17,30.0
63,18,30.0
63,19,30.0
63,2,16.25225
63,20,30.0
63,21,30.0
63,22,30.0
63,23,30.0
63,24,30.0
63,25,30.0
63,26,30.0
63,27,30.0
63,28,30.0
63,29,30.0
63,3,22.05207
63,4,25.918621
63,5,28.15715
63,6,29.276413
63,7,29.7561
63,8,29.93053
63,9,29.983616
64,0,0.0
64,1,8.667867
64,10,29.99689
64,11,29.999542
64,12,29.99995
64,13,29.999996
64,14,30.0
64,15,30.0
64,16,30.0
64,17,30.0
64,18,30.0
64,19,30.0
64,2,16.25225
64,20,30.0
64,21,30.0
64,22,30.0
64,23,30.0
64,24,30.0
64,25,30.0
64,26,30.0
64,27,30.0
64,28,30.0
64,29,30.0
64,3,22.05207
64,4,25.918621
64,5,28.15715
64,6,29.276415
64,7,29.7561
64,8,29.93053
64,9,29.983616
65,0,0.0
65,1,8.667867
65,10,29.996887
65,11,29.999544
65,12,29.99995
65,13,29.999996
65,14,30.0
65,15,30.0
65,16,30.0
65,17,30.0
65,18,30.0
65,19,30.0
65,2,16.25225
65,20,30.0
65,21,30.0
65,22,30.0
65,23,30.0
65,24,30.0
65,25,30.0
65,26,30.0
65,27,30.0
65,28,30.0
65,29,30.0
65,3,22.05207
65,4,25.918621
65,5,28.15715
65,6,29.276413
65,7,29.7561
65,8,29.93053
65,9,29.983616
66,0,0.0
66,1,8.667867
66,10,29.99689
66,11,29.999542
66,12,29.99995
66,13,29.999996
66,14,30.0
66,15,30.0
66,16,30.0
66,17,30.0
66,18,30.0
66,19,30.0
66,2,16.25225
66,20,30.0
66,21,30.0
66,22,30.0
66,23,30.0
66,24,30.0
66,25,30.0
66,26,30.0
66,27,30.0
66,28,30.0
66,29,30.0
66,3,22.05207
66,4,25.918621
66,5,28.15715
66,6,29.276415
66,7,29.7561
66,8,29.93053
66,9,29.983616
67,0,0.0
67,1,8.667867
67,10,29.996887
67,11,29.999544
67,12,29.99995
67,13,29.999996
67,14,30.0
67,15,30.0
67,16,30.0
67,17,30.0
67,18,30.0
67,19,30.0
67,2,16.25225
67,20,30.0
67,21,30.0
67,22,30.0
67,23,30.0
67,24,30.0
67,25,30.0
67,26,30.0
67,27,30.0
67,28,30.0
67,29,30.0
67,3,22.05207
67,4,25.918621
67,5,28.15715
67,6,29.276413
67,7,29.7561
67,8,29.93053
67,9,29.983616
68,0,0.0
68,1,8.667867
68,10,29.99689
68,11,29.999542
68,12,29.99995
68,13,29.999996
68,14,30.0
68,15,30.0
68,16,30.0
68,17,30.0
68,18,30.0
68,19,30.0
68,2,16.25225
68,20,30.0
68,21,30.0
68,22,30.0
68,23,30.0
68,24,30.0
68,25,30.0
68,26,30.0
68,27,30.0
68,28,30.0
68,29,30.0
68,3,22.05207
68,4,25.918621
68,5,28.15715
68,6,29.276415
68,7,29.7561
68,8,29.93053
68,9,29.983616
69,0,0.0
69,1,8.667867
69,10,29.996887
69,11,29.999544
69,12,29.99995
69,13,29.999996
69,14,30.0
69,15,30.0
69,16,30.0
69,17,30.0
69,18,30.0
69,19,30.0
69,2,16.25225
69,20,30.0
69,21,30.0
69,22,30.0
69,23,30.0
69,24,30.0
69,25,30.0
69,26,30.0
69,27,30.0
69,28,30.0
69,29,30.0
69,3,22.05207
69,4,25.918621
69,5,28.15715
69,6,29.276413
69,7,29.756096
69,8,29.930529
69,9,29.983616
7,0,0.0
7,1,8.587944
7,10,29.752987
7,11,29.755642
7,12,29.756048
7,13,29.756096
7,14,29.7561
7,15,29.7561
7,16,29.7561
7,17,29.7561
7,18,29.7561
7,19,29.7561
7,2,16.102396
7,20,29.7561
7,21,29.7561
7,22,29.75629
7,23,29.756895
7,24,29.760483
7,25,29.769188
7,26,29.793497
7,27,29.837166
7,28,29.909779
7,29,30.0
7,3,21.857124
7,4,25.69361
7,5,27.920502
7,6,29.03395
7,7,29.512579
7,8,29.686626
7,9,29.739714
70,0,0.0
70,1,8.667867
70,10,29.996887
70,11,29.999544
70,12,29.999952
70,13,29.999996
70,14,30.0
70,15,30.0
70,16,30.0
70,17,30.0
70,18,30.0
70,19,30.0
70,2,16.25225
70,20,30.0
70,21,30.0
70,22,30.0
70,23,30.0
70,24,30.0
70,25,30.0
70,26,30.0
70,27,30.0
70,28,30.0
70,29,30.0
70,3,22.052074
70,4,25.918621
70,5,28.15715
70,6,29.276413
70,7,29.756096
70,8,29.930529
70,9,29.983616
71,0,0.0
71,1,8.667867
71,10,29.996887
71,11,29.999542
71,12,29.99995
71,13,29.999996
71,14,30.0
71,15,30.0
71,16,30.0
71,17,30.0
71,18,30.0
71,19,30.0
71,2,16.25225
71,20,30.0
71,21,30.0
71,22,30.0
71,23,30.0
71,24,30.0
71,25,30.0
71,26,30.0
71,27,30.0
71,28,30.0
71,29,30.0
71,3,22.052074
71,4,25.918621
71,5,28.15715
71,6,29.276413
71,7,29.7561
71,8,29.93053
71,9,29.983616
72,0,0.0
72,1,8.667867
72,10,29.996887
72,11,29.999542
72,12,29.999952
72,13,29.999996
72,14,30.0
72,15,30.0
72,16,30.0
72,17,30.0
72,18,30.0
72,19,30.0
72,2,16.25225
72,20,30.0
72,21,30.0
72,22,30.0
72,23,30.0
72,24,30.0
72,25,30.0
72,26,30.0
72,27,30.0
72,28,30.0
72,29,30.0
72,3,22.05207
72,4,25.918621
72,5,28.15715
72,6,29.276413
72,7,29.7561
72,8,29.930529
72,9,29.983616
73,0,0.0
73,1,8.667867
73,10,29.99689
73,11,29.999542
73,12,29.99995
73,13,29.999996
73,14,30.0
73,15,30.0
73,16,30.0
73,17,30.0
73,18,30.0
73,19,30.0
73,2,16.25225
73,20,30.0
73,21,30.0
73,22,30.0
73,23,30.0
73,24,30.0
73,25,30.0
73,26,30.0
73,27,30.0
73,28,30.0
73,29,30.0
73,3,22.05207
73,4,25.918621
73,5,28.15715
73,6,29.276413
73,7,29.7561
73,8,29.93053
73,9,29.983616
74,0,0.0
74,1,8.667867
74,10,29.99689
74,11,29.999542
74,12,29.999952
74,13,29.999996
74,14,30.0
74,15,30.0
74,16,30.0
74,17,30.0
74,18,30.0
74,19,30.0
74,2,16.25225
74,20,30.0
74,21,30.0
74,22,30.0
74,23,30.0
74,24,30.0
74,25,30.0
74,26,30.0
74,27,30.0
74,28,30.0
74,29,30.0
74,3,22.05207
74,4,25.918621
74,5,28.15715
74,6,29.276413
74,7,29.7561
74,8,29.930527
74,9,29.983616
75,0,0.0
75,1,8.667867
75,10,29.99689
75,11,29.999542
75,12,29.99995
75,13,29.999996
75,14,30.0
75,15,30.0
75,16,30.0
75,17,30.0
75,18,30.0
75,19,30.0
75,2,16.25225
75,20,30.0
75,21,30.0
75,22,30.0
75,23,30.0
75,24,30.0
75,25,30.0
75,26,30.0
75,27,30.0
75,28,30.0
75,29,30.0
75,3,22.05207
75,4,25.918621
75,5,28.15715
75,6,29.276413
75,7,29.7561
75,8,29.930529
75,9,29.983616
76,0,0.0
76,1,8.667867
76,10,29.99689
76,11,29.999542
76,12,29.999952
76,13,29.999996
76,14,30.0
76,15,30.0
76,16,30.0
76,17,30.0
76,18,30.0
76,19,30.0
76,2,16.25225
76,20,30.0
76,21,30.0
76,22,30.0
76,23,30.0
76,24,30.0
76,25,30.0
76,26,30.0
76,27,30.0
76,28,30.0
76,29,30.0
76,3,22.05207
76,4,25.918621
76,5,28.15715
76,6,29.276413
76,7,29.7561
76,8,29.930529
76,9,29.983616
77,0,0.0
77,1,8.667867
77,10,29.99689
77,11,29.999542
77,12,29.999952
77,13,29.999996
77,14,30.0
77,15,30.0
77,16,30.0
77,17,30.0
77,18,30.0
77,19,30.0
77,2,16.25225
77,20,30.0
77,21,30.0
77,22,30.0
77,23,30.0
77,24,30.0
77,25,30.0
77,26,30.0
77,27,30.0
77,28,30.0
77,29,30.0
77,3,22.05207
77,4,25.918621
77,5,28.15715
77,6,29.276413
77,7,29.7561
77,8,29.930527
77,9,29.983616
78,0,0.0
78,1,8.667867
78,10,29.99689
78,11,29.999542
78,12,29.999952
78,13,29.999996
78,14,30.0
78,15,30.0
78,16,30.0
78,17,30.0
78,18,30.0
78,19,30.0
78,2,16.25225
78,20,30.0
78,21,30.0
78,22,30.0
78,23,30.0
78,24,30.0
78,25,30.0
78,26,30.0
78,27,30.0
78,28,30.0
78,29,30.0
78,3,22.052073
78,4,25.918621
78,5,28.15715
78,6,29.276413
78,7,29.7561
78,8,29.93053
78,9,29.983616
79,0,0.0
79,1,8.667867
79,10,29.996887
79,11,29.999542
79,12,29.99995
79,13,29.999996
79,14,30.0
79,15,30.0
79,16,30.0
79,17,30.0
79,18,30.0
79,19,30.0
79,2,16.25225
79,20,30.0
79,21,30.0
79,22,30.0
79,23,30.0
79,24,30.0
79,25,30.0
79,26,30.0
79,27,30.0
79,28,30.0
79,29,30.0
79,3,22.052074
79,4,25.918621
79,5,28.15715
79,6,29.276413
79,7,29.7561
79,8,29.930529
79,9,29.983616
8,0,0.0
8,1,8.643473
8,10,29.927418
8,11,29.930073
8,12,29.930481
8,13,29.930527
8,14,29.93053
8,15,29.93053
8,16,29.93053
8,17,29.93053
8,18,29.93053
8,19,29.93053
8,2,16.208824
8,20,29.93053
8,21,29.93053
8,22,29.93053
8,23,29.930721
8,24,29.931267
8,25,29.934
8,26,29.939796
8,27,29.953205
8,28,29.973398
8,29,30.0
8,3,21.994095
8,4,25.854073
8,5,28.088797
8,6,29.207277
8,7,29.686626
8,8,29.861057
8,9,29.914146
80,0,0.0
80,1,8.667867
80,10,29.996887
80,11,29.999542
80,12,29.999952
80,13,29.999996
80,14,30.0
80,15,30.0
80,16,30.0
80,17,30.0
80,18,30.0
80,19,30.0
80,2,16.25225
80,20,30.0
80,21,30.0
80,22,30.0
80,23,30.0
80,24,30.0
80,25,30.0
80,26,30.0
80,27,30.0
80,28,30.0
80,29,30.0
80,3,22.052073
80,4,25.918621
80,5,28.15715
80,6,29.276413
80,7,29.7561
80,8,29.93053
80,9,29.983616
81,0,0.0
81,1,8.667867
81,10,29.99689
81,11,29.999542
81,12,29.99995
81,13,29.999996
81,14,30.0
81,15,30.0
81,16,30.0
81,17,30.0
81,18,30.0
81,19,30.0
81,2,16.25225
81,20,30.0
81,21,30.0
81,22,30.0
81,23,30.0
81,24,30.0
81,25,30.0
81,26,30.0
81,27,30.0
81,28,30.0
81,29,30.0
81,3,22.052074
81,4,25.918621
81,5,28.15715
81,6,29.276413
81,7,29.7561
81,8,29.93053
81,9,29.983616
82,0,0.0
82,1,8.667867
82,10,29.996887
82,11,29.999542
82,12,29.999952
82,13,29.999996
82,14,30.0
82,15,30.0
82,16,30.0
82,17,30.0
82,18,30.0
82,19,30.0
82,2,16.25225
82,20,30.0
82,21,30.0
82,22,30.0
82,23,30.0
82,24,30.0
82,25,30.0
82,26,30.0
82,27,30.0
82,28,30.0
82,29,30.0
82,3,22.052073
82,4,25.918621
82,5,28.15715
82,6,29.276413
82,7,29.7561
82,8,29.93053
82,9,29.983616
83,0,0.0
83,1,8.667867
83,10,29.996887
83,11,29.999542
83,12,29.99995
83,13,29.999996
83,14,30.0
83,15,30.0
83,16,30.0
83,17,30.0
83,18,30.0
83,19,30.0
83,2,16.25225
83,20,30.0
83,21,30.0
83,22,30.0
83,23,30.0
83,24,30.0
83,25,30.0
83,26,30.0
83,27,30.0
83,28,30.0
83,29,30.0
83,3,22.052074
83,4,25.918621
83,5,28.15715
83,6,29.276413
83,7,29.7561
83,8,29.93053
83,9,29.983616
84,0,0.0
84,1,8.667867
84,10,29.99689
84,11,29.999544
84,12,29.999952
84,13,29.999996
84,14,30.0
84,15,30.0
84,16,30.0
84,17,30.0
84,18,30.0
84,19,30.0
84,2,16.25225
84,20,30.0
84,21,30.0
84,22,30.0
84,23,30.0
84,24,30.0
84,25,30.0
84,26,30.0
84,27,30.0
84,28,30.0
84,29,30.0
84,3,22.052073
84,4,25.918621
84,5,28.15715
84,6,29.276413
84,7,29.7561
84,8,29.930529
84,9,29.983616
85,0,0.0
85,1,8.667867
85,10,29.99689
85,11,29.999542
85,12,29.99995
85,13,29.999996
85,14,30.0
85,15,30.0
85,16,30.0
85,17,30.0
85,18,30.0
85,19,30.0
85,2,16.25225
85,20,30.0
85,21,30.0
85,22,30.0
85,23,30.0
85,24,30.0
85,25,30.0
85,26,30.0
85,27,30.0
85,28,30.0
85,29,30.0
85,3,22.052073
85,4,25.918621
85,5,28.15715
85,6,29.276413
85,7,29.756096
85,8,29.93053
85,9,29.983616
86,0,0.0
86,1,8.667871
86,10,29.996899
86,11,29.99955
86,12,29.999958
86,13,30.000004
86,14,30.000008
86,15,30.000008
86,16,30.000008
86,17,30.000008
86,18,30.000008
86,19,30.000008
86,2,16.252258
86,20,30.000008
86,21,30.000008
86,22,30.000008
86,23,30.000008
86,24,30.000008
86,25,30.000008
86,26,30.000008
86,27,30.000008
86,28,30.000004
86,29,30.0
86,3,22.05208
86,4,25.918629
86,5,28.157158
86,6,29.27642
86,7,29.756107
86,8,29.930536
86,9,29.983624
87,0,0.0
87,1,8.667928
87,10,29.997002
87,11,29.999657
87,12,30.000065
87,13,30.00011
87,14,30.000114
87,15,30.000114
87,16,30.000114
87,17,30.000113
87,18,30.000114
87,19,30.000113
87,2,16.252344
87,20,30.000114
87,21,30.000114
87,22,30.000114
87,23,30.000114
87,24,30.000114
87,25,30.000114
87,26,30.00011
87,27,30.000093
87,28,30.000061
87,29,30.0
87,3,22.052187
87,4,25.918734
87,5,28.157265
87,6,29.276527
87,7,29.756214
87,8,29.930645
87,9,29.98373
88,0,0.0
88,1,8.668352
88,10,29.997955
88,11,30.00061
88,12,30.001019
88,13,30.001064
88,14,30.001066
88,15,30.001068
88,16,30.001066
88,17,30.001066
88,18,30.001066
88,19,30.001068
88,2,16.253107
88,20,30.001068
88,21,30.001066
88,22,30.001068
88,23,30.001066
88,24,30.001064
88,25,30.001064
88,26,30.000992
88,27,30.000845
88,28,30.000473
88,29,30.0
88,3,22.053074
88,4,25.919687
88,5,28.158215
88,6,29.277481
88,7,29.757168
88,8,29.931597
88,9,29.984684
89,0,0.0
89,1,8.671024
89,10,30.00415
89,11,30.006804
89,12,30.00721
89,13,30.007256
89,14,30.00726
89,15,30.00726
89,16,30.00726
89,17,30.00726
89,18,30.00726
89,19,30.007261
89,2,16.257614
89,20,30.00726
89,21,30.007261
89,22,30.00726
89,23,30.00726
89,24,30.00726
89,25,30.007072
89,26,30.006655
89,27,30.00525
89,28,30.00309
89,29,30.0
89,3,22.058777
89,4,25.925728
89,5,28.16441
89,6,29.283674
89,7,29.76336
89,8,29.93779
89,9,29.99088
9,0,0.0
9,1,8.661982
9,10,29.980505
9,11,29.983158
9,12,29.983568
9,13,29.983614
9,14,29.983616
9,15,29.983616
9,16,29.983616
9,17,29.983616
9,18,29.983616
9,19,29.983616
9,2,16.241217
9,20,29.983616
9,21,29.983616
9,22,29.983616
9,23,29.983616
9,24,29.98376
9,25,29.984127
9,26,29.98565
9,27,29.988422
9,28,29.993595
9,29,30.0
9,3,22.038233
9,4,25.90291
9,5,28.140991
9,6,29.260029
9,7,29.739714
9,8,29.914146
9,9,29.967232
90,0,0.0
90,1,8.6833315
90,10,30.035118
90,11,30.03777
90,12,30.03818
90,13,30.038223
90,14,30.038227
90,15,30.038227
90,16,30.038227
90,17,30.038227
90,18,30.038227
90,19,30.038227
90,2,16.279806
90,20,30.038227
90,21,30.038227
90,22,30.038227
90,23,30.038227
90,24,30.037891
90,25,30.03704
90,26,30.033485
90,27,30.027012
90,28,30.014946
90,29,30.0
90,3,22.08607
90,4,25.955824
90,5,28.195124
90,6,29.31464
90,7,29.794327
90,8,29.968758
90,9,30.021843
91,0,0.0
91,1,8.73214
91,10,30.158985
91,11,30.161642
91,12,30.162048
91,13,30.162096
91,14,30.162098
91,15,30.162098
91,16,30.162098
91,17,30.1621
91,18,30.162098
91,19,30.1621
91,2,16.364805
91,20,30.1621
91,21,30.162098
91,22,30.162098
91,23,30.16165
91,24,30.160378
91,25,30.154
91,26,30.140476
91,27,30.109186
91,28,30.062067
91,29,30.0
91,3,22.194775
91,4,26.074074
91,5,28.31791
91,6,29.43821
91,7,29.918198
91,8,30.092628
91,9,30.145716
92,0,0.0
92,1,8.888681
92,10,30.56599
92,11,30.568647
92,12,30.569057
92,13,30.5691
92,14,30.569105
92,15,30.569105
92,16,30.569105
92,17,30.569103
92,18,30.569105
92,19,30.569105
92,2,16.645174
92,20,30.569103
92,21,30.569105
92,22,30.568657
92,23,30.567245
92,24,30.558872
92,25,30.538559
92,26,30.481842
92,27,30.379944
92,28,30.210514
92,29,30.0
92,3,22.545467
92,4,26.462982
92,5,28.718895
92,6,29.844301
92,7,30.324945
92,8,30.499634
92,9,30.55272
93,0,0.0
93,1,9.33066
93,10,31.685255
93,11,31.68791
93,12,31.688318
93,13,31.688366
93,14,31.688368
93,15,31.688368
93,16,31.68837
93,17,31.688368
93,18,31.688368
93,19,31.688368
93,2,17.41504
93,20,31.688368
93,21,31.688034
93,22,31.68687
93,23,31.678745
93,24,31.656504
93,25,31.582779
93,26,31.427673
93,27,31.111258
93,28,30.626793
93,29,30.0
93,3,23.519989
93,4,27.527157
93,5,29.824131
93,6,30.959286
93,7,31.443768
93,8,31.618752
93,9,31.671984
94,0,0.0
94,1,10.403534
94,10,34.29687
94,11,34.299526
94,12,34.299934
94,13,34.29998
94,14,34.299984
94,15,34.299984
94,16,34.299988
94,17,34.299988
94,18,34.299984
94,19,34.299984
94,2,19.280102
94,20,34.299797
94,21,34.299095
94,22,34.29329
94,23,34.27554
94,24,34.20631
94,25,34.038593
94,26,33.6275
94,27,32.865746
94,28,31.612968
94,29,30.0
94,3,25.81764
94,4,30.037804
94,5,32.40361
94,6,33.565613
94,7,34.05377
94,8,34.230362
94,9,34.283558
95,0,0.0
95,1,12.774839
95,10,39.520107
95,11,39.52276
95,12,39.52317
95,13,39.523212
95,14,39.523216
95,15,39.523216
95,16,39.523216
95,17,39.523216
95,18,39.523216
95,19,39.52314
95,2,23.224367
95,20,39.522835
95,21,39.51983
95,22,39.50968
95,23,39.463123
95,24,39.335182
95,25,38.963863
95,26,38.14954
95,27,36.489
95,28,33.743206
95,29,30.0
95,3,30.587788
95,4,35.12221
95,5,37.60436
95,6,38.78479
95,7,39.27887
95,8,39.453835
95,9,39.50696
96,0,0.0
96,1,17.616198
96,10,48.5422
96,11,48.544716
96,12,48.545116
96,13,48.54516
96,14,48.545162
96,15,48.545162
96,16,48.545162
96,17,48.545162
96,18,48.545143
96,19,48.545055
96,2,30.80931
96,20,48.543972
96,21,48.53997
96,22,48.518204
96,23,48.45126
96,24,48.223
96,25,47.644093
96,26,46.218967
96,27,43.28782
96,28,37.916035
96,29,30.0
96,3,39.267982
96,4,44.151432
96,5,46.668365
96,6,47.8394
96,7,48.311703
96,8,48.47977
96,9,48.529617
97,0,0.0
97,1,27.398651
97,10,62.075565
97,11,62.0777
97,12,62.078037
97,13,62.07808
97,14,62.07808
97,15,62.078083
97,16,62.07808
97,17,62.07808
97,18,62.078064
97,19,62.077816
97,2,44.1952
97,20,62.076817
97,21,62.07022
97,22,62.047802
97,23,61.957836
97,24,61.699837
97,25,60.950806
97,26,59.116524
97,27,54.841606
97,28,45.939568
97,29,30.0
97,3,53.421745
97,4,58.16981
97,5,60.47166
97,6,61.48159
97,7,61.884968
97,8,62.023426
97,9,62.06524
98,0,0.0
98,1,48.354546
98,10,79.7735
98,11,79.77475
98,12,79.77495
98,13,79.77498
98,14,79.77498
98,15,79.77498
98,16,79.77498
98,17,79.77498
98,18,79.77495
98,19,79.77482
98,2,66.43089
98,20,79.773766
98,21,79.76983
98,22,79.750946
98,23,79.69098
98,24,79.48868
98,25,78.92619
98,26,77.366295
98,27,73.26213
98,28,62.120457
98,29,30.0
98,3,73.9737
98,4,77.32196
98,5,78.79741
98,6,79.422356
98,7,79.66073
98,8,79.74323
98,9,79.767365
99,0,0.0
99,1,100.0
99,10,100.0
99,11,100.0
99,12,100.0
99,13,100.0
99,14,100.0
99,15,100.0
99,16,100.0
99,17,100.0
99,18,100.0
99,19,100.0
99,2,100.0
99,20,100.0
99,21,100.0
99,22,100.0
99,23,100.0
99,24,100.0
99,25,100.0
99,26,100.0
99,27,100.0
99,28,100.0
99,29,30.0
99,3,100.0
99,4,100.0
99,5,100.0
99,6,100.0
99,7,100.0
99,8,100.0
99,9,100.0
