0,0,0.0
0,1,0.0
0,10,0.0
0,11,0.0
0,12,0.0
0,13,0.0
0,14,0.0
0,15,0.0
0,16,0.0
0,17,0.0
0,18,0.0
0,19,0.0
0,2,0.0
0,20,0.0
0,21,0.0
0,22,0.0
0,23,0.0
0,24,0.0
0,25,0.0
0,26,0.0
0,27,0.0
0,28,0.0
0,29,30.0
0,3,0.0
0,4,0.0
0,5,0.0
0,6,0.0
0,7,0.0
0,8,0.0
0,9,0.0
1,0,0.0
1,1,0.7275325
1,10,4.4522285
1,11,4.5403748
1,12,4.5983334
1,13,4.634823
1,14,4.6574726
1,15,4.671672
1,16,4.6818304
1,17,4.6916833
1,18,4.7049828
1,19,4.7270117
1,2,1.4281192
1,20,4.765092
1,21,4.832121
1,22,4.948495
1,23,5.151392
1,24,5.506597
1,25,6.14507
1,26,7.3462796
1,27,9.791278
1,28,15.363766
1,29,30.0
1,3,2.0768108
1,4,2.6559997
1,5,3.1524477
1,6,3.563301
1,7,3.8891523
1,8,4.138974
1,9,4.3221865
10,0,0.0
10,1,4.452179
10,10,27.16835
10,11,27.700356
10,12,28.046682
10,13,28.263786
10,14,28.394505
10,15,28.470798
10,16,28.51471
10,17,28.541157
10,18,28.560482
10,19,28.579708
10,2,8.736351
10,20,28.605444
10,21,28.642963
10,22,28.69948
10,23,28.78077
10,24,28.89469
10,25,29.045414
10,26,29.236694
10,27,29.465328
10,28,29.724392
10,29,30.0
10,3,12.704614
10,4,16.239975
10,5,19.272476
10,6,21.77296
10,7,23.758242
10,8,25.272446
10,9,26.384453
11,0,0.0
11,1,4.540252
11,10,27.700287
11,11,28.241634
11,12,28.59448
11,13,28.815151
11,14,28.948036
11,15,29.025146
11,16,29.068893
11,17,29.094212
11,18,29.110758
11,19,29.125387
11,2,8.909745
11,20,29.142702
11,21,29.167484
11,22,29.20331
11,23,29.255142
11,24,29.326061
11,25,29.419987
11,26,29.537159
11,27,29.676838
11,28,29.83356
11,29,30.0
11,3,12.955572
11,4,16.561447
11,5,19.652197
11,6,22.202362
11,7,24.224909
11,8,25.768919
11,9,26.9012
12,0,0.0
12,1,4.59805
12,10,28.04647
12,11,28.594374
12,12,28.950987
12,13,29.174171
12,14,29.308266
12,15,29.385902
12,16,29.429497
12,17,29.453869
12,18,29.46862
12,19,29.479696
12,2,9.022589
12,20,29.491516
12,21,29.506935
12,22,29.529188
12,23,29.56034
12,24,29.603287
12,25,29.659023
12,26,29.728718
12,27,29.810743
12,28,29.90274
12,29,30.0
12,3,13.120126
12,4,16.770658
12,5,19.900812
12,6,22.481815
12,7,24.529915
12,8,26.092024
12,9,27.238377
13,0,0.0
13,1,4.6341743
13,10,28.263288
13,11,28.814838
13,12,29.174019
13,13,29.39856
13,14,29.533472
13,15,29.61137
13,16,29.654816
13,17,29.678612
13,18,29.692019
13,19,29.700935
13,2,9.093742
13,20,29.708847
13,21,29.718489
13,22,29.731491
13,23,29.74983
13,24,29.77443
13,25,29.806625
13,26,29.846226
13,27,29.892984
13,28,29.944988
13,29,30.0
13,3,13.222971
13,4,16.902401
13,5,20.056196
13,6,22.657467
13,7,24.720541
13,8,26.294718
13,9,27.449114
14,0,0.0
14,1,4.6560674
14,10,28.393381
14,11,28.947325
14,12,29.307842
14,13,29.53328
14,14,29.668602
14,15,29.746658
14,16,29.79001
14,17,29.813381
14,18,29.826035
14,19,29.833458
14,2,9.136434
14,20,29.839115
14,21,29.844929
14,22,29.852509
14,23,29.862667
14,24,29.87646
14,25,29.894104
14,26,29.915993
14,27,29.941513
14,28,29.969997
14,29,30.0
14,3,13.285238
14,4,16.981445
14,5,20.150105
14,6,22.762856
14,7,24.835503
14,8,26.416332
14,9,27.575947
15,0,0.0
15,1,4.6686726
15,10,28.468464
15,11,29.023607
15,12,29.384975
15,13,29.61085
15,14,29.746433
15,15,29.824562
15,16,29.867836
15,17,29.890984
15,18,29.903126
15,19,29.909752
15,2,9.161274
15,20,29.913952
15,21,29.91766
15,22,29.921871
15,23,29.927456
15,24,29.934744
15,25,29.944195
15,26,29.955702
15,27,29.96923
15,28,29.984196
15,29,30.0
15,3,13.321089
15,4,17.027365
15,5,20.20417
15,6,22.823944
15,7,24.90169
15,8,26.48666
15,9,27.648972
16,0,0.0
16,1,4.675717
16,10,28.50993
16,11,29.065807
16,12,29.427576
16,13,29.653715
16,14,29.789417
16,15,29.867586
16,16,29.910822
16,17,29.933825
16,18,29.945713
16,19,29.951836
16,2,9.174991
16,20,29.955288
16,21,29.957718
16,22,29.960155
16,23,29.96306
16,24,29.966866
16,25,29.971645
16,26,29.977547
16,27,29.984383
16,28,29.991997
16,29,30.0
16,3,13.341099
16,4,17.052721
16,5,20.234283
16,6,22.857674
16,7,24.938461
16,8,26.525496
16,9,27.689444
17,0,0.0
17,1,4.6794453
17,10,28.531942
17,11,29.08815
17,12,29.450155
17,13,29.676413
17,14,29.812181
17,15,29.89037
17,16,29.933578
17,17,29.956512
17,18,29.968245
17,19,29.974127
17,2,9.182343
17,20,29.977137
17,21,29.97894
17,22,29.98036
17,23,29.981915
17,24,29.983788
17,25,29.986168
17,26,29.98903
17,27,29.992392
17,28,29.996092
17,29,30.0
17,3,13.351691
17,4,17.066286
17,5,20.250223
17,6,22.875671
17,7,24.957924
17,8,26.546162
17,9,27.710865
18,0,0.0
18,1,4.681364
18,10,28.543102
18,11,29.099506
18,12,29.461609
18,13,29.687933
18,14,29.82373
18,15,29.901926
18,16,29.945126
18,17,29.968018
18,18,29.979683
18,19,29.985424
18,2,9.186072
18,20,29.988232
18,21,29.989685
18,22,29.990627
18,23,29.991446
18,24,29.992382
18,25,29.993498
18,26,29.994862
18,27,29.996426
18,28,29.99817
18,29,30.0
18,3,13.357132
18,4,17.073168
18,5,20.258389
18,6,22.8848
18,7,24.967865
18,8,26.55664
18,9,27.72178
19,0,0.0
19,1,4.6822953
19,10,28.548544
19,11,29.105019
19,12,29.46718
19,13,29.693527
19,14,29.829342
19,15,29.90754
19,16,29.950731
19,17,29.97361
19,18,29.985233
19,19,29.99092
19,2,9.187909
19,20,29.993616
19,21,29.994915
19,22,29.995602
19,23,29.99609
19,24,29.996542
19,25,29.99707
19,26,29.99768
19,27,29.998396
19,28,29.999176
19,29,30.0
19,3,13.359774
19,4,17.076548
19,5,20.262356
19,6,22.889275
19,7,24.972692
19,8,26.561764
19,9,27.727077
2,0,0.0
2,1,1.4281193
2,10,8.736444
2,11,8.909968
2,12,9.023121
2,13,9.094929
2,14,9.139055
2,15,9.166769
2,16,9.186327
2,17,9.204764
2,18,9.229559
2,19,9.269508
2,2,2.8023474
2,20,9.33891
2,21,9.458603
2,22,9.665098
2,23,10.015986
2,24,10.612577
2,25,11.627171
2,26,13.371712
2,27,16.401173
2,28,21.63684
2,29,30.0
2,3,4.076563
2,4,5.2117734
2,5,6.1875496
2,6,6.992139
2,7,7.632978
2,8,8.121761
2,9,8.482272
20,0,0.0
20,1,4.6827354
20,10,28.551071
20,11,29.10759
20,12,29.469769
20,13,29.696133
20,14,29.831951
20,15,29.910152
20,16,29.953339
20,17,29.976208
20,18,29.98782
20,19,29.993471
20,2,9.188764
20,20,29.996126
20,21,29.997341
20,22,29.997925
20,23,29.998241
20,24,29.998486
20,25,29.998726
20,26,29.998999
20,27,29.999306
20,28,29.999645
20,29,30.0
20,3,13.361019
20,4,17.078121
20,5,20.26422
20,6,22.891354
20,7,24.974955
20,8,26.56414
20,9,27.729553
21,0,0.0
21,1,4.682931
21,10,28.552198
21,11,29.10873
21,12,29.47092
21,13,29.697289
21,14,29.83311
21,15,29.911312
21,16,29.954498
21,17,29.977364
21,18,29.988968
21,19,29.99461
21,2,9.189149
21,20,29.99724
21,21,29.998428
21,22,29.998953
21,23,29.999205
21,24,29.999348
21,25,29.999466
21,26,29.999584
21,27,29.999714
21,28,29.999853
21,29,30.0
21,3,13.361573
21,4,17.07883
21,5,20.265049
21,6,22.892288
21,7,24.97596
21,8,26.565207
21,9,27.730652
22,0,0.0
22,1,4.683015
22,10,28.552677
22,11,29.109219
22,12,29.47141
22,13,29.69778
22,14,29.833603
22,15,29.911804
22,16,29.954992
22,17,29.977856
22,18,29.989454
22,19,29.99509
22,2,9.189313
22,20,29.997715
22,21,29.998886
22,22,29.999393
22,23,29.99961
22,24,29.99972
22,25,29.999779
22,26,29.999834
22,27,29.999886
22,28,29.999943
22,29,30.0
22,3,13.361812
22,4,17.07913
22,5,20.265406
22,6,22.892683
22,7,24.97639
22,8,26.565657
22,9,27.731121
23,0,0.0
23,1,4.683049
23,10,28.552876
23,11,29.109417
23,12,29.471607
23,13,29.69798
23,14,29.833803
23,15,29.912006
23,16,29.95519
23,17,29.978054
23,18,29.989655
23,19,29.995285
23,2,9.18938
23,20,29.997906
23,21,29.999073
23,22,29.999569
23,23,29.999779
23,24,29.999866
23,25,29.999908
23,26,29.999935
23,27,29.999958
23,28,29.999979
23,29,30.0
23,3,13.36191
23,4,17.079254
23,5,20.265549
23,6,22.892845
23,7,24.976562
23,8,26.565842
23,9,27.731312
24,0,0.0
24,1,4.6830626
24,10,28.552948
24,11,29.109491
24,12,29.471687
24,13,29.698055
24,14,29.833881
24,15,29.91208
24,16,29.955269
24,17,29.97813
24,18,29.98973
24,19,29.995361
24,2,9.189406
24,20,29.997982
24,21,29.999144
24,22,29.999641
24,23,29.999844
24,24,29.999926
24,25,29.99996
24,26,29.999975
24,27,29.999985
24,28,29.999992
24,29,30.0
24,3,13.361947
24,4,17.079302
24,5,20.265606
24,6,22.89291
24,7,24.976631
24,8,26.565914
24,9,27.731384
25,0,0.0
25,1,4.683068
25,10,28.552975
25,11,29.10952
25,12,29.471714
25,13,29.698088
25,14,29.833908
25,15,29.912111
25,16,29.955296
25,17,29.97816
25,18,29.989756
25,19,29.99539
25,2,9.189416
25,20,29.998007
25,21,29.999172
25,22,29.999664
25,23,29.999868
25,24,29.999945
25,25,29.999977
25,26,29.99999
25,27,29.999996
25,28,29.999998
25,29,30.0
25,3,13.361961
25,4,17.079319
25,5,20.265627
25,6,22.892931
25,7,24.976658
25,8,26.565939
25,9,27.731413
26,0,0.0
26,1,4.6830697
26,10,28.552986
26,11,29.10953
26,12,29.471725
26,13,29.698095
26,14,29.83392
26,15,29.91212
26,16,29.955307
26,17,29.978168
26,18,29.989765
26,19,29.9954
26,2,9.18942
26,20,29.998018
26,21,29.999182
26,22,29.999676
26,23,29.999876
26,24,29.999954
26,25,29.999985
26,26,29.999994
26,27,30.0
26,28,30.0
26,29,30.0
26,3,13.361967
26,4,17.079327
26,5,20.265633
26,6,22.89294
26,7,24.976665
26,8,26.565948
26,9,27.731422
27,0,0.0
27,1,4.68307
27,10,28.55299
27,11,29.109535
27,12,29.471727
27,13,29.6981
27,14,29.833921
27,15,29.912123
27,16,29.955309
27,17,29.97817
27,18,29.989769
27,19,29.995403
27,2,9.189422
27,20,29.99802
27,21,29.999184
27,22,29.99968
27,23,29.999878
27,24,29.999954
27,25,29.999987
27,26,29.999996
27,27,30.0
27,28,30.0
27,29,30.0
27,3,13.361968
27,4,17.079329
27,5,20.265636
27,6,22.892944
27,7,24.97667
27,8,26.565952
27,9,27.731426
28,0,0.0
28,1,4.683071
28,10,28.55299
28,11,29.109535
28,12,29.47173
28,13,29.6981
28,14,29.833923
28,15,29.912125
28,16,29.955309
28,17,29.97817
28,18,29.989769
28,19,29.995403
28,2,9.189422
28,20,29.99802
28,21,29.999184
28,22,29.99968
28,23,29.999882
28,24,29.999958
28,25,29.999985
28,26,29.999996
28,27,30.0
28,28,30.0
28,29,30.0
28,3,13.361969
28,4,17.079329
28,5,20.265636
28,6,22.892944
28,7,24.976673
28,8,26.565952
28,9,27.73143
29,0,0.0
29,1,4.6830707
29,10,28.552994
29,11,29.109535
29,12,29.47173
29,13,29.6981
29,14,29.833923
29,15,29.912123
29,16,29.955309
29,17,29.97817
29,18,29.989769
29,19,29.995403
29,2,9.189422
29,20,29.99802
29,21,29.999184
29,22,29.99968
29,23,29.999878
29,24,29.999958
29,25,29.999987
29,26,29.999996
29,27,30.0
29,28,30.0
29,29,30.0
29,3,13.361968
29,4,17.07933
29,5,20.265638
29,6,22.892944
29,7,24.976671
29,8,26.565954
29,9,27.731428
3,0,0.0
3,1,2.0768108
3,10,12.704735
3,11,12.955871
3,12,13.120815
3,13,13.224551
3,14,13.288652
3,15,13.3283615
3,16,13.355869
3,17,13.381128
3,18,13.4135685
3,19,13.465724
3,2,4.076563
3,20,13.55384
3,21,13.70534
3,22,13.95989
3,23,14.383779
3,24,15.075708
3,25,16.192848
3,26,17.964088
3,27,20.70485
3,28,24.73053
3,29,30.0
3,3,5.9281855
3,4,7.581071
3,5,8.997829
3,6,10.169905
3,7,11.0994835
3,8,11.811808
3,9,12.334201
30,0,0.0
30,1,4.683071
30,10,28.552994
30,11,29.109535
30,12,29.47173
30,13,29.698101
30,14,29.833923
30,15,29.912125
30,16,29.955309
30,17,29.978172
30,18,29.989769
30,19,29.995403
30,2,9.189422
30,20,29.99802
30,21,29.999184
30,22,29.99968
30,23,29.999878
30,24,29.999958
30,25,29.999985
30,26,29.999998
30,27,30.0
30,28,30.0
30,29,30.0
30,3,13.361969
30,4,17.079329
30,5,20.265638
30,6,22.892946
30,7,24.976673
30,8,26.565954
30,9,27.731428
31,0,0.0
31,1,4.6830707
31,10,28.55299
31,11,29.109535
31,12,29.471727
31,13,29.6981
31,14,29.833923
31,15,29.912123
31,16,29.955309
31,17,29.97817
31,18,29.989769
31,19,29.995403
31,2,9.189422
31,20,29.99802
31,21,29.999184
31,22,29.99968
31,23,29.99988
31,24,29.999956
31,25,29.999987
31,26,29.999996
31,27,30.0
31,28,30.0
31,29,30.0
31,3,13.361968
31,4,17.079329
31,5,20.265636
31,6,22.892946
31,7,24.976673
31,8,26.565956
31,9,27.73143
32,0,0.0
32,1,4.683071
32,10,28.552994
32,11,29.109535
32,12,29.471731
32,13,29.698101
32,14,29.833923
32,15,29.912125
32,16,29.955309
32,17,29.978172
32,18,29.989769
32,19,29.995403
32,2,9.189421
32,20,29.99802
32,21,29.999184
32,22,29.99968
32,23,29.999882
32,24,29.999958
32,25,29.999987
32,26,29.999996
32,27,30.0
32,28,30.0
32,29,30.0
32,3,13.361969
32,4,17.079327
32,5,20.26564
32,6,22.892944
32,7,24.976673
32,8,26.565956
32,9,27.731428
33,0,0.0
33,1,4.68307
33,10,28.552994
33,11,29.109537
33,12,29.471733
33,13,29.698103
33,14,29.833925
33,15,29.912125
33,16,29.955309
33,17,29.978172
33,18,29.989769
33,19,29.995403
33,2,9.189423
33,20,29.99802
33,21,29.999184
33,22,29.99968
33,23,29.999882
33,24,29.999958
33,25,29.999987
33,26,29.999996
33,27,30.0
33,28,30.0
33,29,30.0
33,3,13.361968
33,4,17.07933
33,5,20.265636
33,6,22.892946
33,7,24.97667
33,8,26.565956
33,9,27.73143
34,0,0.0
34,1,4.683071
34,10,28.552994
34,11,29.109537
34,12,29.471733
34,13,29.698103
34,14,29.833925
34,15,29.912125
34,16,29.955309
34,17,29.978172
34,18,29.989769
34,19,29.995403
34,2,9.189421
34,20,29.99802
34,21,29.999184
34,22,29.99968
34,23,29.999882
34,24,29.999958
34,25,29.999987
34,26,29.999996
34,27,30.0
34,28,30.0
34,29,30.0
34,3,13.361971
34,4,17.079327
34,5,20.265638
34,6,22.892944
34,7,24.976673
34,8,26.565952
34,9,27.73143
35,0,0.0
35,1,4.68307
35,10,28.552994
35,11,29.109537
35,12,29.471733
35,13,29.698103
35,14,29.833925
35,15,29.912125
35,16,29.955309
35,17,29.978172
35,18,29.989769
35,19,29.995403
35,2,9.189423
35,20,29.99802
35,21,29.999184
35,22,29.99968
35,23,29.999882
35,24,29.999958
35,25,29.999987
35,26,29.999996
35,27,30.0
35,28,30.0
35,29,30.0
35,3,13.361968
35,4,17.079329
35,5,20.265636
35,6,22.892944
35,7,24.976667
35,8,26.565952
35,9,27.731428
36,0,0.0
36,1,4.683071
36,10,28.552994
36,11,29.109537
36,12,29.471733
36,13,29.698103
36,14,29.833925
36,15,29.912125
36,16,29.955309
36,17,29.978172
36,18,29.989769
36,19,29.995403
36,2,9.189421
36,20,29.99802
36,21,29.999184
36,22,29.99968
36,23,29.999882
36,24,29.999958
36,25,29.999987
36,26,29.999996
36,27,30.0
36,28,30.0
36,29,30.0
36,3,13.361969
36,4,17.079329
36,5,20.265636
36,6,22.892944
36,7,24.97667
36,8,26.565952
36,9,27.731428
37,0,0.0
37,1,4.68307
37,10,28.552994
37,11,29.109537
37,12,29.471733
37,13,29.698103
37,14,29.833925
37,15,29.912125
37,16,29.955309
37,17,29.978172
37,18,29.989769
37,19,29.995403
37,2,9.189422
37,20,29.99802
37,21,29.999184
37,22,29.99968
37,23,29.999882
37,24,29.999958
37,25,29.999987
37,26,29.999996
37,27,30.0
37,28,30.0
37,29,30.0
37,3,13.361969
37,4,17.079329
37,5,20.265636
37,6,22.892944
37,7,24.97667
37,8,26.565954
37,9,27.731428
38,0,0.0
38,1,4.6830707
38,10,28.552994
38,11,29.109537
38,12,29.471733
38,13,29.698103
38,14,29.833925
38,15,29.912125
38,16,29.955309
38,17,29.978172
38,18,29.989769
38,19,29.995403
38,2,9.189421
38,20,29.99802
38,21,29.999184
38,22,29.99968
38,23,29.999882
38,24,29.999958
38,25,29.999987
38,26,29.999996
38,27,30.0
38,28,30.0
38,29,30.0
38,3,13.361969
38,4,17.079329
38,5,20.265636
38,6,22.892944
38,7,24.976673
38,8,26.565954
38,9,27.731428
39,0,0.0
39,1,4.68307
39,10,28.552992
39,11,29.109535
39,12,29.471733
39,13,29.698101
39,14,29.833925
39,15,29.912125
39,16,29.955309
39,17,29.978172
39,18,29.989769
39,19,29.995403
39,2,9.189421
39,20,29.99802
39,21,29.999184
39,22,29.99968
39,23,29.999878
39,24,29.999958
39,25,29.999987
39,26,29.999996
39,27,30.0
39,28,30.0
39,29,30.0
39,3,13.361969
39,4,17.079329
39,5,20.265636
39,6,22.892944
39,7,24.97667
39,8,26.565954
39,9,27.731428
4,0,0.0
4,1,2.6559997
4,10,16.240112
4,11,16.561773
4,12,16.771435
4,13,16.904135
4,14,16.985273
4,15,17.035362
4,16,17.069155
4,17,17.098576
4,18,17.135286
4,19,17.191765
4,2,5.211773
4,20,17.28701
4,21,17.446173
4,22,17.71061
4,23,18.136795
4,24,18.811049
4,25,19.845938
4,26,21.388212
4,27,23.584595
4,28,26.510925
4,29,30.0
4,3,7.58107
4,4,9.691899
4,5,11.505543
4,6,13.001004
4,7,14.19138
4,8,15.099302
4,9,15.768395
40,0,0.0
40,1,4.68307
40,10,28.552994
40,11,29.109535
40,12,29.47173
40,13,29.698103
40,14,29.833923
40,15,29.912125
40,16,29.955309
40,17,29.978172
40,18,29.989769
40,19,29.995403
40,2,9.189421
40,20,29.99802
40,21,29.999184
40,22,29.99968
40,23,29.999878
40,24,29.999958
40,25,29.999987
40,26,29.999996
40,27,30.0
40,28,30.0
40,29,30.0
40,3,13.361968
40,4,17.079329
40,5,20.265636
40,6,22.892944
40,7,24.976671
40,8,26.565954
40,9,27.73143
41,0,0.0
41,1,4.68307
41,10,28.552994
41,11,29.109535
41,12,29.47173
41,13,29.698101
41,14,29.833925
41,15,29.912125
41,16,29.955309
41,17,29.978172
41,18,29.989769
41,19,29.995403
41,2,9.189421
41,20,29.99802
41,21,29.999184
41,22,29.99968
41,23,29.99988
41,24,29.999958
41,25,29.999987
41,26,29.999998
41,27,30.0
41,28,30.0
41,29,30.0
41,3,13.361968
41,4,17.079327
41,5,20.265638
41,6,22.892944
41,7,24.976671
41,8,26.565954
41,9,27.731428
42,0,0.0
42,1,4.68307
42,10,28.552994
42,11,29.109535
42,12,29.47173
42,13,29.698101
42,14,29.833923
42,15,29.912125
42,16,29.955309
42,17,29.978172
42,18,29.989769
42,19,29.995401
42,2,9.189421
42,20,29.99802
42,21,29.999184
42,22,29.99968
42,23,29.999878
42,24,29.999958
42,25,29.999987
42,26,29.999998
42,27,30.0
42,28,30.0
42,29,30.0
42,3,13.361967
42,4,17.07933
42,5,20.265636
42,6,22.892944
42,7,24.97667
42,8,26.565952
42,9,27.731428
43,0,0.0
43,1,4.68307
43,10,28.55299
43,11,29.109535
43,12,29.47173
43,13,29.698101
43,14,29.833925
43,15,29.912125
43,16,29.955309
43,17,29.978172
43,18,29.989769
43,19,29.995403
43,2,9.189421
43,20,29.99802
43,21,29.999184
43,22,29.99968
43,23,29.999882
43,24,29.999958
43,25,29.999987
43,26,29.999996
43,27,30.0
43,28,30.0
43,29,30.0
43,3,13.361968
43,4,17.079327
43,5,20.265636
43,6,22.892944
43,7,24.976671
43,8,26.565952
43,9,27.731428
44,0,0.0
44,1,4.68307
44,10,28.552992
44,11,29.109535
44,12,29.47173
44,13,29.698101
44,14,29.833925
44,15,29.912125
44,16,29.955309
44,17,29.978172
44,18,29.989769
44,19,29.995403
44,2,9.189421
44,20,29.99802
44,21,29.999184
44,22,29.99968
44,23,29.999882
44,24,29.999958
44,25,29.999987
44,26,29.999996
44,27,30.0
44,28,30.0
44,29,30.0
44,3,13.361967
44,4,17.079327
44,5,20.265636
44,6,22.892944
44,7,24.97667
44,8,26.565952
44,9,27.73143
45,0,0.0
45,1,4.68307
45,10,28.552994
45,11,29.109535
45,12,29.47173
45,13,29.698101
45,14,29.833925
45,15,29.912125
45,16,29.95531
45,17,29.978172
45,18,29.989773
45,19,29.995403
45,2,9.189421
45,20,29.998022
45,21,29.999184
45,22,29.99968
45,23,29.999882
45,24,29.99996
45,25,29.999989
45,26,29.999996
45,27,30.0
45,28,30.0
45,29,30.0
45,3,13.361967
45,4,17.079327
45,5,20.265636
45,6,22.892944
45,7,24.976673
45,8,26.565956
45,9,27.73143
46,0,0.0
46,1,4.68307
46,10,28.552992
46,11,29.109535
46,12,29.47173
46,13,29.698101
46,14,29.833923
46,15,29.912127
46,16,29.95531
46,17,29.978172
46,18,29.989769
46,19,29.995403
46,2,9.189421
46,20,29.99802
46,21,29.999184
46,22,29.99968
46,23,29.99988
46,24,29.999958
46,25,29.999987
46,26,29.999998
46,27,30.0
46,28,30.0
46,29,30.0
46,3,13.361967
46,4,17.079327
46,5,20.265636
46,6,22.892942
46,7,24.976673
46,8,26.565954
46,9,27.73143
47,0,0.0
47,1,4.68307
47,10,28.552992
47,11,29.109535
47,12,29.47173
47,13,29.6981
47,14,29.833923
47,15,29.912125
47,16,29.95531
47,17,29.978172
47,18,29.989773
47,19,29.995403
47,2,9.189421
47,20,29.99802
47,21,29.999184
47,22,29.99968
47,23,29.99988
47,24,29.99996
47,25,29.999989
47,26,29.999996
47,27,30.0
47,28,30.0
47,29,30.0
47,3,13.361967
47,4,17.07933
47,5,20.265636
47,6,22.892944
47,7,24.97667
47,8,26.565956
47,9,27.73143
48,0,0.0
48,1,4.68307
48,10,28.552992
48,11,29.109535
48,12,29.47173
48,13,29.6981
48,14,29.833923
48,15,29.912125
48,16,29.95531
48,17,29.978174
48,18,29.989769
48,19,29.995403
48,2,9.189421
48,20,29.998022
48,21,29.999184
48,22,29.99968
48,23,29.999882
48,24,29.999958
48,25,29.999989
48,26,29.999998
48,27,30.0
48,28,30.0
48,29,30.0
48,3,13.361968
48,4,17.079329
48,5,20.265636
48,6,22.892942
48,7,24.976671
48,8,26.565956
48,9,27.731428
49,0,0.0
49,1,4.68307
49,10,28.552994
49,11,29.109535
49,12,29.471727
49,13,29.6981
49,14,29.833923
49,15,29.912125
49,16,29.95531
49,17,29.978172
49,18,29.989773
49,19,29.995403
49,2,9.189421
49,20,29.99802
49,21,29.999184
49,22,29.99968
49,23,29.99988
49,24,29.99996
49,25,29.999987
49,26,29.999998
49,27,30.0
49,28,30.0
49,29,30.0
49,3,13.361968
49,4,17.079329
49,5,20.265636
49,6,22.892944
49,7,24.976673
49,8,26.565956
49,9,27.73143
5,0,0.0
5,1,3.1524472
5,10,19.272608
5,11,19.652523
5,12,19.90157
5,13,20.057936
5,14,20.15385
5,15,20.212135
5,16,20.250368
5,17,20.282074
5,18,20.318842
5,19,20.374466
5,2,6.1875486
5,20,20.464836
5,21,20.615204
5,22,20.857698
5,23,21.241713
5,24,21.827473
5,25,22.694456
5,26,23.922092
5,27,25.574955
5,28,27.645844
5,29,30.0
5,3,8.997829
5,4,11.505542
5,5,13.65501
5,6,15.432131
5,7,16.841576
5,8,17.920645
5,9,18.711988
50,0,0.0
50,1,4.6830707
50,10,28.552994
50,11,29.109535
50,12,29.47173
50,13,29.6981
50,14,29.833921
50,15,29.912125
50,16,29.95531
50,17,29.978174
50,18,29.989773
50,19,29.995403
50,2,9.189421
50,20,29.99802
50,21,29.999184
50,22,29.99968
50,23,29.999882
50,24,29.99996
50,25,29.999989
50,26,29.999996
50,27,30.0
50,28,30.0
50,29,30.0
50,3,13.361968
50,4,17.07933
50,5,20.265638
50,6,22.892944
50,7,24.976673
50,8,26.565956
50,9,27.731428
51,0,0.0
51,1,4.68307
51,10,28.552992
51,11,29.109535
51,12,29.47173
51,13,29.6981
51,14,29.833923
51,15,29.912123
51,16,29.95531
51,17,29.978172
51,18,29.989773
51,19,29.995403
51,2,9.189422
51,20,29.99802
51,21,29.999186
51,22,29.99968
51,23,29.99988
51,24,29.999958
51,25,29.999987
51,26,29.999998
51,27,30.0
51,28,30.0
51,29,30.0
51,3,13.361969
51,4,17.079327
51,5,20.265636
51,6,22.892946
51,7,24.976673
51,8,26.565954
51,9,27.731428
52,0,0.0
52,1,4.6830707
52,10,28.552994
52,11,29.109535
52,12,29.47173
52,13,29.6981
52,14,29.833923
52,15,29.912125
52,16,29.955309
52,17,29.978172
52,18,29.98977
52,19,29.995403
52,2,9.189421
52,20,29.998022
52,21,29.999184
52,22,29.99968
52,23,29.999878
52,24,29.99996
52,25,29.999985
52,26,29.999996
52,27,30.0
52,28,30.0
52,29,30.0
52,3,13.361968
52,4,17.079329
52,5,20.265636
52,6,22.892944
52,7,24.976671
52,8,26.565954
52,9,27.73143
53,0,0.0
53,1,4.6830707
53,10,28.552992
53,11,29.109535
53,12,29.471727
53,13,29.698101
53,14,29.833923
53,15,29.912125
53,16,29.95531
53,17,29.978172
53,18,29.989769
53,19,29.995403
53,2,9.189421
53,20,29.99802
53,21,29.999184
53,22,29.99968
53,23,29.999882
53,24,29.999958
53,25,29.999989
53,26,29.999996
53,27,30.0
53,28,30.0
53,29,30.0
53,3,13.361969
53,4,17.079327
53,5,20.265636
53,6,22.892944
53,7,24.976673
53,8,26.565956
53,9,27.73143
54,0,0.0
54,1,4.68307
54,10,28.552992
54,11,29.109535
54,12,29.47173
54,13,29.698101
54,14,29.833925
54,15,29.912125
54,16,29.955309
54,17,29.978172
54,18,29.989773
54,19,29.995401
54,2,9.189423
54,20,29.99802
54,21,29.999184
54,22,29.99968
54,23,29.999878
54,24,29.99996
54,25,29.999985
54,26,29.999996
54,27,30.0
54,28,30.0
54,29,30.0
54,3,13.361967
54,4,17.079329
54,5,20.265636
54,6,22.892944
54,7,24.976671
54,8,26.565956
54,9,27.73143
55,0,0.0
55,1,4.683071
55,10,28.552994
55,11,29.109535
55,12,29.47173
55,13,29.698101
55,14,29.833923
55,15,29.912125
55,16,29.95531
55,17,29.978172
55,18,29.989769
55,19,29.995405
55,2,9.189421
55,20,29.99802
55,21,29.999186
55,22,29.99968
55,23,29.999882
55,24,29.999958
55,25,29.999989
55,26,29.999996
55,27,30.0
55,28,30.0
55,29,30.0
55,3,13.361968
55,4,17.079327
55,5,20.265638
55,6,22.892944
55,7,24.976673
55,8,26.565956
55,9,27.731428
56,0,0.0
56,1,4.6830697
56,10,28.552994
56,11,29.109535
56,12,29.47173
56,13,29.6981
56,14,29.833923
56,15,29.912125
56,16,29.95531
56,17,29.978172
56,18,29.98977
56,19,29.995401
56,2,9.189422
56,20,29.99802
56,21,29.999184
56,22,29.99968
56,23,29.999882
56,24,29.99996
56,25,29.999987
56,26,29.999998
56,27,30.0
56,28,30.0
56,29,30.0
56,3,13.361967
56,4,17.079329
56,5,20.265636
56,6,22.892944
56,7,24.976671
56,8,26.565956
56,9,27.731428
57,0,0.0
57,1,4.683071
57,10,28.55299
57,11,29.109535
57,12,29.47173
57,13,29.698101
57,14,29.833923
57,15,29.912125
57,16,29.955309
57,17,29.978172
57,18,29.989769
57,19,29.995403
57,2,9.189421
57,20,29.99802
57,21,29.999184
57,22,29.99968
57,23,29.999882
57,24,29.999958
57,25,29.999989
57,26,29.999996
57,27,30.0
57,28,30.0
57,29,30.0
57,3,13.361968
57,4,17.079327
57,5,20.265636
57,6,22.892944
57,7,24.976673
57,8,26.565952
57,9,27.73143
58,0,0.0
58,1,4.68307
58,10,28.552994
58,11,29.109535
58,12,29.471733
58,13,29.6981
58,14,29.833923
58,15,29.912125
58,16,29.955309
58,17,29.978174
58,18,29.989769
58,19,29.995403
58,2,9.189422
58,20,29.99802
58,21,29.999184
58,22,29.99968
58,23,29.999882
58,24,29.99996
58,25,29.999987
58,26,29.999998
58,27,30.0
58,28,30.0
58,29,30.0
58,3,13.361967
58,4,17.079329
58,5,20.265636
58,6,22.892944
58,7,24.97667
58,8,26.565954
58,9,27.731426
59,0,0.0
59,1,4.683071
59,10,28.55299
59,11,29.109539
59,12,29.47173
59,13,29.698103
59,14,29.833923
59,15,29.912125
59,16,29.955309
59,17,29.978174
59,18,29.989769
59,19,29.995403
59,2,9.189421
59,20,29.99802
59,21,29.999184
59,22,29.99968
59,23,29.99988
59,24,29.999958
59,25,29.999987
59,26,29.999998
59,27,30.0
59,28,30.0
59,29,30.0
59,3,13.361969
59,4,17.079327
59,5,20.265636
59,6,22.892944
59,7,24.976673
59,8,26.565952
59,9,27.73143
6,0,0.0
6,1,3.5633004
6,10,21.773079
6,11,22.202652
6,12,22.482513
6,13,22.659016
6,14,22.766277
6,15,22.831064
6,16,22.87225
6,17,22.904081
6,18,22.938963
6,19,22.988396
6,2,6.992137
6,20,23.068188
6,21,23.196667
6,22,23.402332
6,23,23.718271
6,24,24.190298
6,25,24.864113
6,26,25.78606
6,27,26.976105
6,28,28.411886
6,29,30.0
6,3,10.169901
6,4,13.001001
6,5,15.432129
6,6,17.436745
6,7,19.031027
6,8,20.247015
6,9,21.142078
60,0,0.0
60,1,4.68307
60,10,28.552994
60,11,29.109531
60,12,29.471731
60,13,29.6981
60,14,29.833925
60,15,29.912123
60,16,29.955309
60,17,29.978172
60,18,29.98977
60,19,29.995403
60,2,9.189422
60,20,29.99802
60,21,29.999184
60,22,29.99968
60,23,29.999882
60,24,29.999958
60,25,29.999987
60,26,29.999996
60,27,30.0
60,28,30.0
60,29,30.0
60,3,13.361967
60,4,17.07933
60,5,20.265636
60,6,22.892944
60,7,24.97667
60,8,26.565954
60,9,27.731428
61,0,0.0
61,1,4.683071
61,10,28.55299
61,11,29.109535
61,12,29.47173
61,13,29.698101
61,14,29.833921
61,15,29.912125
61,16,29.955309
61,17,29.978176
61,18,29.98977
61,19,29.995403
61,2,9.189421
61,20,29.998022
61,21,29.999184
61,22,29.99968
61,23,29.99988
61,24,29.999958
61,25,29.999987
61,26,29.999996
61,27,30.0
61,28,30.0
61,29,30.0
61,3,13.361969
61,4,17.079327
61,5,20.265636
61,6,22.892944
61,7,24.976673
61,8,26.565952
61,9,27.73143
62,0,0.0
62,1,4.6830697
62,10,28.552994
62,11,29.109535
62,12,29.47173
62,13,29.6981
62,14,29.833923
62,15,29.912123
62,16,29.95531
62,17,29.97817
62,18,29.989773
62,19,29.995403
62,2,9.189422
62,20,29.998022
62,21,29.999184
62,22,29.99968
62,23,29.99988
62,24,29.999958
62,25,29.999987
62,26,29.999996
62,27,30.0
62,28,30.0
62,29,30.0
62,3,13.361966
62,4,17.079329
62,5,20.265636
62,6,22.892944
62,7,24.97667
62,8,26.565954
62,9,27.731428
63,0,0.0
63,1,4.68307
63,10,28.55299
63,11,29.109535
63,12,29.471727
63,13,29.6981
63,14,29.833923
63,15,29.912125
63,16,29.955307
63,17,29.978176
63,18,29.989769
63,19,29.995403
63,2,9.189421
63,20,29.99802
63,21,29.999184
63,22,29.99968
63,23,29.99988
63,24,29.999958
63,25,29.999987
63,26,29.999996
63,27,30.0
63,28,30.0
63,29,30.0
63,3,13.361968
63,4,17.079327
63,5,20.265636
63,6,22.892944
63,7,24.976673
63,8,26.565952
63,9,27.731428
64,0,0.0
64,1,4.6830697
64,10,28.552994
64,11,29.109535
64,12,29.471731
64,13,29.698101
64,14,29.833923
64,15,29.912123
64,16,29.955313
64,17,29.97817
64,18,29.989773
64,19,29.995401
64,2,9.189421
64,20,29.99802
64,21,29.999184
64,22,29.99968
64,23,29.99988
64,24,29.999958
64,25,29.999987
64,26,29.999996
64,27,30.0
64,28,30.0
64,29,30.0
64,3,13.361967
64,4,17.079327
64,5,20.265636
64,6,22.892944
64,7,24.97667
64,8,26.565954
64,9,27.731428
65,0,0.0
65,1,4.6830697
65,10,28.552994
65,11,29.109535
65,12,29.47173
65,13,29.698101
65,14,29.833925
65,15,29.912127
65,16,29.955309
65,17,29.978176
65,18,29.989769
65,19,29.995403
65,2,9.189421
65,20,29.99802
65,21,29.999184
65,22,29.99968
65,23,29.99988
65,24,29.999958
65,25,29.999987
65,26,29.999996
65,27,30.0
65,28,30.0
65,29,30.0
65,3,13.361967
65,4,17.079327
65,5,20.265636
65,6,22.89294
65,7,24.976673
65,8,26.565952
65,9,27.73143
66,0,0.0
66,1,4.6830697
66,10,28.552994
66,11,29.109535
66,12,29.471733
66,13,29.698101
66,14,29.833925
66,15,29.912125
66,16,29.955313
66,17,29.97817
66,18,29.989773
66,19,29.995401
66,2,9.18942
66,20,29.99802
66,21,29.999184
66,22,29.99968
66,23,29.999882
66,24,29.999958
66,25,29.999989
66,26,29.999996
66,27,30.0
66,28,30.0
66,29,30.0
66,3,13.361967
66,4,17.079327
66,5,20.265635
66,6,22.892946
66,7,24.97667
66,8,26.565956
66,9,27.731428
67,0,0.0
67,1,4.6830697
67,10,28.552994
67,11,29.109535
67,12,29.47173
67,13,29.698101
67,14,29.833925
67,15,29.912127
67,16,29.955309
67,17,29.978176
67,18,29.989769
67,19,29.995403
67,2,9.189421
67,20,29.99802
67,21,29.999184
67,22,29.99968
67,23,29.99988
67,24,29.99996
67,25,29.999987
67,26,29.999996
67,27,30.0
67,28,30.0
67,29,30.0
67,3,13.361967
67,4,17.079327
67,5,20.265636
67,6,22.89294
67,7,24.976673
67,8,26.565952
67,9,27.73143
68,0,0.0
68,1,4.6830697
68,10,28.552992
68,11,29.109535
68,12,29.471733
68,13,29.698101
68,14,29.833925
68,15,29.912125
68,16,29.95531
68,17,29.978172
68,18,29.989773
68,19,29.995401
68,2,9.18942
68,20,29.998024
68,21,29.999184
68,22,29.99968
68,23,29.999882
68,24,29.999958
68,25,29.999989
68,26,29.999996
68,27,30.0
68,28,30.0
68,29,30.0
68,3,13.361967
68,4,17.079327
68,5,20.265635
68,6,22.892946
68,7,24.97667
68,8,26.565954
68,9,27.731428
69,0,0.0
69,1,4.6830697
69,10,28.552994
69,11,29.109535
69,12,29.471727
69,13,29.698101
69,14,29.833923
69,15,29.912125
69,16,29.95531
69,17,29.978172
69,18,29.989769
69,19,29.995403
69,2,9.189421
69,20,29.99802
69,21,29.999184
69,22,29.99968
69,23,29.99988
69,24,29.99996
69,25,29.999987
69,26,29.999996
69,27,30.0
69,28,30.0
69,29,30.0
69,3,13.361967
69,4,17.079327
69,5,20.265636
69,6,22.892942
69,7,24.976673
69,8,26.565954
69,9,27.73143
7,0,0.0
7,1,3.8891497
7,10,23.758339
7,11,24.225155
7,12,24.530483
7,13,24.721859
7,14,24.83833
7,15,24.907698
7,16,24.950516
7,17,24.981667
7,18,25.012474
7,19,25.054474
7,2,7.6329727
7,20,25.118961
7,21,25.222553
7,22,25.383461
7,23,25.628328
7,24,25.983595
7,25,26.480555
7,26,27.139423
7,27,27.967766
7,28,28.940598
7,29,30.0
7,3,11.099477
7,4,14.191372
7,5,16.841568
7,6,19.031021
7,7,20.767488
7,8,22.095497
7,9,23.06939
70,0,0.0
70,1,4.68307
70,10,28.552994
70,11,29.109535
70,12,29.47173
70,13,29.6981
70,14,29.833923
70,15,29.912125
70,16,29.95531
70,17,29.978174
70,18,29.98977
70,19,29.995403
70,2,9.189421
70,20,29.998022
70,21,29.999184
70,22,29.99968
70,23,29.999882
70,24,29.999958
70,25,29.999987
70,26,29.999996
70,27,30.0
70,28,30.0
70,29,30.0
70,3,13.361967
70,4,17.079327
70,5,20.265636
70,6,22.892944
70,7,24.976671
70,8,26.565954
70,9,27.73143
71,0,0.0
71,1,4.68307
71,10,28.552994
71,11,29.109535
71,12,29.47173
71,13,29.698101
71,14,29.833923
71,15,29.912127
71,16,29.95531
71,17,29.978172
71,18,29.989769
71,19,29.995403
71,2,9.189421
71,20,29.998024
71,21,29.999184
71,22,29.99968
71,23,29.999882
71,24,29.999958
71,25,29.999987
71,26,29.999998
71,27,30.0
71,28,30.0
71,29,30.0
71,3,13.361967
71,4,17.079327
71,5,20.265636
71,6,22.892942
71,7,24.976673
71,8,26.565956
71,9,27.73143
72,0,0.0
72,1,4.6830707
72,10,28.552994
72,11,29.109539
72,12,29.471733
72,13,29.698103
72,14,29.833927
72,15,29.912127
72,16,29.955315
72,17,29.978176
72,18,29.989773
72,19,29.995407
72,2,9.189423
72,20,29.998024
72,21,29.999187
72,22,29.999683
72,23,29.999882
72,24,29.99996
72,25,29.99999
72,26,29.999996
72,27,30.0
72,28,30.0
72,29,30.0
72,3,13.361969
72,4,17.07933
72,5,20.265636
72,6,22.892948
72,7,24.976673
72,8,26.565956
72,9,27.73143
73,0,0.0
73,1,4.683072
73,10,28.553003
73,11,29.109547
73,12,29.47174
73,13,29.698112
73,14,29.833935
73,15,29.912136
73,16,29.95532
73,17,29.978184
73,18,29.989782
73,19,29.995415
73,2,9.1894245
73,20,29.998032
73,21,29.999195
73,22,29.999687
73,23,29.999887
73,24,29.999966
73,25,29.999992
73,26,30.0
73,27,30.000002
73,28,30.0
73,29,30.0
73,3,13.361974
73,4,17.079334
73,5,20.265644
73,6,22.892954
73,7,24.97668
73,8,26.565962
73,9,27.731438
74,0,0.0
74,1,4.683077
74,10,28.553026
74,11,29.10957
74,12,29.471764
74,13,29.698135
74,14,29.833958
74,15,29.912159
74,16,29.955343
74,17,29.978209
74,18,29.989803
74,19,29.995438
74,2,9.189433
74,20,29.998055
74,21,29.999218
74,22,29.99971
74,23,29.999907
74,24,29.999983
74,25,30.000006
74,26,30.000013
74,27,30.00001
74,28,30.000006
74,29,30.0
74,3,13.361986
74,4,17.07935
74,5,20.265663
74,6,22.892971
74,7,24.9767
74,8,26.565987
74,9,27.73146
75,0,0.0
75,1,4.6830893
75,10,28.553091
75,11,29.109634
75,12,29.47183
75,13,29.6982
75,14,29.834024
75,15,29.912226
75,16,29.95541
75,17,29.978273
75,18,29.989868
75,19,29.995502
75,2,9.189459
75,20,29.99812
75,21,29.999283
75,22,29.99977
75,23,29.999964
75,24,30.000032
75,25,30.000051
75,26,30.000046
75,27,30.000036
75,28,30.00002
75,29,30.0
75,3,13.3620205
75,4,17.079395
75,5,20.265713
75,6,22.89303
75,7,24.97676
75,8,26.56605
75,9,27.731524
76,0,0.0
76,1,4.683123
76,10,28.553268
76,11,29.109814
76,12,29.472008
76,13,29.698383
76,14,29.834206
76,15,29.912405
76,16,29.955591
76,17,29.97845
76,18,29.99005
76,19,29.995678
76,2,9.189523
76,20,29.998295
76,21,29.999447
76,22,29.999931
76,23,30.000114
76,24,30.000168
76,25,30.000168
76,26,30.000141
76,27,30.0001
76,28,30.00005
76,29,30.0
76,3,13.362116
76,4,17.079512
76,5,20.265852
76,6,22.893179
76,7,24.976925
76,8,26.566217
76,9,27.731699
77,0,0.0
77,1,4.6832085
77,10,28.553726
77,11,29.110275
77,12,29.472473
77,13,29.698847
77,14,29.834671
77,15,29.912872
77,16,29.956055
77,17,29.97892
77,18,29.990509
77,19,29.996138
77,2,9.189692
77,20,29.998741
77,21,29.999886
77,22,30.000347
77,23,30.000504
77,24,30.000519
77,25,30.000465
77,26,30.000374
77,27,30.000263
77,28,30.000135
77,29,30.0
77,3,13.362354
77,4,17.079815
77,5,20.266203
77,6,22.893574
77,7,24.977343
77,8,26.566658
77,9,27.73215
78,0,0.0
78,1,4.6834216
78,10,28.554855
78,11,29.111418
78,12,29.47362
78,13,29.699997
78,14,29.835823
78,15,29.914022
78,16,29.957207
78,17,29.98006
78,18,29.991652
78,19,29.997261
78,2,9.190104
78,20,29.999847
78,21,30.000957
78,22,30.001371
78,23,30.001453
78,24,30.001375
78,25,30.001198
78,26,30.000957
78,27,30.000668
78,28,30.000343
78,29,30.0
78,3,13.362949
78,4,17.08056
78,5,20.267076
78,6,22.894535
78,7,24.978378
78,8,26.567738
78,9,27.733261
79,0,0.0
79,1,4.6839194
79,10,28.557514
79,11,29.1141
79,12,29.476318
79,13,29.702705
79,14,29.838531
79,15,29.916733
79,16,29.95991
79,17,29.982761
79,18,29.994328
79,19,29.999914
79,2,9.191077
79,20,30.002445
79,21,30.003483
79,22,30.003777
79,23,30.003698
79,24,30.003387
79,25,30.002926
79,26,30.002323
79,27,30.00162
79,28,30.000828
79,29,30.0
79,3,13.364344
79,4,17.082321
79,5,20.269121
79,6,22.896809
79,7,24.980808
79,8,26.57028
79,9,27.735874
8,0,0.0
8,1,4.138967
8,10,25.272516
8,11,25.769104
8,12,26.092476
8,13,26.295725
8,14,26.41857
8,15,26.491295
8,16,26.534964
8,17,26.564484
8,18,26.591322
8,19,26.624489
8,2,8.121746
8,20,26.674564
8,21,26.751923
8,22,26.87193
8,23,27.049557
8,24,27.304796
8,25,27.652592
8,26,28.106049
8,27,28.662868
8,28,29.306705
8,29,30.0
8,3,11.811789
8,4,15.099283
8,5,17.920626
8,6,20.246998
8,7,22.095486
8,8,23.505358
8,9,24.541843
80,0,0.0
80,1,4.6850443
80,10,28.563496
80,11,29.12014
80,12,29.482395
80,13,29.708794
80,14,29.84463
80,15,29.922827
80,16,29.966
80,17,29.988823
80,18,30.000357
80,19,30.005867
80,2,9.19326
80,20,30.008297
80,21,30.009148
80,22,30.00919
80,23,30.008722
80,24,30.00792
80,25,30.006786
80,26,30.005394
80,27,30.003742
80,28,30.001923
80,29,30.0
80,3,13.367489
80,4,17.08627
80,5,20.273731
80,6,22.901909
80,7,24.986279
80,8,26.575996
80,9,27.741756
81,0,0.0
81,1,4.687462
81,10,28.576366
81,11,29.13314
81,12,29.49546
81,13,29.7219
81,14,29.857744
81,15,29.935944
81,16,29.979088
81,17,30.001873
81,18,30.013313
81,19,30.018688
81,2,9.197979
81,20,30.02086
81,21,30.021347
81,22,30.0208
81,23,30.019558
81,24,30.017632
81,25,30.015121
81,26,30.011976
81,27,30.008333
81,28,30.004269
81,29,30.0
81,3,13.3742485
81,4,17.094791
81,5,20.283642
81,6,22.91291
81,7,24.998043
81,8,26.588305
81,9,27.754408
82,0,0.0
82,1,4.6924715
82,10,28.602867
82,11,29.159904
82,12,29.52237
82,13,29.748877
82,14,29.88475
82,15,29.962934
82,16,30.006044
82,17,30.028725
82,18,30.040003
82,19,30.045053
82,2,9.207708
82,20,30.04675
82,21,30.046423
82,22,30.04475
82,23,30.0418
82,24,30.037685
82,25,30.032228
82,26,30.025581
82,27,30.017754
82,28,30.009117
82,29,30.0
82,3,13.388243
82,4,17.11235
82,5,20.304123
82,6,22.935566
82,7,25.022314
82,8,26.613647
82,9,27.78048
83,0,0.0
83,1,4.7023935
83,10,28.65516
83,11,29.21268
83,12,29.575424
83,13,29.802065
83,14,29.937986
83,15,30.01616
83,16,30.05917
83,17,30.081678
83,18,30.092583
83,19,30.097069
83,2,9.227045
83,20,30.09774
83,21,30.095938
83,22,30.091904
83,23,30.085789
83,24,30.077171
83,25,30.06611
83,26,30.052376
83,27,30.036436
83,28,30.018673
83,29,30.0
83,3,13.41593
83,4,17.147188
83,5,20.344593
83,6,22.980404
83,7,25.070213
83,8,26.663715
83,9,27.831896
84,0,0.0
84,1,4.7213497
84,10,28.753984
84,11,29.312439
84,12,29.67566
84,13,29.902554
84,14,30.038555
84,15,30.116684
84,16,30.15954
84,17,30.18167
84,18,30.191963
84,19,30.19527
84,2,9.263834
84,20,30.194187
84,21,30.189415
84,22,30.18123
84,23,30.168869
84,24,30.152119
84,25,30.130163
84,26,30.103346
84,27,30.071789
84,28,30.036875
84,29,30.0
84,3,13.468731
84,4,17.213335
84,5,20.421547
84,6,23.065353
84,7,25.161049
84,8,26.758417
84,9,27.929201
85,0,0.0
85,1,4.7560754
85,10,28.933216
85,11,29.493176
85,12,29.85727
85,13,30.084545
85,14,30.220686
85,15,30.298748
85,16,30.341278
85,17,30.362812
85,18,30.37188
85,19,30.373295
85,2,9.331381
85,20,30.368816
85,21,30.359118
85,22,30.343082
85,23,30.320038
85,24,30.288115
85,25,30.24704
85,26,30.196
85,27,30.136463
85,28,30.070005
85,29,30.0
85,3,13.565247
85,4,17.334383
85,5,20.561762
85,6,23.220224
85,7,25.326077
85,8,26.93052
85,9,28.105654
86,0,0.0
86,1,4.817544
86,10,29.2449
86,11,29.807457
86,12,30.172823
86,13,30.40076
86,14,30.537079
86,15,30.614977
86,16,30.65702
86,17,30.677416
86,18,30.68464
86,19,30.682545
86,2,9.450456
86,20,30.67278
86,21,30.654154
86,22,30.625452
86,23,30.583332
86,24,30.526182
86,25,30.451159
86,26,30.358788
86,27,30.249699
86,28,30.128357
86,29,30.0
86,3,13.735534
86,4,17.546932
86,5,20.80795
86,6,23.490967
86,7,25.614498
86,8,27.230387
86,9,28.413042
87,0,0.0
87,1,4.9222417
87,10,29.765598
87,11,30.331787
87,12,30.699196
87,13,30.927963
87,14,31.064524
87,15,31.142162
87,16,31.183292
87,17,31.20208
87,18,31.20603
87,19,31.198826
87,2,9.6534395
87,20,31.179913
87,21,31.147785
87,22,31.097504
87,23,31.02547
87,24,30.925526
87,25,30.795559
87,26,30.632977
87,27,30.441593
87,28,30.226934
87,29,30.0
87,3,14.024385
87,4,17.907192
87,5,21.223051
87,6,23.946945
87,7,26.098228
87,8,27.73287
87,9,28.926779
88,0,0.0
88,1,5.095046
88,10,30.600544
88,11,31.172142
88,12,31.542011
88,13,31.771955
88,14,31.908691
88,15,31.985804
88,16,32.0257
88,17,32.041744
88,18,32.041267
88,19,32.025642
88,2,9.986952
88,20,31.99385
88,21,31.939854
88,22,31.85789
88,23,31.737614
88,24,31.572376
88,25,31.35332
88,26,31.079943
88,27,30.754044
88,28,30.388355
88,29,30.0
88,3,14.498354
88,4,18.494781
88,5,21.898512
88,6,24.684835
88,7,26.879486
88,8,28.54129
88,9,29.752346
89,0,0.0
89,1,5.3708715
89,10,31.887703
89,11,32.4655
89,12,32.838562
89,13,33.069527
89,14,33.206303
89,15,33.282604
89,16,33.320442
89,17,33.33304
89,18,33.325615
89,19,33.299065
89,2,10.518587
89,20,33.247528
89,21,33.163765
89,22,33.033504
89,23,32.844475
89,24,32.578922
89,25,32.227318
89,26,31.781036
89,27,31.247562
89,28,30.643085
89,29,30.0
89,3,15.248956
89,4,19.42188
89,5,22.956707
89,6,25.83666
89,7,28.092268
89,8,29.793243
89,9,31.026543
9,0,0.0
9,1,4.322167
9,10,26.384495
9,11,26.901329
9,12,27.238697
9,13,27.449862
9,14,27.577557
9,15,27.652403
9,16,27.696306
9,17,27.724339
9,18,27.746895
9,19,27.772736
9,2,8.482236
9,20,27.808935
9,21,27.864666
9,22,27.948362
9,23,28.07214
9,24,28.245636
9,25,28.480112
9,26,28.779354
9,27,29.142666
9,28,29.55674
9,29,30.0
9,3,12.334152
9,4,15.768342
9,5,18.711935
9,6,21.142033
9,7,23.069355
9,8,24.541822
9,9,25.621643
90,0,0.0
90,1,5.7997055
90,10,33.79404
90,11,34.37905
90,12,34.754627
90,13,34.98638
90,14,35.122654
90,15,35.197495
90,16,35.232834
90,17,35.240265
90,18,35.224617
90,19,35.18228
90,2,11.340008
90,20,35.106163
90,21,34.979843
90,22,34.78612
90,23,34.497955
90,24,34.093376
90,25,33.54636
90,26,32.848152
90,27,32.00044
90,28,31.034277
90,29,30.0
90,3,16.402946
90,4,20.834587
90,5,24.559673
90,6,27.567848
90,7,29.907108
90,8,31.657001
90,9,32.91887
91,0,0.0
91,1,6.4499474
91,10,36.50998
91,11,37.09971
91,12,37.476704
91,13,37.70764
91,14,37.842487
91,15,37.915222
91,16,37.946873
91,17,37.948715
91,18,37.92192
91,19,37.861954
91,2,12.578848
91,20,37.753212
91,21,37.57631
91,22,37.297836
91,23,36.883984
91,24,36.288673
91,25,35.477234
91,26,34.419205
91,27,33.119965
91,28,31.617685
91,29,30.0
91,3,18.124939
91,4,22.923925
91,5,26.904507
91,6,30.081423
91,7,32.5214
91,8,34.329746
91,9,35.62049
92,0,0.0
92,1,7.4204903
92,10,40.229843
92,11,40.820057
92,12,41.193886
92,13,41.421707
92,14,41.553326
92,15,41.62269
92,16,41.650368
92,17,41.64506
92,18,41.607376
92,19,41.525978
92,2,14.407085
92,20,41.383232
92,21,41.144966
92,22,40.770966
92,23,40.200214
92,24,39.371475
92,25,38.212
92,26,36.67466
92,27,34.74188
92,28,32.471935
92,29,30.0
92,3,20.634716
92,4,25.922821
92,5,30.229448
92,6,33.602913
92,7,36.155
92,8,38.017914
92,9,39.333664
93,0,0.0
93,1,8.857008
93,10,45.132446
93,11,45.711334
93,12,46.075676
93,13,46.29546
93,14,46.421318
93,15,46.4861
93,16,46.50869
93,17,46.497246
93,18,46.447643
93,19,46.34776
93,2,17.071781
93,20,46.168777
93,21,45.872185
93,22,45.393673
93,23,44.65703
93,24,43.55586
93,25,41.983685
93,26,39.83251
93,27,37.055748
93,28,33.705597
93,29,30.0
93,3,24.216352
93,4,30.120573
93,5,34.79769
93,6,38.3755
93,7,41.022373
93,8,42.92254
93,9,44.242664
94,0,0.0
94,1,10.999641
94,10,51.34635
94,11,51.897793
94,12,52.24076
94,13,52.4464
94,14,52.56269
94,15,52.620975
94,16,52.638832
94,17,52.621265
94,18,52.56411
94,19,52.448204
94,2,20.93769
94,20,52.243805
94,21,51.895836
94,22,51.331226
94,23,50.435707
94,24,49.06912
94,25,47.04623
94,26,44.18177
94,27,40.325096
94,28,35.493034
94,29,30.0
94,3,29.257504
94,4,35.857323
94,5,40.89666
94,6,44.626125
94,7,47.315113
94,8,49.20128
94,9,50.49096
95,0,0.0
95,1,14.286242
95,10,58.9245
95,11,59.422527
95,12,59.730114
95,13,59.912483
95,14,60.01476
95,15,60.064842
95,16,60.077503
95,17,60.05726
95,18,59.996044
95,19,59.876156
95,2,26.596453
95,20,59.659447
95,21,59.29052
95,22,58.67456
95,23,57.680546
95,24,56.10746
95,25,53.692772
95,26,50.094162
95,27,44.969273
95,28,38.14117
95,29,30.0
95,3,36.287018
95,4,43.53873
95,5,48.801952
95,6,52.544754
95,7,55.155334
95,8,56.943653
95,9,58.14083
96,0,0.0
96,1,19.641712
96,10,67.81128
96,11,68.226845
96,12,68.48051
96,13,68.63015
96,14,68.713135
96,15,68.75284
96,16,68.76147
96,17,68.740814
96,18,68.684555
96,19,68.572266
96,2,35.060402
96,20,68.37104
96,21,68.0195
96,22,67.42638
96,23,66.437645
96,24,64.823265
96,25,62.216663
96,26,58.08378
96,27,51.688683
96,28,42.29543
96,29,30.0
96,3,46.047874
96,4,53.60488
96,5,58.745384
96,6,62.22377
96,7,64.56596
96,8,66.12596
96,9,67.1514
97,0,0.0
97,1,29.305317
97,10,77.83272
97,11,78.13287
97,12,78.3152
97,13,78.42179
97,14,78.48059
97,15,78.50831
97,16,78.51318
97,17,78.49684
97,18,78.45245
97,19,78.36579
97,2,48.131775
97,20,78.206894
97,21,77.92897
97,22,77.44772
97,23,76.62922
97,24,75.237274
97,25,72.86991
97,26,68.79934
97,27,61.73059
97,28,49.514038
97,29,30.0
97,3,59.50419
97,4,66.45451
97,5,70.81224
97,6,73.60536
97,7,75.4156
97,8,76.59212
97,9,77.350266
98,0,0.0
98,1,49.514977
98,10,88.692764
98,11,88.851
98,12,88.946365
98,13,89.002045
98,14,89.03256
98,15,89.04675
98,16,89.04905
98,17,89.03972
98,18,89.01561
98,19,88.96756
98,2,68.79053
98,20,88.880264
98,21,88.72456
98,22,88.453316
98,23,87.98002
98,24,87.151245
98,25,85.6615
98,26,82.85867
98,27,77.15369
98,28,64.151215
98,29,30.0
98,3,77.58921
98,4,82.172424
98,5,84.7971
98,6,86.39192
98,7,87.39397
98,8,88.03141
98,9,88.43736
99,0,0.0
99,1,100.0
99,10,100.0
99,11,100.0
99,12,100.0
99,13,100.0
99,14,100.0
99,15,100.0
99,16,100.0
99,17,100.0
99,18,100.0
99,19,100.0
99,2,100.0
99,20,100.0
99,21,100.0
99,22,100.0
99,23,100.0
99,24,100.0
99,25,100.0
99,26,100.0
99,27,100.0
99,28,100.0
99,29,30.0
99,3,100.0
99,4,100.0
99,5,100.0
99,6,100.0
99,7,100.0
99,8,100.0
99,9,100.0
