0,0,0.0
0,1,0.0
0,10,0.0
0,11,0.0
0,12,0.0
0,13,0.0
0,14,0.0
0,15,30.0
0,2,0.0
0,3,0.0
0,4,0.0
0,5,0.0
0,6,0.0
0,7,0.0
0,8,0.0
0,9,0.0
1,0,0.0
1,1,0.63501805
1,10,5.1737566
1,11,5.943203
1,12,7.23393
1,13,9.735254
1,14,15.3416195
1,15,30.0
1,2,1.2542877
1,3,1.8439391
1,4,2.3936832
1,5,2.8982854
1,6,3.3589938
1,7,3.785389
1,8,4.1985836
1,9,4.6376677
10,0,0.0
10,1,11.1171665
10,10,49.437103
10,11,47.81414
10,12,45.02269
10,13,41.00983
10,14,35.87114
10,15,30.0
10,2,21.188942
10,3,29.663536
10,4,36.431023
10,5,41.61454
10,6,45.408916
10,7,47.99378
10,8,49.496178
10,9,49.978287
11,0,0.0
11,1,14.541332
11,10,57.053596
11,11,54.915928
11,12,51.27781
11,13,45.88124
11,14,38.63421
11,15,30.0
11,2,27.111576
11,3,37.06614
11,4,44.566113
11,5,50.026886
11,6,53.850872
11,7,56.338688
11,8,57.673393
11,9,57.924675
12,0,0.0
12,1,19.9368
12,10,65.93757
12,11,63.518944
12,12,59.29198
12,13,52.603516
12,14,42.784683
12,15,30.0
12,2,35.650303
12,3,46.923946
12,4,54.74115
12,5,60.076912
12,6,63.629974
12,7,65.83774
12,8,66.93503
12,9,66.99442
13,0,0.0
13,1,29.555733
13,10,76.18404
13,11,73.93088
13,12,69.76814
13,13,62.45649
13,14,49.90117
13,15,30.0
13,2,48.62922
13,3,60.23866
13,4,67.398254
13,5,71.91034
13,6,74.75515
13,7,76.44807
13,8,77.23537
13,9,77.18117
14,0,0.0
14,1,49.65702
14,10,87.687
14,11,86.2528
14,12,83.39354
14,13,77.55338
14,14,64.36362
14,15,30.0
14,2,69.07242
14,3,78.00355
14,4,82.70328
14,5,85.41153
14,6,87.032745
14,7,87.96457
14,8,88.37777
14,9,88.31142
15,0,0.0
15,1,100.0
15,10,100.0
15,11,100.0
15,12,100.0
15,13,100.0
15,14,100.0
15,15,30.0
15,2,100.0
15,3,100.0
15,4,100.0
15,5,100.0
15,6,100.0
15,7,100.0
15,8,100.0
15,9,100.0
2,0,0.0
2,1,1.2858435
2,10,10.114403
2,11,11.365335
2,12,13.257431
2,13,16.365582
2,14,21.631283
2,15,30.0
2,2,2.538308
2,3,3.727952
2,4,4.832718
2,5,5.840709
2,6,6.7525706
2,7,7.584259
2,8,8.371562
2,9,9.178597
3,0,0.0
3,1,1.9701625
3,10,14.740398
3,11,16.14672
3,12,18.0652
3,13,20.838587
3,14,24.818047
3,15,30.0
3,2,3.885374
3,3,5.697167
3,4,7.3689384
3,5,8.879743
3,6,10.226845
3,7,11.428068
3,8,12.525356
3,9,13.59129
4,0,0.0
4,1,2.7095993
4,10,19.109882
4,11,20.416538
4,12,22.018538
4,13,24.105843
4,14,26.802477
4,15,30.0
4,2,5.336183
4,3,7.806873
4,4,10.066723
4,5,12.083171
4,6,13.847761
4,7,15.376605
4,8,16.711308
4,9,17.921564
5,0,0.0
5,1,3.5322623
5,10,23.361897
5,11,24.391775
5,12,25.487167
5,13,26.764187
5,14,28.286236
5,15,30.0
5,2,6.9432974
5,3,10.128017
5,4,13.008657
5,5,15.539335
5,6,17.705383
5,7,19.520302
5,8,21.022701
5,9,22.274754
6,0,0.0
6,1,4.4763975
6,10,27.67221
6,11,28.30237
6,12,28.774872
6,13,29.177982
6,14,29.578524
6,15,30.0
6,2,8.777209
6,3,12.75393
6,4,16.301437
6,5,19.361149
6,6,21.91527
6,7,23.977682
6,8,25.585625
6,9,26.793972
7,0,0.0
7,1,5.59639
7,10,32.231724
7,11,32.371605
7,12,32.13272
7,13,31.59488
7,14,30.850145
7,15,30.0
7,2,10.935737
7,3,15.809825
7,4,20.082975
7,5,23.689682
7,6,26.618095
7,7,28.890839
7,8,30.549435
7,9,31.644547
8,0,0.0
8,1,6.9737062
8,10,37.23973
8,11,36.820595
8,12,35.790356
8,13,34.21922
8,14,32.227463
8,15,30.0
8,2,13.560079
8,3,19.467453
8,4,24.531975
8,5,28.697685
8,6,31.977898
8,7,34.419495
8,8,36.07809
8,9,37.00434
9,0,0.0
9,1,8.738643
9,10,42.903427
9,11,41.88172
9,12,39.989685
9,13,37.264744
9,14,33.840767
9,15,30.0
9,2,16.863968
9,3,23.968746
9,4,29.880783
9,5,34.592373
9,6,38.177612
9,7,40.732506
9,8,42.340446
9,9,43.056316
