0,0,0.0
0,1,0.0
0,10,0.0
0,11,0.0
0,12,0.0
0,13,0.0
0,14,0.0
0,15,30.0
0,2,0.0
0,3,0.0
0,4,0.0
0,5,0.0
0,6,0.0
0,7,0.0
0,8,0.0
0,9,0.0
1,0,0.0
1,1,0.6356715
1,10,5.176482
1,11,5.9455423
1,12,7.2357807
1,13,9.736534
1,14,15.342275
1,15,30.0
1,2,1.2555659
1,3,1.8457867
1,4,2.3960192
1,5,2.9010086
1,6,3.3619847
1,7,3.7885175
1,8,4.2017126
1,9,4.6406603
10,0,0.0
10,1,11.119904
10,10,49.448517
10,11,47.823936
10,12,45.03044
10,13,41.015194
10,14,35.873882
10,15,30.0
10,2,21.194294
10,3,29.671276
10,4,36.440804
10,5,41.625946
10,6,45.421444
10,7,48.006878
10,8,49.509277
10,9,49.990818
11,0,0.0
11,1,14.543682
11,10,57.063396
11,11,54.924343
11,12,51.284462
11,13,45.88584
11,14,38.636566
11,15,30.0
11,2,27.116173
11,3,37.072784
11,4,44.574516
11,5,50.036682
11,6,53.86163
11,7,56.349937
11,8,57.68464
11,9,57.93544
12,0,0.0
12,1,19.93866
12,10,65.94533
12,11,63.52559
12,12,59.29725
12,13,52.60716
12,14,42.786545
12,15,30.0
12,2,35.65394
12,3,46.929207
12,4,54.747803
12,5,60.084663
12,6,63.638485
12,7,65.846634
12,8,66.94393
12,9,67.00293
13,0,0.0
13,1,29.557016
13,10,76.18941
13,11,73.935486
13,12,69.77179
13,13,62.45902
13,14,49.90246
13,15,30.0
13,2,48.63174
13,3,60.242294
13,4,67.40285
13,5,71.9157
13,6,74.76103
13,7,76.45422
13,8,77.24153
13,9,77.187065
14,0,0.0
14,1,49.65768
14,10,87.68974
14,11,86.25516
14,12,83.3954
14,13,77.55467
14,14,64.36428
14,15,30.0
14,2,69.07371
14,3,78.00541
14,4,82.70563
14,5,85.414276
14,6,87.03577
14,7,87.96773
14,8,88.38092
14,9,88.31443
15,0,0.0
15,1,100.0
15,10,100.0
15,11,100.0
15,12,100.0
15,13,100.0
15,14,100.0
15,15,30.0
15,2,100.0
15,3,100.0
15,4,100.0
15,5,100.0
15,6,100.0
15,7,100.0
15,8,100.0
15,9,100.0
2,0,0.0
2,1,1.287122
2,10,10.119736
2,11,11.369913
2,12,13.261051
2,13,16.368088
2,14,21.632565
2,15,30.0
2,2,2.5408094
2,3,3.7315667
2,4,4.8372893
2,5,5.8460374
2,6,6.7584233
2,7,7.5903797
2,8,8.377685
2,9,9.184454
3,0,0.0
3,1,1.972011
3,10,14.74811
3,11,16.153336
3,12,18.070435
3,13,20.842209
3,14,24.819897
3,15,30.0
3,2,3.88899
3,3,5.7023935
3,4,7.375547
3,5,8.887446
3,6,10.235306
3,7,11.436917
3,8,12.534207
3,9,13.599755
4,0,0.0
4,1,2.7119374
4,10,19.119633
4,11,20.42491
4,12,22.025158
4,13,24.110426
4,14,26.80482
4,15,30.0
4,2,5.3407574
4,3,7.813484
4,4,10.075082
4,5,12.092915
4,6,13.858463
4,7,15.3878
4,8,16.722502
4,9,17.932274
5,0,0.0
5,1,3.5349884
5,10,23.373272
5,11,24.401533
5,12,25.494888
5,13,26.769527
5,14,28.288965
5,15,30.0
5,2,6.948631
5,3,10.135726
5,4,13.018406
5,5,15.550697
5,6,17.717865
5,7,19.533352
5,8,21.035757
5,9,22.28724
6,0,0.0
6,1,4.4793935
6,10,27.684708
6,11,28.313097
6,12,28.783354
6,13,29.183855
6,14,29.581524
6,15,30.0
6,2,8.78307
6,3,12.762403
6,4,16.31215
6,5,19.373636
6,6,21.928986
6,7,23.992031
6,8,25.599972
6,9,26.807697
7,0,0.0
7,1,5.599525
7,10,32.2448
7,11,32.382828
7,12,32.141605
7,13,31.601025
7,14,30.853287
7,15,30.0
7,2,10.941871
7,3,15.818689
7,4,20.094187
7,5,23.70275
7,6,26.63245
7,7,28.90585
7,8,30.56445
7,9,31.658907
8,0,0.0
8,1,6.976845
8,10,37.25282
8,11,36.831833
8,12,35.799244
8,13,34.225372
8,14,32.230606
8,15,30.0
8,2,13.566217
8,3,19.476326
8,4,24.54319
8,5,28.710762
8,6,31.99226
8,7,34.434517
8,8,36.093117
8,9,37.018715
9,0,0.0
9,1,8.741646
9,10,42.915962
9,11,41.89247
9,12,39.99819
9,13,37.27063
9,14,33.843777
9,15,30.0
9,2,16.869846
9,3,23.977234
9,4,29.891525
9,5,34.60489
9,6,38.19136
9,7,40.746883
9,8,42.354828
9,9,43.07007
