0,0,0.0
0,1,0.0
0,10,0.0
0,11,0.0
0,12,0.0
0,13,0.0
0,14,0.0
0,15,30.0
0,2,0.0
0,3,0.0
0,4,0.0
0,5,0.0
0,6,0.0
0,7,0.0
0,8,0.0
0,9,0.0
1,0,0.0
1,1,0.63557816
1,10,5.1760936
1,11,5.945209
1,12,7.2355165
1,13,9.736352
1,14,15.34218
1,15,30.0
1,2,1.2553833
1,3,1.8455226
1,4,2.3956857
1,5,2.9006195
1,6,3.361558
1,7,3.7880712
1,8,4.2012663
1,9,4.6402335
10,0,0.0
10,1,11.119514
10,10,49.4469
10,11,47.822544
10,12,45.029343
10,13,41.014435
10,14,35.873493
10,15,30.0
10,2,21.193533
10,3,29.670174
10,4,36.439415
10,5,41.624325
10,6,45.419662
10,7,48.005013
10,8,49.50742
10,9,49.989037
11,0,0.0
11,1,14.543347
11,10,57.062004
11,11,54.92315
11,12,51.283516
11,13,45.885193
11,14,38.63623
11,15,30.0
11,2,27.115519
11,3,37.07184
11,4,44.57332
11,5,50.03529
11,6,53.8601
11,7,56.348343
11,8,57.683037
11,9,57.933914
12,0,0.0
12,1,19.938395
12,10,65.94423
12,11,63.524643
12,12,59.2965
12,13,52.606644
12,14,42.786278
12,15,30.0
12,2,35.653423
12,3,46.92845
12,4,54.746857
12,5,60.083557
12,6,63.63728
12,7,65.84537
12,8,66.942665
12,9,67.001724
13,0,0.0
13,1,29.556835
13,10,76.18864
13,11,73.93483
13,12,69.77127
13,13,62.45866
13,14,49.902275
13,15,30.0
13,2,48.63138
13,3,60.241783
13,4,67.4022
13,5,71.91495
13,6,74.7602
13,7,76.453354
13,8,77.240654
13,9,77.18623
14,0,0.0
14,1,49.657585
14,10,87.68936
14,11,86.25482
14,12,83.39514
14,13,77.55449
14,14,64.36419
14,15,30.0
14,2,69.073524
14,3,78.00514
14,4,82.7053
14,5,85.41388
14,6,87.03534
14,7,87.96728
14,8,88.38048
14,9,88.313995
15,0,0.0
15,1,100.0
15,10,100.0
15,11,100.0
15,12,100.0
15,13,100.0
15,14,100.0
15,15,30.0
15,2,100.0
15,3,100.0
15,4,100.0
15,5,100.0
15,6,100.0
15,7,100.0
15,8,100.0
15,9,100.0
2,0,0.0
2,1,1.2869394
2,10,10.118976
2,11,11.369261
2,12,13.260535
2,13,16.36773
2,14,21.632381
2,15,30.0
2,2,2.540452
2,3,3.7310507
2,4,4.8366365
2,5,5.8452773
2,6,6.757588
2,7,7.589507
2,8,8.376812
2,9,9.183619
3,0,0.0
3,1,1.9717472
3,10,14.74701
3,11,16.152393
3,12,18.06969
3,13,20.841692
3,14,24.819633
3,15,30.0
3,2,3.888474
3,3,5.701647
3,4,7.374604
3,5,8.886347
3,6,10.234099
3,7,11.435656
3,8,12.532946
3,9,13.598549
4,0,0.0
4,1,2.7116039
4,10,19.118244
4,11,20.42372
4,12,22.024216
4,13,24.109776
4,14,26.804487
4,15,30.0
4,2,5.340105
4,3,7.812541
4,4,10.073889
4,5,12.091525
4,6,13.856938
4,7,15.386206
4,8,16.720905
4,9,17.930748
5,0,0.0
5,1,3.5346
5,10,23.37165
5,11,24.400145
5,12,25.49379
5,13,26.76877
5,14,28.288578
5,15,30.0
5,2,6.947871
5,3,10.134625
5,4,13.017017
5,5,15.549077
5,6,17.716087
5,7,19.531494
5,8,21.033897
5,9,22.285463
6,0,0.0
6,1,4.4789667
6,10,27.68293
6,11,28.311573
6,12,28.78215
6,13,29.183018
6,14,29.581099
6,15,30.0
6,2,8.782235
6,3,12.761194
6,4,16.310623
6,5,19.371859
6,6,21.927032
6,7,23.989988
6,8,25.59793
6,9,26.805744
7,0,0.0
7,1,5.5990787
7,10,32.242943
7,11,32.381233
7,12,32.140343
7,13,31.600153
7,14,30.85284
7,15,30.0
7,2,10.940997
7,3,15.817427
7,4,20.09259
7,5,23.700888
7,6,26.63041
7,7,28.903713
7,8,30.562313
7,9,31.656864
8,0,0.0
8,1,6.9763975
8,10,37.250957
8,11,36.830235
8,12,35.79798
8,13,34.224495
8,14,32.23016
8,15,30.0
8,2,13.565344
8,3,19.475063
8,4,24.541594
8,5,28.7089
8,6,31.99022
8,7,34.43238
8,8,36.09098
8,9,37.016674
9,0,0.0
9,1,8.7412195
9,10,42.914185
9,11,41.890945
9,12,39.99698
9,13,37.26979
9,14,33.843346
9,15,30.0
9,2,16.869007
9,3,23.976028
9,4,29.889996
9,5,34.603107
9,6,38.189404
9,7,40.744843
9,8,42.352783
9,9,43.06812
