0,0,0.0
0,1,0.0
0,10,0.0
0,11,0.0
0,12,0.0
0,13,0.0
0,14,0.0
0,15,30.0
0,2,0.0
0,3,0.0
0,4,0.0
0,5,0.0
0,6,0.0
0,7,0.0
0,8,0.0
0,9,0.0
1,0,0.0
1,1,0.6346003
1,10,5.1720057
1,11,5.941699
1,12,7.2327394
1,13,9.73443
1,14,15.341198
1,15,30.0
1,2,1.2534701
1,3,1.8427571
1,4,2.3921878
1,5,2.8965416
1,6,3.3570774
1,7,3.7833831
1,8,4.196577
1,9,4.635746
10,0,0.0
10,1,11.115392
10,10,49.429672
10,11,47.807755
10,12,45.01764
10,13,41.006332
10,14,35.86935
10,15,30.0
10,2,21.18547
10,3,29.658516
10,4,36.42467
10,5,41.607132
10,6,45.40078
10,7,47.985252
10,8,49.487656
10,9,49.970127
11,0,0.0
11,1,14.539806
11,10,57.047203
11,11,54.91044
11,12,51.27346
11,13,45.87823
11,14,38.63267
11,15,30.0
11,2,27.108587
11,3,37.061825
11,4,44.56065
11,5,50.02052
11,6,53.843872
11,7,56.331367
11,8,57.666054
11,9,57.91766
12,0,0.0
12,1,19.93559
12,10,65.9325
12,11,63.514584
12,12,59.288536
12,13,52.601128
12,14,42.783466
12,15,30.0
12,2,35.647934
12,3,46.920525
12,4,54.736828
12,5,60.07187
12,6,63.624428
12,7,65.83193
12,8,66.929214
12,9,66.98886
13,0,0.0
13,1,29.554893
13,10,76.18052
13,11,73.92786
13,12,69.76575
13,13,62.454845
13,14,49.900326
13,15,30.0
13,2,48.62758
13,3,60.236286
13,4,67.395256
13,5,71.906845
13,6,74.751305
13,7,76.444046
13,8,77.23134
13,9,77.17732
14,0,0.0
14,1,49.656593
14,10,87.685196
14,11,86.25125
14,12,83.39232
14,13,77.552536
14,14,64.36319
14,15,30.0
14,2,69.07158
14,3,78.002335
14,4,82.701744
14,5,85.409744
14,6,87.03078
14,7,87.96252
14,8,88.37571
14,9,88.30944
15,0,0.0
15,1,100.0
15,10,100.0
15,11,100.0
15,12,100.0
15,13,100.0
15,14,100.0
15,15,30.0
15,2,100.0
15,3,100.0
15,4,100.0
15,5,100.0
15,6,100.0
15,7,100.0
15,8,100.0
15,9,100.0
2,0,0.0
2,1,1.2850254
2,10,10.110974
2,11,11.3623905
2,12,13.255101
2,13,16.363968
2,14,21.630459
2,15,30.0
2,2,2.536707
2,3,3.7256374
2,4,4.82979
2,5,5.8372946
2,6,6.7488174
2,7,7.5803323
2,8,8.367632
2,9,9.174837
3,0,0.0
3,1,1.9689786
3,10,14.735437
3,11,16.14246
3,12,18.061827
3,13,20.836254
3,14,24.81685
3,15,30.0
3,2,3.8830574
3,3,5.6938176
3,4,7.364702
3,5,8.874803
3,6,10.221415
3,7,11.422384
3,8,12.519669
3,9,13.585846
4,0,0.0
4,1,2.7080998
4,10,19.103598
4,11,20.411142
4,12,22.014269
4,13,24.102886
4,14,26.800966
4,15,30.0
4,2,5.3332486
4,3,7.802631
4,4,10.061356
4,5,12.076912
4,6,13.840883
4,7,15.369408
4,8,16.7041
4,9,17.914669
5,0,0.0
5,1,3.5305104
5,10,23.354557
5,11,24.385471
5,12,25.482178
5,13,26.760735
5,14,28.28447
5,15,30.0
5,2,6.93987
5,3,10.12306
5,4,13.00239
5,5,15.532025
5,6,17.697351
5,7,19.511892
5,8,21.014286
5,9,22.266699
6,0,0.0
6,1,4.474469
6,10,27.664131
6,11,28.29543
6,12,28.769379
6,13,29.17418
6,14,29.57658
6,15,30.0
6,2,8.773435
6,3,12.748475
6,4,16.294537
6,5,19.353102
6,6,21.906425
6,7,23.968428
6,8,25.576363
6,9,26.785105
7,0,0.0
7,1,5.5943675
7,10,32.22325
7,11,32.364326
7,12,32.12697
7,13,31.590897
7,14,30.848106
7,15,30.0
7,2,10.93178
7,3,15.804104
7,4,20.075739
7,5,23.681244
7,6,26.608826
7,7,28.881134
7,8,30.539719
7,9,31.63525
8,0,0.0
8,1,6.9716787
8,10,37.23124
8,11,36.8133
8,12,35.784584
8,13,34.215225
8,14,32.225418
8,15,30.0
8,2,13.55611
8,3,19.461718
8,4,24.524715
8,5,28.689224
8,6,31.968601
8,7,34.40976
8,8,36.06835
8,9,36.99502
9,0,0.0
9,1,8.736699
9,10,42.895287
9,11,41.87473
9,12,39.98415
9,13,37.26091
9,14,33.838806
9,15,30.0
9,2,16.860165
9,3,23.963245
9,4,29.873825
9,5,34.58426
9,6,38.168694
9,7,40.723175
9,8,42.331104
9,9,43.04738
