0,0,0.0
0,1,0.0
0,2,0.0
0,3,0.0
0,4,0.0
0,5,0.0
0,6,0.0
0,7,30.0
1,0,0.0
1,1,2.930046
1,2,5.519307
1,3,7.6410127
1,4,9.484722
1,5,11.773588
1,6,16.543392
1,7,30.0
2,0,0.0
2,1,6.197033
2,2,11.509345
2,3,15.566164
2,4,18.540451
2,5,21.085894
2,6,24.411514
2,7,30.0
3,0,0.0
3,1,10.361834
3,2,18.775688
3,3,24.620937
3,4,28.084139
3,5,29.673378
3,6,30.05487
3,7,30.0
4,0,0.0
4,1,16.507528
4,2,28.689985
4,3,36.164948
4,4,39.628147
4,5,39.587673
4,6,36.20057
4,7,30.0
5,0,0.0
5,1,27.044638
5,2,43.43118
5,3,51.8918
5,4,54.86609
5,5,53.00773
5,6,45.259117
5,7,30.0
6,0,0.0
6,1,48.30787
6,2,66.234245
6,3,73.284485
6,4,75.12819
6,5,72.488525
6,6,61.92122
6,7,30.0
7,0,0.0
7,1,100.0
7,2,100.0
7,3,100.0
7,4,100.0
7,5,100.0
7,6,100.0
7,7,30.0
