0,0,0.0
0,1,0.0
0,10,0.0
0,11,0.0
0,12,0.0
0,13,0.0
0,14,0.0
0,15,30.0
0,2,0.0
0,3,0.0
0,4,0.0
0,5,0.0
0,6,0.0
0,7,0.0
0,8,0.0
0,9,0.0
1,0,0.0
1,1,0.6356789
1,10,5.176513
1,11,5.9455686
1,12,7.2358017
1,13,9.736549
1,14,15.342281
1,15,30.0
1,2,1.2555803
1,3,1.8458076
1,4,2.3960457
1,5,2.9010391
1,6,3.3620186
1,7,3.7885528
1,8,4.201749
1,9,4.640694
10,0,0.0
10,1,11.119934
10,10,49.448647
10,11,47.824043
10,12,45.030525
10,13,41.01525
10,14,35.87391
10,15,30.0
10,2,21.194355
10,3,29.67136
10,4,36.440918
10,5,41.626076
10,6,45.42159
10,7,48.007027
10,8,49.509426
10,9,49.990955
11,0,0.0
11,1,14.543709
11,10,57.063507
11,11,54.924435
11,12,51.28454
11,13,45.885895
11,14,38.63659
11,15,30.0
11,2,27.116222
11,3,37.07286
11,4,44.574608
11,5,50.03679
11,6,53.861748
11,7,56.350063
11,8,57.68476
11,9,57.93556
12,0,0.0
12,1,19.938679
12,10,65.94541
12,11,63.525665
12,12,59.297302
12,13,52.6072
12,14,42.786568
12,15,30.0
12,2,35.653984
12,3,46.929264
12,4,54.74788
12,5,60.08475
12,6,63.63858
12,7,65.84673
12,8,66.94403
12,9,67.00302
13,0,0.0
13,1,29.557032
13,10,76.18946
13,11,73.93553
13,12,69.77183
13,13,62.459045
13,14,49.902473
13,15,30.0
13,2,48.63177
13,3,60.24234
13,4,67.40291
13,5,71.91576
13,6,74.7611
13,7,76.4543
13,8,77.2416
13,9,77.18713
14,0,0.0
14,1,49.657692
14,10,87.68978
14,11,86.25518
14,12,83.395424
14,13,77.55469
14,14,64.36429
14,15,30.0
14,2,69.07372
14,3,78.00543
14,4,82.70566
14,5,85.41431
14,6,87.03579
14,7,87.96776
14,8,88.38096
14,9,88.31447
15,0,0.0
15,1,100.0
15,10,100.0
15,11,100.0
15,12,100.0
15,13,100.0
15,14,100.0
15,15,30.0
15,2,100.0
15,3,100.0
15,4,100.0
15,5,100.0
15,6,100.0
15,7,100.0
15,8,100.0
15,9,100.0
2,0,0.0
2,1,1.2871363
2,10,10.119797
2,11,11.369965
2,12,13.261092
2,13,16.368116
2,14,21.63258
2,15,30.0
2,2,2.5408375
2,3,3.7316074
2,4,4.837341
2,5,5.846098
2,6,6.7584887
2,7,7.59045
2,8,8.377753
2,9,9.184521
3,0,0.0
3,1,1.9720318
3,10,14.748197
3,11,16.153412
3,12,18.070494
3,13,20.84225
3,14,24.819918
3,15,30.0
3,2,3.8890307
3,3,5.7024527
3,4,7.375622
3,5,8.887533
3,6,10.235401
3,7,11.4370165
3,8,12.5343075
3,9,13.59985
4,0,0.0
4,1,2.7119637
4,10,19.119743
4,11,20.425003
4,12,22.025236
4,13,24.110477
4,14,26.804848
4,15,30.0
4,2,5.340809
4,3,7.8135586
4,4,10.075176
4,5,12.093024
4,6,13.858584
4,7,15.387926
4,8,16.722628
4,9,17.932396
5,0,0.0
5,1,3.5350196
5,10,23.3734
5,11,24.401646
5,12,25.494974
5,13,26.769592
5,14,28.288998
5,15,30.0
5,2,6.9486914
5,3,10.135812
5,4,13.018516
5,5,15.550825
5,6,17.718006
5,7,19.5335
5,8,21.035904
5,9,22.28738
6,0,0.0
6,1,4.4794273
6,10,27.684849
6,11,28.313221
6,12,28.783453
6,13,29.18392
6,14,29.581558
6,15,30.0
6,2,8.783136
6,3,12.762497
6,4,16.312271
6,5,19.373775
6,6,21.92914
6,7,23.992191
6,8,25.600132
6,9,26.807854
7,0,0.0
7,1,5.5995607
7,10,32.244953
7,11,32.382954
7,12,32.141705
7,13,31.601093
7,14,30.853321
7,15,30.0
7,2,10.941939
7,3,15.81879
7,4,20.094313
7,5,23.702896
7,6,26.632612
7,7,28.90602
7,8,30.564621
7,9,31.659065
8,0,0.0
8,1,6.9768796
8,10,37.252964
8,11,36.83196
8,12,35.799343
8,13,34.22544
8,14,32.23064
8,15,30.0
8,2,13.566287
8,3,19.476427
8,4,24.543318
8,5,28.71091
8,6,31.992424
8,7,34.434685
8,8,36.093285
8,9,37.01888
9,0,0.0
9,1,8.74168
9,10,42.9161
9,11,41.89259
9,12,39.998283
9,13,37.270695
9,14,33.84381
9,15,30.0
9,2,16.86991
9,3,23.977333
9,4,29.891644
9,5,34.60503
9,6,38.191513
9,7,40.747047
9,8,42.35499
9,9,43.07022
