0,0,0.0
0,1,0.0
0,10,0.0
0,11,0.0
0,12,0.0
0,13,0.0
0,14,0.0
0,15,30.0
0,2,0.0
0,3,0.0
0,4,0.0
0,5,0.0
0,6,0.0
0,7,0.0
0,8,0.0
0,9,0.0
1,0,0.0
1,1,0.6356747
1,10,5.1764956
1,11,5.945554
1,12,7.23579
1,13,9.736542
1,14,15.342278
1,15,30.0
1,2,1.2555721
1,3,1.8457958
1,4,2.396031
1,5,2.9010217
1,6,3.3619995
1,7,3.7885325
1,8,4.2017283
1,9,4.6406746
10,0,0.0
10,1,11.119917
10,10,49.448578
10,11,47.823982
10,12,45.03048
10,13,41.01522
10,14,35.873894
10,15,30.0
10,2,21.19432
10,3,29.671312
10,4,36.440853
10,5,41.626003
10,6,45.4215
10,7,48.00694
10,8,49.509342
10,9,49.990883
11,0,0.0
11,1,14.543693
11,10,57.063446
11,11,54.92438
11,12,51.284492
11,13,45.885864
11,14,38.636574
11,15,30.0
11,2,27.116196
11,3,37.072815
11,4,44.574554
11,5,50.036728
11,6,53.86168
11,7,56.34999
11,8,57.684692
11,9,57.93549
12,0,0.0
12,1,19.938667
12,10,65.94536
12,11,63.525627
12,12,59.29727
12,13,52.60717
12,14,42.786552
12,15,30.0
12,2,35.653957
12,3,46.92923
12,4,54.747833
12,5,60.0847
12,6,63.63853
12,7,65.84668
12,8,66.94397
12,9,67.002975
13,0,0.0
13,1,29.557022
13,10,76.18942
13,11,73.9355
13,12,69.771805
13,13,62.45903
13,14,49.902466
13,15,30.0
13,2,48.63175
13,3,60.24231
13,4,67.40288
13,5,71.915726
13,6,74.76106
13,7,76.454254
13,8,77.24156
13,9,77.18709
14,0,0.0
14,1,49.65768
14,10,87.68975
14,11,86.255165
14,12,83.39541
14,13,77.55468
14,14,64.36429
14,15,30.0
14,2,69.07371
14,3,78.00541
14,4,82.705635
14,5,85.414276
14,6,87.03577
14,7,87.967735
14,8,88.38093
14,9,88.31444
15,0,0.0
15,1,100.0
15,10,100.0
15,11,100.0
15,12,100.0
15,13,100.0
15,14,100.0
15,15,30.0
15,2,100.0
15,3,100.0
15,4,100.0
15,5,100.0
15,6,100.0
15,7,100.0
15,8,100.0
15,9,100.0
2,0,0.0
2,1,1.2871282
2,10,10.119761
2,11,11.369935
2,12,13.261069
2,13,16.3681
2,14,21.63257
2,15,30.0
2,2,2.5408216
2,3,3.731585
2,4,4.8373117
2,5,5.846064
2,6,6.7584515
2,7,7.5904107
2,8,8.377714
2,9,9.184483
3,0,0.0
3,1,1.97202
3,10,14.748146
3,11,16.15337
3,12,18.07046
3,13,20.842228
3,14,24.819904
3,15,30.0
3,2,3.8890083
3,3,5.702419
3,4,7.375581
3,5,8.887484
3,6,10.235348
3,7,11.43696
3,8,12.534251
3,9,13.599796
4,0,0.0
4,1,2.711949
4,10,19.119682
4,11,20.42495
4,12,22.025192
4,13,24.110447
4,14,26.804832
4,15,30.0
4,2,5.34078
4,3,7.8135176
4,4,10.075123
4,5,12.092963
4,6,13.858516
4,7,15.387856
4,8,16.722557
4,9,17.932327
5,0,0.0
5,1,3.535002
5,10,23.373327
5,11,24.40158
5,12,25.494928
5,13,26.769554
5,14,28.28898
5,15,30.0
5,2,6.948658
5,3,10.135763
5,4,13.018455
5,5,15.550753
5,6,17.717928
5,7,19.533417
5,8,21.035822
5,9,22.2873
6,0,0.0
6,1,4.4794083
6,10,27.684769
6,11,28.313152
6,12,28.783398
6,13,29.183884
6,14,29.58154
6,15,30.0
6,2,8.783098
6,3,12.762444
6,4,16.312202
6,5,19.373697
6,6,21.929054
6,7,23.9921
6,8,25.600044
6,9,26.807764
7,0,0.0
7,1,5.59954
7,10,32.24487
7,11,32.38288
7,12,32.14165
7,13,31.601055
7,14,30.853302
7,15,30.0
7,2,10.941901
7,3,15.818733
7,4,20.094242
7,5,23.702812
7,6,26.63252
7,7,28.905924
7,8,30.564524
7,9,31.658978
8,0,0.0
8,1,6.97686
8,10,37.252884
8,11,36.831886
8,12,35.79929
8,13,34.225403
8,14,32.23062
8,15,30.0
8,2,13.566246
8,3,19.476372
8,4,24.543247
8,5,28.710829
8,6,31.99233
8,7,34.43459
8,8,36.09319
8,9,37.018787
9,0,0.0
9,1,8.74166
9,10,42.916023
9,11,41.892525
9,12,39.99823
9,13,37.27066
9,14,33.84379
9,15,30.0
9,2,16.869873
9,3,23.977276
9,4,29.891577
9,5,34.60495
9,6,38.191425
9,7,40.746952
9,8,42.354897
9,9,43.07014
