0,0,0.0
0,1,0.0
0,10,0.0
0,11,0.0
0,12,0.0
0,13,0.0
0,14,0.0
0,15,30.0
0,2,0.0
0,3,0.0
0,4,0.0
0,5,0.0
0,6,0.0
0,7,0.0
0,8,0.0
0,9,0.0
1,0,0.0
1,1,0.63541377
1,10,5.1754093
1,11,5.944621
1,12,7.235052
1,13,9.736031
1,14,15.342016
1,15,30.0
1,2,1.2550617
1,3,1.845058
1,4,2.3950982
1,5,2.8999348
1,6,3.360806
1,7,3.7872844
1,8,4.2004805
1,9,4.6394815
10,0,0.0
10,1,11.11883
10,10,49.44404
10,11,47.820087
10,12,45.027393
10,13,41.013092
10,14,35.872807
10,15,30.0
10,2,21.19219
10,3,29.668236
10,4,36.436962
10,5,41.621468
10,6,45.416527
10,7,48.00173
10,8,49.504135
10,9,49.9859
11,0,0.0
11,1,14.542759
11,10,57.059555
11,11,54.921036
11,12,51.281853
11,13,45.884033
11,14,38.635643
11,15,30.0
11,2,27.114368
11,3,37.07018
11,4,44.571217
11,5,50.032837
11,6,53.857407
11,7,56.34552
11,8,57.680225
11,9,57.931213
12,0,0.0
12,1,19.937931
12,10,65.94228
12,11,63.52298
12,12,59.29518
12,13,52.605736
12,14,42.785816
12,15,30.0
12,2,35.652515
12,3,46.927143
12,4,54.745193
12,5,60.08162
12,6,63.635147
12,7,65.84314
12,8,66.94044
12,9,66.999596
13,0,0.0
13,1,29.556515
13,10,76.187294
13,11,73.93368
13,12,69.770355
13,13,62.458035
13,14,49.901955
13,15,30.0
13,2,48.630753
13,3,60.240875
13,4,67.40105
13,5,71.9136
13,6,74.75873
13,7,76.45181
13,8,77.23912
13,9,77.18475
14,0,0.0
14,1,49.65742
14,10,87.68867
14,11,86.25423
14,12,83.39468
14,13,77.55417
14,14,64.36403
14,15,30.0
14,2,69.073204
14,3,78.00468
14,4,82.70471
14,5,85.41319
14,6,87.03458
14,7,87.96649
14,8,88.379684
14,9,88.31325
15,0,0.0
15,1,100.0
15,10,100.0
15,11,100.0
15,12,100.0
15,13,100.0
15,14,100.0
15,15,30.0
15,2,100.0
15,3,100.0
15,4,100.0
15,5,100.0
15,6,100.0
15,7,100.0
15,8,100.0
15,9,100.0
2,0,0.0
2,1,1.2866178
2,10,10.117636
2,11,11.368111
2,12,13.259625
2,13,16.367102
2,14,21.63206
2,15,30.0
2,2,2.5398228
2,3,3.7301414
2,4,4.8354864
2,5,5.8439374
2,6,6.7561164
2,7,7.587969
2,8,8.375273
2,9,9.182148
3,0,0.0
3,1,1.9712822
3,10,14.745074
3,11,16.150732
3,12,18.068375
3,13,20.840782
3,14,24.819168
3,15,30.0
3,2,3.8875644
3,3,5.7003326
3,4,7.372943
3,5,8.88441
3,6,10.231973
3,7,11.433431
3,8,12.530722
3,9,13.596422
4,0,0.0
4,1,2.7110162
4,10,19.115795
4,11,20.421616
4,12,22.022554
4,13,24.108624
4,14,26.803898
4,15,30.0
4,2,5.3389544
4,3,7.8108788
4,4,10.071788
4,5,12.089076
4,6,13.854248
4,7,15.383392
4,8,16.718094
4,9,17.928059
5,0,0.0
5,1,3.5339146
5,10,23.368797
5,11,24.397694
5,12,25.491852
5,13,26.767427
5,14,28.287891
5,15,30.0
5,2,6.94653
5,3,10.1326885
5,4,13.014567
5,5,15.546223
5,6,17.712954
5,7,19.528214
5,8,21.03062
5,9,22.282326
6,0,0.0
6,1,4.4782143
6,10,27.67979
6,11,28.308876
6,12,28.780018
6,13,29.181545
6,14,29.580345
6,15,30.0
6,2,8.780763
6,3,12.759068
6,4,16.307934
6,5,19.368721
6,6,21.923588
6,7,23.986387
6,8,25.594328
6,9,26.8023
7,0,0.0
7,1,5.5982914
7,10,32.239662
7,11,32.37841
7,12,32.13811
7,13,31.59861
7,14,30.85205
7,15,30.0
7,2,10.939457
7,3,15.815202
7,4,20.089777
7,5,23.697609
7,6,26.626806
7,7,28.899948
7,8,30.558548
7,9,31.65326
8,0,0.0
8,1,6.9756103
8,10,37.247673
8,11,36.827415
8,12,35.795753
8,13,34.222954
8,14,32.229374
8,15,30.0
8,2,13.563803
8,3,19.47284
8,4,24.538778
8,5,28.705624
8,6,31.986616
8,7,34.42861
8,8,36.08721
8,9,37.01307
9,0,0.0
9,1,8.740465
9,10,42.91104
9,11,41.888245
9,12,39.99485
9,13,37.26832
9,14,33.842594
9,15,30.0
9,2,16.867535
9,3,23.973896
9,4,29.887306
9,5,34.599968
9,6,38.18596
9,7,40.741238
9,8,42.349182
9,9,43.064667
