0,0,0.0
0,1,0.0
0,10,0.0
0,11,0.0
0,12,0.0
0,13,0.0
0,14,0.0
0,15,30.0
0,2,0.0
0,3,0.0
0,4,0.0
0,5,0.0
0,6,0.0
0,7,0.0
0,8,0.0
0,9,0.0
1,0,0.0
1,1,0.6356895
1,10,5.176558
1,11,5.945607
1,12,7.235832
1,13,9.73657
1,14,15.342293
1,15,30.0
1,2,1.2556013
1,3,1.8458377
1,4,2.3960843
1,5,2.901084
1,6,3.3620677
1,7,3.788604
1,8,4.2017994
1,9,4.6407433
10,0,0.0
10,1,11.119978
10,10,49.44883
10,11,47.8242
10,12,45.03065
10,13,41.01534
10,14,35.873955
10,15,30.0
10,2,21.19444
10,3,29.671486
10,4,36.441074
10,5,41.626255
10,6,45.421783
10,7,48.007233
10,8,49.509636
10,9,49.991158
11,0,0.0
11,1,14.543745
11,10,57.063663
11,11,54.92457
11,12,51.284637
11,13,45.885963
11,14,38.636627
11,15,30.0
11,2,27.116299
11,3,37.072968
11,4,44.57474
11,5,50.036945
11,6,53.861916
11,7,56.350243
11,8,57.684944
11,9,57.93573
12,0,0.0
12,1,19.93871
12,10,65.94553
12,11,63.525772
12,12,59.297386
12,13,52.607254
12,14,42.786594
12,15,30.0
12,2,35.654037
12,3,46.929348
12,4,54.747986
12,5,60.084873
12,6,63.638718
12,7,65.84688
12,8,66.94417
12,9,67.00316
13,0,0.0
13,1,29.557053
13,10,76.189545
13,11,73.93561
13,12,69.77188
13,13,62.459084
13,14,49.902493
13,15,30.0
13,2,48.631805
13,3,60.2424
13,4,67.402985
13,5,71.91585
13,6,74.7612
13,7,76.45439
13,8,77.2417
13,9,77.187225
14,0,0.0
14,1,49.657696
14,10,87.68982
14,11,86.25522
14,12,83.39545
14,13,77.5547
14,14,64.364296
14,15,30.0
14,2,69.07374
14,3,78.005455
14,4,82.705696
14,5,85.41434
14,6,87.035835
14,7,87.96781
14,8,88.381004
14,9,88.314514
15,0,0.0
15,1,100.0
15,10,100.0
15,11,100.0
15,12,100.0
15,13,100.0
15,14,100.0
15,15,30.0
15,2,100.0
15,3,100.0
15,4,100.0
15,5,100.0
15,6,100.0
15,7,100.0
15,8,100.0
15,9,100.0
2,0,0.0
2,1,1.2871573
2,10,10.1198845
2,11,11.370041
2,12,13.261152
2,13,16.368158
2,14,21.632599
2,15,30.0
2,2,2.5408783
2,3,3.731667
2,4,4.837416
2,5,5.8461847
2,6,6.758585
2,7,7.59055
2,8,8.377854
2,9,9.184616
3,0,0.0
3,1,1.9720619
3,10,14.748323
3,11,16.15352
3,12,18.07058
3,13,20.842308
3,14,24.819948
3,15,30.0
3,2,3.88909
3,3,5.7025375
3,4,7.3757296
3,5,8.887658
3,6,10.235539
3,7,11.437162
3,8,12.534452
3,9,13.59999
4,0,0.0
4,1,2.712002
4,10,19.119904
4,11,20.42514
4,12,22.025343
4,13,24.110552
4,14,26.804884
4,15,30.0
4,2,5.3408833
4,3,7.8136673
4,4,10.075313
4,5,12.093183
4,6,13.858759
4,7,15.388109
4,8,16.722813
4,9,17.93257
5,0,0.0
5,1,3.5350637
5,10,23.373585
5,11,24.401804
5,12,25.4951
5,13,26.769676
5,14,28.289042
5,15,30.0
5,2,6.9487786
5,3,10.135938
5,4,13.018674
5,5,15.55101
5,6,17.718208
5,7,19.533714
5,8,21.036118
5,9,22.287584
6,0,0.0
6,1,4.4794765
6,10,27.685053
6,11,28.313393
6,12,28.783588
6,13,29.184013
6,14,29.581606
6,15,30.0
6,2,8.783232
6,3,12.762636
6,4,16.312445
6,5,19.37398
6,6,21.929363
6,7,23.992424
6,8,25.600368
6,9,26.808075
7,0,0.0
7,1,5.5996113
7,10,32.245163
7,11,32.383133
7,12,32.141846
7,13,31.601192
7,14,30.85337
7,15,30.0
7,2,10.94204
7,3,15.8189335
7,4,20.094496
7,5,23.70311
7,6,26.632847
7,7,28.906261
7,8,30.564863
7,9,31.659302
8,0,0.0
8,1,6.9769306
8,10,37.25318
8,11,36.832138
8,12,35.799484
8,13,34.22554
8,14,32.23069
8,15,30.0
8,2,13.566385
8,3,19.47657
8,4,24.543499
8,5,28.711124
8,6,31.992657
8,7,34.43493
8,8,36.09353
8,9,37.01911
9,0,0.0
9,1,8.741728
9,10,42.9163
9,11,41.89277
9,12,39.99842
9,13,37.27079
9,14,33.843857
9,15,30.0
9,2,16.870005
9,3,23.977468
9,4,29.891815
9,5,34.605232
9,6,38.191734
9,7,40.747276
9,8,42.355225
9,9,43.070442
