0,0,0.0
0,1,0.0
0,10,0.0
0,11,0.0
0,12,0.0
0,13,0.0
0,14,0.0
0,15,30.0
0,2,0.0
0,3,0.0
0,4,0.0
0,5,0.0
0,6,0.0
0,7,0.0
0,8,0.0
0,9,0.0
1,0,0.0
1,1,0.8289687
1,10,5.590765
1,11,6.2690983
1,12,7.471278
1,13,9.88946
1,14,15.41721
1,15,30.0
1,2,1.6248143
1,3,2.3577468
1,4,3.008728
1,5,3.5666392
1,6,4.0360723
1,7,4.4314847
1,8,4.784523
1,9,5.143967
10,0,0.0
10,1,10.705393
10,10,46.12154
10,11,44.82924
10,12,42.57482
10,13,39.27
10,14,34.96842
10,15,30.0
10,2,20.34608
10,3,28.36243
10,4,34.645008
10,5,39.341675
10,6,42.67985
10,7,44.887627
10,8,46.14019
10,9,46.541306
11,0,0.0
11,1,14.060588
11,10,53.67871
11,11,51.901863
11,12,48.816162
11,13,44.140045
11,14,37.731483
11,15,30.0
11,2,26.140682
11,3,35.590237
11,4,42.581486
11,5,47.548523
11,6,50.930557
11,7,53.0682
11,8,54.187508
11,9,54.39687
12,0,0.0
12,1,19.47274
12,10,62.91912
12,11,60.832687
12,12,57.107616
12,13,51.060192
12,14,41.98661
12,15,30.0
12,2,34.71737
12,3,45.51976
12,4,52.870773
12,5,57.7678
12,6,60.936478
12,7,62.849762
12,8,63.777214
12,9,63.8191
13,0,0.0
13,1,29.190472
13,10,73.91142
13,11,71.91562
13,12,68.13111
13,13,61.302822
13,14,49.30438
13,15,30.0
13,2,47.898117
13,3,59.14249
13,4,65.947716
13,5,70.12966
13,6,72.69106
13,7,74.171074
13,8,74.840126
13,9,74.78388
14,0,0.0
14,1,49.45644
14,10,86.46751
14,11,85.1721
14,12,82.51752
14,13,76.93583
14,14,64.04468
14,15,30.0
14,2,68.67119
14,3,77.403984
14,4,81.91173
14,5,84.44339
14,6,85.91385
14,7,86.73387
14,8,87.086914
14,9,87.02174
15,0,0.0
15,1,100.0
15,10,100.0
15,11,100.0
15,12,100.0
15,13,100.0
15,14,100.0
15,15,30.0
15,2,100.0
15,3,100.0
15,4,100.0
15,5,100.0
15,6,100.0
15,7,100.0
15,8,100.0
15,9,100.0
2,0,0.0
2,1,1.6416512
2,10,10.831687
2,11,11.917753
2,12,13.655009
2,13,16.620468
2,14,21.755562
2,15,30.0
2,2,3.2157633
2,3,4.6663857
2,4,5.9498477
2,5,7.049922
2,6,7.9678054
2,7,8.735199
2,8,9.404247
2,9,10.060629
3,0,0.0
3,1,2.4276342
3,10,15.544511
3,11,16.746252
3,12,18.48143
3,13,21.098118
3,14,24.941505
3,15,30.0
3,2,4.755288
3,3,6.893572
3,4,8.784332
3,5,10.393185
3,6,11.728614
3,7,12.824044
3,8,13.751495
3,9,14.611235
4,0,0.0
4,1,3.1926866
4,10,19.731274
4,11,20.833956
4,12,22.276436
4,13,24.247028
4,14,26.863586
4,15,30.0
4,2,6.2476673
4,3,9.050505
4,4,11.513583
4,5,13.601076
4,6,15.310173
4,7,16.687662
4,8,17.806974
4,9,18.776482
5,0,0.0
5,1,3.9583075
5,10,23.522005
5,11,24.395256
5,12,25.403732
5,13,26.66412
5,14,28.221333
5,15,30.0
5,2,7.740198
5,3,11.191345
5,4,14.2110195
5,5,16.742144
5,6,18.791557
5,7,20.40062
5,8,21.653183
5,9,22.653019
6,0,0.0
6,1,4.773944
6,10,27.14159
6,11,27.697565
6,12,28.203247
6,13,28.734026
6,14,29.337276
6,15,30.0
6,2,9.317047
6,3,13.440887
6,4,17.011448
6,5,19.9751
6,6,22.330015
6,7,24.13325
6,8,25.466434
6,9,26.432676
7,0,0.0
7,1,5.7129984
7,10,30.872536
7,11,31.050356
7,12,30.987316
7,13,30.753078
7,14,30.403717
7,15,30.0
7,2,11.122316
7,3,15.979599
7,4,20.136196
7,5,23.526434
7,6,26.170948
7,7,28.131546
7,8,29.503326
7,9,30.385975
8,0,0.0
8,1,6.889792
8,10,35.047745
8,11,34.78139
8,12,34.07882
8,13,32.983242
8,14,31.58051
8,15,30.0
8,2,13.352478
8,3,19.071102
8,4,23.867228
8,5,27.701641
8,6,30.614887
8,7,32.704147
8,8,34.075928
8,9,34.829918
9,0,0.0
9,1,8.4669285
9,10,40.013115
9,11,39.251934
9,12,37.81198
9,13,35.710106
9,14,33.030262
9,15,30.0
9,2,16.293125
9,3,23.049623
9,4,28.565815
9,5,32.846626
9,6,36.00555
9,7,38.183334
9,8,39.51652
9,9,40.10821
