0,0,0.0
0,1,0.0
0,10,0.0
0,11,0.0
0,12,0.0
0,13,0.0
0,14,0.0
0,15,30.0
0,2,0.0
0,3,0.0
0,4,0.0
0,5,0.0
0,6,0.0
0,7,0.0
0,8,0.0
0,9,0.0
1,0,0.0
1,1,0.6345008
1,10,5.171588
1,11,5.9413404
1,12,7.2324557
1,13,9.734234
1,14,15.341097
1,15,30.0
1,2,1.2532753
1,3,1.8424757
1,4,2.3918314
1,5,2.896126
1,6,3.3566208
1,7,3.782905
1,8,4.196098
1,9,4.6352873
10,0,0.0
10,1,11.114965
10,10,49.42788
10,11,47.806213
10,12,45.01642
10,13,41.005493
10,14,35.86892
10,15,30.0
10,2,21.184635
10,3,29.657309
10,4,36.423145
10,5,41.605354
10,6,45.39882
10,7,47.983204
10,8,49.4856
10,9,49.968155
11,0,0.0
11,1,14.539439
11,10,57.045662
11,11,54.909115
11,12,51.272415
11,13,45.877502
11,14,38.6323
11,15,30.0
11,2,27.107872
11,3,37.060787
11,4,44.559334
11,5,50.018986
11,6,53.842186
11,7,56.329597
11,8,57.664284
11,9,57.91597
12,0,0.0
12,1,19.935299
12,10,65.931274
12,11,63.513535
12,12,59.28771
12,13,52.600555
12,14,42.78317
12,15,30.0
12,2,35.647366
12,3,46.9197
12,4,54.735783
12,5,60.07065
12,6,63.623093
12,7,65.83053
12,8,66.92781
12,9,66.98751
13,0,0.0
13,1,29.554691
13,10,76.17967
13,11,73.927124
13,12,69.765175
13,13,62.454445
13,14,49.900124
13,15,30.0
13,2,48.627186
13,3,60.235714
13,4,67.39453
13,5,71.906006
13,6,74.750374
13,7,76.44308
13,8,77.23037
13,9,77.17639
14,0,0.0
14,1,49.65649
14,10,87.68477
14,11,86.25088
14,12,83.39202
14,13,77.55234
14,14,64.36308
14,15,30.0
14,2,69.07137
14,3,78.002045
14,4,82.70137
14,5,85.4093
14,6,87.030304
14,7,87.96202
14,8,88.37521
14,9,88.30897
15,0,0.0
15,1,100.0
15,10,100.0
15,11,100.0
15,12,100.0
15,13,100.0
15,14,100.0
15,15,30.0
15,2,100.0
15,3,100.0
15,4,100.0
15,5,100.0
15,6,100.0
15,7,100.0
15,8,100.0
15,9,100.0
2,0,0.0
2,1,1.2848306
2,10,10.110155
2,11,11.361688
2,12,13.254544
2,13,16.363583
2,14,21.63026
2,15,30.0
2,2,2.536326
2,3,3.7250862
2,4,4.8290925
2,5,5.8364816
2,6,6.7479234
2,7,7.5793953
2,8,8.3666935
2,9,9.173938
3,0,0.0
3,1,1.9686966
3,10,14.734252
3,11,16.141441
3,12,18.06102
3,13,20.835693
3,14,24.816565
3,15,30.0
3,2,3.8825052
3,3,5.693019
3,4,7.3636913
3,5,8.873623
3,6,10.220119
3,7,11.421028
3,8,12.518311
3,9,13.584545
4,0,0.0
4,1,2.707742
4,10,19.102093
4,11,20.409851
4,12,22.013247
4,13,24.10218
4,14,26.800604
4,15,30.0
4,2,5.332548
4,3,7.8016186
4,4,10.060074
4,5,12.0754175
4,6,13.839239
4,7,15.367687
4,8,16.702377
4,9,17.913021
5,0,0.0
5,1,3.5300922
5,10,23.352798
5,11,24.383965
5,12,25.480984
5,13,26.759907
5,14,28.284046
5,15,30.0
5,2,6.9390516
5,3,10.121878
5,4,13.000893
5,5,15.530278
5,6,17.69543
5,7,19.50988
5,8,21.012272
5,9,22.26477
6,0,0.0
6,1,4.474008
6,10,27.662193
6,11,28.293766
6,12,28.768063
6,13,29.173267
6,14,29.576113
6,15,30.0
6,2,8.7725315
6,3,12.74717
6,4,16.292885
6,5,19.351175
6,6,21.904308
6,7,23.96621
6,8,25.574142
6,9,26.782978
7,0,0.0
7,1,5.5938835
7,10,32.22122
7,11,32.36258
7,12,32.125584
7,13,31.589937
7,14,30.847614
7,15,30.0
7,2,10.930832
7,3,15.802733
7,4,20.074005
7,5,23.679222
7,6,26.6066
7,7,28.878805
7,8,30.53739
7,9,31.633018
8,0,0.0
8,1,6.9711924
8,10,37.229195
8,11,36.811546
8,12,35.783195
8,13,34.21426
8,14,32.22493
8,15,30.0
8,2,13.555159
8,3,19.46034
8,4,24.522976
8,5,28.687193
8,6,31.966366
8,7,34.407425
8,8,36.06601
8,9,36.99278
9,0,0.0
9,1,8.736233
9,10,42.893326
9,11,41.873043
9,12,39.982815
9,13,37.259987
9,14,33.838337
9,15,30.0
9,2,16.859251
9,3,23.961926
9,4,29.872154
9,5,34.582314
9,6,38.16655
9,7,40.720932
9,8,42.328857
9,9,43.045227
