0,0,0.0
0,1,0.0
0,10,0.0
0,11,0.0
0,12,0.0
0,13,0.0
0,14,0.0
0,15,0.0
0,16,0.0
0,17,0.0
0,18,0.0
0,19,0.0
0,2,0.0
0,20,0.0
0,21,0.0
0,22,0.0
0,23,0.0
0,24,0.0
0,25,0.0
0,26,0.0
0,27,0.0
0,28,0.0
0,29,30.0
0,3,0.0
0,4,0.0
0,5,0.0
0,6,0.0
0,7,0.0
0,8,0.0
0,9,0.0
1,0,0.0
1,1,1.3400459
1,10,6.324603
1,11,6.350139
1,12,6.3616304
1,13,6.36623
1,14,6.367991
1,15,6.368617
1,16,6.368929
1,17,6.3694196
1,18,6.370609
1,19,6.374008
1,2,2.5907557
1,20,6.3822575
1,21,6.4027643
1,22,6.448588
1,23,6.550835
1,24,6.7670565
1,25,7.226136
1,26,8.203951
1,27,10.388517
1,28,15.670023
1,29,30.0
1,3,3.674704
1,4,4.5554123
1,5,5.2159433
1,6,5.6822004
1,7,5.9838963
1,8,6.168266
1,9,6.270694
10,0,0.0
10,1,6.3246026
10,10,29.613194
10,11,29.726511
10,12,29.775904
10,13,29.795683
10,14,29.802921
10,15,29.805336
10,16,29.806072
10,17,29.806286
10,18,29.806408
10,19,29.806593
10,2,12.213026
10,20,29.807152
10,21,29.808353
10,22,29.811268
10,23,29.816734
10,24,29.827274
10,25,29.844185
10,26,29.87053
10,27,29.90604
10,28,29.950596
10,29,30.0
10,3,17.317944
10,4,21.434813
10,5,24.524353
10,6,26.67767
10,7,28.072199
10,8,28.908913
10,9,29.374243
11,0,0.0
11,1,6.3501387
11,10,29.726513
11,11,29.840023
11,12,29.889526
11,13,29.909328
11,14,29.916576
11,15,29.918991
11,16,29.919722
11,17,29.91993
11,18,29.919998
11,19,29.92009
11,2,12.262821
11,20,29.920275
11,21,29.920807
11,22,29.921883
11,23,29.924269
11,24,29.928402
11,25,29.935663
11,26,29.94631
11,27,29.961273
11,28,29.979527
11,29,30.0
11,3,17.387146
11,4,21.52065
11,5,24.620777
11,6,26.782276
11,7,28.18089
11,8,29.020452
11,9,29.486874
12,0,0.0
12,1,6.36163
12,10,29.775906
12,11,29.889526
12,12,29.939053
12,13,29.958866
12,14,29.96612
12,15,29.968533
12,16,29.969265
12,17,29.969463
12,18,29.969524
12,19,29.969551
12,2,12.284527
12,20,29.969631
12,21,29.969795
12,22,29.97023
12,23,29.971046
12,24,29.972698
12,25,29.975328
12,26,29.97952
12,27,29.985123
12,28,29.992193
12,29,30.0
12,3,17.418095
12,4,21.558067
12,5,24.663486
12,6,26.82787
12,7,28.228622
12,8,29.069069
12,9,29.536087
13,0,0.0
13,1,6.366226
13,10,29.795685
13,11,29.909328
13,12,29.958866
13,13,29.978685
13,14,29.985933
13,15,29.98835
13,16,29.989079
13,17,29.98928
13,18,29.98933
13,19,29.98935
13,2,12.293501
13,20,29.98937
13,21,29.989431
13,22,29.989555
13,23,29.989859
13,24,29.990381
13,25,29.99134
13,26,29.992752
13,27,29.994774
13,28,29.99723
13,29,30.0
13,3,17.430471
13,4,21.573387
13,5,24.68057
13,6,26.846336
13,7,28.247713
13,8,29.088606
13,9,29.555773
14,0,0.0
14,1,6.3679776
14,10,29.802923
14,11,29.916574
14,12,29.966118
14,13,29.985931
14,14,29.993183
14,15,29.995602
14,16,29.996332
14,17,29.99653
14,18,29.996582
14,19,29.996593
14,2,12.296783
14,20,29.996601
14,21,29.996614
14,22,29.996656
14,23,29.996737
14,24,29.996914
14,25,29.997196
14,26,29.997667
14,27,29.998299
14,28,29.999107
14,29,30.0
14,3,17.43515
14,4,21.578989
14,5,24.686941
14,6,26.85309
14,7,28.254753
14,8,29.095755
14,9,29.562988
15,0,0.0
15,1,6.368561
15,10,29.805334
15,11,29.918991
15,12,29.968533
15,13,29.98835
15,14,29.995598
15,15,29.998018
15,16,29.998747
15,17,29.998947
15,18,29.998997
15,19,29.999008
15,2,12.297926
15,20,29.999012
15,21,29.999016
15,22,29.999023
15,23,29.99905
15,24,29.999092
15,25,29.99918
15,26,29.99931
15,27,29.9995
15,28,29.999735
15,29,30.0
15,3,17.436707
15,4,21.580914
15,5,24.689064
15,6,26.855373
15,7,28.257103
15,8,29.098146
15,9,29.565397
16,0,0.0
16,1,6.3687468
16,10,29.806065
16,11,29.919722
16,12,29.969265
16,13,29.989079
16,14,29.996332
16,15,29.998747
16,16,29.99948
16,17,29.999676
16,18,29.999725
16,19,29.999737
16,2,12.298269
16,20,29.99974
16,21,29.99974
16,22,29.999744
16,23,29.999748
16,24,29.999762
16,25,29.999783
16,26,29.999817
16,27,29.999866
16,28,29.99993
16,29,30.0
16,3,17.437199
16,4,21.581493
16,5,24.689722
16,6,26.856064
16,7,28.257816
16,8,29.098871
16,9,29.566124
17,0,0.0
17,1,6.3687973
17,10,29.806265
17,11,29.91992
17,12,29.969463
17,13,29.98928
17,14,29.99653
17,15,29.998947
17,16,29.999676
17,17,29.999878
17,18,29.999928
17,19,29.999935
17,2,12.298368
17,20,29.999939
17,21,29.999939
17,22,29.999943
17,23,29.99994
17,24,29.999943
17,25,29.99995
17,26,29.999958
17,27,29.99997
17,28,29.999985
17,29,30.0
17,3,17.43733
17,4,21.581657
17,5,24.689901
17,6,26.856255
17,7,28.258013
17,8,29.09907
17,9,29.566322
18,0,0.0
18,1,6.3688107
18,10,29.806314
18,11,29.91997
18,12,29.969513
18,13,29.98933
18,14,29.99658
18,15,29.998997
18,16,29.999725
18,17,29.999926
18,18,29.999973
18,19,29.999985
18,2,12.298392
18,20,29.999987
18,21,29.999989
18,22,29.999989
18,23,29.999989
18,24,29.999989
18,25,29.999989
18,26,29.999992
18,27,29.999996
18,28,29.999998
18,29,30.0
18,3,17.437363
18,4,21.581697
18,5,24.689945
18,6,26.856302
18,7,28.258062
18,8,29.09912
18,9,29.566372
19,0,0.0
19,1,6.368814
19,10,29.806326
19,11,29.919981
19,12,29.969522
19,13,29.98934
19,14,29.996592
19,15,29.999008
19,16,29.999737
19,17,29.999935
19,18,29.999987
19,19,29.999996
19,2,12.298398
19,20,29.999998
19,21,29.999998
19,22,30.0
19,23,30.0
19,24,29.999998
19,25,30.0
19,26,30.0
19,27,30.0
19,28,30.0
19,29,30.0
19,3,17.437372
19,4,21.581705
19,5,24.689957
19,6,26.856314
19,7,28.258072
19,8,29.09913
19,9,29.566383
2,0,0.0
2,1,2.5907557
2,10,12.213027
2,11,12.262822
2,12,12.284528
2,13,12.293507
2,14,12.296809
2,15,12.298012
2,16,12.298597
2,17,12.299372
2,18,12.301541
2,19,12.306985
2,2,5.002838
2,20,12.321467
2,21,12.354816
2,22,12.432114
2,23,12.59582
2,24,12.938233
2,25,13.6193695
2,26,14.954732
2,27,17.50142
2,28,22.20224
2,29,30.0
2,3,7.102989
2,4,8.796658
2,5,10.078866
2,6,10.972525
2,7,11.559155
2,8,11.911135
2,9,12.110598
20,0,0.0
20,1,6.3688145
20,10,29.806326
20,11,29.919981
20,12,29.969524
20,13,29.989342
20,14,29.996593
20,15,29.999012
20,16,29.99974
20,17,29.999939
20,18,29.999989
20,19,29.999998
20,2,12.2984
20,20,30.0
20,21,30.0
20,22,30.0
20,23,30.0
20,24,30.0
20,25,30.0
20,26,30.0
20,27,30.0
20,28,30.0
20,29,30.0
20,3,17.437374
20,4,21.581709
20,5,24.689959
20,6,26.856316
20,7,28.258076
20,8,29.09913
20,9,29.566385
21,0,0.0
21,1,6.3688145
21,10,29.806324
21,11,29.919983
21,12,29.969524
21,13,29.989342
21,14,29.996593
21,15,29.999012
21,16,29.99974
21,17,29.999943
21,18,29.999989
21,19,29.999998
21,2,12.2984
21,20,30.0
21,21,30.0
21,22,30.0
21,23,30.0
21,24,30.0
21,25,30.0
21,26,30.0
21,27,30.0
21,28,30.0
21,29,30.0
21,3,17.437374
21,4,21.581709
21,5,24.68996
21,6,26.856316
21,7,28.258076
21,8,29.099133
21,9,29.566385
22,0,0.0
22,1,6.368814
22,10,29.806328
22,11,29.919983
22,12,29.969524
22,13,29.989342
22,14,29.996593
22,15,29.999008
22,16,29.99974
22,17,29.999943
22,18,29.999989
22,19,30.0
22,2,12.2984
22,20,30.0
22,21,30.0
22,22,30.0
22,23,30.0
22,24,30.0
22,25,30.0
22,26,30.0
22,27,30.0
22,28,30.0
22,29,30.0
22,3,17.437374
22,4,21.58171
22,5,24.68996
22,6,26.856316
22,7,28.258076
22,8,29.099133
22,9,29.566383
23,0,0.0
23,1,6.3688145
23,10,29.806324
23,11,29.919983
23,12,29.969522
23,13,29.989344
23,14,29.996593
23,15,29.999012
23,16,29.99974
23,17,29.99994
23,18,29.999989
23,19,29.999998
23,2,12.2984
23,20,30.0
23,21,30.0
23,22,30.0
23,23,30.0
23,24,30.0
23,25,30.0
23,26,30.0
23,27,30.0
23,28,30.0
23,29,30.0
23,3,17.437374
23,4,21.581709
23,5,24.689962
23,6,26.856316
23,7,28.258076
23,8,29.099133
23,9,29.566387
24,0,0.0
24,1,6.3688145
24,10,29.806326
24,11,29.91998
24,12,29.969524
24,13,29.98934
24,14,29.996593
24,15,29.999008
24,16,29.999743
24,17,29.99994
24,18,29.99999
24,19,29.999998
24,2,12.2984
24,20,30.0
24,21,30.0
24,22,30.0
24,23,30.0
24,24,30.0
24,25,30.0
24,26,30.0
24,27,30.0
24,28,30.0
24,29,30.0
24,3,17.437374
24,4,21.58171
24,5,24.68996
24,6,26.856316
24,7,28.258076
24,8,29.099133
24,9,29.566383
25,0,0.0
25,1,6.3688145
25,10,29.806324
25,11,29.919981
25,12,29.969522
25,13,29.989342
25,14,29.996592
25,15,29.99901
25,16,29.99974
25,17,29.999943
25,18,29.999989
25,19,30.0
25,2,12.2984
25,20,30.0
25,21,30.0
25,22,30.0
25,23,30.0
25,24,30.0
25,25,30.0
25,26,30.0
25,27,30.0
25,28,30.0
25,29,30.0
25,3,17.437374
25,4,21.581707
25,5,24.68996
25,6,26.856318
25,7,28.258076
25,8,29.099133
25,9,29.566385
26,0,0.0
26,1,6.3688145
26,10,29.806326
26,11,29.919981
26,12,29.969524
26,13,29.989342
26,14,29.996593
26,15,29.999008
26,16,29.999743
26,17,29.999943
26,18,29.999989
26,19,29.999998
26,2,12.298401
26,20,30.0
26,21,30.0
26,22,30.0
26,23,30.0
26,24,30.0
26,25,30.0
26,26,30.0
26,27,30.0
26,28,30.0
26,29,30.0
26,3,17.437374
26,4,21.581709
26,5,24.68996
26,6,26.856316
26,7,28.258076
26,8,29.099133
26,9,29.566383
27,0,0.0
27,1,6.3688145
27,10,29.806326
27,11,29.919983
27,12,29.969524
27,13,29.989342
27,14,29.996592
27,15,29.99901
27,16,29.99974
27,17,29.999943
27,18,29.99999
27,19,30.0
27,2,12.2984
27,20,30.0
27,21,30.0
27,22,30.0
27,23,30.0
27,24,30.0
27,25,30.0
27,26,30.0
27,27,30.0
27,28,30.0
27,29,30.0
27,3,17.437374
27,4,21.581709
27,5,24.68996
27,6,26.856318
27,7,28.258076
27,8,29.099133
27,9,29.566385
28,0,0.0
28,1,6.368814
28,10,29.806326
28,11,29.919983
28,12,29.969524
28,13,29.989344
28,14,29.996593
28,15,29.999012
28,16,29.99974
28,17,29.999943
28,18,29.999989
28,19,30.0
28,2,12.2984
28,20,30.0
28,21,30.0
28,22,30.0
28,23,30.0
28,24,30.0
28,25,30.0
28,26,30.0
28,27,30.0
28,28,30.0
28,29,30.0
28,3,17.437374
28,4,21.58171
28,5,24.68996
28,6,26.856316
28,7,28.258076
28,8,29.099133
28,9,29.566385
29,0,0.0
29,1,6.368815
29,10,29.806326
29,11,29.919981
29,12,29.969526
29,13,29.989342
29,14,29.996593
29,15,29.999012
29,16,29.99974
29,17,29.999939
29,18,29.999989
29,19,29.999998
29,2,12.2984
29,20,30.0
29,21,30.0
29,22,30.0
29,23,30.0
29,24,30.0
29,25,30.0
29,26,30.0
29,27,30.0
29,28,30.0
29,29,30.0
29,3,17.437374
29,4,21.581707
29,5,24.689959
29,6,26.856318
29,7,28.258076
29,8,29.099133
29,9,29.566385
3,0,0.0
3,1,3.6747038
3,10,17.317944
3,11,17.387146
3,12,17.418095
3,13,17.43048
3,14,17.435173
3,15,17.436813
3,16,17.437542
3,17,17.438528
3,18,17.440826
3,19,17.44741
3,2,7.1029887
3,20,17.463156
3,21,17.501907
3,22,17.585865
3,23,17.76622
3,24,18.122295
3,25,18.805632
3,26,20.037083
3,27,22.148256
3,28,25.470753
3,29,30.0
3,3,10.074168
3,4,12.485158
3,5,14.293398
3,6,15.566971
3,7,16.391048
3,8,16.892992
3,9,17.17185
30,0,0.0
30,1,6.3688145
30,10,29.806326
30,11,29.919983
30,12,29.969524
30,13,29.989342
30,14,29.996593
30,15,29.99901
30,16,29.99974
30,17,29.999939
30,18,29.999989
30,19,29.999998
30,2,12.298401
30,20,30.0
30,21,30.0
30,22,30.0
30,23,30.0
30,24,30.0
30,25,30.0
30,26,30.0
30,27,30.0
30,28,30.0
30,29,30.0
30,3,17.437374
30,4,21.581707
30,5,24.68996
30,6,26.856316
30,7,28.258076
30,8,29.09913
30,9,29.566387
31,0,0.0
31,1,6.3688145
31,10,29.806326
31,11,29.919983
31,12,29.969524
31,13,29.989342
31,14,29.996592
31,15,29.999008
31,16,29.99974
31,17,29.999939
31,18,29.999989
31,19,30.0
31,2,12.2984
31,20,30.0
31,21,30.0
31,22,30.0
31,23,30.0
31,24,30.0
31,25,30.0
31,26,30.0
31,27,30.0
31,28,30.0
31,29,30.0
31,3,17.437374
31,4,21.581709
31,5,24.68996
31,6,26.856316
31,7,28.258076
31,8,29.09913
31,9,29.566385
32,0,0.0
32,1,6.3688145
32,10,29.806326
32,11,29.919983
32,12,29.969524
32,13,29.98934
32,14,29.996593
32,15,29.999008
32,16,29.99974
32,17,29.999939
32,18,29.999989
32,19,29.999998
32,2,12.298401
32,20,30.0
32,21,30.0
32,22,30.0
32,23,30.0
32,24,30.0
32,25,30.0
32,26,30.0
32,27,30.0
32,28,30.0
32,29,30.0
32,3,17.437374
32,4,21.58171
32,5,24.68996
32,6,26.856316
32,7,28.258076
32,8,29.099133
32,9,29.566387
33,0,0.0
33,1,6.368815
33,10,29.806326
33,11,29.919983
33,12,29.969524
33,13,29.989342
33,14,29.99659
33,15,29.99901
33,16,29.999739
33,17,29.99994
33,18,29.999987
33,19,29.999998
33,2,12.2984
33,20,30.0
33,21,30.0
33,22,30.0
33,23,30.0
33,24,30.0
33,25,30.0
33,26,30.0
33,27,30.0
33,28,30.0
33,29,30.0
33,3,17.437376
33,4,21.581709
33,5,24.68996
33,6,26.856316
33,7,28.258076
33,8,29.099133
33,9,29.566387
34,0,0.0
34,1,6.3688145
34,10,29.806326
34,11,29.919983
34,12,29.969524
34,13,29.989342
34,14,29.996593
34,15,29.999008
34,16,29.99974
34,17,29.99994
34,18,29.999989
34,19,29.999998
34,2,12.298401
34,20,30.0
34,21,30.0
34,22,30.0
34,23,30.0
34,24,30.0
34,25,30.0
34,26,30.0
34,27,30.0
34,28,30.0
34,29,30.0
34,3,17.437374
34,4,21.58171
34,5,24.68996
34,6,26.856316
34,7,28.258076
34,8,29.099133
34,9,29.566387
35,0,0.0
35,1,6.368815
35,10,29.806326
35,11,29.919983
35,12,29.969524
35,13,29.989342
35,14,29.996593
35,15,29.99901
35,16,29.99974
35,17,29.99994
35,18,29.999989
35,19,29.999998
35,2,12.298401
35,20,30.0
35,21,30.0
35,22,30.0
35,23,30.0
35,24,30.0
35,25,30.0
35,26,30.0
35,27,30.0
35,28,30.0
35,29,30.0
35,3,17.437376
35,4,21.58171
35,5,24.68996
35,6,26.856316
35,7,28.258076
35,8,29.099133
35,9,29.566387
36,0,0.0
36,1,6.368815
36,10,29.806326
36,11,29.919983
36,12,29.969524
36,13,29.989342
36,14,29.996593
36,15,29.99901
36,16,29.99974
36,17,29.99994
36,18,29.999989
36,19,29.999998
36,2,12.298401
36,20,30.0
36,21,30.0
36,22,30.0
36,23,30.0
36,24,30.0
36,25,30.0
36,26,30.0
36,27,30.0
36,28,30.0
36,29,30.0
36,3,17.437376
36,4,21.58171
36,5,24.68996
36,6,26.856316
36,7,28.258076
36,8,29.099133
36,9,29.566387
37,0,0.0
37,1,6.3688145
37,10,29.806326
37,11,29.919983
37,12,29.969524
37,13,29.989342
37,14,29.996593
37,15,29.99901
37,16,29.99974
37,17,29.99994
37,18,29.999989
37,19,29.999998
37,2,12.298401
37,20,30.0
37,21,30.0
37,22,30.0
37,23,30.0
37,24,30.0
37,25,30.0
37,26,30.0
37,27,30.0
37,28,30.0
37,29,30.0
37,3,17.437376
37,4,21.58171
37,5,24.68996
37,6,26.856316
37,7,28.258076
37,8,29.099133
37,9,29.566387
38,0,0.0
38,1,6.3688145
38,10,29.806326
38,11,29.919983
38,12,29.969524
38,13,29.989342
38,14,29.996593
38,15,29.99901
38,16,29.99974
38,17,29.99994
38,18,29.999989
38,19,29.999998
38,2,12.298401
38,20,30.0
38,21,30.0
38,22,30.0
38,23,30.0
38,24,30.0
38,25,30.0
38,26,30.0
38,27,30.0
38,28,30.0
38,29,30.0
38,3,17.437374
38,4,21.58171
38,5,24.68996
38,6,26.856316
38,7,28.258076
38,8,29.099133
38,9,29.566387
39,0,0.0
39,1,6.3688145
39,10,29.806326
39,11,29.919983
39,12,29.969524
39,13,29.989342
39,14,29.996593
39,15,29.99901
39,16,29.99974
39,17,29.999939
39,18,29.999989
39,19,29.999998
39,2,12.2984
39,20,30.0
39,21,30.0
39,22,30.0
39,23,30.0
39,24,30.0
39,25,30.0
39,26,30.0
39,27,30.0
39,28,30.0
39,29,30.0
39,3,17.437376
39,4,21.581709
39,5,24.68996
39,6,26.856318
39,7,28.258076
39,8,29.099133
39,9,29.566383
4,0,0.0
4,1,4.5554123
4,10,21.434814
4,11,21.52065
4,12,21.558067
4,13,21.573391
4,14,21.579014
4,15,21.580997
4,16,21.581825
4,17,21.582684
4,18,21.584974
4,19,21.590622
4,2,8.796658
4,20,21.605696
4,21,21.639565
4,22,21.716473
4,23,21.871653
4,24,22.177525
4,25,22.729877
4,26,23.679523
4,27,25.177288
4,28,27.329277
4,29,30.0
4,3,12.485157
4,4,15.459752
4,5,17.706356
4,6,19.272171
4,7,20.2962
4,8,20.91062
4,9,21.25696
40,0,0.0
40,1,6.368814
40,10,29.806326
40,11,29.919983
40,12,29.969524
40,13,29.989342
40,14,29.996593
40,15,29.99901
40,16,29.99974
40,17,29.99994
40,18,29.999989
40,19,29.999998
40,2,12.2984
40,20,30.0
40,21,30.0
40,22,30.0
40,23,30.0
40,24,30.0
40,25,30.0
40,26,30.0
40,27,30.0
40,28,30.0
40,29,30.0
40,3,17.437374
40,4,21.581707
40,5,24.68996
40,6,26.856316
40,7,28.258076
40,8,29.099133
40,9,29.566385
41,0,0.0
41,1,6.368814
41,10,29.806326
41,11,29.919983
41,12,29.969524
41,13,29.989342
41,14,29.996593
41,15,29.999012
41,16,29.99974
41,17,29.999943
41,18,29.999989
41,19,30.0
41,2,12.2984
41,20,30.0
41,21,30.0
41,22,30.0
41,23,30.0
41,24,30.0
41,25,30.0
41,26,30.0
41,27,30.0
41,28,30.0
41,29,30.0
41,3,17.437374
41,4,21.581707
41,5,24.68996
41,6,26.856316
41,7,28.258076
41,8,29.099133
41,9,29.566387
42,0,0.0
42,1,6.3688145
42,10,29.806326
42,11,29.919981
42,12,29.969526
42,13,29.989342
42,14,29.996593
42,15,29.999012
42,16,29.99974
42,17,29.999943
42,18,29.999989
42,19,30.0
42,2,12.2984
42,20,30.0
42,21,30.0
42,22,30.0
42,23,30.0
42,24,30.0
42,25,30.0
42,26,30.0
42,27,30.0
42,28,30.0
42,29,30.0
42,3,17.437374
42,4,21.581709
42,5,24.689959
42,6,26.856316
42,7,28.258076
42,8,29.099133
42,9,29.566387
43,0,0.0
43,1,6.3688145
43,10,29.806326
43,11,29.919983
43,12,29.969524
43,13,29.989342
43,14,29.996593
43,15,29.999012
43,16,29.99974
43,17,29.999939
43,18,29.999989
43,19,30.0
43,2,12.2984
43,20,30.0
43,21,30.0
43,22,30.0
43,23,30.0
43,24,30.0
43,25,30.0
43,26,30.0
43,27,30.0
43,28,30.0
43,29,30.0
43,3,17.437374
43,4,21.581707
43,5,24.689959
43,6,26.856316
43,7,28.258076
43,8,29.099133
43,9,29.566385
44,0,0.0
44,1,6.368814
44,10,29.806326
44,11,29.919983
44,12,29.969524
44,13,29.989342
44,14,29.996593
44,15,29.999012
44,16,29.99974
44,17,29.999943
44,18,29.999989
44,19,30.0
44,2,12.2984
44,20,30.0
44,21,30.0
44,22,30.0
44,23,30.0
44,24,30.0
44,25,30.0
44,26,30.0
44,27,30.0
44,28,30.0
44,29,30.0
44,3,17.437374
44,4,21.581707
44,5,24.68996
44,6,26.856316
44,7,28.258076
44,8,29.099133
44,9,29.566385
45,0,0.0
45,1,6.3688135
45,10,29.806326
45,11,29.919981
45,12,29.969524
45,13,29.989342
45,14,29.996593
45,15,29.99901
45,16,29.99974
45,17,29.99994
45,18,29.999989
45,19,29.999998
45,2,12.298399
45,20,30.0
45,21,30.0
45,22,30.0
45,23,30.0
45,24,30.0
45,25,30.0
45,26,30.0
45,27,30.0
45,28,30.0
45,29,30.0
45,3,17.437374
45,4,21.581709
45,5,24.689959
45,6,26.856318
45,7,28.258076
45,8,29.09913
45,9,29.566385
46,0,0.0
46,1,6.3688135
46,10,29.806324
46,11,29.919983
46,12,29.969524
46,13,29.989342
46,14,29.996593
46,15,29.999012
46,16,29.99974
46,17,29.999943
46,18,29.999989
46,19,30.0
46,2,12.298399
46,20,30.0
46,21,30.0
46,22,30.0
46,23,30.0
46,24,30.0
46,25,30.0
46,26,30.0
46,27,30.0
46,28,30.0
46,29,30.0
46,3,17.437374
46,4,21.581707
46,5,24.68996
46,6,26.856316
46,7,28.258076
46,8,29.099133
46,9,29.566385
47,0,0.0
47,1,6.368814
47,10,29.806324
47,11,29.919981
47,12,29.969524
47,13,29.989342
47,14,29.99659
47,15,29.999012
47,16,29.99974
47,17,29.999939
47,18,29.999989
47,19,29.999998
47,2,12.2984
47,20,30.0
47,21,30.0
47,22,30.0
47,23,30.0
47,24,30.0
47,25,30.0
47,26,30.0
47,27,30.0
47,28,30.0
47,29,30.0
47,3,17.437374
47,4,21.581709
47,5,24.689959
47,6,26.856316
47,7,28.258076
47,8,29.09913
47,9,29.566385
48,0,0.0
48,1,6.3688145
48,10,29.806326
48,11,29.919983
48,12,29.969524
48,13,29.98934
48,14,29.996593
48,15,29.999008
48,16,29.99974
48,17,29.999943
48,18,29.999989
48,19,30.0
48,2,12.2984
48,20,30.0
48,21,30.0
48,22,30.0
48,23,30.0
48,24,30.0
48,25,30.0
48,26,30.0
48,27,30.0
48,28,30.0
48,29,30.0
48,3,17.437374
48,4,21.581709
48,5,24.68996
48,6,26.856316
48,7,28.258076
48,8,29.09913
48,9,29.566387
49,0,0.0
49,1,6.368814
49,10,29.806326
49,11,29.919983
49,12,29.969524
49,13,29.989342
49,14,29.99659
49,15,29.99901
49,16,29.99974
49,17,29.999943
49,18,29.999989
49,19,30.0
49,2,12.2984
49,20,30.0
49,21,30.0
49,22,30.0
49,23,30.0
49,24,30.0
49,25,30.0
49,26,30.0
49,27,30.0
49,28,30.0
49,29,30.0
49,3,17.437374
49,4,21.581709
49,5,24.68996
49,6,26.856316
49,7,28.258076
49,8,29.099133
49,9,29.566385
5,0,0.0
5,1,5.2159433
5,10,24.524355
5,11,24.62078
5,12,24.663486
5,13,24.680576
5,14,24.686956
5,15,24.689137
5,16,24.68995
5,17,24.690731
5,18,24.69236
5,19,24.697079
5,2,10.078866
5,20,24.708157
5,21,24.735403
5,22,24.79252
5,23,24.91163
5,24,25.133036
5,25,25.52883
5,26,26.1711
5,27,27.140633
5,28,28.448887
5,29,30.0
5,3,14.293398
5,4,17.706356
5,5,20.266073
5,6,22.062603
5,7,23.225065
5,8,23.929462
5,9,24.320795
50,0,0.0
50,1,6.3688145
50,10,29.806326
50,11,29.919981
50,12,29.969524
50,13,29.989342
50,14,29.996593
50,15,29.999008
50,16,29.99974
50,17,29.999939
50,18,29.999989
50,19,29.999998
50,2,12.298401
50,20,30.0
50,21,30.0
50,22,30.0
50,23,30.0
50,24,30.0
50,25,30.0
50,26,30.0
50,27,30.0
50,28,30.0
50,29,30.0
50,3,17.437374
50,4,21.58171
50,5,24.68996
50,6,26.856316
50,7,28.258078
50,8,29.09913
50,9,29.566387
51,0,0.0
51,1,6.368815
51,10,29.806324
51,11,29.919983
51,12,29.969524
51,13,29.989346
51,14,29.996593
51,15,29.99901
51,16,29.99974
51,17,29.999943
51,18,29.999989
51,19,30.0
51,2,12.298401
51,20,30.0
51,21,30.0
51,22,30.0
51,23,30.0
51,24,30.0
51,25,30.0
51,26,30.0
51,27,30.0
51,28,30.0
51,29,30.0
51,3,17.437374
51,4,21.58171
51,5,24.689962
51,6,26.856316
51,7,28.258076
51,8,29.099133
51,9,29.566383
52,0,0.0
52,1,6.3688145
52,10,29.806326
52,11,29.919983
52,12,29.969526
52,13,29.989344
52,14,29.996593
52,15,29.999012
52,16,29.99974
52,17,29.99994
52,18,29.999989
52,19,29.999998
52,2,12.298401
52,20,30.0
52,21,30.0
52,22,30.0
52,23,30.0
52,24,30.0
52,25,30.0
52,26,30.0
52,27,30.0
52,28,30.0
52,29,30.0
52,3,17.437376
52,4,21.58171
52,5,24.68996
52,6,26.856316
52,7,28.258076
52,8,29.099133
52,9,29.566385
53,0,0.0
53,1,6.3688145
53,10,29.806324
53,11,29.919983
53,12,29.969524
53,13,29.989342
53,14,29.996593
53,15,29.99901
53,16,29.99974
53,17,29.99994
53,18,29.999989
53,19,29.999998
53,2,12.298401
53,20,30.0
53,21,30.0
53,22,30.0
53,23,30.0
53,24,30.0
53,25,30.0
53,26,30.0
53,27,30.0
53,28,30.0
53,29,30.0
53,3,17.437374
53,4,21.581709
53,5,24.68996
53,6,26.856316
53,7,28.258076
53,8,29.09913
53,9,29.566387
54,0,0.0
54,1,6.368815
54,10,29.806328
54,11,29.919981
54,12,29.969528
54,13,29.989344
54,14,29.996593
54,15,29.999012
54,16,29.99974
54,17,29.99994
54,18,29.999989
54,19,29.999998
54,2,12.298401
54,20,30.0
54,21,30.0
54,22,30.0
54,23,30.0
54,24,30.0
54,25,30.0
54,26,30.0
54,27,30.0
54,28,30.0
54,29,30.0
54,3,17.437374
54,4,21.58171
54,5,24.68996
54,6,26.856318
54,7,28.258076
54,8,29.099133
54,9,29.566383
55,0,0.0
55,1,6.3688145
55,10,29.806326
55,11,29.919983
55,12,29.969524
55,13,29.989342
55,14,29.996595
55,15,29.999012
55,16,29.99974
55,17,29.999943
55,18,29.999989
55,19,30.0
55,2,12.298401
55,20,30.0
55,21,30.0
55,22,30.0
55,23,30.0
55,24,30.0
55,25,30.0
55,26,30.0
55,27,30.0
55,28,30.0
55,29,30.0
55,3,17.437376
55,4,21.58171
55,5,24.68996
55,6,26.856316
55,7,28.258076
55,8,29.09913
55,9,29.566383
56,0,0.0
56,1,6.3688145
56,10,29.806326
56,11,29.919983
56,12,29.969524
56,13,29.989344
56,14,29.996593
56,15,29.999012
56,16,29.99974
56,17,29.99994
56,18,29.999989
56,19,29.999998
56,2,12.298401
56,20,30.0
56,21,30.0
56,22,30.0
56,23,30.0
56,24,30.0
56,25,30.0
56,26,30.0
56,27,30.0
56,28,30.0
56,29,30.0
56,3,17.437374
56,4,21.58171
56,5,24.68996
56,6,26.856316
56,7,28.258076
56,8,29.09913
56,9,29.566383
57,0,0.0
57,1,6.368815
57,10,29.806326
57,11,29.919981
57,12,29.969524
57,13,29.989344
57,14,29.996593
57,15,29.999012
57,16,29.99974
57,17,29.999939
57,18,29.999989
57,19,29.999998
57,2,12.298401
57,20,30.0
57,21,30.0
57,22,30.0
57,23,30.0
57,24,30.0
57,25,30.0
57,26,30.0
57,27,30.0
57,28,30.0
57,29,30.0
57,3,17.437376
57,4,21.58171
57,5,24.68996
57,6,26.856316
57,7,28.258076
57,8,29.099133
57,9,29.566383
58,0,0.0
58,1,6.3688145
58,10,29.806326
58,11,29.919981
58,12,29.969524
58,13,29.989342
58,14,29.996593
58,15,29.99901
58,16,29.99974
58,17,29.999939
58,18,29.999987
58,19,29.999998
58,2,12.298403
58,20,30.0
58,21,30.0
58,22,30.0
58,23,30.0
58,24,30.0
58,25,30.0
58,26,30.0
58,27,30.0
58,28,30.0
58,29,30.0
58,3,17.437374
58,4,21.58171
58,5,24.68996
58,6,26.856318
58,7,28.258076
58,8,29.099133
58,9,29.566383
59,0,0.0
59,1,6.3688154
59,10,29.806326
59,11,29.919983
59,12,29.969524
59,13,29.989344
59,14,29.996593
59,15,29.999012
59,16,29.99974
59,17,29.999939
59,18,29.999987
59,19,29.999998
59,2,12.298399
59,20,30.0
59,21,30.0
59,22,30.0
59,23,30.0
59,24,30.0
59,25,30.0
59,26,30.0
59,27,30.0
59,28,30.0
59,29,30.0
59,3,17.437378
59,4,21.581707
59,5,24.68996
59,6,26.856316
59,7,28.258076
59,8,29.099133
59,9,29.566385
6,0,0.0
6,1,5.6822004
6,10,26.677673
6,11,26.782276
6,12,26.827873
6,13,26.846336
6,14,26.853104
6,15,26.855412
6,16,26.856228
6,17,26.856766
6,18,26.857994
6,19,26.860935
6,2,10.972525
6,20,26.868944
6,21,26.886562
6,22,26.926388
6,23,27.003723
6,24,27.150972
6,25,27.400515
6,26,27.80075
6,27,28.376703
6,28,29.131367
6,29,30.0
6,3,15.566971
6,4,19.27217
6,5,22.062603
6,6,24.007452
6,7,25.273733
6,8,26.033506
6,9,26.459116
60,0,0.0
60,1,6.3688135
60,10,29.806328
60,11,29.919983
60,12,29.969526
60,13,29.989344
60,14,29.996593
60,15,29.999008
60,16,29.99974
60,17,29.999939
60,18,29.999989
60,19,29.999998
60,2,12.298401
60,20,30.0
60,21,30.0
60,22,30.0
60,23,30.0
60,24,30.0
60,25,30.0
60,26,30.0
60,27,30.0
60,28,30.0
60,29,30.0
60,3,17.437374
60,4,21.58171
60,5,24.68996
60,6,26.856316
60,7,28.258076
60,8,29.099133
60,9,29.566385
61,0,0.0
61,1,6.3688145
61,10,29.806326
61,11,29.919983
61,12,29.969524
61,13,29.989344
61,14,29.996593
61,15,29.999012
61,16,29.99974
61,17,29.99994
61,18,29.999989
61,19,29.999998
61,2,12.2984
61,20,30.0
61,21,30.0
61,22,30.0
61,23,30.0
61,24,30.0
61,25,30.0
61,26,30.0
61,27,30.0
61,28,30.0
61,29,30.0
61,3,17.437376
61,4,21.581709
61,5,24.689962
61,6,26.856316
61,7,28.258076
61,8,29.099133
61,9,29.566387
62,0,0.0
62,1,6.368814
62,10,29.806328
62,11,29.919981
62,12,29.969528
62,13,29.989344
62,14,29.996595
62,15,29.999012
62,16,29.99974
62,17,29.999943
62,18,29.999989
62,19,29.999998
62,2,12.298401
62,20,30.0
62,21,30.0
62,22,30.0
62,23,30.0
62,24,30.0
62,25,30.0
62,26,30.0
62,27,30.0
62,28,30.0
62,29,30.0
62,3,17.437374
62,4,21.58171
62,5,24.689962
62,6,26.856316
62,7,28.258076
62,8,29.099133
62,9,29.566387
63,0,0.0
63,1,6.368815
63,10,29.806326
63,11,29.919983
63,12,29.969524
63,13,29.989346
63,14,29.996593
63,15,29.99901
63,16,29.99974
63,17,29.999943
63,18,29.999989
63,19,30.0
63,2,12.2984
63,20,30.0
63,21,30.0
63,22,30.0
63,23,30.0
63,24,30.0
63,25,30.0
63,26,30.0
63,27,30.0
63,28,30.0
63,29,30.0
63,3,17.437374
63,4,21.58171
63,5,24.689959
63,6,26.856318
63,7,28.258076
63,8,29.099133
63,9,29.566387
64,0,0.0
64,1,6.368814
64,10,29.806328
64,11,29.919981
64,12,29.969526
64,13,29.989344
64,14,29.996593
64,15,29.999012
64,16,29.99974
64,17,29.999943
64,18,29.999989
64,19,29.999998
64,2,12.2984
64,20,30.0
64,21,30.0
64,22,30.0
64,23,30.0
64,24,30.0
64,25,30.0
64,26,30.0
64,27,30.0
64,28,30.0
64,29,30.0
64,3,17.437374
64,4,21.581707
64,5,24.68996
64,6,26.856316
64,7,28.258076
64,8,29.099133
64,9,29.566387
65,0,0.0
65,1,6.3688135
65,10,29.806326
65,11,29.919983
65,12,29.969524
65,13,29.989344
65,14,29.996593
65,15,29.99901
65,16,29.99974
65,17,29.999943
65,18,29.999989
65,19,30.0
65,2,12.298399
65,20,30.0
65,21,30.0
65,22,30.0
65,23,30.0
65,24,30.0
65,25,30.0
65,26,30.0
65,27,30.0
65,28,30.0
65,29,30.0
65,3,17.437374
65,4,21.581709
65,5,24.689959
65,6,26.856318
65,7,28.258076
65,8,29.099133
65,9,29.566387
66,0,0.0
66,1,6.368813
66,10,29.806328
66,11,29.919981
66,12,29.969526
66,13,29.989344
66,14,29.996593
66,15,29.99901
66,16,29.99974
66,17,29.999943
66,18,29.999989
66,19,29.999998
66,2,12.298399
66,20,30.0
66,21,30.0
66,22,30.0
66,23,30.0
66,24,30.0
66,25,30.0
66,26,30.0
66,27,30.0
66,28,30.0
66,29,30.0
66,3,17.437374
66,4,21.581707
66,5,24.68996
66,6,26.856316
66,7,28.258076
66,8,29.099133
66,9,29.566387
67,0,0.0
67,1,6.368813
67,10,29.806326
67,11,29.919983
67,12,29.969524
67,13,29.989344
67,14,29.996593
67,15,29.99901
67,16,29.99974
67,17,29.999943
67,18,29.999989
67,19,30.0
67,2,12.298399
67,20,30.0
67,21,30.0
67,22,30.0
67,23,30.0
67,24,30.0
67,25,30.0
67,26,30.0
67,27,30.0
67,28,30.0
67,29,30.0
67,3,17.437374
67,4,21.581709
67,5,24.689959
67,6,26.856318
67,7,28.258076
67,8,29.099133
67,9,29.566387
68,0,0.0
68,1,6.3688135
68,10,29.806328
68,11,29.919983
68,12,29.969524
68,13,29.989344
68,14,29.996593
68,15,29.99901
68,16,29.99974
68,17,29.999943
68,18,29.999989
68,19,29.999998
68,2,12.298399
68,20,30.0
68,21,30.0
68,22,30.0
68,23,30.0
68,24,30.0
68,25,30.0
68,26,30.0
68,27,30.0
68,28,30.0
68,29,30.0
68,3,17.437374
68,4,21.581707
68,5,24.68996
68,6,26.856316
68,7,28.258076
68,8,29.099133
68,9,29.566387
69,0,0.0
69,1,6.3688135
69,10,29.806326
69,11,29.919983
69,12,29.969524
69,13,29.989342
69,14,29.996593
69,15,29.99901
69,16,29.99974
69,17,29.999943
69,18,29.999989
69,19,30.0
69,2,12.2984
69,20,30.0
69,21,30.0
69,22,30.0
69,23,30.0
69,24,30.0
69,25,30.0
69,26,30.0
69,27,30.0
69,28,30.0
69,29,30.0
69,3,17.437374
69,4,21.581709
69,5,24.689959
69,6,26.856318
69,7,28.258076
69,8,29.099133
69,9,29.566385
7,0,0.0
7,1,5.9838963
7,10,28.072197
7,11,28.180893
7,12,28.228619
7,13,28.247715
7,14,28.25476
7,15,28.257128
7,16,28.257902
7,17,28.258331
7,18,28.258993
7,19,28.26093
7,2,11.559156
7,20,28.265408
7,21,28.276651
7,22,28.299671
7,23,28.34735
7,24,28.43254
7,25,28.579727
7,26,28.805183
7,27,29.12704
7,28,29.535309
7,29,30.0
7,3,16.391048
7,4,20.2962
7,5,23.225063
7,6,25.273735
7,7,26.599346
7,8,27.398666
7,9,27.842735
70,0,0.0
70,1,6.3688145
70,10,29.806326
70,11,29.919983
70,12,29.969524
70,13,29.989344
70,14,29.996593
70,15,29.99901
70,16,29.99974
70,17,29.999939
70,18,29.999989
70,19,29.999998
70,2,12.298399
70,20,30.0
70,21,30.0
70,22,30.0
70,23,30.0
70,24,30.0
70,25,30.0
70,26,30.0
70,27,30.0
70,28,30.0
70,29,30.0
70,3,17.437374
70,4,21.581707
70,5,24.689959
70,6,26.856316
70,7,28.258076
70,8,29.099133
70,9,29.566385
71,0,0.0
71,1,6.3688145
71,10,29.806326
71,11,29.919981
71,12,29.969526
71,13,29.989344
71,14,29.996593
71,15,29.999012
71,16,29.99974
71,17,29.999943
71,18,29.999987
71,19,30.0
71,2,12.298399
71,20,30.0
71,21,30.0
71,22,30.0
71,23,30.0
71,24,30.0
71,25,30.0
71,26,30.0
71,27,30.0
71,28,30.0
71,29,30.0
71,3,17.437374
71,4,21.581707
71,5,24.689959
71,6,26.856316
71,7,28.258076
71,8,29.09913
71,9,29.566385
72,0,0.0
72,1,6.3688135
72,10,29.806326
72,11,29.919983
72,12,29.969524
72,13,29.989342
72,14,29.996593
72,15,29.99901
72,16,29.99974
72,17,29.999939
72,18,29.999989
72,19,29.999998
72,2,12.2984
72,20,30.0
72,21,30.0
72,22,30.0
72,23,30.0
72,24,30.0
72,25,30.0
72,26,30.0
72,27,30.0
72,28,30.0
72,29,30.0
72,3,17.437374
72,4,21.581707
72,5,24.689959
72,6,26.856316
72,7,28.258076
72,8,29.09913
72,9,29.566387
73,0,0.0
73,1,6.3688135
73,10,29.806324
73,11,29.919983
73,12,29.969524
73,13,29.989344
73,14,29.996593
73,15,29.99901
73,16,29.99974
73,17,29.999943
73,18,29.999989
73,19,30.0
73,2,12.298399
73,20,30.0
73,21,30.0
73,22,30.0
73,23,30.0
73,24,30.0
73,25,30.0
73,26,30.0
73,27,30.0
73,28,30.0
73,29,30.0
73,3,17.437374
73,4,21.581709
73,5,24.689959
73,6,26.856316
73,7,28.258076
73,8,29.099133
73,9,29.566383
74,0,0.0
74,1,6.3688135
74,10,29.806326
74,11,29.919981
74,12,29.969524
74,13,29.989342
74,14,29.996593
74,15,29.999012
74,16,29.99974
74,17,29.999943
74,18,29.999989
74,19,30.0
74,2,12.298399
74,20,30.0
74,21,30.0
74,22,30.0
74,23,30.0
74,24,30.0
74,25,30.0
74,26,30.0
74,27,30.0
74,28,30.0
74,29,30.0
74,3,17.437374
74,4,21.581707
74,5,24.689959
74,6,26.856316
74,7,28.258076
74,8,29.099133
74,9,29.566387
75,0,0.0
75,1,6.3688135
75,10,29.806324
75,11,29.919983
75,12,29.969524
75,13,29.989344
75,14,29.996593
75,15,29.99901
75,16,29.99974
75,17,29.999943
75,18,29.999989
75,19,30.0
75,2,12.298399
75,20,30.0
75,21,30.0
75,22,30.0
75,23,30.0
75,24,30.0
75,25,30.0
75,26,30.0
75,27,30.0
75,28,30.0
75,29,30.0
75,3,17.437374
75,4,21.581709
75,5,24.689959
75,6,26.856316
75,7,28.258076
75,8,29.099133
75,9,29.566383
76,0,0.0
76,1,6.3688135
76,10,29.806324
76,11,29.919981
76,12,29.969524
76,13,29.989342
76,14,29.996593
76,15,29.999008
76,16,29.99974
76,17,29.999939
76,18,29.999989
76,19,29.999998
76,2,12.298399
76,20,30.0
76,21,30.0
76,22,30.0
76,23,30.0
76,24,30.0
76,25,30.0
76,26,30.0
76,27,30.0
76,28,30.0
76,29,30.0
76,3,17.437374
76,4,21.581709
76,5,24.689959
76,6,26.856316
76,7,28.258076
76,8,29.099133
76,9,29.566385
77,0,0.0
77,1,6.3688135
77,10,29.806326
77,11,29.919981
77,12,29.969522
77,13,29.989342
77,14,29.996592
77,15,29.99901
77,16,29.999739
77,17,29.999939
77,18,29.999989
77,19,29.999998
77,2,12.2984
77,20,30.0
77,21,30.0
77,22,30.0
77,23,30.0
77,24,30.0
77,25,30.0
77,26,30.0
77,27,30.0
77,28,30.0
77,29,30.0
77,3,17.437374
77,4,21.581707
77,5,24.689959
77,6,26.856316
77,7,28.258076
77,8,29.099133
77,9,29.566383
78,0,0.0
78,1,6.3688135
78,10,29.806324
78,11,29.919981
78,12,29.969524
78,13,29.98934
78,14,29.996593
78,15,29.999008
78,16,29.999739
78,17,29.999939
78,18,29.999989
78,19,29.999998
78,2,12.2984
78,20,30.0
78,21,30.0
78,22,30.0
78,23,30.0
78,24,30.0
78,25,30.0
78,26,30.0
78,27,30.0
78,28,30.0
78,29,30.0
78,3,17.437374
78,4,21.581707
78,5,24.689959
78,6,26.856316
78,7,28.258076
78,8,29.09913
78,9,29.566383
79,0,0.0
79,1,6.3688145
79,10,29.806326
79,11,29.919981
79,12,29.969524
79,13,29.989342
79,14,29.996592
79,15,29.999012
79,16,29.99974
79,17,29.999943
79,18,29.999989
79,19,30.0
79,2,12.2984
79,20,30.0
79,21,30.0
79,22,30.0
79,23,30.0
79,24,30.0
79,25,30.0
79,26,30.0
79,27,30.0
79,28,30.0
79,29,30.0
79,3,17.437374
79,4,21.581709
79,5,24.689959
79,6,26.856318
79,7,28.258076
79,8,29.099133
79,9,29.566383
8,0,0.0
8,1,6.1682663
8,10,28.908913
8,11,29.02045
8,12,29.069073
8,13,29.088608
8,14,29.09576
8,15,29.098156
8,16,29.098917
8,17,29.099215
8,18,29.099632
8,19,29.100555
8,2,11.911135
8,20,29.10318
8,21,29.108881
8,22,29.122019
8,23,29.146938
8,24,29.19406
8,25,29.27105
8,26,29.391083
8,27,29.556318
8,28,29.765501
8,29,30.0
8,3,16.892992
8,4,20.910618
8,5,23.929462
8,6,26.033504
8,7,27.398666
8,8,28.217766
8,9,28.674416
80,0,0.0
80,1,6.3688154
80,10,29.806332
80,11,29.919985
80,12,29.969532
80,13,29.989346
80,14,29.996597
80,15,29.999014
80,16,29.999746
80,17,29.999947
80,18,29.999992
80,19,30.000002
80,2,12.298402
80,20,30.000004
80,21,30.000004
80,22,30.000004
80,23,30.000004
80,24,30.000004
80,25,30.000004
80,26,30.000004
80,27,30.000002
80,28,30.0
80,29,30.0
80,3,17.437378
80,4,21.581713
80,5,24.689964
80,6,26.85632
80,7,28.258081
80,8,29.099136
80,9,29.566391
81,0,0.0
81,1,6.3688226
81,10,29.806355
81,11,29.920012
81,12,29.969553
81,13,29.989372
81,14,29.99662
81,15,29.99904
81,16,29.999767
81,17,29.99997
81,18,30.00002
81,19,30.000027
81,2,12.298416
81,20,30.000029
81,21,30.000029
81,22,30.000029
81,23,30.000029
81,24,30.000027
81,25,30.000027
81,26,30.000021
81,27,30.000015
81,28,30.000008
81,29,30.0
81,3,17.437393
81,4,21.581736
81,5,24.689985
81,6,26.856346
81,7,28.258104
81,8,29.099161
81,9,29.566416
82,0,0.0
82,1,6.3688555
82,10,29.80647
82,11,29.920126
82,12,29.969667
82,13,29.989487
82,14,29.996735
82,15,29.999153
82,16,29.999884
82,17,30.000084
82,18,30.00013
82,19,30.000141
82,2,12.298475
82,20,30.000143
82,21,30.000143
82,22,30.000143
82,23,30.000137
82,24,30.000134
82,25,30.000122
82,26,30.000105
82,27,30.000076
82,28,30.00004
82,29,30.0
82,3,17.437479
82,4,21.58183
82,5,24.690094
82,6,26.856455
82,7,28.258219
82,8,29.099276
82,9,29.566528
83,0,0.0
83,1,6.3689837
83,10,29.806934
83,11,29.920591
83,12,29.970133
83,13,29.98995
83,14,29.9972
83,15,29.999619
83,16,30.000347
83,17,30.00055
83,18,30.000597
83,19,30.000607
83,2,12.298721
83,20,30.000607
83,21,30.000607
83,22,30.000597
83,23,30.000587
83,24,30.000559
83,25,30.000513
83,26,30.00043
83,27,30.000317
83,28,30.000166
83,29,30.0
83,3,17.437809
83,4,21.582226
83,5,24.690521
83,6,26.856907
83,7,28.258678
83,8,29.09974
83,9,29.566996
84,0,0.0
84,1,6.3694496
84,10,29.80864
84,11,29.922295
84,12,29.971838
84,13,29.991655
84,14,29.998905
84,15,30.00132
84,16,30.002052
84,17,30.00225
84,18,30.0023
84,19,30.00231
84,2,12.299592
84,20,30.00231
84,21,30.002298
84,22,30.00228
84,23,30.002218
84,24,30.002117
84,25,30.001913
84,26,30.001614
84,27,30.001167
84,28,30.000622
84,29,30.0
84,3,17.439014
84,4,21.583647
84,5,24.692093
84,6,26.858547
84,7,28.26036
84,8,29.101435
84,9,29.568695
85,0,0.0
85,1,6.3709536
85,10,29.814274
85,11,29.927935
85,12,29.977476
85,13,29.997295
85,14,30.004545
85,15,30.006962
85,16,30.007689
85,17,30.00789
85,18,30.007936
85,19,30.007948
85,2,12.302458
85,20,30.007933
85,21,30.007902
85,22,30.007801
85,23,30.007614
85,24,30.007202
85,25,30.006538
85,26,30.00544
85,27,30.003971
85,28,30.002083
85,29,30.0
85,3,17.44292
85,4,21.588333
85,5,24.697231
85,6,26.863968
85,7,28.265903
85,8,29.10704
85,9,29.574326
86,0,0.0
86,1,6.3754597
86,10,29.83118
86,11,29.944849
86,12,29.994392
86,13,30.014214
86,14,30.021463
86,15,30.023878
86,16,30.02461
86,17,30.024803
86,18,30.024853
86,19,30.024841
86,2,12.310923
86,20,30.024805
86,21,30.02466
86,22,30.02437
86,23,30.023668
86,24,30.022444
86,25,30.020199
86,26,30.01691
86,27,30.012196
86,28,30.006462
86,29,30.0
86,3,17.45463
86,4,21.602238
86,5,24.712633
86,6,26.880146
86,7,28.282526
86,8,29.12384
86,9,29.591206
87,0,0.0
87,1,6.387652
87,10,29.877388
87,11,29.991077
87,12,30.04063
87,13,30.060452
87,14,30.067703
87,15,30.07012
87,16,30.070847
87,17,30.071043
87,18,30.071072
87,19,30.071037
87,2,12.334116
87,20,30.070862
87,21,30.07048
87,22,30.069464
87,23,30.067562
87,24,30.063707
87,25,30.057564
87,26,30.047783
87,27,30.03471
87,28,30.018215
87,29,30.0
87,3,17.486355
87,4,21.640297
87,5,24.754498
87,6,26.924383
87,7,28.327854
87,8,29.169754
87,9,29.637318
88,0,0.0
88,1,6.418385
88,10,29.992876
88,11,30.106651
88,12,30.156221
88,13,30.176048
88,14,30.1833
88,15,30.185717
88,16,30.186443
88,17,30.186626
88,18,30.186628
88,19,30.186455
88,2,12.391913
88,20,30.186028
88,21,30.184786
88,22,30.18227
88,23,30.176706
88,24,30.167057
88,25,30.150118
88,26,30.125275
88,27,30.090364
88,28,30.047771
88,29,30.0
88,3,17.56611
88,4,21.735107
88,5,24.85943
88,6,27.034714
88,7,28.441278
88,8,29.284428
88,9,29.752625
89,0,0.0
89,1,6.4892898
89,10,30.257872
89,11,30.371775
89,12,30.421406
89,13,30.44124
89,14,30.448498
89,15,30.450912
89,16,30.451628
89,17,30.451792
89,18,30.451674
89,19,30.451275
89,2,12.526225
89,20,30.449982
89,21,30.447172
89,22,30.440378
89,23,30.42762
89,24,30.403027
89,25,30.363562
89,26,30.302095
89,27,30.219238
89,28,30.115282
89,29,30.0
89,3,17.749508
89,4,21.95419
89,5,25.100107
89,6,27.28856
89,7,28.701307
89,8,29.54773
89,9,30.017069
9,0,0.0
9,1,6.270694
9,10,29.374243
9,11,29.486874
9,12,29.536085
9,13,29.55577
9,14,29.562992
9,15,29.565401
9,16,29.566143
9,17,29.566395
9,18,29.566586
9,19,29.56709
9,2,12.110599
9,20,29.56823
9,21,29.57124
9,22,29.577324
9,23,29.590172
9,24,29.612635
9,25,29.651264
9,26,29.708693
9,27,29.789131
9,28,29.888437
9,29,30.0
9,3,17.17185
9,4,21.25696
9,5,24.320793
9,6,26.459114
9,7,27.842733
9,8,28.674416
9,9,29.136463
90,0,0.0
90,1,6.6425734
90,10,30.817274
90,11,30.931543
90,12,30.981234
90,13,31.0011
90,14,31.008356
90,15,31.010765
90,16,31.01147
90,17,31.011543
90,18,31.011257
90,19,31.010122
90,2,12.813494
90,20,31.007462
90,21,31.00045
90,22,30.986244
90,23,30.956264
90,24,30.903849
90,25,30.813717
90,26,30.679714
90,27,30.49203
90,28,30.260315
90,29,30.0
90,3,18.142872
90,4,22.41941
90,5,25.612011
90,6,27.825209
90,7,29.251654
90,8,30.103624
90,9,30.575695
91,0,0.0
91,1,6.9499283
91,10,31.907051
91,11,32.021637
91,12,32.071487
91,13,32.09135
91,14,32.09861
91,15,32.101013
91,16,32.10166
91,17,32.10163
91,18,32.10082
91,19,32.098698
91,2,13.390075
91,20,32.092583
91,21,32.079277
91,22,32.048626
91,23,31.990475
91,24,31.880531
91,25,31.700876
91,26,31.420807
91,27,31.035257
91,28,30.547165
91,29,30.0
91,3,18.922712
91,4,23.340445
91,5,26.615932
91,6,28.877043
91,7,30.325272
91,8,31.188158
91,9,31.663816
92,0,0.0
92,1,7.5328674
92,10,33.869095
92,11,33.9842
92,12,34.03398
92,13,34.053852
92,14,34.06108
92,15,34.063446
92,16,34.06404
92,17,34.063694
92,18,34.062305
92,19,34.057827
92,2,14.469017
92,20,34.04738
92,21,34.021156
92,22,33.96743
92,23,33.856186
92,24,33.657402
92,25,33.313972
92,26,32.787903
92,27,32.036903
92,28,31.08428
92,29,30.0
92,3,20.37377
92,4,25.030445
92,5,28.449924
92,6,30.782574
92,7,32.267105
92,8,33.143166
92,9,33.624702
93,0,0.0
93,1,8.57765
93,10,37.141212
93,11,37.255585
93,12,37.30512
93,13,37.324738
93,14,37.331886
93,15,37.334198
93,16,37.334625
93,17,37.334015
93,18,37.331306
93,19,37.324474
93,2,16.38351
93,20,37.305798
93,21,37.26468
93,22,37.17176
93,23,36.99131
93,24,36.647728
93,25,36.065464
93,26,35.131584
93,27,33.78769
93,28,32.026817
93,29,30.0
93,3,22.897804
93,4,27.937119
93,5,31.55936
93,6,33.995033
93,7,35.51911
93,8,36.41162
93,9,36.895966
94,0,0.0
94,1,10.38632
94,10,42.200752
94,11,42.312866
94,12,42.36085
94,13,42.37993
94,14,42.38681
94,15,42.388992
94,16,42.38931
94,17,42.388096
94,18,42.38445
94,19,42.373474
94,2,19.610092
94,20,42.347626
94,21,42.284058
94,22,42.150784
94,23,41.872856
94,24,41.356247
94,25,40.43273
94,26,38.934097
94,27,36.67186
94,28,33.619263
94,29,30.0
94,3,27.056396
94,4,32.61026
94,5,36.489285
94,6,39.023834
94,7,40.58333
94,8,41.478115
94,9,41.960266
95,0,0.0
95,1,13.457826
95,10,49.46606
95,11,49.570698
95,12,49.61561
95,13,49.633236
95,14,49.639618
95,15,49.64161
95,16,49.64167
95,17,49.640232
95,18,49.635017
95,19,49.621872
95,2,24.872368
95,20,49.586708
95,21,49.507675
95,22,49.328228
95,23,48.96614
95,24,48.25244
95,25,46.963623
95,26,44.74778
95,27,41.25299
95,28,36.23169
95,29,30.0
95,3,33.553413
95,4,39.693497
95,5,43.781273
95,6,46.36666
95,7,47.90796
95,8,48.778732
95,9,49.237976
96,0,0.0
96,1,18.772196
96,10,59.159904
96,11,59.251026
96,12,59.28952
96,13,59.304726
96,14,59.310158
96,15,59.3118
96,16,59.31179
96,17,59.30995
96,18,59.30471
96,19,59.289368
96,2,33.275467
96,20,59.252632
96,21,59.162212
96,22,58.96632
96,23,58.545483
96,24,57.714638
96,25,56.12019
96,26,53.246803
96,27,48.320732
96,28,40.56824
96,29,30.0
96,3,43.28389
96,4,49.799717
96,5,53.885742
96,6,56.346245
96,7,57.7715
96,8,58.5533
96,9,58.96133
97,0,0.0
97,1,28.583292
97,10,71.189735
97,11,71.25766
97,12,71.286514
97,13,71.29773
97,14,71.30177
97,15,71.30298
97,16,71.302826
97,17,71.30136
97,18,71.29638
97,19,71.2837
97,2,46.664776
97,20,71.24991
97,21,71.1721
97,22,70.99173
97,23,70.60976
97,24,69.81079
97,25,68.221466
97,26,65.10562
97,27,59.163353
97,28,48.19478
97,29,30.0
97,3,57.253883
97,4,63.398754
97,5,66.95142
97,6,68.98646
97,7,70.11878
97,8,70.72841
97,9,71.03905
98,0,0.0
98,1,49.106636
98,10,85.07791
98,11,85.11476
98,12,85.13017
98,13,85.13623
98,14,85.13838
98,15,85.13901
98,16,85.13893
98,17,85.13797
98,18,85.13524
98,19,85.12731
98,2,67.96237
98,20,85.10806
98,21,85.06021
98,22,84.95329
98,23,84.714714
98,24,84.2102
98,25,83.13901
98,26,80.857445
98,27,75.76013
98,28,63.43661
98,29,30.0
98,3,76.3282
98,4,80.46829
98,5,82.65909
98,6,83.846085
98,7,84.4886
98,8,84.82572
98,9,84.996506
99,0,0.0
99,1,100.0
99,10,100.0
99,11,100.0
99,12,100.0
99,13,100.0
99,14,100.0
99,15,100.0
99,16,100.0
99,17,100.0
99,18,100.0
99,19,100.0
99,2,100.0
99,20,100.0
99,21,100.0
99,22,100.0
99,23,100.0
99,24,100.0
99,25,100.0
99,26,100.0
99,27,100.0
99,28,100.0
99,29,30.0
99,3,100.0
99,4,100.0
99,5,100.0
99,6,100.0
99,7,100.0
99,8,100.0
99,9,100.0
