0,0,0.0
0,1,0.0
0,10,0.0
0,11,0.0
0,12,0.0
0,13,0.0
0,14,0.0
0,15,30.0
0,2,0.0
0,3,0.0
0,4,0.0
0,5,0.0
0,6,0.0
0,7,0.0
0,8,0.0
0,9,0.0
1,0,0.0
1,1,0.63564813
1,10,5.176386
1,11,5.9454594
1,12,7.2357154
1,13,9.73649
1,14,15.342251
1,15,30.0
1,2,1.2555203
1,3,1.8457209
1,4,2.3959363
1,5,2.9009113
1,6,3.3618786
1,7,3.788406
1,8,4.201602
1,9,4.640554
10,0,0.0
10,1,11.119806
10,10,49.44812
10,11,47.82359
10,12,45.030167
10,13,41.015003
10,14,35.873787
10,15,30.0
10,2,21.194105
10,3,29.671
10,4,36.44046
10,5,41.62554
10,6,45.420998
10,7,48.006413
10,8,49.508816
10,9,49.990376
11,0,0.0
11,1,14.543598
11,10,57.063053
11,11,54.924046
11,12,51.28422
11,13,45.88568
11,14,38.636482
11,15,30.0
11,2,27.116009
11,3,37.072548
11,4,44.574215
11,5,50.036335
11,6,53.86125
11,7,56.34954
11,8,57.684242
11,9,57.935062
12,0,0.0
12,1,19.938593
12,10,65.94505
12,11,63.525352
12,12,59.297062
12,13,52.60703
12,14,42.786476
12,15,30.0
12,2,35.653812
12,3,46.929016
12,4,54.747566
12,5,60.08439
12,6,63.63819
12,7,65.84633
12,8,66.94362
12,9,67.00263
13,0,0.0
13,1,29.556973
13,10,76.18921
13,11,73.93532
13,12,69.77165
13,13,62.45893
13,14,49.902412
13,15,30.0
13,2,48.631653
13,3,60.242172
13,4,67.402695
13,5,71.91551
13,6,74.76083
13,7,76.45401
13,8,77.24132
13,9,77.18686
14,0,0.0
14,1,49.65766
14,10,87.689644
14,11,86.255066
14,12,83.39534
14,13,77.55463
14,14,64.36426
14,15,30.0
14,2,69.07366
14,3,78.00535
14,4,82.70555
14,5,85.414185
14,6,87.03565
14,7,87.96761
14,8,88.380806
14,9,88.31432
15,0,0.0
15,1,100.0
15,10,100.0
15,11,100.0
15,12,100.0
15,13,100.0
15,14,100.0
15,15,30.0
15,2,100.0
15,3,100.0
15,4,100.0
15,5,100.0
15,6,100.0
15,7,100.0
15,8,100.0
15,9,100.0
2,0,0.0
2,1,1.2870765
2,10,10.119546
2,11,11.369751
2,12,13.260923
2,13,16.367998
2,14,21.632519
2,15,30.0
2,2,2.54072
2,3,3.7314386
2,4,4.8371267
2,5,5.845848
2,6,6.758215
2,7,7.590163
2,8,8.377466
2,9,9.184247
3,0,0.0
3,1,1.9719452
3,10,14.747837
3,11,16.153103
3,12,18.07025
3,13,20.84208
3,14,24.81983
3,15,30.0
3,2,3.8888614
3,3,5.702207
3,4,7.375313
3,5,8.887172
3,6,10.235005
3,7,11.436603
3,8,12.533894
3,9,13.599455
4,0,0.0
4,1,2.7118542
4,10,19.119287
4,11,20.424614
4,12,22.024925
4,13,24.110264
4,14,26.804737
4,15,30.0
4,2,5.340595
4,3,7.8132496
4,4,10.074784
4,5,12.092568
4,6,13.858084
4,7,15.387402
4,8,16.722103
4,9,17.931894
5,0,0.0
5,1,3.5348916
5,10,23.372868
5,11,24.401188
5,12,25.494616
5,13,26.76934
5,14,28.28887
5,15,30.0
5,2,6.9484415
5,3,10.135451
5,4,13.018059
5,5,15.550294
5,6,17.717422
5,7,19.53289
5,8,21.035294
5,9,22.286797
6,0,0.0
6,1,4.479287
6,10,27.684267
6,11,28.312717
6,12,28.783056
6,13,29.183645
6,14,29.581419
6,15,30.0
6,2,8.782862
6,3,12.7621
6,4,16.31177
6,5,19.373194
6,6,21.928497
6,7,23.99152
6,8,25.599464
6,9,26.807213
7,0,0.0
7,1,5.599414
7,10,32.24434
7,11,32.38243
7,12,32.14129
7,13,31.60081
7,14,30.853176
7,15,30.0
7,2,10.941653
7,3,15.818376
7,4,20.093788
7,5,23.702286
7,6,26.631943
7,7,28.90532
7,8,30.56392
7,9,31.6584
8,0,0.0
8,1,6.976733
8,10,37.252357
8,11,36.83143
8,12,35.79893
8,13,34.22515
8,14,32.230495
8,15,30.0
8,2,13.565999
8,3,19.476011
8,4,24.542793
8,5,28.7103
8,6,31.99175
8,7,34.433983
8,8,36.092587
8,9,37.01821
9,0,0.0
9,1,8.741539
9,10,42.91552
9,11,41.892097
9,12,39.997887
9,13,37.270424
9,14,33.84367
9,15,30.0
9,2,16.869637
9,3,23.976936
9,4,29.891144
9,5,34.604446
9,6,38.190872
9,7,40.746376
9,8,42.354317
9,9,43.069588
