0,0,0.0
0,1,0.0
0,10,0.0
0,11,0.0
0,12,0.0
0,13,0.0
0,14,0.0
0,15,0.0
0,16,0.0
0,17,0.0
0,18,0.0
0,19,0.0
0,2,0.0
0,20,0.0
0,21,0.0
0,22,0.0
0,23,0.0
0,24,0.0
0,25,0.0
0,26,0.0
0,27,0.0
0,28,0.0
0,29,30.0
0,3,0.0
0,4,0.0
0,5,0.0
0,6,0.0
0,7,0.0
0,8,0.0
0,9,0.0
1,0,0.0
1,1,0.30200922
1,10,2.394166
1,11,2.5242646
1,12,2.6360083
1,13,2.7319064
1,14,2.8152337
1,15,2.8896399
1,16,2.9595318
1,17,3.0300605
1,18,3.1075816
1,19,3.2002575
1,2,0.599316
1,20,3.3190405
1,21,3.4796672
1,22,3.705861
1,23,4.036275
1,24,4.5384626
1,25,5.342477
1,26,6.7269964
1,27,9.369526
1,28,15.150219
1,29,30.0
1,3,0.8873701
1,4,1.162195
1,5,1.4202206
1,6,1.6588763
1,7,1.8761251
1,8,2.0711186
1,9,2.2435272
10,0,0.0
10,1,2.3874662
10,10,18.891064
10,11,19.901936
10,12,20.758255
10,13,21.47728
10,14,22.07762
10,15,22.580227
10,16,23.006306
10,17,23.377726
10,18,23.7161
10,19,24.042622
10,2,4.737399
10,20,24.378052
10,21,24.741772
10,22,25.152157
10,23,25.624628
10,24,26.17168
10,25,26.799995
10,26,27.50992
10,27,28.2928
10,28,29.13134
10,29,30.0
10,3,7.0143633
10,4,9.185675
10,5,11.224362
10,6,13.108086
10,7,14.822321
10,8,16.357706
10,9,17.712921
11,0,0.0
11,1,2.513835
11,10,19.886599
11,11,20.948298
11,12,21.846838
11,13,22.598845
11,14,23.22424
11,15,23.743587
11,16,24.17863
11,17,24.550741
11,18,24.880949
11,19,25.189465
11,2,4.9882956
11,20,25.495106
11,21,25.815536
11,22,26.165958
11,23,26.55954
11,24,27.005426
11,25,27.508942
11,26,28.069456
11,27,28.680744
11,28,29.330091
11,29,30.0
11,3,7.385558
11,4,9.671977
11,5,11.818065
11,6,13.801541
11,7,15.605625
11,8,17.221916
11,9,18.647362
12,0,0.0
12,1,2.6200507
12,10,20.721653
12,11,21.82623
12,12,22.759243
12,13,23.538654
12,14,24.183865
12,15,24.716248
12,16,25.157114
12,17,25.527803
12,18,25.84872
12,19,26.139011
12,2,5.1988916
12,20,26.416477
12,21,26.696726
12,22,26.993607
12,23,27.317822
12,24,27.677467
12,25,28.076384
12,26,28.514729
12,27,28.987766
12,28,29.486916
12,29,30.0
12,3,7.69753
12,4,10.080151
12,5,12.31696
12,6,14.383537
12,7,16.26365
12,8,17.947088
12,9,19.43199
13,0,0.0
13,1,2.7077901
13,10,21.411526
13,11,22.550745
13,12,23.512283
13,13,24.31345
13,14,24.974594
13,15,25.516638
13,16,25.961227
13,17,26.329243
13,18,26.64064
13,19,26.913927
13,2,5.373107
13,20,27.165646
13,21,27.410576
13,22,27.660807
13,23,27.926317
13,24,28.213747
13,25,28.527094
13,26,28.866596
13,27,29.229584
13,28,29.610073
13,29,30.0
13,3,7.955229
13,4,10.417768
13,5,12.72904
13,6,14.864817
13,7,16.80711
13,8,18.54654
13,9,20.079838
14,0,0.0
14,1,2.7792304
14,10,21.971975
14,11,23.139585
14,12,24.12363
14,13,24.9424
14,14,25.615726
14,15,26.1651
14,16,26.611763
14,17,26.976562
14,18,27.279018
14,19,27.536947
14,2,5.5147285
14,20,27.766369
14,21,27.980873
14,22,28.192064
14,23,28.408684
14,24,28.637325
14,25,28.8815
14,26,29.14244
14,27,29.418518
14,28,29.70617
14,29,30.0
14,3,8.165035
14,4,10.69221
14,5,13.064474
14,6,15.256008
14,7,17.24934
14,8,19.033705
14,9,20.606766
15,0,0.0
15,1,2.8363798
15,10,22.420456
15,11,23.610231
15,12,24.612392
15,13,25.444668
15,14,26.12756
15,15,26.682156
15,16,27.129936
15,17,27.491405
15,18,27.785797
15,19,28.030577
15,2,5.6282153
15,20,28.24102
15,21,28.430386
15,22,28.609335
15,23,28.786509
15,24,28.967848
15,25,29.15733
15,26,29.356415
15,27,29.564844
15,28,29.780445
15,29,30.0
15,3,8.3328705
15,4,10.912098
15,5,13.332788
15,6,15.569355
15,7,17.60305
15,8,19.423769
15,9,21.028118
16,0,0.0
16,1,2.8814528
16,10,22.773302
16,11,23.980728
16,12,24.996706
16,13,25.839626
16,14,26.52959
16,15,27.088066
16,16,27.53623
16,17,27.894573
16,18,28.182068
16,19,28.41578
16,2,5.717551
16,20,28.610744
16,21,28.779564
16,22,28.932796
16,23,29.078465
16,24,29.222717
16,25,29.369373
16,26,29.52065
16,27,29.676891
16,28,29.8373
16,29,30.0
16,3,8.465223
16,4,11.085188
16,5,13.544337
16,6,15.815996
16,7,17.88183
16,8,19.730753
16,9,21.360054
17,0,0.0
17,1,2.9163666
17,10,23.046764
17,11,24.267511
17,12,25.294302
17,13,26.145123
17,14,26.840511
17,15,27.401648
17,16,27.849857
17,17,28.20543
17,18,28.487156
17,19,28.71194
17,2,5.786889
17,20,28.894398
17,21,29.04704
17,22,29.17992
17,23,29.301155
17,24,29.416588
17,25,29.53045
17,26,29.64511
17,27,29.76175
17,28,29.880287
17,29,30.0
17,3,8.567746
17,4,11.219507
17,5,13.708197
17,6,16.00734
17,7,18.09775
17,8,19.96881
17,9,21.617085
18,0,0.0
18,1,2.9430358
18,10,23.255102
18,11,24.486155
18,12,25.520916
18,13,26.377804
18,14,27.077072
18,15,27.640144
18,16,28.088154
18,17,28.441376
18,18,28.718483
18,19,28.936134
18,2,5.839738
18,20,29.108871
18,21,29.248848
18,22,29.366146
18,23,29.468561
18,24,29.562168
18,25,29.65112
18,26,29.738289
18,27,29.82516
18,28,29.912415
18,29,30.0
18,3,8.646048
18,4,11.321885
18,5,13.833317
18,6,16.153172
18,7,18.26256
18,8,20.15022
18,9,21.813183
19,0,0.0
19,1,2.9630368
19,10,23.411469
19,11,24.650032
19,12,25.690863
19,13,26.552105
19,14,27.254278
19,15,27.81863
19,16,28.26638
19,17,28.617691
19,18,28.891136
19,19,29.103312
19,2,5.8794622
19,20,29.268526
19,21,29.398937
19,22,29.504354
19,23,29.592701
19,24,29.669884
19,25,29.740356
19,26,29.807058
19,27,29.871962
19,28,29.936092
19,29,30.0
19,3,8.704772
19,4,11.398823
19,5,13.92715
19,6,16.262733
19,7,18.386147
19,8,20.286457
19,9,21.960209
2,0,0.0
2,1,0.5992968
2,10,4.7503114
2,11,5.0084057
2,12,5.229713
2,13,5.41964
2,14,5.584206
2,15,5.730822
2,16,5.8678246
2,17,6.005205
2,18,6.155012
2,19,6.332428
2,2,1.1891892
2,20,6.5576525
2,21,6.858552
2,22,7.2761407
2,23,7.873205
2,24,8.751828
2,25,10.085419
2,26,12.181623
2,27,15.591158
2,28,21.226486
2,29,30.0
2,3,1.7608591
2,4,2.3060718
2,5,2.8181975
2,6,3.291583
2,7,3.7227988
2,8,4.1094985
2,9,4.4516864
20,0,0.0
20,1,2.9778314
20,10,23.526806
20,11,24.77102
20,12,25.816172
20,13,26.680668
20,14,27.384855
20,15,27.950119
20,16,28.39757
20,17,28.74737
20,18,29.018026
20,19,29.226013
20,2,5.908775
20,20,29.385626
20,21,29.508821
20,22,29.605482
20,23,29.683353
20,24,29.748512
20,25,29.805367
20,26,29.857159
20,27,29.905996
20,28,29.953323
20,29,30.0
20,3,8.748203
20,4,11.455595
20,5,13.996531
20,6,16.343575
20,7,18.477499
20,8,20.386967
20,9,22.068829
21,0,0.0
21,1,2.9885721
21,10,23.610626
21,11,24.858816
21,12,25.90717
21,13,26.773918
21,14,27.479582
21,15,28.045422
21,16,28.492617
21,17,28.841253
21,18,29.109806
21,19,29.314709
21,2,5.930109
21,20,29.47015
21,21,29.588106
21,22,29.678318
21,23,29.748623
21,24,29.805017
21,25,29.852087
21,26,29.893099
21,27,29.930428
21,28,29.965672
21,29,30.0
21,3,8.779735
21,4,11.496906
21,5,14.0469
21,6,16.402382
21,7,18.543814
21,8,20.460052
21,9,22.147669
22,0,0.0
22,1,2.9962645
22,10,23.670477
22,11,24.92157
22,12,25.97212
22,13,26.840523
22,14,27.547165
22,15,28.113417
22,16,28.560375
22,17,28.908146
22,18,29.17516
22,19,29.3778
22,2,5.945348
22,20,29.53025
22,21,29.644398
22,22,29.730019
22,23,29.794876
22,24,29.845062
22,25,29.885138
22,26,29.918533
22,27,29.94769
22,28,29.974405
22,29,30.0
22,3,8.802315
22,4,11.526413
22,5,14.082959
22,6,16.444386
22,7,18.59127
22,8,20.512249
22,9,22.20406
23,0,0.0
23,1,3.0016701
23,10,23.712584
23,11,24.965652
23,12,26.017788
23,13,26.887287
23,14,27.594639
23,15,28.161133
23,16,28.607918
23,17,28.95505
23,18,29.220951
23,19,29.421991
23,2,5.9560847
23,20,29.572296
23,21,29.683765
23,22,29.766129
23,23,29.827179
23,24,29.872984
23,25,29.908192
23,26,29.936247
23,27,29.95972
23,28,29.98048
23,29,30.0
23,3,8.81818
23,4,11.5472
23,5,14.108297
23,6,16.473967
23,7,18.624615
23,8,20.54899
23,9,22.24368
24,0,0.0
24,1,3.0054173
24,10,23.741684
24,11,24.996155
24,12,26.049343
24,13,26.919624
24,14,27.627426
24,15,28.194096
24,16,28.640734
24,17,28.987413
24,18,29.252535
24,19,29.452442
24,2,5.963508
24,20,29.601263
24,21,29.710861
24,22,29.790974
24,23,29.849377
24,24,29.892174
24,25,29.924013
24,26,29.94841
24,27,29.967966
24,28,29.984652
24,29,30.0
24,3,8.829179
24,4,11.56157
24,5,14.125856
24,6,16.494413
24,7,18.647713
24,8,20.574387
24,9,22.27111
25,0,0.0
25,1,3.007966
25,10,23.761501
25,11,25.01689
25,12,26.070816
25,13,26.941597
25,14,27.64972
25,15,28.216488
25,16,28.663025
25,17,29.009388
25,18,29.273964
25,19,29.4731
25,2,5.96857
25,20,29.620895
25,21,29.729221
25,22,29.807793
25,23,29.864405
25,24,29.90515
25,25,29.934715
25,26,29.956627
25,27,29.973543
25,28,29.987469
25,29,30.0
25,3,8.8366585
25,4,11.571368
25,5,14.137797
25,6,16.50835
25,7,18.66342
25,8,20.59169
25,9,22.28976
26,0,0.0
26,1,3.009676
26,10,23.774755
26,11,25.030777
26,12,26.08517
26,13,26.956306
26,14,27.664623
26,15,28.231459
26,16,28.677921
26,17,29.024063
26,18,29.288275
26,19,29.486881
26,2,5.9719567
26,20,29.633995
26,21,29.741459
26,22,29.819006
26,23,29.874413
26,24,29.913794
26,25,29.941835
26,26,29.962095
26,27,29.97725
26,28,29.98934
26,29,30.0
26,3,8.841676
26,4,11.577924
26,5,14.145805
26,6,16.517675
26,7,18.67395
26,8,20.603264
26,9,22.302258
27,0,0.0
27,1,3.0108013
27,10,23.78349
27,11,25.039911
27,12,26.094627
27,13,26.965977
27,14,27.674427
27,15,28.241306
27,16,28.687714
27,17,29.03371
27,18,29.297672
27,19,29.495937
27,2,5.9741917
27,20,29.64259
27,21,29.749493
27,22,29.826355
27,23,29.880976
27,24,29.919456
27,25,29.946503
27,26,29.965677
27,27,29.979675
27,28,29.990566
27,29,30.0
27,3,8.844977
27,4,11.582248
27,5,14.151075
27,6,16.523823
27,7,18.680878
27,8,20.610895
27,9,22.31048
28,0,0.0
28,1,3.0115316
28,10,23.789139
28,11,25.04583
28,12,26.100744
28,13,26.972239
28,14,27.680775
28,15,28.247671
28,16,28.69405
28,17,29.039946
28,18,29.303751
28,19,29.501783
28,2,5.975638
28,20,29.648144
28,21,29.754677
28,22,29.831102
28,23,29.885208
28,24,29.92311
28,25,29.949512
28,26,29.967983
28,27,29.981243
28,28,29.991356
28,29,30.0
28,3,8.84712
28,4,11.585048
28,5,14.154494
28,6,16.527805
28,7,18.685371
28,8,20.615833
28,9,22.315811
29,0,0.0
29,1,3.0119967
29,10,23.792744
29,11,25.049595
29,12,26.104643
29,13,26.976223
29,14,27.68481
29,15,28.251728
29,16,28.698076
29,17,29.043915
29,18,29.307611
29,19,29.505503
29,2,5.976561
29,20,29.651672
29,21,29.757969
29,22,29.834116
29,23,29.887896
29,24,29.925428
29,25,29.951416
29,26,29.969452
29,27,29.982235
29,28,29.99186
29,29,30.0
29,3,8.848484
29,4,11.586834
29,5,14.156671
29,6,16.530342
29,7,18.688232
29,8,20.618984
29,9,22.319202
3,0,0.0
3,1,0.88729024
3,10,7.0325136
3,11,7.4139633
3,12,7.741082
3,13,8.021046
3,14,8.26315
3,15,8.477625
3,16,8.676641
3,17,8.874092
3,18,9.086626
3,19,9.33481
3,2,1.7607573
3,20,9.644866
3,21,10.052134
3,22,10.605336
3,23,11.374956
3,24,12.464472
3,25,14.02879
3,26,16.294662
3,27,19.568111
3,28,24.155006
3,29,30.0
3,3,2.6070344
3,4,3.4144216
3,5,4.1724358
3,6,4.873496
3,7,5.511621
3,8,6.084272
3,9,6.590464
30,0,0.0
30,1,3.0122886
30,10,23.794996
30,11,25.051956
30,12,26.107079
30,13,26.978722
30,14,27.68734
30,15,28.254261
30,16,28.700596
30,17,29.046394
30,18,29.31003
30,19,29.507828
30,2,5.97714
30,20,29.653875
30,21,29.76003
30,22,29.835995
30,23,29.889576
30,24,29.926872
30,25,29.95261
30,26,29.970364
30,27,29.982857
30,28,29.992172
30,29,30.0
30,3,8.849341
30,4,11.587953
30,5,14.158037
30,6,16.531933
30,7,18.690025
30,8,20.620955
30,9,22.321331
31,0,0.0
31,1,3.0124686
31,10,23.796389
31,11,25.05341
31,12,26.108583
31,13,26.980255
31,14,27.688896
31,15,28.255821
31,16,28.702148
31,17,29.04792
31,18,29.311516
31,19,29.509256
31,2,5.9774966
31,20,29.655235
31,21,29.761292
31,22,29.837154
31,23,29.890602
31,24,29.927765
31,25,29.953339
31,26,29.970928
31,27,29.983234
31,28,29.992365
31,29,30.0
31,3,8.849869
31,4,11.588644
31,5,14.158878
31,6,16.532913
31,7,18.691132
31,8,20.62217
31,9,22.322638
32,0,0.0
32,1,3.0125775
32,10,23.797226
32,11,25.05429
32,12,26.109491
32,13,26.981188
32,14,27.689837
32,15,28.256767
32,16,28.703087
32,17,29.048843
32,18,29.312412
32,19,29.51012
32,2,5.9777136
32,20,29.656052
32,21,29.76206
32,22,29.83785
32,23,29.891228
32,24,29.928297
32,25,29.953785
32,26,29.971264
32,27,29.983467
32,28,29.99248
32,29,30.0
32,3,8.850189
32,4,11.589061
32,5,14.159389
32,6,16.533508
32,7,18.691801
32,8,20.622906
32,9,22.323433
33,0,0.0
33,1,3.0126424
33,10,23.79773
33,11,25.054813
33,12,26.110033
33,13,26.98174
33,14,27.690397
33,15,28.257328
33,16,28.703644
33,17,29.04939
33,18,29.31295
33,19,29.510633
33,2,5.9778423
33,20,29.65654
33,21,29.762512
33,22,29.838268
33,23,29.891594
33,24,29.928617
33,25,29.954042
33,26,29.971466
33,27,29.9836
33,28,29.99255
33,29,30.0
33,3,8.85038
33,4,11.589311
33,5,14.159693
33,6,16.533863
33,7,18.6922
33,8,20.623344
33,9,22.323906
34,0,0.0
34,1,3.0126808
34,10,23.798023
34,11,25.055119
34,12,26.110352
34,13,26.982063
34,14,27.690725
34,15,28.257656
34,16,28.703972
34,17,29.049713
34,18,29.31326
34,19,29.510935
34,2,5.9779177
34,20,29.656822
34,21,29.76278
34,22,29.838509
34,23,29.891813
34,24,29.928802
34,25,29.954197
34,26,29.97158
34,27,29.98368
34,28,29.992588
34,29,30.0
34,3,8.850491
34,4,11.5894575
34,5,14.15987
34,6,16.534071
34,7,18.692434
34,8,20.623604
34,9,22.324183
35,0,0.0
35,1,3.0127025
35,10,23.798191
35,11,25.055298
35,12,26.110535
35,13,26.98225
35,14,27.690914
35,15,28.257847
35,16,28.704159
35,17,29.049898
35,18,29.313442
35,19,29.511105
35,2,5.977961
35,20,29.65699
35,21,29.762928
35,22,29.838652
35,23,29.891935
35,24,29.928911
35,25,29.954287
35,26,29.97165
35,27,29.983725
35,28,29.99261
35,29,30.0
35,3,8.850555
35,4,11.5895405
35,5,14.159975
35,6,16.53419
35,7,18.69257
35,8,20.62375
35,9,22.324345
36,0,0.0
36,1,3.0127149
36,10,23.798288
36,11,25.055397
36,12,26.110638
36,13,26.982355
36,14,27.691021
36,15,28.257954
36,16,28.704266
36,17,29.050005
36,18,29.31354
36,19,29.511208
36,2,5.977986
36,20,29.657078
36,21,29.763016
36,22,29.838728
36,23,29.892008
36,24,29.928972
36,25,29.954336
36,26,29.971687
36,27,29.98375
36,28,29.992624
36,29,30.0
36,3,8.850592
36,4,11.589589
36,5,14.160031
36,6,16.53426
36,7,18.692646
36,8,20.623835
36,9,22.324434
37,0,0.0
37,1,3.012722
37,10,23.79834
37,11,25.055452
37,12,26.110695
37,13,26.982414
37,14,27.691078
37,15,28.258015
37,16,28.704327
37,17,29.05006
37,18,29.3136
37,19,29.511257
37,2,5.9779997
37,20,29.657135
37,21,29.763062
37,22,29.838772
37,23,29.892048
37,24,29.929005
37,25,29.954365
37,26,29.97171
37,27,29.983767
37,28,29.99263
37,29,30.0
37,3,8.850613
37,4,11.589615
37,5,14.160065
37,6,16.534294
37,7,18.692688
37,8,20.62388
37,9,22.324482
38,0,0.0
38,1,3.0127258
38,10,23.798368
38,11,25.055485
38,12,26.110725
38,13,26.982447
38,14,27.691113
38,15,28.258045
38,16,28.704357
38,17,29.050093
38,18,29.31363
38,19,29.51129
38,2,5.978007
38,20,29.657158
38,21,29.763092
38,22,29.838797
38,23,29.892067
38,24,29.929024
38,25,29.954378
38,26,29.971724
38,27,29.983772
38,28,29.992636
38,29,30.0
38,3,8.850623
38,4,11.58963
38,5,14.160081
38,6,16.534315
38,7,18.69271
38,8,20.623905
38,9,22.324512
39,0,0.0
39,1,3.0127275
39,10,23.798386
39,11,25.055498
39,12,26.110744
39,13,26.982464
39,14,27.691132
39,15,28.258062
39,16,28.704372
39,17,29.05011
39,18,29.313648
39,19,29.511305
39,2,5.9780107
39,20,29.657177
39,21,29.763103
39,22,29.838806
39,23,29.89208
39,24,29.929033
39,25,29.954388
39,26,29.971727
39,27,29.98378
39,28,29.992638
39,29,30.0
39,3,8.850628
39,4,11.589638
39,5,14.160091
39,6,16.534328
39,7,18.692722
39,8,20.62392
39,9,22.324524
4,0,0.0
4,1,1.1619841
4,10,9.207734
4,11,9.706686
4,12,10.133587
4,13,10.498509
4,14,10.812566
4,15,11.089222
4,16,11.343269
4,17,11.591914
4,18,11.855051
4,19,12.156448
4,2,2.3057284
4,20,12.5257
4,21,13.000222
4,22,13.629501
4,23,14.478962
4,24,15.63662
4,25,17.216913
4,26,19.359604
4,27,22.20417
4,28,25.811718
4,29,30.0
4,3,3.4141126
4,4,4.4711776
4,5,5.464027
4,6,6.381711
4,7,7.2175107
4,8,7.9668713
4,9,8.629688
40,0,0.0
40,1,3.0127287
40,10,23.798391
40,11,25.055511
40,12,26.110748
40,13,26.982475
40,14,27.69114
40,15,28.258072
40,16,28.704382
40,17,29.050117
40,18,29.313656
40,19,29.511314
40,2,5.9780126
40,20,29.657185
40,21,29.763111
40,22,29.838816
40,23,29.892086
40,24,29.929039
40,25,29.954391
40,26,29.971731
40,27,29.98378
40,28,29.992638
40,29,30.0
40,3,8.850632
40,4,11.58964
40,5,14.160095
40,6,16.534332
40,7,18.69273
40,8,20.623928
40,9,22.324535
41,0,0.0
41,1,3.0127292
41,10,23.798399
41,11,25.055511
41,12,26.110758
41,13,26.982475
41,14,27.691147
41,15,28.258076
41,16,28.704388
41,17,29.050123
41,18,29.31366
41,19,29.511318
41,2,5.978014
41,20,29.657188
41,21,29.763115
41,22,29.83882
41,23,29.89209
41,24,29.929043
41,25,29.954395
41,26,29.971733
41,27,29.983782
41,28,29.99264
41,29,30.0
41,3,8.850633
41,4,11.589643
41,5,14.160097
41,6,16.534336
41,7,18.692732
41,8,20.623932
41,9,22.324537
42,0,0.0
42,1,3.0127296
42,10,23.798397
42,11,25.055515
42,12,26.110756
42,13,26.982483
42,14,27.691145
42,15,28.258081
42,16,28.704391
42,17,29.050125
42,18,29.31366
42,19,29.51132
42,2,5.978014
42,20,29.657188
42,21,29.763119
42,22,29.83882
42,23,29.89209
42,24,29.929043
42,25,29.954395
42,26,29.971733
42,27,29.983782
42,28,29.992641
42,29,30.0
42,3,8.850635
42,4,11.5896435
42,5,14.160099
42,6,16.534336
42,7,18.692734
42,8,20.623932
42,9,22.32454
43,0,0.0
43,1,3.0127296
43,10,23.7984
43,11,25.055515
43,12,26.11076
43,13,26.98248
43,14,27.69115
43,15,28.258081
43,16,28.704391
43,17,29.050125
43,18,29.313663
43,19,29.51132
43,2,5.978015
43,20,29.657192
43,21,29.763117
43,22,29.838821
43,23,29.892092
43,24,29.929043
43,25,29.954395
43,26,29.971733
43,27,29.983784
43,28,29.992641
43,29,30.0
43,3,8.850636
43,4,11.589645
43,5,14.160101
43,6,16.534338
43,7,18.692736
43,8,20.623934
43,9,22.32454
44,0,0.0
44,1,3.01273
44,10,23.7984
44,11,25.055515
44,12,26.11076
44,13,26.982483
44,14,27.691149
44,15,28.258083
44,16,28.704391
44,17,29.050125
44,18,29.313663
44,19,29.511322
44,2,5.978015
44,20,29.657192
44,21,29.76312
44,22,29.838821
44,23,29.892094
44,24,29.929043
44,25,29.954395
44,26,29.971735
44,27,29.983784
44,28,29.992641
44,29,30.0
44,3,8.850636
44,4,11.589645
44,5,14.160101
44,6,16.53434
44,7,18.692736
44,8,20.623934
44,9,22.324543
45,0,0.0
45,1,3.01273
45,10,23.7984
45,11,25.055515
45,12,26.11076
45,13,26.982483
45,14,27.69115
45,15,28.258083
45,16,28.704391
45,17,29.050125
45,18,29.313665
45,19,29.511322
45,2,5.978015
45,20,29.657192
45,21,29.763119
45,22,29.838823
45,23,29.892094
45,24,29.929045
45,25,29.954395
45,26,29.971737
45,27,29.983786
45,28,29.992641
45,29,30.0
45,3,8.850636
45,4,11.589645
45,5,14.160102
45,6,16.534338
45,7,18.692738
45,8,20.623934
45,9,22.324543
46,0,0.0
46,1,3.0127296
46,10,23.7984
46,11,25.055515
46,12,26.11076
46,13,26.982483
46,14,27.691147
46,15,28.258083
46,16,28.70439
46,17,29.050127
46,18,29.313663
46,19,29.511324
46,2,5.978015
46,20,29.657192
46,21,29.763123
46,22,29.838821
46,23,29.892094
46,24,29.929043
46,25,29.954395
46,26,29.971735
46,27,29.983784
46,28,29.992641
46,29,30.0
46,3,8.850635
46,4,11.589646
46,5,14.160101
46,6,16.53434
46,7,18.692738
46,8,20.623936
46,9,22.324543
47,0,0.0
47,1,3.0127296
47,10,23.7984
47,11,25.055515
47,12,26.11076
47,13,26.982481
47,14,27.691147
47,15,28.25808
47,16,28.704391
47,17,29.050125
47,18,29.313667
47,19,29.511322
47,2,5.978015
47,20,29.657194
47,21,29.763119
47,22,29.838825
47,23,29.89209
47,24,29.929043
47,25,29.954395
47,26,29.971735
47,27,29.983784
47,28,29.992641
47,29,30.0
47,3,8.850636
47,4,11.589645
47,5,14.160101
47,6,16.534338
47,7,18.692736
47,8,20.623934
47,9,22.324543
48,0,0.0
48,1,3.0127296
48,10,23.7984
48,11,25.055515
48,12,26.11076
48,13,26.982483
48,14,27.691147
48,15,28.25808
48,16,28.704391
48,17,29.05013
48,18,29.313663
48,19,29.511322
48,2,5.978015
48,20,29.65719
48,21,29.763123
48,22,29.83882
48,23,29.892094
48,24,29.929043
48,25,29.954395
48,26,29.971733
48,27,29.983784
48,28,29.99264
48,29,30.0
48,3,8.850635
48,4,11.589645
48,5,14.160099
48,6,16.534336
48,7,18.692734
48,8,20.623934
48,9,22.324541
49,0,0.0
49,1,3.01273
49,10,23.7984
49,11,25.055515
49,12,26.11076
49,13,26.982483
49,14,27.691147
49,15,28.25808
49,16,28.704393
49,17,29.050127
49,18,29.313665
49,19,29.51132
49,2,5.978015
49,20,29.657194
49,21,29.763119
49,22,29.838825
49,23,29.89209
49,24,29.929045
49,25,29.954395
49,26,29.971733
49,27,29.98378
49,28,29.99264
49,29,30.0
49,3,8.850636
49,4,11.589645
49,5,14.1601
49,6,16.534336
49,7,18.692734
49,8,20.623932
49,9,22.324541
5,0,0.0
5,1,1.4197673
5,10,11.248618
5,11,11.856754
5,12,12.376811
5,13,12.819753
5,14,13.199561
5,15,13.531351
5,16,13.832615
5,17,14.122572
5,18,14.423164
5,19,14.759836
5,2,2.817394
5,20,15.162542
5,21,15.667988
5,22,16.32085
5,23,17.176813
5,24,18.302603
5,25,19.775196
5,26,21.671131
5,27,24.042805
5,28,26.870258
5,29,30.0
5,3,4.171495
5,4,5.4632983
5,5,6.6760483
5,6,7.7975307
5,7,8.818184
5,8,9.733812
5,9,10.542797
50,0,0.0
50,1,3.0127296
50,10,23.7984
50,11,25.055517
50,12,26.11076
50,13,26.982483
50,14,27.691147
50,15,28.258083
50,16,28.704393
50,17,29.05013
50,18,29.313662
50,19,29.511324
50,2,5.978015
50,20,29.657188
50,21,29.763123
50,22,29.83882
50,23,29.892094
50,24,29.929043
50,25,29.954395
50,26,29.971733
50,27,29.983784
50,28,29.99264
50,29,30.0
50,3,8.850635
50,4,11.589645
50,5,14.160099
50,6,16.534338
50,7,18.692736
50,8,20.623932
50,9,22.324541
51,0,0.0
51,1,3.0127296
51,10,23.7984
51,11,25.055515
51,12,26.11076
51,13,26.982483
51,14,27.691147
51,15,28.258083
51,16,28.704393
51,17,29.050127
51,18,29.313665
51,19,29.511318
51,2,5.9780145
51,20,29.657194
51,21,29.763117
51,22,29.838825
51,23,29.89209
51,24,29.929043
51,25,29.954391
51,26,29.971737
51,27,29.983782
51,28,29.992641
51,29,30.0
51,3,8.850636
51,4,11.589644
51,5,14.1601
51,6,16.534336
51,7,18.692734
51,8,20.623932
51,9,22.324541
52,0,0.0
52,1,3.0127296
52,10,23.7984
52,11,25.055515
52,12,26.11076
52,13,26.982483
52,14,27.69115
52,15,28.258083
52,16,28.704395
52,17,29.050129
52,18,29.313663
52,19,29.511322
52,2,5.978015
52,20,29.657188
52,21,29.76312
52,22,29.838821
52,23,29.89209
52,24,29.92904
52,25,29.954395
52,26,29.971731
52,27,29.983784
52,28,29.99264
52,29,30.0
52,3,8.850635
52,4,11.589645
52,5,14.160099
52,6,16.534336
52,7,18.692734
52,8,20.623932
52,9,22.32454
53,0,0.0
53,1,3.0127296
53,10,23.7984
53,11,25.055515
53,12,26.11076
53,13,26.982483
53,14,27.69115
53,15,28.258083
53,16,28.704391
53,17,29.050129
53,18,29.313663
53,19,29.511318
53,2,5.978015
53,20,29.657192
53,21,29.763117
53,22,29.838821
53,23,29.89209
53,24,29.929043
53,25,29.954395
53,26,29.971737
53,27,29.983784
53,28,29.992641
53,29,30.0
53,3,8.850636
53,4,11.589645
53,5,14.1601
53,6,16.534336
53,7,18.692736
53,8,20.623932
53,9,22.324541
54,0,0.0
54,1,3.0127296
54,10,23.7984
54,11,25.055515
54,12,26.11076
54,13,26.982483
54,14,27.691147
54,15,28.258081
54,16,28.704395
54,17,29.050125
54,18,29.313663
54,19,29.511322
54,2,5.978015
54,20,29.657188
54,21,29.763117
54,22,29.838821
54,23,29.89209
54,24,29.929043
54,25,29.954395
54,26,29.971735
54,27,29.983784
54,28,29.992641
54,29,30.0
54,3,8.850635
54,4,11.589645
54,5,14.160099
54,6,16.534338
54,7,18.692734
54,8,20.623934
54,9,22.32454
55,0,0.0
55,1,3.0127301
55,10,23.7984
55,11,25.055517
55,12,26.11076
55,13,26.982483
55,14,27.69115
55,15,28.258083
55,16,28.704393
55,17,29.05013
55,18,29.313665
55,19,29.511322
55,2,5.978015
55,20,29.657192
55,21,29.763119
55,22,29.838823
55,23,29.892092
55,24,29.929047
55,25,29.954395
55,26,29.971733
55,27,29.983782
55,28,29.992641
55,29,30.0
55,3,8.850636
55,4,11.589644
55,5,14.160101
55,6,16.534336
55,7,18.692738
55,8,20.623932
55,9,22.324543
56,0,0.0
56,1,3.0127301
56,10,23.798405
56,11,25.05552
56,12,26.110764
56,13,26.982485
56,14,27.691153
56,15,28.258087
56,16,28.704395
56,17,29.05013
56,18,29.313665
56,19,29.511324
56,2,5.9780154
56,20,29.657192
56,21,29.763123
56,22,29.838825
56,23,29.892096
56,24,29.929045
56,25,29.954395
56,26,29.971733
56,27,29.983784
56,28,29.992641
56,29,30.0
56,3,8.850636
56,4,11.589646
56,5,14.160101
56,6,16.53434
56,7,18.692734
56,8,20.623936
56,9,22.324543
57,0,0.0
57,1,3.0127308
57,10,23.798405
57,11,25.055523
57,12,26.110764
57,13,26.982489
57,14,27.691154
57,15,28.258087
57,16,28.7044
57,17,29.050133
57,18,29.31367
57,19,29.511328
57,2,5.978016
57,20,29.657198
57,21,29.763123
57,22,29.838827
57,23,29.892096
57,24,29.929047
57,25,29.954397
57,26,29.971737
57,27,29.983784
57,28,29.992641
57,29,30.0
57,3,8.850637
57,4,11.589646
57,5,14.160105
57,6,16.53434
57,7,18.692741
57,8,20.623936
57,9,22.324547
58,0,0.0
58,1,3.012731
58,10,23.79841
58,11,25.055527
58,12,26.110771
58,13,26.982494
58,14,27.69116
58,15,28.258091
58,16,28.704403
58,17,29.050137
58,18,29.313673
58,19,29.511332
58,2,5.9780183
58,20,29.657202
58,21,29.76313
58,22,29.838829
58,23,29.892101
58,24,29.92905
58,25,29.954403
58,26,29.971737
58,27,29.983786
58,28,29.992641
58,29,30.0
58,3,8.850638
58,4,11.589651
58,5,14.160106
58,6,16.534346
58,7,18.692741
58,8,20.623943
58,9,22.32455
59,0,0.0
59,1,3.012733
59,10,23.798422
59,11,25.055538
59,12,26.110783
59,13,26.982504
59,14,27.691172
59,15,28.258104
59,16,28.704412
59,17,29.050148
59,18,29.313684
59,19,29.511341
59,2,5.9780197
59,20,29.657213
59,21,29.763136
59,22,29.83884
59,23,29.892105
59,24,29.929058
59,25,29.954407
59,26,29.971743
59,27,29.98379
59,28,29.992641
59,29,30.0
59,3,8.850644
59,4,11.589654
59,5,14.160114
59,6,16.534351
59,7,18.692753
59,8,20.623951
59,9,22.324562
6,0,0.0
6,1,1.658011
6,10,13.132624
6,11,13.841528
6,12,14.446171
6,13,14.960133
6,14,15.3982315
6,15,15.778017
6,16,16.118195
6,17,16.43966
6,18,16.765282
6,19,17.120562
6,2,3.2899842
6,20,17.53471
6,21,18.04091
6,22,18.678047
6,23,19.489824
6,24,20.524815
6,25,21.830942
6,26,23.447176
6,27,25.385208
6,28,27.60631
6,29,30.0
6,3,4.871441
6,4,6.379627
6,5,7.79605
6,6,9.105112
6,7,10.29708
6,8,11.365445
6,9,12.30983
60,0,0.0
60,1,3.012735
60,10,23.798443
60,11,25.055557
60,12,26.110804
60,13,26.982525
60,14,27.691193
60,15,28.258125
60,16,28.704437
60,17,29.050169
60,18,29.313705
60,19,29.511362
60,2,5.9780264
60,20,29.657228
60,21,29.763157
60,22,29.838854
60,23,29.89212
60,24,29.929068
60,25,29.954418
60,26,29.97175
60,27,29.983791
60,28,29.992645
60,29,30.0
60,3,8.850651
60,4,11.589666
60,5,14.160124
60,6,16.534369
60,7,18.692768
60,8,20.62397
60,9,22.32458
61,0,0.0
61,1,3.0127406
61,10,23.798477
61,11,25.055597
61,12,26.110844
61,13,26.982567
61,14,27.691235
61,15,28.258167
61,16,28.704475
61,17,29.05021
61,18,29.313744
61,19,29.511398
61,2,5.9780354
61,20,29.657265
61,21,29.763187
61,22,29.838884
61,23,29.892147
61,24,29.929092
61,25,29.954435
61,26,29.971764
61,27,29.983805
61,28,29.99265
61,29,30.0
61,3,8.850667
61,4,11.5896845
61,5,14.160151
61,6,16.534393
61,7,18.6928
61,8,20.624004
61,9,22.324615
62,0,0.0
62,1,3.0127497
62,10,23.79855
62,11,25.05567
62,12,26.11092
62,13,26.982645
62,14,27.69131
62,15,28.258245
62,16,28.704556
62,17,29.050285
62,18,29.313818
62,19,29.51147
62,2,5.9780555
62,20,29.65733
62,21,29.763248
62,22,29.83894
62,23,29.892197
62,24,29.929134
62,25,29.95447
62,26,29.97179
62,27,29.98382
62,28,29.99266
62,29,30.0
62,3,8.850693
62,4,11.589722
62,5,14.1601925
62,6,16.534447
62,7,18.692856
62,8,20.624065
62,9,22.324682
63,0,0.0
63,1,3.0127673
63,10,23.79868
63,11,25.055805
63,12,26.111057
63,13,26.982786
63,14,27.691452
63,15,28.258387
63,16,28.704693
63,17,29.050425
63,18,29.313951
63,19,29.511597
63,2,5.9780884
63,20,29.657454
63,21,29.763361
63,22,29.839043
63,23,29.892288
63,24,29.929213
63,25,29.954535
63,26,29.97184
63,27,29.983854
63,28,29.992676
63,29,30.0
63,3,8.850746
63,4,11.589787
63,5,14.1602745
63,6,16.534536
63,7,18.69296
63,8,20.624178
63,9,22.324802
64,0,0.0
64,1,3.0127978
64,10,23.798908
64,11,25.056047
64,12,26.111305
64,13,26.983036
64,14,27.691708
64,15,28.25864
64,16,28.704947
64,17,29.050669
64,18,29.314188
64,19,29.511826
64,2,5.9781513
64,20,29.65767
64,21,29.763565
64,22,29.83923
64,23,29.892452
64,24,29.929354
64,25,29.95465
64,26,29.97193
64,27,29.983915
64,28,29.992706
64,29,30.0
64,3,8.850834
64,4,11.589907
64,5,14.160416
64,6,16.534706
64,7,18.693146
64,8,20.624384
64,9,22.325024
65,0,0.0
65,1,3.0128539
65,10,23.79932
65,11,25.056473
65,12,26.111742
65,13,26.983482
65,14,27.692154
65,15,28.259087
65,16,28.705389
65,17,29.051105
65,18,29.314611
65,19,29.512232
65,2,5.978259
65,20,29.65805
65,21,29.763922
65,22,29.839554
65,23,29.892742
65,24,29.929605
65,25,29.954859
65,26,29.972088
65,27,29.984024
65,28,29.992762
65,29,30.0
65,3,8.850998
65,4,11.590115
65,5,14.160672
65,6,16.535
65,7,18.69348
65,8,20.624744
65,9,22.32541
66,0,0.0
66,1,3.012949
66,10,23.800034
66,11,25.057213
66,12,26.112507
66,13,26.984257
66,14,27.692936
66,15,28.259869
66,16,28.706161
66,17,29.051863
66,18,29.315348
66,19,29.512938
66,2,5.978451
66,20,29.658722
66,21,29.764544
66,22,29.840124
66,23,29.89325
66,24,29.930042
66,25,29.955215
66,26,29.972363
66,27,29.98421
66,28,29.992855
66,29,30.0
66,3,8.851276
66,4,11.590483
66,5,14.161116
66,6,16.535517
66,7,18.694056
66,8,20.625378
66,9,22.326088
67,0,0.0
67,1,3.0131145
67,10,23.801252
67,11,25.058483
67,12,26.113808
67,13,26.985582
67,14,27.694275
67,15,28.261202
67,16,28.707483
67,17,29.053158
67,18,29.316605
67,19,29.514145
67,2,5.9787755
67,20,29.659864
67,21,29.76561
67,22,29.841095
67,23,29.894115
67,24,29.930786
67,25,29.955828
67,26,29.972834
67,27,29.984528
67,28,29.993017
67,29,30.0
67,3,8.851759
67,4,11.591108
67,5,14.161878
67,6,16.536398
67,7,18.695045
67,8,20.626457
67,9,22.327248
68,0,0.0
68,1,3.0133915
68,10,23.803307
68,11,25.060616
68,12,26.116001
68,13,26.987814
68,14,27.696518
68,15,28.263447
68,16,28.709705
68,17,29.055338
68,18,29.318724
68,19,29.516178
68,2,5.9793267
68,20,29.661789
68,21,29.767399
68,22,29.842731
68,23,29.895573
68,24,29.932041
68,25,29.956861
68,26,29.973625
68,27,29.985064
68,28,29.993288
68,29,30.0
68,3,8.852569
68,4,11.592166
68,5,14.16316
68,6,16.537886
68,7,18.696709
68,8,20.62828
68,9,22.329193
69,0,0.0
69,1,3.0138528
69,10,23.806704
69,11,25.06415
69,12,26.119629
69,13,26.991503
69,14,27.70024
69,15,28.26716
69,16,28.71338
69,17,29.058945
69,18,29.322222
69,19,29.519535
69,2,5.9802375
69,20,29.664968
69,21,29.770363
69,22,29.845438
69,23,29.897984
69,24,29.93412
69,25,29.958572
69,26,29.974936
69,27,29.985952
69,28,29.993736
69,29,30.0
69,3,8.853914
69,4,11.593916
69,5,14.165285
69,6,16.540346
69,7,18.69947
69,8,20.63129
69,9,22.33242
7,0,0.0
7,1,1.8745885
7,10,14.844908
7,11,15.64415
7,12,16.325254
7,13,16.901915
7,14,17.39126
7,15,17.81144
7,16,18.1828
7,17,18.526758
7,18,18.866436
7,19,19.22683
7,2,3.7199054
7,20,19.634857
7,21,20.12033
7,22,20.71503
7,23,21.453201
7,24,22.368214
7,25,23.489717
7,26,24.835085
7,27,26.40023
7,28,28.147339
7,29,30.0
7,3,5.507721
7,4,7.21316
7,5,8.814134
7,6,10.294368
7,7,11.64126
7,8,12.849046
7,9,13.915521
70,0,0.0
70,1,3.0146039
70,10,23.81224
70,11,25.069899
70,12,26.125536
70,13,26.997509
70,14,27.70629
70,15,28.273203
70,16,28.71936
70,17,29.064808
70,18,29.327917
70,19,29.525002
70,2,5.9817257
70,20,29.670147
70,21,29.775187
70,22,29.849846
70,23,29.90191
70,24,29.937504
70,25,29.961355
70,26,29.977074
70,27,29.987398
70,28,29.994467
70,29,30.0
70,3,8.856107
70,4,11.596772
70,5,14.16875
70,6,16.544361
70,7,18.703964
70,8,20.636202
70,9,22.337675
71,0,0.0
71,1,3.0158105
71,10,23.821102
71,11,25.079107
71,12,26.134987
71,13,27.007118
71,14,27.71597
71,15,28.28287
71,16,28.72893
71,17,29.074192
71,18,29.337029
71,19,29.533752
71,2,5.9841127
71,20,29.67843
71,21,29.782913
71,22,29.856901
71,23,29.9082
71,24,29.942924
71,25,29.965816
71,26,29.980492
71,27,29.98972
71,28,29.995636
71,29,30.0
71,3,8.859627
71,4,11.601356
71,5,14.174311
71,6,16.550797
71,7,18.711174
71,8,20.644068
71,9,22.346096
72,0,0.0
72,1,3.0177171
72,10,23.83507
72,11,25.093605
72,12,26.149876
72,13,27.022247
72,14,27.731205
72,15,28.29808
72,16,28.743988
72,17,29.08896
72,18,29.351372
72,19,29.547518
72,2,5.9878855
72,20,29.691479
72,21,29.79507
72,22,29.868021
72,23,29.918102
72,24,29.951468
72,25,29.972847
72,26,29.98589
72,27,29.993372
72,28,29.997484
72,29,30.0
72,3,8.865189
72,4,11.608593
72,5,14.183087
72,6,16.560953
72,7,18.722542
72,8,20.656477
72,9,22.359367
73,0,0.0
73,1,3.0206823
73,10,23.856718
73,11,25.116076
73,12,26.172932
73,13,27.045673
73,14,27.754795
73,15,28.32163
73,16,28.767294
73,17,29.111826
73,18,29.373575
73,19,29.568846
73,2,5.993754
73,20,29.711681
73,21,29.813923
73,22,29.885246
73,23,29.93347
73,24,29.96471
73,25,29.983755
73,26,29.994255
73,27,29.999046
73,28,30.000347
73,29,30.0
73,3,8.873834
73,4,11.619844
73,5,14.196722
73,6,16.57673
73,7,18.740189
73,8,20.675726
73,9,22.379944
74,0,0.0
74,1,3.0252242
74,10,23.889736
74,11,25.150333
74,12,26.208073
74,13,27.081367
74,14,27.790726
74,15,28.357496
74,16,28.802795
74,17,29.146646
74,18,29.407406
74,19,29.601332
74,2,6.0027356
74,20,29.742489
74,21,29.842646
74,22,29.91153
74,23,29.956898
74,24,29.984934
74,25,30.0004
74,26,30.007038
74,27,30.007708
74,28,30.004726
74,29,30.0
74,3,8.88707
74,4,11.637054
74,5,14.217581
74,6,16.600842
74,7,18.767155
74,8,20.705114
74,9,22.411352
75,0,0.0
75,1,3.0320702
75,10,23.939297
75,11,25.201721
75,12,26.260765
75,13,27.13487
75,14,27.844574
75,15,28.411242
75,16,28.855984
75,17,29.198837
75,18,29.458101
75,19,29.650055
75,2,6.016281
75,20,29.78867
75,21,29.885761
75,22,29.950956
75,23,29.992096
75,24,30.015293
75,25,30.02543
75,26,30.026241
75,27,30.02074
75,28,30.011303
75,29,30.0
75,3,8.907011
75,4,11.662989
75,5,14.248974
75,6,16.63713
75,7,18.807693
75,8,20.749287
75,9,22.458513
76,0,0.0
76,1,3.0422409
76,10,24.0125
76,11,25.277588
76,12,26.338514
76,13,27.213783
76,14,27.923977
76,15,28.490475
76,16,28.934414
76,17,29.275776
76,18,29.53289
76,19,29.721909
76,2,6.036385
76,20,29.856853
76,21,29.949392
76,22,30.009235
76,23,30.044088
76,24,30.060213
76,25,30.062433
76,26,30.054684
76,27,30.040016
76,28,30.021053
76,29,30.0
76,3,8.936616
76,4,11.701444
76,5,14.295526
76,6,16.690872
76,7,18.867718
76,8,20.814613
76,9,22.528233
77,0,0.0
77,1,3.057115
77,10,24.118942
77,11,25.387812
77,12,26.451414
77,13,27.328323
77,14,28.039186
77,15,28.605436
77,16,29.04818
77,17,29.387438
77,18,29.641397
77,19,29.82627
77,2,6.065797
77,20,29.955854
77,21,30.041914
77,22,30.093935
77,23,30.119781
77,24,30.125572
77,25,30.11637
77,26,30.0961
77,27,30.06814
77,28,30.035255
77,29,30.0
77,3,8.979881
77,4,11.757645
77,5,14.363471
77,6,16.76929
77,7,18.955185
77,8,20.909763
77,9,22.629662
78,0,0.0
78,1,3.0785646
78,10,24.271263
78,11,25.54544
78,12,26.612757
78,13,27.49193
78,14,28.203709
78,15,28.769547
78,16,29.210629
78,17,29.54684
78,18,29.796432
78,19,29.975344
78,2,6.1081705
78,20,30.097466
78,21,30.174221
78,22,30.215256
78,23,30.228167
78,24,30.219326
78,25,30.193691
78,26,30.15558
78,27,30.108488
78,28,30.055664
78,29,30.0
78,3,9.042216
78,4,11.838511
78,5,14.461206
78,6,16.881927
78,7,19.080751
78,8,21.04617
78,9,22.774979
79,0,0.0
79,1,3.109036
79,10,24.4859
79,11,25.767326
79,12,26.83971
79,13,27.72194
79,14,28.434893
79,15,29.000158
79,16,29.438839
79,17,29.770912
79,18,30.014328
79,19,30.185108
79,2,6.168378
79,20,30.296703
79,21,30.360666
79,22,30.386208
79,23,30.38116
79,24,30.351633
79,25,30.30301
79,26,30.239632
79,27,30.165604
79,28,30.084526
79,29,30.0
79,3,9.13068
79,4,11.95324
79,5,14.599655
79,6,17.041384
79,7,19.258224
79,8,21.238811
79,9,22.979906
8,0,0.0
8,1,2.0685277
8,10,16.375885
8,11,17.255981
8,12,18.004025
8,13,18.635912
8,14,19.168846
8,15,19.622683
8,16,20.017986
8,17,20.37677
8,18,20.721832
8,19,21.076885
8,2,4.104554
8,20,21.466904
8,21,21.917402
8,22,22.454996
8,23,23.105227
8,24,23.891882
8,25,24.832245
8,26,25.933594
8,27,27.186165
8,28,28.559296
8,29,30.0
8,3,6.077461
8,4,7.958894
8,5,9.7256365
8,6,11.358276
8,7,12.844456
8,8,14.17605
8,9,15.352254
80,0,0.0
80,1,3.1517463
80,10,24.78363
80,11,26.074837
80,12,27.153957
80,13,28.040205
80,14,28.754677
80,15,29.319025
80,16,29.754486
80,17,30.080782
80,18,30.315945
80,19,30.475473
80,2,6.2526827
80,20,30.572903
80,21,30.619162
80,22,30.623646
80,23,30.593678
80,24,30.535774
80,25,30.455137
80,26,30.356808
80,27,30.24518
80,28,30.124802
80,29,30.0
80,3,9.254519
80,4,12.1136055
80,5,14.79304
80,6,17.263714
80,7,19.50544
80,8,21.506683
80,9,23.264584
81,0,0.0
81,1,3.2107759
81,10,25.19041
81,11,26.4944
81,12,27.582315
81,13,28.47372
81,14,29.190014
81,15,29.75309
81,16,30.184069
81,17,30.50278
81,18,30.726727
81,19,30.871445
81,2,6.3691907
81,20,30.949661
81,21,30.972395
81,22,30.948223
81,23,30.884783
81,24,30.788067
81,25,30.663992
81,26,30.517662
81,27,30.354612
81,28,30.180153
81,29,30.0
81,3,9.425423
81,4,12.334755
81,5,15.059221
81,6,17.569393
81,7,19.844643
81,8,21.873772
81,9,23.653975
82,0,0.0
82,1,3.2913465
82,10,25.737658
82,11,27.058146
82,12,28.157177
82,13,29.055006
82,14,29.773464
82,15,30.334599
82,16,30.759747
82,17,31.068304
82,18,31.277794
82,19,31.402832
82,2,6.528029
82,20,31.456118
82,21,31.44751
82,22,31.385717
82,23,31.277401
82,24,31.129114
82,25,30.946423
82,26,30.735634
82,27,30.502888
82,28,30.255266
82,29,30.0
82,3,9.658268
82,4,12.635483
82,5,15.420723
82,6,17.983587
82,7,20.303545
82,8,22.369282
82,9,24.178802
83,0,0.0
83,1,3.3999248
83,10,26.462984
83,11,27.804008
83,12,28.916811
83,13,29.822376
83,14,30.543156
83,15,31.101635
83,16,31.518978
83,17,31.814686
83,18,32.00535
83,19,32.105465
83,2,6.74199
83,20,32.126274
83,21,32.077538
83,22,31.966421
83,23,31.799824
83,24,31.583328
83,25,31.32349
83,26,31.026789
83,27,30.70133
83,28,30.35577
83,29,30.0
83,3,9.971359
83,4,13.039303
83,5,15.904947
83,6,18.537357
83,7,20.915457
83,8,23.028725
83,9,24.87559
84,0,0.0
84,1,3.5446358
84,10,27.409908
84,11,28.776043
84,12,29.905212
84,13,30.81973
84,14,31.54288
84,15,32.097473
84,16,32.505005
84,17,32.78422
84,18,32.95161
84,19,33.020027
84,2,7.0267386
84,20,33.000374
84,21,32.90029
84,22,32.726753
84,23,32.48482
84,24,32.180565
84,25,31.81989
84,26,31.411041
84,27,30.963367
84,28,30.488699
84,29,30.0
84,3,10.387496
84,4,13.574655
84,5,16.545507
84,6,19.267666
84,7,21.720467
84,8,23.893679
84,9,25.787468
85,0,0.0
85,1,3.7354302
85,10,28.628178
85,11,30.023695
85,12,31.171743
85,13,32.096092
85,14,32.82117
85,15,33.370552
85,16,33.76545
85,17,34.024677
85,18,34.163124
85,19,34.19315
85,2,7.4017973
85,20,34.123108
85,21,33.959938
85,22,33.707806
85,23,33.37149
85,24,32.95513
85,25,32.465694
85,26,31.911674
85,27,31.305586
85,28,30.66237
85,29,30.0
85,3,10.934266
85,4,14.276407
85,5,17.382278
85,6,20.218811
85,7,22.765085
85,8,25.012766
85,9,26.963507
86,0,0.0
86,1,3.9847858
86,10,30.172522
86,11,31.601429
86,12,32.770004
86,13,33.70442
86,14,34.430557
86,15,34.9726
86,16,35.352196
86,17,35.586964
86,18,35.691326
86,19,35.67492
86,2,7.8909802
86,20,35.544968
86,21,35.30475
86,22,34.9572
86,23,34.50362
86,24,33.947906
86,25,33.295486
86,26,32.557106
86,27,31.747458
86,28,30.887068
86,29,30.0
86,3,11.645735
86,4,15.186157
86,5,18.4632
86,6,21.442118
86,7,24.1035
86,8,26.440716
86,9,28.45916
87,0,0.0
87,1,4.3081656
87,10,32.102295
87,11,33.566837
87,12,34.756493
87,13,35.700058
87,14,36.425377
87,15,36.957767
87,16,37.318516
87,17,37.525055
87,18,37.589325
87,19,37.519653
87,2,8.524158
87,20,37.319057
87,21,36.98873
87,22,36.52659
87,23,35.932007
87,24,35.20488
87,25,34.350822
87,26,33.380417
87,27,32.31303
87,28,31.175032
87,29,30.0
87,3,12.563215
87,4,16.354591
87,5,19.844374
87,6,22.997723
87,7,25.796638
87,8,28.239096
87,9,30.334572
88,0,0.0
88,1,4.7254586
88,10,34.47896
88,11,35.97928
88,12,37.18817
88,13,38.138348
88,14,38.859978
88,15,39.379326
88,16,39.71814
88,17,39.892075
88,18,39.911934
88,19,39.78182
88,2,9.338623
88,20,39.502174
88,21,39.06803
88,22,38.473778
88,23,37.712097
88,24,36.780144
88,25,35.679474
88,26,34.42228
88,27,33.03107
88,28,31.541716
88,29,30.0
88,3,13.738381
88,4,17.84251
88,5,21.592785
88,6,24.9541
88,7,27.913446
88,8,30.474417
88,9,32.654427
89,0,0.0
89,1,5.2625246
89,10,37.36476
89,11,38.8966
89,12,40.119987
89,13,41.071846
89,14,41.785187
89,15,42.287804
89,16,42.600872
89,17,42.739464
89,18,42.710762
89,19,42.51632
89,2,10.382925
89,20,42.15007
89,21,41.602497
89,22,40.85916
89,23,39.906998
89,24,38.73441
89,25,37.339436
89,26,35.73142
89,27,33.938328
89,28,32.0064
89,29,30.0
89,3,15.235859
89,4,19.725117
89,5,23.78709
89,6,27.390453
89,7,30.52933
89,8,33.21843
89,9,35.484947
9,0,0.0
9,1,2.239303
9,10,17.723768
9,11,18.673847
9,12,19.480576
9,13,20.159447
9,14,20.729431
9,15,21.21032
9,16,21.62359
9,17,21.991009
9,18,22.33488
9,19,22.677792
9,2,4.4435863
9,20,23.04216
9,21,23.450602
9,22,23.924482
9,23,24.484064
9,24,25.145569
9,25,25.920124
9,26,26.809422
9,27,27.80385
9,28,28.879541
9,29,30.0
9,3,6.5791407
9,4,8.616125
9,5,10.528209
9,6,12.295749
9,7,13.903737
9,8,15.344986
9,9,16.616804
90,0,0.0
90,1,5.954829
90,10,40.81874
90,11,42.37264
90,12,43.601166
90,13,44.546745
90,14,45.24553
90,15,45.72641
90,16,46.010895
90,17,46.111595
90,18,46.033672
90,19,45.772766
90,2,11.721439
90,20,45.31813
90,21,44.650627
90,22,43.748055
90,23,42.584633
90,24,41.13949
90,25,39.39942
90,26,37.370255
90,27,35.081703
90,28,32.595066
90,29,30.0
90,3,17.139978
90,4,22.09542
90,5,26.522127
90,6,30.396318
90,7,33.72731
90,8,36.545013
90,9,38.892776
91,0,0.0
91,1,6.8528857
91,10,44.89416
91,11,46.45259
91,12,47.671658
91,13,48.599236
91,14,49.274734
91,15,49.728577
91,16,49.981304
91,17,50.044407
91,18,49.91844
91,19,49.59516
91,2,13.444323
91,20,49.05497
91,21,48.27073
91,22,47.205925
91,23,45.821503
91,24,44.07764
91,25,41.94613
91,26,39.41901
91,27,36.525932
91,28,33.34365
91,29,30.0
91,3,19.562876
91,4,25.072775
91,5,29.91139
91,6,34.07455
91,7,37.595383
91,8,40.529377
91,9,42.940315
92,0,0.0
92,1,8.033709
92,10,49.632828
92,11,51.169415
92,12,52.357597
92,13,53.251213
92,14,53.892586
92,15,54.31276
92,16,54.532097
92,17,54.559097
92,18,54.391705
92,19,54.01476
92,2,15.682916
92,20,53.40223
92,21,52.51403
92,22,51.300095
92,23,49.69915
92,24,47.648
92,25,45.088406
92,26,41.988235
92,27,38.36324
92,28,34.306458
92,29,30.0
92,3,22.660873
92,4,28.811846
92,5,34.093918
92,6,38.54032
92,7,42.226315
92,8,45.242744
92,9,47.682888
93,0,0.0
93,1,9.622361
93,10,55.060997
93,11,56.538166
93,12,57.66727
93,13,58.506557
93,14,59.100357
93,15,59.48015
93,16,59.66462
93,17,59.660763
93,18,59.46192
93,19,59.04894
93,2,18.640377
93,20,58.386383
93,21,57.424026
93,22,56.092484
93,23,54.306816
93,24,51.966614
93,25,48.970062
93,26,45.233604
93,27,40.735603
93,28,35.570656
93,29,30.0
93,3,26.657866
93,4,33.518745
93,5,39.237846
93,6,43.922096
93,7,47.711517
93,8,50.748558
93,9,53.161503
94,0,0.0
94,1,11.839649
94,10,61.18197
94,11,62.551853
94,12,63.58669
94,13,64.34738
94,14,64.8785
94,15,65.21029
94,16,65.36025
94,17,65.33244
94,18,65.11827
94,19,64.69319
94,2,22.64692
94,20,64.01671
94,21,63.02648
94,22,61.637257
94,23,59.733646
94,24,57.171387
94,25,53.77936
94,26,49.38551
94,27,43.87233
94,28,37.29014
94,29,30.0
94,3,31.885872
94,4,39.46746
94,5,45.54483
94,6,50.354362
94,7,54.134583
94,8,57.092308
94,9,59.396957
95,0,0.0
95,1,15.11256
95,10,67.97067
95,11,69.175896
95,12,70.07646
95,13,70.73164
95,14,71.1836
95,15,71.460266
95,16,71.5764
95,17,71.53479
95,18,71.324265
95,19,70.91939
95,2,28.268967
95,20,70.275185
95,21,69.32423
95,22,67.9665
95,23,66.061676
95,24,63.413654
95,25,59.762596
95,26,54.78765
95,27,48.16741
95,28,39.76229
95,29,30.0
95,3,38.842163
95,4,47.01686
95,5,53.241062
95,6,57.964417
95,7,61.554512
95,8,64.29086
95,9,66.37917
96,0,0.0
96,1,20.36266
96,10,75.36627
96,11,76.3452
96,12,77.0694
96,13,77.591675
96,14,77.948395
96,15,78.16287
96,16,78.247284
96,17,78.202415
96,18,78.01786
96,19,77.66857
96,2,36.516186
96,20,77.11253
96,21,76.28237
96,22,75.07662
96,23,73.34016
96,24,70.83882
96,25,67.21659
96,26,61.948498
96,27,54.32354
96,28,43.630375
96,29,30.0
96,3,48.260864
96,4,56.60222
96,5,62.546783
96,6,66.83869
96,7,69.9829
96,8,72.314514
96,9,74.05812
97,0,0.0
97,1,29.838959
97,10,83.26874
97,11,83.96189
97,12,84.47075
97,13,84.83518
97,14,85.08218
97,15,85.228806
97,16,85.28337
97,17,85.24625
97,18,85.108505
97,19,84.85086
97,2,49.206783
97,20,84.43904
97,21,83.818565
97,22,82.901886
97,23,81.549
97,24,79.52659
97,25,76.43377
97,26,71.55546
97,27,63.608757
97,28,50.46615
97,29,30.0
97,3,61.134693
97,4,68.65441
97,5,73.59296
97,6,76.96738
97,7,79.34855
97,8,81.06951
97,9,82.33307
98,0,0.0
98,1,49.798565
98,10,91.53781
98,11,91.897766
98,12,92.16062
98,13,92.34805
98,14,92.47451
98,15,92.54892
98,16,92.57569
98,17,92.55467
98,18,92.48108
98,19,92.34391
98,2,69.361565
98,20,92.1243
98,21,91.79074
98,22,91.292145
98,23,90.54152
98,24,89.38376
98,25,87.51726
98,26,84.2932
98,27,78.131775
98,28,64.646774
98,29,30.0
98,3,78.45357
98,4,83.336975
98,5,86.2655
98,6,88.16412
98,7,89.46241
98,8,90.3822
98,9,91.04878
99,0,0.0
99,1,100.0
99,10,100.0
99,11,100.0
99,12,100.0
99,13,100.0
99,14,100.0
99,15,100.0
99,16,100.0
99,17,100.0
99,18,100.0
99,19,100.0
99,2,100.0
99,20,100.0
99,21,100.0
99,22,100.0
99,23,100.0
99,24,100.0
99,25,100.0
99,26,100.0
99,27,100.0
99,28,100.0
99,29,30.0
99,3,100.0
99,4,100.0
99,5,100.0
99,6,100.0
99,7,100.0
99,8,100.0
99,9,100.0