0,0,0.0
0,1,0.0
0,10,0.0
0,11,0.0
0,12,0.0
0,13,0.0
0,14,0.0
0,15,30.0
0,2,0.0
0,3,0.0
0,4,0.0
0,5,0.0
0,6,0.0
0,7,0.0
0,8,0.0
0,9,0.0
1,0,0.0
1,1,0.63518596
1,10,5.1744585
1,11,5.9438047
1,12,7.2344065
1,13,9.735584
1,14,15.341787
1,15,30.0
1,2,1.2546163
1,3,1.844414
1,4,2.394284
1,5,2.8989856
1,6,3.3597634
1,7,3.7861938
1,8,4.1993895
1,9,4.6384377
10,0,0.0
10,1,11.117874
10,10,49.44006
10,11,47.816677
10,12,45.024696
10,13,41.011223
10,14,35.87185
10,15,30.0
10,2,21.190325
10,3,29.665535
10,4,36.43355
10,5,41.61749
10,6,45.412155
10,7,47.99716
10,8,49.499565
10,9,49.98153
11,0,0.0
11,1,14.541941
11,10,57.056137
11,11,54.918106
11,12,51.279533
11,13,45.88243
11,14,38.63482
11,15,30.0
11,2,27.112762
11,3,37.067863
11,4,44.568283
11,5,50.02942
11,6,53.853653
11,7,56.3416
11,8,57.676292
11,9,57.927464
12,0,0.0
12,1,19.937279
12,10,65.93958
12,11,63.52066
12,12,59.293343
12,13,52.604458
12,14,42.785168
12,15,30.0
12,2,35.651245
12,3,46.925297
12,4,54.742874
12,5,60.078915
12,6,63.63218
12,7,65.84004
12,8,66.93733
12,9,66.99662
13,0,0.0
13,1,29.556065
13,10,76.185425
13,11,73.93207
13,12,69.76908
13,13,62.45715
13,14,49.901505
13,15,30.0
13,2,48.62987
13,3,60.239597
13,4,67.39944
13,5,71.91172
13,6,74.75667
13,7,76.44966
13,8,77.23696
13,9,77.18271
14,0,0.0
14,1,49.657192
14,10,87.68771
14,11,86.2534
14,12,83.39402
14,13,77.55373
14,14,64.36379
14,15,30.0
14,2,69.072754
14,3,78.00403
14,4,82.70389
14,5,85.41223
14,6,87.033516
14,7,87.96539
14,8,88.378586
14,9,88.312195
15,0,0.0
15,1,100.0
15,10,100.0
15,11,100.0
15,12,100.0
15,13,100.0
15,14,100.0
15,15,30.0
15,2,100.0
15,3,100.0
15,4,100.0
15,5,100.0
15,6,100.0
15,7,100.0
15,8,100.0
15,9,100.0
2,0,0.0
2,1,1.2861723
2,10,10.115775
2,11,11.366515
2,12,13.258363
2,13,16.366226
2,14,21.631613
2,15,30.0
2,2,2.538951
2,3,3.7288816
2,4,4.8338933
2,5,5.84208
2,6,6.754076
2,7,7.585835
2,8,8.373138
2,9,9.180106
3,0,0.0
3,1,1.9706379
3,10,14.742386
3,11,16.148422
3,12,18.066551
3,13,20.83952
3,14,24.818521
3,15,30.0
3,2,3.8863041
3,3,5.698511
3,4,7.3706393
3,5,8.881724
3,6,10.229023
3,7,11.430346
3,8,12.527636
3,9,13.59347
4,0,0.0
4,1,2.7102013
4,10,19.112394
4,11,20.418697
4,12,22.020245
4,13,24.107027
4,14,26.803082
4,15,30.0
4,2,5.3373604
4,3,7.808575
4,4,10.068874
4,5,12.08568
4,6,13.850515
4,7,15.37949
4,8,16.714188
4,9,17.924324
5,0,0.0
5,1,3.5329642
5,10,23.36483
5,11,24.394293
5,12,25.48916
5,13,26.765564
5,14,28.28694
5,15,30.0
5,2,6.9446707
5,3,10.130001
5,4,13.0111685
5,5,15.542261
5,6,17.708601
5,7,19.523663
5,8,21.026066
5,9,22.277971
6,0,0.0
6,1,4.47717
6,10,27.675434
6,11,28.305141
6,12,28.777061
6,13,29.1795
6,14,29.579296
6,15,30.0
6,2,8.778719
6,3,12.756114
6,4,16.304197
6,5,19.364368
6,6,21.918804
6,7,23.981384
6,8,25.589325
6,9,26.797514
7,0,0.0
7,1,5.597198
7,10,32.2351
7,11,32.3745
7,12,32.13502
7,13,31.596466
7,14,30.850956
7,15,30.0
7,2,10.937319
7,3,15.81211
7,4,20.085867
7,5,23.693052
7,6,26.6218
7,7,28.89471
7,8,30.55331
7,9,31.648254
8,0,0.0
8,1,6.974516
8,10,37.243114
8,11,36.8235
8,12,35.792656
8,13,34.220814
8,14,32.228275
8,15,30.0
8,2,13.561661
8,3,19.469742
8,4,24.534866
8,5,28.701061
8,6,31.981606
8,7,34.423374
8,8,36.081974
8,9,37.008057
9,0,0.0
9,1,8.739418
9,10,42.906677
9,11,41.884502
9,12,39.99189
9,13,37.266266
9,14,33.841545
9,15,30.0
9,2,16.865484
9,3,23.970938
9,4,29.883558
9,5,34.595608
9,6,38.181164
9,7,40.73622
9,8,42.344162
9,9,43.059875
