0,0,0.0
0,1,0.0
0,10,0.0
0,11,0.0
0,12,0.0
0,13,0.0
0,14,0.0
0,15,30.0
0,2,0.0
0,3,0.0
0,4,0.0
0,5,0.0
0,6,0.0
0,7,0.0
0,8,0.0
0,9,0.0
1,0,0.0
1,1,0.66361344
1,10,5.1996603
1,11,5.9565935
1,12,7.23884
1,13,9.735676
1,14,15.34093
1,15,30.0
1,2,1.3081799
1,3,1.917326
1,4,2.4786177
1,5,2.9865558
1,6,3.4425182
1,7,3.858032
1,8,4.2562194
1,9,4.678932
10,0,0.0
10,1,10.930315
10,10,48.271606
10,11,46.777565
10,12,44.178562
10,13,40.41367
10,14,35.562378
10,15,30.0
10,2,20.815441
10,3,29.10447
10,4,35.6924
10,5,40.708633
10,6,44.358917
10,7,46.83431
10,8,48.274315
10,9,48.752243
11,0,0.0
11,1,14.35062
11,10,55.926903
11,11,53.917194
11,12,50.46763
11,13,45.3098
11,14,38.338913
11,15,30.0
11,2,26.731308
11,3,36.500492
11,4,43.82322
11,5,49.122814
11,6,52.81048
11,7,55.19803
11,8,56.479366
11,9,56.733025
12,0,0.0
12,1,19.765902
12,10,64.962906
12,11,62.657837
12,12,58.5944
12,13,52.11263
12,14,42.531013
12,15,30.0
12,2,35.310566
12,3,46.4199
12,4,54.082302
12,5,59.27851
12,6,62.715733
12,7,64.84003
12,8,65.89491
12,9,65.9607
13,0,0.0
13,1,29.427166
13,10,75.466644
13,11,73.297775
13,12,69.256325
13,13,62.096397
13,14,49.715355
13,15,30.0
13,2,48.373787
13,3,59.8607
13,4,66.90523
13,5,71.314804
13,6,74.07513
13,7,75.7081
13,8,76.46621
13,9,76.418335
14,0,0.0
14,1,49.588
14,10,87.30654
14,11,85.91757
14,12,83.12255
14,13,77.362976
14,14,64.26532
14,15,30.0
14,2,68.93548
14,3,77.801025
14,4,82.4396
14,5,85.09343
14,6,86.670166
14,7,87.57068
14,8,87.96887
14,9,87.90657
15,0,0.0
15,1,100.0
15,10,100.0
15,11,100.0
15,12,100.0
15,13,100.0
15,14,100.0
15,15,30.0
15,2,100.0
15,3,100.0
15,4,100.0
15,5,100.0
15,6,100.0
15,7,100.0
15,8,100.0
15,9,100.0
2,0,0.0
2,1,1.3355069
2,10,10.139222
2,11,11.369472
2,12,13.249432
2,13,16.35436
2,14,21.623695
2,15,30.0
2,2,2.631752
2,3,3.8538048
2,4,4.9769306
2,5,5.9873815
2,6,6.8877935
2,7,7.6966233
2,8,8.454737
2,9,9.230994
3,0,0.0
3,1,2.0275226
3,10,14.715929
3,11,16.100714
3,12,18.01276
3,13,20.793877
3,14,24.792635
3,15,30.0
3,2,3.9918084
3,3,5.8382697
3,4,7.525175
3,5,9.031538
3,6,10.355661
3,7,11.521209
3,8,12.576099
3,9,13.600635
4,0,0.0
4,1,2.757368
4,10,18.976357
4,11,20.270622
4,12,21.882502
4,13,24.001331
4,14,26.745663
4,15,30.0
4,2,5.4228415
4,3,7.9153633
4,4,10.176651
4,5,12.172265
4,6,13.898364
4,7,15.376527
4,8,16.657867
4,9,17.820908
5,0,0.0
5,1,3.5533
5,10,23.061703
5,11,24.09727
5,12,25.230595
5,13,26.5742
5,14,28.185362
5,15,30.0
5,2,6.975973
5,3,10.156504
5,4,13.0121
5,5,15.498733
5,6,17.605076
5,7,19.354141
5,8,20.794147
5,9,21.998404
6,0,0.0
6,1,4.4560776
6,10,27.162216
6,11,27.824665
6,12,28.370567
6,13,28.88495
6,14,29.424372
6,15,30.0
6,2,8.72875
6,3,12.662546
6,4,16.151031
6,5,19.136063
6,6,21.607605
6,7,23.588245
6,8,25.127836
6,9,26.292843
7,0,0.0
7,1,5.5266876
7,10,31.496326
7,11,31.698065
7,12,31.572882
7,13,31.193134
7,14,30.640484
7,15,30.0
7,2,10.789688
7,3,15.577236
7,4,19.751612
7,5,23.252275
7,6,26.073887
7,7,28.251345
7,8,29.838387
7,9,30.898117
8,0,0.0
8,1,6.8539796
8,10,36.29635
8,11,35.969193
8,12,35.089184
8,13,33.720177
8,14,31.967775
8,15,30.0
8,2,13.316732
8,3,19.09354
8,4,24.022747
8,5,28.052296
8,6,31.205862
8,7,33.54148
8,8,35.12852
8,9,36.030094
9,0,0.0
9,1,8.577456
9,10,41.806633
9,11,40.89981
9,12,39.18714
9,13,36.695618
9,14,33.54575
9,15,30.0
9,2,16.539417
9,3,23.47912
9,4,29.226175
9,5,33.780487
9,6,37.22506
9,7,39.66902
9,8,41.20861
9,9,41.910294
