0,0,0.0
0,1,0.0
0,10,0.0
0,11,0.0
0,12,0.0
0,13,0.0
0,14,0.0
0,15,0.0
0,16,0.0
0,17,0.0
0,18,0.0
0,19,0.0
0,2,0.0
0,20,0.0
0,21,0.0
0,22,0.0
0,23,0.0
0,24,0.0
0,25,0.0
0,26,0.0
0,27,0.0
0,28,0.0
0,29,30.0
0,3,0.0
0,4,0.0
0,5,0.0
0,6,0.0
0,7,0.0
0,8,0.0
0,9,0.0
1,0,0.0
1,1,4.486084
1,10,11.782837
1,11,11.782837
1,12,11.782837
1,13,11.782837
1,14,11.782837
1,15,11.782837
1,16,11.782837
1,17,11.782837
1,18,11.782837
1,19,11.782837
1,2,8.074951
1,20,11.782837
1,21,11.782837
1,22,11.782837
1,23,11.784668
1,24,11.793823
1,25,11.8688965
1,26,12.163696
1,27,13.344727
1,28,17.243042
1,29,30.0
1,3,10.2282715
1,4,11.304932
1,5,11.663818
1,6,11.766357
1,7,11.781006
1,8,11.782837
1,9,11.782837
10,0,0.0
10,1,11.782837
10,10,30.0
10,11,30.0
10,12,30.0
10,13,30.0
10,14,30.0
10,15,30.0
10,16,30.0
10,17,30.0
10,18,30.0
10,19,30.0
10,2,20.947266
10,20,30.0
10,21,30.0
10,22,30.0
10,23,30.0
10,24,30.0
10,25,30.0
10,26,30.0
10,27,30.0
10,28,30.0
10,29,30.0
10,3,26.445923
10,4,28.945312
10,5,29.778442
10,6,29.970703
10,7,29.998169
10,8,30.0
10,9,30.0
11,0,0.0
11,1,11.782837
11,10,30.0
11,11,30.0
11,12,30.0
11,13,30.0
11,14,30.0
11,15,30.0
11,16,30.0
11,17,30.0
11,18,30.0
11,19,30.0
11,2,20.947266
11,20,30.0
11,21,30.0
11,22,30.0
11,23,30.0
11,24,30.0
11,25,30.0
11,26,30.0
11,27,30.0
11,28,30.0
11,29,30.0
11,3,26.445923
11,4,28.945312
11,5,29.778442
11,6,29.970703
11,7,29.998169
11,8,30.0
11,9,30.0
12,0,0.0
12,1,11.782837
12,10,30.0
12,11,30.0
12,12,30.0
12,13,30.0
12,14,30.0
12,15,30.0
12,16,30.0
12,17,30.0
12,18,30.0
12,19,30.0
12,2,20.947266
12,20,30.0
12,21,30.0
12,22,30.0
12,23,30.0
12,24,30.0
12,25,30.0
12,26,30.0
12,27,30.0
12,28,30.0
12,29,30.0
12,3,26.445923
12,4,28.945312
12,5,29.778442
12,6,29.970703
12,7,29.998169
12,8,30.0
12,9,30.0
13,0,0.0
13,1,11.782837
13,10,30.0
13,11,30.0
13,12,30.0
13,13,30.0
13,14,30.0
13,15,30.0
13,16,30.0
13,17,30.0
13,18,30.0
13,19,30.0
13,2,20.947266
13,20,30.0
13,21,30.0
13,22,30.0
13,23,30.0
13,24,30.0
13,25,30.0
13,26,30.0
13,27,30.0
13,28,30.0
13,29,30.0
13,3,26.445923
13,4,28.945312
13,5,29.778442
13,6,29.970703
13,7,29.998169
13,8,30.0
13,9,30.0
14,0,0.0
14,1,11.782837
14,10,30.0
14,11,30.0
14,12,30.0
14,13,30.0
14,14,30.0
14,15,30.0
14,16,30.0
14,17,30.0
14,18,30.0
14,19,30.0
14,2,20.947266
14,20,30.0
14,21,30.0
14,22,30.0
14,23,30.0
14,24,30.0
14,25,30.0
14,26,30.0
14,27,30.0
14,28,30.0
14,29,30.0
14,3,26.445923
14,4,28.945312
14,5,29.778442
14,6,29.970703
14,7,29.998169
14,8,30.0
14,9,30.0
15,0,0.0
15,1,11.782837
15,10,30.0
15,11,30.0
15,12,30.0
15,13,30.0
15,14,30.0
15,15,30.0
15,16,30.0
15,17,30.0
15,18,30.0
15,19,30.0
15,2,20.947266
15,20,30.0
15,21,30.0
15,22,30.0
15,23,30.0
15,24,30.0
15,25,30.0
15,26,30.0
15,27,30.0
15,28,30.0
15,29,30.0
15,3,26.445923
15,4,28.945312
15,5,29.778442
15,6,29.970703
15,7,29.998169
15,8,30.0
15,9,30.0
16,0,0.0
16,1,11.782837
16,10,30.0
16,11,30.0
16,12,30.0
16,13,30.0
16,14,30.0
16,15,30.0
16,16,30.0
16,17,30.0
16,18,30.0
16,19,30.0
16,2,20.947266
16,20,30.0
16,21,30.0
16,22,30.0
16,23,30.0
16,24,30.0
16,25,30.0
16,26,30.0
16,27,30.0
16,28,30.0
16,29,30.0
16,3,26.445923
16,4,28.945312
16,5,29.778442
16,6,29.970703
16,7,29.998169
16,8,30.0
16,9,30.0
17,0,0.0
17,1,11.782837
17,10,30.0
17,11,30.0
17,12,30.0
17,13,30.0
17,14,30.0
17,15,30.0
17,16,30.0
17,17,30.0
17,18,30.0
17,19,30.0
17,2,20.947266
17,20,30.0
17,21,30.0
17,22,30.0
17,23,30.0
17,24,30.0
17,25,30.0
17,26,30.0
17,27,30.0
17,28,30.0
17,29,30.0
17,3,26.445923
17,4,28.945312
17,5,29.778442
17,6,29.970703
17,7,29.998169
17,8,30.0
17,9,30.0
18,0,0.0
18,1,11.782837
18,10,30.0
18,11,30.0
18,12,30.0
18,13,30.0
18,14,30.0
18,15,30.0
18,16,30.0
18,17,30.0
18,18,30.0
18,19,30.0
18,2,20.947266
18,20,30.0
18,21,30.0
18,22,30.0
18,23,30.0
18,24,30.0
18,25,30.0
18,26,30.0
18,27,30.0
18,28,30.0
18,29,30.0
18,3,26.445923
18,4,28.945312
18,5,29.778442
18,6,29.970703
18,7,29.998169
18,8,30.0
18,9,30.0
19,0,0.0
19,1,11.782837
19,10,30.0
19,11,30.0
19,12,30.0
19,13,30.0
19,14,30.0
19,15,30.0
19,16,30.0
19,17,30.0
19,18,30.0
19,19,30.0
19,2,20.947266
19,20,30.0
19,21,30.0
19,22,30.0
19,23,30.0
19,24,30.0
19,25,30.0
19,26,30.0
19,27,30.0
19,28,30.0
19,29,30.0
19,3,26.445923
19,4,28.945312
19,5,29.778442
19,6,29.970703
19,7,29.998169
19,8,30.0
19,9,30.0
2,0,0.0
2,1,8.074951
2,10,20.947266
2,11,20.947266
2,12,20.947266
2,13,20.947266
2,14,20.947266
2,15,20.947266
2,16,20.947266
2,17,20.947266
2,18,20.947266
2,19,20.947266
2,2,14.355469
2,20,20.947266
2,21,20.947266
2,22,20.947266
2,23,20.947266
2,24,20.958252
2,25,21.00586
2,26,21.287842
2,27,22.177734
2,28,24.730225
2,29,30.0
2,3,18.303223
2,4,20.097656
2,5,20.76416
2,6,20.917969
2,7,20.945435
2,8,20.947266
2,9,20.947266
20,0,0.0
20,1,11.782837
20,10,30.0
20,11,30.0
20,12,30.0
20,13,30.0
20,14,30.0
20,15,30.0
20,16,30.0
20,17,30.0
20,18,30.0
20,19,30.0
20,2,20.947266
20,20,30.0
20,21,30.0
20,22,30.0
20,23,30.0
20,24,30.0
20,25,30.0
20,26,30.0
20,27,30.0
20,28,30.0
20,29,30.0
20,3,26.445923
20,4,28.945312
20,5,29.778442
20,6,29.970703
20,7,29.998169
20,8,30.0
20,9,30.0
21,0,0.0
21,1,11.782837
21,10,30.0
21,11,30.0
21,12,30.0
21,13,30.0
21,14,30.0
21,15,30.0
21,16,30.0
21,17,30.0
21,18,30.0
21,19,30.0
21,2,20.947266
21,20,30.0
21,21,30.0
21,22,30.0
21,23,30.0
21,24,30.0
21,25,30.0
21,26,30.0
21,27,30.0
21,28,30.0
21,29,30.0
21,3,26.445923
21,4,28.945312
21,5,29.778442
21,6,29.970703
21,7,29.998169
21,8,30.0
21,9,30.0
22,0,0.0
22,1,11.782837
22,10,30.0
22,11,30.0
22,12,30.0
22,13,30.0
22,14,30.0
22,15,30.0
22,16,30.0
22,17,30.0
22,18,30.0
22,19,30.0
22,2,20.947266
22,20,30.0
22,21,30.0
22,22,30.0
22,23,30.0
22,24,30.0
22,25,30.0
22,26,30.0
22,27,30.0
22,28,30.0
22,29,30.0
22,3,26.445923
22,4,28.945312
22,5,29.778442
22,6,29.970703
22,7,29.998169
22,8,30.0
22,9,30.0
23,0,0.0
23,1,11.782837
23,10,30.0
23,11,30.0
23,12,30.0
23,13,30.0
23,14,30.0
23,15,30.0
23,16,30.0
23,17,30.0
23,18,30.0
23,19,30.0
23,2,20.947266
23,20,30.0
23,21,30.0
23,22,30.0
23,23,30.0
23,24,30.0
23,25,30.0
23,26,30.0
23,27,30.0
23,28,30.0
23,29,30.0
23,3,26.445923
23,4,28.945312
23,5,29.778442
23,6,29.970703
23,7,29.998169
23,8,30.0
23,9,30.0
24,0,0.0
24,1,11.782837
24,10,30.0
24,11,30.0
24,12,30.0
24,13,30.0
24,14,30.0
24,15,30.0
24,16,30.0
24,17,30.0
24,18,30.0
24,19,30.0
24,2,20.947266
24,20,30.0
24,21,30.0
24,22,30.0
24,23,30.0
24,24,30.0
24,25,30.0
24,26,30.0
24,27,30.0
24,28,30.0
24,29,30.0
24,3,26.445923
24,4,28.945312
24,5,29.778442
24,6,29.970703
24,7,29.998169
24,8,30.0
24,9,30.0
25,0,0.0
25,1,11.782837
25,10,30.0
25,11,30.0
25,12,30.0
25,13,30.0
25,14,30.0
25,15,30.0
25,16,30.0
25,17,30.0
25,18,30.0
25,19,30.0
25,2,20.947266
25,20,30.0
25,21,30.0
25,22,30.0
25,23,30.0
25,24,30.0
25,25,30.0
25,26,30.0
25,27,30.0
25,28,30.0
25,29,30.0
25,3,26.445923
25,4,28.945312
25,5,29.778442
25,6,29.970703
25,7,29.998169
25,8,30.0
25,9,30.0
26,0,0.0
26,1,11.782837
26,10,30.0
26,11,30.0
26,12,30.0
26,13,30.0
26,14,30.0
26,15,30.0
26,16,30.0
26,17,30.0
26,18,30.0
26,19,30.0
26,2,20.947266
26,20,30.0
26,21,30.0
26,22,30.0
26,23,30.0
26,24,30.0
26,25,30.0
26,26,30.0
26,27,30.0
26,28,30.0
26,29,30.0
26,3,26.445923
26,4,28.945312
26,5,29.778442
26,6,29.970703
26,7,29.998169
26,8,30.0
26,9,30.0
27,0,0.0
27,1,11.782837
27,10,30.0
27,11,30.0
27,12,30.0
27,13,30.0
27,14,30.0
27,15,30.0
27,16,30.0
27,17,30.0
27,18,30.0
27,19,30.0
27,2,20.947266
27,20,30.0
27,21,30.0
27,22,30.0
27,23,30.0
27,24,30.0
27,25,30.0
27,26,30.0
27,27,30.0
27,28,30.0
27,29,30.0
27,3,26.445923
27,4,28.945312
27,5,29.778442
27,6,29.970703
27,7,29.998169
27,8,30.0
27,9,30.0
28,0,0.0
28,1,11.782837
28,10,30.0
28,11,30.0
28,12,30.0
28,13,30.0
28,14,30.0
28,15,30.0
28,16,30.0
28,17,30.0
28,18,30.0
28,19,30.0
28,2,20.947266
28,20,30.0
28,21,30.0
28,22,30.0
28,23,30.0
28,24,30.0
28,25,30.0
28,26,30.0
28,27,30.0
28,28,30.0
28,29,30.0
28,3,26.445923
28,4,28.945312
28,5,29.778442
28,6,29.970703
28,7,29.998169
28,8,30.0
28,9,30.0
29,0,0.0
29,1,11.782837
29,10,30.0
29,11,30.0
29,12,30.0
29,13,30.0
29,14,30.0
29,15,30.0
29,16,30.0
29,17,30.0
29,18,30.0
29,19,30.0
29,2,20.947266
29,20,30.0
29,21,30.0
29,22,30.0
29,23,30.0
29,24,30.0
29,25,30.0
29,26,30.0
29,27,30.0
29,28,30.0
29,29,30.0
29,3,26.445923
29,4,28.945312
29,5,29.778442
29,6,29.970703
29,7,29.998169
29,8,30.0
29,9,30.0
3,0,0.0
3,1,10.2282715
3,10,26.445923
3,11,26.445923
3,12,26.445923
3,13,26.445923
3,14,26.445923
3,15,26.445923
3,16,26.445923
3,17,26.445923
3,18,26.445923
3,19,26.445923
3,2,18.303223
3,20,26.445923
3,21,26.445923
3,22,26.445923
3,23,26.445923
3,24,26.445923
3,25,26.473389
3,26,26.574097
3,27,27.01538
3,28,28.064575
3,29,30.0
3,3,23.148193
3,4,25.455322
3,5,26.224365
3,6,26.416626
3,7,26.444092
3,8,26.445923
3,9,26.445923
30,0,0.0
30,1,11.782837
30,10,30.0
30,11,30.0
30,12,30.0
30,13,30.0
30,14,30.0
30,15,30.0
30,16,30.0
30,17,30.0
30,18,30.0
30,19,30.0
30,2,20.947266
30,20,30.0
30,21,30.0
30,22,30.0
30,23,30.0
30,24,30.0
30,25,30.0
30,26,30.0
30,27,30.0
30,28,30.0
30,29,30.0
30,3,26.445923
30,4,28.945312
30,5,29.778442
30,6,29.970703
30,7,29.998169
30,8,30.0
30,9,30.0
31,0,0.0
31,1,11.782837
31,10,30.0
31,11,30.0
31,12,30.0
31,13,30.0
31,14,30.0
31,15,30.0
31,16,30.0
31,17,30.0
31,18,30.0
31,19,30.0
31,2,20.947266
31,20,30.0
31,21,30.0
31,22,30.0
31,23,30.0
31,24,30.0
31,25,30.0
31,26,30.0
31,27,30.0
31,28,30.0
31,29,30.0
31,3,26.445923
31,4,28.945312
31,5,29.778442
31,6,29.970703
31,7,29.998169
31,8,30.0
31,9,30.0
32,0,0.0
32,1,11.782837
32,10,30.0
32,11,30.0
32,12,30.0
32,13,30.0
32,14,30.0
32,15,30.0
32,16,30.0
32,17,30.0
32,18,30.0
32,19,30.0
32,2,20.947266
32,20,30.0
32,21,30.0
32,22,30.0
32,23,30.0
32,24,30.0
32,25,30.0
32,26,30.0
32,27,30.0
32,28,30.0
32,29,30.0
32,3,26.445923
32,4,28.945312
32,5,29.778442
32,6,29.970703
32,7,29.998169
32,8,30.0
32,9,30.0
33,0,0.0
33,1,11.782837
33,10,30.0
33,11,30.0
33,12,30.0
33,13,30.0
33,14,30.0
33,15,30.0
33,16,30.0
33,17,30.0
33,18,30.0
33,19,30.0
33,2,20.947266
33,20,30.0
33,21,30.0
33,22,30.0
33,23,30.0
33,24,30.0
33,25,30.0
33,26,30.0
33,27,30.0
33,28,30.0
33,29,30.0
33,3,26.445923
33,4,28.945312
33,5,29.778442
33,6,29.970703
33,7,29.998169
33,8,30.0
33,9,30.0
34,0,0.0
34,1,11.782837
34,10,30.0
34,11,30.0
34,12,30.0
34,13,30.0
34,14,30.0
34,15,30.0
34,16,30.0
34,17,30.0
34,18,30.0
34,19,30.0
34,2,20.947266
34,20,30.0
34,21,30.0
34,22,30.0
34,23,30.0
34,24,30.0
34,25,30.0
34,26,30.0
34,27,30.0
34,28,30.0
34,29,30.0
34,3,26.445923
34,4,28.945312
34,5,29.778442
34,6,29.970703
34,7,29.998169
34,8,30.0
34,9,30.0
35,0,0.0
35,1,11.782837
35,10,30.0
35,11,30.0
35,12,30.0
35,13,30.0
35,14,30.0
35,15,30.0
35,16,30.0
35,17,30.0
35,18,30.0
35,19,30.0
35,2,20.947266
35,20,30.0
35,21,30.0
35,22,30.0
35,23,30.0
35,24,30.0
35,25,30.0
35,26,30.0
35,27,30.0
35,28,30.0
35,29,30.0
35,3,26.445923
35,4,28.945312
35,5,29.778442
35,6,29.970703
35,7,29.998169
35,8,30.0
35,9,30.0
36,0,0.0
36,1,11.782837
36,10,30.0
36,11,30.0
36,12,30.0
36,13,30.0
36,14,30.0
36,15,30.0
36,16,30.0
36,17,30.0
36,18,30.0
36,19,30.0
36,2,20.947266
36,20,30.0
36,21,30.0
36,22,30.0
36,23,30.0
36,24,30.0
36,25,30.0
36,26,30.0
36,27,30.0
36,28,30.0
36,29,30.0
36,3,26.445923
36,4,28.945312
36,5,29.778442
36,6,29.970703
36,7,29.998169
36,8,30.0
36,9,30.0
37,0,0.0
37,1,11.782837
37,10,30.0
37,11,30.0
37,12,30.0
37,13,30.0
37,14,30.0
37,15,30.0
37,16,30.0
37,17,30.0
37,18,30.0
37,19,30.0
37,2,20.947266
37,20,30.0
37,21,30.0
37,22,30.0
37,23,30.0
37,24,30.0
37,25,30.0
37,26,30.0
37,27,30.0
37,28,30.0
37,29,30.0
37,3,26.445923
37,4,28.945312
37,5,29.778442
37,6,29.970703
37,7,29.998169
37,8,30.0
37,9,30.0
38,0,0.0
38,1,11.782837
38,10,30.0
38,11,30.0
38,12,30.0
38,13,30.0
38,14,30.0
38,15,30.0
38,16,30.0
38,17,30.0
38,18,30.0
38,19,30.0
38,2,20.947266
38,20,30.0
38,21,30.0
38,22,30.0
38,23,30.0
38,24,30.0
38,25,30.0
38,26,30.0
38,27,30.0
38,28,30.0
38,29,30.0
38,3,26.445923
38,4,28.945312
38,5,29.778442
38,6,29.970703
38,7,29.998169
38,8,30.0
38,9,30.0
39,0,0.0
39,1,11.782837
39,10,30.0
39,11,30.0
39,12,30.0
39,13,30.0
39,14,30.0
39,15,30.0
39,16,30.0
39,17,30.0
39,18,30.0
39,19,30.0
39,2,20.947266
39,20,30.0
39,21,30.0
39,22,30.0
39,23,30.0
39,24,30.0
39,25,30.0
39,26,30.0
39,27,30.0
39,28,30.0
39,29,30.0
39,3,26.445923
39,4,28.945312
39,5,29.778442
39,6,29.970703
39,7,29.998169
39,8,30.0
39,9,30.0
4,0,0.0
4,1,11.304932
4,10,28.945312
4,11,28.945312
4,12,28.945312
4,13,28.945312
4,14,28.945312
4,15,28.945312
4,16,28.945312
4,17,28.945312
4,18,28.945312
4,19,28.945312
4,2,20.097656
4,20,28.945312
4,21,28.945312
4,22,28.945312
4,23,28.945312
4,24,28.945312
4,25,28.945312
4,26,28.981934
4,27,29.091797
4,28,29.436035
4,29,30.0
4,3,25.455322
4,4,27.890625
4,5,28.723755
4,6,28.916016
4,7,28.943481
4,8,28.945312
4,9,28.945312
40,0,0.0
40,1,11.782837
40,10,30.0
40,11,30.0
40,12,30.0
40,13,30.0
40,14,30.0
40,15,30.0
40,16,30.0
40,17,30.0
40,18,30.0
40,19,30.0
40,2,20.947266
40,20,30.0
40,21,30.0
40,22,30.0
40,23,30.0
40,24,30.0
40,25,30.0
40,26,30.0
40,27,30.0
40,28,30.0
40,29,30.0
40,3,26.445923
40,4,28.945312
40,5,29.778442
40,6,29.970703
40,7,29.998169
40,8,30.0
40,9,30.0
41,0,0.0
41,1,11.782837
41,10,30.0
41,11,30.0
41,12,30.0
41,13,30.0
41,14,30.0
41,15,30.0
41,16,30.0
41,17,30.0
41,18,30.0
41,19,30.0
41,2,20.947266
41,20,30.0
41,21,30.0
41,22,30.0
41,23,30.0
41,24,30.0
41,25,30.0
41,26,30.0
41,27,30.0
41,28,30.0
41,29,30.0
41,3,26.445923
41,4,28.945312
41,5,29.778442
41,6,29.970703
41,7,29.998169
41,8,30.0
41,9,30.0
42,0,0.0
42,1,11.782837
42,10,30.0
42,11,30.0
42,12,30.0
42,13,30.0
42,14,30.0
42,15,30.0
42,16,30.0
42,17,30.0
42,18,30.0
42,19,30.0
42,2,20.947266
42,20,30.0
42,21,30.0
42,22,30.0
42,23,30.0
42,24,30.0
42,25,30.0
42,26,30.0
42,27,30.0
42,28,30.0
42,29,30.0
42,3,26.445923
42,4,28.945312
42,5,29.778442
42,6,29.970703
42,7,29.998169
42,8,30.0
42,9,30.0
43,0,0.0
43,1,11.782837
43,10,30.0
43,11,30.0
43,12,30.0
43,13,30.0
43,14,30.0
43,15,30.0
43,16,30.0
43,17,30.0
43,18,30.0
43,19,30.0
43,2,20.947266
43,20,30.0
43,21,30.0
43,22,30.0
43,23,30.0
43,24,30.0
43,25,30.0
43,26,30.0
43,27,30.0
43,28,30.0
43,29,30.0
43,3,26.445923
43,4,28.945312
43,5,29.778442
43,6,29.970703
43,7,29.998169
43,8,30.0
43,9,30.0
44,0,0.0
44,1,11.782837
44,10,30.0
44,11,30.0
44,12,30.0
44,13,30.0
44,14,30.0
44,15,30.0
44,16,30.0
44,17,30.0
44,18,30.0
44,19,30.0
44,2,20.947266
44,20,30.0
44,21,30.0
44,22,30.0
44,23,30.0
44,24,30.0
44,25,30.0
44,26,30.0
44,27,30.0
44,28,30.0
44,29,30.0
44,3,26.445923
44,4,28.945312
44,5,29.778442
44,6,29.970703
44,7,29.998169
44,8,30.0
44,9,30.0
45,0,0.0
45,1,11.782837
45,10,30.0
45,11,30.0
45,12,30.0
45,13,30.0
45,14,30.0
45,15,30.0
45,16,30.0
45,17,30.0
45,18,30.0
45,19,30.0
45,2,20.947266
45,20,30.0
45,21,30.0
45,22,30.0
45,23,30.0
45,24,30.0
45,25,30.0
45,26,30.0
45,27,30.0
45,28,30.0
45,29,30.0
45,3,26.445923
45,4,28.945312
45,5,29.778442
45,6,29.970703
45,7,29.998169
45,8,30.0
45,9,30.0
46,0,0.0
46,1,11.782837
46,10,30.0
46,11,30.0
46,12,30.0
46,13,30.0
46,14,30.0
46,15,30.0
46,16,30.0
46,17,30.0
46,18,30.0
46,19,30.0
46,2,20.947266
46,20,30.0
46,21,30.0
46,22,30.0
46,23,30.0
46,24,30.0
46,25,30.0
46,26,30.0
46,27,30.0
46,28,30.0
46,29,30.0
46,3,26.445923
46,4,28.945312
46,5,29.778442
46,6,29.970703
46,7,29.998169
46,8,30.0
46,9,30.0
47,0,0.0
47,1,11.782837
47,10,30.0
47,11,30.0
47,12,30.0
47,13,30.0
47,14,30.0
47,15,30.0
47,16,30.0
47,17,30.0
47,18,30.0
47,19,30.0
47,2,20.947266
47,20,30.0
47,21,30.0
47,22,30.0
47,23,30.0
47,24,30.0
47,25,30.0
47,26,30.0
47,27,30.0
47,28,30.0
47,29,30.0
47,3,26.445923
47,4,28.945312
47,5,29.778442
47,6,29.970703
47,7,29.998169
47,8,30.0
47,9,30.0
48,0,0.0
48,1,11.782837
48,10,30.0
48,11,30.0
48,12,30.0
48,13,30.0
48,14,30.0
48,15,30.0
48,16,30.0
48,17,30.0
48,18,30.0
48,19,30.0
48,2,20.947266
48,20,30.0
48,21,30.0
48,22,30.0
48,23,30.0
48,24,30.0
48,25,30.0
48,26,30.0
48,27,30.0
48,28,30.0
48,29,30.0
48,3,26.445923
48,4,28.945312
48,5,29.778442
48,6,29.970703
48,7,29.998169
48,8,30.0
48,9,30.0
49,0,0.0
49,1,11.782837
49,10,30.0
49,11,30.0
49,12,30.0
49,13,30.0
49,14,30.0
49,15,30.0
49,16,30.0
49,17,30.0
49,18,30.0
49,19,30.0
49,2,20.947266
49,20,30.0
49,21,30.0
49,22,30.0
49,23,30.0
49,24,30.0
49,25,30.0
49,26,30.0
49,27,30.0
49,28,30.0
49,29,30.0
49,3,26.445923
49,4,28.945312
49,5,29.778442
49,6,29.970703
49,7,29.998169
49,8,30.0
49,9,30.0
5,0,0.0
5,1,11.663818
5,10,29.778442
5,11,29.778442
5,12,29.778442
5,13,29.778442
5,14,29.778442
5,15,29.778442
5,16,29.778442
5,17,29.778442
5,18,29.778442
5,19,29.778442
5,2,20.76416
5,20,29.778442
5,21,29.778442
5,22,29.778442
5,23,29.778442
5,24,29.778442
5,25,29.778442
5,26,29.778442
5,27,29.805908
5,28,29.869995
5,29,30.0
5,3,26.224365
5,4,28.723755
5,5,29.556885
5,6,29.749146
5,7,29.776611
5,8,29.778442
5,9,29.778442
50,0,0.0
50,1,11.782837
50,10,30.0
50,11,30.0
50,12,30.0
50,13,30.0
50,14,30.0
50,15,30.0
50,16,30.0
50,17,30.0
50,18,30.0
50,19,30.0
50,2,20.947266
50,20,30.0
50,21,30.0
50,22,30.0
50,23,30.0
50,24,30.0
50,25,30.0
50,26,30.0
50,27,30.0
50,28,30.0
50,29,30.0
50,3,26.445923
50,4,28.945312
50,5,29.778442
50,6,29.970703
50,7,29.998169
50,8,30.0
50,9,30.0
51,0,0.0
51,1,11.782837
51,10,30.0
51,11,30.0
51,12,30.0
51,13,30.0
51,14,30.0
51,15,30.0
51,16,30.0
51,17,30.0
51,18,30.0
51,19,30.0
51,2,20.947266
51,20,30.0
51,21,30.0
51,22,30.0
51,23,30.0
51,24,30.0
51,25,30.0
51,26,30.0
51,27,30.0
51,28,30.0
51,29,30.0
51,3,26.445923
51,4,28.945312
51,5,29.778442
51,6,29.970703
51,7,29.998169
51,8,30.0
51,9,30.0
52,0,0.0
52,1,11.782837
52,10,30.0
52,11,30.0
52,12,30.0
52,13,30.0
52,14,30.0
52,15,30.0
52,16,30.0
52,17,30.0
52,18,30.0
52,19,30.0
52,2,20.947266
52,20,30.0
52,21,30.0
52,22,30.0
52,23,30.0
52,24,30.0
52,25,30.0
52,26,30.0
52,27,30.0
52,28,30.0
52,29,30.0
52,3,26.445923
52,4,28.945312
52,5,29.778442
52,6,29.970703
52,7,29.998169
52,8,30.0
52,9,30.0
53,0,0.0
53,1,11.782837
53,10,30.0
53,11,30.0
53,12,30.0
53,13,30.0
53,14,30.0
53,15,30.0
53,16,30.0
53,17,30.0
53,18,30.0
53,19,30.0
53,2,20.947266
53,20,30.0
53,21,30.0
53,22,30.0
53,23,30.0
53,24,30.0
53,25,30.0
53,26,30.0
53,27,30.0
53,28,30.0
53,29,30.0
53,3,26.445923
53,4,28.945312
53,5,29.778442
53,6,29.970703
53,7,29.998169
53,8,30.0
53,9,30.0
54,0,0.0
54,1,11.782837
54,10,30.0
54,11,30.0
54,12,30.0
54,13,30.0
54,14,30.0
54,15,30.0
54,16,30.0
54,17,30.0
54,18,30.0
54,19,30.0
54,2,20.947266
54,20,30.0
54,21,30.0
54,22,30.0
54,23,30.0
54,24,30.0
54,25,30.0
54,26,30.0
54,27,30.0
54,28,30.0
54,29,30.0
54,3,26.445923
54,4,28.945312
54,5,29.778442
54,6,29.970703
54,7,29.998169
54,8,30.0
54,9,30.0
55,0,0.0
55,1,11.782837
55,10,30.0
55,11,30.0
55,12,30.0
55,13,30.0
55,14,30.0
55,15,30.0
55,16,30.0
55,17,30.0
55,18,30.0
55,19,30.0
55,2,20.947266
55,20,30.0
55,21,30.0
55,22,30.0
55,23,30.0
55,24,30.0
55,25,30.0
55,26,30.0
55,27,30.0
55,28,30.0
55,29,30.0
55,3,26.445923
55,4,28.945312
55,5,29.778442
55,6,29.970703
55,7,29.998169
55,8,30.0
55,9,30.0
56,0,0.0
56,1,11.782837
56,10,30.0
56,11,30.0
56,12,30.0
56,13,30.0
56,14,30.0
56,15,30.0
56,16,30.0
56,17,30.0
56,18,30.0
56,19,30.0
56,2,20.947266
56,20,30.0
56,21,30.0
56,22,30.0
56,23,30.0
56,24,30.0
56,25,30.0
56,26,30.0
56,27,30.0
56,28,30.0
56,29,30.0
56,3,26.445923
56,4,28.945312
56,5,29.778442
56,6,29.970703
56,7,29.998169
56,8,30.0
56,9,30.0
57,0,0.0
57,1,11.782837
57,10,30.0
57,11,30.0
57,12,30.0
57,13,30.0
57,14,30.0
57,15,30.0
57,16,30.0
57,17,30.0
57,18,30.0
57,19,30.0
57,2,20.947266
57,20,30.0
57,21,30.0
57,22,30.0
57,23,30.0
57,24,30.0
57,25,30.0
57,26,30.0
57,27,30.0
57,28,30.0
57,29,30.0
57,3,26.445923
57,4,28.945312
57,5,29.778442
57,6,29.970703
57,7,29.998169
57,8,30.0
57,9,30.0
58,0,0.0
58,1,11.782837
58,10,30.0
58,11,30.0
58,12,30.0
58,13,30.0
58,14,30.0
58,15,30.0
58,16,30.0
58,17,30.0
58,18,30.0
58,19,30.0
58,2,20.947266
58,20,30.0
58,21,30.0
58,22,30.0
58,23,30.0
58,24,30.0
58,25,30.0
58,26,30.0
58,27,30.0
58,28,30.0
58,29,30.0
58,3,26.445923
58,4,28.945312
58,5,29.778442
58,6,29.970703
58,7,29.998169
58,8,30.0
58,9,30.0
59,0,0.0
59,1,11.782837
59,10,30.0
59,11,30.0
59,12,30.0
59,13,30.0
59,14,30.0
59,15,30.0
59,16,30.0
59,17,30.0
59,18,30.0
59,19,30.0
59,2,20.947266
59,20,30.0
59,21,30.0
59,22,30.0
59,23,30.0
59,24,30.0
59,25,30.0
59,26,30.0
59,27,30.0
59,28,30.0
59,29,30.0
59,3,26.445923
59,4,28.945312
59,5,29.778442
59,6,29.970703
59,7,29.998169
59,8,30.0
59,9,30.0
6,0,0.0
6,1,11.766357
6,10,29.970703
6,11,29.970703
6,12,29.970703
6,13,29.970703
6,14,29.970703
6,15,29.970703
6,16,29.970703
6,17,29.970703
6,18,29.970703
6,19,29.970703
6,2,20.917969
6,20,29.970703
6,21,29.970703
6,22,29.970703
6,23,29.970703
6,24,29.970703
6,25,29.970703
6,26,29.970703
6,27,29.970703
6,28,29.98169
6,29,30.0
6,3,26.416626
6,4,28.916016
6,5,29.749146
6,6,29.941406
6,7,29.968872
6,8,29.970703
6,9,29.970703
60,0,0.0
60,1,11.782837
60,10,30.0
60,11,30.0
60,12,30.0
60,13,30.0
60,14,30.0
60,15,30.0
60,16,30.0
60,17,30.0
60,18,30.0
60,19,30.0
60,2,20.947266
60,20,30.0
60,21,30.0
60,22,30.0
60,23,30.0
60,24,30.0
60,25,30.0
60,26,30.0
60,27,30.0
60,28,30.0
60,29,30.0
60,3,26.445923
60,4,28.945312
60,5,29.778442
60,6,29.970703
60,7,29.998169
60,8,30.0
60,9,30.0
61,0,0.0
61,1,11.782837
61,10,30.0
61,11,30.0
61,12,30.0
61,13,30.0
61,14,30.0
61,15,30.0
61,16,30.0
61,17,30.0
61,18,30.0
61,19,30.0
61,2,20.947266
61,20,30.0
61,21,30.0
61,22,30.0
61,23,30.0
61,24,30.0
61,25,30.0
61,26,30.0
61,27,30.0
61,28,30.0
61,29,30.0
61,3,26.445923
61,4,28.945312
61,5,29.778442
61,6,29.970703
61,7,29.998169
61,8,30.0
61,9,30.0
62,0,0.0
62,1,11.782837
62,10,30.0
62,11,30.0
62,12,30.0
62,13,30.0
62,14,30.0
62,15,30.0
62,16,30.0
62,17,30.0
62,18,30.0
62,19,30.0
62,2,20.947266
62,20,30.0
62,21,30.0
62,22,30.0
62,23,30.0
62,24,30.0
62,25,30.0
62,26,30.0
62,27,30.0
62,28,30.0
62,29,30.0
62,3,26.445923
62,4,28.945312
62,5,29.778442
62,6,29.970703
62,7,29.998169
62,8,30.0
62,9,30.0
63,0,0.0
63,1,11.782837
63,10,30.0
63,11,30.0
63,12,30.0
63,13,30.0
63,14,30.0
63,15,30.0
63,16,30.0
63,17,30.0
63,18,30.0
63,19,30.0
63,2,20.947266
63,20,30.0
63,21,30.0
63,22,30.0
63,23,30.0
63,24,30.0
63,25,30.0
63,26,30.0
63,27,30.0
63,28,30.0
63,29,30.0
63,3,26.445923
63,4,28.945312
63,5,29.778442
63,6,29.970703
63,7,29.998169
63,8,30.0
63,9,30.0
64,0,0.0
64,1,11.782837
64,10,30.0
64,11,30.0
64,12,30.0
64,13,30.0
64,14,30.0
64,15,30.0
64,16,30.0
64,17,30.0
64,18,30.0
64,19,30.0
64,2,20.947266
64,20,30.0
64,21,30.0
64,22,30.0
64,23,30.0
64,24,30.0
64,25,30.0
64,26,30.0
64,27,30.0
64,28,30.0
64,29,30.0
64,3,26.445923
64,4,28.945312
64,5,29.778442
64,6,29.970703
64,7,29.998169
64,8,30.0
64,9,30.0
65,0,0.0
65,1,11.782837
65,10,30.0
65,11,30.0
65,12,30.0
65,13,30.0
65,14,30.0
65,15,30.0
65,16,30.0
65,17,30.0
65,18,30.0
65,19,30.0
65,2,20.947266
65,20,30.0
65,21,30.0
65,22,30.0
65,23,30.0
65,24,30.0
65,25,30.0
65,26,30.0
65,27,30.0
65,28,30.0
65,29,30.0
65,3,26.445923
65,4,28.945312
65,5,29.778442
65,6,29.970703
65,7,29.998169
65,8,30.0
65,9,30.0
66,0,0.0
66,1,11.782837
66,10,30.0
66,11,30.0
66,12,30.0
66,13,30.0
66,14,30.0
66,15,30.0
66,16,30.0
66,17,30.0
66,18,30.0
66,19,30.0
66,2,20.947266
66,20,30.0
66,21,30.0
66,22,30.0
66,23,30.0
66,24,30.0
66,25,30.0
66,26,30.0
66,27,30.0
66,28,30.0
66,29,30.0
66,3,26.445923
66,4,28.945312
66,5,29.778442
66,6,29.970703
66,7,29.998169
66,8,30.0
66,9,30.0
67,0,0.0
67,1,11.782837
67,10,30.0
67,11,30.0
67,12,30.0
67,13,30.0
67,14,30.0
67,15,30.0
67,16,30.0
67,17,30.0
67,18,30.0
67,19,30.0
67,2,20.947266
67,20,30.0
67,21,30.0
67,22,30.0
67,23,30.0
67,24,30.0
67,25,30.0
67,26,30.0
67,27,30.0
67,28,30.0
67,29,30.0
67,3,26.445923
67,4,28.945312
67,5,29.778442
67,6,29.970703
67,7,29.998169
67,8,30.0
67,9,30.0
68,0,0.0
68,1,11.782837
68,10,30.0
68,11,30.0
68,12,30.0
68,13,30.0
68,14,30.0
68,15,30.0
68,16,30.0
68,17,30.0
68,18,30.0
68,19,30.0
68,2,20.947266
68,20,30.0
68,21,30.0
68,22,30.0
68,23,30.0
68,24,30.0
68,25,30.0
68,26,30.0
68,27,30.0
68,28,30.0
68,29,30.0
68,3,26.445923
68,4,28.945312
68,5,29.778442
68,6,29.970703
68,7,29.998169
68,8,30.0
68,9,30.0
69,0,0.0
69,1,11.782837
69,10,30.0
69,11,30.0
69,12,30.0
69,13,30.0
69,14,30.0
69,15,30.0
69,16,30.0
69,17,30.0
69,18,30.0
69,19,30.0
69,2,20.947266
69,20,30.0
69,21,30.0
69,22,30.0
69,23,30.0
69,24,30.0
69,25,30.0
69,26,30.0
69,27,30.0
69,28,30.0
69,29,30.0
69,3,26.445923
69,4,28.945312
69,5,29.778442
69,6,29.970703
69,7,29.998169
69,8,30.0
69,9,30.0
7,0,0.0
7,1,11.781006
7,10,29.998169
7,11,29.998169
7,12,29.998169
7,13,29.998169
7,14,29.998169
7,15,29.998169
7,16,29.998169
7,17,29.998169
7,18,29.998169
7,19,29.998169
7,2,20.945435
7,20,29.998169
7,21,29.998169
7,22,29.998169
7,23,29.998169
7,24,29.998169
7,25,29.998169
7,26,29.998169
7,27,29.998169
7,28,29.998169
7,29,30.0
7,3,26.444092
7,4,28.943481
7,5,29.776611
7,6,29.968872
7,7,29.996338
7,8,29.998169
7,9,29.998169
70,0,0.0
70,1,11.782837
70,10,30.0
70,11,30.0
70,12,30.0
70,13,30.0
70,14,30.0
70,15,30.0
70,16,30.0
70,17,30.0
70,18,30.0
70,19,30.0
70,2,20.947266
70,20,30.0
70,21,30.0
70,22,30.0
70,23,30.0
70,24,30.0
70,25,30.0
70,26,30.0
70,27,30.0
70,28,30.0
70,29,30.0
70,3,26.445923
70,4,28.945312
70,5,29.778442
70,6,29.970703
70,7,29.998169
70,8,30.0
70,9,30.0
71,0,0.0
71,1,11.782837
71,10,30.0
71,11,30.0
71,12,30.0
71,13,30.0
71,14,30.0
71,15,30.0
71,16,30.0
71,17,30.0
71,18,30.0
71,19,30.0
71,2,20.947266
71,20,30.0
71,21,30.0
71,22,30.0
71,23,30.0
71,24,30.0
71,25,30.0
71,26,30.0
71,27,30.0
71,28,30.0
71,29,30.0
71,3,26.445923
71,4,28.945312
71,5,29.778442
71,6,29.970703
71,7,29.998169
71,8,30.0
71,9,30.0
72,0,0.0
72,1,11.782837
72,10,30.0
72,11,30.0
72,12,30.0
72,13,30.0
72,14,30.0
72,15,30.0
72,16,30.0
72,17,30.0
72,18,30.0
72,19,30.0
72,2,20.947266
72,20,30.0
72,21,30.0
72,22,30.0
72,23,30.0
72,24,30.0
72,25,30.0
72,26,30.0
72,27,30.0
72,28,30.0
72,29,30.0
72,3,26.445923
72,4,28.945312
72,5,29.778442
72,6,29.970703
72,7,29.998169
72,8,30.0
72,9,30.0
73,0,0.0
73,1,11.782837
73,10,30.0
73,11,30.0
73,12,30.0
73,13,30.0
73,14,30.0
73,15,30.0
73,16,30.0
73,17,30.0
73,18,30.0
73,19,30.0
73,2,20.947266
73,20,30.0
73,21,30.0
73,22,30.0
73,23,30.0
73,24,30.0
73,25,30.0
73,26,30.0
73,27,30.0
73,28,30.0
73,29,30.0
73,3,26.445923
73,4,28.945312
73,5,29.778442
73,6,29.970703
73,7,29.998169
73,8,30.0
73,9,30.0
74,0,0.0
74,1,11.782837
74,10,30.0
74,11,30.0
74,12,30.0
74,13,30.0
74,14,30.0
74,15,30.0
74,16,30.0
74,17,30.0
74,18,30.0
74,19,30.0
74,2,20.947266
74,20,30.0
74,21,30.0
74,22,30.0
74,23,30.0
74,24,30.0
74,25,30.0
74,26,30.0
74,27,30.0
74,28,30.0
74,29,30.0
74,3,26.445923
74,4,28.945312
74,5,29.778442
74,6,29.970703
74,7,29.998169
74,8,30.0
74,9,30.0
75,0,0.0
75,1,11.782837
75,10,30.0
75,11,30.0
75,12,30.0
75,13,30.0
75,14,30.0
75,15,30.0
75,16,30.0
75,17,30.0
75,18,30.0
75,19,30.0
75,2,20.947266
75,20,30.0
75,21,30.0
75,22,30.0
75,23,30.0
75,24,30.0
75,25,30.0
75,26,30.0
75,27,30.0
75,28,30.0
75,29,30.0
75,3,26.445923
75,4,28.945312
75,5,29.778442
75,6,29.970703
75,7,29.998169
75,8,30.0
75,9,30.0
76,0,0.0
76,1,11.782837
76,10,30.0
76,11,30.0
76,12,30.0
76,13,30.0
76,14,30.0
76,15,30.0
76,16,30.0
76,17,30.0
76,18,30.0
76,19,30.0
76,2,20.947266
76,20,30.0
76,21,30.0
76,22,30.0
76,23,30.0
76,24,30.0
76,25,30.0
76,26,30.0
76,27,30.0
76,28,30.0
76,29,30.0
76,3,26.445923
76,4,28.945312
76,5,29.778442
76,6,29.970703
76,7,29.998169
76,8,30.0
76,9,30.0
77,0,0.0
77,1,11.782837
77,10,30.0
77,11,30.0
77,12,30.0
77,13,30.0
77,14,30.0
77,15,30.0
77,16,30.0
77,17,30.0
77,18,30.0
77,19,30.0
77,2,20.947266
77,20,30.0
77,21,30.0
77,22,30.0
77,23,30.0
77,24,30.0
77,25,30.0
77,26,30.0
77,27,30.0
77,28,30.0
77,29,30.0
77,3,26.445923
77,4,28.945312
77,5,29.778442
77,6,29.970703
77,7,29.998169
77,8,30.0
77,9,30.0
78,0,0.0
78,1,11.782837
78,10,30.0
78,11,30.0
78,12,30.0
78,13,30.0
78,14,30.0
78,15,30.0
78,16,30.0
78,17,30.0
78,18,30.0
78,19,30.0
78,2,20.947266
78,20,30.0
78,21,30.0
78,22,30.0
78,23,30.0
78,24,30.0
78,25,30.0
78,26,30.0
78,27,30.0
78,28,30.0
78,29,30.0
78,3,26.445923
78,4,28.945312
78,5,29.778442
78,6,29.970703
78,7,29.998169
78,8,30.0
78,9,30.0
79,0,0.0
79,1,11.782837
79,10,30.0
79,11,30.0
79,12,30.0
79,13,30.0
79,14,30.0
79,15,30.0
79,16,30.0
79,17,30.0
79,18,30.0
79,19,30.0
79,2,20.947266
79,20,30.0
79,21,30.0
79,22,30.0
79,23,30.0
79,24,30.0
79,25,30.0
79,26,30.0
79,27,30.0
79,28,30.0
79,29,30.0
79,3,26.445923
79,4,28.945312
79,5,29.778442
79,6,29.970703
79,7,29.998169
79,8,30.0
79,9,30.0
8,0,0.0
8,1,11.782837
8,10,30.0
8,11,30.0
8,12,30.0
8,13,30.0
8,14,30.0
8,15,30.0
8,16,30.0
8,17,30.0
8,18,30.0
8,19,30.0
8,2,20.947266
8,20,30.0
8,21,30.0
8,22,30.0
8,23,30.0
8,24,30.0
8,25,30.0
8,26,30.0
8,27,30.0
8,28,30.0
8,29,30.0
8,3,26.445923
8,4,28.945312
8,5,29.778442
8,6,29.970703
8,7,29.998169
8,8,30.0
8,9,30.0
80,0,0.0
80,1,11.782837
80,10,30.0
80,11,30.0
80,12,30.0
80,13,30.0
80,14,30.0
80,15,30.0
80,16,30.0
80,17,30.0
80,18,30.0
80,19,30.0
80,2,20.947266
80,20,30.0
80,21,30.0
80,22,30.0
80,23,30.0
80,24,30.0
80,25,30.0
80,26,30.0
80,27,30.0
80,28,30.0
80,29,30.0
80,3,26.445923
80,4,28.945312
80,5,29.778442
80,6,29.970703
80,7,29.998169
80,8,30.0
80,9,30.0
81,0,0.0
81,1,11.782837
81,10,30.0
81,11,30.0
81,12,30.0
81,13,30.0
81,14,30.0
81,15,30.0
81,16,30.0
81,17,30.0
81,18,30.0
81,19,30.0
81,2,20.947266
81,20,30.0
81,21,30.0
81,22,30.0
81,23,30.0
81,24,30.0
81,25,30.0
81,26,30.0
81,27,30.0
81,28,30.0
81,29,30.0
81,3,26.445923
81,4,28.945312
81,5,29.778442
81,6,29.970703
81,7,29.998169
81,8,30.0
81,9,30.0
82,0,0.0
82,1,11.782837
82,10,30.0
82,11,30.0
82,12,30.0
82,13,30.0
82,14,30.0
82,15,30.0
82,16,30.0
82,17,30.0
82,18,30.0
82,19,30.0
82,2,20.947266
82,20,30.0
82,21,30.0
82,22,30.0
82,23,30.0
82,24,30.0
82,25,30.0
82,26,30.0
82,27,30.0
82,28,30.0
82,29,30.0
82,3,26.445923
82,4,28.945312
82,5,29.778442
82,6,29.970703
82,7,29.998169
82,8,30.0
82,9,30.0
83,0,0.0
83,1,11.782837
83,10,30.0
83,11,30.0
83,12,30.0
83,13,30.0
83,14,30.0
83,15,30.0
83,16,30.0
83,17,30.0
83,18,30.0
83,19,30.0
83,2,20.947266
83,20,30.0
83,21,30.0
83,22,30.0
83,23,30.0
83,24,30.0
83,25,30.0
83,26,30.0
83,27,30.0
83,28,30.0
83,29,30.0
83,3,26.445923
83,4,28.945312
83,5,29.778442
83,6,29.970703
83,7,29.998169
83,8,30.0
83,9,30.0
84,0,0.0
84,1,11.782837
84,10,30.0
84,11,30.0
84,12,30.0
84,13,30.0
84,14,30.0
84,15,30.0
84,16,30.0
84,17,30.0
84,18,30.0
84,19,30.0
84,2,20.947266
84,20,30.0
84,21,30.0
84,22,30.0
84,23,30.0
84,24,30.0
84,25,30.0
84,26,30.0
84,27,30.0
84,28,30.0
84,29,30.0
84,3,26.445923
84,4,28.945312
84,5,29.778442
84,6,29.970703
84,7,29.998169
84,8,30.0
84,9,30.0
85,0,0.0
85,1,11.782837
85,10,30.0
85,11,30.0
85,12,30.0
85,13,30.0
85,14,30.0
85,15,30.0
85,16,30.0
85,17,30.0
85,18,30.0
85,19,30.0
85,2,20.947266
85,20,30.0
85,21,30.0
85,22,30.0
85,23,30.0
85,24,30.0
85,25,30.0
85,26,30.0
85,27,30.0
85,28,30.0
85,29,30.0
85,3,26.445923
85,4,28.945312
85,5,29.778442
85,6,29.970703
85,7,29.998169
85,8,30.0
85,9,30.0
86,0,0.0
86,1,11.782837
86,10,30.0
86,11,30.0
86,12,30.0
86,13,30.0
86,14,30.0
86,15,30.0
86,16,30.0
86,17,30.0
86,18,30.0
86,19,30.0
86,2,20.947266
86,20,30.0
86,21,30.0
86,22,30.0
86,23,30.0
86,24,30.0
86,25,30.0
86,26,30.0
86,27,30.0
86,28,30.0
86,29,30.0
86,3,26.445923
86,4,28.945312
86,5,29.778442
86,6,29.970703
86,7,29.998169
86,8,30.0
86,9,30.0
87,0,0.0
87,1,11.782837
87,10,30.0
87,11,30.0
87,12,30.0
87,13,30.0
87,14,30.0
87,15,30.0
87,16,30.0
87,17,30.0
87,18,30.0
87,19,30.0
87,2,20.947266
87,20,30.0
87,21,30.0
87,22,30.0
87,23,30.0
87,24,30.0
87,25,30.0
87,26,30.0
87,27,30.0
87,28,30.0
87,29,30.0
87,3,26.445923
87,4,28.945312
87,5,29.778442
87,6,29.970703
87,7,29.998169
87,8,30.0
87,9,30.0
88,0,0.0
88,1,11.782837
88,10,30.0
88,11,30.0
88,12,30.0
88,13,30.0
88,14,30.0
88,15,30.0
88,16,30.0
88,17,30.0
88,18,30.0
88,19,30.0
88,2,20.947266
88,20,30.0
88,21,30.0
88,22,30.0
88,23,30.0
88,24,30.0
88,25,30.0
88,26,30.0
88,27,30.0
88,28,30.0
88,29,30.0
88,3,26.445923
88,4,28.945312
88,5,29.778442
88,6,29.970703
88,7,29.998169
88,8,30.0
88,9,30.0
89,0,0.0
89,1,11.782837
89,10,30.0
89,11,30.0
89,12,30.0
89,13,30.0
89,14,30.0
89,15,30.0
89,16,30.0
89,17,30.0
89,18,30.0
89,19,30.0
89,2,20.947266
89,20,30.0
89,21,30.0
89,22,30.0
89,23,30.0
89,24,30.0
89,25,30.0
89,26,30.0
89,27,30.0
89,28,30.0
89,29,30.0
89,3,26.445923
89,4,28.945312
89,5,29.778442
89,6,29.970703
89,7,29.998169
89,8,30.0
89,9,30.0
9,0,0.0
9,1,11.782837
9,10,30.0
9,11,30.0
9,12,30.0
9,13,30.0
9,14,30.0
9,15,30.0
9,16,30.0
9,17,30.0
9,18,30.0
9,19,30.0
9,2,20.947266
9,20,30.0
9,21,30.0
9,22,30.0
9,23,30.0
9,24,30.0
9,25,30.0
9,26,30.0
9,27,30.0
9,28,30.0
9,29,30.0
9,3,26.445923
9,4,28.945312
9,5,29.778442
9,6,29.970703
9,7,29.998169
9,8,30.0
9,9,30.0
90,0,0.0
90,1,11.782837
90,10,30.0
90,11,30.0
90,12,30.0
90,13,30.0
90,14,30.0
90,15,30.0
90,16,30.0
90,17,30.0
90,18,30.0
90,19,30.0
90,2,20.947266
90,20,30.0
90,21,30.0
90,22,30.0
90,23,30.0
90,24,30.0
90,25,30.0
90,26,30.0
90,27,30.0
90,28,30.0
90,29,30.0
90,3,26.445923
90,4,28.945312
90,5,29.778442
90,6,29.970703
90,7,29.998169
90,8,30.0
90,9,30.0
91,0,0.0
91,1,11.782837
91,10,30.0
91,11,30.0
91,12,30.0
91,13,30.0
91,14,30.0
91,15,30.0
91,16,30.0
91,17,30.0
91,18,30.0
91,19,30.0
91,2,20.947266
91,20,30.0
91,21,30.0
91,22,30.0
91,23,30.0
91,24,30.0
91,25,30.0
91,26,30.0
91,27,30.0
91,28,30.0
91,29,30.0
91,3,26.445923
91,4,28.945312
91,5,29.778442
91,6,29.970703
91,7,29.998169
91,8,30.0
91,9,30.0
92,0,0.0
92,1,11.787109
92,10,30.004272
92,11,30.004272
92,12,30.004272
92,13,30.004272
92,14,30.004272
92,15,30.004272
92,16,30.004272
92,17,30.004272
92,18,30.004272
92,19,30.004272
92,2,20.951538
92,20,30.004272
92,21,30.004272
92,22,30.004272
92,23,30.004272
92,24,30.004272
92,25,30.004272
92,26,30.004272
92,27,30.004272
92,28,30.004272
92,29,30.0
92,3,26.450195
92,4,28.949585
92,5,29.782715
92,6,29.974976
92,7,30.002441
92,8,30.004272
92,9,30.004272
93,0,0.0
93,1,11.827393
93,10,30.06836
93,11,30.06836
93,12,30.06836
93,13,30.06836
93,14,30.06836
93,15,30.06836
93,16,30.06836
93,17,30.06836
93,18,30.06836
93,19,30.06836
93,2,21.015625
93,20,30.06836
93,21,30.06836
93,22,30.06836
93,23,30.06836
93,24,30.06836
93,25,30.06836
93,26,30.06836
93,27,30.06836
93,28,30.042725
93,29,30.0
93,3,26.514282
93,4,29.013672
93,5,29.846802
93,6,30.039062
93,7,30.066528
93,8,30.06836
93,9,30.06836
94,0,0.0
94,1,12.097168
94,10,30.516968
94,11,30.516968
94,12,30.516968
94,13,30.516968
94,14,30.516968
94,15,30.516968
94,16,30.516968
94,17,30.516968
94,18,30.516968
94,19,30.516968
94,2,21.411133
94,20,30.516968
94,21,30.516968
94,22,30.516968
94,23,30.516968
94,24,30.516968
94,25,30.516968
94,26,30.516968
94,27,30.45288
94,28,30.303345
94,29,30.0
94,3,26.96289
94,4,29.46228
94,5,30.29541
94,6,30.48767
94,7,30.515137
94,8,30.516968
94,9,30.516968
95,0,0.0
95,1,13.184814
95,10,32.460938
95,11,32.460938
95,12,32.460938
95,13,32.460938
95,14,32.460938
95,15,32.460938
95,16,32.460938
95,17,32.460938
95,18,32.460938
95,19,32.460938
95,2,23.125
95,20,32.460938
95,21,32.460938
95,22,32.460938
95,23,32.460938
95,24,32.460938
95,25,32.460938
95,26,32.37549
95,27,32.11914
95,28,31.315918
95,29,30.0
95,3,28.848877
95,4,31.40625
95,5,32.23938
95,6,32.43164
95,7,32.459106
95,8,32.460938
95,9,32.460938
96,0,0.0
96,1,16.679688
96,10,38.292847
96,11,38.292847
96,12,38.292847
96,13,38.292847
96,14,38.292847
96,15,38.292847
96,16,38.292847
96,17,38.292847
96,18,38.292847
96,19,38.292847
96,2,28.251953
96,20,38.292847
96,21,38.292847
96,22,38.292847
96,23,38.292847
96,24,38.292847
96,25,38.22876
96,26,37.993774
96,27,36.96411
96,28,34.51599
96,29,30.0
96,3,34.56787
96,4,37.210693
96,5,38.07129
96,6,38.26355
96,7,38.291016
96,8,38.292847
96,9,38.292847
97,0,0.0
97,1,25.64087
97,10,51.123047
97,11,51.123047
97,12,51.123047
97,13,51.123047
97,14,51.123047
97,15,51.123047
97,16,51.123047
97,17,51.123047
97,18,51.123047
97,19,51.123047
97,2,40.429688
97,20,51.123047
97,21,51.123047
97,22,51.123047
97,23,51.123047
97,24,51.097412
97,25,50.98633
97,26,50.32837
97,27,48.251953
97,28,42.296143
97,29,30.0
97,3,47.34375
97,4,50.078125
97,5,50.90332
97,6,51.09375
97,7,51.121216
97,8,51.123047
97,9,51.123047
98,0,0.0
98,1,47.009277
98,10,72.506714
98,11,72.506714
98,12,72.506714
98,13,72.506714
98,14,72.506714
98,15,72.506714
98,16,72.506714
98,17,72.506714
98,18,72.506714
98,19,72.506714
98,2,63.59253
98,20,72.506714
98,21,72.506714
98,22,72.506714
98,23,72.50244
98,24,72.48108
98,25,72.30591
98,26,71.61804
98,27,68.862305
98,28,59.766235
98,29,30.0
98,3,69.68262
98,4,71.74194
98,5,72.351074
98,6,72.48413
98,7,72.50488
98,8,72.506714
98,9,72.506714
99,0,0.0
99,1,100.0
99,10,100.0
99,11,100.0
99,12,100.0
99,13,100.0
99,14,100.0
99,15,100.0
99,16,100.0
99,17,100.0
99,18,100.0
99,19,100.0
99,2,100.0
99,20,100.0
99,21,100.0
99,22,100.0
99,23,100.0
99,24,100.0
99,25,100.0
99,26,100.0
99,27,100.0
99,28,100.0
99,29,30.0
99,3,100.0
99,4,100.0
99,5,100.0
99,6,100.0
99,7,100.0
99,8,100.0
99,9,100.0
