0,0,0.0
0,1,0.0
0,10,0.0
0,11,0.0
0,12,0.0
0,13,0.0
0,14,0.0
0,15,30.0
0,2,0.0
0,3,0.0
0,4,0.0
0,5,0.0
0,6,0.0
0,7,0.0
0,8,0.0
0,9,0.0
1,0,0.0
1,1,3.053341
1,10,9.734594
1,11,9.911879
1,12,10.442362
1,13,12.018929
1,14,16.52667
1,15,30.0
1,2,5.6704903
1,3,7.5398827
1,4,8.708253
1,5,9.292445
1,6,9.552118
1,7,9.639201
1,8,9.667418
1,9,9.686208
10,0,0.0
10,1,10.766511
10,10,32.41251
10,11,32.347023
10,12,32.182304
10,13,31.7609
10,14,31.031816
10,15,30.0
10,2,19.69588
10,3,25.932028
10,4,29.578987
10,5,31.378603
10,6,32.107742
10,7,32.35012
10,8,32.413456
10,9,32.42262
11,0,0.0
11,1,12.720354
11,10,36.45858
11,11,36.308273
11,12,35.829365
11,13,34.792625
11,14,32.808468
11,15,30.0
11,2,22.923386
11,3,29.727016
11,4,33.60473
11,5,35.45281
11,6,36.198704
11,7,36.44128
11,8,36.503117
11,9,36.508175
12,0,0.0
12,1,17.214813
12,10,44.583805
12,11,44.238804
12,12,43.33582
12,13,41.104027
12,14,36.772453
12,15,30.0
12,2,29.836601
12,3,37.62047
12,4,41.74051
12,5,43.648636
12,6,44.38519
12,7,44.62554
12,8,44.684326
12,9,44.67048
13,0,0.0
13,1,26.831951
13,10,58.151543
13,11,57.694885
13,12,56.290657
13,13,52.786636
13,14,44.813023
13,15,30.0
13,2,43.020935
13,3,51.531788
13,4,55.640907
13,5,57.39697
13,6,58.064125
13,7,58.272278
13,8,58.319084
13,9,58.298954
14,0,0.0
14,1,47.96444
14,10,77.285614
14,11,76.87226
14,12,75.63449
14,13,71.95583
14,14,61.437767
14,15,30.0
14,2,65.60739
14,3,72.73201
14,4,75.66864
14,5,76.84346
14,6,77.261154
14,7,77.39178
14,8,77.41999
14,9,77.39525
15,0,0.0
15,1,100.0
15,10,100.0
15,11,100.0
15,12,100.0
15,13,100.0
15,14,100.0
15,15,30.0
15,2,100.0
15,3,100.0
15,4,100.0
15,5,100.0
15,6,100.0
15,7,100.0
15,8,100.0
15,9,100.0
2,0,0.0
2,1,5.6704903
2,10,17.934809
2,11,18.130753
2,12,18.732576
2,13,20.234299
2,14,23.651562
2,15,30.0
2,2,10.468597
2,3,13.973708
2,4,16.076775
2,5,17.180237
2,6,17.634674
2,7,17.799438
2,8,17.846247
2,9,17.869507
3,0,0.0
3,1,7.5398827
3,10,23.74955
3,11,23.897644
3,12,24.284649
3,13,25.241133
3,14,27.09752
3,15,30.0
3,2,13.973708
3,3,18.569298
3,4,21.39935
3,5,22.814377
3,6,23.424526
3,7,23.628231
3,8,23.687016
3,9,23.70982
4,0,0.0
4,1,8.708269
4,10,27.231804
4,11,27.296457
4,12,27.501715
4,13,27.946032
4,14,28.796385
4,15,30.0
4,2,16.076792
4,3,21.399366
4,4,24.592913
4,5,26.226034
4,6,26.898495
4,7,27.130201
4,8,27.192036
4,9,27.207966
5,0,0.0
5,1,9.292679
5,10,28.966148
5,11,28.994452
5,12,29.065054
5,13,29.245655
5,14,29.557985
5,15,30.0
5,2,17.180637
5,3,22.814777
5,4,26.226418
5,5,27.93224
5,6,28.644354
5,7,28.881725
5,8,28.945063
5,9,28.959232
6,0,0.0
6,1,9.554639
6,10,29.687593
6,11,29.693165
6,12,29.717346
6,13,29.76738
6,14,29.867352
6,15,30.0
6,2,17.638544
6,3,23.42915
6,4,26.903103
6,5,28.648579
6,6,29.3673
6,7,29.607977
6,8,29.671314
6,9,29.683979
7,0,0.0
7,1,9.655089
7,10,29.956024
7,11,29.957691
7,12,29.959599
7,13,29.969063
7,14,29.980862
7,15,30.0
7,2,17.82721
7,3,23.660408
7,4,27.164368
7,5,28.915504
7,6,29.637535
7,7,29.878212
7,8,29.941545
7,9,29.954214
8,0,0.0
8,1,9.7491455
8,10,30.167143
8,11,30.163803
8,12,30.155556
8,13,30.125084
8,14,30.074917
8,15,30.0
8,2,17.98323
8,3,23.856361
8,4,27.37048
8,5,29.126625
8,6,29.848656
8,7,30.08933
8,8,30.152668
8,9,30.165333
9,0,0.0
9,1,10.001602
9,10,30.737183
9,11,30.724731
9,12,30.668327
9,13,30.550156
9,14,30.314314
9,15,30.0
9,2,18.421322
9,3,24.380127
9,4,27.934668
9,5,29.698166
9,6,30.4229
9,7,30.663576
9,8,30.726913
9,9,30.73958
