0,0,0.0
0,1,0.0
0,10,0.0
0,11,0.0
0,12,0.0
0,13,0.0
0,14,0.0
0,15,30.0
0,2,0.0
0,3,0.0
0,4,0.0
0,5,0.0
0,6,0.0
0,7,0.0
0,8,0.0
0,9,0.0
1,0,0.0
1,1,0.63466954
1,10,5.172297
1,11,5.9419484
1,12,7.232938
1,13,9.734567
1,14,15.341269
1,15,30.0
1,2,1.2536055
1,3,1.8429531
1,4,2.3924356
1,5,2.8968308
1,6,3.3573952
1,7,3.7837162
1,8,4.19691
1,9,4.6360645
10,0,0.0
10,1,11.115688
10,10,49.43091
10,11,47.808823
10,12,45.018482
10,13,41.00692
10,14,35.869648
10,15,30.0
10,2,21.186047
10,3,29.659355
10,4,36.425728
10,5,41.60837
10,6,45.402134
10,7,47.98668
10,8,49.489075
10,9,49.971493
11,0,0.0
11,1,14.54006
11,10,57.048275
11,11,54.911358
11,12,51.27419
11,13,45.87873
11,14,38.63293
11,15,30.0
11,2,27.109087
11,3,37.062546
11,4,44.56156
11,5,50.02158
11,6,53.84504
11,7,56.33258
11,8,57.667282
11,9,57.91883
12,0,0.0
12,1,19.935791
12,10,65.93335
12,11,63.515316
12,12,59.289112
12,13,52.601532
12,14,42.783665
12,15,30.0
12,2,35.64833
12,3,46.921097
12,4,54.737553
12,5,60.072716
12,6,63.625355
12,7,65.8329
12,8,66.93019
12,9,66.98979
13,0,0.0
13,1,29.555035
13,10,76.18111
13,11,73.92836
13,12,69.76616
13,13,62.455116
13,14,49.900467
13,15,30.0
13,2,48.627853
13,3,60.236687
13,4,67.39575
13,5,71.907425
13,6,74.751945
13,7,76.44472
13,8,77.23202
13,9,77.17796
14,0,0.0
14,1,49.656662
14,10,87.6855
14,11,86.25152
14,12,83.39252
14,13,77.55268
14,14,64.363266
14,15,30.0
14,2,69.07172
14,3,78.00253
14,4,82.702
14,5,85.410034
14,6,87.031105
14,7,87.96286
14,8,88.37605
14,9,88.30978
15,0,0.0
15,1,100.0
15,10,100.0
15,11,100.0
15,12,100.0
15,13,100.0
15,14,100.0
15,15,30.0
15,2,100.0
15,3,100.0
15,4,100.0
15,5,100.0
15,6,100.0
15,7,100.0
15,8,100.0
15,9,100.0
2,0,0.0
2,1,1.285161
2,10,10.111544
2,11,11.362881
2,12,13.255487
2,13,16.364237
2,14,21.630594
2,15,30.0
2,2,2.5369725
2,3,3.726021
2,4,4.830276
2,5,5.837861
2,6,6.74944
2,7,7.5809846
2,8,8.368283
2,9,9.175461
3,0,0.0
3,1,1.9691751
3,10,14.736263
3,11,16.143166
3,12,18.06239
3,13,20.83664
3,14,24.81705
3,15,30.0
3,2,3.8834414
3,3,5.694373
3,4,7.365404
3,5,8.875621
3,6,10.222316
3,7,11.423328
3,8,12.520615
3,9,13.58675
4,0,0.0
4,1,2.7083485
4,10,19.10464
4,11,20.41204
4,12,22.014977
4,13,24.103378
4,14,26.801218
4,15,30.0
4,2,5.3337355
4,3,7.803334
4,4,10.062246
4,5,12.077951
4,6,13.842024
4,7,15.370604
4,8,16.705297
4,9,17.915817
5,0,0.0
5,1,3.5308018
5,10,23.35578
5,11,24.386518
5,12,25.48301
5,13,26.761307
5,14,28.284763
5,15,30.0
5,2,6.9404387
5,3,10.123884
5,4,13.00343
5,5,15.533239
5,6,17.698687
5,7,19.513288
5,8,21.015686
5,9,22.268036
6,0,0.0
6,1,4.4747896
6,10,27.665474
6,11,28.296589
6,12,28.77029
6,13,29.174814
6,14,29.576902
6,15,30.0
6,2,8.774062
6,3,12.749381
6,4,16.295681
6,5,19.35444
6,6,21.907896
6,7,23.969969
6,8,25.577902
6,9,26.786583
7,0,0.0
7,1,5.594704
7,10,32.224667
7,11,32.365536
7,12,32.12793
7,13,31.591558
7,14,30.848446
7,15,30.0
7,2,10.932438
7,3,15.805055
7,4,20.076942
7,5,23.682648
7,6,26.610369
7,7,28.882748
7,8,30.541342
7,9,31.636795
8,0,0.0
8,1,6.972017
8,10,37.232647
8,11,36.81452
8,12,35.785545
8,13,34.215893
8,14,32.22576
8,15,30.0
8,2,13.556771
8,3,19.462673
8,4,24.525923
8,5,28.690634
8,6,31.970146
8,7,34.411385
8,8,36.06997
8,9,36.99658
9,0,0.0
9,1,8.737022
9,10,42.896652
9,11,41.875893
9,12,39.985077
9,13,37.26155
9,14,33.839134
9,15,30.0
9,2,16.860798
9,3,23.96416
9,4,29.874989
9,5,34.58561
9,6,38.170185
9,7,40.724728
9,8,42.33267
9,9,43.048866
