0,0,0.0
0,1,0.0
0,10,0.0
0,11,0.0
0,12,0.0
0,13,0.0
0,14,0.0
0,15,30.0
0,2,0.0
0,3,0.0
0,4,0.0
0,5,0.0
0,6,0.0
0,7,0.0
0,8,0.0
0,9,0.0
1,0,0.0
1,1,0.6354011
1,10,5.1753564
1,11,5.944576
1,12,7.235016
1,13,9.736006
1,14,15.342004
1,15,30.0
1,2,1.2550371
1,3,1.8450223
1,4,2.395053
1,5,2.899882
1,6,3.3607483
1,7,3.7872238
1,8,4.2004194
1,9,4.6394234
10,0,0.0
10,1,11.118776
10,10,49.443817
10,11,47.819897
10,12,45.027245
10,13,41.012985
10,14,35.872753
10,15,30.0
10,2,21.192087
10,3,29.668087
10,4,36.436775
10,5,41.621246
10,6,45.416283
10,7,48.00148
10,8,49.50388
10,9,49.985657
11,0,0.0
11,1,14.542713
11,10,57.059364
11,11,54.920876
11,12,51.281723
11,13,45.883945
11,14,38.635597
11,15,30.0
11,2,27.11428
11,3,37.07005
11,4,44.571053
11,5,50.03265
11,6,53.8572
11,7,56.345303
11,8,57.680008
11,9,57.931007
12,0,0.0
12,1,19.937895
12,10,65.94214
12,11,63.522854
12,12,59.29508
12,13,52.605663
12,14,42.785778
12,15,30.0
12,2,35.652443
12,3,46.92704
12,4,54.745064
12,5,60.08147
12,6,63.63498
12,7,65.84297
12,8,66.94026
12,9,66.99943
13,0,0.0
13,1,29.556488
13,10,76.187195
13,11,73.93359
13,12,69.77028
13,13,62.45798
13,14,49.90193
13,15,30.0
13,2,48.630703
13,3,60.240803
13,4,67.400955
13,5,71.9135
13,6,74.75861
13,7,76.45169
13,8,77.239
13,9,77.18465
14,0,0.0
14,1,49.65741
14,10,87.688614
14,11,86.25419
14,12,83.39464
14,13,77.554146
14,14,64.36401
14,15,30.0
14,2,69.07318
14,3,78.00464
14,4,82.704666
14,5,85.41315
14,6,87.034515
14,7,87.96643
14,8,88.37962
14,9,88.31319
15,0,0.0
15,1,100.0
15,10,100.0
15,11,100.0
15,12,100.0
15,13,100.0
15,14,100.0
15,15,30.0
15,2,100.0
15,3,100.0
15,4,100.0
15,5,100.0
15,6,100.0
15,7,100.0
15,8,100.0
15,9,100.0
2,0,0.0
2,1,1.2865931
2,10,10.117533
2,11,11.368022
2,12,13.259556
2,13,16.367054
2,14,21.632034
2,15,30.0
2,2,2.5397744
2,3,3.7300718
2,4,4.835398
2,5,5.8438344
2,6,6.756003
2,7,7.5878506
2,8,8.3751545
2,9,9.1820345
3,0,0.0
3,1,1.9712465
3,10,14.744925
3,11,16.150604
3,12,18.068275
3,13,20.840712
3,14,24.819134
3,15,30.0
3,2,3.8874946
3,3,5.7002316
3,4,7.372815
3,5,8.884261
3,6,10.231809
3,7,11.43326
3,8,12.53055
3,9,13.596258
4,0,0.0
4,1,2.7109709
4,10,19.115608
4,11,20.421453
4,12,22.022427
4,13,24.108536
4,14,26.803852
4,15,30.0
4,2,5.338866
4,3,7.8107514
4,4,10.071626
4,5,12.088888
4,6,13.85404
4,7,15.383176
4,8,16.717876
4,9,17.927853
5,0,0.0
5,1,3.5338616
5,10,23.368576
5,11,24.397507
5,12,25.491703
5,13,26.767326
5,14,28.287838
5,15,30.0
5,2,6.9464273
5,3,10.13254
5,4,13.014378
5,5,15.546003
5,6,17.712711
5,7,19.527962
5,8,21.030367
5,9,22.282085
6,0,0.0
6,1,4.478156
6,10,27.67955
6,11,28.308672
6,12,28.779854
6,13,29.18143
6,14,29.580288
6,15,30.0
6,2,8.780649
6,3,12.758903
6,4,16.307726
6,5,19.36848
6,6,21.923323
6,7,23.98611
6,8,25.594051
6,9,26.802036
7,0,0.0
7,1,5.5982304
7,10,32.23941
7,11,32.378197
7,12,32.13794
7,13,31.598492
7,14,30.85199
7,15,30.0
7,2,10.939339
7,3,15.81503
7,4,20.08956
7,5,23.697355
7,6,26.62653
7,7,28.899656
7,8,30.55826
7,9,31.652983
8,0,0.0
8,1,6.9755497
8,10,37.24742
8,11,36.8272
8,12,35.795578
8,13,34.222836
8,14,32.229313
8,15,30.0
8,2,13.5636835
8,3,19.472666
8,4,24.53856
8,5,28.70537
8,6,31.986338
8,7,34.42832
8,8,36.08692
8,9,37.012794
9,0,0.0
9,1,8.740407
9,10,42.910797
9,11,41.888042
9,12,39.994682
9,13,37.268204
9,14,33.842537
9,15,30.0
9,2,16.867422
9,3,23.973732
9,4,29.887096
9,5,34.599728
9,6,38.185696
9,7,40.74096
9,8,42.348904
9,9,43.064404
