0,0,0.0
0,1,0.0
0,10,0.0
0,11,0.0
0,12,0.0
0,13,0.0
0,14,0.0
0,15,30.0
0,2,0.0
0,3,0.0
0,4,0.0
0,5,0.0
0,6,0.0
0,7,0.0
0,8,0.0
0,9,0.0
1,0,0.0
1,1,0.81661636
1,10,5.5611877
1,11,6.244949
1,12,7.453392
1,13,9.877239
1,14,15.411255
1,15,30.0
1,2,1.6006198
1,3,2.324982
1,4,2.9685583
1,5,3.5236807
1,6,3.9914823
1,7,4.3889484
1,8,4.7449245
1,9,5.108979
10,0,0.0
10,1,10.718399
10,10,46.26559
10,11,44.96254
10,12,42.681847
10,13,39.348347
10,14,35.007935
10,15,30.0
10,2,20.375408
10,3,28.407738
10,4,34.712852
10,5,39.43
10,6,42.79135
10,7,45.017895
10,8,46.28324
10,9,46.6917
11,0,0.0
11,1,14.079704
11,10,53.83485
11,11,52.0392
11,12,48.931084
11,13,44.21946
11,14,37.77377
11,15,30.0
11,2,26.17857
11,3,35.65109
11,4,42.663635
11,5,47.65538
11,6,51.05826
11,7,53.213867
11,8,54.34562
11,9,54.556656
12,0,0.0
12,1,19.492107
12,10,63.060482
12,11,60.961056
12,12,57.210037
12,13,51.134274
12,14,42.024017
12,15,30.0
12,2,34.757824
12,3,45.58022
12,4,52.954185
12,5,57.87136
12,6,61.059795
12,7,62.988243
12,8,63.924126
12,9,63.969276
13,0,0.0
13,1,29.206825
13,10,74.02153
13,11,72.01183
13,12,68.21089
13,13,61.357876
13,14,49.333527
13,15,30.0
13,2,47.930378
13,3,59.192394
13,4,66.013664
13,5,70.212494
13,6,72.787766
13,7,74.2787
13,8,74.95477
13,9,74.8981
14,0,0.0
14,1,49.465416
14,10,86.52631
14,11,85.22516
14,12,82.55976
14,13,76.966255
14,14,64.06005
14,15,30.0
14,2,68.68964
14,3,77.43135
14,4,81.94878
14,5,84.48881
14,6,85.96708
14,7,86.79296
14,8,87.14893
14,9,87.08457
15,0,0.0
15,1,100.0
15,10,100.0
15,11,100.0
15,12,100.0
15,13,100.0
15,14,100.0
15,15,30.0
15,2,100.0
15,3,100.0
15,4,100.0
15,5,100.0
15,6,100.0
15,7,100.0
15,8,100.0
15,9,100.0
2,0,0.0
2,1,1.6180916
2,10,10.778416
2,11,11.875511
2,12,13.622732
2,13,16.599537
2,14,21.744797
2,15,30.0
2,2,3.1720347
2,3,4.6042323
2,4,5.877342
2,5,6.9693694
2,6,7.887452
2,7,8.656896
2,8,9.332962
2,9,9.997784
3,0,0.0
3,1,2.3974066
3,10,15.480111
3,11,16.694412
3,12,18.443954
3,13,21.072609
3,14,24.929317
3,15,30.0
3,2,4.6961594
3,3,6.814128
3,4,8.687547
3,5,10.290986
3,6,11.623801
3,7,12.725742
3,8,13.661625
3,9,14.533279
4,0,0.0
4,1,3.1584022
4,10,19.669239
4,11,20.787304
4,12,22.241535
4,13,24.225567
4,14,26.852467
4,15,30.0
4,2,6.1846695
4,3,8.961542
4,4,11.411734
4,5,13.489771
4,6,15.202228
4,7,16.585453
4,8,17.717205
4,9,18.700626
5,0,0.0
5,1,3.926707
5,10,23.480286
5,11,24.364313
5,12,25.384766
5,13,26.65153
5,14,28.216248
5,15,30.0
5,2,7.6785917
5,3,11.110653
5,4,14.114631
5,5,16.644688
5,6,18.695738
5,7,20.316412
5,8,21.58176
5,9,22.596087
6,0,0.0
6,1,4.7470884
6,10,27.131195
6,11,27.697613
6,12,28.20566
6,13,28.73943
6,14,29.339767
6,15,30.0
6,2,9.269337
6,3,13.37486
6,4,16.9408
6,5,19.90251
6,6,22.267712
6,7,24.082153
6,8,25.430609
6,9,26.411755
7,0,0.0
7,1,5.696513
7,10,30.906414
7,11,31.084702
7,12,31.021374
7,13,30.777077
7,14,30.417717
7,15,30.0
7,2,11.09053
7,3,15.942626
7,4,20.096176
7,5,23.495972
7,6,26.15072
7,7,28.127918
7,8,29.514969
7,9,30.409615
8,0,0.0
8,1,6.8831015
8,10,35.12424
8,11,34.857212
8,12,34.140984
8,13,33.030624
8,14,31.604305
8,15,30.0
8,2,13.344084
8,3,19.062231
8,4,23.868687
8,5,27.713793
8,6,30.645573
8,7,32.751423
8,8,34.13848
8,9,34.904465
9,0,0.0
9,1,8.472077
9,10,40.13236
9,11,39.358932
9,12,37.90392
9,13,35.773872
9,14,33.06476
9,15,30.0
9,2,16.303778
9,3,23.073118
9,4,28.602121
9,5,32.90367
9,6,36.081177
9,7,38.27846
9,8,39.626915
9,9,40.225212
