0,0,0.0
0,1,0.0
0,10,0.0
0,11,0.0
0,12,0.0
0,13,0.0
0,14,0.0
0,15,30.0
0,2,0.0
0,3,0.0
0,4,0.0
0,5,0.0
0,6,0.0
0,7,0.0
0,8,0.0
0,9,0.0
1,0,0.0
1,1,0.69692856
1,10,5.276738
1,11,6.017367
1,12,7.283314
1,13,9.764768
1,14,15.355192
1,15,30.0
1,2,1.3721714
1,3,2.0063267
1,4,2.5861065
1,5,3.1041274
1,6,3.5629387
1,7,3.9739707
1,8,4.362531
1,9,4.77169
10,0,0.0
10,1,10.871593
10,10,47.77111
10,11,46.324123
10,12,43.805992
10,13,40.14759
10,14,35.424393
10,15,30.0
10,2,20.694374
10,3,28.917175
10,4,35.43301
10,5,40.376713
10,6,43.957092
10,7,46.37375
10,8,47.773483
10,9,48.235634
11,0,0.0
11,1,14.279794
11,10,55.412518
11,11,53.45684
11,12,50.08995
11,13,45.042583
11,14,38.19993
11,15,30.0
11,2,26.58838
11,3,36.282177
11,4,43.529095
11,5,48.75359
11,6,52.37366
11,7,54.706493
11,8,55.952766
11,9,56.198128
12,0,0.0
12,1,19.696762
12,10,64.501366
12,11,62.24537
12,12,58.25872
12,13,51.87466
12,14,42.408043
12,15,30.0
12,2,35.171158
12,3,46.210045
12,4,53.80175
12,5,58.931416
12,6,62.30934
12,7,64.387566
12,8,65.4152
12,9,65.476234
13,0,0.0
13,1,29.372276
13,10,75.1179
13,11,72.988144
13,12,69.00393
13,13,61.918545
13,14,49.623108
13,15,30.0
13,2,48.264004
13,3,59.695652
13,4,66.68664
13,5,71.04564
13,6,73.76235
13,7,75.36205
13,8,76.1009
13,9,76.05188
14,0,0.0
14,1,49.55781
14,10,87.1194
14,11,85.75115
14,12,82.98758
14,13,77.26755
14,14,64.21608
14,15,30.0
14,2,68.874954
14,3,77.710594
14,4,82.31989
14,5,84.94679
14,6,86.50023
14,7,87.38324
14,8,87.7718
14,9,87.70898
15,0,0.0
15,1,100.0
15,10,100.0
15,11,100.0
15,12,100.0
15,13,100.0
15,14,100.0
15,15,30.0
15,2,100.0
15,3,100.0
15,4,100.0
15,5,100.0
15,6,100.0
15,7,100.0
15,8,100.0
15,9,100.0
2,0,0.0
2,1,1.3969545
2,10,10.273841
2,11,11.474145
2,12,13.325597
2,13,16.403408
2,14,21.647789
2,15,30.0
2,2,2.7488694
2,3,4.017315
2,4,5.1726303
2,5,6.2015815
2,6,7.105006
2,7,7.905002
2,8,8.643845
2,9,9.394533
3,0,0.0
3,1,2.106804
3,10,14.871956
3,11,16.219456
3,12,18.096468
3,13,20.84705
3,14,24.818085
3,15,30.0
3,2,4.1435504
3,3,6.0477934
3,4,7.775838
3,5,9.302006
3,6,10.628096
3,7,11.777959
3,8,12.805597
3,9,13.79498
4,0,0.0
4,1,2.8422608
4,10,19.108803
4,11,20.364353
4,12,21.944565
4,13,24.037535
4,14,26.762398
4,15,30.0
4,2,5.583333
4,3,8.136791
4,4,10.436606
4,5,12.449878
4,6,14.170494
4,7,15.626773
4,8,16.873043
4,9,17.994968
5,0,0.0
5,1,3.6295571
5,10,23.123112
5,11,24.127708
5,12,25.239496
5,13,26.573397
5,14,28.182356
5,15,30.0
5,2,7.120178
5,3,10.350674
5,4,13.236596
5,5,15.728714
5,6,17.821373
5,7,19.539112
5,8,20.93885
5,9,22.099915
6,0,0.0
6,1,4.5123897
6,10,27.114567
6,11,27.758059
6,12,28.30249
6,13,28.829086
6,14,29.393576
6,15,30.0
6,2,8.831884
6,3,12.798116
6,4,16.297108
6,5,19.273853
6,6,21.717342
6,7,23.658974
6,8,25.153923
6,9,26.276997
7,0,0.0
7,1,5.553692
7,10,31.31501
7,11,31.517004
7,12,31.412018
7,13,31.073872
7,14,30.57647
7,15,30.0
7,2,10.836756
7,3,15.629135
7,4,19.793089
7,5,23.26462
7,6,26.045727
7,7,28.174885
7,8,29.715488
7,9,30.738441
8,0,0.0
8,1,6.848894
8,10,35.980816
8,11,35.671238
8,12,34.83748
8,13,33.53668
8,14,31.871672
8,15,30.0
8,2,13.299562
8,3,19.054596
8,4,23.947319
8,5,27.930426
8,6,31.028887
8,7,33.31023
8,8,34.85083
8,9,35.721603
9,0,0.0
9,1,8.541559
9,10,41.376373
9,11,40.506306
9,12,38.85877
9,13,36.460842
9,14,33.422745
9,15,30.0
9,2,16.463638
9,3,23.354393
9,4,29.045357
9,5,33.535656
9,6,36.9162
9,7,39.301357
9,8,40.79631
9,9,41.47585
