0,0,0.0
0,1,0.0
0,10,0.0
0,11,0.0
0,12,0.0
0,13,0.0
0,14,0.0
0,15,30.0
0,2,0.0
0,3,0.0
0,4,0.0
0,5,0.0
0,6,0.0
0,7,0.0
0,8,0.0
0,9,0.0
1,0,0.0
1,1,0.6348885
1,10,5.1732144
1,11,5.9427376
1,12,7.2335615
1,13,9.734999
1,14,15.341489
1,15,30.0
1,2,1.254034
1,3,1.8435725
1,4,2.3932195
1,5,2.897745
1,6,3.3583999
1,7,3.7847676
1,8,4.197962
1,9,4.6370726
10,0,0.0
10,1,11.116619
10,10,49.43481
10,11,47.812172
10,12,45.021137
10,13,41.00875
10,14,35.87059
10,15,30.0
10,2,21.187868
10,3,29.661987
10,4,36.42906
10,5,41.61226
10,6,45.406406
10,7,47.99115
10,8,49.49355
10,9,49.97577
11,0,0.0
11,1,14.54086
11,10,57.05163
11,11,54.914238
11,12,51.276466
11,13,45.88031
11,14,38.633736
11,15,30.0
11,2,27.110653
11,3,37.064808
11,4,44.564423
11,5,50.02493
11,6,53.848717
11,7,56.336433
11,8,57.671127
11,9,57.922512
12,0,0.0
12,1,19.936424
12,10,65.936005
12,11,63.5176
12,12,59.290924
12,13,52.60278
12,14,42.78431
12,15,30.0
12,2,35.64957
12,3,46.92289
12,4,54.739822
12,5,60.075356
12,6,63.62827
12,7,65.83595
12,8,66.93324
12,9,66.99271
13,0,0.0
13,1,29.555473
13,10,76.18295
13,11,73.92995
13,12,69.76741
13,13,62.455994
13,14,49.90091
13,15,30.0
13,2,48.628716
13,3,60.23793
13,4,67.39733
13,5,71.90926
13,6,74.75396
13,7,76.44683
13,8,77.23413
13,9,77.17999
14,0,0.0
14,1,49.65689
14,10,87.68645
14,11,86.25232
14,12,83.393166
14,13,77.55313
14,14,64.363495
14,15,30.0
14,2,69.07216
14,3,78.003174
14,4,82.702805
14,5,85.41098
14,6,87.032135
14,7,87.963936
14,8,88.37714
14,9,88.31081
15,0,0.0
15,1,100.0
15,10,100.0
15,11,100.0
15,12,100.0
15,13,100.0
15,14,100.0
15,15,30.0
15,2,100.0
15,3,100.0
15,4,100.0
15,5,100.0
15,6,100.0
15,7,100.0
15,8,100.0
15,9,100.0
2,0,0.0
2,1,1.2855898
2,10,10.113341
2,11,11.364424
2,12,13.256709
2,13,16.365084
2,14,21.631027
2,15,30.0
2,2,2.5378115
2,3,3.7272341
2,4,4.8318105
2,5,5.839651
2,6,6.751408
2,7,7.583042
2,8,8.370345
2,9,9.177433
3,0,0.0
3,1,1.9697956
3,10,14.738862
3,11,16.145401
3,12,18.064156
3,13,20.837862
3,14,24.817677
3,15,30.0
3,2,3.884656
3,3,5.696129
3,4,7.367625
3,5,8.878212
3,6,10.225162
3,7,11.426309
3,8,12.523594
3,9,13.589604
4,0,0.0
4,1,2.7091348
4,10,19.107937
4,11,20.41487
4,12,22.017218
4,13,24.10493
4,14,26.80201
4,15,30.0
4,2,5.3352737
4,3,7.8055587
4,4,10.06506
4,5,12.081231
4,6,13.845632
4,7,15.374377
4,8,16.709076
4,9,17.91943
5,0,0.0
5,1,3.5317197
5,10,23.359625
5,11,24.389826
5,12,25.485626
5,13,26.763119
5,14,28.28569
5,15,30.0
5,2,6.942236
5,3,10.126482
5,4,13.006717
5,5,15.537073
5,6,17.7029
5,7,19.5177
5,8,21.020098
5,9,22.272263
6,0,0.0
6,1,4.4758005
6,10,27.669716
6,11,28.300226
6,12,28.773174
6,13,29.17681
6,14,29.577923
6,15,30.0
6,2,8.776041
6,3,12.752242
6,4,16.299303
6,5,19.35866
6,6,21.912537
6,7,23.974821
6,8,25.582764
6,9,26.791231
7,0,0.0
7,1,5.595764
7,10,32.229107
7,11,32.369354
7,12,32.130947
7,13,31.59365
7,14,30.849518
7,15,30.0
7,2,10.934513
7,3,15.808056
7,4,20.080738
7,5,23.687077
7,6,26.61523
7,7,28.887842
7,8,30.546436
7,9,31.641678
8,0,0.0
8,1,6.9730797
8,10,37.23711
8,11,36.818344
8,12,35.788578
8,13,34.217987
8,14,32.226833
8,15,30.0
8,2,13.558852
8,3,19.465681
8,4,24.529732
8,5,28.695072
8,6,31.975029
8,7,34.416485
8,8,36.075085
8,9,37.001465
9,0,0.0
9,1,8.738043
9,10,42.90092
9,11,41.879562
9,12,39.987976
9,13,37.263565
9,14,33.840164
9,15,30.0
9,2,16.862793
9,3,23.967047
9,4,29.878635
9,5,34.589874
9,6,38.174862
9,7,40.72963
9,8,42.337563
9,9,43.05356
