0,0,0.0
0,1,0.0
0,10,0.0
0,11,0.0
0,12,0.0
0,13,0.0
0,14,0.0
0,15,30.0
0,2,0.0
0,3,0.0
0,4,0.0
0,5,0.0
0,6,0.0
0,7,0.0
0,8,0.0
0,9,0.0
1,0,0.0
1,1,0.6354883
1,10,5.1757193
1,11,5.9448867
1,12,7.235263
1,13,9.736176
1,14,15.342091
1,15,30.0
1,2,1.2552075
1,3,1.8452686
1,4,2.3953648
1,5,2.9002452
1,6,3.3611465
1,7,3.7876406
1,8,4.2008367
1,9,4.639822
10,0,0.0
10,1,11.11914
10,10,49.445335
10,11,47.821205
10,12,45.028282
10,13,41.013702
10,14,35.87312
10,15,30.0
10,2,21.192799
10,3,29.669117
10,4,36.438072
10,5,41.62276
10,6,45.417946
10,7,48.00322
10,8,49.50563
10,9,49.987328
11,0,0.0
11,1,14.543026
11,10,57.06067
11,11,54.922
11,12,51.282608
11,13,45.88456
11,14,38.63591
11,15,30.0
11,2,27.114891
11,3,37.07093
11,4,44.572166
11,5,50.03395
11,6,53.858627
11,7,56.346798
11,8,57.681496
11,9,57.93244
12,0,0.0
12,1,19.93814
12,10,65.94317
12,11,63.523743
12,12,59.295784
12,13,52.606144
12,14,42.786026
12,15,30.0
12,2,35.652924
12,3,46.927734
12,4,54.74595
12,5,60.082497
12,6,63.636116
12,7,65.84415
12,8,66.941444
12,9,67.000565
13,0,0.0
13,1,29.55666
13,10,76.18791
13,11,73.934204
13,12,69.77077
13,13,62.458317
13,14,49.9021
13,15,30.0
13,2,48.63104
13,3,60.241283
13,4,67.401566
13,5,71.914215
13,6,74.7594
13,7,76.45251
13,8,77.23982
13,9,77.185425
14,0,0.0
14,1,49.657497
14,10,87.68898
14,11,86.2545
14,12,83.39488
14,13,77.55431
14,14,64.3641
14,15,30.0
14,2,69.07335
14,3,78.00489
14,4,82.70498
14,5,85.41351
14,6,87.03491
14,7,87.96684
14,8,88.38004
14,9,88.31359
15,0,0.0
15,1,100.0
15,10,100.0
15,11,100.0
15,12,100.0
15,13,100.0
15,14,100.0
15,15,30.0
15,2,100.0
15,3,100.0
15,4,100.0
15,5,100.0
15,6,100.0
15,7,100.0
15,8,100.0
15,9,100.0
2,0,0.0
2,1,1.2867635
2,10,10.118242
2,11,11.368632
2,12,13.260038
2,13,16.367388
2,14,21.632204
2,15,30.0
2,2,2.540108
2,3,3.7305539
2,4,4.836008
2,5,5.8445444
2,6,6.7567825
2,7,7.588666
2,8,8.375969
2,9,9.182816
3,0,0.0
3,1,1.971493
3,10,14.745953
3,11,16.151485
3,12,18.068972
3,13,20.841194
3,14,24.819378
3,15,30.0
3,2,3.887977
3,3,5.7009287
3,4,7.373697
3,5,8.885288
3,6,10.232936
3,7,11.434438
3,8,12.53173
3,9,13.5973835
4,0,0.0
4,1,2.7112827
4,10,19.116903
4,11,20.42257
4,12,22.023308
4,13,24.109144
4,14,26.804165
4,15,30.0
4,2,5.339476
4,3,7.811633
4,4,10.072741
4,5,12.090187
4,6,13.855467
4,7,15.384667
4,8,16.719366
4,9,17.92928
5,0,0.0
5,1,3.534225
5,10,23.37009
5,11,24.398804
5,12,25.49273
5,13,26.768036
5,14,28.288202
5,15,30.0
5,2,6.947138
5,3,10.133567
5,4,13.015678
5,5,15.547518
5,6,17.714373
5,7,19.5297
5,8,21.032106
5,9,22.283747
6,0,0.0
6,1,4.4785557
6,10,27.681215
6,11,28.310099
6,12,28.780985
6,13,29.182213
6,14,29.580687
6,15,30.0
6,2,8.781429
6,3,12.760032
6,4,16.309153
6,5,19.370144
6,6,21.925148
6,7,23.988018
6,8,25.59596
6,9,26.803862
7,0,0.0
7,1,5.5986476
7,10,32.241154
7,11,32.379692
7,12,32.139126
7,13,31.599308
7,14,30.85241
7,15,30.0
7,2,10.940155
7,3,15.81621
7,4,20.091053
7,5,23.699097
7,6,26.62844
7,7,28.901653
7,8,30.560255
7,9,31.654892
8,0,0.0
8,1,6.9759674
8,10,37.249165
8,11,36.828697
8,12,35.796764
8,13,34.223656
8,14,32.22973
8,15,30.0
8,2,13.564499
8,3,19.473846
8,4,24.540054
8,5,28.707111
8,6,31.988249
8,7,34.43032
8,8,36.08892
8,9,37.014706
9,0,0.0
9,1,8.740807
9,10,42.912468
9,11,41.889473
9,12,39.99582
9,13,37.26899
9,14,33.842937
9,15,30.0
9,2,16.868202
9,3,23.974863
9,4,29.888523
9,5,34.60139
9,6,38.187523
9,7,40.74287
9,8,42.350815
9,9,43.066235
