0,0,0.0
0,1,0.0
0,10,0.0
0,11,0.0
0,12,0.0
0,13,0.0
0,14,0.0
0,15,30.0
0,2,0.0
0,3,0.0
0,4,0.0
0,5,0.0
0,6,0.0
0,7,0.0
0,8,0.0
0,9,0.0
1,0,0.0
1,1,0.6346916
1,10,5.172389
1,11,5.9420285
1,12,7.2330008
1,13,9.734611
1,14,15.3412895
1,15,30.0
1,2,1.2536488
1,3,1.8430156
1,4,2.392515
1,5,2.896923
1,6,3.3574967
1,7,3.7838225
1,8,4.197016
1,9,4.6361666
10,0,0.0
10,1,11.115782
10,10,49.431313
10,11,47.809162
10,12,45.018753
10,13,41.007103
10,14,35.869747
10,15,30.0
10,2,21.186232
10,3,29.659618
10,4,36.426067
10,5,41.608765
10,6,45.40257
10,7,47.98713
10,8,49.489532
10,9,49.971916
11,0,0.0
11,1,14.540141
11,10,57.048615
11,11,54.91165
11,12,51.27442
11,13,45.878895
11,14,38.63301
11,15,30.0
11,2,27.109245
11,3,37.062775
11,4,44.56185
11,5,50.02192
11,6,53.84541
11,7,56.332973
11,8,57.66767
11,9,57.919212
12,0,0.0
12,1,19.935856
12,10,65.933624
12,11,63.515545
12,12,59.2893
12,13,52.601654
12,14,42.783733
12,15,30.0
12,2,35.648457
12,3,46.92128
12,4,54.737785
12,5,60.072975
12,6,63.62565
12,7,65.833206
12,8,66.9305
12,9,66.99008
13,0,0.0
13,1,29.555077
13,10,76.18129
13,11,73.92853
13,12,69.76628
13,13,62.455208
13,14,49.900513
13,15,30.0
13,2,48.627945
13,3,60.23681
13,4,67.39592
13,5,71.907616
13,6,74.75215
13,7,76.44493
13,8,77.23223
13,9,77.17817
14,0,0.0
14,1,49.65669
14,10,87.68561
14,11,86.251595
14,12,83.39259
14,13,77.55273
14,14,64.36328
14,15,30.0
14,2,69.07176
14,3,78.0026
14,4,82.70208
14,5,85.410126
14,6,87.03121
14,7,87.96297
14,8,88.37617
14,9,88.309875
15,0,0.0
15,1,100.0
15,10,100.0
15,11,100.0
15,12,100.0
15,13,100.0
15,14,100.0
15,15,30.0
15,2,100.0
15,3,100.0
15,4,100.0
15,5,100.0
15,6,100.0
15,7,100.0
15,8,100.0
15,9,100.0
2,0,0.0
2,1,1.2852043
2,10,10.111726
2,11,11.363036
2,12,13.255611
2,13,16.36432
2,14,21.630638
2,15,30.0
2,2,2.5370572
2,3,3.7261436
2,4,4.8304305
2,5,5.8380423
2,6,6.7496395
2,7,7.581192
2,8,8.368492
2,9,9.17566
3,0,0.0
3,1,1.9692378
3,10,14.736525
3,11,16.143394
3,12,18.062567
3,13,20.836763
3,14,24.817112
3,15,30.0
3,2,3.883564
3,3,5.69455
3,4,7.365629
3,5,8.875883
3,6,10.222604
3,7,11.42363
3,8,12.520915
3,9,13.587039
4,0,0.0
4,1,2.7084281
4,10,19.104975
4,11,20.412325
4,12,22.015205
4,13,24.103535
4,14,26.801296
4,15,30.0
4,2,5.333891
4,3,7.8035603
4,4,10.0625305
4,5,12.078283
4,6,13.84239
4,7,15.370985
4,8,16.70568
4,9,17.91618
5,0,0.0
5,1,3.5308943
5,10,23.356167
5,11,24.386856
5,12,25.483273
5,13,26.761492
5,14,28.284857
5,15,30.0
5,2,6.9406214
5,3,10.1241455
5,4,13.003763
5,5,15.533627
5,6,17.699112
5,7,19.513737
5,8,21.016132
5,9,22.268467
6,0,0.0
6,1,4.4748917
6,10,27.665903
6,11,28.296955
6,12,28.770586
6,13,29.175014
6,14,29.577005
6,15,30.0
6,2,8.774261
6,3,12.74967
6,4,16.29605
6,5,19.354866
6,6,21.908365
6,7,23.970459
6,8,25.578396
6,9,26.787052
7,0,0.0
7,1,5.594811
7,10,32.225113
7,11,32.36593
7,12,32.12823
7,13,31.59177
7,14,30.848557
7,15,30.0
7,2,10.932648
7,3,15.805359
7,4,20.077326
7,5,23.683096
7,6,26.610859
7,7,28.883266
7,8,30.541853
7,9,31.637295
8,0,0.0
8,1,6.972124
8,10,37.233105
8,11,36.814907
8,12,35.78586
8,13,34.216103
8,14,32.22587
8,15,30.0
8,2,13.556981
8,3,19.462976
8,4,24.52631
8,5,28.691082
8,6,31.970642
8,7,34.411896
8,8,36.07049
8,9,36.99707
9,0,0.0
9,1,8.737125
9,10,42.89708
9,11,41.876266
9,12,39.985367
9,13,37.261757
9,14,33.83924
9,15,30.0
9,2,16.861
9,3,23.964453
9,4,29.875355
9,5,34.586044
9,6,38.170654
9,7,40.725227
9,8,42.33316
9,9,43.04935
