0,0,0.0
0,1,0.0
0,10,0.0
0,11,0.0
0,12,0.0
0,13,0.0
0,14,0.0
0,15,30.0
0,2,0.0
0,3,0.0
0,4,0.0
0,5,0.0
0,6,0.0
0,7,0.0
0,8,0.0
0,9,0.0
1,0,0.0
1,1,0.6356884
1,10,5.1765532
1,11,5.9456034
1,12,7.235829
1,13,9.7365675
1,14,15.342291
1,15,30.0
1,2,1.255599
1,3,1.8458346
1,4,2.39608
1,5,2.9010792
1,6,3.3620625
1,7,3.7885985
1,8,4.2017946
1,9,4.640738
10,0,0.0
10,1,11.119974
10,10,49.44881
10,11,47.82418
10,12,45.03064
10,13,41.015327
10,14,35.87395
10,15,30.0
10,2,21.194431
10,3,29.671473
10,4,36.44106
10,5,41.62624
10,6,45.421764
10,7,48.007214
10,8,49.509617
10,9,49.99114
11,0,0.0
11,1,14.543741
11,10,57.06365
11,11,54.924553
11,12,51.28463
11,13,45.885956
11,14,38.636623
11,15,30.0
11,2,27.116291
11,3,37.072956
11,4,44.57473
11,5,50.03693
11,6,53.861904
11,7,56.350227
11,8,57.684925
11,9,57.93571
12,0,0.0
12,1,19.938707
12,10,65.94552
12,11,63.52576
12,12,59.29738
12,13,52.60725
12,14,42.786594
12,15,30.0
12,2,35.654034
12,3,46.929337
12,4,54.74797
12,5,60.084858
12,6,63.638702
12,7,65.84686
12,8,66.94415
12,9,67.00314
13,0,0.0
13,1,29.557053
13,10,76.18953
13,11,73.93559
13,12,69.77187
13,13,62.45908
13,14,49.902493
13,15,30.0
13,2,48.631805
13,3,60.24239
13,4,67.40297
13,5,71.91583
13,6,74.761185
13,7,76.454384
13,8,77.241684
13,9,77.18721
14,0,0.0
14,1,49.657696
14,10,87.68981
14,11,86.25522
14,12,83.39545
14,13,77.5547
14,14,64.364296
14,15,30.0
14,2,69.07374
14,3,78.005455
14,4,82.70569
14,5,85.41434
14,6,87.03583
14,7,87.967804
14,8,88.381
14,9,88.3145
15,0,0.0
15,1,100.0
15,10,100.0
15,11,100.0
15,12,100.0
15,13,100.0
15,14,100.0
15,15,30.0
15,2,100.0
15,3,100.0
15,4,100.0
15,5,100.0
15,6,100.0
15,7,100.0
15,8,100.0
15,9,100.0
2,0,0.0
2,1,1.2871552
2,10,10.119875
2,11,11.370031
2,12,13.261145
2,13,16.368153
2,14,21.632597
2,15,30.0
2,2,2.5408742
2,3,3.7316608
2,4,4.837408
2,5,5.846176
2,6,6.7585745
2,7,7.59054
2,8,8.377844
2,9,9.184607
3,0,0.0
3,1,1.9720589
3,10,14.748309
3,11,16.15351
3,12,18.070572
3,13,20.842304
3,14,24.819946
3,15,30.0
3,2,3.8890836
3,3,5.7025285
3,4,7.375719
3,5,8.887646
3,6,10.235525
3,7,11.437147
3,8,12.534438
3,9,13.599975
4,0,0.0
4,1,2.711998
4,10,19.119886
4,11,20.425127
4,12,22.025333
4,13,24.110546
4,14,26.804882
4,15,30.0
4,2,5.3408756
4,3,7.813656
4,4,10.075298
4,5,12.093168
4,6,13.858741
4,7,15.388091
4,8,16.72279
4,9,17.932552
5,0,0.0
5,1,3.5350595
5,10,23.373566
5,11,24.401789
5,12,25.49509
5,13,26.76967
5,14,28.28904
5,15,30.0
5,2,6.9487696
5,3,10.135924
5,4,13.018658
5,5,15.550991
5,6,17.718187
5,7,19.53369
5,8,21.036095
5,9,22.287563
6,0,0.0
6,1,4.479471
6,10,27.685032
6,11,28.313375
6,12,28.783577
6,13,29.184006
6,14,29.581604
6,15,30.0
6,2,8.783222
6,3,12.762621
6,4,16.312428
6,5,19.373959
6,6,21.929338
6,7,23.992401
6,8,25.600342
6,9,26.808052
7,0,0.0
7,1,5.599606
7,10,32.24514
7,11,32.383118
7,12,32.14183
7,13,31.601181
7,14,30.853367
7,15,30.0
7,2,10.94203
7,3,15.818919
7,4,20.094475
7,5,23.703087
7,6,26.63282
7,7,28.906239
7,8,30.564838
7,9,31.659277
8,0,0.0
8,1,6.976926
8,10,37.25316
8,11,36.832115
8,12,35.79947
8,13,34.22553
8,14,32.230686
8,15,30.0
8,2,13.566376
8,3,19.476557
8,4,24.543482
8,5,28.7111
8,6,31.992634
8,7,34.434902
8,8,36.093506
8,9,37.01909
9,0,0.0
9,1,8.741724
9,10,42.916283
9,11,41.892746
9,12,39.9984
9,13,37.27078
9,14,33.843853
9,15,30.0
9,2,16.869995
9,3,23.977455
9,4,29.8918
9,5,34.60521
9,6,38.191715
9,7,40.747253
9,8,42.355194
9,9,43.070427
