0,0,0.0
0,1,0.0
0,10,0.0
0,11,0.0
0,12,0.0
0,13,0.0
0,14,0.0
0,15,30.0
0,2,0.0
0,3,0.0
0,4,0.0
0,5,0.0
0,6,0.0
0,7,0.0
0,8,0.0
0,9,0.0
1,0,0.0
1,1,0.63561606
1,10,5.1762524
1,11,5.9453444
1,12,7.235625
1,13,9.736426
1,14,15.342218
1,15,30.0
1,2,1.2554578
1,3,1.8456302
1,4,2.3958216
1,5,2.9007778
1,6,3.3617318
1,7,3.7882524
1,8,4.2014484
1,9,4.6404076
10,0,0.0
10,1,11.119673
10,10,49.44756
10,11,47.823112
10,12,45.029793
10,13,41.01474
10,14,35.873653
10,15,30.0
10,2,21.193846
10,3,29.670624
10,4,36.439983
10,5,41.624985
10,6,45.42039
10,7,48.00577
10,8,49.50818
10,9,49.98976
11,0,0.0
11,1,14.543486
11,10,57.062576
11,11,54.923637
11,12,51.283905
11,13,45.88546
11,14,38.636368
11,15,30.0
11,2,27.115788
11,3,37.072227
11,4,44.573803
11,5,50.03586
11,6,53.860725
11,7,56.34899
11,8,57.683693
11,9,57.934536
12,0,0.0
12,1,19.938503
12,10,65.94468
12,11,63.52504
12,12,59.296806
12,13,52.606853
12,14,42.786392
12,15,30.0
12,2,35.653633
12,3,46.92876
12,4,54.747246
12,5,60.084007
12,6,63.637764
12,7,65.84589
12,8,66.94318
12,9,67.00222
13,0,0.0
13,1,29.556911
13,10,76.18895
13,11,73.93509
13,12,69.77148
13,13,62.45881
13,14,49.90235
13,15,30.0
13,2,48.63153
13,3,60.24199
13,4,67.402466
13,5,71.91525
13,6,74.760544
13,7,76.45371
13,8,77.24101
13,9,77.18657
14,0,0.0
14,1,49.657623
14,10,87.689514
14,11,86.25496
14,12,83.39525
14,13,77.554565
14,14,64.36423
14,15,30.0
14,2,69.07359
14,3,78.00525
14,4,82.70543
14,5,85.41403
14,6,87.0355
14,7,87.96746
14,8,88.38065
14,9,88.31418
15,0,0.0
15,1,100.0
15,10,100.0
15,11,100.0
15,12,100.0
15,13,100.0
15,14,100.0
15,15,30.0
15,2,100.0
15,3,100.0
15,4,100.0
15,5,100.0
15,6,100.0
15,7,100.0
15,8,100.0
15,9,100.0
2,0,0.0
2,1,1.2870138
2,10,10.119286
2,11,11.369528
2,12,13.260746
2,13,16.367878
2,14,21.632456
2,15,30.0
2,2,2.5405974
2,3,3.7312613
2,4,4.836902
2,5,5.845587
2,6,6.7579274
2,7,7.589863
2,8,8.377167
2,9,9.18396
3,0,0.0
3,1,1.9718546
3,10,14.747459
3,11,16.152779
3,12,18.069994
3,13,20.841904
3,14,24.81974
3,15,30.0
3,2,3.8886843
3,3,5.701951
3,4,7.3749886
3,5,8.886794
3,6,10.234591
3,7,11.436169
3,8,12.533461
3,9,13.599041
4,0,0.0
4,1,2.7117398
4,10,19.11881
4,11,20.424204
4,12,22.024601
4,13,24.11004
4,14,26.804623
4,15,30.0
4,2,5.34037
4,3,7.8129263
4,4,10.074374
4,5,12.092091
4,6,13.857558
4,7,15.386855
4,8,16.721554
4,9,17.93137
5,0,0.0
5,1,3.5347579
5,10,23.37231
5,11,24.400711
5,12,25.494238
5,13,26.76908
5,14,28.288736
5,15,30.0
5,2,6.948181
5,3,10.135073
5,4,13.017584
5,5,15.549737
5,6,17.716812
5,7,19.53225
5,8,21.034655
5,9,22.286186
6,0,0.0
6,1,4.4791408
6,10,27.683655
6,11,28.312195
6,12,28.78264
6,13,29.18336
6,14,29.58127
6,15,30.0
6,2,8.782575
6,3,12.761688
6,4,16.311245
6,5,19.372581
6,6,21.927828
6,7,23.990818
6,8,25.598763
6,9,26.806538
7,0,0.0
7,1,5.5992603
7,10,32.243702
7,11,32.38188
7,12,32.14086
7,13,31.600506
7,14,30.853022
7,15,30.0
7,2,10.941354
7,3,15.817942
7,4,20.09324
7,5,23.701647
7,6,26.63124
7,7,28.904583
7,8,30.563187
7,9,31.657696
8,0,0.0
8,1,6.9765797
8,10,37.251717
8,11,36.830887
8,12,35.798496
8,13,34.224854
8,14,32.23034
8,15,30.0
8,2,13.565701
8,3,19.475578
8,4,24.542248
8,5,28.709661
8,6,31.99105
8,7,34.43325
8,8,36.09185
8,9,37.017506
9,0,0.0
9,1,8.741393
9,10,42.914906
9,11,41.891567
9,12,39.997475
9,13,37.270134
9,14,33.84352
9,15,30.0
9,2,16.869349
9,3,23.97652
9,4,29.890617
9,5,34.603836
9,6,38.1902
9,7,40.745674
9,8,42.353615
9,9,43.068913
