0,0,0.0
0,1,0.0
0,10,0.0
0,11,0.0
0,12,0.0
0,13,0.0
0,14,0.0
0,15,30.0
0,2,0.0
0,3,0.0
0,4,0.0
0,5,0.0
0,6,0.0
0,7,0.0
0,8,0.0
0,9,0.0
1,0,0.0
1,1,1.0064784
1,10,6.0031843
1,11,6.605665
1,12,7.7274218
1,13,10.062336
1,14,15.504202
1,15,30.0
1,2,1.9626979
1,3,2.82385
1,4,3.563868
1,5,4.1681595
1,6,4.646505
1,7,5.0192375
1,8,5.3272586
1,9,5.6263847
10,0,0.0
10,1,10.543482
10,10,44.184288
10,11,43.076763
10,12,41.134785
10,13,38.245422
10,14,34.436836
10,15,30.0
10,2,19.995033
10,3,27.77982
10,4,33.784607
10,5,38.176666
10,6,41.211388
10,7,43.15681
10,8,44.225353
10,9,44.550514
11,0,0.0
11,1,13.817744
11,10,51.586113
11,11,50.028458
11,12,47.28417
11,13,43.05633
11,14,37.169464
11,15,30.0
11,2,25.637884
11,3,34.798584
11,4,41.477463
11,5,46.122833
11,6,49.204655
11,7,51.095825
11,8,52.05586
11,9,52.220673
12,0,0.0
12,1,19.210424
12,10,60.971863
12,11,59.096626
12,12,55.695293
12,13,50.061916
12,14,41.470535
12,15,30.0
12,2,34.18158
12,3,44.69603
12,4,51.747314
12,5,56.350655
12,6,59.2533
12,7,60.957275
12,8,61.75848
12,9,61.777176
13,0,0.0
13,1,28.971077
13,10,72.40624
13,11,70.57951
13,12,67.045
13,13,60.5375
13,14,48.90835
13,15,30.0
13,2,47.4542
13,3,58.466103
13,4,65.0373
13,5,68.9936
13,6,71.356476
13,7,72.683716
13,8,73.26456
13,9,73.20018
14,0,0.0
14,1,49.332222
14,10,85.647705
14,11,84.44473
14,12,81.927795
14,13,76.51993
14,14,63.82995
14,15,30.0
14,2,68.42029
14,3,77.02423
14,4,81.40293
14,5,83.81268
14,6,85.17653
14,7,85.91596
14,8,86.22398
14,9,86.15642
15,0,0.0
15,1,100.0
15,10,100.0
15,11,100.0
15,12,100.0
15,13,100.0
15,14,100.0
15,15,30.0
15,2,100.0
15,3,100.0
15,4,100.0
15,5,100.0
15,6,100.0
15,7,100.0
15,8,100.0
15,9,100.0
2,0,0.0
2,1,1.972281
2,10,11.571618
2,11,12.518023
2,12,14.110547
2,13,16.926481
2,14,21.909557
2,15,30.0
2,2,3.843175
2,3,5.531648
2,4,6.9757977
2,5,8.158973
2,6,9.086952
2,7,9.80798
2,8,10.388823
2,9,10.930656
3,0,0.0
3,1,2.8651824
3,10,16.455307
3,11,17.478012
3,12,19.031067
3,13,21.46558
3,14,25.125296
3,15,30.0
3,2,5.585246
3,3,8.031799
3,4,10.1287
3,5,11.834097
3,6,13.171463
3,7,14.191852
3,8,14.993056
3,9,15.695328
4,0,0.0
4,1,3.6784203
4,10,20.612274
4,11,21.52513
4,12,22.786457
4,13,24.58225
4,14,27.03014
4,15,30.0
4,2,7.1637983
4,3,10.300871
4,4,12.974127
4,5,15.148998
4,6,16.83399
4,7,18.105986
4,8,19.066013
4,9,19.850014
5,0,0.0
5,1,4.426733
5,10,24.158876
5,11,24.86584
5,12,25.730753
5,13,26.86994
5,14,28.32009
5,15,30.0
5,2,8.619552
5,3,12.375785
5,4,15.5736885
5,5,18.15125
5,6,20.138813
5,7,21.606276
5,8,22.67482
5,9,23.477938
6,0,0.0
6,1,5.165765
6,10,27.34536
6,11,27.785812
6,12,28.222916
6,13,28.72298
6,14,29.324774
6,15,30.0
6,2,10.042125
6,3,14.398362
6,4,18.074614
6,5,21.023586
6,6,23.263153
6,7,24.889433
6,8,26.021019
6,9,26.795164
7,0,0.0
7,1,5.9804015
7,10,30.509293
7,11,30.646843
7,12,30.61212
7,13,30.467503
7,14,30.24942
7,15,30.0
7,2,11.60478
7,3,16.582493
7,4,20.749891
7,5,24.044132
7,6,26.516163
7,7,28.264133
7,8,29.425835
7,9,30.135696
8,0,0.0
8,1,7.007136
8,10,34.0711
8,11,33.846943
8,12,33.2828
8,13,32.403645
8,14,31.276155
8,15,30.0
8,2,13.540922
8,3,19.253174
8,4,23.949987
8,5,27.60594
8,6,30.28812
8,7,32.136475
8,8,33.298176
8,9,33.907654
9,0,0.0
9,1,8.432032
9,10,38.475777
9,11,37.839214
9,12,36.6358
9,13,34.86866
9,14,32.59104
9,15,30.0
9,2,16.187805
9,3,22.811247
9,4,28.128017
9,5,32.154007
9,6,35.03652
9,7,36.95455
9,8,38.086136
9,9,38.568527
