0,0,0.0
0,1,0.0
0,10,0.0
0,11,0.0
0,12,0.0
0,13,0.0
0,14,0.0
0,15,30.0
0,2,0.0
0,3,0.0
0,4,0.0
0,5,0.0
0,6,0.0
0,7,0.0
0,8,0.0
0,9,0.0
1,0,0.0
1,1,0.63558793
1,10,5.176134
1,11,5.945244
1,12,7.235544
1,13,9.736371
1,14,15.342191
1,15,30.0
1,2,1.2554024
1,3,1.8455504
1,4,2.395721
1,5,2.9006605
1,6,3.3616028
1,7,3.788118
1,8,4.2013135
1,9,4.640279
10,0,0.0
10,1,11.119555
10,10,49.44707
10,11,47.822693
10,12,45.029457
10,13,41.01451
10,14,35.873535
10,15,30.0
10,2,21.193613
10,3,29.670292
10,4,36.43956
10,5,41.624496
10,6,45.41985
10,7,48.00521
10,8,49.507614
10,9,49.989223
11,0,0.0
11,1,14.543383
11,10,57.062153
11,11,54.92328
11,12,51.283615
11,13,45.88526
11,14,38.636265
11,15,30.0
11,2,27.115587
11,3,37.07194
11,4,44.573444
11,5,50.035435
11,6,53.86026
11,7,56.348507
11,8,57.683205
11,9,57.93407
12,0,0.0
12,1,19.938423
12,10,65.94434
12,11,63.524746
12,12,59.296577
12,13,52.606697
12,14,42.786312
12,15,30.0
12,2,35.65348
12,3,46.92853
12,4,54.74696
12,5,60.08367
12,6,63.637405
12,7,65.845505
12,8,66.942795
12,9,67.00185
13,0,0.0
13,1,29.556854
13,10,76.18871
13,11,73.9349
13,12,69.77132
13,13,62.4587
13,14,49.902298
13,15,30.0
13,2,48.631416
13,3,60.241837
13,4,67.40227
13,5,71.91502
13,6,74.760284
13,7,76.453445
13,8,77.240746
13,9,77.186325
14,0,0.0
14,1,49.657597
14,10,87.6894
14,11,86.25485
14,12,83.395164
14,13,77.55451
14,14,64.3642
14,15,30.0
14,2,69.07354
14,3,78.00517
14,4,82.70533
14,5,85.41391
14,6,87.03537
14,7,87.967316
14,8,88.38052
14,9,88.31404
15,0,0.0
15,1,100.0
15,10,100.0
15,11,100.0
15,12,100.0
15,13,100.0
15,14,100.0
15,15,30.0
15,2,100.0
15,3,100.0
15,4,100.0
15,5,100.0
15,6,100.0
15,7,100.0
15,8,100.0
15,9,100.0
2,0,0.0
2,1,1.2869585
2,10,10.119056
2,11,11.369329
2,12,13.26059
2,13,16.367767
2,14,21.6324
2,15,30.0
2,2,2.5404894
2,3,3.731105
2,4,4.836705
2,5,5.845357
2,6,6.757675
2,7,7.5895996
2,8,8.376903
2,9,9.183706
3,0,0.0
3,1,1.9717747
3,10,14.747126
3,11,16.152493
3,12,18.069769
3,13,20.841747
3,14,24.819662
3,15,30.0
3,2,3.888528
3,3,5.701725
3,4,7.374704
3,5,8.886461
3,6,10.234226
3,7,11.435787
3,8,12.533078
3,9,13.598676
4,0,0.0
4,1,2.711639
4,10,19.118391
4,11,20.423843
4,12,22.024317
4,13,24.109842
4,14,26.804523
4,15,30.0
4,2,5.340173
4,3,7.81264
4,4,10.074014
4,5,12.091671
4,6,13.857098
4,7,15.386373
4,8,16.721073
4,9,17.930908
5,0,0.0
5,1,3.5346406
5,10,23.37182
5,11,24.400291
5,12,25.493904
5,13,26.768848
5,14,28.288618
5,15,30.0
5,2,6.9479504
5,3,10.134741
5,4,13.017162
5,5,15.549247
5,6,17.716274
5,7,19.531689
5,8,21.034092
5,9,22.285648
6,0,0.0
6,1,4.4790115
6,10,27.683119
6,11,28.31173
6,12,28.782276
6,13,29.183105
6,14,29.581142
6,15,30.0
6,2,8.782322
6,3,12.761322
6,4,16.310783
6,5,19.372046
6,6,21.927235
6,7,23.990204
6,8,25.598145
6,9,26.805948
7,0,0.0
7,1,5.5991254
7,10,32.243137
7,11,32.3814
7,12,32.140476
7,13,31.600243
7,14,30.852886
7,15,30.0
7,2,10.941089
7,3,15.81756
7,4,20.092758
7,5,23.701084
7,6,26.630623
7,7,28.903938
7,8,30.562538
7,9,31.65708
8,0,0.0
8,1,6.9764447
8,10,37.251156
8,11,36.830402
8,12,35.798115
8,13,34.224586
8,14,32.230206
8,15,30.0
8,2,13.565434
8,3,19.475197
8,4,24.541763
8,5,28.709095
8,6,31.990433
8,7,34.432606
8,8,36.0912
8,9,37.016888
9,0,0.0
9,1,8.741263
9,10,42.914368
9,11,41.891106
9,12,39.99711
9,13,37.269882
9,14,33.84339
9,15,30.0
9,2,16.869095
9,3,23.976154
9,4,29.890152
9,5,34.603294
9,6,38.18961
9,7,40.745052
9,8,42.352997
9,9,43.06832
