0,0,0.0
0,1,0.0
0,10,0.0
0,11,0.0
0,12,0.0
0,13,0.0
0,14,0.0
0,15,30.0
0,2,0.0
0,3,0.0
0,4,0.0
0,5,0.0
0,6,0.0
0,7,0.0
0,8,0.0
0,9,0.0
1,0,0.0
1,1,0.63525856
1,10,5.174761
1,11,5.9440656
1,12,7.234612
1,13,9.735726
1,14,15.341861
1,15,30.0
1,2,1.254758
1,3,1.844619
1,4,2.3945432
1,5,2.899288
1,6,3.3600955
1,7,3.7865412
1,8,4.1997366
1,9,4.63877
10,0,0.0
10,1,11.118179
10,10,49.44133
10,11,47.817764
10,12,45.02556
10,13,41.011818
10,14,35.872154
10,15,30.0
10,2,21.190918
10,3,29.666399
10,4,36.43464
10,5,41.61876
10,6,45.41355
10,7,47.99862
10,8,49.501026
10,9,49.982925
11,0,0.0
11,1,14.5422
11,10,57.057228
11,11,54.919044
11,12,51.280273
11,13,45.882942
11,14,38.635086
11,15,30.0
11,2,27.113277
11,3,37.068596
11,4,44.56922
11,5,50.03051
11,6,53.85485
11,7,56.34285
11,8,57.67755
11,9,57.928658
12,0,0.0
12,1,19.937489
12,10,65.940445
12,11,63.521408
12,12,59.293934
12,13,52.604866
12,14,42.78537
12,15,30.0
12,2,35.651646
12,3,46.92589
12,4,54.743614
12,5,60.07978
12,6,63.63312
12,7,65.841034
12,8,66.93832
12,9,66.997574
13,0,0.0
13,1,29.556206
13,10,76.18602
13,11,73.93258
13,12,69.76949
13,13,62.45743
13,14,49.90165
13,15,30.0
13,2,48.630157
13,3,60.24
13,4,67.399956
13,5,71.91232
13,6,74.757324
13,7,76.45035
13,8,77.23765
13,9,77.18335
14,0,0.0
14,1,49.657265
14,10,87.68801
14,11,86.25367
14,12,83.394226
14,13,77.55386
14,14,64.36387
14,15,30.0
14,2,69.07289
14,3,78.004234
14,4,82.70415
14,5,85.41254
14,6,87.03386
14,7,87.96574
14,8,88.37893
14,9,88.31253
15,0,0.0
15,1,100.0
15,10,100.0
15,11,100.0
15,12,100.0
15,13,100.0
15,14,100.0
15,15,30.0
15,2,100.0
15,3,100.0
15,4,100.0
15,5,100.0
15,6,100.0
15,7,100.0
15,8,100.0
15,9,100.0
2,0,0.0
2,1,1.286314
2,10,10.116368
2,11,11.367023
2,12,13.258766
2,13,16.366505
2,14,21.631756
2,15,30.0
2,2,2.5392287
2,3,3.7292824
2,4,4.834401
2,5,5.8426714
2,6,6.7547255
2,7,7.5865145
2,8,8.373817
2,9,9.180757
3,0,0.0
3,1,1.9708433
3,10,14.743242
3,11,16.14916
3,12,18.067131
3,13,20.839922
3,14,24.818727
3,15,30.0
3,2,3.8867052
3,3,5.699092
3,4,7.371373
3,5,8.88258
3,6,10.229961
3,7,11.431328
3,8,12.528619
3,9,13.59441
4,0,0.0
4,1,2.7104607
4,10,19.11348
4,11,20.419628
4,12,22.020983
4,13,24.107536
4,14,26.80334
4,15,30.0
4,2,5.3378687
4,3,7.809309
4,4,10.069802
4,5,12.086761
4,6,13.851706
4,7,15.380733
4,8,16.715433
4,9,17.925514
5,0,0.0
5,1,3.5332673
5,10,23.366096
5,11,24.395378
5,12,25.490017
5,13,26.76616
5,14,28.287243
5,15,30.0
5,2,6.9452634
5,3,10.130857
5,4,13.012251
5,5,15.543524
5,6,17.709986
5,7,19.525116
5,8,21.027517
5,9,22.27936
6,0,0.0
6,1,4.477502
6,10,27.676825
6,11,28.306334
6,12,28.778006
6,13,29.180151
6,14,29.579632
6,15,30.0
6,2,8.77937
6,3,12.757055
6,4,16.30539
6,5,19.365755
6,6,21.92033
6,7,23.982979
6,8,25.590921
6,9,26.799038
7,0,0.0
7,1,5.5975466
7,10,32.23656
7,11,32.375748
7,12,32.13601
7,13,31.597153
7,14,30.851307
7,15,30.0
7,2,10.938
7,3,15.813095
7,4,20.087112
7,5,23.694504
7,6,26.623396
7,7,28.896381
7,8,30.55498
7,9,31.649849
8,0,0.0
8,1,6.974865
8,10,37.244568
8,11,36.82475
8,12,35.793644
8,13,34.221497
8,14,32.228626
8,15,30.0
8,2,13.562345
8,3,19.47073
8,4,24.536116
8,5,28.702515
8,6,31.983202
8,7,34.425045
8,8,36.08364
8,9,37.00966
9,0,0.0
9,1,8.739752
9,10,42.908066
9,11,41.885696
9,12,39.992832
9,13,37.266922
9,14,33.84188
9,15,30.0
9,2,16.866138
9,3,23.97188
9,4,29.884752
9,5,34.597
9,6,38.182693
9,7,40.737823
9,8,42.345764
9,9,43.061405
