0,0,0.0
0,1,0.0
0,10,0.0
0,11,0.0
0,12,0.0
0,13,0.0
0,14,0.0
0,15,30.0
0,2,0.0
0,3,0.0
0,4,0.0
0,5,0.0
0,6,0.0
0,7,0.0
0,8,0.0
0,9,0.0
1,0,0.0
1,1,1.3420684
1,10,6.7294836
1,11,7.2134886
1,12,8.201782
1,13,10.389601
1,14,15.671171
1,15,30.0
1,2,2.5946746
1,3,3.6804373
1,4,4.563317
1,5,5.2278404
1,6,5.702688
1,7,6.0250225
1,8,6.2552013
1,9,6.4597263
10,0,0.0
10,1,10.341957
10,10,40.994717
10,11,40.199898
10,12,38.77545
10,13,36.567818
10,14,33.56686
10,15,30.0
10,2,19.524187
10,3,26.93505
10,4,32.45782
10,5,36.307335
10,6,38.80355
10,7,40.293434
10,8,41.053524
10,9,41.261295
11,0,0.0
11,1,13.438963
11,10,48.00443
11,11,46.82736
11,12,44.667057
11,13,41.204895
11,14,36.208447
11,15,30.0
11,2,24.836018
11,3,33.500793
11,4,39.624825
11,5,43.69139
11,6,46.23694
11,7,47.696594
11,8,48.387505
11,9,48.48621
12,0,0.0
12,1,18.764784
12,10,57.534508
12,11,56.03379
12,12,53.20307
12,13,48.297863
12,14,40.55806
12,15,30.0
12,2,33.260796
12,3,43.261826
12,4,49.768017
12,5,53.835888
12,6,56.25775
12,7,57.59175
12,8,58.17748
12,9,58.165257
13,0,0.0
13,1,28.580528
13,10,69.687256
13,11,68.166794
13,12,65.081215
13,13,59.152203
13,14,48.190266
13,15,30.0
13,2,46.659145
13,3,57.244675
13,4,63.38314
13,5,66.922066
13,6,68.922745
13,7,69.97693
13,8,70.40616
13,9,70.33502
14,0,0.0
14,1,49.105743
14,10,84.14583
14,11,83.11176
14,12,80.84605
14,13,75.75539
14,14,63.434845
14,15,30.0
14,2,67.96045
14,3,76.32471
14,4,80.46159
14,5,82.64419
14,6,83.81175
14,7,84.40634
14,8,84.63652
14,9,84.56879
15,0,0.0
15,1,100.0
15,10,100.0
15,11,100.0
15,12,100.0
15,13,100.0
15,14,100.0
15,15,30.0
15,2,100.0
15,3,100.0
15,4,100.0
15,5,100.0
15,6,100.0
15,7,100.0
15,8,100.0
15,9,100.0
2,0,0.0
2,1,2.5974417
2,10,12.875155
2,11,13.603866
2,12,14.957672
2,13,17.50867
2,14,22.207176
2,15,30.0
2,2,5.01561
2,3,7.1211424
2,4,8.8202095
2,5,10.10997
2,6,11.019217
2,7,11.639674
2,8,12.0689125
2,9,12.431498
3,0,0.0
3,1,3.693632
3,10,18.066498
3,11,18.812927
3,12,20.06557
3,13,22.176092
3,14,25.48691
3,15,30.0
3,2,7.1390324
3,3,10.124321
3,4,12.547157
3,5,14.367874
3,6,15.660546
3,7,16.5247
3,8,17.110428
3,9,17.56805
4,0,0.0
4,1,4.6050606
4,10,22.197525
4,11,22.818897
4,12,23.78115
4,13,25.259377
4,14,27.374544
4,15,30.0
4,2,8.890496
4,3,12.614895
4,4,15.616356
4,5,17.884487
4,6,19.473866
4,7,20.535332
4,8,21.226236
4,9,21.72314
5,0,0.0
5,1,5.336482
5,10,25.370098
5,11,25.823103
5,12,26.446712
5,13,27.350533
5,14,28.561386
5,15,30.0
5,2,10.306905
5,3,14.606308
5,4,18.081032
5,5,20.68271
5,6,22.511124
5,7,23.709005
5,8,24.469097
5,9,24.968868
6,0,0.0
6,1,5.955986
6,10,27.875359
6,11,28.139984
6,12,28.451977
6,13,28.858803
6,14,29.388704
6,15,30.0
6,2,11.487745
6,3,16.272816
6,4,20.111065
6,5,22.987633
6,6,24.984669
6,7,26.286245
6,8,27.082546
6,9,27.560333
7,0,0.0
7,1,6.565013
7,10,30.125896
7,11,30.203049
7,12,30.196484
7,13,30.151983
7,14,30.07941
7,15,30.0
7,2,12.650809
7,3,17.876368
7,4,22.054672
7,5,25.150568
7,6,27.292353
7,7,28.662365
7,8,29.475891
7,9,29.917889
8,0,0.0
8,1,7.3322754
8,10,32.65952
8,11,32.506077
8,12,32.148907
8,13,31.582783
8,14,30.846672
8,15,30.0
8,2,14.081606
8,3,19.828794
8,4,24.357695
8,5,27.684193
8,6,29.946697
8,7,31.374107
8,8,32.18763
8,9,32.57224
9,0,0.0
9,1,8.479447
9,10,36.06785
9,11,35.637558
9,12,34.810326
9,13,33.566402
9,14,31.912167
9,15,30.0
9,2,16.195347
9,3,22.631159
9,4,27.60864
9,5,31.180117
9,6,33.570213
9,7,35.03804
9,8,35.834343
9,9,36.14587
