0,0,0.0
0,1,0.0
0,10,0.0
0,11,0.0
0,12,0.0
0,13,0.0
0,14,0.0
0,15,30.0
0,2,0.0
0,3,0.0
0,4,0.0
0,5,0.0
0,6,0.0
0,7,0.0
0,8,0.0
0,9,0.0
1,0,0.0
1,1,0.6349877
1,10,5.1736293
1,11,5.9430943
1,12,7.233844
1,13,9.735194
1,14,15.341589
1,15,30.0
1,2,1.2542284
1,3,1.8438532
1,4,2.3935747
1,5,2.8981588
1,6,3.3588548
1,7,3.785244
1,8,4.1984386
1,9,4.6375284
10,0,0.0
10,1,11.117039
10,10,49.43657
10,11,47.81368
10,12,45.02233
10,13,41.00958
10,14,35.871014
10,15,30.0
10,2,21.188692
10,3,29.663176
10,4,36.430565
10,5,41.614006
10,6,45.40833
10,7,47.993164
10,8,49.495564
10,9,49.9777
11,0,0.0
11,1,14.541224
11,10,57.05314
11,11,54.915535
11,12,51.277496
11,13,45.881023
11,14,38.6341
11,15,30.0
11,2,27.11136
11,3,37.06583
11,4,44.56572
11,5,50.02643
11,6,53.85037
11,7,56.33816
11,8,57.67286
11,9,57.92417
12,0,0.0
12,1,19.936712
12,10,65.93721
12,11,63.518627
12,12,59.291733
12,13,52.603344
12,14,42.784595
12,15,30.0
12,2,35.65013
12,3,46.9237
12,4,54.740837
12,5,60.076553
12,6,63.62957
12,7,65.837326
12,8,66.93461
12,9,66.99402
13,0,0.0
13,1,29.555672
13,10,76.18378
13,11,73.93066
13,12,69.76797
13,13,62.45638
13,14,49.901108
13,15,30.0
13,2,48.629105
13,3,60.238487
13,4,67.39804
13,5,71.91009
13,6,74.754875
13,7,76.44778
13,8,77.23508
13,9,77.18089
14,0,0.0
14,1,49.65699
14,10,87.68687
14,11,86.252686
14,12,83.39345
14,13,77.55332
14,14,64.36359
14,15,30.0
14,2,69.07236
14,3,78.00346
14,4,82.70316
14,5,85.41141
14,6,87.0326
14,7,87.964424
14,8,88.37762
14,9,88.31127
15,0,0.0
15,1,100.0
15,10,100.0
15,11,100.0
15,12,100.0
15,13,100.0
15,14,100.0
15,15,30.0
15,2,100.0
15,3,100.0
15,4,100.0
15,5,100.0
15,6,100.0
15,7,100.0
15,8,100.0
15,9,100.0
2,0,0.0
2,1,1.2857841
2,10,10.114155
2,11,11.365122
2,12,13.257262
2,13,16.365465
2,14,21.631224
2,15,30.0
2,2,2.5381918
2,3,3.7277842
2,4,4.8325057
2,5,5.8404613
2,6,6.7522984
2,7,7.5839744
2,8,8.371277
2,9,9.178325
3,0,0.0
3,1,1.9700768
3,10,14.740039
3,11,16.146412
3,12,18.064957
3,13,20.838417
3,14,24.817959
3,15,30.0
3,2,3.885206
3,3,5.696924
3,4,7.3686314
3,5,8.879385
3,6,10.226452
3,7,11.427657
3,8,12.524944
3,9,13.590896
4,0,0.0
4,1,2.7094905
4,10,19.109428
4,11,20.416147
4,12,22.01823
4,13,24.105629
4,14,26.802368
4,15,30.0
4,2,5.3359704
4,3,7.8065658
4,4,10.066334
4,5,12.082717
4,6,13.847263
4,7,15.376084
4,8,16.710785
4,9,17.921066
5,0,0.0
5,1,3.5321352
5,10,23.361366
5,11,24.39132
5,12,25.486807
5,13,26.763937
5,14,28.286108
5,15,30.0
5,2,6.9430485
5,3,10.127658
5,4,13.0082035
5,5,15.538807
5,6,17.704803
5,7,19.519691
5,8,21.02209
5,9,22.274174
6,0,0.0
6,1,4.4762573
6,10,27.671627
6,11,28.301868
6,12,28.774475
6,13,29.177708
6,14,29.578382
6,15,30.0
6,2,8.776936
6,3,12.753535
6,4,16.30094
6,5,19.360567
6,6,21.91463
6,7,23.977013
6,8,25.584957
6,9,26.793331
7,0,0.0
7,1,5.5962434
7,10,32.231113
7,11,32.37108
7,12,32.13231
7,13,31.594591
7,14,30.849998
7,15,30.0
7,2,10.935451
7,3,15.809412
7,4,20.08245
7,5,23.689075
7,6,26.617428
7,7,28.89014
7,8,30.548733
7,9,31.643875
8,0,0.0
8,1,6.9735603
8,10,37.239117
8,11,36.82007
8,12,35.78994
8,13,34.218933
8,14,32.227314
8,15,30.0
8,2,13.559792
8,3,19.46704
8,4,24.53145
8,5,28.697075
8,6,31.97723
8,7,34.418793
8,8,36.07739
8,9,37.00367
9,0,0.0
9,1,8.7385025
9,10,42.90284
9,11,41.881218
9,12,39.989285
9,13,37.264465
9,14,33.840626
9,15,30.0
9,2,16.863693
9,3,23.968348
9,4,29.880283
9,5,34.59179
9,6,38.176968
9,7,40.731834
9,8,42.339775
9,9,43.05567
