0,0,0.0
0,1,0.0
0,10,0.0
0,11,0.0
0,12,0.0
0,13,0.0
0,14,0.0
0,15,30.0
0,2,0.0
0,3,0.0
0,4,0.0
0,5,0.0
0,6,0.0
0,7,0.0
0,8,0.0
0,9,0.0
1,0,0.0
1,1,0.63569236
1,10,5.176569
1,11,5.9456167
1,12,7.2358394
1,13,9.736575
1,14,15.342295
1,15,30.0
1,2,1.2556067
1,3,1.8458456
1,4,2.3960938
1,5,2.9010954
1,6,3.36208
1,7,3.7886167
1,8,4.2018123
1,9,4.640755
10,0,0.0
10,1,11.1199875
10,10,49.448868
10,11,47.824234
10,12,45.030674
10,13,41.015358
10,14,35.873962
10,15,30.0
10,2,21.194458
10,3,29.671509
10,4,36.4411
10,5,41.62629
10,6,45.42182
10,7,48.00727
10,8,49.509674
10,9,49.991196
11,0,0.0
11,1,14.543753
11,10,57.063694
11,11,54.92459
11,12,51.28466
11,13,45.88598
11,14,38.636635
11,15,30.0
11,2,27.11631
11,3,37.072983
11,4,44.574764
11,5,50.036972
11,6,53.86195
11,7,56.350273
11,8,57.684975
11,9,57.935764
12,0,0.0
12,1,19.938713
12,10,65.94556
12,11,63.525787
12,12,59.2974
12,13,52.607265
12,14,42.7866
12,15,30.0
12,2,35.654045
12,3,46.929356
12,4,54.747997
12,5,60.08489
12,6,63.638733
12,7,65.8469
12,8,66.94419
12,9,67.00319
13,0,0.0
13,1,29.557053
13,10,76.18956
13,11,73.935616
13,12,69.77189
13,13,62.45909
13,14,49.902496
13,15,30.0
13,2,48.63181
13,3,60.2424
13,4,67.402985
13,5,71.91585
13,6,74.7612
13,7,76.4544
13,8,77.24171
13,9,77.18724
14,0,0.0
14,1,49.657696
14,10,87.68983
14,11,86.25522
14,12,83.395454
14,13,77.55472
14,14,64.3643
14,15,30.0
14,2,69.07374
14,3,78.005455
14,4,82.705696
14,5,85.41434
14,6,87.035835
14,7,87.96781
14,8,88.381004
14,9,88.314514
15,0,0.0
15,1,100.0
15,10,100.0
15,11,100.0
15,12,100.0
15,13,100.0
15,14,100.0
15,15,30.0
15,2,100.0
15,3,100.0
15,4,100.0
15,5,100.0
15,6,100.0
15,7,100.0
15,8,100.0
15,9,100.0
2,0,0.0
2,1,1.2871628
2,10,10.119904
2,11,11.370058
2,12,13.261166
2,13,16.368166
2,14,21.632605
2,15,30.0
2,2,2.540889
2,3,3.731682
2,4,4.8374352
2,5,5.8462076
2,6,6.7586093
2,7,7.590575
2,8,8.377879
2,9,9.184639
3,0,0.0
3,1,1.9720699
3,10,14.748352
3,11,16.153545
3,12,18.0706
3,13,20.842323
3,14,24.819956
3,15,30.0
3,2,3.889105
3,3,5.70256
3,4,7.375758
3,5,8.8876915
3,6,10.235575
3,7,11.437199
3,8,12.534488
3,9,13.600023
4,0,0.0
4,1,2.7120118
4,10,19.11994
4,11,20.425173
4,12,22.02537
4,13,24.11057
4,14,26.804895
4,15,30.0
4,2,5.3409033
4,3,7.813695
4,4,10.075348
4,5,12.093225
4,6,13.858805
4,7,15.388155
4,8,16.722857
4,9,17.932611
5,0,0.0
5,1,3.5350752
5,10,23.373627
5,11,24.40184
5,12,25.495132
5,13,26.7697
5,14,28.289053
5,15,30.0
5,2,6.9488006
5,3,10.135969
5,4,13.018715
5,5,15.551058
5,6,17.71826
5,7,19.533768
5,8,21.03617
5,9,22.287634
6,0,0.0
6,1,4.4794884
6,10,27.685099
6,11,28.31343
6,12,28.783619
6,13,29.184036
6,14,29.581617
6,15,30.0
6,2,8.783256
6,3,12.76267
6,4,16.312489
6,5,19.37403
6,6,21.929417
6,7,23.992481
6,8,25.600424
6,9,26.808126
7,0,0.0
7,1,5.5996237
7,10,32.24521
7,11,32.38317
7,12,32.14188
7,13,31.601215
7,14,30.853382
7,15,30.0
7,2,10.942063
7,3,15.818967
7,4,20.094536
7,5,23.703157
7,6,26.6329
7,7,28.906322
7,8,30.56492
7,9,31.659355
8,0,0.0
8,1,6.976943
8,10,37.253223
8,11,36.832176
8,12,35.79952
8,13,34.22556
8,14,32.2307
8,15,30.0
8,2,13.566408
8,3,19.4766
8,4,24.543537
8,5,28.711166
8,6,31.992708
8,7,34.434982
8,8,36.093586
8,9,37.01916
9,0,0.0
9,1,8.741739
9,10,42.916344
9,11,41.8928
9,12,39.99845
9,13,37.27081
9,14,33.84387
9,15,30.0
9,2,16.870026
9,3,23.977497
9,4,29.89185
9,5,34.60527
9,6,38.19178
9,7,40.747326
9,8,42.355267
9,9,43.07049
