0,0,0.0
0,1,0.0
0,10,0.0
0,11,0.0
0,12,0.0
0,13,0.0
0,14,0.0
0,15,30.0
0,2,0.0
0,3,0.0
0,4,0.0
0,5,0.0
0,6,0.0
0,7,0.0
0,8,0.0
0,9,0.0
1,0,0.0
1,1,0.63556457
1,10,5.176038
1,11,5.94516
1,12,7.235479
1,13,9.736325
1,14,15.342168
1,15,30.0
1,2,1.2553568
1,3,1.8454845
1,4,2.3956373
1,5,2.9005632
1,6,3.361496
1,7,3.7880063
1,8,4.2012024
1,9,4.640171
10,0,0.0
10,1,11.119459
10,10,49.446663
10,11,47.82235
10,12,45.029182
10,13,41.014324
10,14,35.873436
10,15,30.0
10,2,21.193422
10,3,29.670017
10,4,36.439213
10,5,41.624092
10,6,45.419403
10,7,48.004745
10,8,49.50715
10,9,49.988785
11,0,0.0
11,1,14.543299
11,10,57.061806
11,11,54.922974
11,12,51.28338
11,13,45.885094
11,14,38.63618
11,15,30.0
11,2,27.115425
11,3,37.071705
11,4,44.573147
11,5,50.035084
11,6,53.85988
11,7,56.348114
11,8,57.68281
11,9,57.93369
12,0,0.0
12,1,19.938358
12,10,65.94407
12,11,63.524513
12,12,59.296394
12,13,52.606567
12,14,42.78624
12,15,30.0
12,2,35.65335
12,3,46.92835
12,4,54.74672
12,5,60.0834
12,6,63.6371
12,7,65.845184
12,8,66.94248
12,9,67.00156
13,0,0.0
13,1,29.556808
13,10,76.18854
13,11,73.93473
13,12,69.771194
13,13,62.458607
13,14,49.902252
13,15,30.0
13,2,48.631332
13,3,60.241707
13,4,67.402115
13,5,71.91483
13,6,74.760086
13,7,76.453224
13,8,77.24053
13,9,77.18611
14,0,0.0
14,1,49.657574
14,10,87.6893
14,11,86.254776
14,12,83.395096
14,13,77.55447
14,14,64.364174
14,15,30.0
14,2,69.073494
14,3,78.005104
14,4,82.705246
14,5,85.41382
14,6,87.03526
14,7,87.96722
14,8,88.38041
14,9,88.31395
15,0,0.0
15,1,100.0
15,10,100.0
15,11,100.0
15,12,100.0
15,13,100.0
15,14,100.0
15,15,30.0
15,2,100.0
15,3,100.0
15,4,100.0
15,5,100.0
15,6,100.0
15,7,100.0
15,8,100.0
15,9,100.0
2,0,0.0
2,1,1.2869129
2,10,10.118864
2,11,11.369166
2,12,13.26046
2,13,16.36768
2,14,21.632355
2,15,30.0
2,2,2.5404003
2,3,3.7309756
2,4,4.836542
2,5,5.845166
2,6,6.7574673
2,7,7.589381
2,8,8.376684
2,9,9.183498
3,0,0.0
3,1,1.9717088
3,10,14.746852
3,11,16.152256
3,12,18.069582
3,13,20.84162
3,14,24.819595
3,15,30.0
3,2,3.888399
3,3,5.701539
3,4,7.3744674
3,5,8.886187
3,6,10.233925
3,7,11.4354725
3,8,12.5327635
3,9,13.598373
4,0,0.0
4,1,2.7115555
4,10,19.118042
4,11,20.423546
4,12,22.02408
4,13,24.10968
4,14,26.80444
4,15,30.0
4,2,5.34001
4,3,7.812404
4,4,10.073716
4,5,12.091324
4,6,13.856716
4,7,15.385974
4,8,16.720675
4,9,17.930529
5,0,0.0
5,1,3.5345435
5,10,23.371418
5,11,24.399942
5,12,25.49363
5,13,26.768661
5,14,28.28852
5,15,30.0
5,2,6.947761
5,3,10.134467
5,4,13.016814
5,5,15.548843
5,6,17.71583
5,7,19.531223
5,8,21.033628
5,9,22.285204
6,0,0.0
6,1,4.4789047
6,10,27.682673
6,11,28.311352
6,12,28.781971
6,13,29.1829
6,14,29.581036
6,15,30.0
6,2,8.782114
6,3,12.761021
6,4,16.310402
6,5,19.3716
6,6,21.92675
6,7,23.98969
6,8,25.597633
6,9,26.805462
7,0,0.0
7,1,5.5990133
7,10,32.242676
7,11,32.380997
7,12,32.14016
7,13,31.600023
7,14,30.852777
7,15,30.0
7,2,10.940871
7,3,15.817245
7,4,20.09236
7,5,23.700619
7,6,26.630112
7,7,28.903406
7,8,30.562006
7,9,31.656567
8,0,0.0
8,1,6.9763336
8,10,37.25069
8,11,36.830006
8,12,35.7978
8,13,34.224373
8,14,32.230095
8,15,30.0
8,2,13.565216
8,3,19.474882
8,4,24.541363
8,5,28.708633
8,6,31.989922
8,7,34.432068
8,8,36.09067
8,9,37.01638
9,0,0.0
9,1,8.741157
9,10,42.913925
9,11,41.890724
9,12,39.99681
9,13,37.26967
9,14,33.84329
9,15,30.0
9,2,16.868887
9,3,23.975853
9,4,29.889774
9,5,34.60285
9,6,38.18912
9,7,40.744545
9,8,42.35249
9,9,43.067833
