0,0,0.0
0,1,0.0
0,10,0.0
0,11,0.0
0,12,0.0
0,13,0.0
0,14,0.0
0,15,30.0
0,2,0.0
0,3,0.0
0,4,0.0
0,5,0.0
0,6,0.0
0,7,0.0
0,8,0.0
0,9,0.0
1,0,0.0
1,1,0.63545394
1,10,5.1755757
1,11,5.9447646
1,12,7.235165
1,13,9.736109
1,14,15.342056
1,15,30.0
1,2,1.2551401
1,3,1.8451716
1,4,2.3952413
1,5,2.9001021
1,6,3.360989
1,7,3.7874763
1,8,4.200672
1,9,4.6396646
10,0,0.0
10,1,11.118996
10,10,49.44474
10,11,47.820686
10,12,45.02787
10,13,41.013416
10,14,35.872974
10,15,30.0
10,2,21.192518
10,3,29.668709
10,4,36.43756
10,5,41.622166
10,6,45.417294
10,7,48.002537
10,8,49.504936
10,9,49.986664
11,0,0.0
11,1,14.542903
11,10,57.06015
11,11,54.921555
11,12,51.282257
11,13,45.88432
11,14,38.635784
11,15,30.0
11,2,27.114647
11,3,37.07058
11,4,44.571728
11,5,50.033432
11,6,53.858063
11,7,56.34621
11,8,57.68091
11,9,57.931877
12,0,0.0
12,1,19.938042
12,10,65.942764
12,11,63.523388
12,12,59.2955
12,13,52.605953
12,14,42.78593
12,15,30.0
12,2,35.652733
12,3,46.92746
12,4,54.745598
12,5,60.082096
12,6,63.63566
12,7,65.84369
12,8,66.94098
12,9,67.00011
13,0,0.0
13,1,29.556591
13,10,76.18762
13,11,73.93396
13,12,69.770584
13,13,62.458183
13,14,49.90203
13,15,30.0
13,2,48.630905
13,3,60.24109
13,4,67.40133
13,5,71.913925
13,6,74.75909
13,7,76.45218
13,8,77.23949
13,9,77.18512
14,0,0.0
14,1,49.657463
14,10,87.68884
14,11,86.25438
14,12,83.39478
14,13,77.55425
14,14,64.36406
14,15,30.0
14,2,69.07328
14,3,78.00479
14,4,82.70485
14,5,85.41336
14,6,87.03476
14,7,87.96668
14,8,88.379875
14,9,88.31343
15,0,0.0
15,1,100.0
15,10,100.0
15,11,100.0
15,12,100.0
15,13,100.0
15,14,100.0
15,15,30.0
15,2,100.0
15,3,100.0
15,4,100.0
15,5,100.0
15,6,100.0
15,7,100.0
15,8,100.0
15,9,100.0
2,0,0.0
2,1,1.2866962
2,10,10.117962
2,11,11.368391
2,12,13.259849
2,13,16.367254
2,14,21.63214
2,15,30.0
2,2,2.5399766
2,3,3.7303634
2,4,4.8357677
2,5,5.8442636
2,6,6.7564754
2,7,7.588344
2,8,8.375648
2,9,9.182507
3,0,0.0
3,1,1.9713956
3,10,14.745544
3,11,16.151138
3,12,18.068695
3,13,20.841005
3,14,24.81928
3,15,30.0
3,2,3.887786
3,3,5.700654
3,4,7.373348
3,5,8.884883
3,6,10.2324915
3,7,11.433974
3,8,12.531263
3,9,13.59694
4,0,0.0
4,1,2.7111592
4,10,19.116392
4,11,20.422127
4,12,22.02296
4,13,24.108902
4,14,26.804043
4,15,30.0
4,2,5.3392353
4,3,7.811285
4,4,10.072301
4,5,12.089673
4,6,13.854904
4,7,15.384078
4,8,16.71878
4,9,17.928715
5,0,0.0
5,1,3.5340815
5,10,23.369492
5,11,24.398293
5,12,25.492325
5,13,26.767756
5,14,28.28806
5,15,30.0
5,2,6.946857
5,3,10.133162
5,4,13.015165
5,5,15.54692
5,6,17.713718
5,7,19.529015
5,8,21.031418
5,9,22.28309
6,0,0.0
6,1,4.4783974
6,10,27.680557
6,11,28.309536
6,12,28.780539
6,13,29.181904
6,14,29.580528
6,15,30.0
6,2,8.781122
6,3,12.759586
6,4,16.30859
6,5,19.369488
6,6,21.924429
6,7,23.987265
6,8,25.595207
6,9,26.803139
7,0,0.0
7,1,5.598483
7,10,32.240463
7,11,32.3791
7,12,32.13866
7,13,31.598986
7,14,30.852245
7,15,30.0
7,2,10.939833
7,3,15.815744
7,4,20.090464
7,5,23.69841
7,6,26.627686
7,7,28.900867
7,8,30.559464
7,9,31.65414
8,0,0.0
8,1,6.9758024
8,10,37.248474
8,11,36.828106
8,12,35.796295
8,13,34.22333
8,14,32.229565
8,15,30.0
8,2,13.564178
8,3,19.473381
8,4,24.539465
8,5,28.706423
8,6,31.987495
8,7,34.42953
8,8,36.088135
8,9,37.013947
9,0,0.0
9,1,8.740649
9,10,42.911804
9,11,41.88891
9,12,39.99537
9,13,37.268677
9,14,33.84278
9,15,30.0
9,2,16.867893
9,3,23.974419
9,4,29.88796
9,5,34.60074
9,6,38.1868
9,7,40.74212
9,8,42.35006
9,9,43.065514
