0,0,0.0
0,1,0.0
0,10,0.0
0,11,0.0
0,12,0.0
0,13,0.0
0,14,0.0
0,15,30.0
0,2,0.0
0,3,0.0
0,4,0.0
0,5,0.0
0,6,0.0
0,7,0.0
0,8,0.0
0,9,0.0
1,0,0.0
1,1,0.631983
1,10,5.135472
1,11,5.9078646
1,12,7.204338
1,13,9.713945
1,14,15.330456
1,15,30.0
1,2,1.24784
1,3,1.8333526
1,4,2.3782344
1,5,2.8773022
1,6,3.3323302
1,7,3.7534106
1,8,4.1624613
1,9,4.599242
10,0,0.0
10,1,11.019361
10,10,48.922825
10,11,47.362335
10,12,44.658638
10,13,40.754333
10,14,35.73947
10,15,30.0
10,2,20.995335
10,3,29.378662
10,4,36.062046
10,5,41.172344
10,6,44.908066
10,7,47.45307
10,8,48.93819
10,9,49.428467
11,0,0.0
11,1,14.448979
11,10,56.577217
11,11,54.498302
11,12,50.94158
11,13,45.64563
11,14,38.51279
11,15,30.0
11,2,26.929054
11,3,36.797886
11,4,44.219524
11,5,49.612408
11,6,53.38269
11,7,55.834545
11,8,57.154358
11,9,57.414524
12,0,0.0
12,1,19.858273
12,10,65.53795
12,11,63.168888
12,12,59.010567
12,13,52.40635
12,14,42.683174
12,15,30.0
12,2,35.495148
12,3,46.696266
12,4,54.44733
12,5,59.726208
12,6,63.234512
12,7,65.412674
12,8,66.498245
12,9,66.565704
13,0,0.0
13,1,29.498535
13,10,75.8956
13,11,73.67853
13,12,69.56531
13,13,62.31453
13,14,49.828064
13,15,30.0
13,2,48.51631
13,3,60.073044
13,4,67.18479
13,5,71.65579
13,6,74.46848
13,7,76.140335
13,8,76.91949
13,9,76.871544
14,0,0.0
14,1,49.626892
14,10,87.53584
14,11,86.12057
14,12,83.28734
14,13,77.479034
14,14,64.32536
14,15,30.0
14,2,69.01294
14,3,77.91636
14,4,82.59094
14,5,85.27767
14,6,86.882095
14,7,87.80296
14,8,88.21201
14,9,88.14901
15,0,0.0
15,1,100.0
15,10,100.0
15,11,100.0
15,12,100.0
15,13,100.0
15,14,100.0
15,15,30.0
15,2,100.0
15,3,100.0
15,4,100.0
15,5,100.0
15,6,100.0
15,7,100.0
15,8,100.0
15,9,100.0
2,0,0.0
2,1,1.2781844
2,10,10.032263
2,11,11.289949
2,12,13.194639
2,13,16.320467
2,14,21.607712
2,15,30.0
2,2,2.522245
2,3,3.7023666
2,4,4.7962084
2,5,5.7924566
2,6,6.6923895
2,7,7.5133953
2,8,8.292545
2,9,9.095453
3,0,0.0
3,1,1.9549868
3,10,14.604691
3,11,16.023241
3,12,17.962894
3,13,20.765444
3,14,24.77989
3,15,30.0
3,2,3.8542416
3,3,5.6485925
3,4,7.3016872
3,5,8.792952
3,6,10.121292
3,7,11.306117
3,8,12.391684
3,9,13.45249
4,0,0.0
4,1,2.6835475
4,10,18.90959
4,11,20.235704
4,12,21.86973
4,13,23.999825
4,14,26.747356
4,15,30.0
4,2,5.28325
4,3,7.7260385
4,4,9.9569235
4,5,11.944783
4,6,13.682661
4,7,15.189456
4,8,16.50927
4,9,17.714497
5,0,0.0
5,1,3.4921277
5,10,23.087902
5,11,24.146318
5,12,25.286177
5,13,26.621649
5,14,28.21224
5,15,30.0
5,2,6.86265
5,3,10.006198
5,4,12.846029
5,5,15.337425
5,6,17.468548
5,7,19.255604
5,8,20.740719
5,9,21.98895
6,0,0.0
6,1,4.420287
6,10,27.32106
6,11,27.989563
6,12,28.520073
6,13,28.997759
6,14,29.485216
6,15,30.0
6,2,8.664928
6,3,12.586108
6,4,16.079552
6,5,19.089205
6,6,21.59985
6,7,23.629265
6,8,25.218178
6,9,26.42482
7,0,0.0
7,1,5.5241327
7,10,31.808064
7,11,31.996199
7,12,31.827925
7,13,31.380005
7,14,30.738998
7,15,30.0
7,2,10.791923
7,3,15.595955
7,4,19.802671
7,5,23.348824
7,6,26.226406
7,7,28.46171
7,8,30.10043
7,9,31.196648
8,0,0.0
8,1,6.887637
8,10,36.75845
8,11,36.395576
8,12,35.446484
8,13,33.97717
8,14,32.1025
8,15,30.0
8,2,13.389086
8,3,19.214516
8,4,24.20205
8,5,28.299212
8,6,31.52278
8,7,33.924118
8,8,35.56284
8,9,36.493015
9,0,0.0
9,1,8.643325
9,10,42.38906
9,11,41.42901
9,12,39.62407
9,13,37.007965
9,14,33.708256
9,15,30.0
9,2,16.67514
9,3,23.690102
9,4,29.519005
9,5,34.157207
9,6,37.683094
9,7,40.196724
9,8,41.785637
9,9,42.508064
