0,0,0.0
0,1,0.0
0,10,0.0
0,11,0.0
0,12,0.0
0,13,0.0
0,14,0.0
0,15,30.0
0,2,0.0
0,3,0.0
0,4,0.0
0,5,0.0
0,6,0.0
0,7,0.0
0,8,0.0
0,9,0.0
1,0,0.0
1,1,0.68369675
1,10,5.2456913
1,11,5.992729
1,12,7.2652845
1,13,9.752867
1,14,15.349382
1,15,30.0
1,2,1.3466048
1,3,1.970964
1,4,2.543161
1,5,3.0573475
1,6,3.5147884
1,7,3.9276855
1,8,4.3199162
1,9,4.734425
10,0,0.0
10,1,10.893187
10,10,47.961388
10,11,46.497383
10,12,43.94772
10,13,40.249382
10,14,35.476887
10,15,30.0
10,2,20.739487
10,3,28.986698
10,4,35.53039
10,5,40.501366
10,6,44.108955
10,7,46.54827
10,8,47.96354
10,9,48.432472
11,0,0.0
11,1,14.306524
11,10,55.609734
11,11,53.63275
11,12,50.234947
11,13,45.144688
11,14,38.253315
11,15,30.0
11,2,26.642057
11,3,36.364834
11,4,43.640285
11,5,48.893963
11,6,52.539883
11,7,54.893936
11,8,56.15411
11,9,56.402428
12,0,0.0
12,1,19.722914
12,10,64.67827
12,11,62.404076
12,12,58.387375
12,13,51.966286
12,14,42.455166
12,15,30.0
12,2,35.224213
12,3,46.289703
12,4,53.908802
12,5,59.063828
12,6,62.4648
12,7,64.5609
12,8,65.59897
12,9,65.66236
13,0,0.0
13,1,29.393234
13,10,75.25226
13,11,73.107056
13,12,69.10126
13,13,61.98683
13,14,49.65869
13,15,30.0
13,2,48.30578
13,3,59.75877
13,4,66.77013
13,5,71.14879
13,6,73.88228
13,7,75.49486
13,8,76.24139
13,9,76.19261
14,0,0.0
14,1,49.569317
14,10,87.19136
14,11,85.81536
14,12,83.03947
14,13,77.30439
14,14,64.235
14,15,30.0
14,2,68.89813
14,3,77.74515
14,4,82.3658
14,5,85.00301
14,6,86.5655
14,7,87.45532
14,8,87.84755
14,9,87.785126
15,0,0.0
15,1,100.0
15,10,100.0
15,11,100.0
15,12,100.0
15,13,100.0
15,14,100.0
15,15,30.0
15,2,100.0
15,3,100.0
15,4,100.0
15,5,100.0
15,6,100.0
15,7,100.0
15,8,100.0
15,9,100.0
2,0,0.0
2,1,1.3723589
2,10,10.219263
2,11,11.4316225
2,12,13.294349
2,13,16.383326
2,14,21.637815
2,15,30.0
2,2,2.7022743
2,3,3.951865
2,4,5.0946913
2,5,6.1157913
2,6,7.0182657
2,7,7.82137
2,8,8.567898
2,9,9.328591
3,0,0.0
3,1,2.0751765
3,10,14.808195
3,11,16.170364
3,12,18.061808
3,13,20.824673
3,14,24.80743
3,15,30.0
3,2,4.0826006
3,3,5.964138
3,4,7.675091
3,5,9.193753
3,6,10.518366
3,7,11.674624
3,8,12.712693
3,9,13.715931
4,0,0.0
4,1,2.8079643
4,10,19.053095
4,11,20.324532
4,12,21.917368
4,13,24.021587
4,14,26.754757
4,15,30.0
4,2,5.518956
4,3,8.047255
4,4,10.3320675
4,5,12.337318
4,6,14.060381
4,7,15.524639
4,8,16.784815
4,9,17.922924
5,0,0.0
5,1,3.5987096
5,10,23.094654
5,11,24.111467
5,12,25.232914
5,13,26.571148
5,14,28.182407
5,15,30.0
5,2,7.0612507
5,3,10.271894
5,4,13.144474
5,5,15.634634
5,6,17.731655
5,7,19.461884
5,8,20.877148
5,9,22.055172
6,0,0.0
6,1,4.4888773
6,10,27.12764
6,11,27.779703
6,12,28.325005
6,13,28.84846
6,14,29.40409
6,15,30.0
6,2,8.789254
6,3,12.741077
6,4,16.235853
6,5,19.21445
6,6,21.669106
6,7,23.625362
6,8,25.13786
6,9,26.27764
7,0,0.0
7,1,5.541848
7,10,31.380463
7,11,31.582401
7,12,31.471144
7,13,31.11734
7,14,30.60014
7,15,30.0
7,2,10.815295
7,3,15.605261
7,4,19.771612
7,5,23.254547
7,6,26.050451
7,7,28.198582
7,8,29.757256
7,9,30.794525
8,0,0.0
8,1,6.849282
8,10,36.098015
8,11,35.782986
8,12,34.931374
8,13,33.60577
8,14,31.907572
8,15,30.0
8,2,13.303721
8,3,19.065487
8,4,23.972197
8,5,27.972095
8,6,31.09211
8,7,33.394165
8,8,34.952843
8,9,35.83618
9,0,0.0
9,1,8.554333
9,10,41.539364
9,11,40.654846
9,12,38.98356
9,13,36.54954
9,14,33.469543
9,15,30.0
9,2,16.490337
9,3,23.399626
9,4,29.110994
9,5,33.626175
9,6,37.030884
9,7,39.438946
9,8,40.951443
9,9,41.639423
