0,0,0.0
0,1,0.0
0,10,0.0
0,11,0.0
0,12,0.0
0,13,0.0
0,14,0.0
0,15,30.0
0,2,0.0
0,3,0.0
0,4,0.0
0,5,0.0
0,6,0.0
0,7,0.0
0,8,0.0
0,9,0.0
1,0,0.0
1,1,0.6331698
1,10,5.1659336
1,11,5.9364767
1,12,7.2286024
1,13,9.731564
1,14,15.339731
1,15,30.0
1,2,1.250669
1,3,1.838704
1,4,2.387054
1,5,2.890546
1,6,3.350477
1,7,3.776463
1,8,4.189638
1,9,4.629093
10,0,0.0
10,1,11.109053
10,10,49.402786
10,11,47.784637
10,12,44.99932
10,13,40.99364
10,14,35.86286
10,15,30.0
10,2,21.173058
10,3,29.640556
10,4,36.401924
10,5,41.580574
10,6,45.371536
10,7,47.954605
10,8,49.456924
10,9,49.940666
11,0,0.0
11,1,14.534329
11,10,57.023975
11,11,54.890465
11,12,51.257637
11,13,45.867268
11,14,38.627064
11,15,30.0
11,2,27.097866
11,3,37.046307
11,4,44.540997
11,5,49.997566
11,6,53.81861
11,7,56.304886
11,8,57.639507
11,9,57.892212
12,0,0.0
12,1,19.931232
12,10,65.91403
12,11,63.498703
12,12,59.275948
12,13,52.592415
12,14,42.779003
12,15,30.0
12,2,35.639404
12,3,46.90818
12,4,54.72119
12,5,60.05361
12,6,63.60434
12,7,65.81087
12,8,66.908104
12,9,66.96862
13,0,0.0
13,1,29.551867
13,10,76.16769
13,11,73.916824
13,12,69.75701
13,13,62.448784
13,14,49.897224
13,15,30.0
13,2,48.62165
13,3,60.227707
13,4,67.3844
13,5,71.89416
13,6,74.73734
13,7,76.42941
13,8,77.216675
13,9,77.16325
14,0,0.0
14,1,49.65504
14,10,87.67862
14,11,86.245605
14,12,83.38784
14,13,77.54944
14,14,64.3616
14,15,30.0
14,2,69.06854
14,3,77.99794
14,4,82.696175
14,5,85.403244
14,6,87.02362
14,7,87.95502
14,8,88.368195
14,9,88.302246
15,0,0.0
15,1,100.0
15,10,100.0
15,11,100.0
15,12,100.0
15,13,100.0
15,14,100.0
15,15,30.0
15,2,100.0
15,3,100.0
15,4,100.0
15,5,100.0
15,6,100.0
15,7,100.0
15,8,100.0
15,9,100.0
2,0,0.0
2,1,1.2822189
2,10,10.09906
2,11,11.352148
2,12,13.246984
2,13,16.358345
2,14,21.62758
2,15,30.0
2,2,2.5312123
2,3,3.7176862
2,4,4.8197193
2,5,5.8255334
2,6,6.7358694
2,7,7.566757
2,8,8.354019
2,9,9.161786
3,0,0.0
3,1,1.964905
3,10,14.718147
3,11,16.12759
3,12,18.050049
3,13,20.828089
3,14,24.812675
3,15,30.0
3,2,3.875081
3,3,5.682276
3,4,7.3500824
3,5,8.857728
3,6,10.20262
3,7,11.402678
3,8,12.499911
3,9,13.5669
4,0,0.0
4,1,2.702918
4,10,19.081604
4,11,20.392233
4,12,21.999285
4,13,24.092506
4,14,26.795654
4,15,30.0
4,2,5.3231034
4,3,7.7879505
4,4,10.042761
4,5,12.055197
4,6,13.816977
4,7,15.344345
4,8,16.67897
4,9,17.89058
5,0,0.0
5,1,3.5244288
5,10,23.32875
5,11,24.363277
5,12,25.464596
5,13,26.74855
5,14,28.278236
5,15,30.0
5,2,6.927962
5,3,10.10583
5,4,12.980564
5,5,15.506538
5,6,17.669292
5,7,19.482475
5,8,20.984795
5,9,22.238422
6,0,0.0
6,1,4.467736
6,10,27.635557
6,11,28.270866
6,12,28.749914
6,13,29.160694
6,14,29.56968
6,15,30.0
6,2,8.760252
6,3,12.729399
6,4,16.270374
6,5,19.324886
6,6,21.875364
6,7,23.935865
6,8,25.543713
6,9,26.753807
7,0,0.0
7,1,5.5872664
7,10,32.193127
7,11,32.338417
7,12,32.106445
7,13,31.576672
7,14,30.840832
7,15,30.0
7,2,10.917876
7,3,15.783985
7,4,20.050257
7,5,23.651485
7,6,26.576069
7,7,28.84679
7,8,30.505295
7,9,31.602238
8,0,0.0
8,1,6.9645157
8,10,37.200844
8,11,36.787174
8,12,35.763878
8,13,34.200882
8,14,32.218082
8,15,30.0
8,2,13.542086
8,3,19.441425
8,4,24.499012
8,5,28.659206
8,6,31.935556
8,7,34.375126
8,8,36.033623
8,9,36.96173
9,0,0.0
9,1,8.729791
9,10,42.86599
9,11,41.849533
9,12,39.964188
9,13,37.247078
9,14,33.831734
9,15,30.0
9,2,16.84664
9,3,23.943674
9,4,29.849041
9,5,34.555313
9,6,38.136833
9,7,40.689774
9,8,42.29762
9,9,43.015274
