0,0,0.0
0,1,0.0
0,10,0.0
0,11,0.0
0,12,0.0
0,13,0.0
0,14,0.0
0,15,30.0
0,2,0.0
0,3,0.0
0,4,0.0
0,5,0.0
0,6,0.0
0,7,0.0
0,8,0.0
0,9,0.0
1,0,0.0
1,1,0.63493973
1,10,5.1734295
1,11,5.942921
1,12,7.2337074
1,13,9.7351
1,14,15.34154
1,15,30.0
1,2,1.2541343
1,3,1.8437176
1,4,2.3934028
1,5,2.8979585
1,6,3.358635
1,7,3.7850132
1,8,4.198209
1,9,4.637307
10,0,0.0
10,1,11.116836
10,10,49.43572
10,11,47.81295
10,12,45.021744
10,13,41.00918
10,14,35.870808
10,15,30.0
10,2,21.188292
10,3,29.662601
10,4,36.429836
10,5,41.613163
10,6,45.407402
10,7,47.992188
10,8,49.49459
10,9,49.97677
11,0,0.0
11,1,14.541047
11,10,57.05241
11,11,54.914906
11,12,51.277
11,13,45.880676
11,14,38.633926
11,15,30.0
11,2,27.11102
11,3,37.065334
11,4,44.565094
11,5,50.025703
11,6,53.84957
11,7,56.337326
11,8,57.672024
11,9,57.92337
12,0,0.0
12,1,19.936573
12,10,65.93663
12,11,63.518127
12,12,59.291344
12,13,52.603073
12,14,42.78446
12,15,30.0
12,2,35.64986
12,3,46.92331
12,4,54.74035
12,5,60.075974
12,6,63.62894
12,7,65.836655
12,8,66.933945
12,9,66.993385
13,0,0.0
13,1,29.555576
13,10,76.18338
13,11,73.93031
13,12,69.7677
13,13,62.45619
13,14,49.901016
13,15,30.0
13,2,48.628914
13,3,60.23822
13,4,67.39769
13,5,71.90969
13,6,74.75443
13,7,76.44732
13,8,77.23462
13,9,77.180466
14,0,0.0
14,1,49.656944
14,10,87.68666
14,11,86.2525
14,12,83.39331
14,13,77.55323
14,14,64.36354
14,15,30.0
14,2,69.07226
14,3,78.00332
14,4,82.702995
14,5,85.411194
14,6,87.03238
14,7,87.96419
14,8,88.37739
14,9,88.31105
15,0,0.0
15,1,100.0
15,10,100.0
15,11,100.0
15,12,100.0
15,13,100.0
15,14,100.0
15,15,30.0
15,2,100.0
15,3,100.0
15,4,100.0
15,5,100.0
15,6,100.0
15,7,100.0
15,8,100.0
15,9,100.0
2,0,0.0
2,1,1.2856901
2,10,10.11376
2,11,11.364784
2,12,13.256993
2,13,16.36528
2,14,21.63113
2,15,30.0
2,2,2.538008
2,3,3.7275178
2,4,4.832169
2,5,5.84007
2,6,6.7518673
2,7,7.5835247
2,8,8.370825
2,9,9.177895
3,0,0.0
3,1,1.9699408
3,10,14.739471
3,11,16.14592
3,12,18.06457
3,13,20.83815
3,14,24.817822
3,15,30.0
3,2,3.8849397
3,3,5.6965394
3,4,7.368145
3,5,8.878817
3,6,10.225828
3,7,11.427003
3,8,12.524293
3,9,13.590269
4,0,0.0
4,1,2.7093184
4,10,19.108704
4,11,20.415531
4,12,22.01774
4,13,24.105291
4,14,26.802197
4,15,30.0
4,2,5.3356333
4,3,7.806079
4,4,10.065718
4,5,12.082
4,6,13.846474
4,7,15.37526
4,8,16.709955
4,9,17.920277
5,0,0.0
5,1,3.5319343
5,10,23.360527
5,11,24.390594
5,12,25.486237
5,13,26.763542
5,14,28.285906
5,15,30.0
5,2,6.942656
5,3,10.127089
5,4,13.007486
5,5,15.537968
5,6,17.703884
5,7,19.518726
5,8,21.02113
5,9,22.273245
6,0,0.0
6,1,4.476037
6,10,27.670698
6,11,28.301075
6,12,28.773846
6,13,29.177273
6,14,29.578161
6,15,30.0
6,2,8.776503
6,3,12.752912
6,4,16.300146
6,5,19.359646
6,6,21.913616
6,7,23.975958
6,8,25.583893
6,9,26.792318
7,0,0.0
7,1,5.596011
7,10,32.230145
7,11,32.370243
7,12,32.131653
7,13,31.594137
7,14,30.849766
7,15,30.0
7,2,10.934998
7,3,15.808755
7,4,20.081627
7,5,23.688107
7,6,26.616367
7,7,28.889027
7,8,30.547625
7,9,31.642809
8,0,0.0
8,1,6.9733286
8,10,37.238144
8,11,36.819237
8,12,35.78928
8,13,34.218475
8,14,32.22708
8,15,30.0
8,2,13.559336
8,3,19.466385
8,4,24.530617
8,5,28.69611
8,6,31.976164
8,7,34.417683
8,8,36.07627
8,9,37.00261
9,0,0.0
9,1,8.738279
9,10,42.901917
9,11,41.880417
9,12,39.988655
9,13,37.26403
9,14,33.840405
9,15,30.0
9,2,16.863258
9,3,23.967716
9,4,29.87949
9,5,34.590862
9,6,38.175953
9,7,40.730766
9,8,42.338707
9,9,43.054646
