0,0,0.0
0,1,0.0
0,10,0.0
0,11,0.0
0,12,0.0
0,13,0.0
0,14,0.0
0,15,30.0
0,2,0.0
0,3,0.0
0,4,0.0
0,5,0.0
0,6,0.0
0,7,0.0
0,8,0.0
0,9,0.0
1,0,0.0
1,1,0.6356126
1,10,5.1762376
1,11,5.945332
1,12,7.235615
1,13,9.73642
1,14,15.342215
1,15,30.0
1,2,1.255451
1,3,1.8456202
1,4,2.3958092
1,5,2.900763
1,6,3.3617158
1,7,3.7882357
1,8,4.2014318
1,9,4.6403913
10,0,0.0
10,1,11.1196575
10,10,49.447502
10,11,47.82306
10,12,45.029747
10,13,41.014713
10,14,35.87364
10,15,30.0
10,2,21.193817
10,3,29.67058
10,4,36.43993
10,5,41.624924
10,6,45.420326
10,7,48.005703
10,8,49.50811
10,9,49.989697
11,0,0.0
11,1,14.543472
11,10,57.062523
11,11,54.92359
11,12,51.283867
11,13,45.885433
11,14,38.636353
11,15,30.0
11,2,27.11576
11,3,37.072193
11,4,44.57376
11,5,50.035805
11,6,53.860664
11,7,56.34893
11,8,57.683628
11,9,57.93448
12,0,0.0
12,1,19.938492
12,10,65.94463
12,11,63.525
12,12,59.296776
12,13,52.60683
12,14,42.78638
12,15,30.0
12,2,35.653618
12,3,46.928734
12,4,54.747208
12,5,60.08397
12,6,63.63773
12,7,65.84584
12,8,66.94313
12,9,67.00217
13,0,0.0
13,1,29.556904
13,10,76.18892
13,11,73.93507
13,12,69.77146
13,13,62.458797
13,14,49.902344
13,15,30.0
13,2,48.63151
13,3,60.241966
13,4,67.40244
13,5,71.91522
13,6,74.76051
13,7,76.45368
13,8,77.240974
13,9,77.18654
14,0,0.0
14,1,49.657623
14,10,87.6895
14,11,86.25495
14,12,83.39523
14,13,77.554565
14,14,64.36423
14,15,30.0
14,2,69.07359
14,3,78.00524
14,4,82.705414
14,5,85.41402
14,6,87.035484
14,7,87.96744
14,8,88.38064
14,9,88.31416
15,0,0.0
15,1,100.0
15,10,100.0
15,11,100.0
15,12,100.0
15,13,100.0
15,14,100.0
15,15,30.0
15,2,100.0
15,3,100.0
15,4,100.0
15,5,100.0
15,6,100.0
15,7,100.0
15,8,100.0
15,9,100.0
2,0,0.0
2,1,1.2870071
2,10,10.119257
2,11,11.369503
2,12,13.260727
2,13,16.367863
2,14,21.632448
2,15,30.0
2,2,2.540584
2,3,3.7312417
2,4,4.836878
2,5,5.845558
2,6,6.7578955
2,7,7.5898304
2,8,8.377134
2,9,9.183928
3,0,0.0
3,1,1.9718444
3,10,14.747417
3,11,16.152744
3,12,18.069967
3,13,20.841885
3,14,24.81973
3,15,30.0
3,2,3.8886647
3,3,5.7019224
3,4,7.3749533
3,5,8.886752
3,6,10.234545
3,7,11.436121
3,8,12.533412
3,9,13.598995
4,0,0.0
4,1,2.7117271
4,10,19.118757
4,11,20.42416
4,12,22.024567
4,13,24.110016
4,14,26.80461
4,15,30.0
4,2,5.340346
4,3,7.81289
4,4,10.074329
4,5,12.092038
4,6,13.857501
4,7,15.386795
4,8,16.721495
4,9,17.931313
5,0,0.0
5,1,3.5347433
5,10,23.37225
5,11,24.400658
5,12,25.494196
5,13,26.76905
5,14,28.288721
5,15,30.0
5,2,6.948152
5,3,10.135031
5,4,13.01753
5,5,15.549676
5,6,17.716743
5,7,19.53218
5,8,21.034584
5,9,22.286118
6,0,0.0
6,1,4.479124
6,10,27.683586
6,11,28.312138
6,12,28.782597
6,13,29.183329
6,14,29.581255
6,15,30.0
6,2,8.782543
6,3,12.761642
6,4,16.311188
6,5,19.372515
6,6,21.927753
6,7,23.990742
6,8,25.598682
6,9,26.806465
7,0,0.0
7,1,5.599243
7,10,32.243633
7,11,32.38182
7,12,32.140812
7,13,31.600475
7,14,30.853004
7,15,30.0
7,2,10.94132
7,3,15.817894
7,4,20.093182
7,5,23.701576
7,6,26.631165
7,7,28.904503
7,8,30.563103
7,9,31.657616
8,0,0.0
8,1,6.9765625
8,10,37.251644
8,11,36.830826
8,12,35.79845
8,13,34.224823
8,14,32.230324
8,15,30.0
8,2,13.565666
8,3,19.47553
8,4,24.542187
8,5,28.709589
8,6,31.990973
8,7,34.433174
8,8,36.09177
8,9,37.01743
9,0,0.0
9,1,8.741377
9,10,42.91484
9,11,41.89151
9,12,39.99743
9,13,37.270103
9,14,33.843506
9,15,30.0
9,2,16.869316
9,3,23.976475
9,4,29.89056
9,5,34.603767
9,6,38.19013
9,7,40.745598
9,8,42.35354
9,9,43.06884
