0,0,0.0
0,1,0.0
0,10,0.0
0,11,0.0
0,12,0.0
0,13,0.0
0,14,0.0
0,15,0.0
0,16,0.0
0,17,0.0
0,18,0.0
0,19,0.0
0,2,0.0
0,20,0.0
0,21,0.0
0,22,0.0
0,23,0.0
0,24,0.0
0,25,0.0
0,26,0.0
0,27,0.0
0,28,0.0
0,29,30.0
0,3,0.0
0,4,0.0
0,5,0.0
0,6,0.0
0,7,0.0
0,8,0.0
0,9,0.0
1,0,0.0
1,1,0.6211542
1,10,4.023801
1,11,4.1270666
1,12,4.199051
1,13,4.248203
1,14,4.2811246
1,15,4.303809
1,16,4.3211327
1,17,4.3376656
1,18,4.3583846
1,19,4.3892264
1,2,1.222271
1,20,4.439192
1,21,4.521416
1,22,4.6582346
1,23,4.8864045
1,24,5.273483
1,25,5.949149
1,26,7.193824
1,27,9.68652
1,28,15.3105755
1,29,30.0
1,3,1.7858183
1,4,2.296533
1,5,2.7453442
1,6,3.126156
1,7,3.4397707
1,8,3.6888313
1,9,3.8809905
10,0,0.0
10,1,4.02363
10,10,26.016356
10,11,26.676281
10,12,27.135689
10,13,27.444698
10,14,27.646698
10,15,27.775497
10,16,27.85739
10,17,27.91193
10,18,27.953535
10,19,27.993923
10,2,7.918105
10,20,28.042152
10,21,28.10778
10,22,28.19868
10,23,28.324432
10,24,28.491753
10,25,28.707508
10,26,28.972586
10,27,29.284405
10,28,29.632122
10,29,30.0
10,3,11.565311
10,4,14.872221
10,5,17.77213
10,6,20.234674
10,7,22.256176
10,8,23.863338
10,9,25.097862
11,0,0.0
11,1,4.1267023
11,10,26.675983
11,11,27.352478
11,12,27.822498
11,13,28.138878
11,14,28.344955
11,15,28.475801
11,16,28.557753
11,17,28.610258
11,18,28.64762
11,19,28.680002
11,2,8.120285
11,20,28.715984
11,21,28.761929
11,22,28.824749
11,23,28.909407
11,24,29.021618
11,25,29.163818
11,26,29.337612
11,27,29.5396
11,28,29.763844
11,29,30.0
11,3,11.861244
11,4,15.251487
11,5,18.225954
11,6,20.749748
11,7,22.823067
11,8,24.469542
11,9,25.7355
12,0,0.0
12,1,4.1982803
12,10,27.134869
12,11,27.822052
12,12,28.299881
12,13,28.620922
12,14,28.829948
12,15,28.961994
12,16,29.043793
12,17,29.094759
12,18,29.128555
12,19,29.15517
12,2,8.261507
12,20,29.181433
12,21,29.213285
12,22,29.254799
12,23,29.310425
12,24,29.382599
12,25,29.473902
12,26,29.583975
12,27,29.711563
12,28,29.85215
12,29,30.0
12,3,12.0667515
12,4,15.516207
12,5,18.541113
12,6,21.108877
12,7,23.216747
12,8,24.891716
12,9,26.178305
13,0,0.0
13,1,4.246644
13,10,27.442884
13,11,28.1377
13,12,28.62031
13,13,28.94468
13,14,29.15546
13,15,29.288303
13,16,29.369915
13,17,29.419598
13,18,29.450962
13,19,29.473143
13,2,8.356299
13,20,29.492802
13,21,29.514254
13,22,29.541342
13,23,29.576338
13,24,29.621685
13,25,29.678078
13,26,29.74606
13,27,29.824074
13,28,29.909973
13,29,30.0
13,3,12.20553
13,4,15.693893
13,5,18.753721
13,6,21.349937
13,7,23.481987
13,8,25.175095
13,9,26.476273
14,0,0.0
14,1,4.278015
14,10,27.643099
14,11,28.342442
14,12,28.82838
14,13,29.154682
14,14,29.366667
14,15,29.499939
14,16,29.581352
14,17,29.6302
14,18,29.659739
14,19,29.67906
14,2,8.418217
14,20,29.693977
14,21,29.70871
14,22,29.72579
14,23,29.747478
14,24,29.774805
14,25,29.808834
14,26,29.849308
14,27,29.895807
14,28,29.946678
14,29,30.0
14,3,12.295547
14,4,15.809853
14,5,18.891626
14,6,21.50705
14,7,23.654037
14,8,25.359528
14,9,26.669546
15,0,0.0
15,1,4.2978287
15,10,27.768566
15,11,28.470959
15,12,28.958773
15,13,29.28638
15,14,29.499023
15,15,29.632563
15,16,29.713835
15,17,29.762058
15,18,29.79049
15,19,29.807812
15,2,8.457017
15,20,29.819809
15,21,29.829998
15,22,29.840893
15,23,29.85384
15,24,29.870031
15,25,29.889751
15,26,29.91328
15,27,29.940039
15,28,29.96936
15,29,30.0
15,3,12.352364
15,4,15.882519
15,5,18.978561
15,6,21.605507
15,7,23.762333
15,8,25.475105
15,9,26.791021
16,0,0.0
16,1,4.3098207
16,10,27.84469
16,11,28.54875
16,12,29.03779
16,13,29.366096
16,14,29.579166
16,15,29.712837
16,16,29.793997
16,17,29.841862
16,18,29.869528
16,19,29.885685
16,2,8.480695
16,20,29.89576
16,21,29.903263
16,22,29.91019
16,23,29.917955
16,24,29.927177
16,25,29.938396
16,26,29.95155
16,27,29.966566
16,28,29.982904
16,29,30.0
16,3,12.386749
16,4,15.926815
16,5,19.031178
16,6,21.665432
16,7,23.827877
16,8,25.545336
16,9,26.864544
17,0,0.0
17,1,4.3168936
17,10,27.88918
17,11,28.594297
17,12,29.083975
17,13,29.412722
17,14,29.626005
17,15,29.759756
17,16,29.840849
17,17,29.888468
17,18,29.915718
17,19,29.931122
17,2,8.494532
17,20,29.940117
17,21,29.94594
17,22,29.950619
17,23,29.955212
17,24,29.96046
17,25,29.96659
17,26,29.973793
17,27,29.981905
17,28,29.990765
17,29,30.0
17,3,12.407015
17,4,15.952702
17,5,19.062141
17,6,21.700453
17,7,23.866379
17,8,25.586378
17,9,26.907656
18,0,0.0
18,1,4.320883
18,10,27.914345
18,11,28.619991
18,12,29.110062
18,13,29.439026
18,14,29.652443
18,15,29.786228
18,16,29.867275
18,17,29.914768
18,18,29.941748
18,19,29.956755
18,2,8.502411
18,20,29.96509
18,21,29.970007
18,22,29.973341
18,23,29.976204
18,24,29.979128
18,25,29.982456
18,26,29.986248
18,27,29.990528
18,28,29.99516
18,29,30.0
18,3,12.418446
18,4,15.967425
18,5,19.079607
18,6,21.720335
18,7,23.888098
18,8,25.609634
18,9,26.931976
19,0,0.0
19,1,4.323077
19,10,27.928041
19,11,28.634007
19,12,29.124262
19,13,29.453358
19,14,29.666836
19,15,29.800638
19,16,29.881664
19,17,29.929073
19,18,29.955925
19,19,29.97069
19,2,8.5067
19,20,29.978691
19,21,29.983074
19,22,29.985712
19,23,29.987587
19,24,29.989285
19,25,29.991043
19,26,29.993015
19,27,29.99519
19,28,29.997547
19,29,30.0
19,3,12.4247265
19,4,15.975439
19,5,19.089188
19,6,21.731155
19,7,23.899988
19,8,25.622292
19,9,26.945263
2,0,0.0
2,1,1.222271
2,10,7.9184213
2,11,8.120975
2,12,8.2629385
2,13,8.359236
2,14,8.424001
2,15,8.468233
2,16,8.501726
2,17,8.533283
2,18,8.571903
2,19,8.629208
2,2,2.40572
2,20,8.720415
2,21,8.869881
2,22,9.114015
2,23,9.514073
2,24,10.169783
2,25,11.25619
2,26,13.082014
2,27,16.202854
2,28,21.535746
2,29,30.0
2,3,3.5140293
2,4,4.5199833
2,5,5.4021287
2,6,6.152551
2,7,6.7685804
2,8,7.2595816
2,9,7.6367826
20,0,0.0
20,1,4.3242292
20,10,27.935253
20,11,28.641363
20,12,29.13173
20,13,29.46088
20,14,29.674397
20,15,29.808208
20,16,29.889217
20,17,29.936592
20,18,29.96336
20,19,29.978016
20,2,8.508976
20,20,29.985817
20,21,29.989946
20,22,29.992188
20,23,29.993568
20,24,29.994596
20,25,29.995556
20,26,29.996552
20,27,29.997639
20,28,29.998795
20,29,30.0
20,3,12.428024
20,4,15.979686
20,5,19.09422
20,6,21.73688
20,7,23.906229
20,8,25.628971
20,9,26.952238
21,0,0.0
21,1,4.324819
21,10,27.938904
21,11,28.645096
21,12,29.13551
21,13,29.464693
21,14,29.678223
21,15,29.812038
21,16,29.893042
21,17,29.940395
21,18,29.967129
21,19,29.981714
21,2,8.510128
21,20,29.989433
21,21,29.993416
21,22,29.995474
21,23,29.996588
21,24,29.997288
21,25,29.997833
21,26,29.998348
21,27,29.99887
21,28,29.999428
21,29,30.0
21,3,12.429711
21,4,15.981834
21,5,19.096786
21,6,21.739777
21,7,23.909409
21,8,25.63235
21,9,26.955784
22,0,0.0
22,1,4.3251066
22,10,27.94069
22,11,28.646915
22,12,29.137354
22,13,29.466553
22,14,29.680088
22,15,29.81391
22,16,29.894909
22,17,29.942251
22,18,29.968967
22,19,29.983524
22,2,8.510696
22,20,29.991192
22,21,29.995111
22,22,29.997072
22,23,29.998066
22,24,29.998602
22,25,29.998945
22,26,29.999218
22,27,29.999477
22,28,29.999733
22,29,30.0
22,3,12.430534
22,4,15.982894
22,5,19.09804
22,6,21.7412
22,7,23.910957
22,8,25.63401
22,9,26.957512
23,0,0.0
23,1,4.325244
23,10,27.941532
23,11,28.647774
23,12,29.138222
23,13,29.467426
23,14,29.680967
23,15,29.814787
23,16,29.895784
23,17,29.943123
23,18,29.96983
23,19,29.984375
23,2,8.510963
23,20,29.992023
23,21,29.995909
23,22,29.997828
23,23,29.99876
23,24,29.999218
23,25,29.999468
23,26,29.99963
23,27,29.99976
23,28,29.999882
23,29,30.0
23,3,12.430925
23,4,15.983391
23,5,19.098633
23,6,21.741869
23,7,23.911694
23,8,25.634789
23,9,26.95833
24,0,0.0
24,1,4.325306
24,10,27.94191
24,11,28.648163
24,12,29.138617
24,13,29.467827
24,14,29.681366
24,15,29.815184
24,16,29.896181
24,17,29.943518
24,18,29.970222
24,19,29.98476
24,2,8.511086
24,20,29.992397
24,21,29.996271
24,22,29.998167
24,23,29.999073
24,24,29.999498
24,25,29.999706
24,26,29.999817
24,27,29.999887
24,28,29.999947
24,29,30.0
24,3,12.431103
24,4,15.983619
24,5,19.098902
24,6,21.742174
24,7,23.912025
24,8,25.635145
24,9,26.958698
25,0,0.0
25,1,4.3253336
25,10,27.942078
25,11,28.64833
25,12,29.138786
25,13,29.467997
25,14,29.681538
25,15,29.815357
25,16,29.896353
25,17,29.94369
25,18,29.970392
25,19,29.984928
25,2,8.511139
25,20,29.992561
25,21,29.99643
25,22,29.99832
25,23,29.99921
25,24,29.999622
25,25,29.99981
25,26,29.999897
25,27,29.999945
25,28,29.999973
25,29,30.0
25,3,12.431181
25,4,15.983719
25,5,19.09902
25,6,21.742306
25,7,23.91217
25,8,25.6353
25,9,26.958858
26,0,0.0
26,1,4.3253446
26,10,27.942146
26,11,28.648403
26,12,29.138857
26,13,29.468067
26,14,29.68161
26,15,29.815428
26,16,29.896425
26,17,29.94376
26,18,29.970463
26,19,29.984999
26,2,8.511162
26,20,29.99263
26,21,29.996494
26,22,29.99838
26,23,29.999268
26,24,29.999672
26,25,29.999851
26,26,29.999933
26,27,29.99997
26,28,29.999989
26,29,30.0
26,3,12.431214
26,4,15.983759
26,5,19.099072
26,6,21.742363
26,7,23.912231
26,8,25.635363
26,9,26.958927
27,0,0.0
27,1,4.32535
27,10,27.942173
27,11,28.64843
27,12,29.138885
27,13,29.468098
27,14,29.681637
27,15,29.815458
27,16,29.896454
27,17,29.943789
27,18,29.970491
27,19,29.985027
27,2,8.511171
27,20,29.992657
27,21,29.996521
27,22,29.998405
27,23,29.999292
27,24,29.999695
27,25,29.99987
27,26,29.999947
27,27,29.999977
27,28,29.999992
27,29,30.0
27,3,12.431227
27,4,15.983777
27,5,19.09909
27,6,21.742388
27,7,23.912256
27,8,25.635391
27,9,26.958954
28,0,0.0
28,1,4.3253508
28,10,27.942186
28,11,28.648441
28,12,29.138899
28,13,29.468107
28,14,29.68165
28,15,29.815468
28,16,29.896465
28,17,29.943802
28,18,29.970503
28,19,29.985035
28,2,8.511175
28,20,29.992668
28,21,29.99653
28,22,29.998415
28,23,29.999302
28,24,29.999702
28,25,29.999878
28,26,29.999954
28,27,29.99998
28,28,29.999996
28,29,30.0
28,3,12.4312315
28,4,15.983784
28,5,19.099098
28,6,21.742397
28,7,23.912268
28,8,25.6354
28,9,26.958965
29,0,0.0
29,1,4.325352
29,10,27.942188
29,11,28.648447
29,12,29.138903
29,13,29.468113
29,14,29.681652
29,15,29.815472
29,16,29.89647
29,17,29.943802
29,18,29.970505
29,19,29.98504
29,2,8.511175
29,20,29.992672
29,21,29.996532
29,22,29.998419
29,23,29.999306
29,24,29.999706
29,25,29.999882
29,26,29.999954
29,27,29.999987
29,28,29.999996
29,29,30.0
29,3,12.431234
29,4,15.983786
29,5,19.099102
29,6,21.742401
29,7,23.91227
29,8,25.635406
29,9,26.95897
3,0,0.0
3,1,1.7858181
3,10,11.5657425
3,11,11.862161
3,12,12.068691
3,13,12.209449
3,14,12.303349
3,15,12.367322
3,16,12.41494
3,17,12.4585085
3,18,12.510797
3,19,12.58617
3,2,3.5140288
3,20,12.705341
3,21,12.896416
3,22,13.204159
3,23,13.693796
3,24,14.468664
3,25,15.682611
3,26,17.56702
3,27,20.431992
3,28,24.591984
3,29,30.0
3,3,5.134085
3,4,6.602261
3,5,7.8922505
3,6,8.986794
3,7,9.887954
3,8,10.603615
3,9,11.155562
30,0,0.0
30,1,4.3253517
30,10,27.942192
30,11,28.648449
30,12,29.138905
30,13,29.468113
30,14,29.681652
30,15,29.815475
30,16,29.896467
30,17,29.943806
30,18,29.970509
30,19,29.985043
30,2,8.511178
30,20,29.992672
30,21,29.996536
30,22,29.99842
30,23,29.999306
30,24,29.999708
30,25,29.999882
30,26,29.999958
30,27,29.999985
30,28,29.999996
30,29,30.0
30,3,12.431234
30,4,15.983788
30,5,19.099102
30,6,21.742401
30,7,23.912273
30,8,25.635406
30,9,26.958973
31,0,0.0
31,1,4.3253527
31,10,27.942192
31,11,28.648449
31,12,29.138905
31,13,29.468113
31,14,29.681656
31,15,29.815474
31,16,29.896471
31,17,29.943808
31,18,29.970509
31,19,29.985044
31,2,8.511177
31,20,29.992672
31,21,29.996536
31,22,29.998419
31,23,29.999306
31,24,29.999706
31,25,29.999882
31,26,29.999958
31,27,29.999987
31,28,29.999996
31,29,30.0
31,3,12.431236
31,4,15.983786
31,5,19.099104
31,6,21.742401
31,7,23.912273
31,8,25.635406
31,9,26.958973
32,0,0.0
32,1,4.3253517
32,10,27.942192
32,11,28.648449
32,12,29.138905
32,13,29.468115
32,14,29.681656
32,15,29.815475
32,16,29.896471
32,17,29.943806
32,18,29.97051
32,19,29.985043
32,2,8.511178
32,20,29.992676
32,21,29.996536
32,22,29.99842
32,23,29.999306
32,24,29.99971
32,25,29.999882
32,26,29.999956
32,27,29.999987
32,28,29.999996
32,29,30.0
32,3,12.431234
32,4,15.9837885
32,5,19.099102
32,6,21.742401
32,7,23.912273
32,8,25.635406
32,9,26.958973
33,0,0.0
33,1,4.3253527
33,10,27.942192
33,11,28.648449
33,12,29.138906
33,13,29.468117
33,14,29.681658
33,15,29.815475
33,16,29.896471
33,17,29.943808
33,18,29.970509
33,19,29.985044
33,2,8.511176
33,20,29.992672
33,21,29.996536
33,22,29.998419
33,23,29.99931
33,24,29.999706
33,25,29.999886
33,26,29.999956
33,27,29.999987
33,28,29.999996
33,29,30.0
33,3,12.431236
33,4,15.983786
33,5,19.099104
33,6,21.742401
33,7,23.912273
33,8,25.635406
33,9,26.958973
34,0,0.0
34,1,4.3253517
34,10,27.942192
34,11,28.648449
34,12,29.138906
34,13,29.468117
34,14,29.681658
34,15,29.815475
34,16,29.896471
34,17,29.943808
34,18,29.97051
34,19,29.985043
34,2,8.511178
34,20,29.992676
34,21,29.996536
34,22,29.998425
34,23,29.999306
34,24,29.99971
34,25,29.999882
34,26,29.999956
34,27,29.999987
34,28,29.999996
34,29,30.0
34,3,12.431232
34,4,15.9837885
34,5,19.099102
34,6,21.742403
34,7,23.91227
34,8,25.635406
34,9,26.958973
35,0,0.0
35,1,4.3253527
35,10,27.942194
35,11,28.648449
35,12,29.138908
35,13,29.468117
35,14,29.681658
35,15,29.815475
35,16,29.896471
35,17,29.943808
35,18,29.97051
35,19,29.985044
35,2,8.511176
35,20,29.992672
35,21,29.996536
35,22,29.998423
35,23,29.99931
35,24,29.999706
35,25,29.999886
35,26,29.999956
35,27,29.999987
35,28,29.999996
35,29,30.0
35,3,12.431236
35,4,15.983786
35,5,19.099104
35,6,21.7424
35,7,23.912275
35,8,25.635405
35,9,26.958975
36,0,0.0
36,1,4.3253517
36,10,27.942194
36,11,28.648449
36,12,29.138908
36,13,29.468117
36,14,29.681658
36,15,29.815475
36,16,29.896471
36,17,29.943808
36,18,29.970509
36,19,29.985044
36,2,8.511178
36,20,29.992676
36,21,29.996536
36,22,29.998425
36,23,29.99931
36,24,29.99971
36,25,29.999886
36,26,29.999956
36,27,29.999987
36,28,29.999996
36,29,30.0
36,3,12.431234
36,4,15.9837885
36,5,19.099102
36,6,21.742403
36,7,23.91227
36,8,25.635408
36,9,26.958973
37,0,0.0
37,1,4.3253527
37,10,27.942192
37,11,28.648449
37,12,29.138906
37,13,29.468117
37,14,29.681658
37,15,29.815475
37,16,29.896471
37,17,29.943806
37,18,29.970509
37,19,29.985043
37,2,8.511177
37,20,29.992676
37,21,29.996536
37,22,29.998425
37,23,29.999308
37,24,29.99971
37,25,29.999886
37,26,29.999956
37,27,29.999987
37,28,29.999996
37,29,30.0
37,3,12.431235
37,4,15.983787
37,5,19.099104
37,6,21.7424
37,7,23.912275
37,8,25.635405
37,9,26.958975
38,0,0.0
38,1,4.3253517
38,10,27.942192
38,11,28.648449
38,12,29.138908
38,13,29.468115
38,14,29.681658
38,15,29.815475
38,16,29.896471
38,17,29.943806
38,18,29.970509
38,19,29.985044
38,2,8.511177
38,20,29.992672
38,21,29.996536
38,22,29.99842
38,23,29.999308
38,24,29.999706
38,25,29.999886
38,26,29.999956
38,27,29.999987
38,28,29.999996
38,29,30.0
38,3,12.431235
38,4,15.9837885
38,5,19.099102
38,6,21.742401
38,7,23.91227
38,8,25.635408
38,9,26.958973
39,0,0.0
39,1,4.3253517
39,10,27.942192
39,11,28.648449
39,12,29.138905
39,13,29.468117
39,14,29.681658
39,15,29.815475
39,16,29.896471
39,17,29.943806
39,18,29.970507
39,19,29.98504
39,2,8.511177
39,20,29.992676
39,21,29.996536
39,22,29.998423
39,23,29.999306
39,24,29.999708
39,25,29.999882
39,26,29.999956
39,27,29.999985
39,28,29.999996
39,29,30.0
39,3,12.431234
39,4,15.983788
39,5,19.099102
39,6,21.7424
39,7,23.912273
39,8,25.635403
39,9,26.958973
4,0,0.0
4,1,2.2965324
4,10,14.872708
4,11,15.25255
4,12,15.518408
4,13,15.698404
4,14,15.81871
4,15,15.899631
4,16,15.958724
4,17,16.011103
4,18,16.071186
4,19,16.156252
4,2,4.519982
4,20,16.286976
4,21,16.494314
4,22,16.819551
4,23,17.32515
4,24,18.094912
4,25,19.245869
4,26,20.919565
4,27,23.263744
4,28,26.34736
4,29,30.0
4,3,6.6022596
4,4,8.491875
4,5,10.148925
4,6,11.558089
4,7,12.714886
4,8,13.636474
4,9,14.344446
40,0,0.0
40,1,4.3253527
40,10,27.942192
40,11,28.648449
40,12,29.138908
40,13,29.468115
40,14,29.681658
40,15,29.815475
40,16,29.896471
40,17,29.943806
40,18,29.970509
40,19,29.985044
40,2,8.511176
40,20,29.992672
40,21,29.996536
40,22,29.99842
40,23,29.999308
40,24,29.999706
40,25,29.999882
40,26,29.999956
40,27,29.999987
40,28,29.999996
40,29,30.0
40,3,12.431234
40,4,15.983787
40,5,19.099102
40,6,21.742401
40,7,23.912271
40,8,25.635406
40,9,26.958971
41,0,0.0
41,1,4.3253517
41,10,27.942192
41,11,28.648449
41,12,29.138905
41,13,29.468117
41,14,29.681658
41,15,29.815477
41,16,29.896471
41,17,29.943808
41,18,29.970509
41,19,29.985043
41,2,8.511177
41,20,29.992674
41,21,29.996536
41,22,29.99842
41,23,29.999306
41,24,29.999708
41,25,29.999882
41,26,29.999958
41,27,29.999985
41,28,29.999996
41,29,30.0
41,3,12.431234
41,4,15.983788
41,5,19.099102
41,6,21.742401
41,7,23.912273
41,8,25.635406
41,9,26.958973
42,0,0.0
42,1,4.3253527
42,10,27.942192
42,11,28.648449
42,12,29.138905
42,13,29.468117
42,14,29.68166
42,15,29.815475
42,16,29.896471
42,17,29.943808
42,18,29.97051
42,19,29.985043
42,2,8.511176
42,20,29.992674
42,21,29.996536
42,22,29.998423
42,23,29.999306
42,24,29.999706
42,25,29.999882
42,26,29.999954
42,27,29.999985
42,28,29.999996
42,29,30.0
42,3,12.431234
42,4,15.983786
42,5,19.099102
42,6,21.742401
42,7,23.912273
42,8,25.635406
42,9,26.958973
43,0,0.0
43,1,4.3253517
43,10,27.942192
43,11,28.648449
43,12,29.138905
43,13,29.468117
43,14,29.681658
43,15,29.815477
43,16,29.896471
43,17,29.943808
43,18,29.97051
43,19,29.985044
43,2,8.511177
43,20,29.992672
43,21,29.996538
43,22,29.99842
43,23,29.999308
43,24,29.999706
43,25,29.999882
43,26,29.999958
43,27,29.999983
43,28,29.999996
43,29,30.0
43,3,12.431233
43,4,15.983788
43,5,19.099102
43,6,21.742401
43,7,23.912271
43,8,25.635406
43,9,26.958971
44,0,0.0
44,1,4.3253517
44,10,27.942192
44,11,28.648449
44,12,29.138905
44,13,29.468115
44,14,29.681658
44,15,29.815475
44,16,29.896473
44,17,29.943808
44,18,29.97051
44,19,29.985043
44,2,8.511176
44,20,29.992676
44,21,29.996536
44,22,29.998425
44,23,29.999308
44,24,29.99971
44,25,29.999882
44,26,29.999954
44,27,29.999985
44,28,29.999996
44,29,30.0
44,3,12.431234
44,4,15.983786
44,5,19.099102
44,6,21.742401
44,7,23.912271
44,8,25.635406
44,9,26.958973
45,0,0.0
45,1,4.3253517
45,10,27.942192
45,11,28.648449
45,12,29.138905
45,13,29.468117
45,14,29.681656
45,15,29.815477
45,16,29.896471
45,17,29.94381
45,18,29.97051
45,19,29.985044
45,2,8.511176
45,20,29.992674
45,21,29.996538
45,22,29.99842
45,23,29.999308
45,24,29.99971
45,25,29.999882
45,26,29.999954
45,27,29.999987
45,28,29.999996
45,29,30.0
45,3,12.431234
45,4,15.983786
45,5,19.099102
45,6,21.7424
45,7,23.912273
45,8,25.635406
45,9,26.958973
46,0,0.0
46,1,4.3253517
46,10,27.942192
46,11,28.648445
46,12,29.138906
46,13,29.468113
46,14,29.681658
46,15,29.815474
46,16,29.896473
46,17,29.943808
46,18,29.970509
46,19,29.985044
46,2,8.511176
46,20,29.992676
46,21,29.996536
46,22,29.998423
46,23,29.999308
46,24,29.999706
46,25,29.999882
46,26,29.999956
46,27,29.999985
46,28,29.999996
46,29,30.0
46,3,12.431232
46,4,15.983788
46,5,19.099102
46,6,21.742401
46,7,23.912273
46,8,25.635406
46,9,26.958973
47,0,0.0
47,1,4.3253517
47,10,27.942192
47,11,28.648449
47,12,29.1389
47,13,29.468115
47,14,29.681656
47,15,29.81548
47,16,29.896471
47,17,29.943808
47,18,29.970509
47,19,29.985044
47,2,8.511176
47,20,29.992672
47,21,29.996536
47,22,29.99842
47,23,29.999306
47,24,29.999706
47,25,29.999882
47,26,29.999956
47,27,29.999985
47,28,29.999998
47,29,30.0
47,3,12.431234
47,4,15.983786
47,5,19.099102
47,6,21.742401
47,7,23.912273
47,8,25.635406
47,9,26.958973
48,0,0.0
48,1,4.3253517
48,10,27.942192
48,11,28.648449
48,12,29.138903
48,13,29.468113
48,14,29.681656
48,15,29.815474
48,16,29.896471
48,17,29.943806
48,18,29.97051
48,19,29.98504
48,2,8.511176
48,20,29.992676
48,21,29.996536
48,22,29.99842
48,23,29.999306
48,24,29.999706
48,25,29.999882
48,26,29.999958
48,27,29.999985
48,28,29.999996
48,29,30.0
48,3,12.431234
48,4,15.983786
48,5,19.099102
48,6,21.742401
48,7,23.912273
48,8,25.635406
48,9,26.958973
49,0,0.0
49,1,4.3253517
49,10,27.942192
49,11,28.648447
49,12,29.138905
49,13,29.468113
49,14,29.681654
49,15,29.815474
49,16,29.896471
49,17,29.943808
49,18,29.970509
49,19,29.985044
49,2,8.511177
49,20,29.992672
49,21,29.996536
49,22,29.99842
49,23,29.999306
49,24,29.999708
49,25,29.999882
49,26,29.999958
49,27,29.999985
49,28,29.999996
49,29,30.0
49,3,12.431233
49,4,15.983788
49,5,19.099104
49,6,21.742401
49,7,23.912273
49,8,25.635406
49,9,26.958973
5,0,0.0
5,1,2.7453423
5,10,17.772635
5,11,18.227036
5,12,18.543396
5,13,18.75832
5,14,18.90076
5,15,18.995983
5,16,19.06382
5,17,19.121262
5,18,19.184555
5,19,19.270172
5,2,5.402125
5,20,19.399883
5,21,19.600002
5,22,19.90919
5,23,20.375603
5,24,21.065338
5,25,22.053751
5,26,23.423418
5,27,25.232237
5,28,27.47181
5,29,30.0
5,3,7.8922467
5,4,10.148921
5,5,12.131079
5,6,13.812919
5,7,15.1969385
5,8,16.296055
5,9,17.143162
50,0,0.0
50,1,4.325352
50,10,27.942192
50,11,28.648449
50,12,29.138903
50,13,29.468113
50,14,29.681654
50,15,29.815474
50,16,29.896471
50,17,29.943806
50,18,29.970509
50,19,29.985043
50,2,8.511177
50,20,29.992676
50,21,29.996538
50,22,29.99842
50,23,29.999306
50,24,29.999706
50,25,29.999882
50,26,29.999956
50,27,29.999985
50,28,29.999996
50,29,30.0
50,3,12.431234
50,4,15.983786
50,5,19.099102
50,6,21.742401
50,7,23.912273
50,8,25.635406
50,9,26.958973
51,0,0.0
51,1,4.3253517
51,10,27.942192
51,11,28.648449
51,12,29.138906
51,13,29.468113
51,14,29.681656
51,15,29.815474
51,16,29.896471
51,17,29.943806
51,18,29.970509
51,19,29.985043
51,2,8.511177
51,20,29.992672
51,21,29.996536
51,22,29.99842
51,23,29.999306
51,24,29.999706
51,25,29.999882
51,26,29.999956
51,27,29.999987
51,28,29.999996
51,29,30.0
51,3,12.431234
51,4,15.983788
51,5,19.099102
51,6,21.742401
51,7,23.912271
51,8,25.635406
51,9,26.958973
52,0,0.0
52,1,4.3253527
52,10,27.942192
52,11,28.648449
52,12,29.138905
52,13,29.468113
52,14,29.681656
52,15,29.815474
52,16,29.896471
52,17,29.943806
52,18,29.970507
52,19,29.98504
52,2,8.511177
52,20,29.992674
52,21,29.996536
52,22,29.99842
52,23,29.999306
52,24,29.999706
52,25,29.999882
52,26,29.999954
52,27,29.999983
52,28,29.999996
52,29,30.0
52,3,12.431236
52,4,15.983788
52,5,19.099102
52,6,21.7424
52,7,23.912273
52,8,25.635405
52,9,26.958973
53,0,0.0
53,1,4.3253517
53,10,27.942192
53,11,28.648449
53,12,29.138905
53,13,29.468113
53,14,29.681656
53,15,29.815474
53,16,29.89647
53,17,29.943806
53,18,29.970509
53,19,29.985043
53,2,8.511177
53,20,29.992672
53,21,29.996536
53,22,29.998419
53,23,29.999306
53,24,29.999708
53,25,29.99988
53,26,29.999956
53,27,29.999985
53,28,29.999996
53,29,30.0
53,3,12.431234
53,4,15.9837885
53,5,19.099102
53,6,21.742401
53,7,23.912271
53,8,25.635406
53,9,26.958973
54,0,0.0
54,1,4.3253527
54,10,27.942192
54,11,28.648449
54,12,29.138905
54,13,29.468115
54,14,29.681654
54,15,29.815475
54,16,29.896471
54,17,29.943806
54,18,29.970509
54,19,29.985039
54,2,8.511176
54,20,29.992676
54,21,29.996536
54,22,29.99842
54,23,29.999306
54,24,29.999706
54,25,29.999882
54,26,29.999954
54,27,29.999985
54,28,29.999996
54,29,30.0
54,3,12.431234
54,4,15.983788
54,5,19.099102
54,6,21.742401
54,7,23.912273
54,8,25.635406
54,9,26.958973
55,0,0.0
55,1,4.3253517
55,10,27.942192
55,11,28.648449
55,12,29.138905
55,13,29.468113
55,14,29.681656
55,15,29.815475
55,16,29.89647
55,17,29.943808
55,18,29.970509
55,19,29.985044
55,2,8.511177
55,20,29.992672
55,21,29.996536
55,22,29.99842
55,23,29.999306
55,24,29.999708
55,25,29.99988
55,26,29.999958
55,27,29.999985
55,28,29.999996
55,29,30.0
55,3,12.431234
55,4,15.983788
55,5,19.099102
55,6,21.742401
55,7,23.912271
55,8,25.635406
55,9,26.958973
56,0,0.0
56,1,4.3253527
56,10,27.942192
56,11,28.64845
56,12,29.138905
56,13,29.468113
56,14,29.681654
56,15,29.815474
56,16,29.896471
56,17,29.943806
56,18,29.970509
56,19,29.985043
56,2,8.511176
56,20,29.992674
56,21,29.996536
56,22,29.99842
56,23,29.999306
56,24,29.999706
56,25,29.999882
56,26,29.999954
56,27,29.999985
56,28,29.999996
56,29,30.0
56,3,12.431234
56,4,15.983786
56,5,19.099102
56,6,21.742401
56,7,23.912273
56,8,25.635406
56,9,26.958973
57,0,0.0
57,1,4.3253517
57,10,27.942192
57,11,28.648447
57,12,29.138906
57,13,29.468113
57,14,29.681656
57,15,29.815474
57,16,29.896471
57,17,29.943806
57,18,29.970509
57,19,29.985044
57,2,8.511177
57,20,29.992674
57,21,29.996536
57,22,29.99842
57,23,29.999308
57,24,29.99971
57,25,29.999882
57,26,29.999954
57,27,29.999985
57,28,29.999996
57,29,30.0
57,3,12.431234
57,4,15.983788
57,5,19.099102
57,6,21.742401
57,7,23.912273
57,8,25.635406
57,9,26.958973
58,0,0.0
58,1,4.3253527
58,10,27.942192
58,11,28.648449
58,12,29.138905
58,13,29.468115
58,14,29.681656
58,15,29.815477
58,16,29.89647
58,17,29.943806
58,18,29.970509
58,19,29.98504
58,2,8.511176
58,20,29.992674
58,21,29.996536
58,22,29.99842
58,23,29.999306
58,24,29.99971
58,25,29.999882
58,26,29.999954
58,27,29.999987
58,28,29.999996
58,29,30.0
58,3,12.431234
58,4,15.983786
58,5,19.099102
58,6,21.742401
58,7,23.912273
58,8,25.635406
58,9,26.958973
59,0,0.0
59,1,4.3253517
59,10,27.942192
59,11,28.648447
59,12,29.138905
59,13,29.468113
59,14,29.681658
59,15,29.815474
59,16,29.896473
59,17,29.943806
59,18,29.970509
59,19,29.985044
59,2,8.511177
59,20,29.992672
59,21,29.996536
59,22,29.99842
59,23,29.999306
59,24,29.999706
59,25,29.999882
59,26,29.999958
59,27,29.999985
59,28,29.999996
59,29,30.0
59,3,12.431234
59,4,15.983786
59,5,19.099102
59,6,21.742401
59,7,23.912273
59,8,25.635406
59,9,26.958971
6,0,0.0
6,1,3.1261501
6,10,20.235142
6,11,20.75078
6,12,21.111017
6,13,21.354317
6,14,21.515615
6,15,21.621984
6,16,21.695938
6,17,21.755825
6,18,21.817596
6,19,21.898336
6,2,6.152541
6,20,22.016008
6,21,22.19532
6,22,22.464895
6,23,22.864235
6,24,23.4366
6,25,24.232437
6,26,25.292635
6,27,26.63824
6,28,28.239632
6,29,30.0
6,3,8.98678
6,4,11.558075
6,5,13.812908
6,6,15.729546
6,7,17.302923
6,8,18.555563
6,9,19.517822
60,0,0.0
60,1,4.325352
60,10,27.942192
60,11,28.648449
60,12,29.138903
60,13,29.468117
60,14,29.681652
60,15,29.81548
60,16,29.89647
60,17,29.94381
60,18,29.970509
60,19,29.98504
60,2,8.511177
60,20,29.992672
60,21,29.996536
60,22,29.99842
60,23,29.999306
60,24,29.999706
60,25,29.999882
60,26,29.999954
60,27,29.999985
60,28,29.999996
60,29,30.0
60,3,12.431233
60,4,15.983786
60,5,19.099102
60,6,21.742401
60,7,23.912273
60,8,25.635403
60,9,26.958973
61,0,0.0
61,1,4.3253517
61,10,27.942192
61,11,28.648449
61,12,29.138905
61,13,29.468113
61,14,29.681658
61,15,29.815474
61,16,29.896473
61,17,29.943806
61,18,29.97051
61,19,29.985043
61,2,8.511177
61,20,29.992672
61,21,29.996536
61,22,29.998419
61,23,29.999306
61,24,29.999706
61,25,29.999882
61,26,29.999954
61,27,29.999985
61,28,29.999996
61,29,30.0
61,3,12.431234
61,4,15.983786
61,5,19.099102
61,6,21.742401
61,7,23.91227
61,8,25.635406
61,9,26.958973
62,0,0.0
62,1,4.3253527
62,10,27.942192
62,11,28.648449
62,12,29.138905
62,13,29.468117
62,14,29.681656
62,15,29.81548
62,16,29.896471
62,17,29.943808
62,18,29.970509
62,19,29.985043
62,2,8.511175
62,20,29.992674
62,21,29.996536
62,22,29.99842
62,23,29.999306
62,24,29.999706
62,25,29.999882
62,26,29.999954
62,27,29.999985
62,28,29.999996
62,29,30.0
62,3,12.431234
62,4,15.983786
62,5,19.099102
62,6,21.7424
62,7,23.912273
62,8,25.635405
62,9,26.958973
63,0,0.0
63,1,4.3253517
63,10,27.942192
63,11,28.648449
63,12,29.138905
63,13,29.468113
63,14,29.681658
63,15,29.815475
63,16,29.896473
63,17,29.943808
63,18,29.970509
63,19,29.985043
63,2,8.511176
63,20,29.992674
63,21,29.996536
63,22,29.99842
63,23,29.999306
63,24,29.999706
63,25,29.999882
63,26,29.999954
63,27,29.999985
63,28,29.999996
63,29,30.0
63,3,12.431232
63,4,15.983786
63,5,19.099102
63,6,21.742401
63,7,23.91227
63,8,25.635406
63,9,26.958973
64,0,0.0
64,1,4.3253517
64,10,27.942192
64,11,28.648449
64,12,29.138905
64,13,29.468115
64,14,29.681656
64,15,29.815475
64,16,29.896471
64,17,29.943808
64,18,29.97051
64,19,29.985043
64,2,8.511175
64,20,29.992672
64,21,29.996536
64,22,29.99842
64,23,29.999306
64,24,29.999708
64,25,29.999882
64,26,29.999956
64,27,29.999983
64,28,29.999998
64,29,30.0
64,3,12.431234
64,4,15.983786
64,5,19.099102
64,6,21.7424
64,7,23.912273
64,8,25.635405
64,9,26.958973
65,0,0.0
65,1,4.3253517
65,10,27.942192
65,11,28.648449
65,12,29.138905
65,13,29.468117
65,14,29.681658
65,15,29.815477
65,16,29.896471
65,17,29.943808
65,18,29.970509
65,19,29.985043
65,2,8.511176
65,20,29.992672
65,21,29.996536
65,22,29.99842
65,23,29.999306
65,24,29.999706
65,25,29.999882
65,26,29.999954
65,27,29.999985
65,28,29.999996
65,29,30.0
65,3,12.431232
65,4,15.983786
65,5,19.099102
65,6,21.742401
65,7,23.91227
65,8,25.635406
65,9,26.958973
66,0,0.0
66,1,4.3253517
66,10,27.942192
66,11,28.648449
66,12,29.138905
66,13,29.468115
66,14,29.681658
66,15,29.815475
66,16,29.896473
66,17,29.943808
66,18,29.97051
66,19,29.985043
66,2,8.511175
66,20,29.992674
66,21,29.996536
66,22,29.99842
66,23,29.999306
66,24,29.999708
66,25,29.999882
66,26,29.999956
66,27,29.999983
66,28,29.999998
66,29,30.0
66,3,12.431232
66,4,15.983786
66,5,19.099102
66,6,21.7424
66,7,23.912273
66,8,25.635405
66,9,26.958973
67,0,0.0
67,1,4.3253517
67,10,27.942192
67,11,28.648449
67,12,29.138905
67,13,29.468117
67,14,29.681658
67,15,29.815477
67,16,29.896471
67,17,29.943808
67,18,29.970509
67,19,29.985044
67,2,8.511176
67,20,29.992674
67,21,29.996536
67,22,29.99842
67,23,29.999306
67,24,29.999706
67,25,29.999882
67,26,29.999954
67,27,29.999985
67,28,29.999996
67,29,30.0
67,3,12.431233
67,4,15.983786
67,5,19.099102
67,6,21.742401
67,7,23.91227
67,8,25.635406
67,9,26.958973
68,0,0.0
68,1,4.3253517
68,10,27.942192
68,11,28.648449
68,12,29.138905
68,13,29.468115
68,14,29.681658
68,15,29.815475
68,16,29.896473
68,17,29.943808
68,18,29.97051
68,19,29.985043
68,2,8.511177
68,20,29.992674
68,21,29.996536
68,22,29.99842
68,23,29.999306
68,24,29.999708
68,25,29.999886
68,26,29.999956
68,27,29.999985
68,28,29.999998
68,29,30.0
68,3,12.431234
68,4,15.983786
68,5,19.099102
68,6,21.7424
68,7,23.912273
68,8,25.635405
68,9,26.958973
69,0,0.0
69,1,4.3253517
69,10,27.942192
69,11,28.648449
69,12,29.138908
69,13,29.468117
69,14,29.681658
69,15,29.815477
69,16,29.896473
69,17,29.94381
69,18,29.97051
69,19,29.985044
69,2,8.511177
69,20,29.992674
69,21,29.996536
69,22,29.99842
69,23,29.999308
69,24,29.99971
69,25,29.999882
69,26,29.999958
69,27,29.999985
69,28,29.999996
69,29,30.0
69,3,12.431234
69,4,15.983788
69,5,19.099102
69,6,21.742401
69,7,23.912271
69,8,25.635406
69,9,26.958973
7,0,0.0
7,1,3.4397569
7,10,22.256584
7,11,22.823963
7,12,23.21865
7,13,23.485819
7,14,23.661627
7,15,23.77673
7,16,23.854687
7,17,23.914494
7,18,23.972607
7,19,24.04369
7,2,6.7685537
7,20,24.144922
7,21,24.294264
7,22,24.516132
7,23,24.836205
7,24,25.2864
7,25,25.894293
7,26,26.683022
7,27,27.654041
7,28,28.781273
7,29,30.0
7,3,9.88792
7,4,12.714846
7,5,15.196903
7,6,17.302896
7,7,19.03492
7,8,20.410381
7,9,21.469585
70,0,0.0
70,1,4.3253527
70,10,27.942196
70,11,28.648455
70,12,29.138908
70,13,29.46812
70,14,29.68166
70,15,29.81548
70,16,29.896477
70,17,29.94381
70,18,29.970516
70,19,29.985046
70,2,8.511178
70,20,29.992678
70,21,29.99654
70,22,29.998425
70,23,29.99931
70,24,29.999712
70,25,29.999886
70,26,29.999958
70,27,29.999987
70,28,29.999996
70,29,30.0
70,3,12.431236
70,4,15.9837885
70,5,19.099106
70,6,21.742401
70,7,23.912277
70,8,25.635408
70,9,26.958979
71,0,0.0
71,1,4.3253546
71,10,27.942207
71,11,28.64846
71,12,29.13892
71,13,29.468128
71,14,29.681671
71,15,29.81549
71,16,29.896486
71,17,29.943825
71,18,29.970522
71,19,29.985058
71,2,8.511181
71,20,29.992685
71,21,29.996548
71,22,29.998432
71,23,29.99932
71,24,29.999718
71,25,29.999891
71,26,29.999962
71,27,29.999989
71,28,29.999998
71,29,30.0
71,3,12.43124
71,4,15.983795
71,5,19.099112
71,6,21.742413
71,7,23.912281
71,8,25.63542
71,9,26.958984
72,0,0.0
72,1,4.3253584
72,10,27.942232
72,11,28.64849
72,12,29.138943
72,13,29.468157
72,14,29.681698
72,15,29.815516
72,16,29.896513
72,17,29.943848
72,18,29.97055
72,19,29.98508
72,2,8.511189
72,20,29.992712
72,21,29.996572
72,22,29.998455
72,23,29.999338
72,24,29.999737
72,25,29.999905
72,26,29.999973
72,27,29.999996
72,28,30.0
72,29,30.0
72,3,12.431253
72,4,15.98381
72,5,19.099133
72,6,21.742432
72,7,23.912308
72,8,25.63544
72,9,26.959011
73,0,0.0
73,1,4.325371
73,10,27.942299
73,11,28.648556
73,12,29.139015
73,13,29.468224
73,14,29.681767
73,15,29.815584
73,16,29.896582
73,17,29.943914
73,18,29.970615
73,19,29.985151
73,2,8.511212
73,20,29.992777
73,21,29.996637
73,22,29.998514
73,23,29.999393
73,24,29.999783
73,25,29.999947
73,26,30.000004
73,27,30.00002
73,28,30.000013
73,29,30.0
73,3,12.431286
73,4,15.983853
73,5,19.099178
73,6,21.742489
73,7,23.912365
73,8,25.635506
73,9,26.959076
74,0,0.0
74,1,4.325399
74,10,27.942463
74,11,28.648724
74,12,29.139183
74,13,29.468393
74,14,29.681936
74,15,29.815756
74,16,29.89675
74,17,29.944084
74,18,29.970785
74,19,29.985312
74,2,8.51127
74,20,29.992939
74,21,29.99679
74,22,29.998661
74,23,29.999527
74,24,29.999903
74,25,30.000046
74,26,30.000084
74,27,30.000072
74,28,30.00004
74,29,30.0
74,3,12.431368
74,4,15.983955
74,5,19.0993
74,6,21.742624
74,7,23.912514
74,8,25.635662
74,9,26.959236
75,0,0.0
75,1,4.3254676
75,10,27.942854
75,11,28.649122
75,12,29.139584
75,13,29.468796
75,14,29.68234
75,15,29.816158
75,16,29.897154
75,17,29.944485
75,18,29.97118
75,19,29.985706
75,2,8.511402
75,20,29.993319
75,21,29.997158
75,22,29.999008
75,23,29.999847
75,24,30.000187
75,25,30.000288
75,26,30.00027
75,27,30.000202
75,28,30.000107
75,29,30.0
75,3,12.4315605
75,4,15.984201
75,5,19.09959
75,6,21.742947
75,7,23.912867
75,8,25.636028
75,9,26.95962
76,0,0.0
76,1,4.3256245
76,10,27.943756
76,11,28.650038
76,12,29.140505
76,13,29.469725
76,14,29.68327
76,15,29.817091
76,16,29.898079
76,17,29.945408
76,18,29.972095
76,19,29.9866
76,2,8.511709
76,20,29.994194
76,21,29.998
76,22,29.999804
76,23,30.00058
76,24,30.000841
76,25,30.00084
76,26,30.00071
76,27,30.000504
76,28,30.00026
76,29,30.0
76,3,12.432005
76,4,15.984765
76,5,19.100254
76,6,21.74369
76,7,23.913666
76,8,25.636883
76,9,26.960499
77,0,0.0
77,1,4.3259706
77,10,27.945751
77,11,28.65206
77,12,29.142548
77,13,29.471775
77,14,29.685326
77,15,29.819141
77,16,29.90013
77,17,29.947445
77,18,29.97411
77,19,29.988586
77,2,8.512386
77,20,29.996126
77,21,29.99986
77,22,30.001562
77,23,30.002197
77,24,30.002281
77,25,30.002062
77,26,30.001669
77,27,30.001165
77,28,30.0006
77,29,30.0
77,3,12.432984
77,4,15.986009
77,5,19.10172
77,6,21.745333
77,7,23.91545
77,8,25.638756
77,9,26.962448
78,0,0.0
78,1,4.326708
78,10,27.949991
78,11,28.656364
78,12,29.14689
78,13,29.47614
78,14,29.689695
78,15,29.823513
78,16,29.904486
78,17,29.951777
78,18,29.9784
78,19,29.992805
78,2,8.51383
78,20,30.00024
78,21,30.003817
78,22,30.005295
78,23,30.005644
78,24,30.005344
78,25,30.004658
78,26,30.003704
78,27,30.002573
78,28,30.001316
78,29,30.0
78,3,12.435071
78,4,15.988661
78,5,19.10484
78,6,21.74883
78,7,23.91923
78,8,25.642754
78,9,26.96659
79,0,0.0
79,1,4.328225
79,10,27.958689
79,11,28.665192
79,12,29.155796
79,13,29.485085
79,14,29.698662
79,15,29.83247
79,16,29.913424
79,17,29.960655
79,18,29.987192
79,19,30.00145
79,2,8.516792
79,20,30.008669
79,21,30.011917
79,22,30.01296
79,23,30.012691
79,24,30.011627
79,25,30.009972
79,26,30.007889
79,27,30.005451
79,28,30.00279
79,29,30.0
79,3,12.439362
79,4,15.9941
79,5,19.11125
79,6,21.756004
79,7,23.926998
79,8,25.650946
79,9,26.975086
8,0,0.0
8,1,3.6887977
8,10,23.863647
8,11,24.470276
8,12,24.893269
8,13,25.178291
8,14,25.365767
8,15,25.487068
8,16,25.56733
8,17,25.62599
8,18,25.678461
8,19,25.739122
8,2,7.25952
8,20,25.820944
8,21,25.939905
8,22,26.11177
8,23,26.356915
8,24,26.693369
8,25,27.140005
8,26,27.705544
8,27,28.388575
8,28,29.166842
8,29,30.0
8,3,10.60353
8,4,13.63638
8,5,16.29596
8,6,18.555481
8,7,20.410326
8,8,21.885979
8,9,23.019512
80,0,0.0
80,1,4.331229
80,10,27.975883
80,11,28.682636
80,12,29.17339
80,13,29.502762
80,14,29.716368
80,15,29.850174
80,16,29.931068
80,17,29.978207
80,18,30.004555
80,19,30.018536
80,2,8.5226755
80,20,30.025307
80,21,30.027943
80,22,30.028076
80,23,30.02665
80,24,30.024023
80,25,30.020496
80,26,30.01614
80,27,30.011166
80,28,30.0057
80,29,30.0
80,3,12.447854
80,4,16.00489
80,5,19.12393
80,6,21.770216
80,7,23.942352
80,8,25.667156
80,9,26.99188
81,0,0.0
81,1,4.3369946
81,10,28.008652
81,11,28.715881
81,12,29.206913
81,13,29.536436
81,14,29.7501
81,15,29.883884
81,16,29.964691
81,17,30.01162
81,18,30.037643
81,19,30.051062
81,2,8.533927
81,20,30.05704
81,21,30.058441
81,22,30.05694
81,23,30.053207
81,24,30.04772
81,25,30.040535
81,26,30.031939
81,27,30.022041
81,28,30.011272
81,29,30.0
81,3,12.464135
81,4,16.025509
81,5,19.148197
81,6,21.79734
81,7,23.971695
81,8,25.69807
81,9,27.023922
82,0,0.0
82,1,4.347657
82,10,28.068943
82,11,28.776993
82,12,29.268536
82,13,29.59832
82,14,29.812084
82,15,29.945835
82,16,30.026447
82,17,30.073032
82,18,30.098412
82,19,30.110886
82,2,8.554785
82,20,30.115316
82,21,30.114597
82,22,30.10996
82,23,30.102186
82,24,30.091278
82,25,30.07755
82,26,30.060991
82,27,30.04216
82,28,30.021528
82,29,30.0
82,3,12.494215
82,4,16.063662
82,5,19.192963
82,6,21.847424
82,7,24.025726
82,8,25.755033
82,9,27.082857
83,0,0.0
83,1,4.366788
83,10,28.17594
83,11,28.88546
83,12,29.377829
83,13,29.70807
83,14,29.921993
83,15,30.05566
83,16,30.135975
83,17,30.181894
83,18,30.206242
83,19,30.216934
83,2,8.592089
83,20,30.21883
83,21,30.214184
83,22,30.204292
83,23,30.189125
83,24,30.16893
83,25,30.143341
83,26,30.112892
83,27,30.077957
83,28,30.03987
83,29,30.0
83,3,12.548094
83,4,16.13176
83,5,19.27293
83,6,21.936604
83,7,24.121979
83,8,25.856262
83,9,27.187614
84,0,0.0
84,1,4.3999367
84,10,28.359447
84,11,29.07125
84,12,29.56502
84,13,29.895947
84,14,30.110115
84,15,30.243656
84,16,30.323399
84,17,30.368307
84,18,30.390776
84,19,30.398693
84,2,8.656831
84,20,30.396072
84,21,30.38515
84,22,30.366
84,23,30.338722
84,24,30.30228
84,25,30.256844
84,26,30.20219
84,27,30.13985
84,28,30.071468
84,29,30.0
84,3,12.6412735
84,4,16.24961
84,5,19.41081
84,6,22.090387
84,7,24.287441
84,8,26.030258
84,9,27.367283
85,0,0.0
85,1,4.45574
85,10,28.66325
85,11,29.378761
85,12,29.874554
85,13,30.20657
85,14,30.421066
85,15,30.554333
85,16,30.63324
85,17,30.676369
85,18,30.69606
85,19,30.699215
85,2,8.765467
85,20,30.689732
85,21,30.66818
85,22,30.634577
85,23,30.58691
85,24,30.524475
85,25,30.445656
85,26,30.351461
85,27,30.243057
85,28,30.124401
85,29,30.0
85,3,12.797703
85,4,16.446674
85,5,19.641296
85,6,22.346481
85,7,24.562824
85,8,26.318998
85,9,27.665302
86,0,0.0
86,1,4.546709
86,10,29.149612
86,11,29.8703
86,12,30.369164
86,13,30.702593
86,14,30.917517
86,15,31.050362
86,16,31.127825
86,17,31.168453
86,18,31.183563
86,19,31.17987
86,2,8.942661
86,20,31.159237
86,21,31.121946
86,22,31.064981
86,23,30.986248
86,24,30.881762
86,25,30.750755
86,26,30.592371
86,27,30.410435
86,28,30.21004
86,29,30.0
86,3,13.051844
86,4,16.766573
86,5,20.013794
86,6,22.759846
86,7,25.00563
86,8,26.782785
86,9,28.142708
87,0,0.0
87,1,4.691095
87,10,29.901814
87,11,30.629963
87,12,31.132685
87,13,31.468048
87,14,31.683374
87,15,31.815418
87,16,31.89092
87,17,31.927563
87,18,31.936466
87,19,31.922117
87,2,9.222912
87,20,31.88591
87,21,31.824286
87,22,31.733606
87,23,31.606735
87,24,31.439636
87,25,31.227173
87,26,30.970568
87,27,30.672964
87,28,30.344965
87,29,30.0
87,3,13.453342
87,4,17.269478
87,5,20.598148
87,6,23.405191
87,7,25.695553
87,8,27.502718
87,9,28.88278
88,0,0.0
88,1,4.913874
88,10,31.02733
88,11,31.7645
88,12,32.272224
88,13,32.609573
88,14,32.825172
88,15,32.956017
88,16,33.028442
88,17,33.059986
88,18,33.059643
88,19,33.031353
88,2,9.654898
88,20,32.972206
88,21,32.877563
88,22,32.73712
88,23,32.542458
88,24,32.28194
88,25,31.950699
88,26,31.54542
88,27,31.074211
88,28,30.551014
88,29,30.0
88,3,14.069051
88,4,18.038366
88,5,21.486279
88,6,24.382801
88,7,26.735441
88,8,28.585175
88,9,29.991722
89,0,0.0
89,1,5.24987
89,10,32.655426
89,11,33.40351
89,12,33.91613
89,13,34.25544
89,14,34.470757
89,15,34.599552
89,16,34.668137
89,17,34.692375
89,18,34.680763
89,19,34.63299
89,2,10.303368
89,20,34.54487
89,21,34.4041
89,22,34.19802
89,23,33.907448
89,24,33.518295
89,25,33.015438
89,26,32.397144
89,27,31.669666
89,28,30.85836
89,29,30.0
89,3,14.989871
89,4,19.180155
89,5,22.79867
89,6,25.81769
89,7,28.255512
89,8,30.159658
89,9,31.600578
9,0,0.0
9,1,3.8809144
9,10,25.098047
9,11,25.736027
9,12,26.179508
9,13,26.478739
9,14,26.674461
9,15,26.800314
9,16,26.881771
9,17,26.93833
9,18,26.98537
9,19,27.034966
9,2,7.6366386
9,20,27.099213
9,21,27.188786
9,22,27.316978
9,23,27.495428
9,24,27.7379
9,25,28.053028
9,26,28.44678
9,27,28.914003
9,28,29.440594
9,29,30.0
9,3,11.155373
9,4,14.344226
9,5,17.14294
9,6,19.517612
9,7,21.469418
9,8,23.019405
9,9,24.21201
90,0,0.0
90,1,5.7455826
90,10,34.934868
90,11,35.69284
90,12,36.20986
90,13,36.54975
90,14,36.763783
90,15,36.88964
90,16,36.95278
90,17,36.96869
90,18,36.942184
90,19,36.871788
90,2,11.256568
90,20,36.74566
90,21,36.548695
90,22,36.255455
90,23,35.841824
90,24,35.277325
90,25,34.54255
90,26,33.62404
90,27,32.533928
90,28,31.305262
90,29,30.0
90,3,16.332632
90,4,20.833744
90,5,24.682365
90,6,27.864006
90,7,30.407898
90,8,32.379314
90,9,33.858456
91,0,0.0
91,1,6.465972
91,10,38.021706
91,11,38.78696
91,12,39.30464
91,13,39.64292
91,14,39.853714
91,15,39.97501
91,16,40.031967
91,17,40.037365
91,18,39.99515
91,19,39.897182
91,2,12.630884
91,20,39.729153
91,21,39.463158
91,22,39.06778
91,23,38.498447
91,24,37.714577
91,25,36.672962
91,26,35.353577
91,27,33.75994
91,28,31.944016
91,29,30.0
91,3,18.251568
91,4,23.169334
91,5,27.31717
91,6,30.697014
91,7,33.366333
91,8,35.409233
91,9,36.927715
92,0,0.0
92,1,7.5021667
92,10,42.068573
92,11,42.83168
92,12,43.344315
92,13,43.676094
92,14,43.88074
92,15,43.995846
92,16,44.04496
92,17,44.04017
92,18,43.980324
92,19,43.855686
92,2,14.588362
92,20,43.64108
92,21,43.30356
92,22,42.79121
92,23,42.04687
92,24,40.997566
92,25,39.579636
92,26,37.739483
92,27,35.47385
92,28,32.843685
92,29,30.0
92,3,20.944382
92,4,26.400188
92,5,30.908066
92,6,34.513557
92,7,37.309998
92,8,39.41967
92,9,40.965744
93,0,0.0
93,1,8.994028
93,10,47.20163
93,11,47.94844
93,12,48.444633
93,13,48.763344
93,14,48.957455
93,15,49.063824
93,16,49.104965
93,17,49.089447
93,18,49.015266
93,19,48.864826
93,2,17.358356
93,20,48.610188
93,21,48.20187
93,22,47.577778
93,23,46.6483
93,24,45.31382
93,25,43.45733
93,26,40.983723
93,27,37.84406
93,28,34.10751
93,29,30.0
93,3,24.677868
93,4,30.78297
93,5,35.69013
93,6,39.51361
93,7,42.4158
93,8,44.56211
93,9,46.11199
94,0,0.0
94,1,11.172632
94,10,53.503975
94,11,54.209923
94,12,54.675034
94,13,54.970505
94,14,55.14856
94,15,55.243782
94,16,55.276005
94,17,55.2529
94,18,55.167442
94,19,55.001514
94,2,21.294624
94,20,54.716568
94,21,54.258602
94,22,53.54155
94,23,52.455303
94,24,50.846863
94,25,48.540955
94,26,45.345245
94,27,41.12474
94,28,35.8991
94,29,30.0
94,3,29.814075
94,4,36.636124
94,5,41.9126
94,6,45.892612
94,7,48.82929
94,8,50.954647
94,9,52.45985
95,0,0.0
95,1,14.471983
95,10,60.98908
95,11,61.62384
95,12,62.037106
95,13,62.297707
95,14,62.45285
95,15,62.53377
95,16,62.55803
95,17,62.5298
95,18,62.44248
95,19,62.27262
95,2,26.974134
95,20,61.982628
95,21,61.506443
95,22,60.751255
95,23,59.57328
95,24,57.77795
95,25,55.09274
95,26,51.187584
95,27,45.717896
95,28,38.52281
95,29,30.0
95,3,36.87028
95,4,44.338745
95,5,49.831963
95,6,53.806217
95,7,56.646587
95,8,58.648598
95,9,60.0401
96,0,0.0
96,1,19.81253
96,10,69.58871
96,11,70.113815
96,12,70.453125
96,13,70.66497
96,14,70.79002
96,15,70.854
96,16,70.87046
96,17,70.84294
96,18,70.76244
96,19,70.60913
96,2,35.407364
96,20,70.342865
96,21,69.90299
96,22,69.18785
96,23,68.04672
96,24,66.23933
96,25,63.407043
96,26,59.010216
96,27,52.325325
96,28,42.6187
96,29,30.0
96,3,46.577274
96,4,54.326702
96,5,59.662918
96,6,63.33972
96,7,65.87164
96,8,67.6102
96,9,68.79309
97,0,0.0
97,1,29.436445
97,10,79.13842
97,11,79.51645
97,12,79.75841
97,13,79.90875
97,14,79.99674
97,15,80.04098
97,16,80.05124
97,17,80.02875
97,18,79.96738
97,19,79.8492
97,2,48.39619
97,20,79.64454
97,21,79.29991
97,22,78.73227
97,23,77.79976
97,24,76.27019
97,25,73.735435
97,26,69.47525
97,27,62.19332
97,28,49.749916
97,29,30.0
97,3,59.907265
97,4,66.99922
97,5,71.50253
97,6,74.43823
97,7,76.38684
97,8,77.689606
97,9,78.56091
98,0,0.0
98,1,49.5859
98,10,89.38489
98,11,89.58301
98,12,89.7094
98,13,89.78746
98,14,89.832985
98,15,89.85567
98,16,89.86039
98,17,89.848015
98,18,89.814316
98,19,89.75032
98,2,68.93387
98,20,89.63789
98,21,89.448135
98,22,89.12993
98,23,88.598
98,24,87.69505
98,25,86.11858
98,26,83.214386
98,27,77.39812
98,28,64.27532
98,29,30.0
98,3,77.80638
98,4,82.46597
98,5,85.16691
98,6,86.83776
98,7,87.91145
98,8,88.615555
98,9,89.07968
99,0,0.0
99,1,100.0
99,10,100.0
99,11,100.0
99,12,100.0
99,13,100.0
99,14,100.0
99,15,100.0
99,16,100.0
99,17,100.0
99,18,100.0
99,19,100.0
99,2,100.0
99,20,100.0
99,21,100.0
99,22,100.0
99,23,100.0
99,24,100.0
99,25,100.0
99,26,100.0
99,27,100.0
99,28,100.0
99,29,30.0
99,3,100.0
99,4,100.0
99,5,100.0
99,6,100.0
99,7,100.0
99,8,100.0
99,9,100.0
