0,0,0.0
0,1,0.0
0,10,0.0
0,11,0.0
0,12,0.0
0,13,0.0
0,14,0.0
0,15,30.0
0,2,0.0
0,3,0.0
0,4,0.0
0,5,0.0
0,6,0.0
0,7,0.0
0,8,0.0
0,9,0.0
1,0,0.0
1,1,0.6330068
1,10,5.1652308
1,11,5.9358726
1,12,7.2281227
1,13,9.73123
1,14,15.3395605
1,15,30.0
1,2,1.25035
1,3,1.8382415
1,4,2.3864677
1,5,2.8898594
1,6,3.34972
1,7,3.7756677
1,8,4.188839
1,9,4.6283255
10,0,0.0
10,1,11.108295
10,10,49.399532
10,11,47.781837
10,12,44.9971
10,13,40.992104
10,14,35.862072
10,15,30.0
10,2,21.171574
10,3,29.63841
10,4,36.3992
10,5,41.57739
10,6,45.368027
10,7,47.95092
10,8,49.453217
10,9,49.937115
11,0,0.0
11,1,14.533672
11,10,57.021152
11,11,54.88804
11,12,51.25571
11,13,45.86593
11,14,38.62638
11,15,30.0
11,2,27.096579
11,3,37.04444
11,4,44.538635
11,5,49.994804
11,6,53.815567
11,7,56.301678
11,8,57.63629
11,9,57.889126
12,0,0.0
12,1,19.93071
12,10,65.91178
12,11,63.49676
12,12,59.274414
12,13,52.591347
12,14,42.778458
12,15,30.0
12,2,35.63838
12,3,46.906693
12,4,54.719307
12,5,60.051403
12,6,63.601902
12,7,65.80831
12,8,66.90553
12,9,66.96615
13,0,0.0
13,1,29.551498
13,10,76.166115
13,11,73.91547
13,12,69.755936
13,13,62.44804
13,14,49.89685
13,15,30.0
13,2,48.620937
13,3,60.226673
13,4,67.38307
13,5,71.892624
13,6,74.73565
13,7,76.42763
13,8,77.21488
13,9,77.161545
14,0,0.0
14,1,49.654858
14,10,87.67782
14,11,86.2449
14,12,83.38728
14,13,77.54906
14,14,64.361404
14,15,30.0
14,2,69.06818
14,3,77.997406
14,4,82.6955
14,5,85.40245
14,6,87.02275
14,7,87.9541
14,8,88.36727
14,9,88.30136
15,0,0.0
15,1,100.0
15,10,100.0
15,11,100.0
15,12,100.0
15,13,100.0
15,14,100.0
15,15,30.0
15,2,100.0
15,3,100.0
15,4,100.0
15,5,100.0
15,6,100.0
15,7,100.0
15,8,100.0
15,9,100.0
2,0,0.0
2,1,1.2818987
2,10,10.097681
2,11,11.350958
2,12,13.24604
2,13,16.35769
2,14,21.627247
2,15,30.0
2,2,2.5305846
2,3,3.716777
2,4,4.818566
2,5,5.824184
2,6,6.7343807
2,7,7.565193
2,8,8.352448
2,9,9.160276
3,0,0.0
3,1,1.9644381
3,10,14.716136
3,11,16.125858
3,12,18.048674
3,13,20.827137
3,14,24.812187
3,15,30.0
3,2,3.8741667
3,3,5.6809506
3,4,7.348403
3,5,8.8557625
3,6,10.200451
3,7,11.400401
3,8,12.497622
3,9,13.564703
4,0,0.0
4,1,2.702322
4,10,19.079037
4,11,20.390018
4,12,21.99753
4,13,24.091288
4,14,26.795033
4,15,30.0
4,2,5.3219347
4,3,7.786258
4,4,10.040614
4,5,12.052687
4,6,13.814207
4,7,15.341434
4,8,16.676048
4,9,17.887768
5,0,0.0
5,1,3.5237246
5,10,23.325718
5,11,24.36067
5,12,25.462524
5,13,26.747112
5,14,28.2775
5,15,30.0
5,2,6.9265833
5,3,10.103831
5,4,12.978032
5,5,15.503572
5,6,17.666023
5,7,19.479042
5,8,20.981342
5,9,22.235111
6,0,0.0
6,1,4.466952
6,10,27.632189
6,11,28.267958
6,12,28.74761
6,13,29.159094
6,14,29.568861
6,15,30.0
6,2,8.758715
6,3,12.727175
6,4,16.267553
6,5,19.321585
6,6,21.871723
6,7,23.932037
6,8,25.539871
6,9,26.750114
7,0,0.0
7,1,5.5864334
7,10,32.189545
7,11,32.33534
7,12,32.103996
7,13,31.574976
7,14,30.839966
7,15,30.0
7,2,10.916246
7,3,15.781623
7,4,20.047262
7,5,23.647982
7,6,26.5722
7,7,28.842733
7,8,30.501217
7,9,31.598326
8,0,0.0
8,1,6.9636707
8,10,37.19722
8,11,36.784042
8,12,35.761402
8,13,34.19916
8,14,32.2172
8,15,30.0
8,2,13.54043
8,3,19.439026
8,4,24.495972
8,5,28.65565
8,6,31.931637
8,7,34.371006
8,8,36.029488
8,9,36.957756
9,0,0.0
9,1,8.728971
9,10,42.862465
9,11,41.846497
9,12,39.961777
9,13,37.24541
9,14,33.83088
9,15,30.0
9,2,16.845034
9,3,23.941345
9,4,29.84609
9,5,34.551865
9,6,38.13303
9,7,40.685776
9,8,42.29361
9,9,43.01142
