0,0,0.0
0,1,0.0
0,10,0.0
0,11,0.0
0,12,0.0
0,13,0.0
0,14,0.0
0,15,30.0
0,2,0.0
0,3,0.0
0,4,0.0
0,5,0.0
0,6,0.0
0,7,0.0
0,8,0.0
0,9,0.0
1,0,0.0
1,1,0.6346469
1,10,5.1722016
1,11,5.941868
1,12,7.232873
1,13,9.734523
1,14,15.341245
1,15,30.0
1,2,1.2535613
1,3,1.8428891
1,4,2.392355
1,5,2.8967364
1,6,3.3572917
1,7,3.7836075
1,8,4.196801
1,9,4.6359615
10,0,0.0
10,1,11.115591
10,10,49.430508
10,11,47.808475
10,12,45.018208
10,13,41.006725
10,14,35.869553
10,15,30.0
10,2,21.18586
10,3,29.659079
10,4,36.425385
10,5,41.607964
10,6,45.401695
10,7,47.986214
10,8,49.488613
10,9,49.971046
11,0,0.0
11,1,14.539978
11,10,57.047924
11,11,54.911057
11,12,51.273952
11,13,45.87857
11,14,38.632843
11,15,30.0
11,2,27.108925
11,3,37.062313
11,4,44.561264
11,5,50.021236
11,6,53.84466
11,7,56.332188
11,8,57.666878
11,9,57.918453
12,0,0.0
12,1,19.935726
12,10,65.933075
12,11,63.515076
12,12,59.288925
12,13,52.601395
12,14,42.783604
12,15,30.0
12,2,35.6482
12,3,46.92091
12,4,54.737316
12,5,60.072433
12,6,63.625053
12,7,65.83259
12,8,66.92987
12,9,66.98949
13,0,0.0
13,1,29.554985
13,10,76.180916
13,11,73.9282
13,12,69.76602
13,13,62.455032
13,14,49.90042
13,15,30.0
13,2,48.627766
13,3,60.236553
13,4,67.39559
13,5,71.90724
13,6,74.75174
13,7,76.4445
13,8,77.2318
13,9,77.17776
14,0,0.0
14,1,49.656643
14,10,87.68541
14,11,86.251434
14,12,83.392456
14,13,77.55263
14,14,64.363235
14,15,30.0
14,2,69.07167
14,3,78.00247
14,4,82.70192
14,5,85.40994
14,6,87.031
14,7,87.962746
14,8,88.37594
14,9,88.30967
15,0,0.0
15,1,100.0
15,10,100.0
15,11,100.0
15,12,100.0
15,13,100.0
15,14,100.0
15,15,30.0
15,2,100.0
15,3,100.0
15,4,100.0
15,5,100.0
15,6,100.0
15,7,100.0
15,8,100.0
15,9,100.0
2,0,0.0
2,1,1.2851168
2,10,10.111359
2,11,11.3627205
2,12,13.255362
2,13,16.36415
2,14,21.63055
2,15,30.0
2,2,2.536886
2,3,3.7258961
2,4,4.830117
2,5,5.8376765
2,6,6.7492375
2,7,7.5807714
2,8,8.368072
2,9,9.175257
3,0,0.0
3,1,1.969111
3,10,14.735992
3,11,16.142937
3,12,18.062206
3,13,20.836514
3,14,24.816986
3,15,30.0
3,2,3.883316
3,3,5.694192
3,4,7.3651757
3,5,8.875354
3,6,10.222022
3,7,11.423021
3,8,12.520306
3,9,13.586454
4,0,0.0
4,1,2.7082675
4,10,19.104301
4,11,20.411747
4,12,22.014748
4,13,24.103218
4,14,26.801136
4,15,30.0
4,2,5.3335767
4,3,7.8031054
4,4,10.061955
4,5,12.077612
4,6,13.841652
4,7,15.370213
4,8,16.704908
4,9,17.915442
5,0,0.0
5,1,3.5307064
5,10,23.355377
5,11,24.386177
5,12,25.482738
5,13,26.76112
5,14,28.284668
5,15,30.0
5,2,6.9402537
5,3,10.123615
5,4,13.003091
5,5,15.532845
5,6,17.698252
5,7,19.512835
5,8,21.015228
5,9,22.267601
6,0,0.0
6,1,4.474685
6,10,27.66504
6,11,28.29621
6,12,28.769997
6,13,29.174606
6,14,29.576797
6,15,30.0
6,2,8.773857
6,3,12.749086
6,4,16.295307
6,5,19.354004
6,6,21.907417
6,7,23.969465
6,8,25.577402
6,9,26.786098
7,0,0.0
7,1,5.594594
7,10,32.2242
7,11,32.365143
7,12,32.127613
7,13,31.591343
7,14,30.848335
7,15,30.0
7,2,10.932224
7,3,15.804745
7,4,20.07655
7,5,23.682192
7,6,26.609865
7,7,28.882225
7,8,30.54081
7,9,31.636292
8,0,0.0
8,1,6.9719067
8,10,37.23219
8,11,36.81412
8,12,35.785233
8,13,34.215675
8,14,32.22565
8,15,30.0
8,2,13.556556
8,3,19.46236
8,4,24.52553
8,5,28.690174
8,6,31.969645
8,7,34.410854
8,8,36.069447
8,9,36.996067
9,0,0.0
9,1,8.7369175
9,10,42.896202
9,11,41.875515
9,12,39.98477
9,13,37.261345
9,14,33.839027
9,15,30.0
9,2,16.860592
9,3,23.963863
9,4,29.874609
9,5,34.585175
9,6,38.169693
9,7,40.724228
9,8,42.332153
9,9,43.048386
