0,0,0.0
0,1,0.0
0,10,0.0
0,11,0.0
0,12,0.0
0,13,0.0
0,14,0.0
0,15,30.0
0,2,0.0
0,3,0.0
0,4,0.0
0,5,0.0
0,6,0.0
0,7,0.0
0,8,0.0
0,9,0.0
1,0,0.0
1,1,0.6356734
1,10,5.176491
1,11,5.945549
1,12,7.235786
1,13,9.736538
1,14,15.342276
1,15,30.0
1,2,1.2555695
1,3,1.845792
1,4,2.3960261
1,5,2.9010162
1,6,3.3619933
1,7,3.7885265
1,8,4.201722
1,9,4.640669
10,0,0.0
10,1,11.119911
10,10,49.448555
10,11,47.823963
10,12,45.030464
10,13,41.015213
10,14,35.87389
10,15,30.0
10,2,21.19431
10,3,29.671297
10,4,36.440834
10,5,41.625977
10,6,45.421482
10,7,48.006912
10,8,49.509315
10,9,49.990852
11,0,0.0
11,1,14.543688
11,10,57.063427
11,11,54.924366
11,12,51.28448
11,13,45.885857
11,14,38.636574
11,15,30.0
11,2,27.116186
11,3,37.072807
11,4,44.574535
11,5,50.036713
11,6,53.86166
11,7,56.349968
11,8,57.68467
11,9,57.93547
12,0,0.0
12,1,19.938665
12,10,65.94535
12,11,63.52561
12,12,59.297264
12,13,52.60717
12,14,42.78655
12,15,30.0
12,2,35.65395
12,3,46.92922
12,4,54.747826
12,5,60.084682
12,6,63.638515
12,7,65.846664
12,8,66.943954
12,9,67.00295
13,0,0.0
13,1,29.557022
13,10,76.189415
13,11,73.93549
13,12,69.77179
13,13,62.459023
13,14,49.902462
13,15,30.0
13,2,48.631744
13,3,60.242306
13,4,67.40287
13,5,71.91572
13,6,74.761055
13,7,76.454254
13,8,77.24155
13,9,77.18709
14,0,0.0
14,1,49.65768
14,10,87.68975
14,11,86.25516
14,12,83.3954
14,13,77.55467
14,14,64.36428
14,15,30.0
14,2,69.07371
14,3,78.00541
14,4,82.705635
14,5,85.414276
14,6,87.03577
14,7,87.96773
14,8,88.38093
14,9,88.31444
15,0,0.0
15,1,100.0
15,10,100.0
15,11,100.0
15,12,100.0
15,13,100.0
15,14,100.0
15,15,30.0
15,2,100.0
15,3,100.0
15,4,100.0
15,5,100.0
15,6,100.0
15,7,100.0
15,8,100.0
15,9,100.0
2,0,0.0
2,1,1.2871256
2,10,10.119751
2,11,11.369926
2,12,13.261062
2,13,16.368093
2,14,21.632568
2,15,30.0
2,2,2.5408165
2,3,3.7315774
2,4,4.8373027
2,5,5.846053
2,6,6.75844
2,7,7.590398
2,8,8.377703
2,9,9.184471
3,0,0.0
3,1,1.9720163
3,10,14.748132
3,11,16.153355
3,12,18.07045
3,13,20.842216
3,14,24.819902
3,15,30.0
3,2,3.8890004
3,3,5.702409
3,4,7.3755665
3,5,8.887468
3,6,10.23533
3,7,11.436943
3,8,12.534233
3,9,13.599779
4,0,0.0
4,1,2.711944
4,10,19.119661
4,11,20.424934
4,12,22.025177
4,13,24.110437
4,14,26.804827
4,15,30.0
4,2,5.3407707
4,3,7.8135033
4,4,10.075108
4,5,12.092942
4,6,13.858496
4,7,15.387833
4,8,16.722534
4,9,17.932304
5,0,0.0
5,1,3.5349965
5,10,23.373302
5,11,24.401562
5,12,25.49491
5,13,26.769543
5,14,28.288973
5,15,30.0
5,2,6.9486465
5,3,10.135748
5,4,13.018435
5,5,15.550732
5,6,17.717901
5,7,19.53339
5,8,21.035795
5,9,22.287273
6,0,0.0
6,1,4.4794025
6,10,27.684744
6,11,28.31313
6,12,28.783379
6,13,29.183872
6,14,29.581532
6,15,30.0
6,2,8.783087
6,3,12.762426
6,4,16.312181
6,5,19.373672
6,6,21.929024
6,7,23.992073
6,8,25.600014
6,9,26.807735
7,0,0.0
7,1,5.599534
7,10,32.244843
7,11,32.38286
7,12,32.141632
7,13,31.60104
7,14,30.853294
7,15,30.0
7,2,10.941889
7,3,15.818715
7,4,20.09422
7,5,23.702787
7,6,26.632492
7,7,28.905893
7,8,30.564495
7,9,31.658949
8,0,0.0
8,1,6.976854
8,10,37.252853
8,11,36.831863
8,12,35.799267
8,13,34.22539
8,14,32.230614
8,15,30.0
8,2,13.566234
8,3,19.476353
8,4,24.543224
8,5,28.7108
8,6,31.992302
8,7,34.43456
8,8,36.09316
8,9,37.01876
9,0,0.0
9,1,8.741654
9,10,42.915997
9,11,41.8925
9,12,39.998215
9,13,37.270645
9,14,33.84379
9,15,30.0
9,2,16.869862
9,3,23.97726
9,4,29.891554
9,5,34.604923
9,6,38.1914
9,7,40.746925
9,8,42.354866
9,9,43.07011
