0,0,0.0
0,1,0.0
0,10,0.0
0,11,0.0
0,12,0.0
0,13,0.0
0,14,0.0
0,15,30.0
0,2,0.0
0,3,0.0
0,4,0.0
0,5,0.0
0,6,0.0
0,7,0.0
0,8,0.0
0,9,0.0
1,0,0.0
1,1,0.63568485
1,10,5.1765385
1,11,5.9455905
1,12,7.235819
1,13,9.736561
1,14,15.342288
1,15,30.0
1,2,1.2555921
1,3,1.8458245
1,4,2.3960671
1,5,2.9010644
1,6,3.3620462
1,7,3.7885818
1,8,4.201777
1,9,4.6407223
10,0,0.0
10,1,11.119959
10,10,49.448757
10,11,47.824135
10,12,45.030594
10,13,41.015305
10,14,35.87394
10,15,30.0
10,2,21.194403
10,3,29.67143
10,4,36.441006
10,5,41.62618
10,6,45.421696
10,7,48.007145
10,8,49.50955
10,9,49.991074
11,0,0.0
11,1,14.543728
11,10,57.0636
11,11,54.92451
11,12,51.2846
11,13,45.885933
11,14,38.636612
11,15,30.0
11,2,27.116264
11,3,37.072918
11,4,44.574684
11,5,50.036877
11,6,53.86185
11,7,56.350166
11,8,57.68487
11,9,57.935658
12,0,0.0
12,1,19.938696
12,10,65.94548
12,11,63.52573
12,12,59.297348
12,13,52.607227
12,14,42.78658
12,15,30.0
12,2,35.65401
12,3,46.929306
12,4,54.747932
12,5,60.08482
12,6,63.638657
12,7,65.84682
12,8,66.94411
12,9,67.00311
13,0,0.0
13,1,29.557045
13,10,76.189514
13,11,73.93558
13,12,69.77185
13,13,62.459064
13,14,49.902485
13,15,30.0
13,2,48.63179
13,3,60.24237
13,4,67.40295
13,5,71.91581
13,6,74.761154
13,7,76.454346
13,8,77.24165
13,9,77.18719
14,0,0.0
14,1,49.657692
14,10,87.689804
14,11,86.2552
14,12,83.39544
14,13,77.5547
14,14,64.364296
14,15,30.0
14,2,69.07373
14,3,78.00545
14,4,82.70567
14,5,85.41432
14,6,87.03581
14,7,87.96779
14,8,88.380974
14,9,88.31449
15,0,0.0
15,1,100.0
15,10,100.0
15,11,100.0
15,12,100.0
15,13,100.0
15,14,100.0
15,15,30.0
15,2,100.0
15,3,100.0
15,4,100.0
15,5,100.0
15,6,100.0
15,7,100.0
15,8,100.0
15,9,100.0
2,0,0.0
2,1,1.2871482
2,10,10.119845
2,11,11.370008
2,12,13.261126
2,13,16.368141
2,14,21.632591
2,15,30.0
2,2,2.5408604
2,3,3.731641
2,4,4.8373837
2,5,5.846147
2,6,6.758544
2,7,7.590506
2,8,8.377811
2,9,9.184574
3,0,0.0
3,1,1.9720488
3,10,14.748269
3,11,16.153473
3,12,18.070545
3,13,20.842281
3,14,24.819935
3,15,30.0
3,2,3.8890643
3,3,5.7025003
3,4,7.3756833
3,5,8.887605
3,6,10.235479
3,7,11.437099
3,8,12.5343895
3,9,13.59993
4,0,0.0
4,1,2.7119856
4,10,19.119835
4,11,20.425083
4,12,22.025295
4,13,24.11052
4,14,26.804867
4,15,30.0
4,2,5.340851
4,3,7.81362
4,4,10.0752535
4,5,12.093115
4,6,13.858684
4,7,15.388031
4,8,16.722733
4,9,17.932495
5,0,0.0
5,1,3.5350442
5,10,23.373503
5,11,24.401735
5,12,25.495049
5,13,26.769638
5,14,28.289022
5,15,30.0
5,2,6.948741
5,3,10.135883
5,4,13.018606
5,5,15.55093
5,6,17.71812
5,7,19.53362
5,8,21.036026
5,9,22.287495
6,0,0.0
6,1,4.479455
6,10,27.684963
6,11,28.31332
6,12,28.783527
6,13,29.183975
6,14,29.581585
6,15,30.0
6,2,8.78319
6,3,12.762575
6,4,16.312368
6,5,19.373892
6,6,21.929266
6,7,23.992325
6,8,25.600267
6,9,26.807978
7,0,0.0
7,1,5.599589
7,10,32.245075
7,11,32.383057
7,12,32.14179
7,13,31.60115
7,14,30.853352
7,15,30.0
7,2,10.941997
7,3,15.8188715
7,4,20.094416
7,5,23.703014
7,6,26.632744
7,7,28.90616
7,8,30.564758
7,9,31.659203
8,0,0.0
8,1,6.976909
8,10,37.25309
8,11,36.83206
8,12,35.799423
8,13,34.2255
8,14,32.230667
8,15,30.0
8,2,13.566342
8,3,19.47651
8,4,24.543419
8,5,28.711031
8,6,31.992556
8,7,34.434826
8,8,36.093426
8,9,37.019012
9,0,0.0
9,1,8.741707
9,10,42.916214
9,11,41.892693
9,12,39.998363
9,13,37.27075
9,14,33.843838
9,15,30.0
9,2,16.869965
9,3,23.97741
9,4,29.891743
9,5,34.605145
9,6,38.191643
9,7,40.747177
9,8,42.355125
9,9,43.070354
