0,0,0.0
0,1,0.0
0,10,0.0
0,11,0.0
0,12,0.0
0,13,0.0
0,14,0.0
0,15,30.0
0,2,0.0
0,3,0.0
0,4,0.0
0,5,0.0
0,6,0.0
0,7,0.0
0,8,0.0
0,9,0.0
1,0,0.0
1,1,0.6355138
1,10,5.175826
1,11,5.9449787
1,12,7.235335
1,13,9.736226
1,14,15.342116
1,15,30.0
1,2,1.2552574
1,3,1.8453407
1,4,2.3954558
1,5,2.9003515
1,6,3.3612638
1,7,3.7877629
1,8,4.200959
1,9,4.6399384
10,0,0.0
10,1,11.119246
10,10,49.44578
10,11,47.821587
10,12,45.028587
10,13,41.01391
10,14,35.873226
10,15,30.0
10,2,21.193007
10,3,29.669416
10,4,36.438457
10,5,41.623207
10,6,45.418434
10,7,48.00373
10,8,49.506134
10,9,49.987816
11,0,0.0
11,1,14.543117
11,10,57.061058
11,11,54.922325
11,12,51.282867
11,13,45.884743
11,14,38.636
11,15,30.0
11,2,27.115068
11,3,37.07119
11,4,44.5725
11,5,50.034332
11,6,53.859047
11,7,56.347237
11,8,57.681942
11,9,57.932858
12,0,0.0
12,1,19.938213
12,10,65.94347
12,11,63.524002
12,12,59.29599
12,13,52.606285
12,14,42.7861
12,15,30.0
12,2,35.65307
12,3,46.927944
12,4,54.74621
12,5,60.0828
12,6,63.636444
12,7,65.8445
12,8,66.941795
12,9,67.0009
13,0,0.0
13,1,29.55671
13,10,76.188126
13,11,73.93438
13,12,69.77092
13,13,62.458416
13,14,49.902153
13,15,30.0
13,2,48.631134
13,3,60.24142
13,4,67.40175
13,5,71.91441
13,6,74.75963
13,7,76.45275
13,8,77.24005
13,9,77.18565
14,0,0.0
14,1,49.657524
14,10,87.68909
14,11,86.25459
14,12,83.39496
14,13,77.55437
14,14,64.36412
14,15,30.0
14,2,69.073395
14,3,78.00497
14,4,82.70506
14,5,85.413605
14,6,87.035034
14,7,87.966965
14,8,88.380165
14,9,88.313705
15,0,0.0
15,1,100.0
15,10,100.0
15,11,100.0
15,12,100.0
15,13,100.0
15,14,100.0
15,15,30.0
15,2,100.0
15,3,100.0
15,4,100.0
15,5,100.0
15,6,100.0
15,7,100.0
15,8,100.0
15,9,100.0
2,0,0.0
2,1,1.2868135
2,10,10.11845
2,11,11.368811
2,12,13.2601795
2,13,16.367485
2,14,21.632256
2,15,30.0
2,2,2.540206
2,3,3.730695
2,4,4.836187
2,5,5.8447533
2,6,6.7570114
2,7,7.5889053
2,8,8.376208
2,9,9.1830435
3,0,0.0
3,1,1.971565
3,10,14.746253
3,11,16.151745
3,12,18.069176
3,13,20.841337
3,14,24.81945
3,15,30.0
3,2,3.888118
3,3,5.7011333
3,4,7.373955
3,5,8.885589
3,6,10.233268
3,7,11.434784
3,8,12.532076
3,9,13.597715
4,0,0.0
4,1,2.7113738
4,10,19.117287
4,11,20.422895
4,12,22.023567
4,13,24.109324
4,14,26.804256
4,15,30.0
4,2,5.339655
4,3,7.811891
4,4,10.073068
4,5,12.090567
4,6,13.855885
4,7,15.385103
4,8,16.719805
4,9,17.929695
5,0,0.0
5,1,3.5343318
5,10,23.370533
5,11,24.399187
5,12,25.493032
5,13,26.768244
5,14,28.28831
5,15,30.0
5,2,6.9473467
5,3,10.133869
5,4,13.016058
5,5,15.54796
5,6,17.71486
5,7,19.530209
5,8,21.032612
5,9,22.284233
6,0,0.0
6,1,4.478672
6,10,27.681702
6,11,28.310518
6,12,28.781315
6,13,29.182442
6,14,29.580803
6,15,30.0
6,2,8.781658
6,3,12.760364
6,4,16.30957
6,5,19.370632
6,6,21.925686
6,7,23.988577
6,8,25.59652
6,9,26.804394
7,0,0.0
7,1,5.59877
7,10,32.24166
7,11,32.380127
7,12,32.13947
7,13,31.599548
7,14,30.852531
7,15,30.0
7,2,10.940395
7,3,15.816557
7,4,20.09149
7,5,23.699604
7,6,26.628998
7,7,28.90224
7,8,30.56084
7,9,31.655453
8,0,0.0
8,1,6.97609
8,10,37.249676
8,11,36.829132
8,12,35.79711
8,13,34.223896
8,14,32.22985
8,15,30.0
8,2,13.56474
8,3,19.474194
8,4,24.540493
8,5,28.707619
8,6,31.98881
8,7,34.43091
8,8,36.089508
8,9,37.015266
9,0,0.0
9,1,8.740923
9,10,42.912956
9,11,41.889893
9,12,39.99615
9,13,37.26922
9,14,33.843056
9,15,30.0
9,2,16.868431
9,3,23.975193
9,4,29.888943
9,5,34.60188
9,6,38.188057
9,7,40.74343
9,8,42.351376
9,9,43.066772
