0,0,0.0
0,1,0.0
0,10,0.0
0,11,0.0
0,12,0.0
0,13,0.0
0,14,0.0
0,15,0.0
0,16,0.0
0,17,0.0
0,18,0.0
0,19,0.0
0,2,0.0
0,20,0.0
0,21,0.0
0,22,0.0
0,23,0.0
0,24,0.0
0,25,0.0
0,26,0.0
0,27,0.0
0,28,0.0
0,29,30.0
0,3,0.0
0,4,0.0
0,5,0.0
0,6,0.0
0,7,0.0
0,8,0.0
0,9,0.0
1,0,0.0
1,1,0.6313369
1,10,4.0672555
1,11,4.168819
1,12,4.2395873
1,13,4.2872696
1,14,4.3191404
1,15,4.3408136
1,16,4.3572817
1,17,4.3730583
1,18,4.392823
1,19,4.4227824
1,2,1.2423084
1,20,4.4712873
1,21,4.552087
1,22,4.6865606
1,23,4.912401
1,24,5.2960362
1,25,5.9682655
1,26,7.208474
1,27,9.696703
1,28,15.315668
1,29,30.0
1,3,1.813862
1,4,2.3318331
1,5,2.7850585
1,6,3.1696153
1,7,3.4842577
1,8,3.7341313
1,9,3.9252374
10,0,0.0
10,1,4.0671053
10,10,26.14505
10,11,26.792587
10,12,27.23977
10,13,27.53902
10,14,27.732792
10,15,27.855453
10,16,27.932674
10,17,27.983534
10,18,28.022373
10,19,28.059769
10,2,8.000863
10,20,28.10545
10,21,28.167255
10,22,28.254513
10,23,28.374626
10,24,28.53638
10,25,28.744358
10,26,29.00169
10,27,29.304024
10,28,29.642262
10,29,30.0
10,3,11.682053
10,4,15.012654
10,5,17.928865
10,6,20.396433
10,7,22.417362
10,8,24.016024
10,9,25.240175
11,0,0.0
11,1,4.168488
11,10,26.79233
11,11,27.45473
11,12,27.912691
11,13,28.218405
11,14,28.416275
11,15,28.540707
11,16,28.617926
11,17,28.667
11,18,28.701471
11,19,28.731665
11,2,8.200811
11,20,28.764969
11,21,28.808533
11,22,28.86771
11,23,28.948833
11,24,29.055832
11,25,29.192856
11,26,29.35987
11,27,29.555092
11,28,29.771587
11,29,30.0
11,3,11.972986
11,4,15.387194
11,5,18.374628
11,6,20.904041
11,7,22.973568
11,8,24.612095
11,9,25.86511
12,0,0.0
12,1,4.2388926
12,10,27.23904
12,11,27.912304
12,12,28.377089
12,13,28.687529
12,14,28.887924
12,15,29.013548
12,16,29.090628
12,17,29.138102
12,18,29.169441
12,19,29.1938
12,2,8.338805
12,20,29.218296
12,21,29.247782
12,22,29.28712
12,23,29.339453
12,24,29.408403
12,25,29.495213
12,26,29.600815
12,27,29.722912
12,28,29.858019
12,29,30.0
12,3,12.174915
12,4,15.64568
12,5,18.683718
12,6,21.254366
12,7,23.358776
12,8,25.023468
12,9,26.297405
13,0,0.0
13,1,4.285829
13,10,27.537432
13,11,28.217354
13,12,28.686996
13,13,29.000269
13,14,29.202435
13,15,29.328724
13,16,29.405594
13,17,29.45197
13,18,29.480843
13,19,29.501282
13,2,8.43141
13,20,29.51918
13,21,29.539192
13,22,29.564253
13,23,29.597332
13,24,29.639896
13,25,29.693531
13,26,29.757908
13,27,29.832325
13,28,29.914097
13,29,30.0
13,3,12.309533
13,4,15.818998
13,5,18.889778
13,6,21.488972
13,7,23.615585
13,8,25.29859
13,9,26.5856
14,0,0.0
14,1,4.3162746
14,10,27.729546
14,11,28.41406
14,12,28.886528
14,13,29.20176
14,14,29.404924
14,15,29.531635
14,16,29.60834
14,17,29.653854
14,18,29.681162
14,19,29.698748
14,2,8.491032
14,20,29.712433
14,21,29.725803
14,22,29.741718
14,23,29.761747
14,24,29.787477
14,25,29.81929
14,26,29.85757
14,27,29.901379
14,28,29.949558
14,29,30.0
14,3,12.396797
14,4,15.930583
14,5,19.023195
14,6,21.640018
14,7,23.78162
14,8,25.475721
14,9,26.771664
15,0,0.0
15,1,4.3351994
15,10,27.84924
15,11,28.53634
15,12,29.010704
15,13,29.327013
15,14,29.530838
15,15,29.65777
15,16,29.734322
15,17,29.779324
15,18,29.805511
15,19,29.82137
15,2,8.528385
15,20,29.83218
15,21,29.841496
15,22,29.851357
15,23,29.86339
15,24,29.87829
15,25,29.896759
15,26,29.918648
15,27,29.943779
15,28,29.97123
15,29,30.0
15,3,12.45104
15,4,16.000422
15,5,19.106129
15,6,21.734413
15,7,23.884827
15,8,25.586243
15,9,26.887323
16,0,0.0
16,1,4.346655
16,10,27.921057
16,11,28.609837
16,12,29.085213
16,13,29.402222
16,14,29.606392
16,15,29.733452
16,16,29.809914
16,17,29.854548
16,18,29.880104
16,19,29.89481
16,2,8.5507965
16,20,29.903948
16,21,29.910648
16,22,29.916965
16,23,29.92397
16,24,29.932503
16,25,29.94278
16,26,29.955013
16,27,29.968897
16,28,29.984112
16,29,30.0
16,3,12.483849
16,4,16.042322
16,5,19.156218
16,6,21.79105
16,7,23.947056
16,8,25.652552
16,9,26.95694
17,0,0.0
17,1,4.3532867
17,10,27.962746
17,11,28.652391
17,12,29.128403
17,13,29.445766
17,14,29.650154
17,15,29.777273
17,16,29.853668
17,17,29.898106
17,18,29.92324
17,19,29.937319
17,2,8.56389
17,20,29.945408
17,21,29.950645
17,22,29.954786
17,23,29.958965
17,24,29.963678
17,25,29.969313
17,26,29.975876
17,27,29.983356
17,28,29.99149
17,29,30.0
17,3,12.50284
17,4,16.066774
17,5,19.185215
17,6,21.82404
17,7,23.98308
17,8,25.691105
17,9,26.997244
18,0,0.0
18,1,4.357028
18,10,27.986023
18,11,28.676203
18,12,29.152527
18,13,29.470108
18,14,29.674595
18,15,29.80175
18,16,29.878107
18,17,29.922417
18,18,29.947342
18,19,29.961025
18,2,8.571201
18,20,29.96856
18,21,29.972921
18,22,29.975899
18,23,29.978418
18,24,29.98106
18,25,29.984035
18,26,29.98749
18,27,29.991364
18,28,29.995594
18,29,30.0
18,3,12.513546
18,4,16.08043
18,5,19.201532
18,6,21.842464
18,7,24.003311
18,8,25.712637
18,9,27.019835
19,0,0.0
19,1,4.359042
19,10,27.998594
19,11,28.689022
19,12,29.165535
19,13,29.483212
19,14,29.687763
19,15,29.814932
19,16,29.891266
19,17,29.935516
19,18,29.960306
19,19,29.9738
19,2,8.57518
19,20,29.981005
19,21,29.984924
19,22,29.987232
19,23,29.988895
19,24,29.99038
19,25,29.991959
19,26,29.99371
19,27,29.995672
19,28,29.997787
19,29,30.0
19,3,12.51931
19,4,16.087849
19,5,19.210318
19,6,21.852455
19,7,24.014204
19,8,25.724287
19,9,27.031998
2,0,0.0
2,1,1.2423083
2,10,8.001147
2,11,8.201425
2,12,8.340116
2,13,8.434084
2,14,8.496415
2,15,8.538814
2,16,8.570659
2,17,8.600558
2,18,8.637698
2,19,8.692795
2,2,2.4438848
2,20,8.7818985
2,21,8.927816
2,22,9.168451
2,23,9.563021
2,24,10.213264
2,25,11.292085
2,26,13.110328
2,27,16.221937
2,28,21.5456
2,29,30.0
2,3,3.5691319
2,4,4.5872126
2,5,5.4799285
2,6,6.235308
2,7,6.855337
2,8,7.34583
2,9,7.7225757
20,0,0.0
20,1,4.3601
20,10,28.005117
20,11,28.695694
20,12,29.172287
20,13,29.490023
20,14,29.6946
20,15,29.821775
20,16,29.898098
20,17,29.942308
20,18,29.967045
20,19,29.980421
20,2,8.577246
20,20,29.987476
20,21,29.99114
20,22,29.993124
20,23,29.994316
20,24,29.99522
20,25,29.996054
20,26,29.99694
20,27,29.997896
20,28,29.998928
20,29,30.0
20,3,12.522333
20,4,16.091698
20,5,19.214916
20,6,21.85764
20,7,24.019894
20,8,25.730331
20,9,27.038334
21,0,0.0
21,1,4.360628
21,10,28.008392
21,11,28.699026
21,12,29.175665
21,13,29.493427
21,14,29.698017
21,15,29.8252
21,16,29.901516
21,17,29.94571
21,18,29.970406
21,19,29.983738
21,2,8.57829
21,20,29.990704
21,21,29.994257
21,22,29.996061
21,23,29.997032
21,24,29.997635
21,25,29.998104
21,26,29.998549
21,27,29.999012
21,28,29.999496
21,29,30.0
21,3,12.523845
21,4,16.093643
21,5,19.217216
21,6,21.860252
21,7,24.02274
21,8,25.733372
21,9,27.041502
22,0,0.0
22,1,4.3608866
22,10,28.009966
22,11,28.700634
22,12,29.177294
22,13,29.495066
22,14,29.699665
22,15,29.826847
22,16,29.903162
22,17,29.947348
22,18,29.97203
22,19,29.985332
22,2,8.578794
22,20,29.992262
22,21,29.995754
22,22,29.99748
22,23,29.998339
22,24,29.998798
22,25,29.999092
22,26,29.999327
22,27,29.999546
22,28,29.999773
22,29,30.0
22,3,12.524581
22,4,16.094578
22,5,19.218334
22,6,21.861511
22,7,24.024117
22,8,25.734833
22,9,27.043036
23,0,0.0
23,1,4.3610063
23,10,28.010698
23,11,28.701382
23,12,29.17805
23,13,29.49583
23,14,29.700424
23,15,29.82761
23,16,29.903923
23,17,29.948105
23,18,29.972782
23,19,29.986073
23,2,8.579029
23,20,29.992981
23,21,29.99645
23,22,29.998138
23,23,29.998947
23,24,29.99934
23,25,29.99955
23,26,29.999687
23,27,29.999796
23,28,29.999897
23,29,30.0
23,3,12.524921
23,4,16.095016
23,5,19.218851
23,6,21.862099
23,7,24.024754
23,8,25.735518
23,9,27.043747
24,0,0.0
24,1,4.36106
24,10,28.011028
24,11,28.701714
24,12,29.178387
24,13,29.496166
24,14,29.700768
24,15,29.827953
24,16,29.904263
24,17,29.948442
24,18,29.973114
24,19,29.986404
24,2,8.579134
24,20,29.993305
24,21,29.996761
24,22,29.998432
24,23,29.999216
24,24,29.999584
24,25,29.999756
24,26,29.999847
24,27,29.999908
24,28,29.999956
24,29,30.0
24,3,12.525076
24,4,16.095213
24,5,19.219084
24,6,21.862358
24,7,24.025042
24,8,25.73582
24,9,27.044065
25,0,0.0
25,1,4.361083
25,10,28.011166
25,11,28.701859
25,12,29.178532
25,13,29.496313
25,14,29.700912
25,15,29.828096
25,16,29.904408
25,17,29.948587
25,18,29.973259
25,19,29.986546
25,2,8.579181
25,20,29.993443
25,21,29.996893
25,22,29.998558
25,23,29.999334
25,24,29.999683
25,25,29.999844
25,26,29.999916
25,27,29.999954
25,28,29.999979
25,29,30.0
25,3,12.525143
25,4,16.095299
25,5,19.219185
25,6,21.862473
25,7,24.025166
25,8,25.735952
25,9,27.0442
26,0,0.0
26,1,4.3610935
26,10,28.011223
26,11,28.701916
26,12,29.17859
26,13,29.496374
26,14,29.700974
26,15,29.828157
26,16,29.904467
26,17,29.948647
26,18,29.973318
26,19,29.986605
26,2,8.579199
26,20,29.9935
26,21,29.996948
26,22,29.998611
26,23,29.999382
26,24,29.999727
26,25,29.99988
26,26,29.999947
26,27,29.999975
26,28,29.999989
26,29,30.0
26,3,12.525169
26,4,16.095333
26,5,19.219225
26,6,21.862522
26,7,24.025215
26,8,25.736006
26,9,27.044256
27,0,0.0
27,1,4.3610964
27,10,28.011248
27,11,28.701939
27,12,29.178614
27,13,29.496395
27,14,29.700996
27,15,29.82818
27,16,29.904491
27,17,29.948671
27,18,29.973343
27,19,29.986626
27,2,8.579206
27,20,29.993523
27,21,29.996971
27,22,29.99863
27,23,29.999401
27,24,29.999746
27,25,29.999893
27,26,29.999958
27,27,29.999985
27,28,29.999996
27,29,30.0
27,3,12.525181
27,4,16.095346
27,5,19.219242
27,6,21.86254
27,7,24.025238
27,8,25.736027
27,9,27.044277
28,0,0.0
28,1,4.3610983
28,10,28.011253
28,11,28.701948
28,12,29.178623
28,13,29.496405
28,14,29.701006
28,15,29.82819
28,16,29.9045
28,17,29.948677
28,18,29.97335
28,19,29.986637
28,2,8.579209
28,20,29.99353
28,21,29.996979
28,22,29.99864
28,23,29.999409
28,24,29.999754
28,25,29.9999
28,26,29.999964
28,27,29.999987
28,28,29.999996
28,29,30.0
28,3,12.525185
28,4,16.095352
28,5,19.21925
28,6,21.862547
28,7,24.025246
28,8,25.736036
28,9,27.044289
29,0,0.0
29,1,4.3610983
29,10,28.01126
29,11,28.70195
29,12,29.178627
29,13,29.496407
29,14,29.701008
29,15,29.828194
29,16,29.9045
29,17,29.94868
29,18,29.973352
29,19,29.986637
29,2,8.579211
29,20,29.993534
29,21,29.996983
29,22,29.998642
29,23,29.999413
29,24,29.999756
29,25,29.999903
29,26,29.999966
29,27,29.999989
29,28,29.999998
29,29,30.0
29,3,12.525185
29,4,16.095354
29,5,19.219254
29,6,21.862549
29,7,24.02525
29,8,25.736038
29,9,27.044292
3,0,0.0
3,1,1.8138618
3,10,11.682428
3,11,11.973818
3,12,12.176658
3,13,12.313145
3,14,12.403965
3,15,12.465044
3,16,12.51025
3,17,12.55172
3,18,12.601437
3,19,12.674451
3,2,3.5691316
3,20,12.7897625
3,21,12.977087
3,22,13.27866
3,23,13.7621765
3,24,14.52799
3,25,15.7329035
3,26,17.60556
3,27,20.458786
3,28,24.60538
3,29,30.0
3,3,5.211158
3,4,6.6990385
3,5,8.0009365
3,6,9.105324
3,7,10.008927
3,8,10.726283
3,9,11.274916
30,0,0.0
30,1,4.3610992
30,10,28.011261
30,11,28.701954
30,12,29.178627
30,13,29.49641
30,14,29.701008
30,15,29.82819
30,16,29.904503
30,17,29.948683
30,18,29.973354
30,19,29.98664
30,2,8.57921
30,20,29.993534
30,21,29.996983
30,22,29.998642
30,23,29.999413
30,24,29.999756
30,25,29.999905
30,26,29.999966
30,27,29.99999
30,28,29.999998
30,29,30.0
30,3,12.5251875
30,4,16.095354
30,5,19.219254
30,6,21.862549
30,7,24.02525
30,8,25.736042
30,9,27.044292
31,0,0.0
31,1,4.3610983
31,10,28.011261
31,11,28.701954
31,12,29.178627
31,13,29.49641
31,14,29.701008
31,15,29.828194
31,16,29.904503
31,17,29.94868
31,18,29.973356
31,19,29.986639
31,2,8.579212
31,20,29.993536
31,21,29.996983
31,22,29.998642
31,23,29.999413
31,24,29.999758
31,25,29.999905
31,26,29.999966
31,27,29.99999
31,28,29.999998
31,29,30.0
31,3,12.525187
31,4,16.095356
31,5,19.219254
31,6,21.86255
31,7,24.02525
31,8,25.73604
31,9,27.044292
32,0,0.0
32,1,4.3610992
32,10,28.011261
32,11,28.701954
32,12,29.178627
32,13,29.496412
32,14,29.701012
32,15,29.828194
32,16,29.904503
32,17,29.948685
32,18,29.973354
32,19,29.98664
32,2,8.57921
32,20,29.993534
32,21,29.996983
32,22,29.998642
32,23,29.999416
32,24,29.999756
32,25,29.999905
32,26,29.999966
32,27,29.99999
32,28,29.999998
32,29,30.0
32,3,12.525188
32,4,16.095354
32,5,19.219254
32,6,21.86255
32,7,24.02525
32,8,25.736042
32,9,27.044294
33,0,0.0
33,1,4.3610983
33,10,28.011261
33,11,28.701954
33,12,29.178627
33,13,29.496412
33,14,29.701012
33,15,29.828194
33,16,29.904503
33,17,29.948685
33,18,29.973356
33,19,29.986639
33,2,8.579212
33,20,29.993538
33,21,29.996983
33,22,29.998646
33,23,29.99941
33,24,29.999758
33,25,29.999905
33,26,29.999966
33,27,29.99999
33,28,29.999998
33,29,30.0
33,3,12.525185
33,4,16.095356
33,5,19.219254
33,6,21.86255
33,7,24.02525
33,8,25.736042
33,9,27.044294
34,0,0.0
34,1,4.3610992
34,10,28.011263
34,11,28.701954
34,12,29.17863
34,13,29.496412
34,14,29.701012
34,15,29.828194
34,16,29.904505
34,17,29.948685
34,18,29.973356
34,19,29.98664
34,2,8.57921
34,20,29.993534
34,21,29.996983
34,22,29.998644
34,23,29.999416
34,24,29.999756
34,25,29.999905
34,26,29.999966
34,27,29.99999
34,28,29.999998
34,29,30.0
34,3,12.5251875
34,4,16.095354
34,5,19.219254
34,6,21.862549
34,7,24.025251
34,8,25.73604
34,9,27.044294
35,0,0.0
35,1,4.3610983
35,10,28.011263
35,11,28.701956
35,12,29.17863
35,13,29.496412
35,14,29.701012
35,15,29.828196
35,16,29.904505
35,17,29.948685
35,18,29.973356
35,19,29.98664
35,2,8.579212
35,20,29.993538
35,21,29.996983
35,22,29.998646
35,23,29.999413
35,24,29.999758
35,25,29.999905
35,26,29.999966
35,27,29.99999
35,28,29.999998
35,29,30.0
35,3,12.525185
35,4,16.095356
35,5,19.219254
35,6,21.862553
35,7,24.025246
35,8,25.736044
35,9,27.044294
36,0,0.0
36,1,4.3610992
36,10,28.011263
36,11,28.701956
36,12,29.17863
36,13,29.496412
36,14,29.701012
36,15,29.828196
36,16,29.904505
36,17,29.948685
36,18,29.973356
36,19,29.98664
36,2,8.57921
36,20,29.993538
36,21,29.996983
36,22,29.998646
36,23,29.999416
36,24,29.999758
36,25,29.999905
36,26,29.999966
36,27,29.99999
36,28,29.999998
36,29,30.0
36,3,12.5251875
36,4,16.095354
36,5,19.219254
36,6,21.862549
36,7,24.025251
36,8,25.736038
36,9,27.044294
37,0,0.0
37,1,4.3610983
37,10,28.011263
37,11,28.701954
37,12,29.17863
37,13,29.496412
37,14,29.701012
37,15,29.828194
37,16,29.904505
37,17,29.948685
37,18,29.973354
37,19,29.98664
37,2,8.579212
37,20,29.993538
37,21,29.996983
37,22,29.998646
37,23,29.999416
37,24,29.999758
37,25,29.999905
37,26,29.999966
37,27,29.99999
37,28,29.999998
37,29,30.0
37,3,12.525187
37,4,16.095356
37,5,19.219254
37,6,21.862553
37,7,24.025246
37,8,25.736044
37,9,27.044294
38,0,0.0
38,1,4.3610992
38,10,28.011261
38,11,28.701954
38,12,29.178627
38,13,29.496412
38,14,29.701012
38,15,29.828196
38,16,29.904503
38,17,29.948685
38,18,29.973354
38,19,29.986639
38,2,8.57921
38,20,29.993538
38,21,29.996983
38,22,29.998646
38,23,29.999414
38,24,29.999758
38,25,29.999905
38,26,29.999966
38,27,29.99999
38,28,29.999998
38,29,30.0
38,3,12.525187
38,4,16.095356
38,5,19.219254
38,6,21.862549
38,7,24.025251
38,8,25.736038
38,9,27.044294
39,0,0.0
39,1,4.361099
39,10,28.011261
39,11,28.701954
39,12,29.17863
39,13,29.49641
39,14,29.701012
39,15,29.828194
39,16,29.904503
39,17,29.948683
39,18,29.973354
39,19,29.98664
39,2,8.57921
39,20,29.993534
39,21,29.996984
39,22,29.998642
39,23,29.999413
39,24,29.999756
39,25,29.999905
39,26,29.999964
39,27,29.99999
39,28,29.999998
39,29,30.0
39,3,12.525187
39,4,16.095356
39,5,19.219254
39,6,21.862549
39,7,24.025246
39,8,25.736042
39,9,27.044292
4,0,0.0
4,1,2.3318324
4,10,15.01309
4,11,15.388133
4,12,15.647688
4,13,15.823086
4,14,15.938793
4,15,16.016258
4,16,16.072338
4,17,16.121788
4,18,16.179317
4,19,16.260689
4,2,4.587211
4,20,16.387926
4,21,16.589426
4,22,16.908922
4,23,17.405512
4,24,18.166311
4,25,19.30481
4,26,20.966068
4,27,23.295088
4,28,26.363548
4,29,30.0
4,3,6.6990376
4,4,8.609738
4,5,10.284712
4,6,11.702005
4,7,12.864872
4,8,13.784784
4,9,14.490963
40,0,0.0
40,1,4.3610983
40,10,28.011261
40,11,28.701954
40,12,29.178627
40,13,29.496412
40,14,29.701012
40,15,29.828196
40,16,29.904503
40,17,29.94868
40,18,29.973354
40,19,29.986639
40,2,8.579211
40,20,29.993536
40,21,29.996983
40,22,29.998642
40,23,29.999413
40,24,29.99976
40,25,29.999905
40,26,29.999966
40,27,29.999989
40,28,29.999998
40,29,30.0
40,3,12.525186
40,4,16.095356
40,5,19.219252
40,6,21.862549
40,7,24.02525
40,8,25.736038
40,9,27.044292
41,0,0.0
41,1,4.3610992
41,10,28.011263
41,11,28.701954
41,12,29.178629
41,13,29.496412
41,14,29.701014
41,15,29.828194
41,16,29.904505
41,17,29.948685
41,18,29.973356
41,19,29.986639
41,2,8.57921
41,20,29.993536
41,21,29.996983
41,22,29.998644
41,23,29.999413
41,24,29.999756
41,25,29.999905
41,26,29.999964
41,27,29.999989
41,28,29.999996
41,29,30.0
41,3,12.525187
41,4,16.095354
41,5,19.219254
41,6,21.86255
41,7,24.02525
41,8,25.736042
41,9,27.044292
42,0,0.0
42,1,4.3610983
42,10,28.011261
42,11,28.701954
42,12,29.178629
42,13,29.496412
42,14,29.701012
42,15,29.828196
42,16,29.904505
42,17,29.948685
42,18,29.973356
42,19,29.98664
42,2,8.579212
42,20,29.993534
42,21,29.996983
42,22,29.998642
42,23,29.999413
42,24,29.999756
42,25,29.999905
42,26,29.999966
42,27,29.999987
42,28,29.999996
42,29,30.0
42,3,12.525186
42,4,16.095356
42,5,19.219252
42,6,21.862549
42,7,24.02525
42,8,25.736042
42,9,27.044294
43,0,0.0
43,1,4.3610992
43,10,28.011261
43,11,28.701954
43,12,29.178627
43,13,29.496412
43,14,29.701014
43,15,29.828194
43,16,29.904505
43,17,29.948685
43,18,29.973356
43,19,29.98664
43,2,8.57921
43,20,29.993538
43,21,29.996983
43,22,29.998646
43,23,29.999413
43,24,29.999758
43,25,29.999905
43,26,29.999964
43,27,29.999989
43,28,29.999998
43,29,30.0
43,3,12.525187
43,4,16.095354
43,5,19.219254
43,6,21.862549
43,7,24.02525
43,8,25.73604
43,9,27.044292
44,0,0.0
44,1,4.3610983
44,10,28.011261
44,11,28.701954
44,12,29.178627
44,13,29.496412
44,14,29.701012
44,15,29.828196
44,16,29.904503
44,17,29.948685
44,18,29.973356
44,19,29.98664
44,2,8.57921
44,20,29.993534
44,21,29.996986
44,22,29.998646
44,23,29.999416
44,24,29.999756
44,25,29.999905
44,26,29.999966
44,27,29.999989
44,28,29.999998
44,29,30.0
44,3,12.525186
44,4,16.095354
44,5,19.219252
44,6,21.862549
44,7,24.02525
44,8,25.73604
44,9,27.044292
45,0,0.0
45,1,4.3610983
45,10,28.011261
45,11,28.70195
45,12,29.178627
45,13,29.49641
45,14,29.701014
45,15,29.828194
45,16,29.904507
45,17,29.948685
45,18,29.973356
45,19,29.98664
45,2,8.57921
45,20,29.993536
45,21,29.996983
45,22,29.998646
45,23,29.999416
45,24,29.999756
45,25,29.999905
45,26,29.999964
45,27,29.999989
45,28,29.999998
45,29,30.0
45,3,12.525185
45,4,16.095354
45,5,19.21925
45,6,21.862549
45,7,24.02525
45,8,25.736042
45,9,27.044292
46,0,0.0
46,1,4.3610983
46,10,28.011261
46,11,28.701954
46,12,29.178623
46,13,29.496412
46,14,29.701008
46,15,29.828197
46,16,29.904503
46,17,29.948687
46,18,29.973356
46,19,29.98664
46,2,8.57921
46,20,29.993536
46,21,29.996986
46,22,29.998646
46,23,29.999413
46,24,29.999756
46,25,29.999905
46,26,29.999966
46,27,29.99999
46,28,29.999998
46,29,30.0
46,3,12.525187
46,4,16.095352
46,5,19.219254
46,6,21.862549
46,7,24.02525
46,8,25.736042
46,9,27.044292
47,0,0.0
47,1,4.3610983
47,10,28.011261
47,11,28.70195
47,12,29.178627
47,13,29.49641
47,14,29.701012
47,15,29.828194
47,16,29.904507
47,17,29.948683
47,18,29.973356
47,19,29.98664
47,2,8.57921
47,20,29.993538
47,21,29.996983
47,22,29.998646
47,23,29.999413
47,24,29.999756
47,25,29.999905
47,26,29.999966
47,27,29.99999
47,28,29.999998
47,29,30.0
47,3,12.525185
47,4,16.095354
47,5,19.219252
47,6,21.86255
47,7,24.025251
47,8,25.736042
47,9,27.044292
48,0,0.0
48,1,4.361099
48,10,28.011261
48,11,28.701952
48,12,29.178625
48,13,29.49641
48,14,29.701008
48,15,29.828194
48,16,29.904503
48,17,29.948685
48,18,29.973354
48,19,29.98664
48,2,8.57921
48,20,29.993534
48,21,29.996983
48,22,29.998642
48,23,29.999413
48,24,29.999756
48,25,29.999905
48,26,29.999966
48,27,29.999989
48,28,29.999998
48,29,30.0
48,3,12.525185
48,4,16.095354
48,5,19.219252
48,6,21.862549
48,7,24.02525
48,8,25.73604
48,9,27.044294
49,0,0.0
49,1,4.361099
49,10,28.011261
49,11,28.701954
49,12,29.178623
49,13,29.496408
49,14,29.701008
49,15,29.828194
49,16,29.904503
49,17,29.94868
49,18,29.973356
49,19,29.986639
49,2,8.57921
49,20,29.993536
49,21,29.996983
49,22,29.998644
49,23,29.999413
49,24,29.999756
49,25,29.999905
49,26,29.999966
49,27,29.999989
49,28,29.999998
49,29,30.0
49,3,12.525187
49,4,16.095354
49,5,19.219254
49,6,21.862553
49,7,24.02525
49,8,25.736042
49,9,27.044292
5,0,0.0
5,1,2.7850566
5,10,17.929306
5,11,18.3756
5,12,18.685755
5,13,18.893993
5,14,19.031532
5,15,19.122349
5,16,19.1866
5,17,19.241035
5,18,19.300835
5,19,19.383318
5,2,5.4799256
5,20,19.50803
5,21,19.703323
5,22,20.004608
5,23,20.463192
5,24,21.141335
5,25,22.11819
5,26,23.472803
5,27,25.266575
5,28,27.488977
5,29,30.0
5,3,8.000933
5,4,10.28471
5,5,12.283018
5,6,13.977451
5,7,15.363823
5,8,16.463776
5,9,17.304996
50,0,0.0
50,1,4.361099
50,10,28.011261
50,11,28.70195
50,12,29.178627
50,13,29.496408
50,14,29.701008
50,15,29.828194
50,16,29.904503
50,17,29.948683
50,18,29.973354
50,19,29.98664
50,2,8.579211
50,20,29.993536
50,21,29.996984
50,22,29.998644
50,23,29.99941
50,24,29.999756
50,25,29.999905
50,26,29.999966
50,27,29.99999
50,28,29.999996
50,29,30.0
50,3,12.525186
50,4,16.095356
50,5,19.219252
50,6,21.86255
50,7,24.02525
50,8,25.736042
50,9,27.044292
51,0,0.0
51,1,4.3610992
51,10,28.011261
51,11,28.701954
51,12,29.178627
51,13,29.49641
51,14,29.701008
51,15,29.828194
51,16,29.904503
51,17,29.94868
51,18,29.973354
51,19,29.98664
51,2,8.57921
51,20,29.993534
51,21,29.996983
51,22,29.998644
51,23,29.999413
51,24,29.999754
51,25,29.999905
51,26,29.999966
51,27,29.999989
51,28,29.999998
51,29,30.0
51,3,12.525187
51,4,16.095354
51,5,19.219254
51,6,21.862549
51,7,24.02525
51,8,25.736038
51,9,27.044292
52,0,0.0
52,1,4.3610983
52,10,28.011263
52,11,28.701954
52,12,29.178629
52,13,29.49641
52,14,29.701008
52,15,29.828194
52,16,29.904503
52,17,29.94868
52,18,29.973354
52,19,29.986639
52,2,8.579211
52,20,29.993534
52,21,29.996983
52,22,29.998642
52,23,29.99941
52,24,29.999756
52,25,29.9999
52,26,29.999964
52,27,29.999989
52,28,29.999998
52,29,30.0
52,3,12.525186
52,4,16.095356
52,5,19.219254
52,6,21.86255
52,7,24.025248
52,8,25.736042
52,9,27.044292
53,0,0.0
53,1,4.3610992
53,10,28.011261
53,11,28.701954
53,12,29.178627
53,13,29.49641
53,14,29.701008
53,15,29.828194
53,16,29.904503
53,17,29.94868
53,18,29.973354
53,19,29.986637
53,2,8.57921
53,20,29.993534
53,21,29.996983
53,22,29.998642
53,23,29.99941
53,24,29.999754
53,25,29.999905
53,26,29.999962
53,27,29.999989
53,28,29.999998
53,29,30.0
53,3,12.5251875
53,4,16.095354
53,5,19.219254
53,6,21.862549
53,7,24.02525
53,8,25.736038
53,9,27.044294
54,0,0.0
54,1,4.3610983
54,10,28.011261
54,11,28.701954
54,12,29.178629
54,13,29.49641
54,14,29.701012
54,15,29.828194
54,16,29.904503
54,17,29.948685
54,18,29.973354
54,19,29.98664
54,2,8.579211
54,20,29.993534
54,21,29.996984
54,22,29.998642
54,23,29.99941
54,24,29.999756
54,25,29.9999
54,26,29.999966
54,27,29.999989
54,28,29.999998
54,29,30.0
54,3,12.525186
54,4,16.095356
54,5,19.219252
54,6,21.862549
54,7,24.02525
54,8,25.736042
54,9,27.044292
55,0,0.0
55,1,4.3610992
55,10,28.011261
55,11,28.701954
55,12,29.178627
55,13,29.49641
55,14,29.701008
55,15,29.828194
55,16,29.904505
55,17,29.94868
55,18,29.973356
55,19,29.986639
55,2,8.57921
55,20,29.993538
55,21,29.996983
55,22,29.998642
55,23,29.999413
55,24,29.999754
55,25,29.999905
55,26,29.999964
55,27,29.999989
55,28,29.999998
55,29,30.0
55,3,12.525187
55,4,16.095354
55,5,19.219254
55,6,21.86255
55,7,24.02525
55,8,25.736038
55,9,27.044294
56,0,0.0
56,1,4.3610983
56,10,28.011261
56,11,28.701954
56,12,29.178627
56,13,29.49641
56,14,29.701008
56,15,29.828192
56,16,29.904503
56,17,29.948685
56,18,29.973354
56,19,29.98664
56,2,8.579211
56,20,29.993534
56,21,29.996983
56,22,29.998646
56,23,29.999413
56,24,29.999756
56,25,29.999905
56,26,29.999966
56,27,29.999989
56,28,29.999996
56,29,30.0
56,3,12.525185
56,4,16.095356
56,5,19.219252
56,6,21.86255
56,7,24.02525
56,8,25.736042
56,9,27.044292
57,0,0.0
57,1,4.3610992
57,10,28.011261
57,11,28.701956
57,12,29.178627
57,13,29.49641
57,14,29.701008
57,15,29.828194
57,16,29.904501
57,17,29.948683
57,18,29.973354
57,19,29.98664
57,2,8.57921
57,20,29.993536
57,21,29.996983
57,22,29.998646
57,23,29.999414
57,24,29.999756
57,25,29.999905
57,26,29.999964
57,27,29.999989
57,28,29.999996
57,29,30.0
57,3,12.525187
57,4,16.095354
57,5,19.219254
57,6,21.86255
57,7,24.02525
57,8,25.736042
57,9,27.044292
58,0,0.0
58,1,4.3610983
58,10,28.011261
58,11,28.70195
58,12,29.178627
58,13,29.49641
58,14,29.701012
58,15,29.828192
58,16,29.904505
58,17,29.948683
58,18,29.973354
58,19,29.98664
58,2,8.579211
58,20,29.993534
58,21,29.996983
58,22,29.998642
58,23,29.999414
58,24,29.999758
58,25,29.999905
58,26,29.999966
58,27,29.999989
58,28,29.999998
58,29,30.0
58,3,12.525187
58,4,16.095354
58,5,19.219252
58,6,21.862549
58,7,24.02525
58,8,25.736042
58,9,27.044292
59,0,0.0
59,1,4.3610992
59,10,28.011261
59,11,28.701954
59,12,29.178625
59,13,29.496412
59,14,29.701008
59,15,29.828196
59,16,29.904501
59,17,29.948685
59,18,29.973356
59,19,29.986637
59,2,8.57921
59,20,29.993536
59,21,29.996983
59,22,29.998644
59,23,29.999413
59,24,29.999758
59,25,29.999905
59,26,29.999964
59,27,29.99999
59,28,29.999996
59,29,30.0
59,3,12.525186
59,4,16.095354
59,5,19.219252
59,6,21.862553
59,7,24.025251
59,8,25.736038
59,9,27.044294
6,0,0.0
6,1,3.1696105
6,10,20.39685
6,11,20.904945
6,12,21.256304
6,13,21.492908
6,14,21.647903
6,15,21.749546
6,16,21.819557
6,17,21.87582
6,18,21.934553
6,19,22.01114
6,2,6.235299
6,20,22.12497
6,21,22.297949
6,22,22.561323
6,23,22.950954
6,24,23.513657
6,25,24.296059
6,26,25.342842
6,27,26.672083
6,28,28.257114
6,29,30.0
6,3,9.105313
6,4,11.701994
6,5,13.977442
6,6,15.902828
6,7,17.481655
6,8,18.730614
6,9,19.688606
60,0,0.0
60,1,4.3610983
60,10,28.011263
60,11,28.70195
60,12,29.178629
60,13,29.496407
60,14,29.701012
60,15,29.828192
60,16,29.904507
60,17,29.94868
60,18,29.973354
60,19,29.98664
60,2,8.57921
60,20,29.993532
60,21,29.996983
60,22,29.998642
60,23,29.999413
60,24,29.999756
60,25,29.999905
60,26,29.999966
60,27,29.999989
60,28,29.999998
60,29,30.0
60,3,12.525186
60,4,16.095354
60,5,19.219252
60,6,21.862553
60,7,24.025248
60,8,25.736042
60,9,27.044292
61,0,0.0
61,1,4.3610992
61,10,28.011261
61,11,28.701954
61,12,29.178627
61,13,29.496412
61,14,29.701008
61,15,29.828197
61,16,29.904501
61,17,29.948685
61,18,29.973354
61,19,29.98664
61,2,8.57921
61,20,29.993534
61,21,29.996983
61,22,29.998644
61,23,29.999413
61,24,29.999756
61,25,29.999905
61,26,29.999964
61,27,29.999989
61,28,29.999998
61,29,30.0
61,3,12.525186
61,4,16.095354
61,5,19.219252
61,6,21.862549
61,7,24.02525
61,8,25.736038
61,9,27.044294
62,0,0.0
62,1,4.3610983
62,10,28.011261
62,11,28.701954
62,12,29.178629
62,13,29.49641
62,14,29.701012
62,15,29.828194
62,16,29.904507
62,17,29.948683
62,18,29.973356
62,19,29.98664
62,2,8.579211
62,20,29.993534
62,21,29.996983
62,22,29.998642
62,23,29.999413
62,24,29.999756
62,25,29.999905
62,26,29.999964
62,27,29.999989
62,28,29.999998
62,29,30.0
62,3,12.525185
62,4,16.095354
62,5,19.219252
62,6,21.862553
62,7,24.025246
62,8,25.736042
62,9,27.044292
63,0,0.0
63,1,4.361099
63,10,28.011261
63,11,28.701954
63,12,29.178627
63,13,29.49641
63,14,29.701008
63,15,29.828194
63,16,29.904503
63,17,29.948685
63,18,29.973356
63,19,29.98664
63,2,8.579209
63,20,29.993534
63,21,29.996983
63,22,29.998642
63,23,29.999413
63,24,29.999756
63,25,29.999905
63,26,29.999966
63,27,29.999989
63,28,29.999998
63,29,30.0
63,3,12.525187
63,4,16.095354
63,5,19.219252
63,6,21.862549
63,7,24.02525
63,8,25.736038
63,9,27.044294
64,0,0.0
64,1,4.3610983
64,10,28.011261
64,11,28.701954
64,12,29.178627
64,13,29.49641
64,14,29.701012
64,15,29.828196
64,16,29.904505
64,17,29.948685
64,18,29.973354
64,19,29.98664
64,2,8.57921
64,20,29.993534
64,21,29.996983
64,22,29.998642
64,23,29.999413
64,24,29.999756
64,25,29.999905
64,26,29.999964
64,27,29.99999
64,28,29.999998
64,29,30.0
64,3,12.525185
64,4,16.095354
64,5,19.219252
64,6,21.862553
64,7,24.025246
64,8,25.736042
64,9,27.044292
65,0,0.0
65,1,4.3610983
65,10,28.011261
65,11,28.701954
65,12,29.178627
65,13,29.49641
65,14,29.701012
65,15,29.828194
65,16,29.904505
65,17,29.948685
65,18,29.973356
65,19,29.986637
65,2,8.579209
65,20,29.993534
65,21,29.996983
65,22,29.998644
65,23,29.999413
65,24,29.999756
65,25,29.999905
65,26,29.999966
65,27,29.999987
65,28,29.999998
65,29,30.0
65,3,12.525185
65,4,16.095354
65,5,19.219252
65,6,21.862549
65,7,24.02525
65,8,25.736038
65,9,27.044294
66,0,0.0
66,1,4.3610983
66,10,28.011261
66,11,28.701954
66,12,29.178627
66,13,29.49641
66,14,29.701012
66,15,29.828196
66,16,29.904505
66,17,29.948685
66,18,29.973354
66,19,29.98664
66,2,8.57921
66,20,29.993534
66,21,29.996983
66,22,29.998642
66,23,29.999413
66,24,29.999756
66,25,29.999905
66,26,29.999964
66,27,29.99999
66,28,29.999998
66,29,30.0
66,3,12.525185
66,4,16.095354
66,5,19.219252
66,6,21.862553
66,7,24.025246
66,8,25.736042
66,9,27.044292
67,0,0.0
67,1,4.3610983
67,10,28.011263
67,11,28.701954
67,12,29.178627
67,13,29.49641
67,14,29.701012
67,15,29.828194
67,16,29.904505
67,17,29.948685
67,18,29.973356
67,19,29.98664
67,2,8.579209
67,20,29.993536
67,21,29.996983
67,22,29.998644
67,23,29.999413
67,24,29.999756
67,25,29.999905
67,26,29.999966
67,27,29.999987
67,28,29.999998
67,29,30.0
67,3,12.525185
67,4,16.095354
67,5,19.219252
67,6,21.862549
67,7,24.02525
67,8,25.736038
67,9,27.044294
68,0,0.0
68,1,4.3610983
68,10,28.011261
68,11,28.701954
68,12,29.178627
68,13,29.49641
68,14,29.701012
68,15,29.828196
68,16,29.904505
68,17,29.948685
68,18,29.973356
68,19,29.98664
68,2,8.57921
68,20,29.993534
68,21,29.996983
68,22,29.998642
68,23,29.999414
68,24,29.999758
68,25,29.999905
68,26,29.999966
68,27,29.99999
68,28,29.999998
68,29,30.0
68,3,12.525187
68,4,16.095354
68,5,19.219252
68,6,21.862553
68,7,24.025246
68,8,25.736042
68,9,27.044292
69,0,0.0
69,1,4.3610983
69,10,28.011263
69,11,28.701956
69,12,29.178627
69,13,29.49641
69,14,29.701012
69,15,29.828194
69,16,29.904505
69,17,29.948685
69,18,29.973358
69,19,29.98664
69,2,8.57921
69,20,29.993536
69,21,29.996983
69,22,29.998644
69,23,29.999413
69,24,29.999758
69,25,29.999905
69,26,29.999966
69,27,29.999989
69,28,29.999998
69,29,30.0
69,3,12.525187
69,4,16.095354
69,5,19.219254
69,6,21.862549
69,7,24.02525
69,8,25.73604
69,9,27.044294
7,0,0.0
7,1,3.4842453
7,10,22.417713
7,11,22.974367
7,12,23.360458
7,13,23.619068
7,14,23.788479
7,15,23.898127
7,16,23.971788
7,17,24.028154
7,18,24.082592
7,19,24.150505
7,2,6.855315
7,20,24.246912
7,21,24.391659
7,22,24.606064
7,23,24.91877
7,24,25.358047
7,25,25.95506
7,26,26.729595
7,27,27.686434
7,28,28.797466
7,29,30.0
7,3,10.008897
7,4,12.86484
7,5,15.36379
7,6,17.481634
7,7,19.214428
7,8,20.588215
7,9,21.638824
70,0,0.0
70,1,4.3610992
70,10,28.011265
70,11,28.701954
70,12,29.178633
70,13,29.496412
70,14,29.701015
70,15,29.828197
70,16,29.904507
70,17,29.948689
70,18,29.973358
70,19,29.986645
70,2,8.579211
70,20,29.993538
70,21,29.996984
70,22,29.998646
70,23,29.999416
70,24,29.99976
70,25,29.999907
70,26,29.999968
70,27,29.999989
70,28,29.999998
70,29,30.0
70,3,12.5251875
70,4,16.095356
70,5,19.219254
70,6,21.862553
70,7,24.02525
70,8,25.736044
70,9,27.044296
71,0,0.0
71,1,4.3611
71,10,28.01127
71,11,28.701963
71,12,29.178638
71,13,29.496424
71,14,29.701021
71,15,29.828205
71,16,29.904516
71,17,29.948694
71,18,29.97337
71,19,29.98665
71,2,8.579214
71,20,29.993546
71,21,29.996992
71,22,29.998652
71,23,29.99942
71,24,29.999765
71,25,29.99991
71,26,29.999968
71,27,29.999992
71,28,29.999998
71,29,30.0
71,3,12.52519
71,4,16.09536
71,5,19.219261
71,6,21.862556
71,7,24.025259
71,8,25.73605
71,9,27.044304
72,0,0.0
72,1,4.361104
72,10,28.011293
72,11,28.701984
72,12,29.178661
72,13,29.49644
72,14,29.701044
72,15,29.828228
72,16,29.904537
72,17,29.948717
72,18,29.973389
72,19,29.986673
72,2,8.579221
72,20,29.993565
72,21,29.997013
72,22,29.99867
72,23,29.99944
72,24,29.999779
72,25,29.99992
72,26,29.999979
72,27,29.999996
72,28,30.000002
72,29,30.0
72,3,12.525201
72,4,16.095375
72,5,19.219275
72,6,21.862576
72,7,24.025274
72,8,25.73607
72,9,27.044323
73,0,0.0
73,1,4.3611135
73,10,28.011349
73,11,28.70204
73,12,29.178715
73,13,29.4965
73,14,29.701097
73,15,29.828283
73,16,29.90459
73,17,29.948772
73,18,29.973444
73,19,29.986725
73,2,8.57924
73,20,29.993622
73,21,29.997063
73,22,29.99872
73,23,29.999483
73,24,29.999819
73,25,29.999954
73,26,30.000004
73,27,30.000015
73,28,30.000011
73,29,30.0
73,3,12.5252285
73,4,16.095407
73,5,19.219315
73,6,21.86262
73,7,24.025326
73,8,25.736118
73,9,27.044376
74,0,0.0
74,1,4.361138
74,10,28.011482
74,11,28.702179
74,12,29.178856
74,13,29.49664
74,14,29.70124
74,15,29.828423
74,16,29.904734
74,17,29.948912
74,18,29.97358
74,19,29.986864
74,2,8.579287
74,20,29.993752
74,21,29.997192
74,22,29.998842
74,23,29.999594
74,24,29.999916
74,25,30.000038
74,26,30.000069
74,27,30.000061
74,28,30.000034
74,29,30.0
74,3,12.525297
74,4,16.095493
74,5,19.219416
74,6,21.862734
74,7,24.025448
74,8,25.736252
74,9,27.04451
75,0,0.0
75,1,4.361196
75,10,28.011816
75,11,28.702515
75,12,29.179193
75,13,29.496979
75,14,29.70158
75,15,29.828766
75,16,29.905073
75,17,29.94925
75,18,29.973919
75,19,29.98719
75,2,8.579401
75,20,29.994076
75,21,29.997503
75,22,29.999136
75,23,29.999866
75,24,30.00016
75,25,30.000244
75,26,30.00023
75,27,30.000172
75,28,30.00009
75,29,30.0
75,3,12.525461
75,4,16.095703
75,5,19.219662
75,6,21.86301
75,7,24.025742
75,8,25.736565
75,9,27.044832
76,0,0.0
76,1,4.361332
76,10,28.012587
76,11,28.703297
76,12,29.179987
76,13,29.497772
76,14,29.70238
76,15,29.829561
76,16,29.905869
76,17,29.950039
76,18,29.974697
76,19,29.987965
76,2,8.579666
76,20,29.994825
76,21,29.998226
76,22,29.99982
76,23,30.000496
76,24,30.000721
76,25,30.000723
76,26,30.000607
76,27,30.000431
76,28,30.000225
76,29,30.0
76,3,12.525845
76,4,16.09619
76,5,19.220234
76,6,21.863647
76,7,24.02644
76,8,25.737291
76,9,27.04559
77,0,0.0
77,1,4.361635
77,10,28.014324
77,11,28.70506
77,12,29.18176
77,13,29.499557
77,14,29.704163
77,15,29.831348
77,16,29.907648
77,17,29.95181
77,18,29.976452
77,19,29.989689
77,2,8.580259
77,20,29.996513
77,21,29.99985
77,22,30.001352
77,23,30.001911
77,24,30.001984
77,25,30.00179
77,26,30.001448
77,27,30.001013
77,28,30.00052
77,29,30.0
77,3,12.526703
77,4,16.097279
77,5,19.221516
77,6,21.865086
77,7,24.027987
77,8,25.73893
77,9,27.047285
78,0,0.0
78,1,4.3622913
78,10,28.018066
78,11,28.708855
78,12,29.185589
78,13,29.503403
78,14,29.70802
78,15,29.835197
78,16,29.911491
78,17,29.955631
78,18,29.980238
78,19,29.993416
78,2,8.581541
78,20,30.000145
78,21,30.003347
78,22,30.004663
78,23,30.004961
78,24,30.004702
78,25,30.004093
78,26,30.003262
78,27,30.002262
78,28,30.00116
78,29,30.0
78,3,12.528557
78,4,16.099628
78,5,19.224283
78,6,21.868177
78,7,24.031338
78,8,25.74246
78,9,27.050945
79,0,0.0
79,1,4.363655
79,10,28.025845
79,11,28.716743
79,12,29.193542
79,13,29.511395
79,14,29.716019
79,15,29.8432
79,16,29.919468
79,17,29.96357
79,18,29.988094
79,19,30.00115
79,2,8.584211
79,20,30.007683
79,21,30.010612
79,22,30.011524
79,23,30.0113
79,24,30.010334
79,25,30.00888
79,26,30.007015
79,27,30.004862
79,28,30.002483
79,29,30.0
79,3,12.532412
79,4,16.104525
79,5,19.230032
79,6,21.87462
79,7,24.038294
79,8,25.749798
79,9,27.058546
8,0,0.0
8,1,3.7341022
8,10,24.016296
8,11,24.61273
8,12,25.024862
8,13,25.30143
8,14,25.481413
8,15,25.597107
8,16,25.672915
8,17,25.727774
8,18,25.777214
8,19,25.834112
8,2,7.3457756
8,20,25.912558
8,21,26.02613
8,22,26.192776
8,23,26.429758
8,24,26.758114
8,25,27.19347
8,26,27.74775
8,27,28.417023
8,28,29.181541
8,29,30.0
8,3,10.726212
8,4,13.784702
8,5,16.463696
8,6,18.730541
8,7,20.58817
8,8,22.057661
8,9,23.183807
80,0,0.0
80,1,4.366397
80,10,28.0414
80,11,28.732525
80,12,29.209454
80,13,29.527374
80,14,29.732029
80,15,29.859198
80,16,29.935432
80,17,29.979435
80,18,30.00381
80,19,30.016605
80,2,8.589561
80,20,30.02277
80,21,30.02512
80,22,30.025265
80,23,30.02395
80,24,30.021633
80,25,30.018435
80,26,30.014553
80,27,30.010052
80,28,30.005144
80,29,30.0
80,3,12.5401535
80,4,16.114326
80,5,19.24157
80,6,21.887512
80,7,24.052235
80,8,25.764482
80,9,27.07376
81,0,0.0
81,1,4.3717012
81,10,28.071407
81,11,28.76294
81,12,29.240118
81,13,29.55817
81,14,29.762877
81,15,29.890034
81,16,29.966171
81,17,30.010014
81,18,30.034079
81,19,30.046413
81,2,8.599939
81,20,30.051819
81,21,30.053125
81,22,30.051714
81,23,30.048397
81,24,30.043375
81,25,30.036924
81,26,30.029062
81,27,30.020103
81,28,30.010267
81,29,30.0
81,3,12.555119
81,4,16.133314
81,5,19.26385
81,6,21.912441
81,7,24.079128
81,8,25.79284
81,9,27.103096
82,0,0.0
82,1,4.381642
82,10,28.12717
82,11,28.819471
82,12,29.297087
82,13,29.615377
82,14,29.820171
82,15,29.947292
82,16,30.023285
82,17,30.066788
82,18,30.090328
82,19,30.101746
82,2,8.619326
82,20,30.105846
82,21,30.10511
82,22,30.100971
82,23,30.093792
82,24,30.083931
82,25,30.071274
82,26,30.056168
82,27,30.03879
82,28,30.019844
82,29,30.0
82,3,12.583134
82,4,16.168736
82,5,19.30547
82,6,21.958874
82,7,24.129265
82,8,25.845577
82,9,27.157682
83,0,0.0
83,1,4.399602
83,10,28.227203
83,11,28.920773
83,12,29.39917
83,13,29.717852
83,14,29.92279
83,15,30.049852
83,16,30.125542
83,17,30.16851
83,18,30.191036
83,19,30.200958
83,2,8.654426
83,20,30.202593
83,21,30.19844
83,22,30.189228
83,23,30.17544
83,24,30.156677
83,25,30.133183
83,26,30.104843
83,27,30.072525
83,28,30.037058
83,29,30.0
83,3,12.633679
83,4,16.232727
83,5,19.380392
83,6,22.042519
83,7,24.219322
83,8,25.940346
83,9,27.255585
84,0,0.0
84,1,4.4310827
84,10,28.400232
84,11,29.095997
84,12,29.5756
84,13,29.894941
84,14,30.100094
84,15,30.22702
84,16,30.302254
84,17,30.344215
84,18,30.36517
84,19,30.372362
84,2,8.715747
84,20,30.370075
84,21,30.359808
84,22,30.342316
84,23,30.316803
84,24,30.283169
84,25,30.24057
84,26,30.189693
84,27,30.131138
84,28,30.067112
84,29,30.0
84,3,12.722087
84,4,16.34423
84,5,19.51101
84,6,22.18783
84,7,24.375784
84,8,26.104557
84,9,27.42522
85,0,0.0
85,1,4.484399
85,10,28.689365
85,11,29.388393
85,12,29.869967
85,13,30.190239
85,14,30.39571
85,15,30.522427
85,16,30.596817
85,17,30.637295
85,18,30.655493
85,19,30.658566
85,2,8.819725
85,20,30.649527
85,21,30.629768
85,22,30.598152
85,23,30.55397
85,24,30.495075
85,25,30.421322
85,26,30.33221
85,27,30.23007
85,28,30.117683
85,29,30.0
85,3,12.871436
85,4,16.532616
85,5,19.730793
85,6,22.43224
85,7,24.638052
85,8,26.379684
85,9,27.708757
86,0,0.0
86,1,4.572151
86,10,29.155624
86,11,29.859722
86,12,30.343979
86,13,30.665655
86,14,30.8715
86,15,30.997787
86,16,31.070984
86,17,31.108948
86,18,31.12321
86,19,31.119474
86,2,8.990286
86,20,31.100517
86,21,31.065235
86,22,31.012253
86,23,30.937613
86,24,30.839434
86,25,30.71477
86,26,30.564758
86,27,30.391197
86,28,30.20042
86,29,30.0
86,3,13.1163845
86,4,16.840235
86,5,20.089315
86,6,22.829252
86,7,25.063581
86,8,26.82463
86,9,28.166937
87,0,0.0
87,1,4.7121506
87,10,29.882423
87,11,30.5932
87,12,31.081306
87,13,31.404654
87,14,31.610912
87,15,31.73654
87,16,31.807749
87,17,31.842321
87,18,31.850338
87,19,31.837189
87,2,9.262384
87,20,31.802713
87,21,31.745247
87,22,31.658928
87,23,31.539337
87,24,31.379587
87,25,31.17751
87,26,30.931313
87,27,30.646492
87,28,30.331276
87,29,30.0
87,3,13.505415
87,4,17.327978
87,5,20.654896
87,6,23.454247
87,7,25.730589
87,8,27.520931
87,9,28.88182
88,0,0.0
88,1,4.9298444
88,10,30.976608
88,11,31.6964
88,12,32.188908
88,13,32.51431
88,14,32.720802
88,15,32.845226
88,16,32.913834
88,17,32.94322
88,18,32.943142
88,19,32.91594
88,2,9.683795
88,20,32.860687
88,21,32.770267
88,22,32.63759
88,23,32.450817
88,24,32.202263
88,25,31.883022
88,26,31.493507
88,27,31.038073
88,28,30.532944
88,29,30.0
88,3,14.106624
88,4,18.077362
88,5,21.521057
88,6,24.406029
88,7,26.743446
88,8,28.573833
88,9,29.960825
89,0,0.0
89,1,5.2595506
89,10,32.56967
89,11,33.299286
89,12,33.796883
89,13,34.123924
89,14,34.33023
89,15,34.452896
89,16,34.51758
89,17,34.54064
89,18,34.52907
89,19,34.484394
89,2,10.320741
89,20,34.3999
89,21,34.26673
89,22,34.06846
89,23,33.79065
89,24,33.414337
89,25,32.929512
89,26,32.32927
89,27,31.623898
89,28,30.834707
89,29,30.0
89,3,15.009633
89,4,19.197805
89,5,22.806824
89,6,25.812452
89,7,28.231312
89,8,30.1155
89,9,31.534628
9,0,0.0
9,1,3.92517
9,10,25.240334
9,11,25.865576
9,12,26.298454
9,13,26.58782
9,14,26.77605
9,15,26.895817
9,16,26.972647
9,17,27.02568
9,18,27.069363
9,19,27.116215
9,2,7.7224507
9,20,27.17662
9,21,27.262627
9,22,27.385132
9,23,27.557999
9,24,27.7922
9,25,28.099102
9,26,28.482092
9,27,28.938574
9,28,29.452877
9,29,30.0
9,3,11.274746
9,4,14.490774
9,5,17.304802
9,6,19.688427
9,7,21.638676
9,8,23.18372
9,9,24.365267
90,0,0.0
90,1,5.7488947
90,10,34.811184
90,11,35.551094
90,12,36.052406
90,13,36.38034
90,14,36.58541
90,15,36.70517
90,16,36.765167
90,17,36.779633
90,18,36.754883
90,19,36.687065
90,2,11.260493
90,20,36.567673
90,21,36.377766
90,22,36.097107
90,23,35.696167
90,24,35.150757
90,25,34.435127
90,26,33.541656
90,27,32.476616
90,28,31.276602
90,29,30.0
90,3,16.334316
90,4,20.826801
90,5,24.66336
90,6,27.826591
90,7,30.350649
90,8,32.298862
90,9,33.756313
91,0,0.0
91,1,6.462285
91,10,37.86238
91,11,38.608482
91,12,39.111137
91,13,39.437256
91,14,39.63939
91,15,39.75509
91,16,39.80874
91,17,39.814056
91,18,39.77297
91,19,39.680202
91,2,12.622319
91,20,39.517902
91,21,39.263268
91,22,38.87944
91,23,38.32878
91,24,37.563663
91,25,36.548264
91,26,35.25514
91,27,33.693565
91,28,31.909723
91,29,30.0
91,3,18.2336
91,4,23.1395
91,5,27.269245
91,6,30.629564
91,7,33.274834
91,8,35.294792
91,9,36.789154
92,0,0.0
92,1,7.492674
92,10,41.878006
92,11,42.623234
92,12,43.12043
92,13,43.44083
92,14,43.6371
92,15,43.746742
92,16,43.793556
92,17,43.788128
92,18,43.731464
92,19,43.610794
92,2,14.56716
92,20,43.405464
92,21,43.07753
92,22,42.58197
92,23,41.854527
92,24,40.830513
92,25,39.437916
92,26,37.630833
92,27,35.39828
92,28,32.805897
92,29,30.0
92,3,20.910135
92,4,26.347696
92,5,30.836254
92,6,34.41739
92,7,37.19033
92,8,39.274086
92,9,40.797375
93,0,0.0
93,1,8.979223
93,10,46.99131
93,11,47.719795
93,12,48.202065
93,13,48.509594
93,14,48.696
93,15,48.797634
93,16,48.83624
93,17,48.82159
93,18,48.749405
93,19,48.60561
93,2,17.328318
93,20,48.358093
93,21,47.963524
93,22,47.353344
93,23,46.44622
93,24,45.13415
93,25,43.308926
93,26,40.8666
93,27,37.765102
93,28,34.066727
93,29,30.0
93,3,24.62907
93,4,30.714859
93,5,35.59794
93,6,39.398087
93,7,42.273674
93,8,44.39618
93,9,45.92173
94,0,0.0
94,1,11.155121
94,10,53.28699
94,11,53.977165
94,12,54.42872
94,13,54.714478
94,14,54.88549
94,15,54.976307
94,16,55.00708
94,17,54.984
94,18,54.9024
94,19,54.741005
94,2,21.257975
94,20,54.46614
94,21,54.018513
94,22,53.319393
94,23,52.251175
94,24,50.66963
94,25,48.390656
94,26,45.230034
94,27,41.044624
94,28,35.859043
94,29,30.0
94,3,29.758163
94,4,36.55718
94,5,41.81131
94,6,45.76543
94,7,48.678604
94,8,50.77896
94,9,52.263107
95,0,0.0
95,1,14.453328
95,10,60.784306
95,11,61.404186
95,12,61.80643
95,13,62.058228
95,14,62.20745
95,15,62.28492
95,16,62.307476
95,17,62.28053
95,18,62.195366
95,19,62.031906
95,2,26.936892
95,20,61.74868
95,21,61.285347
95,22,60.54316
95,23,59.38596
95,24,57.611458
95,25,54.95524
95,26,51.0791
95,27,45.644768
95,28,38.485043
95,29,30.0
95,3,36.81207
95,4,44.26017
95,5,49.729862
95,6,53.68245
95,7,56.499104
95,8,58.4807
95,9,59.85172
96,0,0.0
96,1,19.795921
96,10,69.41342
96,11,69.92745
96,12,70.25729
96,13,70.46248
96,14,70.58277
96,15,70.643845
96,16,70.659584
96,17,70.632355
96,18,70.55507
96,19,70.40543
96,2,35.37316
96,20,70.14713
96,21,69.71542
96,22,69.01433
96,23,67.88734
96,24,66.10096
96,25,63.28974
96,26,58.92029
96,27,52.262814
96,28,42.58744
96,29,30.0
96,3,46.525894
96,4,54.25587
96,5,59.573914
96,6,63.230484
96,7,65.7446
96,8,67.464615
96,9,68.63229
97,0,0.0
97,1,29.423634
97,10,79.01078
97,11,79.38036
97,12,79.61615
97,13,79.7616
97,14,79.84634
97,15,79.88873
97,16,79.89816
97,17,79.87659
97,18,79.81663
97,19,79.70243
97,2,48.370747
97,20,79.50194
97,21,79.16517
97,22,78.605484
97,23,77.68564
97,24,76.16879
97,25,73.651695
97,26,69.409195
97,27,62.148796
97,28,49.72693
97,29,30.0
97,3,59.867996
97,4,66.94682
97,5,71.435455
97,6,74.35793
97,7,76.292366
97,8,77.58318
97,9,78.44261
98,0,0.0
98,1,49.57911
98,10,89.31729
98,11,89.5114
98,12,89.63438
98,13,89.71005
98,14,89.753876
98,15,89.77555
98,16,89.78006
98,17,89.76784
98,18,89.73541
98,19,89.67281
98,2,68.91996
98,20,89.56344
98,21,89.3768
98,22,89.06394
98,23,88.53741
98,24,87.64244
98,25,86.074
98,26,83.18021
98,27,77.37435
98,28,64.26344
98,29,30.0
98,3,77.7856
98,4,82.43756
98,5,85.13147
98,6,86.79462
98,7,87.86164
98,8,88.55884
98,9,89.01739
99,0,0.0
99,1,100.0
99,10,100.0
99,11,100.0
99,12,100.0
99,13,100.0
99,14,100.0
99,15,100.0
99,16,100.0
99,17,100.0
99,18,100.0
99,19,100.0
99,2,100.0
99,20,100.0
99,21,100.0
99,22,100.0
99,23,100.0
99,24,100.0
99,25,100.0
99,26,100.0
99,27,100.0
99,28,100.0
99,29,30.0
99,3,100.0
99,4,100.0
99,5,100.0
99,6,100.0
99,7,100.0
99,8,100.0
99,9,100.0
