0,0,0.0
0,1,0.0
0,10,0.0
0,11,0.0
0,12,0.0
0,13,0.0
0,14,0.0
0,15,30.0
0,2,0.0
0,3,0.0
0,4,0.0
0,5,0.0
0,6,0.0
0,7,0.0
0,8,0.0
0,9,0.0
1,0,0.0
1,1,0.6300061
1,10,5.151544
1,11,5.924011
1,12,7.2186656
1,13,9.724647
1,14,15.336184
1,15,30.0
1,2,1.2444539
1,3,1.8296659
1,4,2.375527
1,5,2.876976
1,6,3.3354013
1,7,3.7605076
1,8,4.173485
1,9,4.6134634
10,0,0.0
10,1,11.091841
10,10,49.326054
10,11,47.718307
10,12,44.94653
10,13,40.956947
10,14,35.844048
10,15,30.0
10,2,21.139286
10,3,29.591507
10,4,36.339508
10,5,41.50725
10,6,45.290306
10,7,47.86886
10,8,49.37036
10,9,49.85712
11,0,0.0
11,1,14.519165
11,10,56.956493
11,11,54.83213
11,12,51.211224
11,13,45.835
11,14,38.610527
11,15,30.0
11,2,27.068108
11,3,37.0031
11,4,44.48602
11,5,49.933006
11,6,53.747093
11,7,56.22941
11,8,57.56333
11,9,57.81871
12,0,0.0
12,1,19.91898
12,10,65.85957
12,11,63.451637
12,12,59.23851
12,13,52.566387
12,14,42.765663
12,15,30.0
12,2,35.615368
12,3,46.873272
12,4,54.676785
12,5,60.001465
12,6,63.546585
12,7,65.74994
12,8,66.84661
12,9,66.9093
13,0,0.0
13,1,29.543255
13,10,76.12944
13,11,73.88377
13,12,69.73072
13,13,62.430515
13,14,49.887863
13,15,30.0
13,2,48.60476
13,3,60.203186
13,4,67.35318
13,5,71.85751
13,6,74.69676
13,7,76.3866
13,8,77.173485
13,9,77.1216
14,0,0.0
14,1,49.650597
14,10,87.658905
14,11,86.22856
14,12,83.374275
14,13,77.54001
14,14,64.35677
14,15,30.0
14,2,69.05982
14,3,77.985275
14,4,82.68008
14,5,85.38433
14,6,87.002686
14,7,87.93293
14,8,88.34591
14,9,88.280754
15,0,0.0
15,1,100.0
15,10,100.0
15,11,100.0
15,12,100.0
15,13,100.0
15,14,100.0
15,15,30.0
15,2,100.0
15,3,100.0
15,4,100.0
15,5,100.0
15,6,100.0
15,7,100.0
15,8,100.0
15,9,100.0
2,0,0.0
2,1,1.2759459
2,10,10.070568
2,11,11.327465
2,12,13.227307
2,13,16.344654
2,14,21.620556
2,15,30.0
2,2,2.5188942
2,3,3.6997678
2,4,4.796876
2,5,5.798639
2,6,6.7060013
2,7,7.535145
2,8,8.322025
2,9,9.130829
3,0,0.0
3,1,1.955648
3,10,14.676165
3,11,16.091227
3,12,18.021069
3,13,20.80792
3,14,24.802332
3,15,30.0
3,2,3.8568978
3,3,5.655839
3,4,7.3163757
3,5,8.818061
3,6,10.158566
3,7,11.356073
3,8,12.452747
3,9,13.521282
4,0,0.0
4,1,2.690885
4,10,19.02716
4,11,20.345093
4,12,21.96172
4,13,24.06637
4,14,26.78225
4,15,30.0
4,2,5.299478
4,3,7.7535954
4,4,9.9989805
4,5,12.003675
4,6,13.759789
4,7,15.283853
4,8,16.617779
4,9,17.831402
5,0,0.0
5,1,3.5099468
5,10,23.263382
5,11,24.30669
5,12,25.419518
5,13,26.717188
5,14,28.262154
5,15,30.0
5,2,6.8995233
5,3,10.064496
5,4,12.927891
5,5,15.444582
5,6,17.600534
5,7,19.409779
5,8,20.911276
5,9,22.167353
6,0,0.0
6,1,4.4512577
6,10,27.561394
6,11,28.20668
6,12,28.69879
6,13,29.125134
6,14,29.551445
6,15,30.0
6,2,8.727907
6,3,12.6823845
6,4,16.210491
6,5,19.25446
6,6,21.797243
6,7,23.85329
6,8,25.460243
6,9,26.673141
7,0,0.0
7,1,5.5693965
7,10,32.1129
7,11,32.26901
7,12,32.051174
7,13,31.538233
7,14,30.821123
7,15,30.0
7,2,10.882794
7,3,15.733016
7,4,19.98534
7,5,23.57518
7,6,26.49144
7,7,28.757383
7,8,30.41494
7,9,31.514961
8,0,0.0
8,1,6.945989
8,10,37.117897
8,11,36.715427
8,12,35.706757
8,13,34.161163
8,14,32.19772
8,15,30.0
8,2,13.505727
8,3,19.388597
8,4,24.43176
8,5,28.580168
8,6,31.847942
8,7,34.28258
8,8,35.940144
8,9,36.871452
9,0,0.0
9,1,8.711463
9,10,42.78411
9,11,41.778725
9,12,39.907837
9,13,37.2079
9,14,33.811653
9,15,30.0
9,2,16.810667
9,3,23.89143
9,4,29.782534
9,5,34.47718
9,6,38.05024
9,7,40.598347
9,8,42.20529
9,9,42.926144
