0,0,0.0
0,1,0.0
0,10,0.0
0,11,0.0
0,12,0.0
0,13,0.0
0,14,0.0
0,15,30.0
0,2,0.0
0,3,0.0
0,4,0.0
0,5,0.0
0,6,0.0
0,7,0.0
0,8,0.0
0,9,0.0
1,0,0.0
1,1,0.63567746
1,10,5.1765075
1,11,5.9455633
1,12,7.235798
1,13,9.736546
1,14,15.34228
1,15,30.0
1,2,1.2555776
1,3,1.8458036
1,4,2.3960404
1,5,2.9010334
1,6,3.3620124
1,7,3.788546
1,8,4.2017417
1,9,4.6406875
10,0,0.0
10,1,11.119928
10,10,49.44862
10,11,47.824024
10,12,45.03051
10,13,41.01524
10,14,35.873905
10,15,30.0
10,2,21.194344
10,3,29.671345
10,4,36.440895
10,5,41.626053
10,6,45.42156
10,7,48.006996
10,8,49.5094
10,9,49.990932
11,0,0.0
11,1,14.543703
11,10,57.063488
11,11,54.924416
11,12,51.28452
11,13,45.885883
11,14,38.636585
11,15,30.0
11,2,27.11621
11,3,37.072845
11,4,44.574585
11,5,50.03677
11,6,53.861725
11,7,56.350037
11,8,57.68474
11,9,57.935535
12,0,0.0
12,1,19.938675
12,10,65.9454
12,11,63.52565
12,12,59.297295
12,13,52.607193
12,14,42.78656
12,15,30.0
12,2,35.653973
12,3,46.929253
12,4,54.747864
12,5,60.084732
12,6,63.638557
12,7,65.84672
12,8,66.94401
12,9,67.003006
13,0,0.0
13,1,29.55703
13,10,76.18945
13,11,73.935524
13,12,69.77182
13,13,62.45904
13,14,49.902473
13,15,30.0
13,2,48.63176
13,3,60.24233
13,4,67.40289
13,5,71.91575
13,6,74.76109
13,7,76.454285
13,8,77.241585
13,9,77.187126
14,0,0.0
14,1,49.657684
14,10,87.68977
14,11,86.25518
14,12,83.395424
14,13,77.55469
14,14,64.36429
14,15,30.0
14,2,69.073715
14,3,78.005424
14,4,82.70565
14,5,85.41429
14,6,87.03578
14,7,87.96775
14,8,88.38094
14,9,88.31445
15,0,0.0
15,1,100.0
15,10,100.0
15,11,100.0
15,12,100.0
15,13,100.0
15,14,100.0
15,15,30.0
15,2,100.0
15,3,100.0
15,4,100.0
15,5,100.0
15,6,100.0
15,7,100.0
15,8,100.0
15,9,100.0
2,0,0.0
2,1,1.2871337
2,10,10.119784
2,11,11.369955
2,12,13.261084
2,13,16.36811
2,14,21.632576
2,15,30.0
2,2,2.5408325
2,3,3.7316
2,4,4.837332
2,5,5.846086
2,6,6.7584763
2,7,7.590437
2,8,8.377741
2,9,9.184507
3,0,0.0
3,1,1.972028
3,10,14.748179
3,11,16.153397
3,12,18.070482
3,13,20.842243
3,14,24.819914
3,15,30.0
3,2,3.889023
3,3,5.702441
3,4,7.375608
3,5,8.887516
3,6,10.235383
3,7,11.436998
3,8,12.534288
3,9,13.599833
4,0,0.0
4,1,2.711959
4,10,19.119722
4,11,20.424986
4,12,22.02522
4,13,24.110468
4,14,26.804844
4,15,30.0
4,2,5.3407993
4,3,7.8135448
4,4,10.075159
4,5,12.093003
4,6,13.858561
4,7,15.387901
4,8,16.722603
4,9,17.932373
5,0,0.0
5,1,3.5350137
5,10,23.373375
5,11,24.401623
5,12,25.49496
5,13,26.769579
5,14,28.288992
5,15,30.0
5,2,6.94868
5,3,10.135796
5,4,13.018495
5,5,15.550801
5,6,17.71798
5,7,19.53347
5,8,21.035877
5,9,22.287354
6,0,0.0
6,1,4.4794207
6,10,27.684822
6,11,28.313196
6,12,28.783434
6,13,29.183907
6,14,29.581553
6,15,30.0
6,2,8.783124
6,3,12.76248
6,4,16.312248
6,5,19.373749
6,6,21.92911
6,7,23.99216
6,8,25.600101
6,9,26.807823
7,0,0.0
7,1,5.599554
7,10,32.244923
7,11,32.38293
7,12,32.141685
7,13,31.601082
7,14,30.853313
7,15,30.0
7,2,10.941927
7,3,15.818771
7,4,20.094288
7,5,23.70287
7,6,26.63258
7,7,28.905989
7,8,30.564587
7,9,31.659037
8,0,0.0
8,1,6.976873
8,10,37.252937
8,11,36.831932
8,12,35.799324
8,13,34.225426
8,14,32.230637
8,15,30.0
8,2,13.566275
8,3,19.476408
8,4,24.543295
8,5,28.710884
8,6,31.992393
8,7,34.434654
8,8,36.093254
8,9,37.01885
9,0,0.0
9,1,8.741674
9,10,42.916077
9,11,41.892567
9,12,39.99827
9,13,37.270683
9,14,33.843803
9,15,30.0
9,2,16.869898
9,3,23.977314
9,4,29.89162
9,5,34.605003
9,6,38.191483
9,7,40.747017
9,8,42.354958
9,9,43.07019
