0,0,0.0
0,1,0.0
0,10,0.0
0,11,0.0
0,12,0.0
0,13,0.0
0,14,0.0
0,15,30.0
0,2,0.0
0,3,0.0
0,4,0.0
0,5,0.0
0,6,0.0
0,7,0.0
0,8,0.0
0,9,0.0
1,0,0.0
1,1,0.73222095
1,10,5.360355
1,11,6.083891
1,12,7.3325872
1,13,9.797217
1,14,15.37125
1,15,30.0
1,2,1.4397818
1,3,2.1005466
1,4,2.6996536
1,5,3.2286298
1,6,3.6904495
1,7,4.097255
1,8,4.4760275
1,9,4.8714147
10,0,0.0
10,1,10.820282
10,10,47.296997
10,11,45.894554
10,12,43.4521
10,13,39.895245
10,14,35.29323
10,15,30.0
10,2,20.587938
10,3,28.749866
10,4,35.198563
10,5,40.072342
10,6,43.584915
10,7,45.943462
10,8,47.30252
10,9,47.74818
11,0,0.0
11,1,14.21507
11,10,54.9196
11,11,53.014698
11,12,49.727634
11,13,44.785744
11,14,38.06659
11,15,30.0
11,2,26.456821
11,3,36.080215
11,4,43.254456
11,5,48.406597
11,6,51.960266
11,7,54.238914
11,8,55.45012
11,9,55.685844
12,0,0.0
12,1,19.631968
12,10,64.05484
12,11,61.846607
12,12,57.93365
12,13,51.644577
12,14,42.288948
12,15,30.0
12,2,35.040318
12,3,46.011864
12,4,53.535717
12,5,58.60032
12,6,61.920067
12,7,63.95259
12,8,64.952576
12,9,65.00853
13,0,0.0
13,1,29.320282
13,10,74.7791
13,11,72.68687
13,12,68.75866
13,13,61.745445
13,14,49.533485
13,15,30.0
13,2,48.15959
13,3,59.538315
13,4,66.4772
13,5,70.786865
13,6,73.46049
13,7,75.027084
13,8,75.74669
13,9,75.69579
14,0,0.0
14,1,49.528984
14,10,86.93685
14,11,85.58896
14,12,82.85585
14,13,77.17456
14,14,64.168015
14,15,30.0
14,2,68.81712
14,3,77.62381
14,4,82.20471
14,5,84.80513
14,6,86.33557
14,7,87.20119
14,8,87.579956
14,9,87.51654
15,0,0.0
15,1,100.0
15,10,100.0
15,11,100.0
15,12,100.0
15,13,100.0
15,14,100.0
15,15,30.0
15,2,100.0
15,3,100.0
15,4,100.0
15,5,100.0
15,6,100.0
15,7,100.0
15,8,100.0
15,9,100.0
2,0,0.0
2,1,1.4621637
2,10,10.421406
2,11,11.59045
2,12,13.411141
2,13,16.45929
2,14,21.67537
2,15,30.0
2,2,2.873444
2,3,4.1908026
2,4,5.380785
2,5,6.4291787
2,6,7.33669
2,7,8.127815
2,8,8.847412
2,9,9.571997
3,0,0.0
3,1,2.191833
3,10,15.047402
3,11,16.355206
3,12,18.19435
3,13,20.910116
3,14,24.848812
3,15,30.0
3,2,4.305859
3,3,6.27256
3,4,8.044313
3,5,9.592876
3,6,10.921546
3,7,12.056488
3,8,13.056481
3,9,14.010011
4,0,0.0
4,1,2.93428
4,10,19.266304
4,11,20.480572
4,12,22.024666
4,13,24.08686
4,14,26.785799
4,15,30.0
4,2,5.7579374
4,3,8.377242
4,4,10.720336
4,5,12.753294
4,6,14.47053
4,7,15.905066
4,8,17.116268
4,9,18.19611
5,0,0.0
5,1,3.7145324
5,10,23.214825
5,11,24.184528
5,12,25.270344
5,13,26.587822
5,14,28.18748
5,15,30.0
5,2,7.280513
5,3,10.568112
5,4,13.488537
5,5,15.990173
5,6,18.07041
5,7,19.757992
5,8,21.117046
5,9,22.233683
6,0,0.0
6,1,4.5779996
6,10,27.100225
6,11,27.721344
6,12,28.258224
6,13,28.79055
6,14,29.37154
6,15,30.0
6,2,8.953408
6,3,12.958666
6,4,16.474422
6,5,19.445873
6,6,21.864113
6,7,23.767212
6,8,25.217411
6,9,26.297382
7,0,0.0
7,1,5.5906453
7,10,31.169
7,11,31.36644
7,12,31.276558
7,13,30.972109
7,14,30.521824
7,15,30.0
7,2,10.902328
7,3,15.707725
7,4,19.866285
7,5,23.313358
7,6,26.055716
7,7,28.137867
7,8,29.631748
7,9,30.61627
8,0,0.0
8,1,6.853218
8,10,35.699184
8,11,35.40378
8,12,34.609863
8,13,33.370766
8,14,31.784397
8,15,30.0
8,2,13.300984
8,3,19.041035
8,4,23.903624
8,5,27.843544
8,6,30.889704
8,7,33.117474
8,8,34.611355
8,9,35.45026
9,0,0.0
9,1,8.514551
9,10,40.9778
9,11,40.13994
9,12,38.5531
9,13,36.24157
9,14,33.30809
9,15,30.0
9,2,16.40443
9,3,23.253546
9,4,28.893019
9,5,33.32345
9,6,36.641678
9,7,38.969067
9,8,40.419262
9,9,41.07495
