0,0,0.0
0,1,0.0
0,10,0.0
0,11,0.0
0,12,0.0
0,13,0.0
0,14,0.0
0,15,30.0
0,2,0.0
0,3,0.0
0,4,0.0
0,5,0.0
0,6,0.0
0,7,0.0
0,8,0.0
0,9,0.0
1,0,0.0
1,1,0.63569283
1,10,5.1765704
1,11,5.9456177
1,12,7.2358403
1,13,9.736576
1,14,15.342295
1,15,30.0
1,2,1.2556077
1,3,1.8458471
1,4,2.3960958
1,5,2.9010973
1,6,3.3620825
1,7,3.788619
1,8,4.2018147
1,9,4.640757
10,0,0.0
10,1,11.1199875
10,10,49.448875
10,11,47.82424
10,12,45.030678
10,13,41.015358
10,14,35.873962
10,15,30.0
10,2,21.19446
10,3,29.671513
10,4,36.44111
10,5,41.6263
10,6,45.42183
10,7,48.007282
10,8,49.50968
10,9,49.991203
11,0,0.0
11,1,14.543753
11,10,57.063698
11,11,54.9246
11,12,51.284668
11,13,45.88598
11,14,38.636635
11,15,30.0
11,2,27.11631
11,3,37.072983
11,4,44.574764
11,5,50.036976
11,6,53.861954
11,7,56.350277
11,8,57.684975
11,9,57.93577
12,0,0.0
12,1,19.938713
12,10,65.94556
12,11,63.525795
12,12,59.2974
12,13,52.607265
12,14,42.7866
12,15,30.0
12,2,35.654045
12,3,46.929356
12,4,54.747997
12,5,60.08489
12,6,63.638733
12,7,65.8469
12,8,66.94419
12,9,67.00319
13,0,0.0
13,1,29.557053
13,10,76.18956
13,11,73.935616
13,12,69.77189
13,13,62.45909
13,14,49.902496
13,15,30.0
13,2,48.63181
13,3,60.2424
13,4,67.402985
13,5,71.91585
13,6,74.7612
13,7,76.4544
13,8,77.24171
13,9,77.18724
14,0,0.0
14,1,49.657696
14,10,87.68983
14,11,86.25522
14,12,83.395454
14,13,77.55472
14,14,64.3643
14,15,30.0
14,2,69.07374
14,3,78.005455
14,4,82.705696
14,5,85.41434
14,6,87.035835
14,7,87.96781
14,8,88.381004
14,9,88.314514
15,0,0.0
15,1,100.0
15,10,100.0
15,11,100.0
15,12,100.0
15,13,100.0
15,14,100.0
15,15,30.0
15,2,100.0
15,3,100.0
15,4,100.0
15,5,100.0
15,6,100.0
15,7,100.0
15,8,100.0
15,9,100.0
2,0,0.0
2,1,1.2871637
2,10,10.119907
2,11,11.37006
2,12,13.261168
2,13,16.368168
2,14,21.632605
2,15,30.0
2,2,2.540891
2,3,3.731685
2,4,4.8374386
2,5,5.8462114
2,6,6.7586136
2,7,7.590579
2,8,8.377882
2,9,9.184643
3,0,0.0
3,1,1.9720712
3,10,14.748357
3,11,16.15355
3,12,18.070602
3,13,20.842323
3,14,24.819956
3,15,30.0
3,2,3.8891082
3,3,5.702564
3,4,7.375763
3,5,8.887696
3,6,10.23558
3,7,11.437203
3,8,12.534493
3,9,13.600027
4,0,0.0
4,1,2.7120135
4,10,19.119946
4,11,20.425179
4,12,22.025372
4,13,24.110573
4,14,26.804895
4,15,30.0
4,2,5.340906
4,3,7.8136997
4,4,10.075354
4,5,12.093231
4,6,13.85881
4,7,15.388162
4,8,16.722862
4,9,17.932617
5,0,0.0
5,1,3.5350769
5,10,23.373634
5,11,24.401846
5,12,25.495134
5,13,26.7697
5,14,28.289053
5,15,30.0
5,2,6.9488044
5,3,10.135975
5,4,13.018722
5,5,15.551064
5,6,17.718267
5,7,19.533772
5,8,21.036175
5,9,22.28764
6,0,0.0
6,1,4.4794903
6,10,27.685104
6,11,28.313438
6,12,28.783623
6,13,29.18404
6,14,29.58162
6,15,30.0
6,2,8.783259
6,3,12.762675
6,4,16.312494
6,5,19.374037
6,6,21.929424
6,7,23.992489
6,8,25.60043
6,9,26.808132
7,0,0.0
7,1,5.5996256
7,10,32.245216
7,11,32.38318
7,12,32.141884
7,13,31.601217
7,14,30.853386
7,15,30.0
7,2,10.942067
7,3,15.8189745
7,4,20.094545
7,5,23.703165
7,6,26.632908
7,7,28.90633
7,8,30.56493
7,9,31.65936
8,0,0.0
8,1,6.976944
8,10,37.253227
8,11,36.832184
8,12,35.799522
8,13,34.225563
8,14,32.230705
8,15,30.0
8,2,13.566411
8,3,19.476608
8,4,24.543547
8,5,28.711178
8,6,31.992718
8,7,34.434994
8,8,36.09359
8,9,37.01917
9,0,0.0
9,1,8.741739
9,10,42.91635
9,11,41.892807
9,12,39.99845
9,13,37.27081
9,14,33.84387
9,15,30.0
9,2,16.870028
9,3,23.9775
9,4,29.89186
9,5,34.60528
9,6,38.191795
9,7,40.747337
9,8,42.355278
9,9,43.0705
