0,0,0.0
0,1,0.0
0,10,0.0
0,11,0.0
0,12,0.0
0,13,0.0
0,14,0.0
0,15,0.0
0,16,0.0
0,17,0.0
0,18,0.0
0,19,0.0
0,2,0.0
0,20,0.0
0,21,0.0
0,22,0.0
0,23,0.0
0,24,0.0
0,25,0.0
0,26,0.0
0,27,0.0
0,28,0.0
0,29,30.0
0,3,0.0
0,4,0.0
0,5,0.0
0,6,0.0
0,7,0.0
0,8,0.0
0,9,0.0
1,0,0.0
1,1,0.34260902
1,10,2.6380043
1,11,2.7681599
1,12,2.876723
1,13,2.9671254
1,14,3.0429773
1,15,3.1085587
1,16,3.1685
1,17,3.2282147
1,18,3.2941594
1,19,3.3744493
1,2,0.6791086
1,20,3.4800813
1,21,3.6265728
1,22,3.837723
1,23,4.1519475
1,24,4.6369677
1,25,5.4227023
1,26,6.7880974
1,27,9.410687
1,28,15.170948
1,29,30.0
1,3,1.0038203
1,4,1.311479
1,5,1.5979817
1,6,1.8598955
1,7,2.0953503
1,8,2.3031678
1,9,2.4837458
10,0,0.0
10,1,2.633823
10,10,20.252396
10,11,21.238503
10,12,22.052856
10,13,22.716368
10,14,23.25298
10,15,23.686424
10,16,24.041012
10,17,24.340042
10,18,24.605972
10,19,24.860344
10,2,5.220864
10,20,25.123154
10,21,25.4137
10,22,25.74892
10,23,26.144308
10,24,26.611074
10,25,27.156448
10,26,27.780186
10,27,28.47462
10,28,29.22269
10,29,30.0
10,3,7.7163944
10,4,10.08131
10,5,12.28192
10,6,14.294032
10,7,16.100353
10,8,17.694239
10,9,19.075308
11,0,0.0
11,1,2.7614129
11,10,21.22896
11,11,22.261436
11,12,23.112354
11,13,23.8046
11,14,24.361696
11,15,24.80862
11,16,25.169386
11,17,25.467363
11,18,25.724468
11,19,25.960876
11,2,5.4735403
11,20,26.195412
11,21,26.44453
11,22,26.72327
11,23,27.043337
11,24,27.414017
11,25,27.839624
11,26,28.32014
11,27,28.849098
11,28,29.414726
11,29,30.0
11,3,8.090111
11,4,10.569073
11,5,12.876453
11,6,14.985231
11,7,16.87906
11,8,18.549013
11,9,19.996548
12,0,0.0
12,1,2.8659935
12,10,22.029778
12,11,23.09937
12,12,23.980467
12,13,24.69532
12,14,25.268864
12,15,25.725697
12,16,26.090382
12,17,26.385912
12,18,26.633629
12,19,26.853043
12,2,5.6810093
12,20,27.061241
12,21,27.273603
12,22,27.502552
12,23,27.758596
12,24,28.048529
12,25,28.376392
12,26,28.741638
12,27,29.14016
12,28,29.563408
12,29,30.0
12,3,8.396427
12,4,10.969509
12,5,13.36375
12,6,15.552543
12,7,17.51727
12,8,19.25033
12,9,20.751453
13,0,0.0
13,1,2.9503298
13,10,22.674076
13,11,23.773926
13,12,24.678553
13,13,25.411625
13,14,25.997599
13,15,26.46191
13,16,26.82877
13,17,27.121162
13,18,27.360008
13,19,27.563866
13,2,5.847994
13,20,27.749208
13,21,27.92967
13,22,28.116951
13,23,28.319597
13,24,28.544071
13,25,28.793306
13,26,29.067776
13,27,29.364407
13,28,29.677765
13,29,30.0
13,3,8.643425
13,4,11.291801
13,5,13.7565975
13,6,16.009125
13,7,18.031614
13,8,19.814707
13,9,21.359573
14,0,0.0
14,1,3.016982
14,10,23.183613
14,11,24.306736
14,12,25.230175
14,13,25.977028
14,14,26.572704
14,15,27.042267
14,16,27.410282
14,17,27.699402
14,18,27.930176
14,19,28.12077
14,2,5.980235
14,20,28.286583
14,21,28.440815
14,22,28.59372
14,23,28.753578
14,24,28.92568
14,25,29.113382
14,26,29.317135
14,27,29.535522
14,28,29.764807
14,29,30.0
14,3,8.838627
14,4,11.546995
14,5,14.0670595
14,6,16.370552
14,7,18.438068
14,8,20.261284
14,9,21.840063
15,0,0.0
15,1,3.0688214
15,10,23.578875
15,11,24.72036
15,12,25.657894
15,13,26.41552
15,14,27.018248
15,15,27.491673
15,16,27.860077
15,17,28.146107
15,18,28.370033
15,19,28.54946
15,2,6.082854
15,20,28.699501
15,21,28.83237
15,22,28.958132
15,23,29.084057
15,24,29.215595
15,25,29.355644
15,26,29.505524
15,27,29.664425
15,28,29.830341
15,29,30.0
15,3,8.990428
15,4,11.745021
15,5,14.308435
15,6,16.651001
15,7,18.753965
15,8,20.607775
15,9,22.213318
16,0,0.0
16,1,3.1083174
16,10,23.880283
16,11,25.035347
16,12,25.983803
16,13,26.749264
16,14,27.357342
16,15,27.83336
16,16,28.201809
16,17,28.485123
16,18,28.703348
16,19,28.87389
16,2,6.1612253
16,20,29.011263
16,21,29.127539
16,22,29.232014
16,23,29.332008
16,24,29.4324
16,25,29.536541
16,26,29.645779
16,27,29.760323
16,28,29.879002
16,29,30.0
16,3,9.106085
16,4,11.896227
16,5,14.492334
16,6,16.865076
16,7,18.994627
16,8,20.872149
16,9,22.497644
17,0,0.0
17,1,3.1379387
17,10,24.105684
17,11,25.271114
17,12,26.227436
17,13,26.998837
17,14,27.61066
17,15,28.088537
17,16,28.456783
17,17,28.737818
17,18,28.95155
17,19,29.115055
17,2,6.2198496
17,20,29.242752
17,21,29.34618
17,22,29.434639
17,23,29.514927
17,24,29.592163
17,25,29.669464
17,26,29.74877
17,27,29.830582
17,28,29.91466
17,29,30.0
17,3,9.192813
17,4,12.009333
17,5,14.6301985
17,6,17.025204
17,7,19.174974
17,8,21.069883
17,9,22.710602
18,0,0.0
18,1,3.159692
18,10,24.271393
18,11,25.444193
18,12,26.406408
18,13,27.181969
18,14,27.796553
18,15,28.275625
18,16,28.643616
18,17,28.922832
18,18,29.133045
18,19,29.291267
18,2,6.2630186
18,20,29.411568
18,21,29.505493
18,22,29.581928
18,23,29.647789
18,24,29.7079
18,25,29.765709
18,26,29.823162
18,27,29.881332
18,28,29.940372
18,29,30.0
18,3,9.256504
18,4,12.092602
18,5,14.731441
18,6,17.143051
18,7,19.307411
18,8,21.215342
18,9,22.866968
19,0,0.0
19,1,3.1754203
19,10,24.390831
19,11,25.56907
19,12,26.535376
19,13,27.31399
19,14,27.930431
19,15,28.410343
19,16,28.77805
19,17,29.055847
19,18,29.26345
19,19,29.417683
19,2,6.294141
19,20,29.532616
19,21,29.619495
19,22,29.687267
19,23,29.742588
19,24,29.790451
19,25,29.834202
19,26,29.876106
19,27,29.91738
19,28,29.958645
19,29,30.0
19,3,9.302548
19,4,12.152634
19,5,14.804611
19,6,17.228008
19,7,19.403082
19,8,21.320198
19,9,22.97987
2,0,0.0
2,1,0.679099
2,10,5.2288904
2,11,5.4865346
2,12,5.7016425
2,13,5.8803267
2,14,6.0301795
2,15,6.1591835
2,16,6.2765594
2,17,6.392612
2,18,6.5195775
2,19,6.6727605
2,2,1.3461928
2,20,6.8720593
2,21,7.1454377
2,22,7.5334253
2,23,8.099031
2,24,8.94395
2,25,10.242016
2,26,12.300763
2,27,15.671496
2,28,21.266903
2,29,30.0
2,3,1.9897112
2,4,2.5997179
2,5,3.1674142
2,6,3.6867857
2,7,4.1532397
2,8,4.5653677
2,9,4.9230113
20,0,0.0
20,1,3.1865516
20,10,24.475468
20,11,25.657423
20,12,26.62669
20,13,27.407364
20,14,28.025139
20,15,28.505566
20,16,28.873028
20,17,29.149769
20,18,29.355427
20,19,29.506817
20,2,6.3162327
20,20,29.61782
20,21,29.699715
20,22,29.761246
20,23,29.80915
20,24,29.848291
20,25,29.88219
20,26,29.913126
20,27,29.9426
20,28,29.971409
20,29,30.0
20,3,9.335134
20,4,12.195236
20,5,14.856392
20,6,17.28828
20,7,19.470787
20,8,21.394547
20,9,23.059757
21,0,0.0
21,1,3.1943095
21,10,24.534252
21,11,25.718864
21,12,26.690105
21,13,27.47224
21,14,28.09088
21,15,28.571663
21,16,28.938911
21,17,29.214878
21,18,29.419167
21,19,29.5685
21,2,6.3315783
21,20,29.676775
21,21,29.755127
21,22,29.81234
21,23,29.855034
21,24,29.888165
21,25,29.91521
21,26,29.93861
21,27,29.959929
21,28,29.980188
21,29,30.0
21,3,9.357841
21,4,12.224832
21,5,14.892463
21,6,17.330147
21,7,19.51793
21,8,21.44619
21,9,23.115353
22,0,0.0
22,1,3.1995986
22,10,24.574394
22,11,25.760746
22,12,26.733376
22,13,27.516457
22,14,28.135702
22,15,28.616688
22,16,28.983782
22,17,29.259197
22,18,29.462517
22,19,29.610447
22,2,6.3420787
22,20,29.716808
22,21,29.792755
22,22,29.846975
22,23,29.886145
22,24,29.91515
22,25,29.937565
22,26,29.955833
22,27,29.97165
22,28,29.986118
22,29,30.0
22,3,9.373322
22,4,12.245073
22,5,14.917057
22,6,17.358768
22,7,19.55007
22,8,21.48148
22,9,23.153254
23,0,0.0
23,1,3.2031515
23,10,24.601254
23,11,25.788815
23,12,26.762323
23,13,27.54606
23,14,28.165676
23,15,28.646807
23,16,29.013775
23,17,29.28881
23,18,29.491474
23,19,29.638437
23,2,6.349104
23,20,29.743526
23,21,29.817825
23,22,29.870064
23,23,29.906845
23,24,29.933115
23,25,29.952421
23,26,29.967287
23,27,29.979433
23,28,29.990055
23,29,30.0
23,3,9.3837185
23,4,12.258619
23,5,14.933566
23,6,17.377924
23,7,19.571634
23,8,21.505096
23,9,23.178669
24,0,0.0
24,1,3.2054844
24,10,24.618927
24,11,25.807241
24,12,26.781355
24,13,27.565495
24,14,28.185368
24,15,28.666573
24,16,29.033463
24,17,29.308239
24,18,29.510454
24,19,29.656788
24,2,6.353736
24,20,29.761015
24,21,29.834248
24,22,29.885159
24,23,29.920383
24,24,29.944845
24,25,29.96213
24,26,29.97476
24,27,29.984512
24,28,29.992626
24,29,30.0
24,3,9.390546
24,4,12.267546
24,5,14.944408
24,6,17.390541
24,7,19.585796
24,8,21.520641
24,9,23.195358
25,0,0.0
25,1,3.206994
25,10,24.630314
25,11,25.819134
25,12,26.793617
25,13,27.578032
25,14,28.198051
25,15,28.679312
25,16,29.046139
25,17,29.320744
25,18,29.522676
25,19,29.668587
25,2,6.35672
25,20,29.77227
25,21,29.844795
25,22,29.894861
25,23,29.929075
25,24,29.952381
25,25,29.968355
25,26,29.979553
25,27,29.987772
25,28,29.994274
25,29,30.0
25,3,9.394962
25,4,12.273298
25,5,14.95142
25,6,17.398672
25,7,19.594948
25,8,21.530659
25,9,23.206139
26,0,0.0
26,1,3.2079487
26,10,24.637531
26,11,25.826656
26,12,26.801382
26,13,27.585957
26,14,28.206078
26,15,28.687363
26,16,29.054153
26,17,29.328651
26,18,29.530392
26,19,29.676044
26,2,6.358616
26,20,29.779366
26,21,29.851458
26,22,29.900976
26,23,29.934559
26,24,29.957129
26,25,29.972277
26,26,29.982574
26,27,29.989822
26,28,29.995312
26,29,30.0
26,3,9.397755
26,4,12.276949
26,5,14.955854
26,6,17.403831
26,7,19.600737
26,8,21.537012
26,9,23.212954
27,0,0.0
27,1,3.2085435
27,10,24.642006
27,11,25.83133
27,12,26.8062
27,13,27.590878
27,14,28.21106
27,15,28.69236
27,16,29.059126
27,17,29.333548
27,18,29.535181
27,19,29.680656
27,2,6.3597918
27,20,29.78377
27,21,29.855576
27,22,29.904766
27,23,29.937948
27,24,29.96006
27,25,29.974705
27,26,29.984438
27,27,29.99109
27,28,29.995953
27,29,30.0
27,3,9.399495
27,4,12.279215
27,5,14.958613
27,6,17.407032
27,7,19.60434
27,8,21.540953
27,9,23.217196
28,0,0.0
28,1,3.2089057
28,10,24.64474
28,11,25.834175
28,12,26.809135
28,13,27.593876
28,14,28.21409
28,15,28.695404
28,16,29.06215
28,17,29.336535
28,18,29.538088
28,19,29.68347
28,2,6.360511
28,20,29.786442
28,21,29.858084
28,22,29.907064
28,23,29.94001
28,24,29.96185
28,25,29.976175
28,26,29.985573
28,27,29.99186
28,28,29.996342
28,29,30.0
28,3,9.400555
28,4,12.280601
28,5,14.960295
28,6,17.408987
28,7,19.606533
28,8,21.543358
28,9,23.219776
29,0,0.0
29,1,3.209123
29,10,24.64637
29,11,25.835876
29,12,26.81089
29,13,27.595667
29,14,28.2159
29,15,28.697218
29,16,29.063957
29,17,29.338312
29,18,29.539827
29,19,29.685144
29,2,6.3609405
29,20,29.788038
29,21,29.859577
29,22,29.90844
29,23,29.941238
29,24,29.96291
29,25,29.977055
29,26,29.986248
29,27,29.99232
29,28,29.996574
29,29,30.0
29,3,9.40119
29,4,12.281427
29,5,14.961303
29,6,17.410156
29,7,19.607847
29,8,21.544798
29,9,23.221321
3,0,0.0
3,1,1.00378
3,10,7.727661
3,11,8.108358
3,12,8.425477
3,13,8.688861
3,14,8.9088125
3,15,9.097393
3,16,9.267439
3,17,9.43361
3,18,9.612853
3,19,9.825605
3,2,1.9896592
3,20,10.098211
3,21,10.4653845
3,22,10.976046
3,23,11.699997
3,24,12.741166
3,25,14.254074
3,26,16.466206
3,27,19.683657
3,28,24.213194
3,29,30.0
3,3,2.9409838
3,4,3.8423405
3,5,4.681679
3,6,5.44896
3,7,6.1386623
3,8,6.747348
3,9,7.2761207
30,0,0.0
30,1,3.2092505
30,10,24.647327
30,11,25.836874
30,12,26.811918
30,13,27.596714
30,14,28.216963
30,15,28.69828
30,16,29.065014
30,17,29.339357
30,18,29.540844
30,19,29.686127
30,2,6.3611927
30,20,29.78897
30,21,29.860453
30,22,29.909243
30,23,29.941956
30,24,29.963533
30,25,29.977568
30,26,29.986645
30,27,29.992586
30,28,29.99671
30,29,30.0
30,3,9.401563
30,4,12.281915
30,5,14.961893
30,6,17.410843
30,7,19.608616
30,8,21.545643
30,9,23.222229
31,0,0.0
31,1,3.2093236
31,10,24.647877
31,11,25.83745
31,12,26.812508
31,13,27.597319
31,14,28.217571
31,15,28.698895
31,16,29.065622
31,17,29.339954
31,18,29.541428
31,19,29.68669
31,2,6.3613386
31,20,29.789507
31,21,29.860958
31,22,29.909702
31,23,29.94237
31,24,29.963888
31,25,29.977865
31,26,29.98687
31,27,29.992743
31,28,29.996788
31,29,30.0
31,3,9.401777
31,4,12.282194
31,5,14.9622345
31,6,17.411236
31,7,19.609062
31,8,21.546127
31,9,23.222748
32,0,0.0
32,1,3.2093654
32,10,24.648188
32,11,25.837774
32,12,26.812845
32,13,27.597658
32,14,28.217918
32,15,28.699238
32,16,29.065966
32,17,29.340292
32,18,29.541758
32,19,29.687008
32,2,6.3614206
32,20,29.78981
32,21,29.861238
32,22,29.909962
32,23,29.9426
32,24,29.964092
32,25,29.978027
32,26,29.987
32,27,29.992828
32,28,29.996834
32,29,30.0
32,3,9.401899
32,4,12.282352
32,5,14.962426
32,6,17.41146
32,7,19.609312
32,8,21.546402
32,9,23.223043
33,0,0.0
33,1,3.2093883
33,10,24.648361
33,11,25.837952
33,12,26.813026
33,13,27.597847
33,14,28.218105
33,15,28.699432
33,16,29.066153
33,17,29.340479
33,18,29.541939
33,19,29.687183
33,2,6.3614664
33,20,29.789976
33,21,29.861397
33,22,29.910107
33,23,29.94273
33,24,29.9642
33,25,29.978123
33,26,29.987068
33,27,29.992874
33,28,29.996855
33,29,30.0
33,3,9.401966
33,4,12.28244
33,5,14.962533
33,6,17.411583
33,7,19.60945
33,8,21.546555
33,9,23.223204
34,0,0.0
34,1,3.209401
34,10,24.648453
34,11,25.83805
34,12,26.813128
34,13,27.59795
34,14,28.218212
34,15,28.699532
34,16,29.066257
34,17,29.340578
34,18,29.542038
34,19,29.687275
34,2,6.3614907
34,20,29.79007
34,21,29.861479
34,22,29.910183
34,23,29.942799
34,24,29.964264
34,25,29.97817
34,26,29.987106
34,27,29.9929
34,28,29.996868
34,29,30.0
34,3,9.402002
34,4,12.282488
34,5,14.962591
34,6,17.41165
34,7,19.609528
34,8,21.546635
34,9,23.223295
35,0,0.0
35,1,3.2094073
35,10,24.648504
35,11,25.8381
35,12,26.813183
35,13,27.598003
35,14,28.218264
35,15,28.69959
35,16,29.06631
35,17,29.340633
35,18,29.542088
35,19,29.687328
35,2,6.3615036
35,20,29.790115
35,21,29.861526
35,22,29.910225
35,23,29.942837
35,24,29.964294
35,25,29.978199
35,26,29.987125
35,27,29.992914
35,28,29.996876
35,29,30.0
35,3,9.402021
35,4,12.282513
35,5,14.962622
35,6,17.411686
35,7,19.609566
35,8,21.54668
35,9,23.22334
36,0,0.0
36,1,3.209411
36,10,24.648527
36,11,25.838127
36,12,26.81321
36,13,27.59803
36,14,28.218292
36,15,28.699615
36,16,29.066343
36,17,29.34066
36,18,29.54212
36,19,29.687353
36,2,6.3615108
36,20,29.790142
36,21,29.86155
36,22,29.910248
36,23,29.942856
36,24,29.96431
36,25,29.978209
36,26,29.987137
36,27,29.99292
36,28,29.99688
36,29,30.0
36,3,9.402032
36,4,12.282526
36,5,14.962637
36,6,17.411705
36,7,19.609587
36,8,21.546701
36,9,23.223364
37,0,0.0
37,1,3.2094128
37,10,24.64854
37,11,25.83814
37,12,26.813225
37,13,27.598045
37,14,28.218306
37,15,28.69963
37,16,29.066353
37,17,29.340677
37,18,29.542131
37,19,29.68737
37,2,6.3615146
37,20,29.790154
37,21,29.861563
37,22,29.910257
37,23,29.942865
37,24,29.964317
37,25,29.978218
37,26,29.987143
37,27,29.992928
37,28,29.99688
37,29,30.0
37,3,9.402038
37,4,12.282534
37,5,14.962645
37,6,17.411715
37,7,19.609596
37,8,21.546713
37,9,23.223377
38,0,0.0
38,1,3.2094135
38,10,24.648546
38,11,25.838146
38,12,26.81323
38,13,27.598053
38,14,28.218313
38,15,28.699636
38,16,29.06636
38,17,29.340683
38,18,29.54214
38,19,29.687374
38,2,6.3615165
38,20,29.790161
38,21,29.861565
38,22,29.910265
38,23,29.94287
38,24,29.964321
38,25,29.978222
38,26,29.987144
38,27,29.992928
38,28,29.996883
38,29,30.0
38,3,9.4020405
38,4,12.282536
38,5,14.96265
38,6,17.411718
38,7,19.6096
38,8,21.546719
38,9,23.223383
39,0,0.0
39,1,3.209414
39,10,24.648552
39,11,25.838152
39,12,26.813232
39,13,27.598055
39,14,28.218315
39,15,28.699642
39,16,29.066364
39,17,29.340687
39,18,29.542143
39,19,29.687378
39,2,6.3615165
39,20,29.790163
39,21,29.86157
39,22,29.910265
39,23,29.942873
39,24,29.964327
39,25,29.978222
39,26,29.987148
39,27,29.992928
39,28,29.996883
39,29,30.0
39,3,9.4020405
39,4,12.282537
39,5,14.962651
39,6,17.41172
39,7,19.609604
39,8,21.54672
39,9,23.223387
4,0,0.0
4,1,1.31137
4,10,10.09492
4,11,10.591281
4,12,11.0048685
4,13,11.347189
4,14,11.632335
4,15,11.874916
4,16,12.091411
4,17,12.299643
4,18,12.519878
4,19,12.7761135
4,2,2.5995402
4,20,13.097392
4,21,13.521279
4,22,14.096361
4,23,14.888432
4,24,15.984774
4,25,17.500566
4,26,19.57534
4,27,22.349615
4,28,25.884878
4,29,30.0
4,3,3.8421788
4,4,5.0200543
4,5,6.1162086
4,6,7.1189594
4,7,8.019474
4,8,8.814937
4,9,9.505051
40,0,0.0
40,1,3.209414
40,10,24.648554
40,11,25.83815
40,12,26.813236
40,13,27.598055
40,14,28.218319
40,15,28.699642
40,16,29.06637
40,17,29.340687
40,18,29.542145
40,19,29.68738
40,2,6.3615174
40,20,29.790169
40,21,29.86157
40,22,29.910269
40,23,29.942873
40,24,29.964325
40,25,29.978226
40,26,29.987146
40,27,29.992931
40,28,29.996883
40,29,30.0
40,3,9.4020405
40,4,12.282537
40,5,14.962651
40,6,17.41172
40,7,19.609604
40,8,21.546722
40,9,23.223385
41,0,0.0
41,1,3.2094142
41,10,24.648552
41,11,25.838154
41,12,26.813234
41,13,27.598059
41,14,28.218317
41,15,28.699646
41,16,29.066368
41,17,29.34069
41,18,29.542143
41,19,29.687382
41,2,6.361517
41,20,29.790165
41,21,29.861572
41,22,29.910267
41,23,29.942875
41,24,29.964329
41,25,29.978222
41,26,29.987148
41,27,29.992928
41,28,29.996883
41,29,30.0
41,3,9.402041
41,4,12.282537
41,5,14.96265
41,6,17.41172
41,7,19.609604
41,8,21.546722
41,9,23.223389
42,0,0.0
42,1,3.209414
42,10,24.648554
42,11,25.838152
42,12,26.813236
42,13,27.598055
42,14,28.218323
42,15,28.699642
42,16,29.06637
42,17,29.34069
42,18,29.542145
42,19,29.68738
42,2,6.361517
42,20,29.790169
42,21,29.86157
42,22,29.910269
42,23,29.942875
42,24,29.964329
42,25,29.978224
42,26,29.987148
42,27,29.992928
42,28,29.996883
42,29,30.0
42,3,9.4020405
42,4,12.282537
42,5,14.962652
42,6,17.41172
42,7,19.609604
42,8,21.546722
42,9,23.223389
43,0,0.0
43,1,3.209414
43,10,24.648552
43,11,25.838154
43,12,26.813234
43,13,27.598059
43,14,28.218319
43,15,28.699648
43,16,29.06637
43,17,29.340693
43,18,29.542145
43,19,29.687382
43,2,6.361517
43,20,29.790163
43,21,29.861572
43,22,29.910267
43,23,29.942875
43,24,29.964329
43,25,29.978226
43,26,29.987148
43,27,29.99293
43,28,29.996883
43,29,30.0
43,3,9.402041
43,4,12.282537
43,5,14.962651
43,6,17.411722
43,7,19.609604
43,8,21.546722
43,9,23.223389
44,0,0.0
44,1,3.209414
44,10,24.648554
44,11,25.838154
44,12,26.813236
44,13,27.598057
44,14,28.21832
44,15,28.699646
44,16,29.06637
44,17,29.34069
44,18,29.542145
44,19,29.687378
44,2,6.361517
44,20,29.790169
44,21,29.86157
44,22,29.910269
44,23,29.942875
44,24,29.964329
44,25,29.978224
44,26,29.98715
44,27,29.992928
44,28,29.996883
44,29,30.0
44,3,9.4020405
44,4,12.282537
44,5,14.962653
44,6,17.41172
44,7,19.609608
44,8,21.546724
44,9,23.223389
45,0,0.0
45,1,3.209414
45,10,24.648554
45,11,25.838154
45,12,26.813236
45,13,27.59806
45,14,28.218319
45,15,28.699646
45,16,29.066368
45,17,29.34069
45,18,29.542143
45,19,29.687382
45,2,6.361517
45,20,29.790163
45,21,29.861572
45,22,29.910267
45,23,29.942875
45,24,29.964327
45,25,29.978226
45,26,29.987148
45,27,29.992931
45,28,29.996883
45,29,30.0
45,3,9.402041
45,4,12.282537
45,5,14.962651
45,6,17.411722
45,7,19.609606
45,8,21.546726
45,9,23.223389
46,0,0.0
46,1,3.209414
46,10,24.648554
46,11,25.838154
46,12,26.813236
46,13,27.598057
46,14,28.218323
46,15,28.699644
46,16,29.066368
46,17,29.340689
46,18,29.542145
46,19,29.68738
46,2,6.361517
46,20,29.790167
46,21,29.861568
46,22,29.910269
46,23,29.942875
46,24,29.964329
46,25,29.978226
46,26,29.987148
46,27,29.992928
46,28,29.996883
46,29,30.0
46,3,9.4020405
46,4,12.282537
46,5,14.962651
46,6,17.411722
46,7,19.609608
46,8,21.546724
46,9,23.223389
47,0,0.0
47,1,3.209414
47,10,24.648554
47,11,25.838154
47,12,26.813236
47,13,27.59806
47,14,28.21832
47,15,28.699646
47,16,29.066368
47,17,29.34069
47,18,29.542143
47,19,29.687382
47,2,6.361517
47,20,29.790165
47,21,29.861572
47,22,29.910267
47,23,29.942877
47,24,29.964325
47,25,29.978226
47,26,29.987146
47,27,29.992928
47,28,29.996883
47,29,30.0
47,3,9.4020405
47,4,12.282537
47,5,14.962652
47,6,17.41172
47,7,19.609606
47,8,21.546724
47,9,23.223389
48,0,0.0
48,1,3.209414
48,10,24.648554
48,11,25.838154
48,12,26.813236
48,13,27.598057
48,14,28.21832
48,15,28.699646
48,16,29.066368
48,17,29.340687
48,18,29.542145
48,19,29.68738
48,2,6.361517
48,20,29.790169
48,21,29.86157
48,22,29.910269
48,23,29.942873
48,24,29.964329
48,25,29.978222
48,26,29.98715
48,27,29.992928
48,28,29.996883
48,29,30.0
48,3,9.402041
48,4,12.282537
48,5,14.962651
48,6,17.411722
48,7,19.609606
48,8,21.546722
48,9,23.223389
49,0,0.0
49,1,3.209414
49,10,24.648554
49,11,25.838154
49,12,26.813234
49,13,27.598057
49,14,28.21832
49,15,28.699644
49,16,29.06637
49,17,29.34069
49,18,29.542143
49,19,29.687382
49,2,6.361517
49,20,29.790165
49,21,29.861572
49,22,29.910267
49,23,29.942875
49,24,29.964325
49,25,29.978226
49,26,29.987146
49,27,29.992928
49,28,29.996883
49,29,30.0
49,3,9.4020405
49,4,12.282538
49,5,14.962652
49,6,17.411722
49,7,19.609606
49,8,21.546724
49,9,23.223389
5,0,0.0
5,1,1.5977428
5,10,12.296848
5,11,12.901007
5,12,13.403088
5,13,13.818187
5,14,14.161982
5,15,14.452433
5,16,14.708137
5,17,14.949528
5,18,15.199019
5,19,15.481892
5,2,3.166988
5,20,15.828251
5,21,16.27387
5,22,16.863653
5,23,17.652252
5,24,18.706997
5,25,20.104252
5,26,21.92158
5,27,24.211449
5,28,26.955172
5,29,30.0
5,3,4.681178
5,4,6.1158156
5,5,7.4516315
5,6,8.672707
5,7,9.770124
5,8,10.738461
5,9,11.579291
50,0,0.0
50,1,3.209414
50,10,24.648554
50,11,25.838154
50,12,26.813236
50,13,27.598059
50,14,28.21832
50,15,28.699646
50,16,29.066368
50,17,29.340689
50,18,29.542145
50,19,29.68738
50,2,6.361517
50,20,29.790167
50,21,29.86157
50,22,29.910269
50,23,29.942873
50,24,29.964327
50,25,29.978222
50,26,29.987146
50,27,29.992928
50,28,29.996883
50,29,30.0
50,3,9.402041
50,4,12.282537
50,5,14.962652
50,6,17.411722
50,7,19.609606
50,8,21.546724
50,9,23.223389
51,0,0.0
51,1,3.209414
51,10,24.648552
51,11,25.838154
51,12,26.813236
51,13,27.59806
51,14,28.218323
51,15,28.699648
51,16,29.06637
51,17,29.34069
51,18,29.542143
51,19,29.68738
51,2,6.361517
51,20,29.790165
51,21,29.861572
51,22,29.910265
51,23,29.942877
51,24,29.964325
51,25,29.978226
51,26,29.987148
51,27,29.992928
51,28,29.996883
51,29,30.0
51,3,9.4020405
51,4,12.282537
51,5,14.962651
51,6,17.41172
51,7,19.609606
51,8,21.546722
51,9,23.223389
52,0,0.0
52,1,3.209414
52,10,24.648554
52,11,25.838154
52,12,26.813236
52,13,27.59806
52,14,28.218323
52,15,28.699646
52,16,29.066368
52,17,29.340689
52,18,29.542147
52,19,29.68738
52,2,6.361517
52,20,29.790167
52,21,29.861568
52,22,29.91027
52,23,29.942875
52,24,29.964329
52,25,29.978224
52,26,29.987146
52,27,29.992928
52,28,29.996883
52,29,30.0
52,3,9.4020405
52,4,12.282537
52,5,14.962652
52,6,17.411722
52,7,19.609604
52,8,21.546722
52,9,23.223389
53,0,0.0
53,1,3.209414
53,10,24.648554
53,11,25.838154
53,12,26.813236
53,13,27.598059
53,14,28.218323
53,15,28.699644
53,16,29.066368
53,17,29.34069
53,18,29.542143
53,19,29.687382
53,2,6.361517
53,20,29.790165
53,21,29.861572
53,22,29.910267
53,23,29.942875
53,24,29.964327
53,25,29.978226
53,26,29.987148
53,27,29.992928
53,28,29.996883
53,29,30.0
53,3,9.4020405
53,4,12.282537
53,5,14.962652
53,6,17.41172
53,7,19.609606
53,8,21.546722
53,9,23.223389
54,0,0.0
54,1,3.209414
54,10,24.648554
54,11,25.838154
54,12,26.813236
54,13,27.59806
54,14,28.21832
54,15,28.699646
54,16,29.066368
54,17,29.340689
54,18,29.542145
54,19,29.68738
54,2,6.3615165
54,20,29.790167
54,21,29.86157
54,22,29.910269
54,23,29.942875
54,24,29.964329
54,25,29.978224
54,26,29.987146
54,27,29.992928
54,28,29.996883
54,29,30.0
54,3,9.402041
54,4,12.282537
54,5,14.962651
54,6,17.41172
54,7,19.609604
54,8,21.546724
54,9,23.223389
55,0,0.0
55,1,3.209414
55,10,24.648554
55,11,25.838154
55,12,26.813238
55,13,27.598059
55,14,28.218323
55,15,28.699644
55,16,29.066368
55,17,29.340687
55,18,29.542143
55,19,29.68738
55,2,6.3615174
55,20,29.790165
55,21,29.861572
55,22,29.910267
55,23,29.942875
55,24,29.964327
55,25,29.978226
55,26,29.987148
55,27,29.992928
55,28,29.996883
55,29,30.0
55,3,9.402041
55,4,12.282537
55,5,14.96265
55,6,17.411724
55,7,19.609606
55,8,21.546724
55,9,23.223389
56,0,0.0
56,1,3.2094145
56,10,24.648552
56,11,25.838154
56,12,26.813238
56,13,27.59806
56,14,28.218323
56,15,28.699646
56,16,29.066366
56,17,29.34069
56,18,29.542143
56,19,29.68738
56,2,6.361517
56,20,29.790167
56,21,29.86157
56,22,29.910269
56,23,29.942875
56,24,29.964327
56,25,29.978224
56,26,29.987148
56,27,29.992928
56,28,29.996881
56,29,30.0
56,3,9.402042
56,4,12.282537
56,5,14.962652
56,6,17.41172
56,7,19.609608
56,8,21.546722
56,9,23.223389
57,0,0.0
57,1,3.209414
57,10,24.648554
57,11,25.838154
57,12,26.813238
57,13,27.59806
57,14,28.218323
57,15,28.699646
57,16,29.066368
57,17,29.34069
57,18,29.542145
57,19,29.68738
57,2,6.3615184
57,20,29.790167
57,21,29.861572
57,22,29.910269
57,23,29.942875
57,24,29.964327
57,25,29.978226
57,26,29.987148
57,27,29.992928
57,28,29.996883
57,29,30.0
57,3,9.402041
57,4,12.282539
57,5,14.962651
57,6,17.411724
57,7,19.609606
57,8,21.546724
57,9,23.223389
58,0,0.0
58,1,3.2094147
58,10,24.648554
58,11,25.838154
58,12,26.81324
58,13,27.59806
58,14,28.218323
58,15,28.699646
58,16,29.06637
58,17,29.34069
58,18,29.542145
58,19,29.687384
58,2,6.3615174
58,20,29.790167
58,21,29.861572
58,22,29.910269
58,23,29.942875
58,24,29.964327
58,25,29.978226
58,26,29.987148
58,27,29.992928
58,28,29.996883
58,29,30.0
58,3,9.402044
58,4,12.282539
58,5,14.962654
58,6,17.411722
58,7,19.609608
58,8,21.546722
58,9,23.22339
59,0,0.0
59,1,3.2094145
59,10,24.648558
59,11,25.838158
59,12,26.81324
59,13,27.598064
59,14,28.218323
59,15,28.69965
59,16,29.06637
59,17,29.340693
59,18,29.542147
59,19,29.687384
59,2,6.361519
59,20,29.790169
59,21,29.861576
59,22,29.910273
59,23,29.942875
59,24,29.964329
59,25,29.978226
59,26,29.987148
59,27,29.99293
59,28,29.996883
59,29,30.0
59,3,9.402042
59,4,12.282541
59,5,14.962653
59,6,17.411726
59,7,19.609606
59,8,21.546726
59,9,23.223389
6,0,0.0
6,1,1.8594254
6,10,14.309042
6,11,15.010475
6,12,15.593284
6,13,16.073233
6,14,16.469238
6,15,16.800564
6,16,17.088259
6,17,17.354126
6,18,17.62158
6,19,17.916424
6,2,3.6859179
6,20,18.267157
6,21,18.707096
6,22,19.273918
6,23,20.011726
6,24,20.96809
6,25,22.1918
6,26,23.721468
6,27,25.570057
6,28,27.699268
6,29,30.0
6,3,5.447836
6,4,7.117817
6,5,8.671885
6,6,10.093329
6,7,11.369709
6,8,12.496828
6,9,13.474296
60,0,0.0
60,1,3.2094154
60,10,24.64856
60,11,25.838161
60,12,26.813246
60,13,27.598064
60,14,28.21833
60,15,28.699652
60,16,29.066376
60,17,29.340696
60,18,29.542152
60,19,29.68739
60,2,6.361519
60,20,29.790173
60,21,29.861578
60,22,29.910273
60,23,29.942879
60,24,29.964329
60,25,29.97823
60,26,29.98715
60,27,29.992931
60,28,29.996885
60,29,30.0
60,3,9.402045
60,4,12.282541
60,5,14.962658
60,6,17.411726
60,7,19.609612
60,8,21.546728
60,9,23.223394
61,0,0.0
61,1,3.209416
61,10,24.648567
61,11,25.83817
61,12,26.813251
61,13,27.598076
61,14,28.218336
61,15,28.699661
61,16,29.066381
61,17,29.340706
61,18,29.54216
61,19,29.687397
61,2,6.3615217
61,20,29.79018
61,21,29.861584
61,22,29.910278
61,23,29.94288
61,24,29.964336
61,25,29.97823
61,26,29.987154
61,27,29.992931
61,28,29.996885
61,29,30.0
61,3,9.402047
61,4,12.282547
61,5,14.96266
61,6,17.411736
61,7,19.609617
61,8,21.546738
61,9,23.2234
62,0,0.0
62,1,3.2094185
62,10,24.648582
62,11,25.838184
62,12,26.813269
62,13,27.598091
62,14,28.218357
62,15,28.699677
62,16,29.066404
62,17,29.340721
62,18,29.542177
62,19,29.687412
62,2,6.3615255
62,20,29.790195
62,21,29.861599
62,22,29.910292
62,23,29.942896
62,24,29.964342
62,25,29.978241
62,26,29.98716
62,27,29.992939
62,28,29.996887
62,29,30.0
62,3,9.402054
62,4,12.282554
62,5,14.962672
62,6,17.411743
62,7,19.60963
62,8,21.54675
62,9,23.22342
63,0,0.0
63,1,3.2094226
63,10,24.648613
63,11,25.838217
63,12,26.813305
63,13,27.598125
63,14,28.21839
63,15,28.699713
63,16,29.066435
63,17,29.340757
63,18,29.54221
63,19,29.687443
63,2,6.3615346
63,20,29.790222
63,21,29.861626
63,22,29.910318
63,23,29.942919
63,24,29.964363
63,25,29.978256
63,26,29.987171
63,27,29.992945
63,28,29.996891
63,29,30.0
63,3,9.402065
63,4,12.282572
63,5,14.96269
63,6,17.41177
63,7,19.609655
63,8,21.546778
63,9,23.223446
64,0,0.0
64,1,3.2094316
64,10,24.648676
64,11,25.838284
64,12,26.81337
64,13,27.598194
64,14,28.218456
64,15,28.69978
64,16,29.066504
64,17,29.340822
64,18,29.542274
64,19,29.687506
64,2,6.3615513
64,20,29.790283
64,21,29.86168
64,22,29.910368
64,23,29.942963
64,24,29.964405
64,25,29.978289
64,26,29.987196
64,27,29.992962
64,28,29.996899
64,29,30.0
64,3,9.402092
64,4,12.282602
64,5,14.962732
64,6,17.411812
64,7,19.609707
64,8,21.546835
64,9,23.223507
65,0,0.0
65,1,3.2094479
65,10,24.648796
65,11,25.838406
65,12,26.813498
65,13,27.59832
65,14,28.218586
65,15,28.699911
65,16,29.066631
65,17,29.340946
65,18,29.542395
65,19,29.687622
65,2,6.361584
65,20,29.790394
65,21,29.861786
65,22,29.910465
65,23,29.94305
65,24,29.964478
65,25,29.978352
65,26,29.987244
65,27,29.992996
65,28,29.996916
65,29,30.0
65,3,9.40214
65,4,12.282667
65,5,14.962805
65,6,17.411901
65,7,19.609804
65,8,21.54694
65,9,23.223621
66,0,0.0
66,1,3.209479
66,10,24.649021
66,11,25.838642
66,12,26.813732
66,13,27.598564
66,14,28.21883
66,15,28.700155
66,16,29.066874
66,17,29.341187
66,18,29.542625
66,19,29.687843
66,2,6.3616457
66,20,29.790607
66,21,29.861982
66,22,29.910648
66,23,29.94321
66,24,29.964619
66,25,29.978466
66,26,29.987335
66,27,29.993055
66,28,29.996948
66,29,30.0
66,3,9.402231
66,4,12.282783
66,5,14.96295
66,6,17.412066
66,7,19.60999
66,8,21.54714
66,9,23.223835
67,0,0.0
67,1,3.2095366
67,10,24.649437
67,11,25.83907
67,12,26.814175
67,13,27.599012
67,14,28.219282
67,15,28.700603
67,16,29.067322
67,17,29.341623
67,18,29.543053
67,19,29.688257
67,2,6.3617597
67,20,29.790997
67,21,29.86235
67,22,29.910982
67,23,29.943512
67,24,29.964878
67,25,29.97868
67,26,29.987497
67,27,29.993168
67,28,29.997004
67,29,30.0
67,3,9.402398
67,4,12.283002
67,5,14.963213
67,6,17.41237
67,7,19.610329
67,8,21.547512
67,9,23.224228
68,0,0.0
68,1,3.209641
68,10,24.650185
68,11,25.839848
68,12,26.814972
68,13,27.599821
68,14,28.220097
68,15,28.70142
68,16,29.068127
68,17,29.342419
68,18,29.543827
68,19,29.689
68,2,6.361966
68,20,29.791702
68,21,29.86301
68,22,29.911587
68,23,29.944056
68,24,29.965347
68,25,29.979065
68,26,29.987797
68,27,29.99337
68,28,29.997105
68,29,30.0
68,3,9.402702
68,4,12.283397
68,5,14.963692
68,6,17.412924
68,7,19.610947
68,8,21.548182
68,9,23.224943
69,0,0.0
69,1,3.209827
69,10,24.65152
69,11,25.841227
69,12,26.81639
69,13,27.60126
69,14,28.221542
69,15,28.702866
69,16,29.069561
69,17,29.343826
69,18,29.5452
69,19,29.69032
69,2,6.362334
69,20,29.792961
69,21,29.864185
69,22,29.912666
69,23,29.945015
69,24,29.966179
69,25,29.979755
69,26,29.988323
69,27,29.993727
69,28,29.997288
69,29,30.0
69,3,9.403244
69,4,12.2841
69,5,14.964542
69,6,17.413904
69,7,19.612041
69,8,21.549374
69,9,23.226213
7,0,0.0
7,1,2.094491
7,10,16.114159
7,11,16.903187
7,12,17.55702
7,13,18.094578
7,14,18.535355
7,15,18.901123
7,16,19.213757
7,17,19.49624
7,18,19.772335
7,19,20.066872
7,2,4.1516166
7,20,20.406912
7,21,20.821133
7,22,21.341492
7,23,22.000948
7,24,22.833462
7,25,23.867893
7,26,25.122696
7,27,26.5938
7,28,28.244772
7,29,30.0
7,3,6.1364765
7,4,8.017021
7,5,9.767838
7,6,11.36816
7,7,12.806088
7,8,14.074598
7,9,15.17545
70,0,0.0
70,1,3.2101517
70,10,24.653843
70,11,25.843637
70,12,26.818853
70,13,27.603764
70,14,28.224066
70,15,28.705385
70,16,29.072056
70,17,29.346281
70,18,29.547586
70,19,29.692625
70,2,6.362975
70,20,29.795145
70,21,29.866234
70,22,29.914541
70,23,29.946697
70,24,29.967632
70,25,29.980953
70,26,29.989244
70,27,29.994354
70,28,29.997602
70,29,30.0
70,3,9.404188
70,4,12.285325
70,5,14.966026
70,6,17.415615
70,7,19.61395
70,8,21.551449
70,9,23.22843
71,0,0.0
71,1,3.2107074
71,10,24.657822
71,11,25.84775
71,12,26.823072
71,13,27.608044
71,14,28.228374
71,15,28.709686
71,16,29.076323
71,17,29.350468
71,18,29.55167
71,19,29.69655
71,2,6.364074
71,20,29.79889
71,21,29.869728
71,22,29.917751
71,23,29.949566
71,24,29.970116
71,25,29.983002
71,26,29.990822
71,27,29.995422
71,28,29.998142
71,29,30.0
71,3,9.405804
71,4,12.287426
71,5,14.968563
71,6,17.418545
71,7,19.617218
71,8,21.555004
71,9,23.232216
72,0,0.0
72,1,3.2116425
72,10,24.664486
72,11,25.854656
72,12,26.83014
72,13,27.61522
72,14,28.235594
72,15,28.7169
72,16,29.083466
72,17,29.357496
72,18,29.558504
72,19,29.70314
72,2,6.365922
72,20,29.805147
72,21,29.875595
72,22,29.92313
72,23,29.954384
72,24,29.97428
72,25,29.986444
72,26,29.993467
72,27,29.997221
72,28,29.999052
72,29,30.0
72,3,9.408524
72,4,12.290955
72,5,14.972832
72,6,17.423466
72,7,19.622704
72,8,21.560968
72,9,23.238575
73,0,0.0
73,1,3.2131863
73,10,24.67546
73,11,25.866013
73,12,26.841774
73,13,27.627018
73,14,28.24747
73,15,28.728756
73,16,29.09522
73,17,29.369041
73,18,29.569756
73,19,29.713974
73,2,6.3689733
73,20,29.815456
73,21,29.885237
73,22,29.93199
73,23,29.962303
73,24,29.981144
73,25,29.992107
73,26,29.99783
73,27,30.00018
73,28,30.00055
73,29,30.0
73,3,9.41301
73,4,12.296778
73,5,14.979868
73,6,17.431576
73,7,19.631748
73,8,21.570793
73,9,23.24904
74,0,0.0
74,1,3.215689
74,10,24.693192
74,11,25.884357
74,12,26.860552
74,13,27.646067
74,14,28.266636
74,15,28.747894
74,16,29.114178
74,17,29.387684
74,18,29.587902
74,19,29.731468
74,2,6.3739185
74,20,29.832088
74,21,29.900826
74,22,29.94629
74,23,29.975119
74,24,29.992224
74,25,30.001272
74,26,30.004875
74,27,30.00497
74,28,30.002972
74,29,30.0
74,3,9.420281
74,4,12.306213
74,5,14.9912615
74,6,17.444712
74,7,19.646376
74,8,21.586685
74,9,23.265957
75,0,0.0
75,1,3.219675
75,10,24.72131
75,11,25.913437
75,12,26.890306
75,13,27.676239
75,14,28.296988
75,15,28.778194
75,16,29.144209
75,17,29.41719
75,18,29.616657
75,19,29.75917
75,2,6.381791
75,20,29.858463
75,21,29.925516
75,22,29.968983
75,23,29.995426
75,24,30.00983
75,25,30.015806
75,26,30.016073
75,27,30.012571
75,28,30.006817
75,29,30.0
75,3,9.431858
75,4,12.321221
75,5,15.009386
75,6,17.46558
75,7,19.669619
75,8,21.611908
75,9,23.292805
76,0,0.0
76,1,3.225909
76,10,24.765085
76,11,25.958681
76,12,26.936583
76,13,27.72315
76,14,28.344164
76,15,28.825294
76,16,29.19087
76,17,29.463074
76,18,29.661346
76,19,29.802269
76,2,6.3941097
76,20,29.89947
76,21,29.963964
76,22,30.00429
76,23,30.02708
76,24,30.037233
76,25,30.038486
76,26,30.033518
76,27,30.024437
76,28,30.012814
76,29,30.0
76,3,9.44995
76,4,12.344683
76,5,15.037685
76,6,17.498161
76,7,19.705862
76,8,21.65123
76,9,23.334614
77,0,0.0
77,1,3.235496
77,10,24.831984
77,11,26.027798
77,12,27.007233
77,13,27.79474
77,14,28.416147
77,15,28.897137
77,16,29.26207
77,17,29.533056
77,18,29.729565
77,19,29.868034
77,2,6.4130306
77,20,29.962132
77,21,30.022678
77,22,30.058304
77,23,30.07547
77,24,30.079212
77,25,30.073177
77,26,30.060265
77,27,30.042603
77,28,30.022015
77,29,30.0
77,3,9.477755
77,4,12.380688
77,5,15.081118
77,6,17.548096
77,7,19.761396
77,8,21.711407
77,9,23.398575
78,0,0.0
78,1,3.249975
78,10,24.9324
78,11,26.131437
78,12,27.113129
78,13,27.901997
78,14,28.523952
78,15,29.004738
78,16,29.368671
78,17,29.637905
78,18,29.831738
78,19,29.966652
78,2,6.4416237
78,20,30.056046
78,21,30.110832
78,22,30.139345
78,23,30.148212
78,24,30.14227
78,25,30.125404
78,26,30.100483
78,27,30.069975
78,28,30.035854
78,29,30.0
78,3,9.519712
78,4,12.435028
78,5,15.146566
78,6,17.623325
78,7,19.844936
78,8,21.801895
78,9,23.494623
79,0,0.0
79,1,3.2714949
79,10,25.080372
79,11,26.284077
79,12,27.268963
79,13,28.059761
79,14,28.682484
79,15,29.162907
79,16,29.52543
79,17,29.79204
79,18,29.982082
79,19,30.111717
79,2,6.484069
79,20,30.194405
79,21,30.24065
79,22,30.258932
79,23,30.255503
79,24,30.235462
79,25,30.202538
79,26,30.160004
79,27,30.110437
79,28,30.056353
79,29,30.0
79,3,9.58201
79,4,12.515585
79,5,15.243565
79,6,17.734632
79,7,19.968475
79,8,21.935486
79,9,23.636345
8,0,0.0
8,1,2.301665
8,10,17.705318
8,11,18.570267
8,12,19.286694
8,13,19.873426
8,14,20.352547
8,15,20.746183
8,16,21.077705
8,17,21.370312
8,18,21.647509
8,19,21.93335
8,2,4.5625076
8,20,22.252028
8,21,22.6291
8,22,23.089817
8,23,23.659998
8,24,24.362247
8,25,25.214638
8,26,26.223972
8,27,27.381723
8,28,28.657604
8,29,30.0
8,3,6.7433996
8,4,8.810324
8,5,10.733714
8,6,12.492663
8,7,14.071907
8,8,15.46595
8,9,16.674372
80,0,0.0
80,1,3.302929
80,10,25.294605
80,11,26.504797
80,12,27.494167
80,13,28.28761
80,14,28.911335
80,15,29.39125
80,16,29.751667
80,17,30.014643
80,18,30.19917
80,19,30.321457
80,2,6.546089
80,20,30.39442
80,21,30.428663
80,22,30.43208
80,23,30.411171
80,24,30.370636
80,25,30.314655
80,26,30.246462
80,27,30.16933
80,28,30.086153
80,29,30.0
80,3,9.672905
80,4,12.633087
80,5,15.384794
80,6,17.896593
80,7,20.1479
80,8,22.129366
80,9,23.841679
81,0,0.0
81,1,3.3481474
81,10,25.599188
81,11,26.818344
81,12,27.813745
81,13,28.610744
81,14,29.235775
81,15,29.71485
81,16,30.072393
81,17,30.330166
81,18,30.507202
81,19,30.619057
81,2,6.635193
81,20,30.678694
81,21,30.695885
81,22,30.6787
81,23,30.632895
81,24,30.563602
81,25,30.474669
81,26,30.370125
81,27,30.253508
81,28,30.128828
81,29,30.0
81,3,9.803464
81,4,12.801561
81,5,15.587143
81,6,18.12816
81,7,20.404179
81,8,22.405737
81,9,24.13409
82,0,0.0
82,1,3.4121475
82,10,26.024761
82,11,27.255774
82,12,28.259195
82,13,29.060785
82,14,29.687397
82,15,30.16528
82,16,30.518728
82,17,30.769585
82,18,30.936203
82,19,31.034134
82,2,6.7613034
82,20,31.075277
82,21,31.069445
82,22,31.023563
82,23,30.943684
82,24,30.83414
82,25,30.699547
82,26,30.543888
82,27,30.372036
82,28,30.188868
82,29,30.0
82,3,9.987932
82,4,13.039413
82,5,15.872177
82,6,18.453957
82,7,20.7639
82,8,22.793144
82,9,24.54313
83,0,0.0
83,1,3.5014493
83,10,26.608871
83,11,27.855404
83,12,28.869017
83,13,29.676384
83,14,30.304844
83,15,30.78086
83,16,31.128933
83,17,31.370335
83,18,31.523407
83,19,31.602474
83,2,6.9370165
83,20,31.61933
83,21,31.582214
83,22,31.498093
83,23,31.371609
83,24,31.20763
83,25,31.01014
83,26,30.784462
83,27,30.536114
83,28,30.272133
83,29,30.0
83,3,10.24477
83,4,13.3698225
83,5,16.267563
83,6,18.904678
83,7,21.260706
83,8,23.326826
83,9,25.10571
84,0,0.0
84,1,3.6242414
84,10,27.396957
84,11,28.662867
84,12,29.68918
84,13,30.50346
84,14,31.13385
84,15,31.607277
84,16,31.948013
84,17,32.17739
84,18,32.31254
84,19,32.367546
84,2,7.1785107
84,20,32.352272
84,21,32.274677
84,22,32.13959
84,23,31.951756
84,24,31.714502
84,25,31.43285
84,26,31.112087
84,27,30.760082
84,28,30.385761
84,29,30.0
84,3,10.596992
84,4,13.822224
84,5,16.80734
84,6,19.518698
84,7,21.935427
84,8,24.05008
84,9,25.866093
85,0,0.0
85,1,3.790979
85,10,28.441824
85,11,29.731476
85,12,30.772757
85,13,31.594969
85,14,32.227184
85,15,32.696747
85,16,33.02822
85,17,33.24198
85,18,33.354916
85,19,33.37898
85,2,7.505842
85,20,33.323444
85,21,33.193443
85,22,32.993298
85,23,32.72505
85,24,32.39237
85,25,31.998974
85,26,31.552176
85,27,31.06113
85,28,30.538803
85,29,30.0
85,3,11.073668
85,4,14.432583
85,5,17.533741
85,6,20.342024
85,7,22.83764
85,8,25.01391
85,9,26.876923
86,0,0.0
86,1,4.0146275
86,10,29.803963
86,11,31.121065
86,12,32.17941
86,13,33.01001
86,14,33.643417
86,15,34.107727
86,16,34.42716
86,17,34.622017
86,18,34.707146
86,19,34.693756
86,2,7.9443636
86,20,34.587753
86,21,34.393154
86,22,34.110355
86,23,33.740654
86,24,33.284653
86,25,32.74698
86,26,32.13469
86,27,31.460781
86,28,30.742064
86,29,30.0
86,3,11.710331
86,4,15.245471
86,5,18.497173
86,6,21.430178
86,7,24.025017
86,8,26.278187
86,9,28.198122
87,0,0.0
87,1,4.3117046
87,10,31.549534
87,11,32.897278
87,12,33.973473
87,13,34.81218
87,14,35.44554
87,15,35.902374
87,16,36.20724
87,17,36.378918
87,18,36.431538
87,19,36.3728
87,2,8.525375
87,20,36.207047
87,21,35.933323
87,22,35.550117
87,23,35.0536
87,24,34.443413
87,25,33.721306
87,26,32.896595
87,27,31.984528
87,28,31.00912
87,29,30.0
87,3,12.551382
87,4,16.314419
87,5,19.758633
87,6,22.847542
87,7,25.564833
87,8,27.91005
87,9,29.897253
88,0,0.0
88,1,4.703015
88,10,33.749588
88,11,35.128567
88,12,36.222008
88,13,37.06699
88,14,37.69797
88,15,38.14489
88,16,38.431778
88,17,38.57702
88,18,38.5916
88,19,38.481506
88,2,9.288756
88,20,38.245613
88,21,37.8801
88,22,37.376453
88,23,36.727707
88,24,35.927177
88,25,34.97576
88,26,33.88126
88,27,32.664318
88,28,31.35633
88,29,30.0
88,3,13.651225
88,4,17.705208
88,5,21.389608
88,6,24.669598
88,7,27.532242
88,8,29.984581
88,9,32.04675
89,0,0.0
89,1,5.2159185
89,10,36.47605
89,11,37.88407
89,12,38.99099
89,13,39.838524
89,14,40.463566
89,15,40.89701
89,16,41.163166
89,17,41.278175
89,18,41.251545
89,19,41.084
89,2,10.285172
89,20,40.771126
89,21,40.301025
89,22,39.6602
89,23,38.832005
89,24,37.80485
89,25,36.57237
89,26,35.142666
89,27,33.538933
89,28,31.804787
89,29,30.0
89,3,15.078873
89,4,19.49723
89,5,23.475698
89,6,26.981728
89,7,30.011633
89,8,32.581562
89,9,34.72328
9,0,0.0
9,1,2.481211
9,10,19.081947
9,11,20.013
9,12,20.782291
9,13,21.411228
9,14,21.921806
9,15,22.337929
9,16,22.683016
9,17,22.98065
9,18,23.25391
9,19,23.52528
9,2,4.918147
9,20,23.81725
9,21,24.151228
9,22,24.548613
9,23,25.028242
9,24,25.606762
9,25,26.29437
9,26,27.093693
9,27,27.995012
9,28,28.975716
9,29,30.0
9,3,7.269349
9,4,9.49694
9,5,11.570603
9,6,13.465896
9,7,15.1684265
9,8,16.670012
9,9,17.972345
90,0,0.0
90,1,5.887003
90,10,39.79953
90,11,41.228577
90,12,42.34173
90,13,43.185173
90,14,43.79885
90,15,44.214973
90,16,44.456963
90,17,44.540085
90,18,44.469486
90,19,44.242867
90,2,11.582182
90,20,43.847763
90,21,43.266483
90,22,42.473736
90,23,41.44438
90,24,40.15339
90,25,38.587044
90,26,36.746346
90,27,34.65905
90,28,32.381508
90,29,30.0
90,3,16.921997
90,4,21.789608
90,5,26.117228
90,6,29.882038
90,7,33.09355
90,8,35.785267
90,9,38.00286
91,0,0.0
91,1,6.768383
91,10,43.78312
91,11,45.218864
91,12,46.32541
91,13,47.154827
91,14,47.74983
91,15,48.143467
91,16,48.3591
91,17,48.409027
91,18,48.296104
91,19,48.01115
91,2,13.272088
91,20,47.53638
91,21,46.84222
91,22,45.893333
91,23,44.646988
91,24,43.06356
91,25,41.110264
91,26,38.777977
91,27,36.091305
91,28,33.12432
91,29,30.0
91,3,19.297401
91,4,24.705952
91,5,29.435028
91,6,33.479652
91,7,36.87542
91,8,39.67907
91,9,41.958725
92,0,0.0
92,1,7.9379787
92,10,48.478626
92,11,49.897022
92,12,50.9784
92,13,51.779644
92,14,52.34623
92,15,52.71199
92,16,52.898827
92,17,52.917625
92,18,52.766167
92,19,52.431343
92,2,15.48911
92,20,51.88541
92,21,51.089844
92,22,49.991577
92,23,48.530144
92,24,46.638233
92,25,44.25727
92,26,41.350327
92,27,37.931297
92,28,34.088257
92,29,30.0
92,3,22.364107
92,4,28.406399
92,5,33.572613
92,6,37.897354
92,7,41.456173
92,8,44.343307
92,9,46.653946
93,0,0.0
93,1,9.522026
93,10,53.918365
93,11,55.285797
93,12,56.316116
93,13,57.070976
93,14,57.597298
93,15,57.92863
93,16,58.086006
93,17,58.076958
93,18,57.896904
93,19,57.52575
93,2,18.43764
93,20,56.929817
93,21,56.05664
93,22,54.838043
93,23,53.185726
93,24,50.99958
93,25,48.17353
93,26,44.623047
93,27,40.321774
93,28,35.36187
93,29,30.0
93,3,26.349411
93,4,33.099556
93,5,38.70337
93,6,43.26733
93,7,46.93383
93,8,49.846375
93,9,52.136955
94,0,0.0
94,1,11.74155
94,10,60.109955
94,11,61.381344
94,12,62.328568
94,13,63.014786
94,14,63.486923
94,15,63.777367
94,16,63.904736
94,17,63.875008
94,18,63.67936
94,19,63.295002
94,2,22.449387
94,20,62.679977
94,21,61.77337
94,22,60.48735
94,23,58.707317
94,24,56.28553
94,25,53.050617
94,26,48.8264
94,27,43.49385
94,28,37.098976
94,29,30.0
94,3,31.586006
94,4,39.062183
94,5,45.030167
94,6,49.727768
94,7,53.39382
94,8,56.23796
94,9,58.431015
95,0,0.0
95,1,15.023793
95,10,67.02719
95,11,68.14906
95,12,68.97553
95,13,69.56829
95,14,69.97128
95,15,70.21387
95,16,70.31251
95,17,70.27031
95,18,70.07767
95,19,69.70839
95,2,28.090282
95,20,69.11891
95,21,68.24007
95,22,66.97285
95,23,65.17432
95,24,62.648663
95,25,59.13276
95,26,54.305016
95,27,47.840355
95,28,39.597305
95,29,30.0
95,3,38.571854
95,4,46.65225
95,5,52.780098
95,6,57.40484
95,7,60.895958
95,8,63.533726
95,9,65.52657
96,0,0.0
96,1,20.289562
96,10,74.605156
96,11,75.51837
96,12,76.18474
96,13,76.65838
96,14,76.977165
96,15,77.16574
96,16,77.23696
96,17,77.19288
96,18,77.02287
96,19,76.7031
96,2,36.369358
96,20,76.190544
96,21,75.41885
96,22,74.28479
96,23,72.63382
96,24,70.22942
96,25,66.71543
96,26,61.564095
96,27,54.063354
96,28,43.498974
96,29,30.0
96,3,48.038868
96,4,56.30369
96,5,62.169937
96,6,66.38278
96,7,69.44741
96,8,71.70081
96,9,73.368454
97,0,0.0
97,1,29.786995
97,10,82.734344
97,11,83.38234
97,12,83.85136
97,13,84.182495
97,14,84.40368
97,15,84.532684
97,16,84.57872
97,17,84.54233
97,18,84.41538
97,19,84.17821
97,2,49.102364
97,20,83.79732
97,21,83.21725
97,22,82.35106
97,23,81.0573
97,24,79.10281
97,25,76.084946
97,26,71.28819
97,27,63.427666
97,28,50.3748
97,29,30.0
97,3,60.977146
97,4,68.44264
97,5,73.32628
97,6,76.64505
97,7,78.97087
97,8,80.63718
97,9,81.84827
98,0,0.0
98,1,49.771557
98,10,91.2623
98,11,91.59914
98,12,91.84174
98,13,92.01226
98,14,92.125595
98,15,92.19118
98,16,92.21362
98,17,92.19324
98,18,92.12514
98,19,91.99875
98,2,69.30737
98,20,91.794846
98,21,91.482315
98,22,91.00942
98,23,90.28938
98,24,89.16626
98,25,87.338425
98,26,84.15604
98,27,78.03895
98,28,64.59989
98,29,30.0
98,3,78.371765
98,4,83.2272
98,5,86.12727
98,6,87.99733
98,7,89.267044
98,8,90.15892
98,9,90.79852
99,0,0.0
99,1,100.0
99,10,100.0
99,11,100.0
99,12,100.0
99,13,100.0
99,14,100.0
99,15,100.0
99,16,100.0
99,17,100.0
99,18,100.0
99,19,100.0
99,2,100.0
99,20,100.0
99,21,100.0
99,22,100.0
99,23,100.0
99,24,100.0
99,25,100.0
99,26,100.0
99,27,100.0
99,28,100.0
99,29,30.0
99,3,100.0
99,4,100.0
99,5,100.0
99,6,100.0
99,7,100.0
99,8,100.0
99,9,100.0
