0,0,0.0
0,1,0.0
0,10,0.0
0,11,0.0
0,12,0.0
0,13,0.0
0,14,0.0
0,15,30.0
0,2,0.0
0,3,0.0
0,4,0.0
0,5,0.0
0,6,0.0
0,7,0.0
0,8,0.0
0,9,0.0
1,0,0.0
1,1,0.63009995
1,10,5.152011
1,11,5.924419
1,12,7.2189913
1,13,9.724875
1,14,15.336301
1,15,30.0
1,2,1.2446415
1,3,1.8299371
1,4,2.3758795
1,5,2.8773918
1,6,3.3358712
1,7,3.7610078
1,8,4.173999
1,9,4.6139646
10,0,0.0
10,1,11.092479
10,10,49.329006
10,11,47.720856
10,12,44.948578
10,13,40.95837
10,14,35.84478
10,15,30.0
10,2,21.14053
10,3,29.59333
10,4,36.341827
10,5,41.510002
10,6,45.293358
10,7,47.87211
10,8,49.37365
10,9,49.860317
11,0,0.0
11,1,14.5197315
11,10,56.959118
11,11,54.83442
11,12,51.213043
11,13,45.836273
11,14,38.611176
11,15,30.0
11,2,27.06923
11,3,37.00473
11,4,44.488102
11,5,49.93546
11,6,53.74983
11,7,56.232307
11,8,57.566273
11,9,57.82156
12,0,0.0
12,1,19.919447
12,10,65.86172
12,11,63.4535
12,12,59.23999
12,13,52.56742
12,14,42.766197
12,15,30.0
12,2,35.61628
12,3,46.87461
12,4,54.678482
12,5,60.00347
12,6,63.548813
12,7,65.7523
12,8,66.849014
12,9,66.91162
13,0,0.0
13,1,29.543585
13,10,76.13097
13,11,73.885086
13,12,69.731766
13,13,62.431248
13,14,49.888237
13,15,30.0
13,2,48.605408
13,3,60.204124
13,4,67.35439
13,5,71.85893
13,6,74.69835
13,7,76.38828
13,8,77.17518
13,9,77.123245
14,0,0.0
14,1,49.65077
14,10,87.6597
14,11,86.22923
14,12,83.374825
14,13,77.54039
14,14,64.356964
14,15,30.0
14,2,69.060165
14,3,77.98577
14,4,82.680695
14,5,85.38507
14,6,87.00351
14,7,87.9338
14,8,88.346794
14,9,88.2816
15,0,0.0
15,1,100.0
15,10,100.0
15,11,100.0
15,12,100.0
15,13,100.0
15,14,100.0
15,15,30.0
15,2,100.0
15,3,100.0
15,4,100.0
15,5,100.0
15,6,100.0
15,7,100.0
15,8,100.0
15,9,100.0
2,0,0.0
2,1,1.2761371
2,10,10.071501
2,11,11.328278
2,12,13.227963
2,13,16.345108
2,14,21.620792
2,15,30.0
2,2,2.5192661
2,3,3.7003188
2,4,4.7975774
2,5,5.7994785
2,6,6.706938
2,7,7.536152
2,8,8.323051
2,9,9.131835
3,0,0.0
3,1,1.9559323
3,10,14.677559
3,11,16.09245
3,12,18.022043
3,13,20.808605
3,14,24.802683
3,15,30.0
3,2,3.8574648
3,3,5.656659
3,4,7.317439
3,5,8.819314
3,6,10.159981
3,7,11.357577
3,8,12.45429
3,9,13.522786
4,0,0.0
4,1,2.6912682
4,10,19.02901
4,11,20.346699
4,12,21.963013
4,13,24.06727
4,14,26.782713
4,15,30.0
4,2,5.3002253
4,3,7.754698
4,4,10.000384
4,5,12.005353
4,6,13.761658
4,7,15.285855
4,8,16.61982
4,9,17.833393
5,0,0.0
5,1,3.5104165
5,10,23.26565
5,11,24.308668
5,12,25.421097
5,13,26.718292
5,14,28.26272
5,15,30.0
5,2,6.900457
5,3,10.065848
5,4,12.929637
5,5,15.44664
5,6,17.602848
5,7,19.41224
5,8,20.913788
5,9,22.1698
6,0,0.0
6,1,4.4518127
6,10,27.564026
6,11,28.20897
6,12,28.700626
6,13,29.126413
6,14,29.552101
6,15,30.0
6,2,8.72899
6,3,12.683978
6,4,16.212519
6,5,19.256874
6,6,21.79993
6,7,23.856163
6,8,25.463161
6,9,26.675987
7,0,0.0
7,1,5.57001
7,10,32.115814
7,11,32.271545
7,12,32.053196
7,13,31.539648
7,14,30.821848
7,15,30.0
7,2,10.884011
7,3,15.734779
7,4,19.987612
7,5,23.577852
7,6,26.494438
7,7,28.760563
7,8,30.418182
7,9,31.518108
8,0,0.0
8,1,6.9466467
8,10,37.12097
8,11,36.718094
8,12,35.7089
8,13,34.16265
8,14,32.198486
8,15,30.0
8,2,13.507012
8,3,19.390484
8,4,24.43416
8,5,28.583015
8,6,31.851107
8,7,34.285954
8,8,35.943565
8,9,36.874786
9,0,0.0
9,1,8.712124
9,10,42.787205
9,11,41.781418
9,12,39.90998
9,13,37.2094
9,14,33.812416
9,15,30.0
9,2,16.811977
9,3,23.893326
9,4,29.78497
9,5,34.48005
9,6,38.053444
9,7,40.60174
9,8,42.208748
9,9,42.929497
