0,0,0.0
0,1,0.0
0,2,0.0
0,3,0.0
0,4,0.0
0,5,0.0
0,6,0.0
0,7,30.0
1,0,0.0
1,1,2.970766
1,2,5.5977793
1,3,7.7457724
1,4,9.598218
1,5,11.870834
1,6,16.599476
1,7,30.0
2,0,0.0
2,1,6.28543
2,2,11.674838
2,3,15.787416
2,4,18.77659
2,5,21.285904
2,6,24.52721
2,7,30.0
3,0,0.0
3,1,10.496374
3,2,19.029198
3,3,24.953049
3,4,28.435408
3,5,29.969454
3,6,30.22372
3,7,30.0
4,0,0.0
4,1,16.671194
4,2,28.993109
4,3,36.56091
4,4,40.043266
4,5,39.933365
4,6,36.39854
4,7,30.0
5,0,0.0
5,1,27.195614
5,2,43.711727
5,3,52.254936
5,4,55.24411
5,5,53.322792
5,6,45.437393
5,7,30.0
6,0,0.0
6,1,48.399796
6,2,66.40372
6,3,73.50359
6,4,75.35604
6,5,72.67677
6,6,62.028503
6,7,30.0
7,0,0.0
7,1,100.0
7,2,100.0
7,3,100.0
7,4,100.0
7,5,100.0
7,6,100.0
7,7,30.0
