0,0,0.0
0,1,0.0
0,10,0.0
0,11,0.0
0,12,0.0
0,13,0.0
0,14,0.0
0,15,30.0
0,2,0.0
0,3,0.0
0,4,0.0
0,5,0.0
0,6,0.0
0,7,0.0
0,8,0.0
0,9,0.0
1,0,0.0
1,1,1.6268559
1,10,7.2946177
1,11,7.6977286
1,12,8.592264
1,13,10.662387
1,14,15.813451
1,15,30.0
1,2,3.118136
1,3,4.3800373
1,4,5.3510404
1,5,6.045562
1,6,6.4954147
1,7,6.7739
1,8,6.9467754
1,9,7.090459
10,0,0.0
10,1,10.257751
10,10,38.73759
10,11,38.17457
10,12,37.096794
10,13,35.37957
10,14,32.94242
10,15,30.0
10,2,19.289787
10,3,26.42602
10,4,31.584642
10,5,35.002747
10,6,37.093334
10,7,38.249424
10,8,38.795437
10,9,38.936844
11,0,0.0
11,1,13.189141
11,10,45.344204
11,11,44.431103
11,12,42.712547
11,13,39.803234
11,14,35.48477
11,15,30.0
11,2,24.27861
11,3,32.57261
11,4,38.2494
11,5,41.86699
11,6,43.995316
11,7,45.138508
11,8,45.6441
11,9,45.698517
12,0,0.0
12,1,18.425133
12,10,54.853863
12,11,53.650295
12,12,51.239452
12,13,46.91138
12,14,39.831127
12,15,30.0
12,2,32.556538
12,3,42.137623
12,4,48.20967
12,5,51.840202
12,6,53.891716
12,7,54.94728
12,8,55.378204
12,9,55.358994
13,0,0.0
13,1,28.26643
13,10,67.505684
13,11,66.21294
13,12,63.492542
13,13,58.01544
13,14,47.60379
13,15,30.0
13,2,46.008984
13,3,56.246502
13,4,62.01852
13,5,65.22201
13,6,66.93183
13,7,67.77963
13,8,68.10243
13,9,68.02821
14,0,0.0
14,1,48.91551
14,10,82.91017
14,11,82.016495
14,12,79.94557
14,13,75.120255
14,14,63.1021
14,15,30.0
14,2,67.576004
14,3,75.733345
14,4,79.66981
14,5,81.66112
14,6,82.67352
14,7,83.156296
14,8,83.32918
14,9,83.26856
15,0,0.0
15,1,100.0
15,10,100.0
15,11,100.0
15,12,100.0
15,13,100.0
15,14,100.0
15,15,30.0
15,2,100.0
15,3,100.0
15,4,100.0
15,5,100.0
15,6,100.0
15,7,100.0
15,8,100.0
15,9,100.0
2,0,0.0
2,1,3.118926
2,10,13.8730755
2,11,14.464207
2,12,15.643056
2,13,17.993916
2,14,22.456287
2,15,30.0
2,2,5.9874578
2,3,8.3970175
2,4,10.269789
2,5,11.589393
2,6,12.457373
2,7,12.981284
2,8,13.304088
2,9,13.553751
3,0,0.0
3,1,4.3843784
3,10,19.284626
3,11,19.850506
3,12,20.90002
3,13,22.757917
3,14,25.790369
3,15,30.0
3,2,8.403071
3,3,11.798191
3,4,14.409883
3,5,16.27097
3,6,17.472984
3,7,18.204933
3,8,18.635849
3,9,18.940273
4,0,0.0
4,1,5.3668475
4,10,23.377771
4,11,23.82543
4,12,24.57714
4,13,25.821838
4,14,27.662476
4,15,30.0
4,2,10.297219
4,3,14.437202
4,4,17.64373
4,5,19.900553
4,6,21.372597
4,7,22.248417
4,8,22.754007
4,9,23.075796
5,0,0.0
5,1,6.0942326
5,10,26.288115
5,11,26.583843
5,12,27.05126
5,13,27.767288
5,14,28.778898
5,15,30.0
5,2,11.677506
5,3,16.380491
5,4,19.99391
5,5,22.553276
5,6,24.19971
5,7,25.182362
5,8,25.728376
5,9,26.043226
6,0,0.0
6,1,6.626676
6,10,28.330402
6,11,28.498726
6,12,28.71716
6,13,29.043674
6,14,29.48011
6,15,30.0
6,2,12.701337
6,3,17.79154
6,4,21.711914
6,5,24.462315
6,6,26.238522
6,7,27.281467
6,8,27.850843
6,9,28.15128
7,0,0.0
7,1,7.0974226
7,10,29.979248
7,11,30.0187
7,12,30.03006
7,13,30.020596
7,14,30.012142
7,15,30.0
7,2,13.581092
7,3,19.007357
7,4,23.151669
7,5,26.059135
7,6,27.91542
7,7,29.002958
7,8,29.58061
7,9,29.85793
8,0,0.0
8,1,7.673675
8,10,31.799305
8,11,31.704
8,12,31.46645
8,13,31.096607
8,14,30.588394
8,15,30.0
8,2,14.6571045
8,3,20.44374
8,4,24.836975
8,5,27.879187
8,6,29.813343
8,7,30.928474
8,8,31.506128
8,9,31.755848
9,0,0.0
9,1,8.610154
9,10,34.47545
9,11,34.17607
9,12,33.608116
9,13,32.698273
9,14,31.463587
9,15,30.0
9,2,16.355934
9,3,22.682497
9,4,27.389252
9,5,30.607368
9,6,32.614395
9,7,33.756493
9,8,34.32587
9,9,34.527153
