0,0,0.0
0,1,0.0
0,10,0.0
0,11,0.0
0,12,0.0
0,13,0.0
0,14,0.0
0,15,30.0
0,2,0.0
0,3,0.0
0,4,0.0
0,5,0.0
0,6,0.0
0,7,0.0
0,8,0.0
0,9,0.0
1,0,0.0
1,1,0.63490593
1,10,5.173288
1,11,5.9427996
1,12,7.233611
1,13,9.735034
1,14,15.341507
1,15,30.0
1,2,1.2540681
1,3,1.8436219
1,4,2.393282
1,5,2.8978176
1,6,3.35848
1,7,3.784851
1,8,4.1980467
1,9,4.637152
10,0,0.0
10,1,11.1166935
10,10,49.43512
10,11,47.81244
10,12,45.02134
10,13,41.0089
10,14,35.870663
10,15,30.0
10,2,21.188013
10,3,29.662195
10,4,36.429325
10,5,41.612568
10,6,45.406746
10,7,47.991505
10,8,49.4939
10,9,49.97611
11,0,0.0
11,1,14.540924
11,10,57.051895
11,11,54.914467
11,12,51.27665
11,13,45.880432
11,14,38.633804
11,15,30.0
11,2,27.110775
11,3,37.064987
11,4,44.564655
11,5,50.02519
11,6,53.849007
11,7,56.33674
11,8,57.671432
11,9,57.922806
12,0,0.0
12,1,19.936476
12,10,65.936226
12,11,63.517776
12,12,59.291065
12,13,52.602882
12,14,42.784355
12,15,30.0
12,2,35.64967
12,3,46.92303
12,4,54.739998
12,5,60.075573
12,6,63.628494
12,7,65.8362
12,8,66.93348
12,9,66.992935
13,0,0.0
13,1,29.555508
13,10,76.1831
13,11,73.93007
13,12,69.76751
13,13,62.45606
13,14,49.900948
13,15,30.0
13,2,48.628784
13,3,60.23803
13,4,67.39745
13,5,71.90941
13,6,74.75413
13,7,76.44699
13,8,77.2343
13,9,77.180145
14,0,0.0
14,1,49.656906
14,10,87.68652
14,11,86.25239
14,12,83.39322
14,13,77.55316
14,14,64.36351
14,15,30.0
14,2,69.0722
14,3,78.00322
14,4,82.70287
14,5,85.41105
14,6,87.03222
14,7,87.96403
14,8,88.37722
14,9,88.3109
15,0,0.0
15,1,100.0
15,10,100.0
15,11,100.0
15,12,100.0
15,13,100.0
15,14,100.0
15,15,30.0
15,2,100.0
15,3,100.0
15,4,100.0
15,5,100.0
15,6,100.0
15,7,100.0
15,8,100.0
15,9,100.0
2,0,0.0
2,1,1.2856239
2,10,10.113482
2,11,11.364548
2,12,13.256805
2,13,16.365149
2,14,21.631062
2,15,30.0
2,2,2.5378785
2,3,3.727331
2,4,4.8319325
2,5,5.8397937
2,6,6.751564
2,7,7.583207
2,8,8.370508
2,9,9.17759
3,0,0.0
3,1,1.969845
3,10,14.739071
3,11,16.145578
3,12,18.064297
3,13,20.837961
3,14,24.817724
3,15,30.0
3,2,3.8847523
3,3,5.6962686
3,4,7.3678026
3,5,8.878418
3,6,10.2253895
3,7,11.426544
3,8,12.523833
3,9,13.589829
4,0,0.0
4,1,2.7091973
4,10,19.108196
4,11,20.415094
4,12,22.017395
4,13,24.105053
4,14,26.802074
4,15,30.0
4,2,5.3353963
4,3,7.805736
4,4,10.065283
4,5,12.081494
4,6,13.845918
4,7,15.374679
4,8,16.709373
4,9,17.91972
5,0,0.0
5,1,3.5317929
5,10,23.359934
5,11,24.390085
5,12,25.485836
5,13,26.763266
5,14,28.285763
5,15,30.0
5,2,6.942379
5,3,10.126688
5,4,13.006979
5,5,15.537377
5,6,17.703236
5,7,19.51805
5,8,21.02045
5,9,22.272596
6,0,0.0
6,1,4.475881
6,10,27.670048
6,11,28.300516
6,12,28.773403
6,13,29.176968
6,14,29.578005
6,15,30.0
6,2,8.776197
6,3,12.752471
6,4,16.29959
6,5,19.358997
6,6,21.912903
6,7,23.97521
6,8,25.583145
6,9,26.791605
7,0,0.0
7,1,5.595848
7,10,32.22946
7,11,32.369656
7,12,32.131187
7,13,31.593815
7,14,30.849602
7,15,30.0
7,2,10.934678
7,3,15.808294
7,4,20.081043
7,5,23.687424
7,6,26.615622
7,7,28.888245
7,8,30.546843
7,9,31.64206
8,0,0.0
8,1,6.9731646
8,10,37.23746
8,11,36.81865
8,12,35.788815
8,13,34.218155
8,14,32.226917
8,15,30.0
8,2,13.559016
8,3,19.465921
8,4,24.53003
8,5,28.695429
8,6,31.975414
8,7,34.416897
8,8,36.075485
8,9,37.001858
9,0,0.0
9,1,8.738123
9,10,42.90126
9,11,41.879852
9,12,39.98821
9,13,37.263718
9,14,33.84025
9,15,30.0
9,2,16.862953
9,3,23.967274
9,4,29.87893
9,5,34.590206
9,6,38.175236
9,7,40.73002
9,8,42.337955
9,9,43.05393
