0,0,0.0
0,1,0.0
0,10,0.0
0,11,0.0
0,12,0.0
0,13,0.0
0,14,0.0
0,15,30.0
0,2,0.0
0,3,0.0
0,4,0.0
0,5,0.0
0,6,0.0
0,7,0.0
0,8,0.0
0,9,0.0
1,0,0.0
1,1,0.6351514
1,10,5.174314
1,11,5.9436817
1,12,7.2343082
1,13,9.735517
1,14,15.341753
1,15,30.0
1,2,1.2545483
1,3,1.8443161
1,4,2.3941598
1,5,2.8988414
1,6,3.3596046
1,7,3.7860281
1,8,4.1992235
1,9,4.6382794
10,0,0.0
10,1,11.117729
10,10,49.439453
10,11,47.816154
10,12,45.024284
10,13,41.010933
10,14,35.871704
10,15,30.0
10,2,21.190039
10,3,29.665127
10,4,36.43303
10,5,41.616882
10,6,45.41149
10,7,47.996468
10,8,49.498867
10,9,49.980858
11,0,0.0
11,1,14.541815
11,10,57.05561
11,11,54.91766
11,12,51.27918
11,13,45.88218
11,14,38.634697
11,15,30.0
11,2,27.11252
11,3,37.067505
11,4,44.567837
11,5,50.0289
11,6,53.85308
11,7,56.340996
11,8,57.675697
11,9,57.926888
12,0,0.0
12,1,19.937181
12,10,65.93916
12,11,63.52031
12,12,59.293068
12,13,52.604267
12,14,42.785065
12,15,30.0
12,2,35.651047
12,3,46.925026
12,4,54.742523
12,5,60.078506
12,6,63.63172
12,7,65.83957
12,8,66.93685
12,9,66.99617
13,0,0.0
13,1,29.555994
13,10,76.185135
13,11,73.93182
13,12,69.76889
13,13,62.457016
13,14,49.901436
13,15,30.0
13,2,48.62974
13,3,60.239403
13,4,67.3992
13,5,71.91144
13,6,74.756355
13,7,76.449326
13,8,77.23664
13,9,77.18239
14,0,0.0
14,1,49.657158
14,10,87.68756
14,11,86.25329
14,12,83.39392
14,13,77.55365
14,14,64.363754
14,15,30.0
14,2,69.07268
14,3,78.00393
14,4,82.70376
14,5,85.412094
14,6,87.03336
14,7,87.96522
14,8,88.37841
14,9,88.31204
15,0,0.0
15,1,100.0
15,10,100.0
15,11,100.0
15,12,100.0
15,13,100.0
15,14,100.0
15,15,30.0
15,2,100.0
15,3,100.0
15,4,100.0
15,5,100.0
15,6,100.0
15,7,100.0
15,8,100.0
15,9,100.0
2,0,0.0
2,1,1.2861043
2,10,10.115493
2,11,11.366271
2,12,13.258171
2,13,16.366093
2,14,21.631546
2,15,30.0
2,2,2.5388186
2,3,3.7286897
2,4,4.8336515
2,5,5.8417974
2,6,6.753766
2,7,7.58551
2,8,8.372813
2,9,9.179795
3,0,0.0
3,1,1.97054
3,10,14.741976
3,11,16.148073
3,12,18.066269
3,13,20.839329
3,14,24.818424
3,15,30.0
3,2,3.886112
3,3,5.6982346
3,4,7.3702884
3,5,8.881316
3,6,10.228574
3,7,11.429877
3,8,12.527164
3,9,13.593021
4,0,0.0
4,1,2.7100768
4,10,19.111877
4,11,20.418251
4,12,22.019894
4,13,24.106781
4,14,26.802958
4,15,30.0
4,2,5.337118
4,3,7.8082237
4,4,10.068431
4,5,12.085162
4,6,13.849949
4,7,15.378895
4,8,16.713596
4,9,17.923756
5,0,0.0
5,1,3.5328197
5,10,23.364225
5,11,24.393772
5,12,25.488749
5,13,26.765282
5,14,28.286793
5,15,30.0
5,2,6.9443874
5,3,10.129593
5,4,13.010651
5,5,15.541657
5,6,17.707937
5,7,19.52297
5,8,21.025372
5,9,22.27731
6,0,0.0
6,1,4.4770107
6,10,27.674772
6,11,28.30457
6,12,28.776608
6,13,29.179184
6,14,29.57914
6,15,30.0
6,2,8.778408
6,3,12.755663
6,4,16.303627
6,5,19.363705
6,6,21.918077
6,7,23.98062
6,8,25.588562
6,9,26.796783
7,0,0.0
7,1,5.5970316
7,10,32.234406
7,11,32.3739
7,12,32.134544
7,13,31.596142
7,14,30.850788
7,15,30.0
7,2,10.936993
7,3,15.81164
7,4,20.08527
7,5,23.692358
7,6,26.621037
7,7,28.893915
7,8,30.552511
7,9,31.647488
8,0,0.0
8,1,6.974349
8,10,37.242416
8,11,36.822903
8,12,35.792183
8,13,34.22048
8,14,32.22811
8,15,30.0
8,2,13.561336
8,3,19.469273
8,4,24.534271
8,5,28.700367
8,6,31.980843
8,7,34.422573
8,8,36.081173
8,9,37.007294
9,0,0.0
9,1,8.739258
9,10,42.906006
9,11,41.883934
9,12,39.991432
9,13,37.265953
9,14,33.841385
9,15,30.0
9,2,16.865173
9,3,23.970482
9,4,29.882986
9,5,34.59494
9,6,38.180435
9,7,40.73546
9,8,42.3434
9,9,43.059143
