0,0,0.0
0,1,0.0
0,10,0.0
0,11,0.0
0,12,0.0
0,13,0.0
0,14,0.0
0,15,30.0
0,2,0.0
0,3,0.0
0,4,0.0
0,5,0.0
0,6,0.0
0,7,0.0
0,8,0.0
0,9,0.0
1,0,0.0
1,1,0.63455164
1,10,5.1718016
1,11,5.9415236
1,12,7.2326007
1,13,9.734334
1,14,15.341148
1,15,30.0
1,2,1.2533747
1,3,1.8426193
1,4,2.3920135
1,5,2.8963382
1,6,3.356854
1,7,3.7831492
1,8,4.1963425
1,9,4.635522
10,0,0.0
10,1,11.115184
10,10,49.4288
10,11,47.807003
10,12,45.017044
10,13,41.00592
10,14,35.86914
10,15,30.0
10,2,21.185062
10,3,29.657925
10,4,36.423927
10,5,41.606262
10,6,45.39982
10,7,47.984253
10,8,49.48665
10,9,49.969162
11,0,0.0
11,1,14.539627
11,10,57.046448
11,11,54.909794
11,12,51.27295
11,13,45.877876
11,14,38.632492
11,15,30.0
11,2,27.108238
11,3,37.061317
11,4,44.560005
11,5,50.01977
11,6,53.84305
11,7,56.330498
11,8,57.665184
11,9,57.916836
12,0,0.0
12,1,19.935448
12,10,65.93191
12,11,63.514072
12,12,59.28813
12,13,52.60085
12,14,42.78332
12,15,30.0
12,2,35.64766
12,3,46.92012
12,4,54.736317
12,5,60.07127
12,6,63.623775
12,7,65.831245
12,8,66.92853
12,9,66.988205
13,0,0.0
13,1,29.554794
13,10,76.1801
13,11,73.927505
13,12,69.76547
13,13,62.454647
13,14,49.900223
13,15,30.0
13,2,48.627388
13,3,60.236004
13,4,67.394905
13,5,71.90643
13,6,74.750854
13,7,76.44357
13,8,77.230865
13,9,77.176865
14,0,0.0
14,1,49.656544
14,10,87.68499
14,11,86.25107
14,12,83.39217
14,13,77.552444
14,14,64.36314
14,15,30.0
14,2,69.07148
14,3,78.00219
14,4,82.70156
14,5,85.40953
14,6,87.03055
14,7,87.96227
14,8,88.375465
14,9,88.30922
15,0,0.0
15,1,100.0
15,10,100.0
15,11,100.0
15,12,100.0
15,13,100.0
15,14,100.0
15,15,30.0
15,2,100.0
15,3,100.0
15,4,100.0
15,5,100.0
15,6,100.0
15,7,100.0
15,8,100.0
15,9,100.0
2,0,0.0
2,1,1.28493
2,10,10.110574
2,11,11.362047
2,12,13.2548275
2,13,16.36378
2,14,21.630362
2,15,30.0
2,2,2.5365205
2,3,3.7253675
2,4,4.829449
2,5,5.836897
2,6,6.74838
2,7,7.579874
2,8,8.367172
2,9,9.174397
3,0,0.0
3,1,1.9688406
3,10,14.7348585
3,11,16.141962
3,12,18.061434
3,13,20.83598
3,14,24.816711
3,15,30.0
3,2,3.8827872
3,3,5.693427
3,4,7.3642073
3,5,8.874226
3,6,10.22078
3,7,11.4217205
3,8,12.519005
3,9,13.585209
4,0,0.0
4,1,2.7079248
4,10,19.102861
4,11,20.410511
4,12,22.01377
4,13,24.10254
4,14,26.80079
4,15,30.0
4,2,5.332906
4,3,7.8021364
4,4,10.060728
4,5,12.076182
4,6,13.840079
4,7,15.3685665
4,8,16.703259
4,9,17.913864
5,0,0.0
5,1,3.5303059
5,10,23.353697
5,11,24.384733
5,12,25.481594
5,13,26.76033
5,14,28.284264
5,15,30.0
5,2,6.9394693
5,3,10.122482
5,4,13.0016575
5,5,15.531171
5,6,17.696411
5,7,19.510908
5,8,21.0133
5,9,22.265757
6,0,0.0
6,1,4.474243
6,10,27.663183
6,11,28.294617
6,12,28.768734
6,13,29.173733
6,14,29.576351
6,15,30.0
6,2,8.772993
6,3,12.747837
6,4,16.293728
6,5,19.35216
6,6,21.90539
6,7,23.967344
6,8,25.575275
6,9,26.784065
7,0,0.0
7,1,5.5941305
7,10,32.222256
7,11,32.363472
7,12,32.12629
7,13,31.590427
7,14,30.847866
7,15,30.0
7,2,10.931316
7,3,15.803433
7,4,20.074892
7,5,23.680256
7,6,26.607738
7,7,28.879995
7,8,30.53858
7,9,31.63416
8,0,0.0
8,1,6.9714413
8,10,37.23024
8,11,36.812443
8,12,35.783905
8,13,34.214752
8,14,32.225178
8,15,30.0
8,2,13.555645
8,3,19.461044
8,4,24.523865
8,5,28.688232
8,6,31.967506
8,7,34.408615
8,8,36.067207
8,9,36.993923
9,0,0.0
9,1,8.736471
9,10,42.89433
9,11,41.873905
9,12,39.983498
9,13,37.26046
9,14,33.838577
9,15,30.0
9,2,16.859716
9,3,23.9626
9,4,29.873009
9,5,34.58331
9,6,38.16765
9,7,40.72208
9,8,42.33
9,9,43.04633
