0,0,0.0
0,1,0.0
0,10,0.0
0,11,0.0
0,12,0.0
0,13,0.0
0,14,0.0
0,15,30.0
0,2,0.0
0,3,0.0
0,4,0.0
0,5,0.0
0,6,0.0
0,7,0.0
0,8,0.0
0,9,0.0
1,0,0.0
1,1,0.6278048
1,10,5.1373434
1,11,5.911331
1,12,7.2083163
1,13,9.717316
1,14,15.332386
1,15,30.0
1,2,1.2400401
1,3,1.8230511
1,4,2.3667483
1,5,2.8661764
1,6,3.322822
1,7,3.7465584
1,8,4.158718
1,9,4.5985794
10,0,0.0
10,1,11.065923
10,10,49.19716
10,11,47.60566
10,12,44.85608
10,13,40.89368
10,14,35.811478
10,15,30.0
10,2,21.088161
10,3,29.516605
10,4,36.243122
10,5,41.392513
10,6,45.16134
10,7,47.730663
10,8,49.228767
10,9,49.718548
11,0,0.0
11,1,14.495283
11,10,56.83904
11,11,54.72957
11,12,51.12897
11,13,45.777473
11,14,38.580944
11,15,30.0
11,2,27.021011
11,3,36.93419
11,4,44.39741
11,5,49.8277
11,6,53.628883
11,7,56.10295
11,8,57.43396
11,9,57.692253
12,0,0.0
12,1,19.89901
12,10,65.76218
12,11,63.366684
12,12,59.170387
12,13,52.518795
12,14,42.741177
12,15,30.0
12,2,35.57601
12,3,46.815712
12,4,54.602863
12,5,59.91368
12,6,63.448174
12,7,65.64476
12,8,66.73913
12,9,66.80437
13,0,0.0
13,1,29.528881
13,10,76.05974
13,11,73.82298
13,12,69.682014
13,13,62.39648
13,14,49.87037
13,15,30.0
13,2,48.57643
13,3,60.161777
13,4,67.30003
13,5,71.79446
13,6,74.626114
13,7,76.31116
13,8,77.09645
13,9,77.04643
14,0,0.0
14,1,49.643074
14,10,87.622536
14,11,86.19685
14,12,83.348885
14,13,77.52228
14,14,64.34766
14,15,30.0
14,2,69.045
14,3,77.963615
14,4,82.65228
14,5,85.351364
14,6,86.96577
14,7,87.89353
14,8,88.30569
14,9,88.24152
15,0,0.0
15,1,100.0
15,10,100.0
15,11,100.0
15,12,100.0
15,13,100.0
15,14,100.0
15,15,30.0
15,2,100.0
15,3,100.0
15,4,100.0
15,5,100.0
15,6,100.0
15,7,100.0
15,8,100.0
15,9,100.0
2,0,0.0
2,1,1.2712922
2,10,10.041353
2,11,11.301436
2,12,13.206087
2,13,16.329647
2,14,21.61278
2,15,30.0
2,2,2.5095956
2,3,3.6858466
2,4,4.778487
2,5,5.77607
2,6,6.6798315
2,7,7.5062084
2,8,8.291497
2,9,9.100142
3,0,0.0
3,1,1.9481256
3,10,14.630606
3,11,16.050737
3,12,17.98814
3,13,20.784657
3,14,24.790295
3,15,30.0
3,2,3.8418784
3,3,5.6334653
3,4,7.286916
3,5,8.782118
3,6,10.117063
3,7,11.310425
3,8,12.404785
3,9,13.473261
4,0,0.0
4,1,2.6800084
4,10,18.963898
4,11,20.289051
4,12,21.916235
4,13,24.03431
4,14,26.765667
4,15,30.0
4,2,5.2778444
4,3,7.72145
4,4,9.956898
4,5,11.952555
4,6,13.701115
4,7,15.219628
4,8,16.550646
4,9,17.764475
5,0,0.0
5,1,3.4953656
5,10,23.181692
5,11,24.234528
5,12,25.36111
5,13,26.676067
5,14,28.240921
5,15,30.0
5,2,6.870552
5,3,10.021642
5,4,12.871984
5,5,15.377054
5,6,17.523384
5,7,19.325788
5,8,20.82388
5,9,22.080597
6,0,0.0
6,1,4.4328613
6,10,27.461777
6,11,28.118961
6,12,28.62792
6,13,29.075348
6,14,29.525745
6,15,30.0
6,2,8.691461
6,3,12.628588
6,4,16.140627
6,5,19.170387
6,6,21.701672
6,7,23.749683
6,8,25.35291
6,9,26.567013
7,0,0.0
7,1,5.5475082
7,10,31.99767
7,11,32.167755
7,12,31.969566
7,13,31.480951
7,14,30.7916
7,15,30.0
7,2,10.839464
7,3,15.669262
7,4,19.902756
7,5,23.476204
7,6,26.379316
7,7,28.636326
7,8,30.289974
7,9,31.391804
8,0,0.0
8,1,6.9213724
8,10,36.99131
8,11,36.60447
8,12,35.61744
8,13,34.098576
8,14,32.165462
8,15,30.0
8,2,13.457089
8,3,19.317135
8,4,24.339474
8,5,28.469849
8,6,31.723387
8,7,34.148506
8,8,35.802166
8,9,36.735867
9,0,0.0
9,1,8.685385
9,10,42.652477
9,11,41.6635
9,12,39.815247
9,13,37.14305
9,14,33.77827
9,15,30.0
9,2,16.759165
9,3,23.81591
9,4,29.685165
9,5,34.361095
9,6,37.91948
9,7,40.457962
9,8,42.06118
9,9,42.78483
