0,0,0.0
0,1,0.0
0,10,0.0
0,11,0.0
0,12,0.0
0,13,0.0
0,14,0.0
0,15,30.0
0,2,0.0
0,3,0.0
0,4,0.0
0,5,0.0
0,6,0.0
0,7,0.0
0,8,0.0
0,9,0.0
1,0,0.0
1,1,0.6355587
1,10,5.1760135
1,11,5.9451394
1,12,7.235462
1,13,9.736315
1,14,15.342161
1,15,30.0
1,2,1.2553453
1,3,1.8454679
1,4,2.3956165
1,5,2.900539
1,6,3.3614695
1,7,3.7879782
1,8,4.2011743
1,9,4.6401443
10,0,0.0
10,1,11.119434
10,10,49.446564
10,11,47.822258
10,12,45.029114
10,13,41.014275
10,14,35.873413
10,15,30.0
10,2,21.193377
10,3,29.669947
10,4,36.439125
10,5,41.62399
10,6,45.419296
10,7,48.004627
10,8,49.507034
10,9,49.98867
11,0,0.0
11,1,14.54328
11,10,57.061718
11,11,54.9229
11,12,51.283325
11,13,45.885056
11,14,38.63616
11,15,30.0
11,2,27.115385
11,3,37.071648
11,4,44.57307
11,5,50.035
11,6,53.859787
11,7,56.348015
11,8,57.682713
11,9,57.933594
12,0,0.0
12,1,19.938341
12,10,65.944
12,11,63.524452
12,12,59.29635
12,13,52.606533
12,14,42.78623
12,15,30.0
12,2,35.653316
12,3,46.928303
12,4,54.746662
12,5,60.083332
12,6,63.637028
12,7,65.84511
12,8,66.942406
12,9,67.00148
13,0,0.0
13,1,29.556797
13,10,76.188484
13,11,73.93469
13,12,69.771164
13,13,62.45859
13,14,49.902237
13,15,30.0
13,2,48.63131
13,3,60.241676
13,4,67.40207
13,5,71.91478
13,6,74.76003
13,7,76.45317
13,8,77.24048
13,9,77.186066
14,0,0.0
14,1,49.65757
14,10,87.689285
14,11,86.25475
14,12,83.39509
14,13,77.55446
14,14,64.36417
14,15,30.0
14,2,69.07349
14,3,78.00509
14,4,82.70523
14,5,85.4138
14,6,87.03523
14,7,87.967186
14,8,88.38038
14,9,88.31392
15,0,0.0
15,1,100.0
15,10,100.0
15,11,100.0
15,12,100.0
15,13,100.0
15,14,100.0
15,15,30.0
15,2,100.0
15,3,100.0
15,4,100.0
15,5,100.0
15,6,100.0
15,7,100.0
15,8,100.0
15,9,100.0
2,0,0.0
2,1,1.2869015
2,10,10.118816
2,11,11.369125
2,12,13.260427
2,13,16.367657
2,14,21.632343
2,15,30.0
2,2,2.5403779
2,3,3.7309432
2,4,4.836501
2,5,5.8451185
2,6,6.757415
2,7,7.5893264
2,8,8.37663
2,9,9.183447
3,0,0.0
3,1,1.9716923
3,10,14.746783
3,11,16.152197
3,12,18.069534
3,13,20.841585
3,14,24.81958
3,15,30.0
3,2,3.8883665
3,3,5.7014923
3,4,7.3744082
3,5,8.886118
3,6,10.233849
3,7,11.435393
3,8,12.532684
3,9,13.598297
4,0,0.0
4,1,2.7115345
4,10,19.117954
4,11,20.42347
4,12,22.024021
4,13,24.109638
4,14,26.804419
4,15,30.0
4,2,5.3399696
4,3,7.812345
4,4,10.073642
4,5,12.091236
4,6,13.856621
4,7,15.385874
4,8,16.720573
4,9,17.930433
5,0,0.0
5,1,3.5345192
5,10,23.371315
5,11,24.399857
5,12,25.49356
5,13,26.768612
5,14,28.288498
5,15,30.0
5,2,6.9477134
5,3,10.134398
5,4,13.016727
5,5,15.548742
5,6,17.715717
5,7,19.531109
5,8,21.033512
5,9,22.285091
6,0,0.0
6,1,4.478878
6,10,27.682562
6,11,28.311256
6,12,28.781897
6,13,29.182846
6,14,29.581009
6,15,30.0
6,2,8.782062
6,3,12.760944
6,4,16.310307
6,5,19.371489
6,6,21.926628
6,7,23.989563
6,8,25.597507
6,9,26.805338
7,0,0.0
7,1,5.5989857
7,10,32.24256
7,11,32.380898
7,12,32.140083
7,13,31.59997
7,14,30.852749
7,15,30.0
7,2,10.940817
7,3,15.817165
7,4,20.092258
7,5,23.700504
7,6,26.629986
7,7,28.90327
7,8,30.56187
7,9,31.656439
8,0,0.0
8,1,6.9763055
8,10,37.250572
8,11,36.829906
8,12,35.797718
8,13,34.22432
8,14,32.230064
8,15,30.0
8,2,13.565162
8,3,19.474802
8,4,24.541264
8,5,28.708519
8,6,31.989796
8,7,34.43194
8,8,36.090538
8,9,37.01625
9,0,0.0
9,1,8.74113
9,10,42.91381
9,11,41.89063
9,12,39.996735
9,13,37.26962
9,14,33.84326
9,15,30.0
9,2,16.868835
9,3,23.975779
9,4,29.889679
9,5,34.60274
9,6,38.189
9,7,40.74442
9,8,42.35236
9,9,43.06771
