0,0,0.0
0,1,0.0
0,10,0.0
0,11,0.0
0,12,0.0
0,13,0.0
0,14,0.0
0,15,0.0
0,16,0.0
0,17,0.0
0,18,0.0
0,19,0.0
0,2,0.0
0,20,0.0
0,21,0.0
0,22,0.0
0,23,0.0
0,24,0.0
0,25,0.0
0,26,0.0
0,27,0.0
0,28,0.0
0,29,30.0
0,3,0.0
0,4,0.0
0,5,0.0
0,6,0.0
0,7,0.0
0,8,0.0
0,9,0.0
1,0,0.0
1,1,0.54179066
1,10,3.6733549
1,11,3.7868032
1,12,3.8702803
1,13,3.9302177
1,14,3.9731646
1,15,4.004636
1,16,4.0299454
1,17,4.0542135
1,18,4.0829525
1,19,4.123213
1,2,1.0685319
1,20,4.184313
1,21,4.280754
1,22,4.4347525
1,23,4.684389
1,24,5.0965405
1,25,5.8018
1,26,7.0793796
1,27,9.608458
1,28,15.270889
1,29,30.0
1,3,1.5660101
1,4,2.0231538
1,5,2.43088
1,6,2.7849648
1,7,3.0831573
1,8,3.3278592
1,9,3.5224338
10,0,0.0
10,1,3.6729364
10,10,24.862305
10,11,25.624828
10,12,26.181011
10,13,26.576414
10,14,26.850372
10,15,27.037354
10,16,27.165157
10,17,27.256298
10,18,27.32904
10,19,27.3979
10,2,7.24241
10,20,27.476212
10,21,27.574974
10,22,27.705952
10,23,27.878464
10,24,28.102192
10,25,28.382114
10,26,28.720549
10,27,29.11187
10,28,29.544685
10,29,30.0
10,3,10.614569
10,4,13.709566
10,5,16.471592
10,6,18.86536
10,7,20.882961
10,8,22.533783
10,9,23.84761
11,0,0.0
11,1,3.7859693
11,10,25.624
11,11,26.408646
11,12,26.981445
11,13,27.387632
11,14,27.668724
11,15,27.859192
11,16,27.987549
11,17,28.076263
11,18,28.142767
11,19,28.201206
11,2,7.4657187
11,20,28.262413
11,21,28.336456
11,22,28.431013
11,23,28.554039
11,24,28.710491
11,25,28.904701
11,26,29.136288
11,27,29.402227
11,28,29.693985
11,29,30.0
11,3,10.941039
11,4,14.131829
11,5,16.97767
11,6,19.445505
11,7,21.523705
11,8,23.22546
11,9,24.578224
12,0,0.0
12,1,3.8686764
12,10,26.178804
12,11,26.980246
12,12,27.564425
12,13,27.978767
12,14,28.264618
12,15,28.457531
12,16,28.585976
12,17,28.672342
12,18,28.733908
12,19,28.783506
12,2,7.628375
12,20,28.831558
12,21,28.885622
12,22,28.952688
12,23,29.03741
12,24,29.144295
12,25,29.274906
12,26,29.429848
12,27,29.606045
12,28,29.798674
12,29,30.0
12,3,11.179839
12,4,14.439401
12,5,17.347618
12,6,19.86808
12,7,21.991722
12,8,23.729275
12,9,25.111443
13,0,0.0
13,1,3.927176
13,10,26.5719
13,11,27.384531
13,12,27.977142
13,13,28.39683
13,14,28.686142
13,15,28.880543
13,16,29.008842
13,17,29.093369
13,18,29.15085
13,19,29.193954
13,2,7.7439833
13,20,29.231663
13,21,29.271215
13,22,29.317461
13,23,29.37478
13,24,29.445442
13,25,29.531376
13,26,29.632095
13,27,29.746317
13,28,29.870432
13,29,30.0
13,3,11.348744
13,4,14.657889
13,5,17.609287
13,6,20.168024
13,7,22.322758
13,8,24.08656
13,9,25.488594
14,0,0.0
14,1,3.9675694
14,10,26.84185
14,11,27.662567
14,12,28.260563
14,13,28.684097
14,14,28.975563
14,15,29.170958
14,16,29.299047
14,17,29.38206
14,18,29.436657
14,19,29.474783
14,2,7.8233757
14,20,29.50528
14,21,29.534096
14,22,29.565937
14,23,29.603596
14,24,29.649483
14,25,29.704285
14,26,29.768366
14,27,29.840405
14,28,29.918598
14,29,30.0
14,3,11.465323
14,4,14.807934
14,5,17.789759
14,6,20.374008
14,7,22.550854
14,8,24.331919
14,9,25.748207
15,0,0.0
15,1,3.9944978
15,10,27.022179
15,11,27.847918
15,12,28.449713
15,13,28.875597
15,14,29.168554
15,15,29.364513
15,16,29.492378
15,17,29.574345
15,18,29.626781
15,19,29.661577
15,2,7.876607
15,20,29.686861
15,21,29.708515
15,22,29.730234
15,23,29.754856
15,24,29.78378
15,25,29.818089
15,26,29.857655
15,27,29.902098
15,28,29.95007
15,29,30.0
15,3,11.543042
15,4,14.908472
15,5,17.910072
15,6,20.511898
15,7,22.702917
15,8,24.495996
15,9,25.92128
16,0,0.0
16,1,4.0120325
16,10,27.138859
16,11,27.96805
16,12,28.572104
16,13,28.9996
16,14,29.293423
16,15,29.489742
16,16,29.61743
16,17,29.698624
16,18,29.749668
16,19,29.782106
16,2,7.9110503
16,20,29.80405
16,21,29.82078
16,22,29.83601
16,23,29.851881
16,24,29.869968
16,25,29.890814
16,26,29.91477
16,27,29.941406
16,28,29.970158
16,29,30.0
16,3,11.593627
16,4,14.973526
16,5,17.988308
16,6,20.601122
16,7,22.80169
16,8,24.60216
16,9,26.033573
17,0,0.0
17,1,4.023043
17,10,27.212296
17,11,28.04348
17,12,28.64905
17,13,29.077463
17,14,29.37186
17,15,29.568367
17,16,29.695917
17,17,29.776623
17,18,29.826708
17,19,29.857697
17,2,7.9328203
17,20,29.877386
17,21,29.891077
17,22,29.90204
17,23,29.912506
17,24,29.923609
17,25,29.936138
17,26,29.950222
17,27,29.96585
17,28,29.982609
17,29,30.0
17,3,11.625388
17,4,15.014612
17,5,18.037434
17,6,20.657412
17,7,22.863712
17,8,24.669056
17,9,26.104078
18,0,0.0
18,1,4.0297995
18,10,27.25703
18,11,28.08952
18,12,28.695927
18,13,29.124939
18,14,29.419643
18,15,29.61627
18,16,29.743725
18,17,29.824104
18,18,29.873615
18,19,29.903648
18,2,7.946083
18,20,29.922007
18,21,29.933737
18,22,29.942163
18,23,29.94921
18,24,29.956142
18,25,29.963516
18,26,29.97168
18,27,29.98059
18,28,29.990131
18,29,30.0
18,3,11.644867
18,4,15.039642
18,5,18.067532
18,6,20.691706
18,7,22.90166
18,8,24.709808
18,9,26.147167
19,0,0.0
19,1,4.0337915
19,10,27.283537
19,11,28.116726
19,12,28.72367
19,13,29.152994
19,14,29.447897
19,15,29.644575
19,16,29.771969
19,17,29.852158
19,18,29.901302
19,19,29.930794
19,2,7.9539795
19,20,29.948307
19,21,29.95892
19,22,29.965769
19,23,29.970852
19,24,29.975246
19,25,29.979635
19,26,29.984264
19,27,29.989258
19,28,29.994541
19,29,30.0
19,3,11.656378
19,4,15.054531
19,5,18.085318
19,6,20.712076
19,7,22.924084
19,8,24.733984
19,9,26.172625
2,0,0.0
2,1,1.0685316
2,10,7.243207
2,11,7.467286
2,12,7.63142
2,13,7.749702
2,14,7.83396
2,15,7.8956547
2,16,7.9447947
2,17,7.991228
2,18,8.045655
2,19,8.1206
2,2,2.106964
2,20,8.233738
2,21,8.409669
2,22,8.687466
2,23,9.127644
2,24,9.832166
2,25,10.974243
2,26,12.863695
2,27,16.053452
2,28,21.460049
2,29,30.0
2,3,3.0884752
2,4,3.9893172
2,5,4.794039
2,6,5.4914784
2,7,6.0802145
2,8,6.56197
2,9,6.9462395
20,0,0.0
20,1,4.0360985
20,10,27.298725
20,11,28.132349
20,12,28.739563
20,13,29.169088
20,14,29.464087
20,15,29.6608
20,16,29.788155
20,17,29.868227
20,18,29.917171
20,19,29.946323
20,2,7.9585037
20,20,29.963379
20,21,29.973307
20,22,29.97929
20,23,29.983196
20,24,29.98618
20,25,29.988817
20,26,29.991453
20,27,29.99419
20,28,29.997059
20,29,30.0
20,3,11.663025
20,4,15.063064
20,5,18.095573
20,6,20.723751
20,7,22.937
20,8,24.747839
20,9,26.187265
21,0,0.0
21,1,4.0373793
21,10,27.307186
21,11,28.14103
21,12,28.748411
21,13,29.17803
21,14,29.47309
21,15,29.669815
21,16,29.797148
21,17,29.877155
21,18,29.92598
21,19,29.954956
21,2,7.961039
21,20,29.971733
21,21,29.981304
21,22,29.986774
21,23,29.990057
21,24,29.992228
21,25,29.993916
21,26,29.995428
21,27,29.996925
21,28,29.998447
21,29,30.0
21,3,11.666717
21,4,15.06784
21,5,18.101273
21,6,20.730276
21,7,22.944172
21,8,24.75557
21,9,26.195398
22,0,0.0
22,1,4.0380764
22,10,27.31174
22,11,28.145712
22,12,28.753172
22,13,29.182852
22,14,29.477936
22,15,29.674673
22,16,29.801989
22,17,29.881962
22,18,29.930723
22,19,29.959599
22,2,7.9624033
22,20,29.976238
22,21,29.9856
22,22,29.990814
22,23,29.993736
22,24,29.995487
22,25,29.99665
22,26,29.99757
22,27,29.998394
22,28,29.999197
22,29,30.0
22,3,11.668722
22,4,15.070411
22,5,18.104362
22,6,20.733788
22,7,22.94806
22,8,24.759731
22,9,26.199795
23,0,0.0
23,1,4.0384398
23,10,27.314127
23,11,28.148155
23,12,28.755663
23,13,29.185364
23,14,29.480465
23,15,29.677204
23,16,29.804516
23,17,29.884468
23,18,29.933197
23,19,29.962023
23,2,7.9631233
23,20,29.978584
23,21,29.987848
23,22,29.992912
23,23,29.995667
23,24,29.99718
23,25,29.998081
23,26,29.998682
23,27,29.99916
23,28,29.999588
23,29,30.0
23,3,11.669767
23,4,15.071763
23,5,18.105976
23,6,20.735636
23,7,22.950085
23,8,24.761917
23,9,26.202087
24,0,0.0
24,1,4.0386257
24,10,27.31533
24,11,28.149395
24,12,28.756918
24,13,29.18664
24,14,29.481747
24,15,29.678486
24,16,29.805794
24,17,29.885738
24,18,29.934448
24,19,29.96325
24,2,7.963486
24,20,29.97977
24,21,29.98898
24,22,29.993979
24,23,29.996634
24,24,29.998041
24,25,29.9988
24,26,29.999245
24,27,29.999546
24,28,29.999783
24,29,30.0
24,3,11.670302
24,4,15.072447
24,5,18.106796
24,6,20.736568
24,7,22.951115
24,8,24.763016
24,9,26.203253
25,0,0.0
25,1,4.0387163
25,10,27.315924
25,11,28.149998
25,12,28.75754
25,13,29.18726
25,14,29.482372
25,15,29.679113
25,16,29.80642
25,17,29.886358
25,18,29.935062
25,19,29.963846
25,2,7.963666
25,20,29.980354
25,21,29.989534
25,22,29.994497
25,23,29.99711
25,24,29.99846
25,25,29.999153
25,26,29.999523
25,27,29.999733
25,28,29.999882
25,29,30.0
25,3,11.670563
25,4,15.072784
25,5,18.1072
25,6,20.737028
25,7,22.951618
25,8,24.763561
25,9,26.20382
26,0,0.0
26,1,4.038759
26,10,27.316204
26,11,28.150288
26,12,28.75783
26,13,29.187557
26,14,29.48267
26,15,29.679413
26,16,29.806717
26,17,29.88665
26,18,29.935352
26,19,29.964134
26,2,7.963751
26,20,29.980627
26,21,29.9898
26,22,29.994745
26,23,29.997335
26,24,29.998657
26,25,29.999323
26,26,29.999653
26,27,29.999826
26,28,29.999926
26,29,30.0
26,3,11.670688
26,4,15.072946
26,5,18.107391
26,6,20.737246
26,7,22.95186
26,8,24.763819
26,9,26.204092
27,0,0.0
27,1,4.0387793
27,10,27.316332
27,11,28.150417
27,12,28.757963
27,13,29.18769
27,14,29.482805
27,15,29.679546
27,16,29.80685
27,17,29.886787
27,18,29.935484
27,19,29.964262
27,2,7.96379
27,20,29.980755
27,21,29.989922
27,22,29.99486
27,23,29.99744
27,24,29.99875
27,25,29.999397
27,26,29.999716
27,27,29.999866
27,28,29.99995
27,29,30.0
27,3,11.670746
27,4,15.073019
27,5,18.107481
27,6,20.737347
27,7,22.951971
27,8,24.763937
27,9,26.204216
28,0,0.0
28,1,4.0387883
28,10,27.316391
28,11,28.150478
28,12,28.758024
28,13,29.187752
28,14,29.482866
28,15,29.679607
28,16,29.806911
28,17,29.886847
28,18,29.935543
28,19,29.964321
28,2,7.963807
28,20,29.980812
28,21,29.989973
28,22,29.99491
28,23,29.997486
28,24,29.99879
28,25,29.999434
28,26,29.999739
28,27,29.999886
28,28,29.999956
28,29,30.0
28,3,11.670771
28,4,15.073052
28,5,18.10752
28,6,20.737392
28,7,22.95202
28,8,24.763988
28,9,26.204273
29,0,0.0
29,1,4.0387917
29,10,27.316414
29,11,28.150503
29,12,28.758049
29,13,29.187778
29,14,29.48289
29,15,29.679634
29,16,29.806938
29,17,29.886871
29,18,29.93557
29,19,29.964344
29,2,7.9638157
29,20,29.980835
29,21,29.989998
29,22,29.994932
29,23,29.997505
29,24,29.998812
29,25,29.999447
29,26,29.999754
29,27,29.999893
29,28,29.999962
29,29,30.0
29,3,11.670782
29,4,15.073067
29,5,18.107536
29,6,20.73741
29,7,22.952042
29,8,24.764011
29,9,26.204296
3,0,0.0
3,1,1.566009
3,10,10.615648
3,11,10.943191
3,12,11.183971
3,13,11.356569
3,14,11.479678
3,15,11.568972
3,16,11.639243
3,17,11.704353
3,18,11.778595
3,19,11.879381
3,2,3.0884738
3,20,12.028344
3,21,12.257282
3,22,12.610688
3,23,13.157333
3,24,13.998771
3,25,15.291295
3,26,17.263075
3,27,20.224667
3,28,24.486576
3,29,30.0
3,3,4.526359
3,4,5.8475456
3,5,7.0259104
3,6,8.049093
3,7,8.910763
3,8,9.617706
3,9,10.1798115
30,0,0.0
30,1,4.0387936
30,10,27.316425
30,11,28.150513
30,12,28.75806
30,13,29.187786
30,14,29.482903
30,15,29.679644
30,16,29.806948
30,17,29.886883
30,18,29.93558
30,19,29.964357
30,2,7.963818
30,20,29.980844
30,21,29.990007
30,22,29.994938
30,23,29.997517
30,24,29.998816
30,25,29.999454
30,26,29.999756
30,27,29.999897
30,28,29.999964
30,29,30.0
30,3,11.670786
30,4,15.073072
30,5,18.107544
30,6,20.73742
30,7,22.95205
30,8,24.764023
30,9,26.204306
31,0,0.0
31,1,4.038794
31,10,27.31643
31,11,28.150518
31,12,28.758064
31,13,29.187794
31,14,29.482906
31,15,29.67965
31,16,29.806952
31,17,29.886889
31,18,29.935585
31,19,29.96436
31,2,7.96382
31,20,29.980852
31,21,29.99001
31,22,29.994946
31,23,29.997519
31,24,29.998821
31,25,29.999456
31,26,29.99976
31,27,29.999899
31,28,29.999964
31,29,30.0
31,3,11.670789
31,4,15.073074
31,5,18.107548
31,6,20.737423
31,7,22.952055
31,8,24.764025
31,9,26.204311
32,0,0.0
32,1,4.038795
32,10,27.316431
32,11,28.150518
32,12,28.758068
32,13,29.187794
32,14,29.48291
32,15,29.67965
32,16,29.806953
32,17,29.886889
32,18,29.935589
32,19,29.964363
32,2,7.9638195
32,20,29.98085
32,21,29.990015
32,22,29.994946
32,23,29.997522
32,24,29.998821
32,25,29.999458
32,26,29.999758
32,27,29.9999
32,28,29.999966
32,29,30.0
32,3,11.67079
32,4,15.073076
32,5,18.107548
32,6,20.737423
32,7,22.952055
32,8,24.764029
32,9,26.204311
33,0,0.0
33,1,4.0387945
33,10,27.316431
33,11,28.15052
33,12,28.758066
33,13,29.187798
33,14,29.48291
33,15,29.679653
33,16,29.806953
33,17,29.88689
33,18,29.935589
33,19,29.964363
33,2,7.9638214
33,20,29.980854
33,21,29.990013
33,22,29.994947
33,23,29.997519
33,24,29.998823
33,25,29.999456
33,26,29.999762
33,27,29.9999
33,28,29.999966
33,29,30.0
33,3,11.67079
33,4,15.073077
33,5,18.10755
33,6,20.737425
33,7,22.952057
33,8,24.764029
33,9,26.204313
34,0,0.0
34,1,4.038795
34,10,27.316431
34,11,28.15052
34,12,28.758068
34,13,29.187796
34,14,29.48291
34,15,29.679653
34,16,29.806957
34,17,29.88689
34,18,29.935589
34,19,29.964363
34,2,7.9638205
34,20,29.980854
34,21,29.990015
34,22,29.994946
34,23,29.997524
34,24,29.998821
34,25,29.99946
34,26,29.99976
34,27,29.9999
34,28,29.999966
34,29,30.0
34,3,11.670791
34,4,15.073076
34,5,18.107552
34,6,20.737425
34,7,22.952057
34,8,24.764029
34,9,26.204313
35,0,0.0
35,1,4.0387945
35,10,27.316433
35,11,28.15052
35,12,28.75807
35,13,29.187798
35,14,29.482912
35,15,29.679653
35,16,29.806957
35,17,29.88689
35,18,29.935589
35,19,29.964365
35,2,7.9638214
35,20,29.980854
35,21,29.990015
35,22,29.99495
35,23,29.99752
35,24,29.998823
35,25,29.999456
35,26,29.999762
35,27,29.9999
35,28,29.999966
35,29,30.0
35,3,11.67079
35,4,15.073078
35,5,18.10755
35,6,20.737427
35,7,22.952057
35,8,24.764029
35,9,26.204313
36,0,0.0
36,1,4.038795
36,10,27.316431
36,11,28.15052
36,12,28.758068
36,13,29.187798
36,14,29.48291
36,15,29.679655
36,16,29.806957
36,17,29.88689
36,18,29.935589
36,19,29.964363
36,2,7.9638214
36,20,29.980854
36,21,29.990015
36,22,29.994947
36,23,29.997522
36,24,29.998821
36,25,29.99946
36,26,29.999762
36,27,29.9999
36,28,29.999966
36,29,30.0
36,3,11.670791
36,4,15.073076
36,5,18.107552
36,6,20.737425
36,7,22.952057
36,8,24.764029
36,9,26.204315
37,0,0.0
37,1,4.038795
37,10,27.316433
37,11,28.15052
37,12,28.75807
37,13,29.187796
37,14,29.482912
37,15,29.679653
37,16,29.806957
37,17,29.88689
37,18,29.935589
37,19,29.964363
37,2,7.9638214
37,20,29.980852
37,21,29.990015
37,22,29.994947
37,23,29.99752
37,24,29.998823
37,25,29.999458
37,26,29.999762
37,27,29.9999
37,28,29.999966
37,29,30.0
37,3,11.67079
37,4,15.073076
37,5,18.10755
37,6,20.737425
37,7,22.952057
37,8,24.764029
37,9,26.204313
38,0,0.0
38,1,4.038795
38,10,27.316431
38,11,28.150522
38,12,28.758068
38,13,29.187798
38,14,29.48291
38,15,29.679653
38,16,29.806955
38,17,29.88689
38,18,29.935589
38,19,29.964361
38,2,7.9638214
38,20,29.980854
38,21,29.990013
38,22,29.994947
38,23,29.997519
38,24,29.998823
38,25,29.999458
38,26,29.999762
38,27,29.9999
38,28,29.999966
38,29,30.0
38,3,11.67079
38,4,15.073076
38,5,18.107548
38,6,20.737425
38,7,22.952057
38,8,24.764029
38,9,26.204315
39,0,0.0
39,1,4.038795
39,10,27.316433
39,11,28.15052
39,12,28.75807
39,13,29.187796
39,14,29.48291
39,15,29.679653
39,16,29.806957
39,17,29.88689
39,18,29.935587
39,19,29.964363
39,2,7.963821
39,20,29.980848
39,21,29.990015
39,22,29.994946
39,23,29.997522
39,24,29.998821
39,25,29.999458
39,26,29.99976
39,27,29.9999
39,28,29.999966
39,29,30.0
39,3,11.67079
39,4,15.073076
39,5,18.107548
39,6,20.737425
39,7,22.952057
39,8,24.764029
39,9,26.204313
4,0,0.0
4,1,2.0231504
4,10,13.710836
4,11,14.134327
4,12,14.444252
4,13,14.666976
4,14,14.824699
4,15,14.9385
4,16,15.026426
4,17,15.105497
4,18,15.193169
4,19,15.30839
4,2,3.9893117
4,20,15.476074
4,21,15.727707
4,22,16.109095
4,23,16.681524
4,24,17.532568
4,25,18.776222
4,26,20.555885
4,27,23.014853
4,28,26.22125
4,29,30.0
4,3,5.84754
4,4,7.553043
4,5,9.076306
4,6,10.396492
4,7,11.510614
4,8,12.422272
4,9,13.149162
40,0,0.0
40,1,4.038795
40,10,27.316431
40,11,28.15052
40,12,28.758068
40,13,29.187798
40,14,29.48291
40,15,29.679653
40,16,29.806957
40,17,29.88689
40,18,29.935587
40,19,29.964361
40,2,7.963821
40,20,29.980854
40,21,29.99001
40,22,29.994947
40,23,29.997519
40,24,29.998821
40,25,29.999456
40,26,29.99976
40,27,29.999899
40,28,29.999966
40,29,30.0
40,3,11.67079
40,4,15.073075
40,5,18.107548
40,6,20.737423
40,7,22.952057
40,8,24.764029
40,9,26.204313
41,0,0.0
41,1,4.038795
41,10,27.316433
41,11,28.15052
41,12,28.758068
41,13,29.187794
41,14,29.48291
41,15,29.679653
41,16,29.806957
41,17,29.88689
41,18,29.935587
41,19,29.964363
41,2,7.9638214
41,20,29.980852
41,21,29.990015
41,22,29.994946
41,23,29.99752
41,24,29.99882
41,25,29.999458
41,26,29.99976
41,27,29.999899
41,28,29.999966
41,29,30.0
41,3,11.67079
41,4,15.073076
41,5,18.107548
41,6,20.737425
41,7,22.952055
41,8,24.76403
41,9,26.204313
42,0,0.0
42,1,4.038795
42,10,27.316433
42,11,28.15052
42,12,28.758066
42,13,29.187794
42,14,29.482906
42,15,29.679653
42,16,29.806955
42,17,29.886892
42,18,29.935587
42,19,29.964363
42,2,7.9638214
42,20,29.980854
42,21,29.990015
42,22,29.994947
42,23,29.997519
42,24,29.998821
42,25,29.999454
42,26,29.99976
42,27,29.999899
42,28,29.999964
42,29,30.0
42,3,11.67079
42,4,15.073076
42,5,18.107548
42,6,20.737423
42,7,22.952057
42,8,24.764029
42,9,26.204313
43,0,0.0
43,1,4.038795
43,10,27.316431
43,11,28.150522
43,12,28.758066
43,13,29.187794
43,14,29.48291
43,15,29.679653
43,16,29.806957
43,17,29.88689
43,18,29.935589
43,19,29.964363
43,2,7.9638205
43,20,29.980854
43,21,29.990013
43,22,29.994947
43,23,29.997519
43,24,29.99882
43,25,29.999458
43,26,29.999758
43,27,29.999899
43,28,29.999964
43,29,30.0
43,3,11.67079
43,4,15.073076
43,5,18.107548
43,6,20.737423
43,7,22.952055
43,8,24.764029
43,9,26.204313
44,0,0.0
44,1,4.0387945
44,10,27.316433
44,11,28.15052
44,12,28.758066
44,13,29.187796
44,14,29.48291
44,15,29.679653
44,16,29.806957
44,17,29.88689
44,18,29.935587
44,19,29.964363
44,2,7.9638205
44,20,29.980852
44,21,29.990015
44,22,29.994946
44,23,29.99752
44,24,29.998817
44,25,29.999458
44,26,29.99976
44,27,29.999899
44,28,29.999964
44,29,30.0
44,3,11.67079
44,4,15.073075
44,5,18.107548
44,6,20.737423
44,7,22.952055
44,8,24.764029
44,9,26.204313
45,0,0.0
45,1,4.0387945
45,10,27.316431
45,11,28.15052
45,12,28.758068
45,13,29.187794
45,14,29.48291
45,15,29.679653
45,16,29.806957
45,17,29.88689
45,18,29.935589
45,19,29.964361
45,2,7.9638205
45,20,29.980854
45,21,29.99001
45,22,29.994947
45,23,29.997517
45,24,29.998821
45,25,29.999456
45,26,29.99976
45,27,29.999899
45,28,29.999964
45,29,30.0
45,3,11.67079
45,4,15.073076
45,5,18.107548
45,6,20.737423
45,7,22.952057
45,8,24.764029
45,9,26.204313
46,0,0.0
46,1,4.0387945
46,10,27.316433
46,11,28.15052
46,12,28.758066
46,13,29.187794
46,14,29.482906
46,15,29.679653
46,16,29.806957
46,17,29.886892
46,18,29.935587
46,19,29.964365
46,2,7.9638205
46,20,29.98085
46,21,29.990015
46,22,29.994942
46,23,29.99752
46,24,29.99882
46,25,29.999458
46,26,29.99976
46,27,29.9999
46,28,29.999964
46,29,30.0
46,3,11.67079
46,4,15.073076
46,5,18.107548
46,6,20.737425
46,7,22.952057
46,8,24.764029
46,9,26.204313
47,0,0.0
47,1,4.038795
47,10,27.316431
47,11,28.15052
47,12,28.758066
47,13,29.187794
47,14,29.482906
47,15,29.67965
47,16,29.806957
47,17,29.886892
47,18,29.935589
47,19,29.964361
47,2,7.9638205
47,20,29.980854
47,21,29.99001
47,22,29.994947
47,23,29.997517
47,24,29.998821
47,25,29.999454
47,26,29.999762
47,27,29.9999
47,28,29.999964
47,29,30.0
47,3,11.67079
47,4,15.073076
47,5,18.107548
47,6,20.737425
47,7,22.952057
47,8,24.764029
47,9,26.204311
48,0,0.0
48,1,4.0387945
48,10,27.316431
48,11,28.15052
48,12,28.758066
48,13,29.187794
48,14,29.482906
48,15,29.679653
48,16,29.806957
48,17,29.886892
48,18,29.935587
48,19,29.964363
48,2,7.9638214
48,20,29.98085
48,21,29.990015
48,22,29.994942
48,23,29.997519
48,24,29.99882
48,25,29.999458
48,26,29.99976
48,27,29.9999
48,28,29.999964
48,29,30.0
48,3,11.67079
48,4,15.073076
48,5,18.107548
48,6,20.737425
48,7,22.952057
48,8,24.764029
48,9,26.204315
49,0,0.0
49,1,4.038795
49,10,27.316433
49,11,28.15052
49,12,28.758066
49,13,29.187794
49,14,29.482906
49,15,29.679653
49,16,29.806957
49,17,29.886892
49,18,29.935589
49,19,29.964361
49,2,7.9638205
49,20,29.980854
49,21,29.990013
49,22,29.994946
49,23,29.99752
49,24,29.99882
49,25,29.999458
49,26,29.99976
49,27,29.9999
49,28,29.999964
49,29,30.0
49,3,11.67079
49,4,15.073076
49,5,18.107548
49,6,20.737423
49,7,22.952057
49,8,24.764029
49,9,26.204313
5,0,0.0
5,1,2.4308712
5,10,16.472918
5,11,16.980324
5,12,17.352707
5,13,17.6189
5,14,17.80732
5,15,17.94163
5,16,18.043438
5,17,18.13206
5,18,18.22602
5,19,18.346058
5,2,4.7940235
5,20,18.515373
5,21,18.765284
5,22,19.134237
5,23,19.675116
5,24,20.451752
5,25,21.542736
5,26,23.026468
5,27,24.961456
5,28,27.334135
5,29,30.0
5,3,7.025892
5,4,9.07629
5,5,10.905037
5,6,12.492517
5,7,13.829395
5,8,14.925774
5,9,15.797468
50,0,0.0
50,1,4.038795
50,10,27.316433
50,11,28.15052
50,12,28.758066
50,13,29.187794
50,14,29.482906
50,15,29.679653
50,16,29.806955
50,17,29.886892
50,18,29.935587
50,19,29.964363
50,2,7.963821
50,20,29.980848
50,21,29.990013
50,22,29.994944
50,23,29.997519
50,24,29.998821
50,25,29.999458
50,26,29.999762
50,27,29.999899
50,28,29.999966
50,29,30.0
50,3,11.670791
50,4,15.073076
50,5,18.107548
50,6,20.737423
50,7,22.952057
50,8,24.764029
50,9,26.204311
51,0,0.0
51,1,4.038795
51,10,27.31643
51,11,28.15052
51,12,28.758066
51,13,29.187794
51,14,29.482906
51,15,29.67965
51,16,29.806957
51,17,29.88689
51,18,29.935587
51,19,29.964361
51,2,7.9638214
51,20,29.98085
51,21,29.990013
51,22,29.994946
51,23,29.997519
51,24,29.99882
51,25,29.999458
51,26,29.99976
51,27,29.999899
51,28,29.999964
51,29,30.0
51,3,11.67079
51,4,15.073076
51,5,18.107548
51,6,20.737423
51,7,22.952055
51,8,24.764027
51,9,26.204313
52,0,0.0
52,1,4.038795
52,10,27.316433
52,11,28.15052
52,12,28.758066
52,13,29.187794
52,14,29.482906
52,15,29.67965
52,16,29.806953
52,17,29.88689
52,18,29.935587
52,19,29.964363
52,2,7.9638214
52,20,29.98085
52,21,29.990013
52,22,29.994942
52,23,29.997519
52,24,29.99882
52,25,29.999458
52,26,29.99976
52,27,29.999899
52,28,29.999964
52,29,30.0
52,3,11.67079
52,4,15.073076
52,5,18.107548
52,6,20.737423
52,7,22.952055
52,8,24.764029
52,9,26.204311
53,0,0.0
53,1,4.038795
53,10,27.316431
53,11,28.150522
53,12,28.758066
53,13,29.187794
53,14,29.482908
53,15,29.679653
53,16,29.806955
53,17,29.88689
53,18,29.935587
53,19,29.964361
53,2,7.9638205
53,20,29.98085
53,21,29.99001
53,22,29.994944
53,23,29.997517
53,24,29.99882
53,25,29.999456
53,26,29.99976
53,27,29.999899
53,28,29.999964
53,29,30.0
53,3,11.67079
53,4,15.073076
53,5,18.107548
53,6,20.737423
53,7,22.952057
53,8,24.764027
53,9,26.204313
54,0,0.0
54,1,4.0387945
54,10,27.316433
54,11,28.15052
54,12,28.758066
54,13,29.187794
54,14,29.48291
54,15,29.679653
54,16,29.806953
54,17,29.88689
54,18,29.935587
54,19,29.964363
54,2,7.9638214
54,20,29.98085
54,21,29.990013
54,22,29.994942
54,23,29.997519
54,24,29.99882
54,25,29.999458
54,26,29.999762
54,27,29.999899
54,28,29.999964
54,29,30.0
54,3,11.67079
54,4,15.073076
54,5,18.107548
54,6,20.737425
54,7,22.952055
54,8,24.764029
54,9,26.204313
55,0,0.0
55,1,4.038795
55,10,27.316431
55,11,28.15052
55,12,28.758066
55,13,29.187794
55,14,29.48291
55,15,29.679653
55,16,29.806955
55,17,29.886892
55,18,29.935587
55,19,29.964363
55,2,7.9638205
55,20,29.980854
55,21,29.990013
55,22,29.994946
55,23,29.997519
55,24,29.99882
55,25,29.999458
55,26,29.99976
55,27,29.9999
55,28,29.999964
55,29,30.0
55,3,11.670791
55,4,15.073077
55,5,18.10755
55,6,20.737425
55,7,22.952057
55,8,24.764029
55,9,26.204315
56,0,0.0
56,1,4.0387945
56,10,27.316433
56,11,28.15052
56,12,28.758068
56,13,29.187794
56,14,29.48291
56,15,29.679653
56,16,29.806955
56,17,29.88689
56,18,29.935587
56,19,29.964363
56,2,7.9638214
56,20,29.98085
56,21,29.990013
56,22,29.994944
56,23,29.99752
56,24,29.998821
56,25,29.999458
56,26,29.999762
56,27,29.999899
56,28,29.999964
56,29,30.0
56,3,11.67079
56,4,15.073076
56,5,18.107548
56,6,20.737425
56,7,22.952057
56,8,24.764029
56,9,26.204313
57,0,0.0
57,1,4.0387945
57,10,27.316431
57,11,28.15052
57,12,28.758066
57,13,29.187794
57,14,29.48291
57,15,29.67965
57,16,29.806953
57,17,29.88689
57,18,29.935589
57,19,29.964363
57,2,7.96382
57,20,29.980852
57,21,29.99001
57,22,29.994947
57,23,29.997519
57,24,29.998821
57,25,29.999458
57,26,29.999762
57,27,29.999899
57,28,29.999966
57,29,30.0
57,3,11.67079
57,4,15.073076
57,5,18.10755
57,6,20.737423
57,7,22.952057
57,8,24.764029
57,9,26.204315
58,0,0.0
58,1,4.0387945
58,10,27.316433
58,11,28.15052
58,12,28.758068
58,13,29.187794
58,14,29.482906
58,15,29.679653
58,16,29.806957
58,17,29.88689
58,18,29.935587
58,19,29.964363
58,2,7.9638205
58,20,29.98085
58,21,29.990015
58,22,29.994944
58,23,29.99752
58,24,29.998821
58,25,29.999458
58,26,29.99976
58,27,29.9999
58,28,29.999964
58,29,30.0
58,3,11.670789
58,4,15.073076
58,5,18.107548
58,6,20.737427
58,7,22.952055
58,8,24.764029
58,9,26.204311
59,0,0.0
59,1,4.038795
59,10,27.31643
59,11,28.15052
59,12,28.758066
59,13,29.187794
59,14,29.482906
59,15,29.67965
59,16,29.806953
59,17,29.88689
59,18,29.935585
59,19,29.964361
59,2,7.9638205
59,20,29.980852
59,21,29.990013
59,22,29.994946
59,23,29.99752
59,24,29.99882
59,25,29.999456
59,26,29.99976
59,27,29.999899
59,28,29.999964
59,29,30.0
59,3,11.67079
59,4,15.073074
59,5,18.107552
59,6,20.737423
59,7,22.952057
59,8,24.764027
59,9,26.204313
6,0,0.0
6,1,2.7849443
6,10,18.86665
6,11,19.44807
6,12,19.87307
6,13,20.17735
6,14,20.39115
6,15,20.542416
6,16,20.654495
6,17,20.74823
6,18,20.84336
6,19,20.959208
6,2,5.491441
6,20,21.11876
6,21,21.347565
6,22,21.67943
6,23,22.152712
6,24,22.81491
6,25,23.71319
6,26,24.890507
6,27,26.363018
6,28,28.100174
6,29,30.0
6,3,8.049044
6,4,10.39644
6,5,12.492478
6,6,14.309072
6,7,15.841525
6,8,17.095459
6,9,18.09468
60,0,0.0
60,1,4.0387945
60,10,27.316433
60,11,28.15052
60,12,28.758068
60,13,29.187794
60,14,29.48291
60,15,29.67965
60,16,29.806957
60,17,29.88689
60,18,29.935587
60,19,29.964363
60,2,7.9638205
60,20,29.98085
60,21,29.990013
60,22,29.994946
60,23,29.997519
60,24,29.99882
60,25,29.999454
60,26,29.99976
60,27,29.999899
60,28,29.999964
60,29,30.0
60,3,11.670788
60,4,15.073076
60,5,18.107548
60,6,20.737427
60,7,22.952055
60,8,24.764029
60,9,26.204311
61,0,0.0
61,1,4.0387945
61,10,27.316431
61,11,28.150522
61,12,28.758066
61,13,29.187794
61,14,29.482906
61,15,29.67965
61,16,29.806953
61,17,29.88689
61,18,29.935587
61,19,29.964361
61,2,7.9638195
61,20,29.980852
61,21,29.990013
61,22,29.994946
61,23,29.99752
61,24,29.998817
61,25,29.999456
61,26,29.99976
61,27,29.999899
61,28,29.999964
61,29,30.0
61,3,11.67079
61,4,15.073076
61,5,18.10755
61,6,20.737423
61,7,22.952057
61,8,24.764027
61,9,26.204315
62,0,0.0
62,1,4.038794
62,10,27.316431
62,11,28.15052
62,12,28.758068
62,13,29.187794
62,14,29.48291
62,15,29.67965
62,16,29.806957
62,17,29.886892
62,18,29.935587
62,19,29.964363
62,2,7.96382
62,20,29.98085
62,21,29.990013
62,22,29.994946
62,23,29.997517
62,24,29.998821
62,25,29.999456
62,26,29.99976
62,27,29.999899
62,28,29.999964
62,29,30.0
62,3,11.670789
62,4,15.073076
62,5,18.107548
62,6,20.737425
62,7,22.952053
62,8,24.764029
62,9,26.204313
63,0,0.0
63,1,4.0387945
63,10,27.316431
63,11,28.150522
63,12,28.758066
63,13,29.187794
63,14,29.48291
63,15,29.679653
63,16,29.806955
63,17,29.88689
63,18,29.935587
63,19,29.964363
63,2,7.96382
63,20,29.98085
63,21,29.990013
63,22,29.994946
63,23,29.99752
63,24,29.998821
63,25,29.999458
63,26,29.99976
63,27,29.999899
63,28,29.999964
63,29,30.0
63,3,11.67079
63,4,15.073076
63,5,18.10755
63,6,20.737423
63,7,22.952057
63,8,24.764027
63,9,26.204315
64,0,0.0
64,1,4.0387945
64,10,27.316435
64,11,28.15052
64,12,28.758068
64,13,29.187794
64,14,29.48291
64,15,29.679653
64,16,29.806955
64,17,29.886892
64,18,29.935589
64,19,29.964363
64,2,7.9638205
64,20,29.98085
64,21,29.99001
64,22,29.994946
64,23,29.997519
64,24,29.998821
64,25,29.999458
64,26,29.99976
64,27,29.999899
64,28,29.999964
64,29,30.0
64,3,11.670789
64,4,15.073076
64,5,18.107548
64,6,20.737425
64,7,22.952053
64,8,24.764029
64,9,26.204313
65,0,0.0
65,1,4.0387945
65,10,27.316433
65,11,28.150522
65,12,28.758068
65,13,29.187794
65,14,29.48291
65,15,29.679653
65,16,29.806955
65,17,29.88689
65,18,29.935587
65,19,29.964363
65,2,7.96382
65,20,29.98085
65,21,29.990013
65,22,29.994946
65,23,29.99752
65,24,29.998821
65,25,29.999458
65,26,29.99976
65,27,29.9999
65,28,29.999964
65,29,30.0
65,3,11.67079
65,4,15.073076
65,5,18.10755
65,6,20.737423
65,7,22.952057
65,8,24.764027
65,9,26.204315
66,0,0.0
66,1,4.0387945
66,10,27.316435
66,11,28.15052
66,12,28.758068
66,13,29.187796
66,14,29.48291
66,15,29.679653
66,16,29.806955
66,17,29.886892
66,18,29.935589
66,19,29.964365
66,2,7.9638214
66,20,29.98085
66,21,29.990013
66,22,29.994946
66,23,29.99752
66,24,29.998821
66,25,29.999458
66,26,29.99976
66,27,29.999899
66,28,29.999964
66,29,30.0
66,3,11.670789
66,4,15.073077
66,5,18.107548
66,6,20.737427
66,7,22.952053
66,8,24.76403
66,9,26.204313
67,0,0.0
67,1,4.0387955
67,10,27.316435
67,11,28.150524
67,12,28.758068
67,13,29.187798
67,14,29.48291
67,15,29.679653
67,16,29.806957
67,17,29.886894
67,18,29.93559
67,19,29.964363
67,2,7.9638205
67,20,29.980854
67,21,29.990013
67,22,29.994947
67,23,29.99752
67,24,29.998823
67,25,29.999458
67,26,29.99976
67,27,29.9999
67,28,29.999964
67,29,30.0
67,3,11.670792
67,4,15.073077
67,5,18.107552
67,6,20.737425
67,7,22.952059
67,8,24.764029
67,9,26.204315
68,0,0.0
68,1,4.038795
68,10,27.31644
68,11,28.150526
68,12,28.758074
68,13,29.1878
68,14,29.482914
68,15,29.679657
68,16,29.806961
68,17,29.886898
68,18,29.935593
68,19,29.964369
68,2,7.963823
68,20,29.980856
68,21,29.990017
68,22,29.99495
68,23,29.997524
68,24,29.998823
68,25,29.999458
68,26,29.999763
68,27,29.9999
68,28,29.999966
68,29,30.0
68,3,11.670792
68,4,15.07308
68,5,18.107552
68,6,20.737429
68,7,22.952059
68,8,24.764034
68,9,26.204317
69,0,0.0
69,1,4.0387974
69,10,27.316444
69,11,28.15054
69,12,28.758081
69,13,29.18781
69,14,29.482924
69,15,29.679668
69,16,29.806973
69,17,29.886906
69,18,29.935604
69,19,29.964378
69,2,7.9638247
69,20,29.980867
69,21,29.990026
69,22,29.994957
69,23,29.99753
69,24,29.998833
69,25,29.999466
69,26,29.999767
69,27,29.999905
69,28,29.999966
69,29,30.0
69,3,11.670796
69,4,15.073084
69,5,18.10756
69,6,20.737434
69,7,22.952068
69,8,24.76404
69,9,26.20433
7,0,0.0
7,1,3.083111
7,10,20.88409
7,11,21.52604
7,12,21.996244
7,13,22.331312
7,14,22.566425
7,15,22.730751
7,16,22.849934
7,17,22.945747
7,18,23.037418
7,19,23.144276
7,2,6.0801277
7,20,23.28532
7,21,23.48371
7,22,23.763905
7,23,24.15635
7,24,24.690876
7,25,25.398285
7,26,26.29769
7,27,27.391163
7,28,28.64761
7,29,30.0
7,3,8.910646
7,4,11.510485
7,5,13.829272
7,6,15.84144
7,7,17.535948
7,8,18.924904
7,9,20.029144
70,0,0.0
70,1,4.0388007
70,10,27.316471
70,11,28.150558
70,12,28.75811
70,13,29.187834
70,14,29.48295
70,15,29.679691
70,16,29.806997
70,17,29.886932
70,18,29.935627
70,19,29.964401
70,2,7.963834
70,20,29.980888
70,21,29.990047
70,22,29.99498
70,23,29.997551
70,24,29.998846
70,25,29.999481
70,26,29.999777
70,27,29.99991
70,28,29.99997
70,29,30.0
70,3,11.670807
70,4,15.073099
70,5,18.107574
70,6,20.737455
70,7,22.952087
70,8,24.764065
70,9,26.20435
71,0,0.0
71,1,4.0388107
71,10,27.316528
71,11,28.150623
71,12,28.758163
71,13,29.187899
71,14,29.48301
71,15,29.679754
71,16,29.807058
71,17,29.886992
71,18,29.935688
71,19,29.964458
71,2,7.9638515
71,20,29.980946
71,21,29.9901
71,22,29.99503
71,23,29.997595
71,24,29.998888
71,25,29.999514
71,26,29.999804
71,27,29.99993
71,28,29.999979
71,29,30.0
71,3,11.670835
71,4,15.0731325
71,5,18.107616
71,6,20.7375
71,7,22.952143
71,8,24.764118
71,9,26.204409
72,0,0.0
72,1,4.0388327
72,10,27.316664
72,11,28.150757
72,12,28.758308
72,13,29.188034
72,14,29.483152
72,15,29.679893
72,16,29.807201
72,17,29.887135
72,18,29.935825
72,19,29.964596
72,2,7.963895
72,20,29.981075
72,21,29.990229
72,22,29.995146
72,23,29.997704
72,24,29.998981
72,25,29.999594
72,26,29.999865
72,27,29.999971
72,28,30.000002
72,29,30.0
72,3,11.670898
72,4,15.0732155
72,5,18.107712
72,6,20.73761
72,7,22.95226
72,8,24.764246
72,9,26.204538
73,0,0.0
73,1,4.0388827
73,10,27.316969
73,11,28.15107
73,12,28.758621
73,13,29.188356
73,14,29.48347
73,15,29.680216
73,16,29.807516
73,17,29.887447
73,18,29.936136
73,19,29.9649
73,2,7.9639926
73,20,29.981373
73,21,29.990509
73,22,29.995413
73,23,29.997944
73,24,29.999197
73,25,29.999773
73,26,30.000006
73,27,30.000069
73,28,30.00005
73,29,30.0
73,3,11.671041
73,4,15.073397
73,5,18.10793
73,6,20.737854
73,7,22.952526
73,8,24.764526
73,9,26.204836
74,0,0.0
74,1,4.0389915
74,10,27.317636
74,11,28.15175
74,12,28.759312
74,13,29.189047
74,14,29.484167
74,15,29.680908
74,16,29.808208
74,17,29.888134
74,18,29.936813
74,19,29.965565
74,2,7.964207
74,20,29.982016
74,21,29.991123
74,22,29.995987
74,23,29.998472
74,24,29.999659
74,25,30.000164
74,26,30.00031
74,27,30.000277
74,28,30.000156
74,29,30.0
74,3,11.671351
74,4,15.073794
74,5,18.108402
74,6,20.738388
74,7,22.95311
74,8,24.765148
74,9,26.205482
75,0,0.0
75,1,4.039222
75,10,27.319046
75,11,28.153187
75,12,28.760767
75,13,29.190514
75,14,29.485634
75,15,29.682377
75,16,29.809671
75,17,29.889584
75,18,29.938244
75,19,29.966963
75,2,7.9646587
75,20,29.983372
75,21,29.99242
75,22,29.997202
75,23,29.999582
75,24,30.00064
75,25,30.000986
75,26,30.000954
75,27,30.00072
75,28,30.000381
75,29,30.0
75,3,11.6720085
75,4,15.074635
75,5,18.109396
75,6,20.739517
75,7,22.954338
75,8,24.766459
75,9,26.206852
76,0,0.0
76,1,4.0396934
76,10,27.321924
76,11,28.156124
76,12,28.763739
76,13,29.193504
76,14,29.488638
76,15,29.685377
76,16,29.812656
76,17,29.892548
76,18,29.941166
76,19,29.969824
76,2,7.965584
76,20,29.986141
76,21,29.995068
76,22,29.999681
76,23,30.001846
76,24,30.002642
76,25,30.002668
76,26,30.00227
76,27,30.00162
76,28,30.000843
76,29,30.0
76,3,11.673353
76,4,15.076353
76,5,18.111439
76,6,20.741817
76,7,22.956854
76,8,24.76913
76,9,26.209644
77,0,0.0
77,1,4.0406275
77,10,27.327623
77,11,28.161932
77,12,28.769619
77,13,29.199429
77,14,29.494576
77,15,29.691315
77,16,29.818567
77,17,29.898409
77,18,29.946943
77,19,29.975481
77,2,7.9674177
77,20,29.99162
77,21,30.000301
77,22,30.004587
77,23,30.006334
77,24,30.0066
77,25,30.006
77,26,30.004864
77,27,30.00341
77,28,30.001747
77,29,30.0
77,3,11.676018
77,4,15.079761
77,5,18.115477
77,6,20.746384
77,7,22.961834
77,8,24.774433
77,9,26.215176
78,0,0.0
78,1,4.042426
78,10,27.33855
78,11,28.173077
78,12,28.780897
78,13,29.210781
78,14,29.505962
78,15,29.702686
78,16,29.829899
78,17,29.90964
78,18,29.958027
78,19,29.98632
78,2,7.970942
78,20,30.002129
78,21,30.010332
78,22,30.014002
78,23,30.014929
78,24,30.0142
78,25,30.01238
78,26,30.009857
78,27,30.006828
78,28,30.003496
78,29,30.0
78,3,11.681146
78,4,15.086304
78,5,18.123245
78,6,20.755148
78,7,22.971397
78,8,24.784597
78,9,26.225794
79,0,0.0
79,1,4.0457797
79,10,27.358868
79,11,28.193775
79,12,28.801846
79,13,29.231873
79,14,29.527105
79,15,29.723822
79,16,29.850937
79,17,29.93051
79,18,29.9786
79,19,30.006472
79,2,7.9775276
79,20,30.021637
79,21,30.028988
79,22,30.031477
79,23,30.03093
79,24,30.028313
79,25,30.024273
79,26,30.01913
79,27,30.013214
79,28,30.00674
79,29,30.0
79,3,11.690701
79,4,15.098518
79,5,18.137707
79,6,20.77148
79,7,22.98919
79,8,24.80352
79,9,26.245527
8,0,0.0
8,1,3.3277607
8,10,22.534674
8,11,23.227402
8,12,23.733166
8,13,24.093887
8,14,24.345392
8,15,24.519855
8,16,24.643608
8,17,24.73891
8,18,24.825165
8,19,24.919346
8,2,6.561783
8,20,25.039337
8,21,25.20227
8,22,25.428734
8,23,25.738316
8,24,26.15289
8,25,26.688555
8,26,27.355888
8,27,28.149239
8,28,29.045559
8,29,30.0
8,3,9.617454
8,4,12.42198
8,5,14.925478
8,6,17.095198
8,7,18.924734
8,8,20.421713
8,9,21.613838
80,0,0.0
80,1,4.0518656
80,10,27.395477
80,11,28.231081
80,12,28.839577
80,13,29.269848
80,14,29.56518
80,15,29.761858
80,16,29.888823
80,17,29.968067
80,18,30.01566
80,19,30.042732
80,2,7.9894433
80,20,30.056808
80,21,30.062572
80,22,30.063023
80,23,30.059746
80,24,30.053816
80,25,30.0457
80,26,30.035908
80,27,30.024723
80,28,30.012613
80,29,30.0
80,3,11.708025
80,4,15.1206
80,5,18.163883
80,6,20.800974
80,7,23.021334
80,8,24.837643
80,9,26.281126
81,0,0.0
81,1,4.0625663
81,10,27.459492
81,11,28.296242
81,12,28.905481
81,13,29.336153
81,14,29.631645
81,15,29.82827
81,16,29.954939
81,17,30.03366
81,18,30.08034
81,19,30.10611
81,2,8.010437
81,20,30.118204
81,21,30.12134
81,22,30.118116
81,23,30.11024
81,24,30.098402
81,25,30.083311
81,26,30.065266
81,27,30.044945
81,28,30.0229
81,29,30.0
81,3,11.738455
81,4,15.159436
81,5,18.209797
81,6,20.852734
81,7,23.077618
81,8,24.897408
81,9,26.343367
82,0,0.0
82,1,4.0808973
82,10,27.568014
82,11,28.406704
82,12,29.017109
82,13,29.448448
82,14,29.744179
82,15,29.940685
82,16,30.066902
82,17,30.144684
82,18,30.189932
82,19,30.213413
82,2,8.046305
82,20,30.222359
82,21,30.22091
82,22,30.21174
82,23,30.195894
82,24,30.174313
82,25,30.147194
82,26,30.115341
82,27,30.079334
82,28,30.040459
82,29,30.0
82,3,11.790508
82,4,15.225671
82,5,18.288137
82,6,20.940807
82,7,23.173407
82,8,24.99889
82,9,26.44905
83,0,0.0
83,1,4.1113787
83,10,27.746677
83,11,28.588318
83,12,29.200603
83,13,29.632927
83,14,29.92902
83,15,30.125343
83,16,30.250755
83,17,30.327127
83,18,30.369938
83,19,30.389925
83,2,8.106018
83,20,30.393553
83,21,30.384972
83,22,30.365835
83,23,30.337357
83,24,30.299486
83,25,30.252953
83,26,30.198061
83,27,30.136374
83,28,30.069506
83,29,30.0
83,3,11.876918
83,4,15.335663
83,5,18.417831
83,6,21.086594
83,7,23.331518
83,8,25.166355
83,9,26.62308
84,0,0.0
84,1,4.1608086
84,10,28.032013
84,11,28.87825
84,12,29.493237
84,13,29.92705
84,14,30.223633
84,15,30.419584
84,16,30.543835
84,17,30.617867
84,18,30.65712
84,19,30.67141
84,2,8.202601
84,20,30.667126
84,21,30.64699
84,22,30.612679
84,23,30.563765
84,24,30.500593
84,25,30.422653
84,26,30.331333
84,27,30.228092
84,28,30.116379
84,29,30.0
84,3,12.016722
84,4,15.513037
84,5,18.626884
84,6,21.32081
84,7,23.585361
84,8,25.434473
84,9,26.901545
85,0,0.0
85,1,4.238782
85,10,28.474747
85,11,29.327394
85,12,29.94634
85,13,30.382141
85,14,30.67934
85,15,30.874743
85,16,30.997086
85,17,31.06784
85,18,31.101484
85,19,31.107681
85,2,8.355022
85,20,31.091034
85,21,31.054085
85,22,30.9961
85,23,30.916729
85,24,30.813972
85,25,30.688196
85,26,30.539677
85,27,30.37205
85,28,30.189812
85,29,30.0
85,3,12.236636
85,4,15.791845
85,5,18.954254
85,6,21.68714
85,7,23.98102
85,8,25.85191
85,9,27.333961
86,0,0.0
86,1,4.3589506
86,10,29.141563
86,11,30.003273
86,12,30.627323
86,13,31.065777
86,14,31.363651
86,15,31.558046
86,16,31.677794
86,17,31.743546
86,18,31.769594
86,19,31.763618
86,2,8.589256
86,20,31.729837
86,21,31.667662
86,22,31.575966
86,23,31.450691
86,24,31.290083
86,25,31.091667
86,26,30.857641
86,27,30.591593
86,28,30.302204
86,29,30.0
86,3,12.574289
86,4,16.218182
86,5,19.453926
86,6,22.243938
86,7,24.58126
86,8,26.483004
86,9,27.986767
87,0,0.0
87,1,4.539641
87,10,30.117702
87,11,30.99071
87,12,31.621384
87,13,32.06282
87,14,32.36129
87,15,32.554203
87,16,32.670033
87,17,32.7293
87,18,32.74437
87,19,32.722412
87,2,8.94122
87,20,32.663994
87,21,32.567688
87,22,32.427265
87,23,32.237957
87,24,31.992805
87,25,31.690113
87,26,31.32957
87,27,30.91889
87,28,30.469639
87,29,30.0
87,3,13.079561
87,4,16.854609
87,5,20.19613
87,6,23.068623
87,7,25.466301
87,8,27.411337
87,9,28.943874
88,0,0.0
88,1,4.8059006
88,10,31.50554
88,11,32.392544
88,12,33.030407
88,13,33.47509
88,14,33.773693
88,15,33.96416
88,16,34.07501
88,17,34.12523
88,18,34.126667
88,19,34.082745
88,2,9.457964
88,20,33.992897
88,21,33.849537
88,22,33.644733
88,23,33.365948
88,24,33.00505
88,25,32.55395
88,26,32.014553
88,27,31.394476
88,28,30.713917
88,29,30.0
88,3,13.819306
88,4,17.781075
88,5,21.272232
88,6,24.257416
88,7,26.737421
88,8,28.738543
88,9,30.308706
89,0,0.0
89,1,5.190536
89,10,33.423985
89,11,34.325493
89,12,34.97083
89,13,35.417847
89,14,35.71566
89,15,35.90264
89,16,36.00659
89,17,36.04612
89,18,36.02971
89,19,35.959583
89,2,10.20252
89,20,35.828674
89,21,35.627018
89,22,35.336895
89,23,34.94245
89,24,34.42451
89,25,33.77335
89,26,32.984634
89,27,32.071983
89,28,31.062286
89,29,30.0
89,3,14.878651
89,4,19.1008
89,5,22.79391
89,6,25.929348
89,7,28.513905
89,8,30.585823
89,9,32.200073
9,0,0.0
9,1,3.5222263
9,10,23.848137
9,11,24.579681
9,12,25.11452
9,13,25.494577
9,14,25.759167
9,15,25.940845
9,16,26.067272
9,17,26.160923
9,18,26.24021
9,19,26.321657
9,2,6.945851
9,20,26.419456
9,21,26.548882
9,22,26.723644
9,23,26.959377
9,24,27.268394
9,25,27.661964
9,26,28.14294
9,27,28.706703
9,28,29.335182
9,29,30.0
9,3,10.179276
9,4,13.148546
9,5,15.796822
9,6,18.094074
9,7,20.02864
9,8,21.613525
9,9,22.873447
90,0,0.0
90,1,5.7381735
90,10,36.000763
90,11,36.91607
90,12,37.566414
90,13,38.01405
90,14,38.30924
90,15,38.490917
90,16,38.586746
90,17,38.61282
90,18,38.576607
90,19,38.474285
90,2,11.256531
90,20,38.296326
90,21,38.02221
90,22,37.629448
90,23,37.087227
90,24,36.37015
90,25,35.453766
90,26,34.332397
90,27,33.017384
90,28,31.551132
90,29,30.0
90,3,16.368729
90,4,20.940348
90,5,24.89858
90,6,28.221924
90,7,30.93444
90,8,33.086853
90,9,34.750313
91,0,0.0
91,1,6.509121
91,10,39.366505
91,11,40.289238
91,12,40.94025
91,13,41.384277
91,14,41.67396
91,15,41.848434
91,16,41.934002
91,17,41.946007
91,18,41.887005
91,19,41.751186
91,2,12.730684
91,20,41.5192
91,21,41.16567
91,22,40.65159
91,23,39.936707
91,24,38.973156
91,25,37.725117
91,26,36.16889
91,27,34.318146
91,28,32.22692
91,29,30.0
91,3,18.430456
91,4,23.45854
91,5,27.745745
91,6,31.293587
91,7,34.147587
91,8,36.38511
91,9,38.093697
92,0,0.0
92,1,7.590981
92,10,43.63925
92,11,44.558662
92,12,45.200714
92,13,45.635
92,14,45.914772
92,15,46.079094
92,16,46.153633
92,17,46.150215
92,18,46.070053
92,19,45.89944
92,2,14.775972
92,20,45.61539
92,21,45.177452
92,22,44.537106
92,23,43.628418
92,24,42.38472
92,25,40.735855
92,26,38.63806
92,27,36.087006
92,28,33.15548
92,29,30.0
92,3,21.251017
92,4,26.848059
92,5,31.523113
92,6,35.313515
92,7,38.309143
92,8,40.618645
92,9,42.359207
93,0,0.0
93,1,9.117609
93,10,48.91371
93,11,49.809174
93,12,50.42889
93,13,50.843555
93,14,51.107487
93,15,51.25876
93,16,51.320698
93,17,51.30406
93,18,51.204464
93,19,51.00628
93,2,17.614449
93,20,50.675163
93,21,50.16414
93,22,49.40207
93,23,48.30415
93,24,46.76226
93,25,44.667854
93,26,41.92154
93,27,38.48603
93,28,34.43284
93,29,30.0
93,3,25.080076
93,4,31.351103
93,5,36.43983
93,6,40.460506
93,7,43.564163
93,8,45.912025
93,9,47.651085
94,0,0.0
94,1,11.317001
94,10,55.24082
94,11,56.084644
94,12,56.661804
94,13,57.04457
94,14,57.285076
94,15,57.419376
94,16,57.46911
94,17,57.44116
94,18,57.330353
94,19,57.113964
94,2,21.588943
94,20,56.755325
94,21,56.192364
94,22,55.342323
94,23,54.085945
94,24,52.27664
94,25,49.732418
94,26,46.271034
94,27,41.75638
94,28,36.22027
94,29,30.0
94,3,30.270454
94,4,37.265972
94,5,42.72992
94,6,46.903343
94,7,50.037476
94,8,52.35285
94,9,54.037415
95,0,0.0
95,1,14.618911
95,10,62.61679
95,11,63.37064
95,12,63.881523
95,13,64.21675
95,14,64.42512
95,15,64.538925
95,16,64.5762
95,17,64.54278
95,18,64.429474
95,19,64.214355
95,2,27.272938
95,20,63.853706
95,21,63.28354
95,22,62.40277
95,23,61.071846
95,24,59.088493
95,25,56.187798
95,26,52.03582
95,27,46.29848
95,28,38.817013
95,29,30.0
95,3,37.327477
95,4,44.964615
95,5,50.63223
95,6,54.78681
95,7,57.804283
95,8,59.978104
95,9,61.52679
96,0,0.0
96,1,19.944029
96,10,70.96606
96,11,71.587616
96,12,72.00433
96,13,72.275795
96,14,72.442764
96,15,72.53206
96,16,72.55847
96,17,72.52472
96,18,72.42302
96,19,72.2298
96,2,35.67277
96,20,71.90617
96,21,71.385254
96,22,70.56776
96,23,69.295975
96,24,67.33449
96,25,64.31953
96,26,59.71914
96,27,52.808968
96,28,42.864597
96,29,30.0
96,3,46.982418
96,4,54.875774
96,5,60.361626
96,6,64.18773
96,7,66.867836
96,8,68.74567
96,9,70.05765
97,0,0.0
97,1,29.535004
97,10,80.13907
97,11,80.584076
97,12,80.88051
97,13,81.07208
97,14,81.18911
97,15,81.25081
97,16,81.26718
97,17,81.24032
97,18,81.162445
97,19,81.016464
97,2,48.595356
97,20,80.76892
97,21,80.36752
97,22,79.724236
97,23,78.6997
97,24,77.057106
97,25,74.39288
97,26,69.984474
97,27,62.541843
97,28,49.92652
97,29,30.0
97,3,60.20925
97,4,67.40796
97,5,72.01898
97,6,75.06354
97,7,77.11698
97,8,78.51983
97,9,79.48142
98,0,0.0
98,1,49.638805
98,10,89.91124
98,11,90.144196
98,12,90.29837
98,13,90.39772
98,14,90.45807
98,15,90.48953
98,16,90.49745
98,17,90.482315
98,18,90.440346
98,19,90.36109
98,2,69.04028
98,20,90.22692
98,21,90.00653
98,22,89.64969
98,23,89.0685
98,24,88.107475
98,25,86.46219
98,26,83.48132
98,27,77.580215
98,28,64.367905
98,29,30.0
98,3,77.96796
98,4,82.68355
98,5,85.44182
98,6,87.16908
98,7,88.298096
98,8,89.05363
98,9,89.56503
99,0,0.0
99,1,100.0
99,10,100.0
99,11,100.0
99,12,100.0
99,13,100.0
99,14,100.0
99,15,100.0
99,16,100.0
99,17,100.0
99,18,100.0
99,19,100.0
99,2,100.0
99,20,100.0
99,21,100.0
99,22,100.0
99,23,100.0
99,24,100.0
99,25,100.0
99,26,100.0
99,27,100.0
99,28,100.0
99,29,30.0
99,3,100.0
99,4,100.0
99,5,100.0
99,6,100.0
99,7,100.0
99,8,100.0
99,9,100.0
