0,0,0.0
0,1,0.0
0,10,0.0
0,11,0.0
0,12,0.0
0,13,0.0
0,14,0.0
0,15,30.0
0,2,0.0
0,3,0.0
0,4,0.0
0,5,0.0
0,6,0.0
0,7,0.0
0,8,0.0
0,9,0.0
1,0,0.0
1,1,0.6356901
1,10,5.1765604
1,11,5.945609
1,12,7.2358336
1,13,9.736571
1,14,15.342293
1,15,30.0
1,2,1.2556024
1,3,1.8458393
1,4,2.396086
1,5,2.901086
1,6,3.36207
1,7,3.788607
1,8,4.2018023
1,9,4.640746
10,0,0.0
10,1,11.11998
10,10,49.44884
10,11,47.82421
10,12,45.030655
10,13,41.015343
10,14,35.873955
10,15,30.0
10,2,21.194447
10,3,29.671494
10,4,36.441086
10,5,41.626266
10,6,45.42179
10,7,48.00724
10,8,49.509647
10,9,49.991165
11,0,0.0
11,1,14.543747
11,10,57.06367
11,11,54.924576
11,12,51.28465
11,13,45.88597
11,14,38.636627
11,15,30.0
11,2,27.1163
11,3,37.072975
11,4,44.57475
11,5,50.036953
11,6,53.861927
11,7,56.35025
11,8,57.684948
11,9,57.935734
12,0,0.0
12,1,19.93871
12,10,65.94554
12,11,63.52578
12,12,59.297394
12,13,52.60726
12,14,42.786594
12,15,30.0
12,2,35.65404
12,3,46.929348
12,4,54.747986
12,5,60.084877
12,6,63.63872
12,7,65.84688
12,8,66.94417
12,9,67.003174
13,0,0.0
13,1,29.557053
13,10,76.18955
13,11,73.93561
13,12,69.77188
13,13,62.459084
13,14,49.902493
13,15,30.0
13,2,48.631805
13,3,60.2424
13,4,67.402985
13,5,71.91585
13,6,74.7612
13,7,76.45439
13,8,77.2417
13,9,77.18723
14,0,0.0
14,1,49.657696
14,10,87.68982
14,11,86.25522
14,12,83.39545
14,13,77.5547
14,14,64.364296
14,15,30.0
14,2,69.07374
14,3,78.005455
14,4,82.705696
14,5,85.41434
14,6,87.035835
14,7,87.96781
14,8,88.381004
14,9,88.314514
15,0,0.0
15,1,100.0
15,10,100.0
15,11,100.0
15,12,100.0
15,13,100.0
15,14,100.0
15,15,30.0
15,2,100.0
15,3,100.0
15,4,100.0
15,5,100.0
15,6,100.0
15,7,100.0
15,8,100.0
15,9,100.0
2,0,0.0
2,1,1.2871584
2,10,10.119888
2,11,11.370044
2,12,13.261155
2,13,16.368158
2,14,21.632599
2,15,30.0
2,2,2.5408804
2,3,3.73167
2,4,4.83742
2,5,5.8461895
2,6,6.7585897
2,7,7.590555
2,8,8.37786
2,9,9.184622
3,0,0.0
3,1,1.9720635
3,10,14.748329
3,11,16.153526
3,12,18.070583
3,13,20.84231
3,14,24.819948
3,15,30.0
3,2,3.889093
3,3,5.7025423
3,4,7.3757353
3,5,8.887665
3,6,10.235546
3,7,11.43717
3,8,12.53446
3,9,13.599997
4,0,0.0
4,1,2.712004
4,10,19.119911
4,11,20.425148
4,12,22.025347
4,13,24.110554
4,14,26.804886
4,15,30.0
4,2,5.3408875
4,3,7.8136725
4,4,10.07532
4,5,12.093191
4,6,13.858768
4,7,15.388119
4,8,16.72282
4,9,17.932579
5,0,0.0
5,1,3.535066
5,10,23.373592
5,11,24.40181
5,12,25.495106
5,13,26.76968
5,14,28.289043
5,15,30.0
5,2,6.948783
5,3,10.135944
5,4,13.018683
5,5,15.551021
5,6,17.71822
5,7,19.533726
5,8,21.036129
5,9,22.287594
6,0,0.0
6,1,4.479479
6,10,27.685062
6,11,28.3134
6,12,28.783596
6,13,29.18402
6,14,29.58161
6,15,30.0
6,2,8.7832365
6,3,12.762644
6,4,16.312454
6,5,19.373993
6,6,21.929375
6,7,23.992435
6,8,25.60038
6,9,26.808086
7,0,0.0
7,1,5.5996137
7,10,32.245174
7,11,32.38314
7,12,32.141853
7,13,31.601196
7,14,30.853374
7,15,30.0
7,2,10.942045
7,3,15.818941
7,4,20.094505
7,5,23.703121
7,6,26.632858
7,7,28.906277
7,8,30.564875
7,9,31.659313
8,0,0.0
8,1,6.9769335
8,10,37.25319
8,11,36.832146
8,12,35.79949
8,13,34.22554
8,14,32.230694
8,15,30.0
8,2,13.566391
8,3,19.47658
8,4,24.54351
8,5,28.711134
8,6,31.992668
8,7,34.43494
8,8,36.09354
8,9,37.019123
9,0,0.0
9,1,8.741731
9,10,42.916313
9,11,41.892776
9,12,39.99843
9,13,37.27079
9,14,33.843857
9,15,30.0
9,2,16.87001
9,3,23.977478
9,4,29.891829
9,5,34.605244
9,6,38.191746
9,7,40.747288
9,8,42.355232
9,9,43.070457
