0,0,0.0
0,1,0.0
0,10,0.0
0,11,0.0
0,12,0.0
0,13,0.0
0,14,0.0
0,15,30.0
0,2,0.0
0,3,0.0
0,4,0.0
0,5,0.0
0,6,0.0
0,7,0.0
0,8,0.0
0,9,0.0
1,0,0.0
1,1,0.6349721
1,10,5.173565
1,11,5.943037
1,12,7.2337995
1,13,9.735164
1,14,15.341573
1,15,30.0
1,2,1.2541976
1,3,1.8438091
1,4,2.3935184
1,5,2.8980935
1,6,3.3587832
1,7,3.7851682
1,8,4.1983643
1,9,4.637456
10,0,0.0
10,1,11.116973
10,10,49.436287
10,11,47.813446
10,12,45.02214
10,13,41.00945
10,14,35.870945
10,15,30.0
10,2,21.18856
10,3,29.662989
10,4,36.43033
10,5,41.613735
10,6,45.408028
10,7,47.992844
10,8,49.495247
10,9,49.977394
11,0,0.0
11,1,14.541164
11,10,57.052902
11,11,54.915325
11,12,51.277336
11,13,45.88091
11,14,38.634045
11,15,30.0
11,2,27.11125
11,3,37.06567
11,4,44.565514
11,5,50.02619
11,6,53.850105
11,7,56.33789
11,8,57.67259
11,9,57.923912
12,0,0.0
12,1,19.936668
12,10,65.93702
12,11,63.518463
12,12,59.291607
12,13,52.603256
12,14,42.78455
12,15,30.0
12,2,35.650043
12,3,46.92357
12,4,54.740685
12,5,60.076363
12,6,63.629368
12,7,65.837105
12,8,66.934395
12,9,66.99381
13,0,0.0
13,1,29.555641
13,10,76.18365
13,11,73.93054
13,12,69.76788
13,13,62.456318
13,14,49.901077
13,15,30.0
13,2,48.629044
13,3,60.2384
13,4,67.39792
13,5,71.90996
13,6,74.75472
13,7,76.44763
13,8,77.23493
13,9,77.180756
14,0,0.0
14,1,49.656975
14,10,87.6868
14,11,86.252625
14,12,83.3934
14,13,77.55329
14,14,64.36357
14,15,30.0
14,2,69.07233
14,3,78.00341
14,4,82.70311
14,5,85.41133
14,6,87.03253
14,7,87.96435
14,8,88.37754
14,9,88.3112
15,0,0.0
15,1,100.0
15,10,100.0
15,11,100.0
15,12,100.0
15,13,100.0
15,14,100.0
15,15,30.0
15,2,100.0
15,3,100.0
15,4,100.0
15,5,100.0
15,6,100.0
15,7,100.0
15,8,100.0
15,9,100.0
2,0,0.0
2,1,1.2857534
2,10,10.114024
2,11,11.365013
2,12,13.2571745
2,13,16.365406
2,14,21.631193
2,15,30.0
2,2,2.538132
2,3,3.727697
2,4,4.832396
2,5,5.8403335
2,6,6.752157
2,7,7.583828
2,8,8.371129
2,9,9.178185
3,0,0.0
3,1,1.9700325
3,10,14.739855
3,11,16.146252
3,12,18.06483
3,13,20.83833
3,14,24.817915
3,15,30.0
3,2,3.8851192
3,3,5.696799
3,4,7.368473
3,5,8.8792
3,6,10.226249
3,7,11.427443
3,8,12.524733
3,9,13.59069
4,0,0.0
4,1,2.7094345
4,10,19.109188
4,11,20.415947
4,12,22.01807
4,13,24.105518
4,14,26.802313
4,15,30.0
4,2,5.3358603
4,3,7.8064075
4,4,10.066132
4,5,12.082484
4,6,13.847005
4,7,15.375817
4,8,16.710514
4,9,17.92081
5,0,0.0
5,1,3.5320697
5,10,23.361095
5,11,24.39108
5,12,25.486622
5,13,26.763807
5,14,28.286041
5,15,30.0
5,2,6.942921
5,3,10.127472
5,4,13.007971
5,5,15.538533
5,6,17.704504
5,7,19.519375
5,8,21.021778
5,9,22.273867
6,0,0.0
6,1,4.476186
6,10,27.671322
6,11,28.301613
6,12,28.774267
6,13,29.177567
6,14,29.57831
6,15,30.0
6,2,8.7767935
6,3,12.753333
6,4,16.300678
6,5,19.36027
6,6,21.914299
6,7,23.976673
6,8,25.584606
6,9,26.793003
7,0,0.0
7,1,5.5961676
7,10,32.2308
7,11,32.370804
7,12,32.132095
7,13,31.594444
7,14,30.849922
7,15,30.0
7,2,10.935303
7,3,15.809196
7,4,20.082184
7,5,23.688757
7,6,26.617085
7,7,28.889774
7,8,30.548374
7,9,31.643524
8,0,0.0
8,1,6.9734845
8,10,37.238796
8,11,36.8198
8,12,35.789726
8,13,34.218784
8,14,32.227238
8,15,30.0
8,2,13.559643
8,3,19.466827
8,4,24.531178
8,5,28.696762
8,6,31.97688
8,7,34.41843
8,8,36.077023
8,9,37.003326
9,0,0.0
9,1,8.73843
9,10,42.902542
9,11,41.88095
9,12,39.989082
9,13,37.264324
9,14,33.840553
9,15,30.0
9,2,16.863552
9,3,23.968142
9,4,29.880026
9,5,34.591484
9,6,38.17664
9,7,40.731487
9,8,42.33943
9,9,43.055336
