0,0,0.0
0,1,0.0
0,10,0.0
0,11,0.0
0,12,0.0
0,13,0.0
0,14,0.0
0,15,30.0
0,2,0.0
0,3,0.0
0,4,0.0
0,5,0.0
0,6,0.0
0,7,0.0
0,8,0.0
0,9,0.0
1,0,0.0
1,1,0.6285267
1,10,5.132818
1,11,5.906712
1,12,7.2041864
1,13,9.71421
1,14,15.330719
1,15,30.0
1,2,1.2412906
1,3,1.8245033
1,4,2.3679612
1,5,2.866735
1,6,3.322358
1,7,3.744884
1,8,4.15582
1,9,4.59467
10,0,0.0
10,1,11.043907
10,10,49.074116
10,11,47.497047
10,12,44.768154
10,13,40.831825
10,14,35.779526
10,15,30.0
10,2,21.044462
10,3,29.451921
10,4,36.158806
10,5,41.29064
10,6,45.04502
10,7,47.60405
10,8,49.09706
10,9,49.587875
11,0,0.0
11,1,14.473934
11,10,56.72322
11,11,54.627537
11,12,51.046577
11,13,45.719563
11,14,38.551067
11,15,30.0
11,2,26.97868
11,3,36.87173
11,4,44.31624
11,5,49.730034
11,6,53.517807
11,7,55.98252
11,8,57.309174
11,9,57.56884
12,0,0.0
12,1,19.880508
12,10,65.66383
12,11,63.280243
12,12,59.100647
12,13,52.469845
12,14,42.71593
12,15,30.0
12,2,35.539387
12,3,46.76175
12,4,54.532913
12,5,59.829712
12,6,63.352943
12,7,65.541794
12,8,66.63271
12,9,66.69939
13,0,0.0
13,1,29.515247
13,10,75.98823
13,11,73.76018
13,12,69.63142
13,13,62.36097
13,14,49.852066
13,15,30.0
13,2,48.54945
13,3,60.122086
13,4,67.24864
13,5,71.73288
13,6,74.5564
13,7,76.23592
13,8,77.01883
13,9,76.96996
14,0,0.0
14,1,49.635838
14,10,87.58487
14,11,86.16382
14,12,83.32226
14,13,77.50362
14,14,64.33803
14,15,30.0
14,2,69.0307
14,3,77.94258
14,4,82.62507
14,5,85.31879
14,6,86.92893
14,7,87.853806
14,8,88.26474
14,9,88.20124
15,0,0.0
15,1,100.0
15,10,100.0
15,11,100.0
15,12,100.0
15,13,100.0
15,14,100.0
15,15,30.0
15,2,100.0
15,3,100.0
15,4,100.0
15,5,100.0
15,6,100.0
15,7,100.0
15,8,100.0
15,9,100.0
2,0,0.0
2,1,1.272186
2,10,10.030363
2,11,11.290576
2,12,13.196555
2,13,16.322569
2,14,21.609009
2,15,30.0
2,2,2.5110524
2,3,3.6872249
2,4,4.7790465
2,5,5.7750144
2,6,6.6765947
2,7,7.500474
2,8,8.283382
2,9,9.090154
3,0,0.0
3,1,1.9482291
3,10,14.609745
3,11,16.030754
3,12,17.970987
3,13,20.772083
3,14,24.78365
3,15,30.0
3,2,3.841624
3,3,5.6320934
3,4,7.2834196
3,5,8.775627
3,6,10.10689
3,7,11.296423
3,8,12.387327
3,9,13.453346
4,0,0.0
4,1,2.6781006
4,10,18.929066
4,11,20.256554
4,12,21.888805
4,13,24.014454
4,14,26.755232
4,15,30.0
4,2,5.2735777
4,3,7.7139573
4,4,9.945261
4,5,11.935878
4,6,13.679001
4,7,15.192217
4,8,16.51888
4,9,17.73003
5,0,0.0
5,1,3.4902968
5,10,23.129211
5,11,24.186422
5,12,25.321087
5,13,26.647326
5,14,28.225914
5,15,30.0
5,2,6.8599653
5,3,10.00486
5,4,12.848175
5,5,15.345743
5,6,17.48452
5,7,19.280184
5,8,20.77319
5,9,22.027376
6,0,0.0
6,1,4.423735
6,10,27.389353
6,11,28.05348
6,12,28.573915
6,13,29.036861
6,14,29.505705
6,15,30.0
6,2,8.672919
6,3,12.600101
6,4,16.101837
6,5,19.1212
6,6,21.642788
6,7,23.682629
6,8,25.280273
6,9,26.492352
7,0,0.0
7,1,5.5340037
7,10,31.905409
7,11,32.085052
7,12,31.901884
7,13,31.432913
7,14,30.76668
7,15,30.0
7,2,10.812279
7,3,15.628268
7,4,19.84796
7,5,23.408249
7,6,26.29955
7,7,28.547205
7,8,30.195026
7,9,31.29554
8,0,0.0
8,1,6.9037905
8,10,36.88209
8,11,36.507263
8,12,35.538235
8,13,34.042606
8,14,32.136467
8,15,30.0
8,2,13.421972
8,3,19.264622
8,4,24.270174
8,5,28.38493
8,6,31.625038
8,7,34.039936
8,8,35.687756
8,9,36.62103
9,0,0.0
9,1,8.664776
9,10,42.532207
9,11,41.556908
9,12,39.72877
9,13,37.08206
9,14,33.746746
9,15,30.0
9,2,16.718117
9,3,23.754955
9,4,29.605265
9,5,34.264053
9,6,37.808006
9,7,40.33593
9,8,41.933575
9,9,42.65757
