0,0,0.0
0,1,0.0
0,10,0.0
0,11,0.0
0,12,0.0
0,13,0.0
0,14,0.0
0,15,0.0
0,16,0.0
0,17,0.0
0,18,0.0
0,19,0.0
0,2,0.0
0,20,0.0
0,21,0.0
0,22,0.0
0,23,0.0
0,24,0.0
0,25,0.0
0,26,0.0
0,27,0.0
0,28,0.0
0,29,30.0
0,3,0.0
0,4,0.0
0,5,0.0
0,6,0.0
0,7,0.0
0,8,0.0
0,9,0.0
1,0,0.0
1,1,0.31702745
1,10,2.4858794
1,11,2.6161528
1,12,2.7268882
1,13,2.8208055
1,14,2.9013984
1,15,2.9724803
1,16,3.0385926
1,17,3.1049743
1,18,3.1780262
1,19,3.2659338
1,2,0.6288705
1,20,3.3796327
1,21,3.5348504
1,22,3.7552762
1,23,4.07956
1,24,4.5752416
1,25,5.372402
1,26,6.7497473
1,27,9.384848
1,28,15.157925
1,29,30.0
1,3,0.9305193
1,4,1.2176245
1,5,1.486299
1,6,1.7337966
1,7,1.9579673
1,8,2.1579978
1,9,2.333634
10,0,0.0
10,1,2.4802547
10,10,19.415565
10,11,20.418892
10,12,21.260534
10,13,21.959555
10,14,22.536137
10,15,23.0126
10,16,23.41116
10,17,23.754387
10,18,24.064312
10,19,24.362242
10,2,4.9195614
10,20,24.668924
10,21,25.003529
10,22,25.38425
10,23,25.826252
10,24,26.341908
10,25,26.937784
10,26,27.614305
10,27,28.362911
10,28,29.166563
10,29,30.0
10,3,7.279361
10,4,9.5242405
10,5,11.625256
10,6,13.558716
10,7,15.309666
10,8,16.868914
10,9,18.236084
11,0,0.0
11,1,2.6072755
11,10,20.40602
11,11,21.458279
11,12,22.340294
11,13,23.070507
11,14,23.670551
11,15,24.162386
11,16,24.568836
11,17,24.912024
11,18,25.213385
11,19,25.493307
11,2,5.1716714
11,20,25.770527
11,21,26.06256
11,22,26.384329
11,23,26.748802
11,24,27.164885
11,25,27.637836
11,26,28.166977
11,27,28.746204
11,28,29.362959
11,29,30.0
11,3,7.6520844
11,4,10.012149
11,5,12.220239
11,6,14.252826
11,7,16.092571
11,8,17.731419
11,9,19.16719
12,0,0.0
12,1,2.7131214
12,10,21.229641
12,11,22.32291
12,12,23.237576
12,13,23.993563
12,14,24.611992
12,15,25.115723
12,16,25.527184
12,17,25.868484
12,18,26.160486
12,19,26.422478
12,2,5.3814344
12,20,26.672232
12,21,26.925137
12,22,27.194818
12,23,27.491669
12,24,27.8236
12,25,28.194271
12,26,28.603807
12,27,29.047491
12,28,29.516891
12,29,30.0
12,3,7.9626455
12,4,10.418093
12,5,12.715904
12,6,14.830292
12,7,16.744602
12,8,18.448877
12,9,19.942307
13,0,0.0
13,1,2.7997193
13,10,21.903692
13,11,23.029743
13,12,23.971245
13,13,24.747475
13,14,25.380604
13,15,25.893055
13,16,26.307636
13,17,26.646038
13,18,26.92866
13,19,27.174202
13,2,5.553331
13,20,27.399134
13,21,27.618057
13,22,27.842762
13,23,28.082958
13,24,28.345003
13,25,28.63274
13,26,28.946274
13,27,29.282948
13,28,29.636833
13,29,30.0
13,3,8.216729
13,4,10.750709
13,5,13.121412
13,6,15.303333
13,7,17.277985
13,8,19.036377
13,9,20.576237
14,0,0.0
14,1,2.8695116
14,10,22.445673
14,11,23.59838
14,12,24.560814
14,13,25.35331
14,14,25.997547
14,15,26.516567
14,16,26.9328
14,17,27.26792
14,18,27.54192
14,19,27.772789
14,2,5.691618
14,20,27.976513
14,21,28.166452
14,22,28.353943
14,23,28.547394
14,24,28.753128
14,25,28.974419
14,26,29.212372
14,27,29.465277
14,28,29.729599
14,29,30.0
14,3,8.421483
14,4,11.018285
14,5,13.448126
14,6,15.683855
14,7,17.707588
14,8,19.508907
14,9,21.08659
15,0,0.0
15,1,2.9247189
15,10,22.874605
15,11,24.04786
15,12,25.027
15,13,25.831823
15,14,26.484724
15,15,27.008362
15,16,27.42543
15,17,27.757278
15,18,28.02362
15,19,28.242123
15,2,5.801215
15,20,28.427988
15,21,28.594288
15,22,28.751356
15,23,28.90752
15,24,29.068398
15,25,29.237717
15,26,29.416735
15,27,29.605103
15,28,29.80059
15,29,30.0
15,3,8.583446
15,4,11.230312
15,5,13.706552
15,6,15.985299
15,7,18.047369
15,8,19.883087
15,9,21.490158
16,0,0.0
16,1,2.9677458
16,10,23.20806
16,11,24.397522
16,12,25.389233
16,13,26.203691
16,14,26.862907
16,15,27.389948
16,16,27.807226
16,17,28.136082
16,18,28.395994
16,19,28.604204
16,2,5.886454
16,20,28.775719
16,21,28.922907
16,22,29.056019
16,23,29.182728
16,24,29.30885
16,25,29.437908
16,26,29.571901
16,27,29.711006
16,28,29.854347
16,29,30.0
16,3,8.7096615
16,4,11.395214
16,5,13.907894
16,6,16.219728
16,7,18.312004
16,8,20.174053
16,9,21.804323
17,0,0.0
17,1,3.000648
17,10,23.463226
17,11,24.664742
17,12,25.666195
17,13,26.487701
17,14,27.151722
17,15,27.68106
17,16,28.098282
17,17,28.424547
17,18,28.679155
17,19,28.8792
17,2,5.9517775
17,20,29.039253
17,21,29.171604
17,22,29.285984
17,23,29.390148
17,24,29.489574
17,25,29.588186
17,26,29.688087
17,27,29.79027
17,28,29.894512
17,29,30.0
17,3,8.806175
17,4,11.521566
17,5,14.0618515
17,6,16.399303
17,7,18.514347
17,8,20.396835
17,9,22.044495
18,0,0.0
18,1,3.025443
18,10,23.654995
18,11,24.865734
18,12,25.874254
18,13,26.701118
18,14,27.368519
18,15,27.899513
18,16,28.316494
18,17,28.640606
18,18,28.891033
18,19,29.08464
18,2,6.000888
18,20,29.235922
18,21,29.356804
18,22,29.457045
18,23,29.54406
18,24,29.623547
18,25,29.699322
18,26,29.77397
18,27,29.848743
18,28,29.924152
18,29,30.0
18,3,8.8789
18,4,11.616556
18,5,14.17783
18,6,16.534298
18,7,18.666716
18,8,20.5643
18,9,22.225262
19,0,0.0
19,1,3.0437694
19,10,23.796864
19,11,25.014215
19,12,26.028059
19,13,26.8587
19,14,27.528612
19,15,28.060678
19,16,28.477388
19,17,28.799782
19,18,29.046951
19,19,29.235699
19,2,6.037276
19,20,29.380283
19,21,29.492638
19,22,29.582241
19,23,29.656626
19,24,29.72131
19,25,29.780388
19,26,29.836485
19,27,29.891312
19,28,29.945694
19,29,30.0
19,3,8.93265
19,4,11.686924
19,5,14.26355
19,6,16.634272
19,7,18.779325
19,8,20.688263
19,9,22.35884
2,0,0.0
2,1,0.6288556
2,10,4.930395
2,11,5.1887703
2,12,5.407998
2,13,5.5939646
2,14,5.753078
2,15,5.8931017
2,16,6.0226264
2,17,6.1518173
2,18,6.292828
2,19,6.46086
2,2,1.2473428
2,20,6.6761136
2,21,6.9663987
2,22,7.372705
2,23,7.957763
2,24,8.823677
2,25,10.143863
2,26,12.226059
2,27,15.621077
2,28,21.241539
2,29,30.0
2,3,1.8457698
2,4,2.4151108
2,5,2.9481812
2,6,3.438899
2,7,3.8837032
2,8,4.280224
2,9,4.6287103
20,0,0.0
20,1,3.0571208
20,10,23.899916
20,11,25.122177
20,12,26.139742
20,13,26.973179
20,14,27.644798
20,15,28.177622
20,16,28.594044
20,17,28.915104
20,18,29.159836
20,19,29.34492
20,2,6.063716
20,20,29.484604
20,21,29.590618
20,22,29.672504
20,23,29.737616
20,24,29.79163
20,25,29.838577
20,26,29.881367
20,27,29.92182
20,28,29.961143
20,29,30.0
20,3,8.971804
20,4,11.738054
20,5,14.3259735
20,6,16.70691
20,7,18.861301
20,8,20.77832
20,9,22.456034
21,0,0.0
21,1,3.0666575
21,10,23.973612
21,11,25.199263
21,12,26.219551
21,13,27.054886
21,14,27.727741
21,15,28.261036
21,16,28.67722
21,17,28.997276
21,18,29.240196
21,19,29.42263
21,2,6.082653
21,20,29.558716
21,21,29.660206
21,22,29.736496
21,23,29.795029
21,24,29.84138
21,25,29.879751
21,26,29.913061
21,27,29.943378
21,28,29.972042
21,29,30.0
21,3,8.999771
21,4,11.774668
21,5,14.370561
21,6,16.758907
21,7,18.91985
21,8,20.842764
21,9,22.52544
22,0,0.0
22,1,3.0733733
22,10,24.02534
22,11,25.253435
22,12,26.275557
22,13,27.112263
22,14,27.785923
22,15,28.319548
22,16,28.735523
22,17,29.054842
22,18,29.296465
22,19,29.476986
22,2,6.0959496
22,20,29.610544
22,21,29.708792
22,22,29.781174
22,23,29.835033
22,24,29.876055
22,25,29.908398
22,26,29.935125
22,27,29.958359
22,28,29.979624
22,29,30.0
22,3,9.019462
22,4,11.800375
22,5,14.401945
22,6,16.795414
22,7,18.961044
22,8,20.888004
22,9,22.574251
23,0,0.0
23,1,3.0780082
23,10,24.06109
23,11,25.290812
23,12,26.314236
23,13,27.151834
23,14,27.826069
23,15,28.359886
23,16,28.77571
23,17,29.094498
23,18,29.3352
23,19,29.514395
23,2,6.1051536
23,20,29.646166
23,21,29.742188
23,22,29.81183
23,23,29.8625
23,24,29.899815
23,25,29.928032
23,26,29.950224
23,27,29.968618
23,28,29.98481
23,29,30.0
23,3,9.033052
23,4,11.818166
23,5,14.423605
23,6,16.820673
23,7,18.989475
23,8,20.919289
23,9,22.607931
24,0,0.0
24,1,3.081162
24,10,24.085335
24,11,25.316196
24,12,26.340462
24,13,27.178692
24,14,27.85328
24,15,28.387236
24,16,28.802937
24,17,29.121357
24,18,29.361423
24,19,29.539696
24,2,6.1113973
24,20,29.67026
24,21,29.764744
24,22,29.832542
24,23,29.88102
24,24,29.915848
24,25,29.941267
24,26,29.9604
24,27,29.975527
24,28,29.988302
24,29,30.0
24,3,9.042298
24,4,11.830234
24,5,14.438338
24,6,16.837807
24,7,19.008804
24,8,20.940506
24,9,22.630823
25,0,0.0
25,1,3.0832648
25,10,24.101528
25,11,25.333113
25,12,26.357964
25,13,27.196587
25,14,27.871428
25,15,28.40545
25,16,28.821072
25,17,29.13924
25,18,29.378872
25,19,29.55653
25,2,6.1155734
25,20,29.686272
25,21,29.779737
25,22,29.84629
25,23,29.893318
25,24,29.926481
25,25,29.950039
25,26,29.967148
25,27,29.980104
25,28,29.990616
25,29,30.0
25,3,9.048464
25,4,11.8383045
25,5,14.448161
25,6,16.849258
25,7,19.02169
25,8,20.954685
25,9,22.64608
26,0,0.0
26,1,3.0846474
26,10,24.112133
26,11,25.344212
26,12,26.369429
26,13,27.208317
26,14,27.883308
26,15,28.417387
26,16,28.832947
26,17,29.15094
26,18,29.39029
26,19,29.567535
26,2,6.1183095
26,20,29.696743
26,21,29.78953
26,22,29.855274
26,23,29.901344
26,24,29.933422
26,25,29.955765
26,26,29.971544
26,27,29.98309
26,28,29.992125
26,29,30.0
26,3,9.052515
26,4,11.843593
26,5,14.454615
26,6,16.856762
26,7,19.030155
26,8,20.963974
26,9,22.656097
27,0,0.0
27,1,3.085538
27,10,24.118977
27,11,25.35136
27,12,26.37682
27,13,27.21587
27,14,27.89096
27,15,28.425068
27,16,28.840586
27,17,29.15847
27,18,29.397629
27,19,29.574612
27,2,6.120077
27,20,29.703465
27,21,29.795822
27,22,29.861038
27,23,29.906502
27,24,29.937872
27,25,29.959435
27,26,29.97437
27,27,29.985003
27,28,29.993095
27,29,30.0
27,3,9.055125
27,4,11.847008
27,5,14.458772
27,6,16.861607
27,7,19.035606
27,8,20.969967
27,9,22.662546
28,0,0.0
28,1,3.086103
28,10,24.123304
28,11,25.355888
28,12,26.381493
28,13,27.220654
28,14,27.895802
28,15,28.429928
28,16,28.84542
28,17,29.163227
28,18,29.402271
28,19,29.57908
28,2,6.1211963
28,20,29.707718
28,21,29.799793
28,22,29.864681
28,23,29.90975
28,24,29.940681
28,25,29.961752
28,26,29.976145
28,27,29.986214
28,28,29.993702
28,29,30.0
28,3,9.056782
28,4,11.849169
28,5,14.461409
28,6,16.864672
28,7,19.039062
28,8,20.973763
28,9,22.666634
29,0,0.0
29,1,3.0864546
29,10,24.126
29,11,25.358704
29,12,26.384405
29,13,27.223627
29,14,27.898815
29,15,28.432947
29,16,28.84842
29,17,29.166187
29,18,29.405153
29,19,29.581858
29,2,6.1218944
29,20,29.710356
29,21,29.802258
29,22,29.866938
29,23,29.911766
29,24,29.942423
29,25,29.963186
29,26,29.977251
29,27,29.986958
29,28,29.994083
29,29,30.0
29,3,9.057813
29,4,11.850517
29,5,14.46305
29,6,16.866585
29,7,19.041214
29,8,20.976128
29,9,22.669178
3,0,0.0
3,1,0.93045706
3,10,7.2945695
3,11,7.6762033
3,12,8.000112
3,13,8.2740965
3,14,8.508086
3,15,8.7128
3,16,8.900798
3,17,9.086235
3,18,9.285893
3,19,9.520405
3,2,1.8456904
3,20,9.815945
3,21,10.207825
3,22,10.744669
3,23,11.496945
3,24,12.568083
3,25,14.113068
3,26,16.35872
3,27,19.611248
3,28,24.176702
3,29,30.0
3,3,2.7309992
3,4,3.5735996
3,5,4.362093
3,6,5.088388
3,7,5.7461834
3,8,6.333046
3,9,6.848218
30,0,0.0
30,1,3.0866702
30,10,24.127645
30,11,25.360424
30,12,26.386179
30,13,27.225447
30,14,27.900654
30,15,28.434792
30,16,28.850254
30,17,29.167992
30,18,29.406912
30,19,29.583553
30,2,6.122321
30,20,29.71196
30,21,29.803764
30,22,29.868313
30,23,29.912998
30,24,29.943485
30,25,29.964066
30,26,29.977919
30,27,29.987415
30,28,29.99431
30,29,30.0
30,3,9.058444
30,4,11.851341
30,5,14.464054
30,6,16.867752
30,7,19.04253
30,8,20.97757
30,9,22.670734
31,0,0.0
31,1,3.0867996
31,10,24.128635
31,11,25.361458
31,12,26.387249
31,13,27.226532
31,14,27.90176
31,15,28.435898
31,16,28.851355
31,17,29.169077
31,18,29.407967
31,19,29.584568
31,2,6.122578
31,20,29.712933
31,21,29.80466
31,22,29.86914
31,23,29.913733
31,24,29.94412
31,25,29.964588
31,26,29.978325
31,27,29.987686
31,28,29.99445
31,29,30.0
31,3,9.058823
31,4,11.851838
31,5,14.464658
31,6,16.868456
31,7,19.04332
31,8,20.97844
31,9,22.671669
32,0,0.0
32,1,3.0868764
32,10,24.12922
32,11,25.36207
32,12,26.387875
32,13,27.227179
32,14,27.902407
32,15,28.436552
32,16,28.852005
32,17,29.169714
32,18,29.40859
32,19,29.585167
32,2,6.1227293
32,20,29.713493
32,21,29.805195
32,22,29.869625
32,23,29.914167
32,24,29.944492
32,25,29.964897
32,26,29.978561
32,27,29.987848
32,28,29.99453
32,29,30.0
32,3,9.059048
32,4,11.852131
32,5,14.465015
32,6,16.86887
32,7,19.043789
32,8,20.97895
32,9,22.672218
33,0,0.0
33,1,3.0869207
33,10,24.129559
33,11,25.362421
33,12,26.38824
33,13,27.22755
33,14,27.902784
33,15,28.43693
33,16,28.852379
33,17,29.170086
33,18,29.408949
33,19,29.585514
33,2,6.122818
33,20,29.713827
33,21,29.8055
33,22,29.86991
33,23,29.914417
33,24,29.944712
33,25,29.965073
33,26,29.978697
33,27,29.987942
33,28,29.994577
33,29,30.0
33,3,9.059177
33,4,11.852301
33,5,14.465222
33,6,16.86911
33,7,19.044058
33,8,20.979248
33,9,22.672539
34,0,0.0
34,1,3.086946
34,10,24.129751
34,11,25.362621
34,12,26.38845
34,13,27.227762
34,14,27.903
34,15,28.437145
34,16,28.852594
34,17,29.170296
34,18,29.409153
34,19,29.585712
34,2,6.122868
34,20,29.714012
34,21,29.805677
34,22,29.870068
34,23,29.914562
34,24,29.944832
34,25,29.965176
34,26,29.978775
34,27,29.987993
34,28,29.994602
34,29,30.0
34,3,9.059252
34,4,11.852397
34,5,14.46534
34,6,16.869247
34,7,19.044212
34,8,20.979418
34,9,22.67272
35,0,0.0
35,1,3.08696
35,10,24.129856
35,11,25.362736
35,12,26.388567
35,13,27.227882
35,14,27.90312
35,15,28.437267
35,16,28.852715
35,17,29.17041
35,18,29.409271
35,19,29.58582
35,2,6.122896
35,20,29.714119
35,21,29.805773
35,22,29.87016
35,23,29.91464
35,24,29.944904
35,25,29.96523
35,26,29.978819
35,27,29.988022
35,28,29.994617
35,29,30.0
35,3,9.059293
35,4,11.85245
35,5,14.465406
35,6,16.869324
35,7,19.044298
35,8,20.979511
35,9,22.672823
36,0,0.0
36,1,3.0869682
36,10,24.129917
36,11,25.362797
36,12,26.38863
36,13,27.227945
36,14,27.903187
36,15,28.437332
36,16,28.852777
36,17,29.170479
36,18,29.40933
36,19,29.585884
36,2,6.1229115
36,20,29.714174
36,21,29.805828
36,22,29.870205
36,23,29.914684
36,24,29.944939
36,25,29.965263
36,26,29.978842
36,27,29.988039
36,28,29.994625
36,29,30.0
36,3,9.059317
36,4,11.852481
36,5,14.465442
36,6,16.869368
36,7,19.044346
36,8,20.979565
36,9,22.672878
37,0,0.0
37,1,3.086972
37,10,24.129948
37,11,25.362831
37,12,26.388662
37,13,27.227982
37,14,27.903221
37,15,28.437366
37,16,28.852816
37,17,29.17051
37,18,29.409367
37,19,29.58591
37,2,6.12292
37,20,29.714207
37,21,29.805855
37,22,29.870232
37,23,29.914707
37,24,29.944962
37,25,29.965279
37,26,29.978853
37,27,29.988049
37,28,29.99463
37,29,30.0
37,3,9.059328
37,4,11.852497
37,5,14.465462
37,6,16.869389
37,7,19.044373
37,8,20.979591
37,9,22.672909
38,0,0.0
38,1,3.0869746
38,10,24.129967
38,11,25.362846
38,12,26.388681
38,13,27.227997
38,14,27.903238
38,15,28.437386
38,16,28.852833
38,17,29.17053
38,18,29.409382
38,19,29.585934
38,2,6.122924
38,20,29.714222
38,21,29.805872
38,22,29.870247
38,23,29.91472
38,24,29.944973
38,25,29.965286
38,26,29.978863
38,27,29.988052
38,28,29.994633
38,29,30.0
38,3,9.059335
38,4,11.852506
38,5,14.465471
38,6,16.8694
38,7,19.044384
38,8,20.979607
38,9,22.672924
39,0,0.0
39,1,3.086975
39,10,24.129974
39,11,25.362858
39,12,26.38869
39,13,27.228008
39,14,27.903248
39,15,28.437393
39,16,28.852842
39,17,29.17054
39,18,29.409393
39,19,29.585941
39,2,6.1229267
39,20,29.714233
39,21,29.80588
39,22,29.870255
39,23,29.914728
39,24,29.944977
39,25,29.965296
39,26,29.978863
39,27,29.988056
39,28,29.994633
39,29,30.0
39,3,9.059338
39,4,11.85251
39,5,14.465477
39,6,16.869406
39,7,19.044392
39,8,20.979614
39,9,22.672934
4,0,0.0
4,1,1.2174592
4,10,9.542702
4,11,10.041559
4,12,10.463958
4,13,10.820889
4,14,11.124223
4,15,11.388105
4,16,11.627822
4,17,11.860916
4,18,12.107483
4,19,12.391332
4,2,2.414841
4,20,12.74206
4,21,13.196971
4,22,13.8055
4,23,14.63296
4,24,15.767392
4,25,17.323238
4,26,19.440416
4,27,22.25857
4,28,25.839085
4,29,30.0
4,3,3.5733562
4,4,4.6755447
4,5,5.70745
4,6,6.657318
4,7,7.5181823
4,8,8.285461
4,9,8.959522
40,0,0.0
40,1,3.086976
40,10,24.129978
40,11,25.362862
40,12,26.388695
40,13,27.228016
40,14,27.903252
40,15,28.4374
40,16,28.852844
40,17,29.170544
40,18,29.409399
40,19,29.585945
40,2,6.122927
40,20,29.714237
40,21,29.805883
40,22,29.870258
40,23,29.91473
40,24,29.94498
40,25,29.965296
40,26,29.978868
40,27,29.988054
40,28,29.994635
40,29,30.0
40,3,9.05934
40,4,11.852511
40,5,14.465479
40,6,16.86941
40,7,19.044394
40,8,20.979618
40,9,22.67294
41,0,0.0
41,1,3.086976
41,10,24.12998
41,11,25.362862
41,12,26.388699
41,13,27.228014
41,14,27.903257
41,15,28.4374
41,16,28.85285
41,17,29.170546
41,18,29.4094
41,19,29.585949
41,2,6.1229277
41,20,29.714237
41,21,29.805887
41,22,29.870258
41,23,29.914732
41,24,29.94498
41,25,29.965298
41,26,29.978868
41,27,29.988056
41,28,29.994635
41,29,30.0
41,3,9.05934
41,4,11.852512
41,5,14.46548
41,6,16.86941
41,7,19.044395
41,8,20.979618
41,9,22.67294
42,0,0.0
42,1,3.0869763
42,10,24.12998
42,11,25.362865
42,12,26.388697
42,13,27.228016
42,14,27.903257
42,15,28.437405
42,16,28.85285
42,17,29.17055
42,18,29.4094
42,19,29.585949
42,2,6.1229277
42,20,29.714237
42,21,29.805885
42,22,29.870258
42,23,29.914734
42,24,29.944983
42,25,29.965298
42,26,29.978867
42,27,29.988058
42,28,29.994635
42,29,30.0
42,3,9.0593405
42,4,11.852513
42,5,14.465482
42,6,16.869411
42,7,19.044397
42,8,20.979622
42,9,22.67294
43,0,0.0
43,1,3.086976
43,10,24.129982
43,11,25.362864
43,12,26.388699
43,13,27.228016
43,14,27.90326
43,15,28.437405
43,16,28.852854
43,17,29.170547
43,18,29.409403
43,19,29.585949
43,2,6.1229277
43,20,29.714241
43,21,29.805885
43,22,29.870262
43,23,29.914734
43,24,29.944984
43,25,29.965296
43,26,29.978868
43,27,29.988056
43,28,29.994635
43,29,30.0
43,3,9.059341
43,4,11.852513
43,5,14.465482
43,6,16.869411
43,7,19.044397
43,8,20.97962
43,9,22.67294
44,0,0.0
44,1,3.0869763
44,10,24.129982
44,11,25.362865
44,12,26.388699
44,13,27.228018
44,14,27.90326
44,15,28.437407
44,16,28.85285
44,17,29.170547
44,18,29.4094
44,19,29.58595
44,2,6.1229286
44,20,29.714237
44,21,29.80589
44,22,29.87026
44,23,29.914734
44,24,29.94498
44,25,29.9653
44,26,29.978867
44,27,29.988058
44,28,29.994635
44,29,30.0
44,3,9.059341
44,4,11.852514
44,5,14.465482
44,6,16.869413
44,7,19.0444
44,8,20.979622
44,9,22.67294
45,0,0.0
45,1,3.0869763
45,10,24.129982
45,11,25.362865
45,12,26.3887
45,13,27.228016
45,14,27.90326
45,15,28.437405
45,16,28.852854
45,17,29.170547
45,18,29.409403
45,19,29.585949
45,2,6.1229286
45,20,29.714241
45,21,29.805885
45,22,29.87026
45,23,29.914734
45,24,29.944984
45,25,29.965296
45,26,29.978868
45,27,29.988056
45,28,29.994637
45,29,30.0
45,3,9.059341
45,4,11.852513
45,5,14.465483
45,6,16.869411
45,7,19.0444
45,8,20.979622
45,9,22.67294
46,0,0.0
46,1,3.0869763
46,10,24.129984
46,11,25.362865
46,12,26.388699
46,13,27.228016
46,14,27.90326
46,15,28.437407
46,16,28.852852
46,17,29.17055
46,18,29.4094
46,19,29.58595
46,2,6.1229286
46,20,29.714237
46,21,29.80589
46,22,29.870258
46,23,29.914732
46,24,29.944983
46,25,29.965298
46,26,29.978868
46,27,29.988058
46,28,29.994635
46,29,30.0
46,3,9.0593405
46,4,11.852514
46,5,14.465482
46,6,16.869413
46,7,19.0444
46,8,20.979622
46,9,22.67294
47,0,0.0
47,1,3.0869763
47,10,24.129982
47,11,25.362865
47,12,26.388699
47,13,27.228016
47,14,27.90326
47,15,28.437405
47,16,28.852854
47,17,29.17055
47,18,29.409403
47,19,29.585949
47,2,6.1229277
47,20,29.714241
47,21,29.805887
47,22,29.870262
47,23,29.914732
47,24,29.944983
47,25,29.965298
47,26,29.978868
47,27,29.988056
47,28,29.994635
47,29,30.0
47,3,9.059341
47,4,11.852513
47,5,14.465482
47,6,16.869413
47,7,19.044397
47,8,20.97962
47,9,22.67294
48,0,0.0
48,1,3.086976
48,10,24.129982
48,11,25.362865
48,12,26.388699
48,13,27.228016
48,14,27.90326
48,15,28.437407
48,16,28.852852
48,17,29.17055
48,18,29.4094
48,19,29.58595
48,2,6.1229286
48,20,29.714237
48,21,29.805891
48,22,29.87026
48,23,29.914734
48,24,29.94498
48,25,29.965298
48,26,29.978867
48,27,29.988058
48,28,29.994635
48,29,30.0
48,3,9.05934
48,4,11.852513
48,5,14.465481
48,6,16.869411
48,7,19.044397
48,8,20.97962
48,9,22.67294
49,0,0.0
49,1,3.0869763
49,10,24.129982
49,11,25.362865
49,12,26.388699
49,13,27.228018
49,14,27.90326
49,15,28.437405
49,16,28.852854
49,17,29.170547
49,18,29.409403
49,19,29.585947
49,2,6.1229277
49,20,29.714241
49,21,29.805885
49,22,29.870262
49,23,29.914732
49,24,29.944984
49,25,29.965294
49,26,29.978868
49,27,29.988056
49,28,29.994635
49,29,30.0
49,3,9.0593405
49,4,11.852513
49,5,14.46548
49,6,16.869413
49,7,19.044395
49,8,20.97962
49,9,22.67294
5,0,0.0
5,1,1.4859402
5,10,11.645521
5,11,12.252952
5,12,12.767122
5,13,13.200007
5,14,13.566596
5,15,13.88278
5,16,14.1666765
5,17,14.437927
5,18,14.718683
5,19,15.034497
5,2,2.9475453
5,20,15.415256
5,21,15.897611
5,22,16.526077
5,23,17.356298
5,24,18.45492
5,25,19.899014
5,26,21.765194
5,27,24.106125
5,28,26.902102
5,29,30.0
5,3,4.361346
5,4,5.70687
5,5,6.9659433
5,6,8.125554
5,7,9.175665
5,8,10.112252
5,9,10.934086
50,0,0.0
50,1,3.086976
50,10,24.129982
50,11,25.362865
50,12,26.388699
50,13,27.228018
50,14,27.90326
50,15,28.437407
50,16,28.852852
50,17,29.17055
50,18,29.4094
50,19,29.58595
50,2,6.1229286
50,20,29.714237
50,21,29.80589
50,22,29.870258
50,23,29.914734
50,24,29.944979
50,25,29.965298
50,26,29.978867
50,27,29.988056
50,28,29.994635
50,29,30.0
50,3,9.0593405
50,4,11.852513
50,5,14.465482
50,6,16.869411
50,7,19.044395
50,8,20.97962
50,9,22.67294
51,0,0.0
51,1,3.0869763
51,10,24.129982
51,11,25.362865
51,12,26.388699
51,13,27.228018
51,14,27.90326
51,15,28.437405
51,16,28.852854
51,17,29.17055
51,18,29.409403
51,19,29.585945
51,2,6.1229277
51,20,29.714241
51,21,29.805883
51,22,29.870262
51,23,29.91473
51,24,29.944983
51,25,29.965296
51,26,29.978868
51,27,29.988056
51,28,29.994635
51,29,30.0
51,3,9.0593405
51,4,11.852514
51,5,14.465481
51,6,16.869411
51,7,19.044397
51,8,20.97962
51,9,22.67294
52,0,0.0
52,1,3.086976
52,10,24.129982
52,11,25.362864
52,12,26.388699
52,13,27.228018
52,14,27.90326
52,15,28.437405
52,16,28.852854
52,17,29.17055
52,18,29.4094
52,19,29.58595
52,2,6.1229286
52,20,29.714237
52,21,29.80589
52,22,29.870258
52,23,29.914732
52,24,29.94498
52,25,29.965298
52,26,29.978867
52,27,29.988056
52,28,29.994635
52,29,30.0
52,3,9.0593405
52,4,11.852513
52,5,14.465481
52,6,16.869411
52,7,19.044397
52,8,20.979622
52,9,22.67294
53,0,0.0
53,1,3.0869763
53,10,24.129982
53,11,25.362865
53,12,26.388699
53,13,27.228018
53,14,27.903257
53,15,28.437407
53,16,28.852852
53,17,29.17055
53,18,29.4094
53,19,29.585949
53,2,6.1229286
53,20,29.714237
53,21,29.805887
53,22,29.870258
53,23,29.914732
53,24,29.94498
53,25,29.965296
53,26,29.978868
53,27,29.988056
53,28,29.994635
53,29,30.0
53,3,9.059341
53,4,11.852513
53,5,14.465482
53,6,16.869411
53,7,19.044397
53,8,20.97962
53,9,22.67294
54,0,0.0
54,1,3.086976
54,10,24.129982
54,11,25.362865
54,12,26.3887
54,13,27.228016
54,14,27.90326
54,15,28.437405
54,16,28.852854
54,17,29.170547
54,18,29.4094
54,19,29.585945
54,2,6.1229286
54,20,29.714237
54,21,29.805887
54,22,29.87026
54,23,29.914732
54,24,29.944983
54,25,29.965298
54,26,29.978868
54,27,29.988056
54,28,29.994635
54,29,30.0
54,3,9.05934
54,4,11.852514
54,5,14.465481
54,6,16.869411
54,7,19.044397
54,8,20.979622
54,9,22.67294
55,0,0.0
55,1,3.0869765
55,10,24.129982
55,11,25.362865
55,12,26.388699
55,13,27.228018
55,14,27.90326
55,15,28.437407
55,16,28.852854
55,17,29.170547
55,18,29.4094
55,19,29.585949
55,2,6.1229277
55,20,29.714237
55,21,29.805885
55,22,29.87026
55,23,29.914734
55,24,29.944983
55,25,29.965298
55,26,29.978868
55,27,29.988056
55,28,29.994635
55,29,30.0
55,3,9.059341
55,4,11.852512
55,5,14.465483
55,6,16.869411
55,7,19.0444
55,8,20.97962
55,9,22.67294
56,0,0.0
56,1,3.0869765
56,10,24.129982
56,11,25.362865
56,12,26.3887
56,13,27.228018
56,14,27.90326
56,15,28.437407
56,16,28.852852
56,17,29.17055
56,18,29.4094
56,19,29.585949
56,2,6.122929
56,20,29.71424
56,21,29.805885
56,22,29.87026
56,23,29.914734
56,24,29.944984
56,25,29.965298
56,26,29.978868
56,27,29.988056
56,28,29.994637
56,29,30.0
56,3,9.0593405
56,4,11.852514
56,5,14.465482
56,6,16.869413
56,7,19.044395
56,8,20.979622
56,9,22.672941
57,0,0.0
57,1,3.086977
57,10,24.129986
57,11,25.36287
57,12,26.388702
57,13,27.22802
57,14,27.903263
57,15,28.437407
57,16,28.852854
57,17,29.170547
57,18,29.409403
57,19,29.58595
57,2,6.122929
57,20,29.714241
57,21,29.805887
57,22,29.870262
57,23,29.914736
57,24,29.944984
57,25,29.9653
57,26,29.97887
57,27,29.988058
57,28,29.994637
57,29,30.0
57,3,9.059342
57,4,11.852514
57,5,14.465483
57,6,16.869413
57,7,19.0444
57,8,20.979622
57,9,22.672941
58,0,0.0
58,1,3.086977
58,10,24.12999
58,11,25.362871
58,12,26.388706
58,13,27.228025
58,14,27.903263
58,15,28.43741
58,16,28.852856
58,17,29.170555
58,18,29.409407
58,19,29.585955
58,2,6.12293
58,20,29.714243
58,21,29.805891
58,22,29.870264
58,23,29.914738
58,24,29.944986
58,25,29.965302
58,26,29.97887
58,27,29.98806
58,28,29.994637
58,29,30.0
58,3,9.059343
58,4,11.852517
58,5,14.465485
58,6,16.869415
58,7,19.0444
58,8,20.979626
58,9,22.672943
59,0,0.0
59,1,3.086978
59,10,24.129993
59,11,25.362877
59,12,26.38871
59,13,27.228027
59,14,27.90327
59,15,28.437414
59,16,28.852863
59,17,29.170559
59,18,29.409412
59,19,29.58596
59,2,6.1229305
59,20,29.714249
59,21,29.805895
59,22,29.870268
59,23,29.91474
59,24,29.94499
59,25,29.965302
59,26,29.978874
59,27,29.98806
59,28,29.994637
59,29,30.0
59,3,9.059345
59,4,11.852518
59,5,14.465489
59,6,16.86942
59,7,19.044407
59,8,20.979626
59,9,22.67295
6,0,0.0
6,1,1.7331057
6,10,13.579194
6,11,14.2865505
6,12,14.883728
6,13,15.385599
6,14,15.808066
6,15,16.169643
6,16,16.489744
6,17,16.789742
6,18,17.092793
6,19,17.424465
6,2,3.4376209
6,20,17.81397
6,21,18.294334
6,22,18.904346
6,23,19.68756
6,24,20.69254
6,25,21.967192
6,26,23.550669
6,27,25.454844
6,28,27.64133
6,29,30.0
6,3,5.0867434
6,4,6.6556463
6,5,8.124363
6,6,9.476205
6,7,10.701102
6,8,11.792549
6,9,12.750837
60,0,0.0
60,1,3.086979
60,10,24.130005
60,11,25.362886
60,12,26.388721
60,13,27.22804
60,14,27.903282
60,15,28.43743
60,16,28.852873
60,17,29.17057
60,18,29.409422
60,19,29.58597
60,2,6.1229343
60,20,29.714258
60,21,29.805906
60,22,29.870275
60,23,29.914747
60,24,29.944996
60,25,29.96531
60,26,29.978878
60,27,29.988062
60,28,29.99464
60,29,30.0
60,3,9.059349
60,4,11.852527
60,5,14.465494
60,6,16.869429
60,7,19.04441
60,8,20.979641
60,9,22.672958
61,0,0.0
61,1,3.0869825
61,10,24.130026
61,11,25.362911
61,12,26.388744
61,13,27.228065
61,14,27.903307
61,15,28.43745
61,16,28.852898
61,17,29.170591
61,18,29.409447
61,19,29.58599
61,2,6.122939
61,20,29.714277
61,21,29.805923
61,22,29.870295
61,23,29.914762
61,24,29.945007
61,25,29.965319
61,26,29.978884
61,27,29.988068
61,28,29.99464
61,29,30.0
61,3,9.05936
61,4,11.852534
61,5,14.465509
61,6,16.869442
61,7,19.044434
61,8,20.979656
61,9,22.672981
62,0,0.0
62,1,3.0869875
62,10,24.130066
62,11,25.362951
62,12,26.388788
62,13,27.22811
62,14,27.90335
62,15,28.437496
62,16,28.852942
62,17,29.170637
62,18,29.409489
62,19,29.586033
62,2,6.1229515
62,20,29.714317
62,21,29.80596
62,22,29.870325
62,23,29.914791
62,24,29.945034
62,25,29.965338
62,26,29.9789
62,27,29.988077
62,28,29.994648
62,29,30.0
62,3,9.059373
62,4,11.852559
62,5,14.465532
62,6,16.869474
62,7,19.044464
62,8,20.979694
62,9,22.67302
63,0,0.0
63,1,3.0869985
63,10,24.130142
63,11,25.363033
63,12,26.38887
63,13,27.228191
63,14,27.903435
63,15,28.437578
63,16,28.853027
63,17,29.17072
63,18,29.409569
63,19,29.58611
63,2,6.122971
63,20,29.71439
63,21,29.806026
63,22,29.87039
63,23,29.914845
63,24,29.945078
63,25,29.965378
63,26,29.97893
63,27,29.988098
63,28,29.994656
63,29,30.0
63,3,9.059405
63,4,11.852595
63,5,14.465584
63,6,16.869528
63,7,19.044529
63,8,20.979761
63,9,22.673092
64,0,0.0
64,1,3.0870173
64,10,24.130287
64,11,25.36318
64,12,26.389023
64,13,27.228346
64,14,27.903591
64,15,28.437737
64,16,28.85318
64,17,29.170872
64,18,29.409716
64,19,29.586252
64,2,6.12301
64,20,29.714523
64,21,29.806152
64,22,29.8705
64,23,29.914948
64,24,29.945168
64,25,29.96545
64,26,29.978985
64,27,29.988136
64,28,29.994675
64,29,30.0
64,3,9.05946
64,4,11.852673
64,5,14.465672
64,6,16.869633
64,7,19.044643
64,8,20.979889
64,9,22.67323
65,0,0.0
65,1,3.0870533
65,10,24.130547
65,11,25.36345
65,12,26.389301
65,13,27.228626
65,14,27.903873
65,15,28.438019
65,16,28.853462
65,17,29.171146
65,18,29.409985
65,19,29.58651
65,2,6.1230793
65,20,29.714767
65,21,29.806381
65,22,29.870712
65,23,29.915134
65,24,29.945328
65,25,29.965582
65,26,29.979088
65,27,29.988203
65,28,29.99471
65,29,30.0
65,3,9.059565
65,4,11.852804
65,5,14.465837
65,6,16.869822
65,7,19.044855
65,8,20.98012
65,9,22.673475
66,0,0.0
66,1,3.0871162
66,10,24.131012
66,11,25.363934
66,12,26.389797
66,13,27.229134
66,14,27.904383
66,15,28.43853
66,16,28.853966
66,17,29.171642
66,18,29.410463
66,19,29.586967
66,2,6.123206
66,20,29.715206
66,21,29.80679
66,22,29.871084
66,23,29.915468
66,24,29.945618
66,25,29.96582
66,26,29.979269
66,27,29.98833
66,28,29.994772
66,29,30.0
66,3,9.059749
66,4,11.853046
66,5,14.466127
66,6,16.870161
66,7,19.045235
66,8,20.980534
66,9,22.673918
67,0,0.0
67,1,3.0872285
67,10,24.131832
67,11,25.364788
67,12,26.390673
67,13,27.230026
67,14,27.905283
67,15,28.439425
67,16,28.854853
67,17,29.172512
67,18,29.411308
67,19,29.587784
67,2,6.123427
67,20,29.715975
67,21,29.807508
67,22,29.871742
67,23,29.916056
67,24,29.946121
67,25,29.966236
67,26,29.979591
67,27,29.988546
67,28,29.99488
67,29,30.0
67,3,9.060077
67,4,11.853471
67,5,14.466644
67,6,16.870756
67,7,19.045902
67,8,20.981264
67,9,22.6747
68,0,0.0
68,1,3.0874221
68,10,24.133255
68,11,25.36626
68,12,26.392189
68,13,27.231564
68,14,27.90683
68,15,28.440975
68,16,28.856384
68,17,29.174015
68,18,29.412773
68,19,29.589186
68,2,6.1238112
68,20,29.717308
68,21,29.80875
68,22,29.872879
68,23,29.917067
68,24,29.946997
68,25,29.966957
68,26,29.980143
68,27,29.98892
68,28,29.995071
68,29,30.0
68,3,9.060642
68,4,11.854208
68,5,14.467535
68,6,16.871792
68,7,19.047058
68,8,20.982525
68,9,22.676048
69,0,0.0
69,1,3.0877528
69,10,24.135666
69,11,25.368767
69,12,26.394754
69,13,27.234177
69,14,27.909462
69,15,28.4436
69,16,28.85899
69,17,29.17657
69,18,29.415253
69,19,29.591572
69,2,6.124464
69,20,29.71957
69,21,29.810863
69,22,29.874811
69,23,29.91879
69,24,29.948483
69,25,29.96818
69,26,29.98108
69,27,29.989557
69,28,29.995394
69,29,30.0
69,3,9.061605
69,4,11.855459
69,5,14.469055
69,6,16.873547
69,7,19.049026
69,8,20.984669
69,9,22.67834
7,0,0.0
7,1,1.9567258
7,10,15.328497
7,11,16.124998
7,12,16.796982
7,13,17.359484
7,14,17.830944
7,15,18.230545
7,16,18.579453
7,17,18.899637
7,18,19.214512
7,19,19.549208
7,2,3.8813653
7,20,19.930561
7,21,20.388302
7,22,20.954002
7,23,21.661821
7,24,22.545002
7,25,23.633266
7,26,24.944054
7,27,26.473541
7,28,28.184195
7,29,30.0
7,3,5.74303
7,4,7.5146604
7,5,9.17238
7,6,10.698895
7,7,12.081041
7,8,13.313287
7,9,14.393984
70,0,0.0
70,1,3.0883043
70,10,24.139692
70,11,25.372942
70,12,26.399044
70,13,27.238531
70,14,27.913849
70,15,28.44798
70,16,28.863327
70,17,29.18083
70,18,29.419395
70,19,29.59555
70,2,6.125557
70,20,29.723347
70,21,29.81438
70,22,29.878033
70,23,29.921661
70,24,29.950964
70,25,29.970222
70,26,29.98265
70,27,29.99062
70,28,29.995932
70,29,30.0
70,3,9.063213
70,4,11.857555
70,5,14.471591
70,6,16.876484
70,7,19.052307
70,8,20.98825
70,9,22.682167
71,0,0.0
71,1,3.0892127
71,10,24.146294
71,11,25.379799
71,12,26.406075
71,13,27.245676
71,14,27.921041
71,15,28.455168
71,16,28.870441
71,17,29.187813
71,18,29.426182
71,19,29.602077
71,2,6.1273527
71,20,29.72953
71,21,29.82016
71,22,29.883316
71,23,29.926382
71,24,29.955032
71,25,29.973577
71,26,29.985224
71,27,29.992367
71,28,29.996813
71,29,30.0
71,3,9.065861
71,4,11.860995
71,5,14.475762
71,6,16.881306
71,7,19.057701
71,8,20.994127
71,9,22.68845
72,0,0.0
72,1,3.0906806
72,10,24.156944
72,11,25.390839
72,12,26.417404
72,13,27.257181
72,14,27.93263
72,15,28.466736
72,16,28.881899
72,17,29.199059
72,18,29.437115
72,19,29.612583
72,2,6.130256
72,20,29.739502
72,21,29.829464
72,22,29.891838
72,23,29.933983
72,24,29.9616
72,25,29.978983
72,26,29.98938
72,27,29.995184
72,28,29.998238
72,29,30.0
72,3,9.070137
72,4,11.866556
72,5,14.482498
72,6,16.88909
72,7,19.066402
72,8,21.00361
72,9,22.69858
73,0,0.0
73,1,3.0930142
73,10,24.173817
73,11,25.40834
73,12,26.435345
73,13,27.275406
73,14,27.950972
73,15,28.48505
73,16,28.900032
73,17,29.216862
73,18,29.454418
73,19,29.629223
73,2,6.1348724
73,20,29.755285
73,21,29.844212
73,22,29.90533
73,23,29.94604
73,24,29.972
73,25,29.987566
73,26,29.995964
73,27,29.999653
73,28,30.000494
73,29,30.0
73,3,9.076934
73,4,11.875395
73,5,14.493196
73,6,16.901455
73,7,19.080212
73,8,21.018656
73,9,22.71464
74,0,0.0
74,1,3.0966644
74,10,24.20011
74,11,25.435589
74,12,26.463278
74,13,27.303759
74,14,27.979511
74,15,28.51354
74,16,28.928246
74,17,29.244553
74,18,29.48135
74,19,29.655113
74,2,6.142089
74,20,29.77987
74,21,29.867165
74,22,29.926367
74,23,29.96481
74,24,29.988228
74,25,30.000937
74,26,30.006245
74,27,30.006622
74,28,30.004017
74,29,30.0
74,3,9.087561
74,4,11.889199
74,5,14.509911
74,6,16.920748
74,7,19.101765
74,8,21.042112
74,9,22.739674
75,0,0.0
75,1,3.1022787
75,10,24.240377
75,11,25.4773
75,12,26.506016
75,13,27.347134
75,14,28.023159
75,15,28.55711
75,16,28.971382
75,17,29.28691
75,18,29.52253
75,19,29.69474
75,2,6.153192
75,20,29.817474
75,21,29.902325
75,22,29.958563
75,23,29.993595
75,24,30.013084
75,25,30.021454
75,26,30.022
75,27,30.017319
75,28,30.00942
75,29,30.0
75,3,9.103897
75,4,11.910423
75,5,14.535575
75,6,16.95038
75,7,19.134823
75,8,21.078089
75,9,22.778036
76,0,0.0
76,1,3.1107805
76,10,24.301014
76,11,25.540087
76,12,26.570312
76,13,27.412367
76,14,28.088783
76,15,28.622602
76,16,29.036236
76,17,29.350574
76,18,29.584475
76,19,29.75432
76,2,6.16999
76,20,29.874088
76,21,29.955227
76,22,30.007084
76,23,30.03694
76,24,30.050583
76,25,30.052376
76,26,30.045788
76,27,30.033455
76,28,30.017582
76,29,30.0
76,3,9.128616
76,4,11.942507
76,5,14.574371
76,6,16.995115
76,7,19.184727
76,8,21.132328
76,9,22.835854
77,0,0.0
77,1,3.123443
77,10,24.390823
77,11,25.632996
77,12,26.665415
77,13,27.508808
77,14,28.185774
77,15,28.719398
77,16,29.132067
77,17,29.444698
77,18,29.676025
77,19,29.842472
77,2,6.195019
77,20,29.957817
77,21,30.033585
77,22,30.07891
77,23,30.101217
77,24,30.10615
77,25,30.098282
77,26,30.08107
77,27,30.057426
77,28,30.029694
77,29,30.0
77,3,9.165409
77,4,11.990257
77,5,14.632041
77,6,17.061596
77,7,19.258783
77,8,21.212793
77,9,22.921526
78,0,0.0
78,1,3.1420214
78,10,24.521603
78,11,25.768219
78,12,26.803722
78,13,27.648998
78,14,28.326733
78,15,28.860025
78,16,29.271332
78,17,29.581448
78,18,29.80915
78,19,29.97062
78,2,6.2317057
78,20,30.079702
78,21,30.147614
78,22,30.183617
78,23,30.194874
78,24,30.187267
78,25,30.165249
78,26,30.132633
78,27,30.09243
78,28,30.047405
78,29,30.0
78,3,9.219345
78,4,12.060169
78,5,14.71645
78,6,17.158758
78,7,19.36697
78,8,21.33017
78,9,23.046427
79,0,0.0
79,1,3.1688495
79,10,24.708965
79,11,25.961739
79,12,27.001541
79,13,27.8494
79,14,28.528133
79,15,29.06096
79,16,29.470264
79,17,29.776905
79,18,29.999397
79,19,30.153969
79,2,6.2846956
79,20,30.25406
79,21,30.310993
79,22,30.333614
79,23,30.329298
79,24,30.30365
79,25,30.261518
79,26,30.20671
79,27,30.1428
79,28,30.072872
79,29,30.0
79,3,9.2971525
79,4,12.160995
79,5,14.837995
79,6,17.298592
79,7,19.522411
79,8,21.498697
79,9,23.225494
8,0,0.0
8,1,2.15588
8,10,16.88407
8,11,17.76004
8,12,18.497147
8,13,19.112877
8,14,19.625793
8,15,20.056944
8,16,20.427773
8,17,20.760897
8,18,21.079475
8,19,21.40731
8,2,4.276181
8,20,21.76937
8,21,22.19097
8,22,22.698605
8,23,23.3176
8,24,24.071695
8,25,24.978111
8,26,26.044277
8,27,27.26059
8,28,28.596708
8,29,30.0
8,3,6.3274784
8,4,8.278937
8,5,10.105563
8,6,11.7866745
8,7,13.309517
8,8,14.666037
8,9,15.856255
80,0,0.0
80,1,3.2070396
80,10,24.972958
80,11,26.234184
80,12,27.279778
80,13,28.131098
80,14,28.811148
80,15,29.34321
80,16,29.749788
80,17,30.0515
80,18,30.266924
80,19,30.41179
80,2,6.3600454
80,20,30.49961
80,21,30.541088
80,22,30.545252
80,23,30.518955
80,24,30.468184
80,25,30.397581
80,26,30.311607
80,27,30.21408
80,28,30.108965
80,29,30.0
80,3,9.407773
80,4,12.304119
80,5,15.010422
80,6,17.496605
80,7,19.742336
80,8,21.736713
80,9,23.478165
81,0,0.0
81,1,3.2605903
81,10,25.339005
81,11,26.611431
81,12,27.664722
81,13,28.520536
81,14,29.202196
81,15,29.733192
81,16,30.13591
81,17,30.431074
81,18,30.63673
81,19,30.768652
81,2,6.4657035
81,20,30.839546
81,21,30.860214
81,22,30.838852
81,23,30.782614
81,24,30.696943
81,25,30.587154
81,26,30.45773
81,27,30.313559
81,28,30.159296
81,29,30.0
81,3,9.56266
81,4,12.504389
81,5,15.25123
81,6,17.772854
81,7,20.048525
81,8,22.067709
81,9,23.828888
82,0,0.0
82,1,3.3346827
82,10,25.838297
82,11,27.125406
82,12,28.188549
82,13,29.050068
82,14,29.733665
82,15,30.263
82,16,30.660648
82,17,30.946896
82,18,31.139824
82,19,31.254267
82,2,6.611711
82,20,31.30293
82,21,31.29544
82,22,31.24013
82,23,31.14315
82,24,31.01049
82,25,30.847061
82,26,30.65849
82,27,30.450203
82,28,30.228546
82,29,30.0
82,3,9.776579
82,4,12.780443
82,5,15.582769
82,6,18.15231
82,7,20.46849
82,8,22.520674
82,9,24.30817
83,0,0.0
83,1,3.4357934
83,10,26.508688
83,11,27.814293
83,12,28.889824
83,13,29.758293
83,14,30.444023
83,15,30.97107
83,16,31.361824
83,17,31.636677
83,18,31.812763
83,19,31.904835
83,2,6.810893
83,20,31.92411
83,21,31.88013
83,22,31.779676
83,23,31.62914
83,24,31.43347
83,25,31.198551
83,26,30.930103
83,27,30.635443
83,28,30.322395
83,29,30.0
83,3,10.0678625
83,4,13.155861
83,5,16.032513
83,6,18.666142
83,7,21.035662
83,8,23.131277
83,9,24.952719
84,0,0.0
84,1,3.572134
84,10,27.394455
84,11,28.722998
84,12,29.813414
84,13,30.690063
84,14,31.378017
84,15,31.901655
84,16,32.28367
84,17,32.54369
84,18,32.69876
84,19,32.76197
84,2,7.0790677
84,20,32.744217
84,21,32.65293
84,22,32.494694
84,23,32.274017
84,24,31.996342
84,25,31.666801
84,26,31.29286
84,27,30.882956
84,28,30.448006
84,29,30.0
84,3,10.459571
84,4,13.659399
84,5,16.634495
84,6,19.351791
84,7,21.790705
84,8,23.941736
84,9,25.806387
85,0,0.0
85,1,3.7538123
85,10,28.546787
85,11,29.902458
85,12,31.0103
85,13,31.89603
85,14,32.58588
85,15,33.1049
85,16,33.47552
85,17,33.717407
85,18,33.845993
85,19,33.873905
85,2,7.4360967
85,20,33.809467
85,21,33.65944
85,22,33.427544
85,23,33.11805
85,24,32.734375
85,25,32.28272
85,26,31.770653
85,27,31.209755
85,28,30.613901
85,29,30.0
85,3,10.979763
85,4,14.326585
85,5,17.42937
85,6,20.254509
85,7,22.78119
85,8,25.00189
85,9,26.91955
86,0,0.0
86,1,3.9935658
86,10,30.02251
86,11,31.409399
86,12,32.536392
86,13,33.431587
86,14,34.122585
86,15,34.635036
86,16,34.99175
86,17,35.211185
86,18,35.30832
86,19,35.293015
86,2,7.9062786
86,20,35.172546
86,21,34.94993
86,22,34.62774
86,23,34.206646
86,24,33.689896
86,25,33.08201
86,26,32.39281
86,27,31.635899
86,28,30.830679
86,29,30.0
86,3,11.663267
86,4,15.199977
86,5,18.466305
86,6,21.427023
86,7,24.062958
86,8,26.36825
86,9,28.34965
87,0,0.0
87,1,4.3071847
87,10,31.88379
87,11,33.304337
87,12,34.451275
87,13,35.355225
87,14,36.045708
87,15,36.54944
87,16,36.888847
87,17,37.082184
87,18,37.141907
87,19,37.07663
87,2,8.520176
87,20,36.889336
87,21,36.581066
87,22,36.149258
87,23,35.59277
87,24,34.910683
87,25,34.107777
87,26,33.19353
87,27,32.186234
87,28,31.110958
87,29,30.0
87,3,12.552369
87,4,16.331598
87,5,19.802986
87,6,22.931393
87,7,25.699045
87,8,28.104803
87,9,30.15941
88,0,0.0
88,1,4.714984
88,10,34.195415
88,11,35.65018
88,12,36.81557
88,13,37.726067
88,14,38.41342
88,15,38.905254
88,16,39.224396
88,17,39.3873
88,18,39.40529
88,19,39.282703
88,2,9.315878
88,20,39.020035
88,21,38.61206
88,22,38.05282
88,23,37.334328
88,24,36.45304
88,25,35.409504
88,26,34.21488
88,27,32.89041
88,28,31.470665
88,29,30.0
88,3,13.699991
88,4,17.783815
88,5,21.508394
88,6,24.838348
88,7,27.761063
88,8,30.280922
88,9,32.416695
89,0,0.0
89,1,5.2432737
89,10,37.023438
89,11,38.508717
89,12,39.68835
89,13,40.60088
89,14,41.280846
89,15,41.75731
89,16,42.052483
89,17,42.182205
89,18,42.15414
89,19,41.970116
89,2,10.342886
89,20,41.62405
89,21,41.10627
89,22,40.40188
89,23,39.497276
89,24,38.38001
89,25,37.04722
89,26,35.507042
89,27,33.786236
89,28,31.929583
89,29,30.0
89,3,15.172097
89,4,19.633675
89,5,23.663357
89,6,27.22974
89,7,30.327293
89,8,32.971653
89,9,35.191204
9,0,0.0
9,1,2.3301342
9,10,18.245134
9,11,19.189426
9,12,19.98338
9,13,20.644114
9,14,21.192139
9,15,21.648476
9,16,22.035591
9,17,22.3759
9,18,22.69207
9,19,23.006847
9,2,4.622004
9,20,23.342556
9,21,23.72171
9,22,24.165413
9,23,24.693796
9,24,25.322899
9,25,26.063858
9,26,26.91839
9,27,27.877094
9,28,28.916348
9,29,30.0
9,3,6.838848
9,4,8.948308
9,5,10.922029
9,6,12.739203
9,7,14.384237
9,8,15.850235
9,9,17.135227
90,0,0.0
90,1,5.9280233
90,10,40.430737
90,11,41.937904
90,12,43.123062
90,13,44.030224
90,14,44.696922
90,15,45.15326
90,16,45.421707
90,17,45.51558
90,18,45.440544
90,19,45.19245
90,2,11.666513
90,20,44.760628
90,21,44.125664
90,22,43.265053
90,23,42.152332
90,24,40.76593
90,25,39.091576
90,26,37.13403
90,27,34.921604
90,28,32.514236
90,29,30.0
90,3,17.05449
90,4,21.976025
90,5,26.365059
90,6,30.197739
90,7,33.483875
90,8,36.254192
90,9,38.553295
91,0,0.0
91,1,6.820197
91,10,44.47435
91,11,45.986794
91,12,47.163727
91,13,48.05441
91,14,48.69957
91,15,49.13073
91,16,49.36931
91,17,49.42748
91,18,49.306232
91,19,48.99759
91,2,13.377876
91,20,48.48191
91,21,47.731968
91,22,46.71076
91,23,45.378773
91,24,43.69529
91,25,41.63125
91,26,39.177437
91,27,36.36228
91,28,33.261024
91,29,30.0
91,3,19.46064
91,4,24.932072
91,5,29.729156
91,6,33.847843
91,7,37.321674
91,8,40.207035
91,9,42.568798
92,0,0.0
92,1,7.9972334
92,10,49.19921
92,11,50.691723
92,12,51.83989
92,13,52.698875
92,14,53.312134
92,15,53.711735
92,16,53.918846
92,17,53.942543
92,18,53.78124
92,19,53.419926
92,2,15.609093
92,20,52.832672
92,21,51.979134
92,22,50.808987
92,23,49.260315
92,24,47.269276
92,25,44.776596
92,26,41.74913
92,27,38.201267
92,28,34.2247
92,29,30.0
92,3,22.54811
92,4,28.657991
92,5,33.896656
92,6,38.297394
92,7,41.936024
92,8,44.904114
92,9,47.296093
93,0,0.0
93,1,9.584476
93,10,54.63392
93,11,56.070103
93,12,57.162346
93,13,57.969997
93,14,58.538445
93,15,58.900024
93,16,59.074142
93,17,59.06836
93,18,58.876347
93,19,58.479195
93,2,18.563942
93,20,57.841423
93,21,56.912746
93,22,55.62335
93,23,53.8879
93,24,51.605194
93,25,48.67264
93,26,45.005547
93,27,40.58117
93,28,35.4927
93,29,30.0
93,3,26.541626
93,4,33.361095
93,5,39.037018
93,6,43.676548
93,7,47.420105
93,8,50.41096
93,9,52.778286
94,0,0.0
94,1,11.802901
94,10,60.782814
94,11,62.116104
94,12,63.118217
94,13,63.851078
94,14,64.36009
94,15,64.67627
94,16,64.81775
94,17,64.78902
94,18,64.58184
94,19,64.17179
94,2,22.57291
94,20,63.518475
94,21,62.55933
94,22,61.2089
94,23,59.35127
94,24,56.84165
94,25,53.508045
94,26,49.17754
94,27,43.73149
94,28,37.219063
94,29,30.0
94,3,31.77369
94,4,39.3159
94,5,45.35267
94,6,50.12052
94,7,53.858486
94,8,56.773968
94,9,59.0373
95,0,0.0
95,1,15.07946
95,10,67.62057
95,11,68.794754
95,12,69.667755
95,13,70.299614
95,14,70.733215
95,15,70.99711
95,16,71.10654
95,17,71.06472
95,18,70.86069
95,19,70.46921
95,2,28.202412
95,20,69.84525
95,21,68.921364
95,22,67.59722
95,23,65.732185
95,24,63.12956
95,25,59.528915
95,26,54.608536
95,27,48.046143
95,28,39.701088
95,29,30.0
95,3,38.74147
95,4,46.88122
95,5,53.069614
95,6,57.75654
95,7,61.309906
95,8,64.00985
95,9,66.062706
96,0,0.0
96,1,20.335526
96,10,75.08448
96,11,76.039055
96,12,76.74172
96,13,77.24585
96,14,77.588394
96,15,77.7931
96,16,77.87256
96,17,77.827835
96,18,77.64876
96,19,77.31032
96,2,36.461662
96,20,76.77059
96,21,75.96207
96,22,74.78314
96,23,73.07832
96,24,70.613144
96,25,67.03095
96,26,61.806248
96,27,54.22722
96,28,43.58177
96,29,30.0
96,3,48.178524
96,4,56.491486
96,5,62.40715
96,6,66.66977
96,7,69.78465
96,8,72.08729
96,9,73.80286
97,0,0.0
97,1,29.819708
97,10,83.071266
97,11,83.74764
97,12,84.24171
97,13,84.59372
97,14,84.831055
97,15,84.971085
97,16,85.022385
97,17,84.985535
97,18,84.85171
97,19,84.60174
97,2,49.168137
97,20,84.20132
97,21,83.59596
97,22,82.69795
97,23,81.36713
97,24,79.36981
97,25,76.30484
97,26,71.45665
97,27,63.54187
97,28,50.43239
97,29,30.0
97,3,61.076363
97,4,68.57609
97,5,73.494316
97,6,76.84826
97,7,79.208954
97,8,80.90979
97,9,82.15392
98,0,0.0
98,1,49.78858
98,10,91.4361
98,11,91.78749
98,12,92.042816
98,13,92.22394
98,14,92.345505
98,15,92.41658
98,16,92.44174
98,17,92.4209
98,18,92.349365
98,19,92.216156
98,2,69.34152
98,20,92.00242
98,21,91.676636
98,22,91.18762
98,23,90.448296
98,24,89.30341
98,25,87.45119
98,26,84.24257
98,27,78.097496
98,28,64.62948
98,29,30.0
98,3,78.42334
98,4,83.29641
98,5,86.21447
98,6,88.10254
98,7,89.39032
98,8,90.29978
98,9,90.95642
99,0,0.0
99,1,100.0
99,10,100.0
99,11,100.0
99,12,100.0
99,13,100.0
99,14,100.0
99,15,100.0
99,16,100.0
99,17,100.0
99,18,100.0
99,19,100.0
99,2,100.0
99,20,100.0
99,21,100.0
99,22,100.0
99,23,100.0
99,24,100.0
99,25,100.0
99,26,100.0
99,27,100.0
99,28,100.0
99,29,30.0
99,3,100.0
99,4,100.0
99,5,100.0
99,6,100.0
99,7,100.0
99,8,100.0
99,9,100.0
