0,0,0.0
0,1,0.0
0,10,0.0
0,11,0.0
0,12,0.0
0,13,0.0
0,14,0.0
0,15,30.0
0,2,0.0
0,3,0.0
0,4,0.0
0,5,0.0
0,6,0.0
0,7,0.0
0,8,0.0
0,9,0.0
1,0,0.0
1,1,0.62775695
1,10,5.135997
1,11,5.9100666
1,12,7.2072372
1,13,9.7165365
1,14,15.331972
1,15,30.0
1,2,1.2399342
1,3,1.8228265
1,4,2.3663883
1,5,2.865606
1,6,3.3220465
1,7,3.7455518
1,8,4.1575303
1,9,4.5972657
10,0,0.0
10,1,11.061892
10,10,49.17553
10,11,47.586586
10,12,44.840725
10,13,40.88286
10,14,35.80592
10,15,30.0
10,2,21.080143
10,3,29.50483
10,4,36.22779
10,5,41.374138
10,6,45.140446
10,7,47.70806
10,8,49.205387
10,9,49.69544
11,0,0.0
11,1,14.49143
11,10,56.81886
11,11,54.71189
11,12,51.114677
11,13,45.767487
11,14,38.575775
11,15,30.0
11,2,27.013414
11,3,36.922977
11,4,44.382935
11,5,49.810326
11,6,53.60924
11,7,56.08174
11,8,57.41207
11,9,57.67072
12,0,0.0
12,1,19.895725
12,10,65.74522
12,11,63.351772
12,12,59.158424
12,13,52.510372
12,14,42.736862
12,15,30.0
12,2,35.569504
12,3,46.806168
12,4,54.5905
12,5,59.898926
12,6,63.431484
12,7,65.6268
12,8,66.72064
12,9,66.78617
13,0,0.0
13,1,29.526474
13,10,76.04744
13,11,73.81223
13,12,69.67334
13,13,62.390427
13,14,49.867237
13,15,30.0
13,2,48.571682
13,3,60.1548
13,4,67.29104
13,5,71.7837
13,6,74.61399
13,7,76.29812
13,8,77.08303
13,9,77.03327
14,0,0.0
14,1,49.641804
14,10,87.61608
14,11,86.19121
14,12,83.344345
14,13,77.5191
14,14,64.346016
14,15,30.0
14,2,69.042496
14,3,77.95994
14,4,82.64753
14,5,85.3457
14,6,86.95938
14,7,87.886665
14,8,88.298645
14,9,88.234604
15,0,0.0
15,1,100.0
15,10,100.0
15,11,100.0
15,12,100.0
15,13,100.0
15,14,100.0
15,15,30.0
15,2,100.0
15,3,100.0
15,4,100.0
15,5,100.0
15,6,100.0
15,7,100.0
15,8,100.0
15,9,100.0
2,0,0.0
2,1,1.2711315
2,10,10.038397
2,11,11.29867
2,12,13.203765
2,13,16.327953
2,14,21.611897
2,15,30.0
2,2,2.509212
2,3,3.6852136
2,4,4.777468
2,5,5.7746563
2,6,6.677927
2,7,7.50388
2,8,8.288787
2,9,9.097212
3,0,0.0
3,1,1.947692
3,10,14.625553
3,11,16.046097
3,12,17.984241
3,13,20.781868
3,14,24.788826
3,15,30.0
3,2,3.8409944
3,3,5.6319876
3,4,7.2848277
3,5,8.779263
3,6,10.113503
3,7,11.306151
3,8,12.399998
3,9,13.468182
4,0,0.0
4,1,2.6791682
4,10,18.956224
4,11,20.28204
4,12,21.91045
4,13,24.030148
4,14,26.763512
4,15,30.0
4,2,5.2760773
4,3,7.7187476
4,4,9.953086
4,5,11.947697
4,6,13.695141
4,7,15.212761
4,8,16.543085
4,9,17.75662
5,0,0.0
5,1,3.493923
5,10,23.17089
5,11,24.224817
5,12,25.353092
5,13,26.670387
5,14,28.237951
5,15,30.0
5,2,6.867673
5,3,10.017192
5,4,12.866027
5,5,15.369499
5,6,17.514454
5,7,19.315647
5,8,20.812973
5,9,22.069439
6,0,0.0
6,1,4.4307547
6,10,27.44767
6,11,28.106304
6,12,28.61761
6,13,29.068005
6,14,29.521955
6,15,30.0
6,2,8.687185
6,3,12.622213
6,4,16.132072
6,5,19.159872
6,6,21.689318
6,7,23.73596
6,8,25.33831
6,9,26.552242
7,0,0.0
7,1,5.544669
7,10,31.980331
7,11,32.152378
7,12,31.957005
7,13,31.47211
7,14,30.787003
7,15,30.0
7,2,10.83384
7,3,15.660809
7,4,19.891682
7,5,23.462605
7,6,26.363644
7,7,28.619022
7,8,30.271786
7,9,31.37358
8,0,0.0
8,1,6.91793
8,10,36.97141
8,11,36.586803
8,12,35.60316
8,13,34.088474
8,14,32.160263
8,15,30.0
8,2,13.450199
8,3,19.306965
8,4,24.326107
8,5,28.453688
8,6,31.704811
8,7,34.128227
8,8,35.78098
8,9,36.714756
9,0,0.0
9,1,8.681486
9,10,42.630962
9,11,41.644566
9,12,39.79988
9,13,37.132286
9,14,33.77269
9,15,30.0
9,2,16.751465
9,3,23.804482
9,4,29.670336
9,5,34.34316
9,6,37.899063
9,7,40.435753
9,8,42.03811
9,9,42.761982
