0,0,0.0
0,1,0.0
0,10,0.0
0,11,0.0
0,12,0.0
0,13,0.0
0,14,0.0
0,15,30.0
0,2,0.0
0,3,0.0
0,4,0.0
0,5,0.0
0,6,0.0
0,7,0.0
0,8,0.0
0,9,0.0
1,0,0.0
1,1,0.6353811
1,10,5.1752725
1,11,5.944504
1,12,7.2349596
1,13,9.735966
1,14,15.341984
1,15,30.0
1,2,1.2549977
1,3,1.8449657
1,4,2.3949814
1,5,2.8997986
1,6,3.3606563
1,7,3.787128
1,8,4.2003236
1,9,4.639332
10,0,0.0
10,1,11.118692
10,10,49.44347
10,11,47.819603
10,12,45.027008
10,13,41.012825
10,14,35.87267
10,15,30.0
10,2,21.191925
10,3,29.667849
10,4,36.436478
10,5,41.620895
10,6,45.415897
10,7,48.001076
10,8,49.50348
10,9,49.985268
11,0,0.0
11,1,14.542643
11,10,57.059063
11,11,54.920624
11,12,51.28152
11,13,45.88381
11,14,38.635525
11,15,30.0
11,2,27.114136
11,3,37.069847
11,4,44.570797
11,5,50.03235
11,6,53.85687
11,7,56.344963
11,8,57.67966
11,9,57.93068
12,0,0.0
12,1,19.937836
12,10,65.9419
12,11,63.52265
12,12,59.29492
12,13,52.605553
12,14,42.78572
12,15,30.0
12,2,35.652332
12,3,46.92688
12,4,54.74487
12,5,60.081234
12,6,63.634724
12,7,65.8427
12,8,66.939995
12,9,66.99917
13,0,0.0
13,1,29.55645
13,10,76.18703
13,11,73.93344
13,12,69.77017
13,13,62.457905
13,14,49.90189
13,15,30.0
13,2,48.630623
13,3,60.24069
13,4,67.40082
13,5,71.91333
13,6,74.75844
13,7,76.45151
13,8,77.23881
13,9,77.18446
14,0,0.0
14,1,49.657387
14,10,87.68853
14,11,86.25411
14,12,83.39458
14,13,77.55411
14,14,64.36399
14,15,30.0
14,2,69.07314
14,3,78.004585
14,4,82.70459
14,5,85.413055
14,6,87.034424
14,7,87.96633
14,8,88.379524
14,9,88.313095
15,0,0.0
15,1,100.0
15,10,100.0
15,11,100.0
15,12,100.0
15,13,100.0
15,14,100.0
15,15,30.0
15,2,100.0
15,3,100.0
15,4,100.0
15,5,100.0
15,6,100.0
15,7,100.0
15,8,100.0
15,9,100.0
2,0,0.0
2,1,1.2865539
2,10,10.117369
2,11,11.367882
2,12,13.259445
2,13,16.366976
2,14,21.631996
2,15,30.0
2,2,2.5396976
2,3,3.7299604
2,4,4.835259
2,5,5.843671
2,6,6.7558236
2,7,7.5876627
2,8,8.374967
2,9,9.181854
3,0,0.0
3,1,1.9711899
3,10,14.744688
3,11,16.150402
3,12,18.068113
3,13,20.840603
3,14,24.819075
3,15,30.0
3,2,3.8873835
3,3,5.700072
3,4,7.372612
3,5,8.884025
3,6,10.231548
3,7,11.432988
3,8,12.530279
3,9,13.595999
4,0,0.0
4,1,2.7108989
4,10,19.115307
4,11,20.421196
4,12,22.022224
4,13,24.108395
4,14,26.803783
4,15,30.0
4,2,5.338726
4,3,7.810549
4,4,10.071371
4,5,12.088589
4,6,13.853714
4,7,15.382833
4,8,16.717533
4,9,17.927525
5,0,0.0
5,1,3.5337782
5,10,23.368229
5,11,24.39721
5,12,25.491467
5,13,26.767162
5,14,28.287756
5,15,30.0
5,2,6.9462633
5,3,10.132303
5,4,13.01408
5,5,15.545656
5,6,17.712328
5,7,19.527563
5,8,21.029966
5,9,22.281704
6,0,0.0
6,1,4.4780645
6,10,27.679169
6,11,28.308344
6,12,28.779596
6,13,29.181255
6,14,29.580194
6,15,30.0
6,2,8.78047
6,3,12.758643
6,4,16.307398
6,5,19.368097
6,6,21.922905
6,7,23.985668
6,8,25.593613
6,9,26.801613
7,0,0.0
7,1,5.5981345
7,10,32.23901
7,11,32.377853
7,12,32.137672
7,13,31.598303
7,14,30.851894
7,15,30.0
7,2,10.93915
7,3,15.814758
7,4,20.089214
7,5,23.696957
7,6,26.626087
7,7,28.8992
7,8,30.557796
7,9,31.652546
8,0,0.0
8,1,6.9754534
8,10,37.247025
8,11,36.82686
8,12,35.795307
8,13,34.22265
8,14,32.229214
8,15,30.0
8,2,13.563496
8,3,19.472393
8,4,24.53822
8,5,28.704967
8,6,31.985897
8,7,34.42786
8,8,36.086464
8,9,37.012352
9,0,0.0
9,1,8.740315
9,10,42.910416
9,11,41.88771
9,12,39.994427
9,13,37.26802
9,14,33.842445
9,15,30.0
9,2,16.86724
9,3,23.973473
9,4,29.886766
9,5,34.599346
9,6,38.185272
9,7,40.74052
9,8,42.34846
9,9,43.06398
