0,0,0.0
0,1,0.0
0,10,0.0
0,11,0.0
0,12,0.0
0,13,0.0
0,14,0.0
0,15,30.0
0,2,0.0
0,3,0.0
0,4,0.0
0,5,0.0
0,6,0.0
0,7,0.0
0,8,0.0
0,9,0.0
1,0,0.0
1,1,0.6356683
1,10,5.176469
1,11,5.945531
1,12,7.2357717
1,13,9.736528
1,14,15.342271
1,15,30.0
1,2,1.2555596
1,3,1.8457776
1,4,2.3960078
1,5,2.9009953
1,6,3.36197
1,7,3.7885022
1,8,4.2016973
1,9,4.640646
10,0,0.0
10,1,11.11989
10,10,49.448463
10,11,47.82389
10,12,45.030403
10,13,41.015167
10,14,35.873867
10,15,30.0
10,2,21.194271
10,3,29.67124
10,4,36.44076
10,5,41.62589
10,6,45.42138
10,7,48.006817
10,8,49.509216
10,9,49.990757
11,0,0.0
11,1,14.543671
11,10,57.06335
11,11,54.9243
11,12,51.284428
11,13,45.88582
11,14,38.636555
11,15,30.0
11,2,27.116154
11,3,37.072754
11,4,44.574474
11,5,50.03663
11,6,53.861572
11,7,56.349884
11,8,57.684586
11,9,57.935387
12,0,0.0
12,1,19.938652
12,10,65.94529
12,11,63.52556
12,12,59.29722
12,13,52.60714
12,14,42.786533
12,15,30.0
12,2,35.653923
12,3,46.929184
12,4,54.747772
12,5,60.084625
12,6,63.63845
12,7,65.84659
12,8,66.943886
12,9,67.0029
13,0,0.0
13,1,29.557014
13,10,76.18938
13,11,73.935455
13,12,69.77177
13,13,62.459007
13,14,49.90245
13,15,30.0
13,2,48.63173
13,3,60.242283
13,4,67.40283
13,5,71.91568
13,6,74.76101
13,7,76.4542
13,8,77.2415
13,9,77.18704
14,0,0.0
14,1,49.657677
14,10,87.68973
14,11,86.25514
14,12,83.39539
14,13,77.55467
14,14,64.36427
14,15,30.0
14,2,69.0737
14,3,78.0054
14,4,82.70563
14,5,85.41426
14,6,87.03574
14,7,87.967705
14,8,88.380905
14,9,88.314415
15,0,0.0
15,1,100.0
15,10,100.0
15,11,100.0
15,12,100.0
15,13,100.0
15,14,100.0
15,15,30.0
15,2,100.0
15,3,100.0
15,4,100.0
15,5,100.0
15,6,100.0
15,7,100.0
15,8,100.0
15,9,100.0
2,0,0.0
2,1,1.2871156
2,10,10.119711
2,11,11.36989
2,12,13.261034
2,13,16.368076
2,14,21.632557
2,15,30.0
2,2,2.5407968
2,3,3.731549
2,4,4.8372674
2,5,5.846011
2,6,6.7583947
2,7,7.59035
2,8,8.377655
2,9,9.184425
3,0,0.0
3,1,1.9720019
3,10,14.748072
3,11,16.153305
3,12,18.07041
3,13,20.84219
3,14,24.81989
3,15,30.0
3,2,3.888972
3,3,5.702368
3,4,7.375515
3,5,8.887409
3,6,10.235264
3,7,11.436874
3,8,12.5341625
3,9,13.599714
4,0,0.0
4,1,2.711926
4,10,19.119587
4,11,20.42487
4,12,22.025127
4,13,24.110405
4,14,26.804808
4,15,30.0
4,2,5.340735
4,3,7.813452
4,4,10.075042
4,5,12.092866
4,6,13.858411
4,7,15.387744
4,8,16.722446
4,9,17.93222
5,0,0.0
5,1,3.5349753
5,10,23.373215
5,11,24.401485
5,12,25.49485
5,13,26.769505
5,14,28.288954
5,15,30.0
5,2,6.948605
5,3,10.135688
5,4,13.018358
5,5,15.550641
5,6,17.717804
5,7,19.533287
5,8,21.03569
5,9,22.28718
6,0,0.0
6,1,4.4793787
6,10,27.684647
6,11,28.313046
6,12,28.783314
6,13,29.183826
6,14,29.581509
6,15,30.0
6,2,8.783041
6,3,12.762361
6,4,16.312096
6,5,19.373575
6,6,21.928917
6,7,23.991959
6,8,25.599901
6,9,26.807629
7,0,0.0
7,1,5.5995097
7,10,32.244736
7,11,32.382767
7,12,32.141563
7,13,31.600994
7,14,30.853271
7,15,30.0
7,2,10.941841
7,3,15.818646
7,4,20.094131
7,5,23.702684
7,6,26.632381
7,7,28.905777
7,8,30.564377
7,9,31.658834
8,0,0.0
8,1,6.9768295
8,10,37.252754
8,11,36.831776
8,12,35.7992
8,13,34.22534
8,14,32.23059
8,15,30.0
8,2,13.566187
8,3,19.476284
8,4,24.543137
8,5,28.710701
8,6,31.992191
8,7,34.434444
8,8,36.093044
8,9,37.018646
9,0,0.0
9,1,8.7416315
9,10,42.9159
9,11,41.892418
9,12,39.99815
9,13,37.2706
9,14,33.84376
9,15,30.0
9,2,16.869816
9,3,23.977196
9,4,29.89147
9,5,34.604828
9,6,38.19129
9,7,40.74681
9,8,42.35476
9,9,43.070004
