0,0,0.0
0,1,0.0
0,10,0.0
0,11,0.0
0,12,0.0
0,13,0.0
0,14,0.0
0,15,30.0
0,2,0.0
0,3,0.0
0,4,0.0
0,5,0.0
0,6,0.0
0,7,0.0
0,8,0.0
0,9,0.0
1,0,0.0
1,1,0.63544846
1,10,5.175554
1,11,5.944745
1,12,7.235151
1,13,9.736098
1,14,15.3420515
1,15,30.0
1,2,1.2551298
1,3,1.8451562
1,4,2.3952227
1,5,2.9000795
1,6,3.360965
1,7,3.7874506
1,8,4.2006464
1,9,4.6396403
10,0,0.0
10,1,11.118973
10,10,49.44464
10,11,47.82061
10,12,45.02781
10,13,41.013374
10,14,35.872948
10,15,30.0
10,2,21.192474
10,3,29.668644
10,4,36.43748
10,5,41.62207
10,6,45.417187
10,7,48.002426
10,8,49.50483
10,9,49.986565
11,0,0.0
11,1,14.542883
11,10,57.060074
11,11,54.921486
11,12,51.282204
11,13,45.884277
11,14,38.63577
11,15,30.0
11,2,27.11461
11,3,37.07053
11,4,44.57166
11,5,50.033356
11,6,53.85798
11,7,56.34612
11,8,57.680824
11,9,57.931786
12,0,0.0
12,1,19.938028
12,10,65.942696
12,11,63.52334
12,12,59.29546
12,13,52.605927
12,14,42.78591
12,15,30.0
12,2,35.652706
12,3,46.927414
12,4,54.745544
12,5,60.082024
12,6,63.635597
12,7,65.84361
12,8,66.9409
12,9,67.000046
13,0,0.0
13,1,29.556581
13,10,76.187584
13,11,73.93392
13,12,69.770546
13,13,62.458164
13,14,49.902023
13,15,30.0
13,2,48.630882
13,3,60.24106
13,4,67.40129
13,5,71.91389
13,6,74.75903
13,7,76.45213
13,8,77.23944
13,9,77.18507
14,0,0.0
14,1,49.657455
14,10,87.68881
14,11,86.25436
14,12,83.394775
14,13,77.55424
14,14,64.36406
14,15,30.0
14,2,69.07327
14,3,78.004776
14,4,82.704834
14,5,85.413345
14,6,87.03474
14,7,87.96665
14,8,88.379845
14,9,88.31341
15,0,0.0
15,1,100.0
15,10,100.0
15,11,100.0
15,12,100.0
15,13,100.0
15,14,100.0
15,15,30.0
15,2,100.0
15,3,100.0
15,4,100.0
15,5,100.0
15,6,100.0
15,7,100.0
15,8,100.0
15,9,100.0
2,0,0.0
2,1,1.2866858
2,10,10.117918
2,11,11.368354
2,12,13.259817
2,13,16.367235
2,14,21.632126
2,15,30.0
2,2,2.5399556
2,3,3.7303338
2,4,4.83573
2,5,5.844221
2,6,6.756427
2,7,7.588294
2,8,8.375597
2,9,9.182459
3,0,0.0
3,1,1.9713805
3,10,14.745482
3,11,16.151081
3,12,18.068653
3,13,20.840975
3,14,24.819267
3,15,30.0
3,2,3.8877566
3,3,5.700611
3,4,7.3732944
3,5,8.884819
3,6,10.232422
3,7,11.433901
3,8,12.531192
3,9,13.59687
4,0,0.0
4,1,2.7111402
4,10,19.11631
4,11,20.42206
4,12,22.022905
4,13,24.108868
4,14,26.804024
4,15,30.0
4,2,5.3391976
4,3,7.8112307
4,4,10.072232
4,5,12.089594
4,6,13.854816
4,7,15.383987
4,8,16.718687
4,9,17.928627
5,0,0.0
5,1,3.5340593
5,10,23.369398
5,11,24.39821
5,12,25.492262
5,13,26.767712
5,14,28.288038
5,15,30.0
5,2,6.946813
5,3,10.133099
5,4,13.015085
5,5,15.546827
5,6,17.713615
5,7,19.528908
5,8,21.031311
5,9,22.282988
6,0,0.0
6,1,4.478373
6,10,27.680456
6,11,28.309448
6,12,28.780468
6,13,29.181856
6,14,29.580503
6,15,30.0
6,2,8.781074
6,3,12.759517
6,4,16.308502
6,5,19.369385
6,6,21.924316
6,7,23.987148
6,8,25.595089
6,9,26.803026
7,0,0.0
7,1,5.5984573
7,10,32.240356
7,11,32.37901
7,12,32.138588
7,13,31.598934
7,14,30.852219
7,15,30.0
7,2,10.939783
7,3,15.815672
7,4,20.09037
7,5,23.698303
7,6,26.627567
7,7,28.900743
7,8,30.559343
7,9,31.654022
8,0,0.0
8,1,6.975777
8,10,37.248367
8,11,36.82801
8,12,35.796223
8,13,34.22328
8,14,32.229538
8,15,30.0
8,2,13.564128
8,3,19.473309
8,4,24.539375
8,5,28.706314
8,6,31.987377
8,7,34.42941
8,8,36.088005
8,9,37.013832
9,0,0.0
9,1,8.740624
9,10,42.911705
9,11,41.888817
9,12,39.9953
9,13,37.26863
9,14,33.842754
9,15,30.0
9,2,16.867847
9,3,23.974348
9,4,29.88787
9,5,34.600636
9,6,38.186687
9,7,40.741997
9,8,42.349945
9,9,43.06539
