0,0,0.0
0,1,0.0
0,10,0.0
0,11,0.0
0,12,0.0
0,13,0.0
0,14,0.0
0,15,30.0
0,2,0.0
0,3,0.0
0,4,0.0
0,5,0.0
0,6,0.0
0,7,0.0
0,8,0.0
0,9,0.0
1,0,0.0
1,1,0.6353879
1,10,5.175301
1,11,5.944528
1,12,7.2349787
1,13,9.73598
1,14,15.34199
1,15,30.0
1,2,1.2550111
1,3,1.8449849
1,4,2.3950057
1,5,2.899827
1,6,3.3606877
1,7,3.7871609
1,8,4.2003565
1,9,4.6393623
10,0,0.0
10,1,11.118721
10,10,49.44359
10,11,47.819702
10,12,45.027092
10,13,41.01288
10,14,35.8727
10,15,30.0
10,2,21.191978
10,3,29.66793
10,4,36.436577
10,5,41.621017
10,6,45.41603
10,7,48.001213
10,8,49.503616
10,9,49.9854
11,0,0.0
11,1,14.5426655
11,10,57.05917
11,11,54.920708
11,12,51.28159
11,13,45.883858
11,14,38.635548
11,15,30.0
11,2,27.114187
11,3,37.069916
11,4,44.570885
11,5,50.03245
11,6,53.856983
11,7,56.345078
11,8,57.67978
11,9,57.930786
12,0,0.0
12,1,19.937857
12,10,65.94197
12,11,63.52272
12,12,59.294975
12,13,52.605587
12,14,42.785744
12,15,30.0
12,2,35.652367
12,3,46.926933
12,4,54.744934
12,5,60.081318
12,6,63.63481
12,7,65.8428
12,8,66.94009
12,9,66.99926
13,0,0.0
13,1,29.556461
13,10,76.18709
13,11,73.933495
13,12,69.77021
13,13,62.45793
13,14,49.901905
13,15,30.0
13,2,48.630653
13,3,60.240723
13,4,67.40087
13,5,71.91339
13,6,74.7585
13,7,76.45157
13,8,77.23888
13,9,77.184525
14,0,0.0
14,1,49.657402
14,10,87.68856
14,11,86.254135
14,12,83.3946
14,13,77.55412
14,14,64.364
14,15,30.0
14,2,69.07314
14,3,78.00461
14,4,82.70461
14,5,85.413086
14,6,87.034454
14,7,87.96636
14,8,88.379555
14,9,88.313126
15,0,0.0
15,1,100.0
15,10,100.0
15,11,100.0
15,12,100.0
15,13,100.0
15,14,100.0
15,15,30.0
15,2,100.0
15,3,100.0
15,4,100.0
15,5,100.0
15,6,100.0
15,7,100.0
15,8,100.0
15,9,100.0
2,0,0.0
2,1,1.2865672
2,10,10.117425
2,11,11.367929
2,12,13.259483
2,13,16.367002
2,14,21.632008
2,15,30.0
2,2,2.5397239
2,3,3.7299986
2,4,4.835306
2,5,5.843726
2,6,6.755884
2,7,7.5877266
2,8,8.37503
2,9,9.181917
3,0,0.0
3,1,1.971209
3,10,14.744769
3,11,16.15047
3,12,18.068169
3,13,20.84064
3,14,24.819096
3,15,30.0
3,2,3.8874211
3,3,5.700126
3,4,7.3726816
3,5,8.884105
3,6,10.231638
3,7,11.433081
3,8,12.530372
3,9,13.5960865
4,0,0.0
4,1,2.7109237
4,10,19.11541
4,11,20.421286
4,12,22.022293
4,13,24.108444
4,14,26.803806
4,15,30.0
4,2,5.3387737
4,3,7.810618
4,4,10.071457
4,5,12.088692
4,6,13.853825
4,7,15.38295
4,8,16.717651
4,9,17.927635
5,0,0.0
5,1,3.5338066
5,10,23.368347
5,11,24.397308
5,12,25.491547
5,13,26.76722
5,14,28.287785
5,15,30.0
5,2,6.9463196
5,3,10.132383
5,4,13.014181
5,5,15.545773
5,6,17.71246
5,7,19.527699
5,8,21.030102
5,9,22.281834
6,0,0.0
6,1,4.4780955
6,10,27.6793
6,11,28.308456
6,12,28.779686
6,13,29.181314
6,14,29.580227
6,15,30.0
6,2,8.780531
6,3,12.758732
6,4,16.30751
6,5,19.368229
6,6,21.923046
6,7,23.98582
6,8,25.593761
6,9,26.801758
7,0,0.0
7,1,5.598167
7,10,32.239147
7,11,32.377968
7,12,32.137764
7,13,31.59837
7,14,30.851929
7,15,30.0
7,2,10.939215
7,3,15.81485
7,4,20.089333
7,5,23.697094
7,6,26.62624
7,7,28.899353
7,8,30.557957
7,9,31.652695
8,0,0.0
8,1,6.9754863
8,10,37.247158
8,11,36.826973
8,12,35.795403
8,13,34.22271
8,14,32.229248
8,15,30.0
8,2,13.563559
8,3,19.472486
8,4,24.538334
8,5,28.705105
8,6,31.986046
8,7,34.42802
8,8,36.086617
8,9,37.012505
9,0,0.0
9,1,8.740347
9,10,42.910545
9,11,41.887825
9,12,39.99451
9,13,37.268085
9,14,33.842476
9,15,30.0
9,2,16.867302
9,3,23.973562
9,4,29.88688
9,5,34.599476
9,6,38.185417
9,7,40.74067
9,8,42.34861
9,9,43.064125
