0,0,0.0
0,1,0.0
0,10,0.0
0,11,0.0
0,12,0.0
0,13,0.0
0,14,0.0
0,15,30.0
0,2,0.0
0,3,0.0
0,4,0.0
0,5,0.0
0,6,0.0
0,7,0.0
0,8,0.0
0,9,0.0
1,0,0.0
1,1,0.63404346
1,10,5.1696596
1,11,5.939683
1,12,7.231144
1,13,9.733324
1,14,15.340633
1,15,30.0
1,2,1.2523801
1,3,1.8411808
1,4,2.3901925
1,5,2.8942132
1,6,3.354517
1,7,3.7807012
1,8,4.1938906
1,9,4.633173
10,0,0.0
10,1,11.112981
10,10,49.419506
10,11,47.799023
10,12,45.010723
10,13,41.001545
10,14,35.866905
10,15,30.0
10,2,21.180746
10,3,29.65169
10,4,36.416027
10,5,41.597054
10,6,45.389687
10,7,47.973644
10,8,49.47602
10,9,49.958984
11,0,0.0
11,1,14.537727
11,10,57.03845
11,11,54.90291
11,12,51.26751
11,13,45.8741
11,14,38.63056
11,15,30.0
11,2,27.104523
11,3,37.05594
11,4,44.553204
11,5,50.01183
11,6,53.834316
11,7,56.321358
11,8,57.656033
11,9,57.908062
12,0,0.0
12,1,19.93394
12,10,65.92555
12,11,63.508617
12,12,59.283806
12,13,52.597855
12,14,42.78179
12,15,30.0
12,2,35.644707
12,3,46.915855
12,4,54.730915
12,5,60.064972
12,6,63.616844
12,7,65.82399
12,8,66.921265
12,9,66.98124
13,0,0.0
13,1,29.553747
13,10,76.175705
13,11,73.92371
13,12,69.762474
13,13,62.45257
13,14,49.899162
13,15,30.0
13,2,48.625343
13,3,60.233047
13,4,67.39115
13,5,71.902054
13,6,74.74605
13,7,76.43854
13,8,77.22583
13,9,77.17204
14,0,0.0
14,1,49.65601
14,10,87.68273
14,11,86.24914
14,12,83.39064
14,13,77.55138
14,14,64.362595
14,15,30.0
14,2,69.070435
14,3,78.00067
14,4,82.699646
14,5,85.40729
14,6,87.02808
14,7,87.95969
14,8,88.37288
14,9,88.30674
15,0,0.0
15,1,100.0
15,10,100.0
15,11,100.0
15,12,100.0
15,13,100.0
15,14,100.0
15,15,30.0
15,2,100.0
15,3,100.0
15,4,100.0
15,5,100.0
15,6,100.0
15,7,100.0
15,8,100.0
15,9,100.0
2,0,0.0
2,1,1.2839341
2,10,10.106375
2,11,11.35844
2,12,13.251971
2,13,16.361803
2,14,21.629349
2,15,30.0
2,2,2.5345712
2,3,3.7225485
2,4,4.82588
2,5,5.8327327
2,6,6.7437997
2,7,7.575077
2,8,8.362367
2,9,9.169794
3,0,0.0
3,1,1.9673972
3,10,14.728773
3,11,16.136732
3,12,18.057295
3,13,20.83311
3,14,24.815247
3,15,30.0
3,2,3.879962
3,3,5.689341
3,4,7.3590355
3,5,8.86819
3,6,10.214143
3,7,11.414768
3,8,12.51204
3,9,13.578537
4,0,0.0
4,1,2.7060928
4,10,19.095139
4,11,20.403877
4,12,22.008512
4,13,24.098904
4,14,26.798927
4,15,30.0
4,2,5.329321
4,3,7.79695
4,4,10.054164
4,5,12.0685215
4,6,13.831654
4,7,15.359742
4,8,16.694418
4,9,17.905396
5,0,0.0
5,1,3.5281615
5,10,23.344658
5,11,24.376965
5,12,25.475445
5,13,26.756067
5,14,28.282082
5,15,30.0
5,2,6.9352717
5,3,10.116411
5,4,12.993973
5,5,15.522202
5,6,17.686548
5,7,19.500576
5,8,21.002953
5,9,22.255842
6,0,0.0
6,1,4.471876
6,10,27.653202
6,11,28.286043
6,12,28.761944
6,13,29.169031
6,14,29.573944
6,15,30.0
6,2,8.76836
6,3,12.741135
6,4,16.285244
6,5,19.34226
6,6,21.8945
6,7,23.95594
6,8,25.56385
6,9,26.773125
7,0,0.0
7,1,5.591641
7,10,32.211765
7,11,32.354454
7,12,32.119152
7,13,31.58548
7,14,30.845339
7,15,30.0
7,2,10.926443
7,3,15.796385
7,4,20.065971
7,5,23.669846
7,6,26.596289
7,7,28.868002
7,8,30.52657
7,9,31.62265
8,0,0.0
8,1,6.968938
8,10,37.21968
8,11,36.80338
8,12,35.776726
8,13,34.209785
8,14,32.222633
8,15,30.0
8,2,13.550744
8,3,19.453959
8,4,24.514893
8,5,28.677765
8,6,31.955992
8,7,34.39656
8,8,36.055126
8,9,36.98236
9,0,0.0
9,1,8.734062
9,10,42.884182
9,11,41.86518
9,12,39.976597
9,13,37.255676
9,14,33.836136
9,15,30.0
9,2,16.855007
9,3,23.955784
9,4,29.864386
9,5,34.57324
9,6,38.156578
9,7,40.710484
9,8,42.318398
9,9,43.035202
