0,0,0.0
0,1,0.0
0,10,0.0
0,11,0.0
0,12,0.0
0,13,0.0
0,14,0.0
0,15,30.0
0,2,0.0
0,3,0.0
0,4,0.0
0,5,0.0
0,6,0.0
0,7,0.0
0,8,0.0
0,9,0.0
1,0,0.0
1,1,0.63134843
1,10,5.157896
1,11,5.929536
1,12,7.2230835
1,13,9.727729
1,14,15.337767
1,15,30.0
1,2,1.2470975
1,3,1.8335198
1,4,2.3804643
1,5,2.8828135
1,6,3.3419223
1,7,3.7674446
1,8,4.180547
1,9,4.620331
10,0,0.0
10,1,11.099961
10,10,49.363037
10,11,47.750343
10,12,44.972076
10,13,40.974728
10,14,35.853172
10,15,30.0
10,2,21.155231
10,3,29.61471
10,4,36.36909
10,5,41.542095
10,6,45.329018
10,7,47.909843
10,8,49.411854
10,9,49.897285
11,0,0.0
11,1,14.526379
11,10,56.98925
11,11,54.86051
11,12,51.23384
11,13,45.850746
11,14,38.618603
11,15,30.0
11,2,27.082281
11,3,37.02371
11,4,44.5123
11,5,49.963936
11,6,53.78145
11,7,56.265762
11,8,57.60013
11,9,57.85431
12,0,0.0
12,1,19.92485
12,10,65.88616
12,11,63.474663
12,12,59.25686
12,13,52.579155
12,14,42.772213
12,15,30.0
12,2,35.626892
12,3,46.89003
12,4,54.69815
12,5,60.026608
12,6,63.574497
12,7,65.77947
12,8,66.876495
12,9,66.938194
13,0,0.0
13,1,29.547398
13,10,76.14819
13,11,73.90001
13,12,69.74365
13,13,62.439514
13,14,49.89248
13,15,30.0
13,2,48.612896
13,3,60.215015
13,4,67.36827
13,5,71.87527
13,6,74.71647
13,7,76.40744
13,8,77.194565
13,9,77.141975
14,0,0.0
14,1,49.652744
14,10,87.668594
14,11,86.23695
14,12,83.38097
14,13,77.54466
14,14,64.35916
14,15,30.0
14,2,69.06403
14,3,77.9914
14,4,82.687874
14,5,85.39351
14,6,87.01288
14,7,87.94371
14,8,88.35681
14,9,88.29129
15,0,0.0
15,1,100.0
15,10,100.0
15,11,100.0
15,12,100.0
15,13,100.0
15,14,100.0
15,15,30.0
15,2,100.0
15,3,100.0
15,4,100.0
15,5,100.0
15,6,100.0
15,7,100.0
15,8,100.0
15,9,100.0
2,0,0.0
2,1,1.2786257
2,10,10.083209
2,11,11.338458
2,12,13.236099
2,13,16.350784
2,14,21.623707
2,15,30.0
2,2,2.5241632
2,3,3.707459
2,4,4.8067145
2,5,5.81028
2,6,6.7189913
2,7,7.5489683
2,8,8.336086
2,9,9.144503
3,0,0.0
3,1,1.959639
3,10,14.694937
3,11,16.107548
3,12,18.034113
3,13,20.81702
3,14,24.807003
3,15,30.0
3,2,3.8647547
3,3,5.667289
3,4,7.3310347
3,5,8.8353815
3,6,10.1779
3,7,11.376623
3,8,12.47365
3,9,13.541594
4,0,0.0
4,1,2.6961393
4,10,19.05175
4,11,20.366455
4,12,21.978794
4,13,24.078272
4,14,26.788364
4,15,30.0
4,2,5.309807
4,3,7.76866
4,4,10.018237
4,5,12.026438
4,6,13.785161
4,7,15.310821
4,8,16.645184
4,9,17.85802
5,0,0.0
5,1,3.5163555
5,10,23.293242
5,11,24.332624
5,12,25.44023
5,13,26.731627
5,14,28.269566
5,15,30.0
5,2,6.9121313
5,3,10.08286
5,4,12.951375
5,5,15.4723015
5,6,17.631432
5,7,19.442583
5,8,20.944595
5,9,22.199696
6,0,0.0
6,1,4.4586573
6,10,27.595676
6,11,28.236439
6,12,28.722551
6,13,29.14169
6,14,29.559944
6,15,30.0
6,2,8.742447
6,3,12.703573
6,4,16.23755
6,5,19.286402
6,6,21.832806
6,7,23.891037
6,8,25.498545
6,9,26.7103
7,0,0.0
7,1,5.5775323
7,10,32.150425
7,11,32.301567
7,12,32.077152
7,13,31.556334
7,14,30.830414
7,15,30.0
7,2,10.898792
7,3,15.756298
7,4,20.015083
7,5,23.610245
7,6,26.530472
7,7,28.798767
7,8,30.456919
7,9,31.555653
8,0,0.0
8,1,6.9545383
8,10,37.157127
8,11,36.749447
8,12,35.733902
8,13,34.180065
8,14,32.20742
8,15,30.0
8,2,13.52252
8,3,19.41305
8,4,24.46296
8,5,28.616951
8,6,31.888842
8,7,34.325935
8,8,35.984077
8,9,36.914024
9,0,0.0
9,1,8.720018
9,10,42.823227
9,11,41.812637
9,12,39.934875
9,13,37.226727
9,14,33.82131
9,15,30.0
9,2,16.827484
9,3,23.91589
9,4,29.81375
9,5,34.51395
9,6,38.091114
9,7,40.641636
9,8,42.249153
9,9,42.96861
