0,0,0.0
0,1,0.0
0,10,0.0
0,11,0.0
0,12,0.0
0,13,0.0
0,14,0.0
0,15,30.0
0,2,0.0
0,3,0.0
0,4,0.0
0,5,0.0
0,6,0.0
0,7,0.0
0,8,0.0
0,9,0.0
1,0,0.0
1,1,0.6337346
1,10,5.138044
1,11,5.909601
1,12,7.205444
1,13,9.714538
1,14,15.330724
1,15,30.0
1,2,1.2511227
1,3,1.8379301
1,4,2.3835664
1,5,2.8830447
1,6,3.3379087
1,7,3.7585464
1,8,4.166815
1,9,4.60271
10,0,0.0
10,1,11.011102
10,10,48.86896
10,11,47.314445
10,12,44.61934
10,13,40.72667
10,14,35.725044
10,15,30.0
10,2,20.978895
10,3,29.353794
10,4,36.029175
10,5,41.13164
10,6,44.860687
10,7,47.400414
10,8,48.882324
10,9,49.372246
11,0,0.0
11,1,14.440414
11,10,56.524803
11,11,54.45153
11,12,50.903717
11,13,45.618744
11,14,38.498955
11,15,30.0
11,2,26.911852
11,3,36.77234
11,4,44.18572
11,5,49.571198
11,6,53.334984
11,7,55.782005
11,8,57.09918
11,9,57.35912
12,0,0.0
12,1,19.850454
12,10,65.49216
12,11,63.128468
12,12,58.977627
12,13,52.383244
12,14,42.671165
12,15,30.0
12,2,35.479652
12,3,46.67313
12,4,54.41709
12,5,59.68936
12,6,63.192207
12,7,65.36634
12,8,66.44971
12,9,66.51742
13,0,0.0
13,1,29.492632
13,10,75.861855
13,11,73.64859
13,12,69.54115
13,13,62.29744
13,14,49.81928
13,15,30.0
13,2,48.504524
13,3,60.05562
13,4,67.16195
13,5,71.628174
13,6,74.43682
13,7,76.10576
13,8,76.883484
13,9,76.83566
14,0,0.0
14,1,49.623695
14,10,87.51785
14,11,86.10474
14,12,83.274475
14,13,77.470024
14,14,64.32069
14,15,30.0
14,2,69.00661
14,3,77.90696
14,4,82.578705
14,5,85.26285
14,6,86.865166
14,7,87.784515
14,8,88.192795
14,9,88.12996
15,0,0.0
15,1,100.0
15,10,100.0
15,11,100.0
15,12,100.0
15,13,100.0
15,14,100.0
15,15,30.0
15,2,100.0
15,3,100.0
15,4,100.0
15,5,100.0
15,6,100.0
15,7,100.0
15,8,100.0
15,9,100.0
2,0,0.0
2,1,1.281249
2,10,10.035946
2,11,11.2922735
2,12,13.195854
2,13,16.321054
2,14,21.607895
2,15,30.0
2,2,2.5281377
2,3,3.7103157
2,4,4.8056393
2,5,5.8022566
2,6,6.7019625
2,7,7.521867
2,8,8.299586
2,9,9.1008
3,0,0.0
3,1,1.9587443
3,10,14.606998
3,11,16.023884
3,12,17.96265
3,13,20.764782
3,14,24.779453
3,15,30.0
3,2,3.8611906
3,3,5.6581573
3,4,7.3125014
3,5,8.804213
3,6,10.131613
3,7,11.314924
3,8,12.398293
3,9,13.456833
4,0,0.0
4,1,2.6869667
4,10,18.907225
4,11,20.23216
4,12,21.865776
4,13,23.996635
4,14,26.745506
4,15,30.0
4,2,5.289742
4,3,7.734399
4,4,9.966349
4,5,11.953611
4,6,13.690161
4,7,15.194509
4,8,16.511686
4,9,17.714296
5,0,0.0
5,1,3.4944406
5,10,23.077908
5,11,24.135744
5,12,25.276726
5,13,26.61437
5,14,28.208382
5,15,30.0
5,2,6.8665953
5,3,10.011178
5,4,12.850467
5,5,15.340591
5,6,17.469046
5,7,19.253162
5,8,20.735075
5,9,21.980604
6,0,0.0
6,1,4.420539
6,10,27.300823
6,11,27.97029
6,12,28.50333
6,13,28.985611
6,14,29.478716
6,15,30.0
6,2,8.6651535
6,3,12.58515
6,4,16.076841
6,5,19.083328
6,6,21.590544
6,7,23.616013
6,8,25.201504
6,9,26.405708
7,0,0.0
7,1,5.522033
7,10,31.776827
7,11,31.96706
7,12,31.803658
7,13,31.36234
7,14,30.729824
7,15,30.0
7,2,10.78717
7,3,15.588232
7,4,19.790812
7,5,23.332653
7,6,26.20528
7,7,28.436165
7,8,30.07126
7,9,31.16531
8,0,0.0
8,1,6.882928
8,10,36.71653
8,11,36.35765
8,12,35.414886
8,13,33.954742
8,14,32.09072
8,15,30.0
8,2,13.37957
8,3,19.19946
8,4,24.181406
8,5,28.272358
8,6,31.490257
8,7,33.886482
8,8,35.521576
8,9,36.45029
9,0,0.0
9,1,8.636541
9,10,42.339348
9,11,41.38408
9,12,39.58739
9,13,36.981735
9,14,33.694717
9,15,30.0
9,2,16.661274
9,3,23.669214
9,4,29.490631
9,5,34.121857
9,6,37.641094
9,7,40.149456
9,8,41.73495
9,9,42.456257
