0,0,0.0
0,1,0.0
0,2,0.0
0,3,0.0
0,4,0.0
0,5,0.0
0,6,0.0
0,7,30.0
1,0,0.0
1,1,2.9671364
1,2,5.591236
1,3,7.73761
1,4,9.590052
1,5,11.864283
1,6,16.595839
1,7,30.0
2,0,0.0
2,1,6.278882
2,2,11.663036
2,3,15.772694
2,4,18.76186
2,5,21.274086
2,6,24.520649
2,7,30.0
3,0,0.0
3,1,10.488197
3,2,19.014458
3,3,24.934662
3,4,28.417011
3,5,29.95469
3,6,30.215525
3,7,30.0
4,0,0.0
4,1,16.663002
4,2,28.978346
4,3,36.54249
4,4,40.024837
4,5,39.91858
4,6,36.39033
4,7,30.0
5,0,0.0
5,1,27.189034
5,2,43.699867
5,3,52.240143
5,4,55.22931
5,5,53.310913
5,6,45.4308
5,7,30.0
6,0,0.0
6,1,48.39614
6,2,66.397125
6,3,73.49537
6,4,75.34781
6,5,72.670166
6,6,62.02484
6,7,30.0
7,0,0.0
7,1,100.0
7,2,100.0
7,3,100.0
7,4,100.0
7,5,100.0
7,6,100.0
7,7,30.0
