0,0,0.0
0,1,0.0
0,10,0.0
0,11,0.0
0,12,0.0
0,13,0.0
0,14,0.0
0,15,30.0
0,2,0.0
0,3,0.0
0,4,0.0
0,5,0.0
0,6,0.0
0,7,0.0
0,8,0.0
0,9,0.0
1,0,0.0
1,1,0.6356356
1,10,5.1763334
1,11,5.9454145
1,12,7.2356796
1,13,9.7364645
1,14,15.342238
1,15,30.0
1,2,1.2554955
1,3,1.8456852
1,4,2.3958912
1,5,2.9008589
1,6,3.3618207
1,7,3.7883463
1,8,4.201542
1,9,4.6404967
10,0,0.0
10,1,11.119755
10,10,49.4479
10,11,47.823402
10,12,45.030014
10,13,41.0149
10,14,35.87373
10,15,30.0
10,2,21.194
10,3,29.670853
10,4,36.44027
10,5,41.625324
10,6,45.420757
10,7,48.006157
10,8,49.50856
10,9,49.99013
11,0,0.0
11,1,14.543552
11,10,57.062866
11,11,54.92388
11,12,51.284103
11,13,45.88559
11,14,38.636436
11,15,30.0
11,2,27.115923
11,3,37.072422
11,4,44.574055
11,5,50.03614
11,6,53.861046
11,7,56.34932
11,8,57.68403
11,9,57.934853
12,0,0.0
12,1,19.938557
12,10,65.9449
12,11,63.525234
12,12,59.29696
12,13,52.60696
12,14,42.78644
12,15,30.0
12,2,35.65374
12,3,46.928917
12,4,54.747437
12,5,60.084244
12,6,63.638023
12,7,65.84616
12,8,66.94344
12,9,67.00247
13,0,0.0
13,1,29.556948
13,10,76.18911
13,11,73.93523
13,12,69.77159
13,13,62.458885
13,14,49.90239
13,15,30.0
13,2,48.6316
13,3,60.242096
13,4,67.4026
13,5,71.91541
13,6,74.76072
13,7,76.453896
13,8,77.241196
13,9,77.18675
14,0,0.0
14,1,49.657646
14,10,87.68959
14,11,86.25503
14,12,83.3953
14,13,77.55461
14,14,64.36424
14,15,30.0
14,2,69.07364
14,3,78.0053
14,4,82.705505
14,5,85.41412
14,6,87.03559
14,7,87.96755
14,8,88.380745
14,9,88.31427
15,0,0.0
15,1,100.0
15,10,100.0
15,11,100.0
15,12,100.0
15,13,100.0
15,14,100.0
15,15,30.0
15,2,100.0
15,3,100.0
15,4,100.0
15,5,100.0
15,6,100.0
15,7,100.0
15,8,100.0
15,9,100.0
2,0,0.0
2,1,1.2870517
2,10,10.119444
2,11,11.369663
2,12,13.260853
2,13,16.36795
2,14,21.632494
2,15,30.0
2,2,2.540672
2,3,3.7313683
2,4,4.837038
2,5,5.845745
2,6,6.7581024
2,7,7.590045
2,8,8.37735
2,9,9.184134
3,0,0.0
3,1,1.9719095
3,10,14.747687
3,11,16.152975
3,12,18.070148
3,13,20.842009
3,14,24.819796
3,15,30.0
3,2,3.8887913
3,3,5.7021065
3,4,7.3751845
3,5,8.887023
3,6,10.234841
3,7,11.436433
3,8,12.533723
3,9,13.599292
4,0,0.0
4,1,2.7118092
4,10,19.119102
4,11,20.424452
4,12,22.024796
4,13,24.110176
4,14,26.804691
4,15,30.0
4,2,5.3405066
4,3,7.813122
4,4,10.074624
4,5,12.092381
4,6,13.857878
4,7,15.387187
4,8,16.72189
4,9,17.931688
5,0,0.0
5,1,3.5348392
5,10,23.37265
5,11,24.401003
5,12,25.494467
5,13,26.769238
5,14,28.288816
5,15,30.0
5,2,6.9483395
5,3,10.1353035
5,4,13.017871
5,5,15.550074
5,6,17.71718
5,7,19.532639
5,8,21.035042
5,9,22.286558
6,0,0.0
6,1,4.47923
6,10,27.684025
6,11,28.312515
6,12,28.78289
6,13,29.183535
6,14,29.58136
6,15,30.0
6,2,8.782749
6,3,12.761939
6,4,16.311562
6,5,19.372952
6,6,21.928234
6,7,23.991245
6,8,25.599188
6,9,26.80695
7,0,0.0
7,1,5.599353
7,10,32.244095
7,11,32.38221
7,12,32.141125
7,13,31.600689
7,14,30.853115
7,15,30.0
7,2,10.941536
7,3,15.818205
7,4,20.093573
7,5,23.702034
7,6,26.631664
7,7,28.90503
7,8,30.56363
7,9,31.658123
8,0,0.0
8,1,6.976673
8,10,37.252106
8,11,36.831223
8,12,35.798756
8,13,34.225037
8,14,32.230434
8,15,30.0
8,2,13.56588
8,3,19.475843
8,4,24.542578
8,5,28.710049
8,6,31.991478
8,7,34.433693
8,8,36.092297
8,9,37.017933
9,0,0.0
9,1,8.741481
9,10,42.915276
9,11,41.891884
9,12,39.997723
9,13,37.2703
9,14,33.843613
9,15,30.0
9,2,16.869524
9,3,23.976772
9,4,29.890936
9,5,34.604202
9,6,38.190605
9,7,40.7461
9,8,42.354042
9,9,43.06932
