0,0,0.0
0,1,0.0
0,10,0.0
0,11,0.0
0,12,0.0
0,13,0.0
0,14,0.0
0,15,0.0
0,16,0.0
0,17,0.0
0,18,0.0
0,19,0.0
0,2,0.0
0,20,0.0
0,21,0.0
0,22,0.0
0,23,0.0
0,24,0.0
0,25,0.0
0,26,0.0
0,27,0.0
0,28,0.0
0,29,30.0
0,3,0.0
0,4,0.0
0,5,0.0
0,6,0.0
0,7,0.0
0,8,0.0
0,9,0.0
1,0,0.0
1,1,0.50595677
1,10,3.5042877
1,11,3.6222594
1,12,3.710679
1,13,3.776066
1,14,3.8240836
1,15,3.860434
1,16,3.890309
1,17,3.919024
1,18,3.9525049
1,19,3.997863
1,2,0.9985994
1,20,4.0651507
1,21,4.1686788
1,22,4.3315315
1,23,4.591301
1,24,5.015666
1,25,5.73448
1,26,7.027477
1,27,9.572992
1,28,15.252966
1,29,30.0
1,3,1.4659793
1,4,1.8974098
1,5,2.2857027
1,6,2.625471
1,7,2.9155412
1,8,3.156137
1,9,3.3509974
10,0,0.0
10,1,3.503652
10,10,24.235435
10,11,25.043633
10,12,25.647053
10,13,26.085938
10,14,26.398857
10,15,26.618732
10,16,26.77408
10,17,26.88844
10,18,26.981178
10,19,27.069109
10,2,6.915572
10,20,27.166136
10,21,27.285954
10,22,27.439934
10,23,27.63995
10,24,27.894318
10,25,28.209951
10,26,28.587154
10,27,29.021198
10,28,29.498608
10,29,30.0
10,3,10.150251
10,4,13.137343
10,5,15.821957
10,6,18.172625
10,7,20.175095
10,8,21.83736
10,9,23.179375
11,0,0.0
11,1,3.6210542
11,10,25.042324
11,11,25.877213
11,12,26.49938
11,13,26.951931
11,14,27.273283
11,15,27.49786
11,16,27.654186
11,17,27.76578
11,18,27.851795
11,19,27.927391
11,2,7.146818
11,20,28.005758
11,21,28.097248
11,22,28.211906
11,23,28.357048
11,24,28.539625
11,25,28.762566
11,26,29.02673
11,27,29.327362
11,28,29.656149
11,29,30.0
11,3,10.490166
11,4,13.576338
11,5,16.35122
11,6,18.779259
11,7,20.848993
11,8,22.565432
11,9,23.952345
12,0,0.0
12,1,3.708423
12,10,25.643661
12,11,26.497503
12,12,27.134123
12,13,27.596224
12,14,27.923933
12,15,28.151577
12,16,28.308226
12,17,28.417301
12,18,28.497267
12,19,28.562958
12,2,7.3195696
12,20,28.625593
12,21,28.694881
12,22,28.777843
12,23,28.88103
12,24,29.008186
12,25,29.162266
12,26,29.342604
12,27,29.546757
12,28,29.768543
12,29,30.0
12,3,10.743126
12,4,13.904156
12,5,16.745089
12,6,19.231995
12,7,21.350496
12,8,23.108418
12,9,24.527565
13,0,0.0
13,1,3.7719638
13,10,26.079096
13,11,26.947212
13,12,27.593708
13,13,28.06297
13,14,28.394905
13,15,28.62469
13,16,28.7813
13,17,28.888084
13,18,28.963356
13,19,29.020922
13,2,7.444666
13,20,29.071705
13,21,29.123512
13,22,29.18297
13,23,29.254303
13,24,29.341164
13,25,29.44473
13,26,29.565355
13,27,29.700722
13,28,29.84739
13,29,30.0
13,3,10.927041
13,4,14.141542
13,5,17.031296
13,6,19.559837
13,7,21.714653
13,8,23.50161
13,9,24.944925
14,0,0.0
14,1,3.816731
14,10,26.38641
14,11,27.264036
14,12,27.9178
14,13,28.391752
14,14,28.726744
14,15,28.957825
14,16,29.114243
14,17,29.219261
14,18,29.29077
14,19,29.34244
14,2,7.533206
14,20,29.384098
14,21,29.423376
14,22,29.465328
14,23,29.514103
14,24,29.57184
14,25,29.640152
14,26,29.718739
14,27,29.806694
14,28,29.901472
14,29,30.0
14,3,11.056616
14,4,14.309479
14,5,17.232939
14,6,19.791603
14,7,21.971214
14,8,23.779346
14,9,25.238968
15,0,0.0
15,1,3.847571
15,10,26.59703
15,11,27.481499
15,12,28.139912
15,13,28.61723
15,14,28.954126
15,15,29.186075
15,16,29.342258
15,17,29.445871
15,18,29.514736
15,19,29.561972
15,2,7.5938907
15,20,29.597322
15,21,29.627449
15,22,29.657377
15,23,29.690128
15,24,29.728035
15,25,29.771902
15,26,29.822136
15,27,29.877853
15,28,29.937822
15,29,30.0
15,3,11.145849
15,4,14.424581
15,5,17.371708
15,6,19.95045
15,7,22.147633
15,8,23.969698
15,9,25.440971
16,0,0.0
16,1,3.8681312
16,10,26.73773
16,11,27.626465
16,12,28.28815
16,13,28.767532
16,14,29.105747
16,15,29.338188
16,16,29.494154
16,17,29.59679
16,18,29.66371
16,19,29.707985
16,2,7.6345625
16,20,29.738825
16,21,29.762875
16,22,29.784416
16,23,29.806562
16,24,29.830954
16,25,29.858736
16,26,29.890015
16,27,29.924614
16,28,29.961634
16,29,30.0
16,3,11.205338
16,4,14.501681
16,5,17.464222
16,6,20.056768
16,7,22.26524
16,8,24.096981
16,9,25.575634
17,0,0.0
17,1,3.8815396
17,10,26.82895
17,11,27.720613
17,12,28.384258
17,13,28.865055
17,14,29.20404
17,15,29.4368
17,16,29.59259
17,17,29.694525
17,18,29.760183
17,19,29.802383
17,2,7.660934
17,20,29.83033
17,21,29.850224
17,22,29.86639
17,23,29.88144
17,24,29.897179
17,25,29.914402
17,26,29.933575
17,27,29.954517
17,28,29.976887
17,29,30.0
17,3,11.244117
17,4,14.551672
17,5,17.524485
17,6,20.1257
17,7,22.341774
17,8,24.1795
17,9,25.66318
18,0,0.0
18,1,3.889993
18,10,26.886591
18,11,27.779966
18,12,28.444925
18,13,28.926537
18,14,29.266033
18,15,29.498959
18,16,29.654617
18,17,29.756104
18,18,29.820902
18,19,29.861818
18,2,7.67766
18,20,29.887825
18,21,29.905144
18,22,29.917778
18,23,29.928425
18,24,29.938591
18,25,29.949257
18,26,29.960752
18,27,29.973206
18,28,29.98639
18,29,30.0
18,3,11.268566
18,4,14.583359
18,5,17.562477
18,6,20.169353
18,7,22.390022
18,8,24.231705
18,9,25.718369
19,0,0.0
19,1,3.8952086
19,10,26.921919
19,11,27.816414
19,12,28.48211
19,13,28.964252
19,14,29.304028
19,15,29.53706
19,16,29.692629
19,17,29.793816
19,18,29.858095
19,19,29.89817
19,2,7.687912
19,20,29.923018
19,21,29.938675
19,22,29.949196
19,23,29.957056
19,24,29.963867
19,25,29.970451
19,26,29.977314
19,27,29.984558
19,28,29.992176
19,29,30.0
19,3,11.283643
19,4,14.60278
19,5,17.585888
19,6,20.196106
19,7,22.419722
19,8,24.263699
19,9,25.752296
2,0,0.0
2,1,0.998599
2,10,6.916771
2,11,7.1491146
2,12,7.3238306
2,13,7.4524612
2,14,7.547088
2,15,7.6182494
2,16,7.6763554
2,17,7.7315993
2,18,7.7949677
2,19,7.880145
2,2,1.9712522
2,20,8.004709
2,21,8.194851
2,22,8.488999
2,23,8.949327
2,24,9.676597
2,25,10.845343
2,26,12.763817
2,27,15.985563
2,28,21.42555
2,29,30.0
2,3,2.8933802
2,4,3.7454548
2,5,4.5112543
2,6,5.182502
2,7,5.7543526
2,8,6.229806
2,9,6.613791
20,0,0.0
20,1,3.898316
20,10,26.94302
20,11,27.838123
20,12,28.504297
20,13,28.986723
20,14,29.326677
20,15,29.559757
20,16,29.71527
20,17,29.81628
20,18,29.880228
20,19,29.919819
20,2,7.6940618
20,20,29.943932
20,21,29.95863
20,22,29.967834
20,23,29.974075
20,24,29.978836
20,25,29.983038
20,26,29.98711
20,27,29.991287
20,28,29.995594
20,29,30.0
20,3,11.292626
20,4,14.614422
20,5,17.599834
20,6,20.212128
20,7,22.437412
20,8,24.282833
20,9,25.772509
21,0,0.0
21,1,3.9001288
21,10,26.955235
21,11,27.850721
21,12,28.51714
21,13,28.999748
21,14,29.339788
21,15,29.572903
21,16,29.728374
21,17,29.829279
21,18,29.893044
21,19,29.932331
21,2,7.6976223
21,20,29.95604
21,21,29.97015
21,22,29.978617
21,23,29.983887
21,24,29.987492
21,25,29.990284
21,26,29.992765
21,27,29.99516
21,28,29.99757
21,29,30.0
21,3,11.297863
21,4,14.621161
21,5,17.607956
21,6,20.221401
21,7,22.447704
21,8,24.293907
21,9,25.78425
22,0,0.0
22,1,3.901148
22,10,26.962128
22,11,27.85781
22,12,28.524378
22,13,29.007072
22,14,29.347174
22,15,29.580294
22,16,29.735748
22,17,29.83659
22,18,29.900246
22,19,29.939373
22,2,7.6996408
22,20,29.962835
22,21,29.976633
22,22,29.984665
22,23,29.989407
22,24,29.99234
22,25,29.994354
22,26,29.995934
22,27,29.997334
22,28,29.998674
22,29,30.0
22,3,11.300808
22,4,14.624979
22,5,17.612526
22,6,20.226648
22,7,22.453493
22,8,24.300167
22,9,25.790854
23,0,0.0
23,1,3.90171
23,10,26.96589
23,11,27.86169
23,12,28.528332
23,13,29.011082
23,14,29.351206
23,15,29.584337
23,16,29.739779
23,17,29.840586
23,18,29.90418
23,19,29.943214
23,2,7.700743
23,20,29.96655
23,21,29.980167
23,22,29.987972
23,23,29.992413
23,24,29.994987
23,25,29.996572
23,26,29.997662
23,27,29.99852
23,28,29.999275
23,29,30.0
23,3,11.302431
23,4,14.627064
23,5,17.615038
23,6,20.229515
23,7,22.456673
23,8,24.303585
23,9,25.794477
24,0,0.0
24,1,3.902008
24,10,26.967897
24,11,27.863749
24,12,28.530436
24,13,29.013206
24,14,29.35335
24,15,29.586483
24,16,29.741917
24,17,29.842705
24,18,29.90627
24,19,29.945253
24,2,7.7013335
24,20,29.968521
24,21,29.982044
24,22,29.989723
24,23,29.994007
24,24,29.996391
24,25,29.99775
24,26,29.998579
24,27,29.999146
24,28,29.999596
24,29,30.0
24,3,11.30329
24,4,14.62818
24,5,17.616371
24,6,20.231045
24,7,22.458359
24,8,24.305408
24,9,25.796396
25,0,0.0
25,1,3.902163
25,10,26.96893
25,11,27.864813
25,12,28.531517
25,13,29.014305
25,14,29.354452
25,15,29.58759
25,16,29.74302
25,17,29.8438
25,18,29.907345
25,19,29.946304
25,2,7.7016373
25,20,29.969536
25,21,29.983011
25,22,29.990627
25,23,29.994831
25,24,29.997116
25,25,29.998358
25,26,29.999048
25,27,29.999472
25,28,29.99976
25,29,30.0
25,3,11.303738
25,4,14.628756
25,5,17.617064
25,6,20.231834
25,7,22.459234
25,8,24.306347
25,9,25.797392
26,0,0.0
26,1,3.9022405
26,10,26.969446
26,11,27.865345
26,12,28.532059
26,13,29.014853
26,14,29.355005
26,15,29.588142
26,16,29.743572
26,17,29.844347
26,18,29.907883
26,19,29.946833
26,2,7.701791
26,20,29.970045
26,21,29.983494
26,22,29.99108
26,23,29.995243
26,24,29.99748
26,25,29.99866
26,26,29.999287
26,27,29.99963
26,28,29.999844
26,29,30.0
26,3,11.303963
26,4,14.629045
26,5,17.61741
26,6,20.232231
26,7,22.459671
26,8,24.30682
26,9,25.79789
27,0,0.0
27,1,3.9022782
27,10,26.969696
27,11,27.8656
27,12,28.53232
27,13,29.015118
27,14,29.35527
27,15,29.58841
27,16,29.74384
27,17,29.844612
27,18,29.908144
27,19,29.947086
27,2,7.701865
27,20,29.970291
27,21,29.983732
27,22,29.991297
27,23,29.995443
27,24,29.997654
27,25,29.99881
27,26,29.999401
27,27,29.999712
27,28,29.999882
27,29,30.0
27,3,11.304072
27,4,14.629187
27,5,17.61758
27,6,20.232426
27,7,22.459887
27,8,24.307049
27,9,25.798132
28,0,0.0
28,1,3.9022963
28,10,26.969816
28,11,27.865725
28,12,28.532444
28,13,29.015244
28,14,29.355398
28,15,29.588537
28,16,29.743965
28,17,29.844734
28,18,29.908266
28,19,29.947206
28,2,7.701901
28,20,29.97041
28,21,29.98384
28,22,29.991404
28,23,29.995537
28,24,29.997738
28,25,29.998875
28,26,29.999456
28,27,29.999748
28,28,29.9999
28,29,30.0
28,3,11.304124
28,4,14.629253
28,5,17.61766
28,6,20.232515
28,7,22.459988
28,8,24.307156
28,9,25.798248
29,0,0.0
29,1,3.9023046
29,10,26.969872
29,11,27.865776
29,12,28.532501
29,13,29.0153
29,14,29.355457
29,15,29.588596
29,16,29.74402
29,17,29.844791
29,18,29.908323
29,19,29.947262
29,2,7.7019167
29,20,29.970459
29,21,29.983894
29,22,29.99145
29,23,29.995583
29,24,29.997774
29,25,29.99891
29,26,29.99948
29,27,29.999763
29,28,29.99991
29,29,30.0
29,3,11.304148
29,4,14.629282
29,5,17.617697
29,6,20.23256
29,7,22.46003
29,8,24.307209
29,9,25.798298
3,0,0.0
3,1,1.4659773
3,10,10.151907
3,11,10.493305
3,12,10.748997
3,13,10.937695
3,14,11.075665
3,15,11.17906
3,16,11.262363
3,17,11.339981
3,18,11.427356
3,19,11.542103
3,2,2.8933775
3,20,11.707855
3,21,11.955936
3,22,12.333189
3,23,12.907095
3,24,13.78137
3,25,15.11033
3,26,17.123552
3,27,20.129326
3,28,24.438396
3,29,30.0
3,3,4.2475157
3,4,5.4974966
3,5,6.622386
3,6,7.606695
3,7,8.446899
3,8,9.143786
3,9,9.708062
30,0,0.0
30,1,3.9023082
30,10,26.969894
30,11,27.865805
30,12,28.532526
30,13,29.015327
30,14,29.35548
30,15,29.588623
30,16,29.74405
30,17,29.844814
30,18,29.908348
30,19,29.947287
30,2,7.7019243
30,20,29.970484
30,21,29.983915
30,22,29.991474
30,23,29.9956
30,24,29.997795
30,25,29.998922
30,26,29.99949
30,27,29.999771
30,28,29.999914
30,29,30.0
30,3,11.304157
30,4,14.629297
30,5,17.617712
30,6,20.232574
30,7,22.460054
30,8,24.307228
30,9,25.798325
31,0,0.0
31,1,3.90231
31,10,26.969906
31,11,27.865816
31,12,28.53254
31,13,29.015337
31,14,29.355492
31,15,29.588634
31,16,29.744057
31,17,29.844828
31,18,29.90836
31,19,29.947296
31,2,7.7019277
31,20,29.970493
31,21,29.983925
31,22,29.99148
31,23,29.99561
31,24,29.997799
31,25,29.998932
31,26,29.999496
31,27,29.999775
31,28,29.999916
31,29,30.0
31,3,11.304163
31,4,14.629303
31,5,17.61772
31,6,20.232584
31,7,22.460062
31,8,24.30724
31,9,25.798332
32,0,0.0
32,1,3.9023106
32,10,26.96991
32,11,27.865822
32,12,28.532543
32,13,29.015343
32,14,29.355495
32,15,29.588636
32,16,29.744064
32,17,29.844833
32,18,29.908363
32,19,29.947302
32,2,7.701929
32,20,29.970499
32,21,29.983929
32,22,29.991486
32,23,29.99561
32,24,29.997803
32,25,29.998934
32,26,29.999498
32,27,29.999777
32,28,29.999916
32,29,30.0
32,3,11.304165
32,4,14.629306
32,5,17.617723
32,6,20.232588
32,7,22.460068
32,8,24.307243
32,9,25.798338
33,0,0.0
33,1,3.902311
33,10,26.969913
33,11,27.865822
33,12,28.532547
33,13,29.015345
33,14,29.3555
33,15,29.588638
33,16,29.744064
33,17,29.844837
33,18,29.908367
33,19,29.947304
33,2,7.701929
33,20,29.9705
33,21,29.983932
33,22,29.991486
33,23,29.995613
33,24,29.997803
33,25,29.998934
33,26,29.9995
33,27,29.999777
33,28,29.999916
33,29,30.0
33,3,11.304166
33,4,14.629306
33,5,17.617725
33,6,20.23259
33,7,22.460068
33,8,24.307245
33,9,25.79834
34,0,0.0
34,1,3.9023108
34,10,26.969913
34,11,27.865824
34,12,28.532547
34,13,29.015347
34,14,29.3555
34,15,29.588638
34,16,29.744064
34,17,29.844837
34,18,29.908367
34,19,29.947306
34,2,7.7019305
34,20,29.970503
34,21,29.983932
34,22,29.991488
34,23,29.995613
34,24,29.997805
34,25,29.998934
34,26,29.9995
34,27,29.999777
34,28,29.999916
34,29,30.0
34,3,11.304166
34,4,14.629308
34,5,17.617725
34,6,20.232592
34,7,22.46007
34,8,24.307245
34,9,25.798342
35,0,0.0
35,1,3.9023113
35,10,26.969915
35,11,27.865824
35,12,28.532547
35,13,29.015347
35,14,29.3555
35,15,29.588642
35,16,29.744064
35,17,29.844837
35,18,29.908367
35,19,29.947306
35,2,7.70193
35,20,29.970503
35,21,29.983932
35,22,29.991488
35,23,29.995617
35,24,29.997805
35,25,29.998934
35,26,29.9995
35,27,29.999777
35,28,29.999916
35,29,30.0
35,3,11.304167
35,4,14.629307
35,5,17.617725
35,6,20.232592
35,7,22.46007
35,8,24.307247
35,9,25.798342
36,0,0.0
36,1,3.902311
36,10,26.969915
36,11,27.865824
36,12,28.532547
36,13,29.015347
36,14,29.355501
36,15,29.588638
36,16,29.744064
36,17,29.844837
36,18,29.908367
36,19,29.947306
36,2,7.7019305
36,20,29.970503
36,21,29.983932
36,22,29.991488
36,23,29.995615
36,24,29.997807
36,25,29.998934
36,26,29.9995
36,27,29.999777
36,28,29.999916
36,29,30.0
36,3,11.304166
36,4,14.629308
36,5,17.617725
36,6,20.232594
36,7,22.46007
36,8,24.307247
36,9,25.798342
37,0,0.0
37,1,3.9023113
37,10,26.969915
37,11,27.865824
37,12,28.532547
37,13,29.015348
37,14,29.3555
37,15,29.588642
37,16,29.744064
37,17,29.844837
37,18,29.908367
37,19,29.947306
37,2,7.70193
37,20,29.970503
37,21,29.983932
37,22,29.991488
37,23,29.995617
37,24,29.997805
37,25,29.998934
37,26,29.9995
37,27,29.999777
37,28,29.999916
37,29,30.0
37,3,11.304167
37,4,14.629307
37,5,17.617725
37,6,20.23259
37,7,22.46007
37,8,24.307247
37,9,25.798342
38,0,0.0
38,1,3.902311
38,10,26.969915
38,11,27.865824
38,12,28.532547
38,13,29.015347
38,14,29.355501
38,15,29.588638
38,16,29.744064
38,17,29.844837
38,18,29.908367
38,19,29.947306
38,2,7.70193
38,20,29.970503
38,21,29.983932
38,22,29.991486
38,23,29.995615
38,24,29.997805
38,25,29.998934
38,26,29.999498
38,27,29.999777
38,28,29.999916
38,29,30.0
38,3,11.304166
38,4,14.629308
38,5,17.617725
38,6,20.232594
38,7,22.46007
38,8,24.307247
38,9,25.798342
39,0,0.0
39,1,3.902311
39,10,26.969913
39,11,27.865826
39,12,28.532547
39,13,29.015347
39,14,29.3555
39,15,29.58864
39,16,29.744068
39,17,29.844837
39,18,29.908367
39,19,29.947304
39,2,7.70193
39,20,29.970503
39,21,29.983929
39,22,29.991488
39,23,29.995613
39,24,29.997805
39,25,29.998934
39,26,29.9995
39,27,29.999777
39,28,29.999916
39,29,30.0
39,3,11.304167
39,4,14.629307
39,5,17.617725
39,6,20.23259
39,7,22.46007
39,8,24.307245
39,9,25.798342
4,0,0.0
4,1,1.8974035
4,10,13.13928
4,11,13.580055
4,12,13.911044
4,13,14.154114
4,14,14.331784
4,15,14.463545
4,16,14.568133
4,17,14.663218
4,18,14.7668
4,19,14.89987
4,2,3.745444
4,20,15.087245
4,21,15.363162
4,22,15.772378
4,23,16.379028
4,24,17.268673
4,25,18.557568
4,26,20.386457
4,27,22.899689
4,28,26.16273
4,29,30.0
4,3,5.4974866
4,4,7.1162567
4,5,8.571119
4,6,9.846125
4,7,10.932317
4,8,11.835161
4,9,12.564266
40,0,0.0
40,1,3.9023113
40,10,26.969917
40,11,27.865824
40,12,28.532547
40,13,29.015347
40,14,29.355503
40,15,29.588638
40,16,29.744064
40,17,29.844837
40,18,29.908365
40,19,29.947308
40,2,7.70193
40,20,29.9705
40,21,29.983932
40,22,29.991486
40,23,29.995615
40,24,29.997803
40,25,29.998934
40,26,29.999498
40,27,29.999779
40,28,29.999916
40,29,30.0
40,3,11.304166
40,4,14.629307
40,5,17.617725
40,6,20.232592
40,7,22.460068
40,8,24.307247
40,9,25.79834
41,0,0.0
41,1,3.9023113
41,10,26.969913
41,11,27.865824
41,12,28.532547
41,13,29.015347
41,14,29.3555
41,15,29.588638
41,16,29.744064
41,17,29.844837
41,18,29.908367
41,19,29.947304
41,2,7.70193
41,20,29.970503
41,21,29.983929
41,22,29.991486
41,23,29.995613
41,24,29.997805
41,25,29.998932
41,26,29.9995
41,27,29.999779
41,28,29.999916
41,29,30.0
41,3,11.304166
41,4,14.629307
41,5,17.617725
41,6,20.23259
41,7,22.460068
41,8,24.307245
41,9,25.798342
42,0,0.0
42,1,3.902311
42,10,26.969913
42,11,27.865822
42,12,28.532547
42,13,29.015343
42,14,29.355501
42,15,29.588638
42,16,29.744064
42,17,29.844837
42,18,29.908367
42,19,29.947304
42,2,7.70193
42,20,29.9705
42,21,29.98393
42,22,29.991486
42,23,29.995615
42,24,29.997803
42,25,29.998934
42,26,29.999496
42,27,29.999777
42,28,29.999916
42,29,30.0
42,3,11.304166
42,4,14.629307
42,5,17.617723
42,6,20.23259
42,7,22.460068
42,8,24.307245
42,9,25.798338
43,0,0.0
43,1,3.9023108
43,10,26.969912
43,11,27.865824
43,12,28.532545
43,13,29.015347
43,14,29.3555
43,15,29.588638
43,16,29.744066
43,17,29.844837
43,18,29.908367
43,19,29.947304
43,2,7.701929
43,20,29.9705
43,21,29.983932
43,22,29.991486
43,23,29.995613
43,24,29.997803
43,25,29.998932
43,26,29.999498
43,27,29.999775
43,28,29.999916
43,29,30.0
43,3,11.304165
43,4,14.629307
43,5,17.617723
43,6,20.23259
43,7,22.46007
43,8,24.307243
43,9,25.79834
44,0,0.0
44,1,3.9023108
44,10,26.969913
44,11,27.865824
44,12,28.532545
44,13,29.015347
44,14,29.3555
44,15,29.588638
44,16,29.744064
44,17,29.844837
44,18,29.908367
44,19,29.947304
44,2,7.701929
44,20,29.970503
44,21,29.983929
44,22,29.991488
44,23,29.995613
44,24,29.997805
44,25,29.998934
44,26,29.999496
44,27,29.999777
44,28,29.999916
44,29,30.0
44,3,11.304165
44,4,14.629305
44,5,17.617723
44,6,20.23259
44,7,22.460068
44,8,24.307245
44,9,25.798338
45,0,0.0
45,1,3.9023108
45,10,26.969913
45,11,27.865822
45,12,28.532545
45,13,29.015345
45,14,29.3555
45,15,29.588642
45,16,29.744064
45,17,29.844837
45,18,29.908365
45,19,29.947304
45,2,7.701929
45,20,29.970499
45,21,29.983932
45,22,29.991482
45,23,29.995615
45,24,29.997805
45,25,29.998934
45,26,29.999498
45,27,29.999775
45,28,29.999916
45,29,30.0
45,3,11.304165
45,4,14.629307
45,5,17.617723
45,6,20.23259
45,7,22.460068
45,8,24.307245
45,9,25.79834
46,0,0.0
46,1,3.9023108
46,10,26.969912
46,11,27.865822
46,12,28.532547
46,13,29.015343
46,14,29.3555
46,15,29.588638
46,16,29.744068
46,17,29.844837
46,18,29.90837
46,19,29.9473
46,2,7.701929
46,20,29.970503
46,21,29.983929
46,22,29.991488
46,23,29.995613
46,24,29.997805
46,25,29.998932
46,26,29.9995
46,27,29.999777
46,28,29.999916
46,29,30.0
46,3,11.304166
46,4,14.629307
46,5,17.617723
46,6,20.23259
46,7,22.460068
46,8,24.307245
46,9,25.79834
47,0,0.0
47,1,3.9023108
47,10,26.969913
47,11,27.865822
47,12,28.532545
47,13,29.015347
47,14,29.3555
47,15,29.588638
47,16,29.744064
47,17,29.84484
47,18,29.908365
47,19,29.947304
47,2,7.70193
47,20,29.970497
47,21,29.983932
47,22,29.991482
47,23,29.995615
47,24,29.997803
47,25,29.998934
47,26,29.999496
47,27,29.999775
47,28,29.999916
47,29,30.0
47,3,11.304166
47,4,14.629307
47,5,17.617723
47,6,20.23259
47,7,22.460068
47,8,24.307245
47,9,25.79834
48,0,0.0
48,1,3.9023113
48,10,26.969913
48,11,27.865824
48,12,28.532545
48,13,29.015343
48,14,29.3555
48,15,29.588636
48,16,29.744066
48,17,29.844837
48,18,29.908367
48,19,29.947302
48,2,7.7019296
48,20,29.970503
48,21,29.983929
48,22,29.991486
48,23,29.995611
48,24,29.997805
48,25,29.998932
48,26,29.999498
48,27,29.999777
48,28,29.999916
48,29,30.0
48,3,11.304166
48,4,14.629308
48,5,17.617725
48,6,20.23259
48,7,22.460068
48,8,24.307245
48,9,25.79834
49,0,0.0
49,1,3.9023108
49,10,26.969913
49,11,27.865822
49,12,28.532547
49,13,29.015345
49,14,29.355497
49,15,29.588638
49,16,29.744064
49,17,29.844837
49,18,29.908363
49,19,29.947306
49,2,7.70193
49,20,29.970497
49,21,29.98393
49,22,29.991482
49,23,29.995613
49,24,29.997803
49,25,29.998934
49,26,29.999498
49,27,29.999775
49,28,29.999916
49,29,30.0
49,3,11.304166
49,4,14.629307
49,5,17.617725
49,6,20.23259
49,7,22.46007
49,8,24.307245
49,9,25.79834
5,0,0.0
5,1,2.2856865
5,10,15.824024
5,11,16.35516
5,12,16.752462
5,13,17.044636
5,14,17.2567
5,15,17.412903
5,16,17.53447
5,17,17.641523
5,18,17.75425
5,19,17.89375
5,2,4.5112257
5,20,18.086027
5,21,18.36184
5,22,18.762854
5,23,19.340271
5,24,20.16087
5,25,21.300602
5,26,22.839785
5,27,24.833887
5,28,27.269663
5,29,30.0
5,3,6.62235
5,4,8.571092
5,5,10.324498
5,6,11.85877
5,7,13.168053
5,8,14.253967
5,9,15.132856
50,0,0.0
50,1,3.9023113
50,10,26.969913
50,11,27.865826
50,12,28.532545
50,13,29.015345
50,14,29.3555
50,15,29.588636
50,16,29.744064
50,17,29.844837
50,18,29.908367
50,19,29.947304
50,2,7.701929
50,20,29.9705
50,21,29.983929
50,22,29.991486
50,23,29.995613
50,24,29.997805
50,25,29.998934
50,26,29.999496
50,27,29.999777
50,28,29.999916
50,29,30.0
50,3,11.304166
50,4,14.629306
50,5,17.617723
50,6,20.23259
50,7,22.460068
50,8,24.307245
50,9,25.798342
51,0,0.0
51,1,3.9023108
51,10,26.969915
51,11,27.865824
51,12,28.532547
51,13,29.015345
51,14,29.3555
51,15,29.588638
51,16,29.744064
51,17,29.844837
51,18,29.908367
51,19,29.947302
51,2,7.70193
51,20,29.970499
51,21,29.983929
51,22,29.991486
51,23,29.995613
51,24,29.997805
51,25,29.998932
51,26,29.9995
51,27,29.999775
51,28,29.999916
51,29,30.0
51,3,11.304165
51,4,14.629307
51,5,17.617723
51,6,20.23259
51,7,22.460068
51,8,24.307245
51,9,25.79834
52,0,0.0
52,1,3.9023113
52,10,26.969912
52,11,27.865824
52,12,28.532547
52,13,29.015345
52,14,29.3555
52,15,29.588638
52,16,29.744064
52,17,29.844837
52,18,29.908365
52,19,29.947304
52,2,7.701929
52,20,29.970499
52,21,29.983929
52,22,29.991482
52,23,29.995613
52,24,29.997803
52,25,29.998934
52,26,29.999496
52,27,29.999777
52,28,29.999916
52,29,30.0
52,3,11.304166
52,4,14.629306
52,5,17.617725
52,6,20.23259
52,7,22.460068
52,8,24.307243
52,9,25.79834
53,0,0.0
53,1,3.9023108
53,10,26.969913
53,11,27.865824
53,12,28.532545
53,13,29.015345
53,14,29.3555
53,15,29.588638
53,16,29.744064
53,17,29.844837
53,18,29.908365
53,19,29.947304
53,2,7.70193
53,20,29.970497
53,21,29.983929
53,22,29.991486
53,23,29.995613
53,24,29.997803
53,25,29.998932
53,26,29.9995
53,27,29.999775
53,28,29.999916
53,29,30.0
53,3,11.304165
53,4,14.629307
53,5,17.617723
53,6,20.23259
53,7,22.460068
53,8,24.307245
53,9,25.798338
54,0,0.0
54,1,3.9023113
54,10,26.969913
54,11,27.865824
54,12,28.532543
54,13,29.015347
54,14,29.3555
54,15,29.588638
54,16,29.744064
54,17,29.844837
54,18,29.908367
54,19,29.9473
54,2,7.70193
54,20,29.9705
54,21,29.983929
54,22,29.991486
54,23,29.995613
54,24,29.997805
54,25,29.998934
54,26,29.999498
54,27,29.999777
54,28,29.999916
54,29,30.0
54,3,11.304166
54,4,14.629307
54,5,17.617725
54,6,20.23259
54,7,22.460068
54,8,24.307245
54,9,25.79834
55,0,0.0
55,1,3.9023108
55,10,26.969913
55,11,27.865822
55,12,28.532545
55,13,29.015345
55,14,29.3555
55,15,29.588638
55,16,29.744064
55,17,29.844837
55,18,29.908363
55,19,29.947304
55,2,7.70193
55,20,29.970497
55,21,29.98393
55,22,29.991482
55,23,29.995613
55,24,29.997805
55,25,29.998934
55,26,29.9995
55,27,29.999779
55,28,29.999916
55,29,30.0
55,3,11.304166
55,4,14.629307
55,5,17.617725
55,6,20.23259
55,7,22.460068
55,8,24.307245
55,9,25.79834
56,0,0.0
56,1,3.902311
56,10,26.969913
56,11,27.865824
56,12,28.532547
56,13,29.015347
56,14,29.3555
56,15,29.588638
56,16,29.744068
56,17,29.844837
56,18,29.908367
56,19,29.9473
56,2,7.7019296
56,20,29.9705
56,21,29.983929
56,22,29.991488
56,23,29.995613
56,24,29.997805
56,25,29.998934
56,26,29.9995
56,27,29.999777
56,28,29.999916
56,29,30.0
56,3,11.304166
56,4,14.629307
56,5,17.617723
56,6,20.23259
56,7,22.46007
56,8,24.307245
56,9,25.79834
57,0,0.0
57,1,3.9023108
57,10,26.969913
57,11,27.865822
57,12,28.532547
57,13,29.015347
57,14,29.355501
57,15,29.588638
57,16,29.744064
57,17,29.844837
57,18,29.908367
57,19,29.947306
57,2,7.7019296
57,20,29.9705
57,21,29.98393
57,22,29.991486
57,23,29.995613
57,24,29.997805
57,25,29.998934
57,26,29.9995
57,27,29.999779
57,28,29.999916
57,29,30.0
57,3,11.304165
57,4,14.629307
57,5,17.617723
57,6,20.23259
57,7,22.460068
57,8,24.307247
57,9,25.79834
58,0,0.0
58,1,3.9023108
58,10,26.969913
58,11,27.865824
58,12,28.532547
58,13,29.015345
58,14,29.355503
58,15,29.588638
58,16,29.744064
58,17,29.844835
58,18,29.908365
58,19,29.947304
58,2,7.701929
58,20,29.970499
58,21,29.983929
58,22,29.991486
58,23,29.995613
58,24,29.997805
58,25,29.998932
58,26,29.9995
58,27,29.999775
58,28,29.999916
58,29,30.0
58,3,11.304166
58,4,14.629305
58,5,17.617725
58,6,20.23259
58,7,22.460072
58,8,24.307243
58,9,25.79834
59,0,0.0
59,1,3.9023108
59,10,26.969913
59,11,27.865822
59,12,28.532547
59,13,29.015347
59,14,29.3555
59,15,29.588638
59,16,29.744064
59,17,29.844833
59,18,29.908363
59,19,29.947304
59,2,7.7019296
59,20,29.970499
59,21,29.983929
59,22,29.991482
59,23,29.995613
59,24,29.997805
59,25,29.998934
59,26,29.999496
59,27,29.999777
59,28,29.999916
59,29,30.0
59,3,11.304165
59,4,14.629308
59,5,17.617722
59,6,20.232592
59,7,22.460064
59,8,24.307247
59,9,25.798336
6,0,0.0
6,1,2.6254346
6,10,18.17463
6,11,18.78316
6,12,19.239243
6,13,19.573055
6,14,19.814953
6,15,19.991009
6,16,20.125393
6,17,20.23981
6,18,20.354774
6,19,20.492102
6,2,5.1824336
6,20,20.674807
6,21,20.93171
6,22,21.295519
6,23,21.807907
6,24,22.514137
6,25,23.463985
6,26,24.697407
6,27,26.231758
6,28,28.033468
6,29,30.0
6,3,7.606607
6,4,9.846031
6,5,11.858702
6,6,13.622084
6,7,15.1243105
6,8,16.372458
6,9,17.38032
60,0,0.0
60,1,3.9023108
60,10,26.96991
60,11,27.865824
60,12,28.532545
60,13,29.015347
60,14,29.355497
60,15,29.588638
60,16,29.744062
60,17,29.844835
60,18,29.908363
60,19,29.9473
60,2,7.701929
60,20,29.970497
60,21,29.983929
60,22,29.991482
60,23,29.995613
60,24,29.997803
60,25,29.998934
60,26,29.999498
60,27,29.999775
60,28,29.999916
60,29,30.0
60,3,11.304166
60,4,14.629305
60,5,17.617725
60,6,20.232586
60,7,22.46007
60,8,24.307243
60,9,25.798342
61,0,0.0
61,1,3.9023108
61,10,26.969915
61,11,27.865824
61,12,28.532547
61,13,29.015345
61,14,29.3555
61,15,29.588638
61,16,29.744064
61,17,29.844835
61,18,29.908365
61,19,29.947304
61,2,7.701929
61,20,29.970497
61,21,29.983929
61,22,29.991486
61,23,29.995613
61,24,29.997805
61,25,29.998932
61,26,29.999496
61,27,29.999775
61,28,29.999916
61,29,30.0
61,3,11.304165
61,4,14.629308
61,5,17.617722
61,6,20.232594
61,7,22.460064
61,8,24.307247
61,9,25.798338
62,0,0.0
62,1,3.9023108
62,10,26.969913
62,11,27.865824
62,12,28.532547
62,13,29.015345
62,14,29.3555
62,15,29.588638
62,16,29.744064
62,17,29.844837
62,18,29.908367
62,19,29.947304
62,2,7.701929
62,20,29.9705
62,21,29.98393
62,22,29.991482
62,23,29.995613
62,24,29.997805
62,25,29.998934
62,26,29.999496
62,27,29.999777
62,28,29.999916
62,29,30.0
62,3,11.304165
62,4,14.629305
62,5,17.617725
62,6,20.232586
62,7,22.46007
62,8,24.307243
62,9,25.798342
63,0,0.0
63,1,3.9023108
63,10,26.969913
63,11,27.865824
63,12,28.532545
63,13,29.015345
63,14,29.3555
63,15,29.588642
63,16,29.744068
63,17,29.844837
63,18,29.908367
63,19,29.947306
63,2,7.701929
63,20,29.9705
63,21,29.98393
63,22,29.991486
63,23,29.995613
63,24,29.997805
63,25,29.998934
63,26,29.9995
63,27,29.999777
63,28,29.999916
63,29,30.0
63,3,11.304165
63,4,14.629308
63,5,17.617722
63,6,20.232592
63,7,22.460064
63,8,24.307247
63,9,25.798338
64,0,0.0
64,1,3.9023108
64,10,26.969913
64,11,27.865822
64,12,28.532545
64,13,29.015347
64,14,29.3555
64,15,29.588638
64,16,29.744068
64,17,29.844837
64,18,29.908367
64,19,29.947306
64,2,7.701929
64,20,29.970499
64,21,29.983932
64,22,29.991482
64,23,29.995615
64,24,29.997805
64,25,29.998934
64,26,29.9995
64,27,29.999777
64,28,29.999916
64,29,30.0
64,3,11.304167
64,4,14.629305
64,5,17.617725
64,6,20.232586
64,7,22.46007
64,8,24.307243
64,9,25.798342
65,0,0.0
65,1,3.9023108
65,10,26.969913
65,11,27.865824
65,12,28.532547
65,13,29.015345
65,14,29.3555
65,15,29.588642
65,16,29.744068
65,17,29.844837
65,18,29.908367
65,19,29.947306
65,2,7.70193
65,20,29.970503
65,21,29.98393
65,22,29.991488
65,23,29.995613
65,24,29.997807
65,25,29.998934
65,26,29.9995
65,27,29.999777
65,28,29.999916
65,29,30.0
65,3,11.304165
65,4,14.629308
65,5,17.617722
65,6,20.232592
65,7,22.460064
65,8,24.307247
65,9,25.79834
66,0,0.0
66,1,3.9023113
66,10,26.969915
66,11,27.865826
66,12,28.532547
66,13,29.015348
66,14,29.355503
66,15,29.58864
66,16,29.744068
66,17,29.844837
66,18,29.908371
66,19,29.947306
66,2,7.7019296
66,20,29.9705
66,21,29.983934
66,22,29.991486
66,23,29.995617
66,24,29.997807
66,25,29.998936
66,26,29.9995
66,27,29.999777
66,28,29.999916
66,29,30.0
66,3,11.304167
66,4,14.629306
66,5,17.617727
66,6,20.23259
66,7,22.460072
66,8,24.307245
66,9,25.798344
67,0,0.0
67,1,3.9023118
67,10,26.96992
67,11,27.86583
67,12,28.532555
67,13,29.01535
67,14,29.355507
67,15,29.588646
67,16,29.744072
67,17,29.844843
67,18,29.908371
67,19,29.947311
67,2,7.701931
67,20,29.970505
67,21,29.983936
67,22,29.991491
67,23,29.995619
67,24,29.99781
67,25,29.998936
67,26,29.999502
67,27,29.999777
67,28,29.999918
67,29,30.0
67,3,11.304168
67,4,14.629311
67,5,17.617725
67,6,20.232595
67,7,22.46007
67,8,24.307253
67,9,25.798344
68,0,0.0
68,1,3.9023135
68,10,26.969929
68,11,27.86584
68,12,28.532562
68,13,29.015364
68,14,29.355518
68,15,29.588655
68,16,29.744083
68,17,29.844852
68,18,29.908384
68,19,29.947319
68,2,7.7019343
68,20,29.970516
68,21,29.983946
68,22,29.991497
68,23,29.995625
68,24,29.997816
68,25,29.998943
68,26,29.999506
68,27,29.999783
68,28,29.999916
68,29,30.0
68,3,11.304173
68,4,14.629314
68,5,17.617737
68,6,20.232601
68,7,22.460083
68,8,24.307259
68,9,25.798355
69,0,0.0
69,1,3.9023173
69,10,26.969955
69,11,27.865864
69,12,28.53259
69,13,29.015387
69,14,29.355543
69,15,29.588682
69,16,29.744108
69,17,29.844881
69,18,29.908407
69,19,29.947346
69,2,7.7019424
69,20,29.97054
69,21,29.983969
69,22,29.99152
69,23,29.995644
69,24,29.997833
69,25,29.998957
69,26,29.999516
69,27,29.999788
69,28,29.999922
69,29,30.0
69,3,11.304182
69,4,14.62933
69,5,17.61775
69,6,20.232622
69,7,22.460102
69,8,24.307283
69,9,25.798376
7,0,0.0
7,1,2.9154627
7,10,20.176895
7,11,20.852549
7,12,21.357231
7,13,21.72686
7,14,21.992897
7,15,22.184994
7,16,22.328472
7,17,22.446075
7,18,22.558905
7,19,22.686869
7,2,5.7542048
7,20,22.85199
7,21,23.077023
7,22,23.389807
7,23,23.819187
7,24,24.398035
7,25,25.154526
7,26,26.109753
7,27,27.262733
7,28,28.5827
7,29,30.0
7,3,8.446701
7,4,10.932093
7,5,13.167842
7,6,15.124165
7,7,16.793003
7,8,18.177074
7,9,19.296658
70,0,0.0
70,1,3.9023266
70,10,26.970007
70,11,27.865925
70,12,28.532646
70,13,29.01545
70,14,29.355602
70,15,29.588743
70,16,29.74417
70,17,29.844938
70,18,29.908466
70,19,29.947401
70,2,7.701959
70,20,29.970592
70,21,29.98402
70,22,29.991566
70,23,29.99569
70,24,29.99787
70,25,29.99899
70,26,29.999542
70,27,29.999805
70,28,29.999931
70,29,30.0
70,3,11.30421
70,4,14.629362
70,5,17.61779
70,6,20.232666
70,7,22.460152
70,8,24.307333
70,9,25.798437
71,0,0.0
71,1,3.9023466
71,10,26.970142
71,11,27.866055
71,12,28.532784
71,13,29.015583
71,14,29.35574
71,15,29.588879
71,16,29.744305
71,17,29.845072
71,18,29.908598
71,19,29.947529
71,2,7.7020006
71,20,29.97072
71,21,29.984138
71,22,29.99168
71,23,29.995789
71,24,29.99796
71,25,29.999062
71,26,29.9996
71,27,29.999844
71,28,29.99995
71,29,30.0
71,3,11.304268
71,4,14.629438
71,5,17.61788
71,6,20.232769
71,7,22.460262
71,8,24.307455
71,9,25.798557
72,0,0.0
72,1,3.9023917
72,10,26.97042
72,11,27.866344
72,12,28.533073
72,13,29.015877
72,14,29.356033
72,15,29.589176
72,16,29.744598
72,17,29.845366
72,18,29.908886
72,19,29.947811
72,2,7.702088
72,20,29.970991
72,21,29.984398
72,22,29.991917
72,23,29.99601
72,24,29.99815
72,25,29.999224
72,26,29.999725
72,27,29.999931
72,28,29.999992
72,29,30.0
72,3,11.304397
72,4,14.6296015
72,5,17.618076
72,6,20.23299
72,7,22.460506
72,8,24.307713
72,9,25.798832
73,0,0.0
73,1,3.9024868
73,10,26.971024
73,11,27.866957
73,12,28.533695
73,13,29.016504
73,14,29.356663
73,15,29.589802
73,16,29.745224
73,17,29.845985
73,18,29.909496
73,19,29.948408
73,2,7.7022753
73,20,29.971567
73,21,29.984945
73,22,29.992432
73,23,29.996473
73,24,29.998562
73,25,29.999569
73,26,29.999992
73,27,30.000114
73,28,30.000088
73,29,30.0
73,3,11.304668
73,4,14.629952
73,5,17.618492
73,6,20.233463
73,7,22.461023
73,8,24.30827
73,9,25.799412
74,0,0.0
74,1,3.9026833
74,10,26.972258
74,11,27.868217
74,12,28.534977
74,13,29.017797
74,14,29.35796
74,15,29.591097
74,16,29.746513
74,17,29.847261
74,18,29.910755
74,19,29.949633
74,2,7.702661
74,20,29.972752
74,21,29.986073
74,22,29.993484
74,23,29.997433
74,24,29.999405
74,25,30.000275
74,26,30.000542
74,27,30.000492
74,28,30.000278
74,29,30.0
74,3,11.305231
74,4,14.630673
74,5,17.619352
74,6,20.234436
74,7,22.462093
74,8,24.309406
74,9,25.800606
75,0,0.0
75,1,3.9030762
75,10,26.974728
75,11,27.870747
75,12,28.53754
75,13,29.02038
75,14,29.360554
75,15,29.593689
75,16,29.74909
75,17,29.849812
75,18,29.913265
75,19,29.95209
75,2,7.703434
75,20,29.97512
75,21,29.988327
75,22,29.995594
75,23,29.999352
75,24,30.001093
75,25,30.001684
75,26,30.001644
75,27,30.001244
75,28,30.000664
75,29,30.0
75,3,11.306357
75,4,14.632116
75,5,17.62107
75,6,20.236385
75,7,22.46423
75,8,24.311691
75,9,25.803
76,0,0.0
76,1,3.9038415
76,10,26.97953
76,11,27.87565
76,12,28.542519
76,13,29.025396
76,14,29.365585
76,15,29.598719
76,16,29.754097
76,17,29.85477
76,18,29.918144
76,19,29.956852
76,2,7.704938
76,20,29.97972
76,21,29.992708
76,22,29.99968
76,23,30.003075
76,24,30.004364
76,25,30.004433
76,26,30.003777
76,27,30.002712
76,28,30.001406
76,29,30.0
76,3,11.308546
76,4,14.634925
76,5,17.624413
76,6,20.240177
76,7,22.46838
76,8,24.316124
76,9,25.807644
77,0,0.0
77,1,3.9052896
77,10,26.988579
77,11,27.884905
77,12,28.551895
77,13,29.034851
77,14,29.375076
77,15,29.608198
77,16,29.76353
77,17,29.864113
77,18,29.927341
77,19,29.965824
77,2,7.7077794
77,20,29.988392
77,21,30.000957
77,22,30.007393
77,23,30.010092
77,24,30.010546
77,25,30.009605
77,26,30.007818
77,27,30.00547
77,28,30.002815
77,29,30.0
77,3,11.312692
77,4,14.640229
77,5,17.63073
77,6,20.247334
77,7,22.476221
77,8,24.324492
77,9,25.816412
78,0,0.0
78,1,3.90795
78,10,27.005167
78,11,27.901848
78,12,28.569075
78,13,29.052168
78,14,29.392443
78,15,29.625555
78,16,29.780796
78,17,29.881216
78,18,29.944168
78,19,29.982265
78,2,7.713011
78,20,30.004261
78,21,30.016083
78,22,30.021507
78,23,30.022966
78,24,30.02186
78,25,30.01911
78,26,30.015202
78,27,30.010548
78,28,30.005388
78,29,30.0
78,3,11.3203
78,4,14.649985
78,5,17.642326
78,6,20.260479
78,7,22.490597
78,8,24.339838
78,9,25.832474
79,0,0.0
79,1,3.9127152
79,10,27.03469
79,11,27.932007
79,12,28.599634
79,13,29.082958
79,14,29.423332
79,15,29.65641
79,16,29.811506
79,17,29.911617
79,18,29.97411
79,19,30.011488
79,2,7.722357
79,20,30.032516
79,21,30.042973
79,22,30.04667
79,23,30.045868
79,24,30.042053
79,25,30.036015
79,26,30.0284
79,27,30.019579
79,28,30.009995
79,29,30.0
79,3,11.333919
79,4,14.6674
79,5,17.663046
79,6,20.28392
79,7,22.516249
79,8,24.367176
79,9,25.861092
8,0,0.0
8,1,3.1559744
8,10,21.838776
8,11,22.56846
8,12,23.114239
8,13,23.512335
8,14,23.79829
8,15,24.00247
8,16,24.152012
8,17,24.27016
8,18,24.377275
8,19,24.492868
8,2,6.229501
8,20,24.63509
8,21,24.82425
8,22,25.080101
8,23,25.42537
8,24,25.879978
8,25,26.46246
8,26,27.18069
8,27,28.030151
8,28,28.985039
8,29,30.0
8,3,9.143367
8,4,11.83468
8,5,14.253472
8,6,16.372025
8,7,18.17679
8,8,19.675611
8,9,20.885777
80,0,0.0
80,1,3.9210043
80,10,27.085793
80,11,27.984152
80,12,28.65247
80,13,29.13618
80,14,29.476704
80,15,29.709736
80,16,29.864555
80,17,29.964176
80,18,30.025835
80,19,30.062044
80,2,7.7386427
80,20,30.081348
80,21,30.089548
80,22,30.090176
80,23,30.085583
80,24,30.076988
80,25,30.06538
80,26,30.051256
80,27,30.035286
80,28,30.017971
80,29,30.0
80,3,11.357589
80,4,14.697705
80,5,17.699013
80,6,20.32463
80,7,22.560707
80,8,24.414566
80,9,25.91063
81,0,0.0
81,1,3.935074
81,10,27.17173
81,11,28.071842
81,12,28.741247
81,13,29.22559
81,14,29.566355
81,15,29.799278
81,16,29.953672
81,17,30.05243
81,18,30.112782
81,19,30.146957
81,2,7.766221
81,20,30.163513
81,21,30.167826
81,22,30.163494
81,23,30.152397
81,24,30.13597
81,25,30.11484
81,26,30.089901
81,27,30.061766
81,28,30.031471
81,29,30.0
81,3,11.397715
81,4,14.748945
81,5,17.759853
81,6,20.393328
81,7,22.635735
81,8,24.494387
81,9,25.994055
82,0,0.0
82,1,3.958299
82,10,27.312366
82,11,28.215162
82,12,28.886316
82,13,29.371609
82,14,29.712729
82,15,29.94549
82,16,30.09914
82,17,30.196587
82,18,30.254732
82,19,30.285803
82,2,7.8117976
82,20,30.297764
82,21,30.296017
82,22,30.28343
82,23,30.262045
82,24,30.232605
82,25,30.196173
82,26,30.153316
82,27,30.105381
82,28,30.053646
82,29,30.0
82,3,11.46386
82,4,14.833444
82,5,17.859917
82,6,20.506304
82,7,22.75882
82,8,24.625294
82,9,26.130611
83,0,0.0
83,1,3.9957407
83,10,27.536095
83,11,28.443077
83,12,29.116776
83,13,29.603506
83,14,29.945131
83,15,30.177567
83,16,30.330132
83,17,30.425417
83,18,30.480324
83,19,30.506348
83,2,7.8851037
83,20,30.511435
83,21,30.499922
83,22,30.474743
83,23,30.436783
83,24,30.387146
83,25,30.326067
83,26,30.254967
83,27,30.175156
83,28,30.089243
83,29,30.0
83,3,11.570291
83,4,14.969016
83,5,18.020416
83,6,20.686993
83,7,22.955566
83,8,24.83403
83,9,26.348242
84,0,0.0
84,1,4.0545454
84,10,27.882584
84,11,28.795498
84,12,29.472967
84,13,29.96167
84,14,30.303951
84,15,30.535908
84,16,30.686695
84,17,30.778929
84,18,30.828735
84,19,30.847523
84,2,8.000301
84,20,30.841873
84,21,30.816055
84,22,30.771248
84,23,30.7085
84,24,30.627316
84,25,30.528688
84,26,30.413357
84,27,30.284264
84,28,30.144798
84,29,30.0
84,3,11.73707
84,4,15.18137
84,5,18.270994
84,6,20.968822
84,7,23.261503
84,8,25.1583
84,9,26.685522
85,0,0.0
85,1,4.144876
85,10,28.404501
85,11,29.32592
85,12,30.008402
85,13,30.499807
85,14,30.84288
85,15,31.073956
85,16,31.222301
85,17,31.309864
85,18,31.352654
85,19,31.360529
85,2,8.176816
85,20,31.339828
85,21,31.292469
85,22,31.219484
85,23,31.119291
85,24,30.99179
85,25,30.836126
85,26,30.654613
85,27,30.450304
85,28,30.229618
85,29,30.0
85,3,11.992493
85,4,15.505457
85,5,18.652893
85,6,21.396793
85,7,23.725368
85,8,25.64844
85,9,27.19469
86,0,0.0
86,1,4.280381
86,10,29.170124
86,11,30.102543
86,12,30.791723
86,13,31.286388
86,14,31.630287
86,15,31.860073
86,16,32.004715
86,17,32.086105
86,18,32.118687
86,19,32.111954
86,2,8.4415245
86,20,32.069435
86,21,31.992527
86,22,31.878521
86,23,31.725592
86,24,31.53009
86,25,31.292124
86,26,31.01253
86,27,30.697578
86,28,30.35581
86,29,30.0
86,3,12.374214
86,4,15.988938
86,5,19.220226
86,6,22.031128
86,7,24.410206
86,8,26.370625
86,9,27.942656
87,0,0.0
87,1,4.4796667
87,10,30.263094
87,11,31.209679
87,12,31.906704
87,13,32.405212
87,14,32.74973
87,15,32.97737
87,16,33.117218
87,17,33.189884
87,18,33.209446
87,19,33.18239
87,2,8.829656
87,20,33.111412
87,21,32.99324
87,22,32.82412
87,23,32.596725
87,24,32.30711
87,25,31.951256
87,26,31.53229
87,27,31.056845
87,28,30.539787
87,29,30.0
87,3,12.932811
87,4,16.693146
87,5,20.04401
87,6,22.947693
87,7,25.396774
87,8,27.406776
87,9,29.013386
88,0,0.0
88,1,4.7669506
88,10,31.783083
88,11,32.74568
88,12,33.451683
88,13,33.95381
88,14,34.298363
88,15,34.52294
88,16,34.656063
88,17,34.718086
88,18,34.72027
88,19,34.668156
88,2,9.388221
88,20,34.55925
88,21,34.388577
88,22,34.1451
88,23,33.81958
88,24,33.400547
88,25,32.883938
88,26,32.269367
88,27,31.568766
88,28,30.802048
88,29,30.0
88,3,13.732801
88,4,17.697712
88,5,21.21214
88,6,24.241787
88,7,26.782188
88,8,28.856758
88,9,30.505833
89,0,0.0
89,1,5.174699
89,10,33.841095
89,11,34.82106
89,12,35.53521
89,13,36.04017
89,14,36.38346
89,15,36.603336
89,16,36.72831
89,17,36.7766
89,18,36.758606
89,19,36.674778
89,2,10.177542
89,20,36.520622
89,21,36.282818
89,22,35.947018
89,23,35.49315
89,24,34.906425
89,25,34.173462
89,26,33.295074
89,27,32.283173
89,28,31.169655
89,29,30.0
89,3,14.858168
89,4,19.100855
89,5,22.834064
89,6,26.025827
89,7,28.682175
89,8,30.834225
89,9,32.53386
9,0,0.0
9,1,3.350674
9,10,23.180225
9,11,23.954617
9,12,24.532288
9,13,24.953754
9,14,25.254793
9,15,25.4682
9,16,25.621468
9,17,25.738106
9,18,25.838394
9,19,25.939663
9,2,6.6131735
9,20,26.058891
9,21,26.21128
9,22,26.413532
9,23,26.680109
9,24,27.025928
9,25,27.460178
9,26,27.987377
9,27,28.600391
9,28,29.281452
9,29,30.0
9,3,9.707222
9,4,12.563273
9,5,15.131823
9,6,17.379333
9,7,19.295843
9,8,20.885262
9,9,22.170204
90,0,0.0
90,1,5.7455792
90,10,36.556297
90,11,37.550854
90,12,38.27101
90,13,38.776012
90,14,39.115852
90,15,39.32926
90,16,39.443726
90,17,39.476837
90,18,39.43464
90,19,39.315742
90,2,11.277859
90,20,39.10731
90,21,38.7921
90,22,38.342873
90,23,37.73324
90,24,36.932907
90,25,35.92304
90,26,34.69462
90,27,33.265076
90,28,31.676357
90,29,30.0
90,3,16.414467
90,4,21.026134
90,5,25.038803
90,6,28.43246
90,7,31.225182
90,8,33.46608
90,9,35.218616
91,0,0.0
91,1,6.538933
91,10,40.044983
91,11,41.04814
91,12,41.767838
91,13,42.268448
91,14,42.60127
91,15,42.805443
91,16,42.90813
91,17,42.92376
91,18,42.856964
91,19,42.69908
91,2,12.795027
91,20,42.433765
91,21,42.03082
91,22,41.45543
91,23,40.661602
91,24,39.6071
91,25,38.25121
91,26,36.576942
91,27,34.59568
91,28,32.367996
91,29,30.0
91,3,18.539616
91,4,23.623436
91,5,27.980595
91,6,31.60826
91,7,34.552116
91,8,36.88218
91,9,38.684444
92,0,0.0
92,1,7.6395664
92,10,44.412994
92,11,45.41047
92,12,46.11989
92,13,46.608234
92,14,46.92894
92,15,47.12104
92,16,47.209846
92,17,47.208744
92,18,47.11683
92,19,46.922974
92,2,14.87782
92,20,46.599854
92,21,46.110714
92,22,45.401062
92,23,44.410183
92,24,43.06539
92,25,41.303246
92,26,39.0759
92,27,36.386353
92,28,33.30681
92,29,30.0
92,3,21.412846
92,4,27.080803
92,5,31.835201
92,6,35.715157
92,7,38.804253
92,8,41.210762
92,9,43.04451
93,0,0.0
93,1,9.180328
93,10,49.73909
93,11,50.70991
93,12,51.39259
93,13,51.858147
93,14,52.15985
93,15,52.335896
93,16,52.410492
93,17,52.393158
93,18,52.281536
93,19,52.056572
93,2,17.742693
93,20,51.68698
93,21,51.12027
93,22,50.289764
93,23,49.104225
93,24,47.461666
93,25,45.248104
93,26,42.37149
93,27,38.792023
93,28,34.588364
93,29,30.0
93,3,25.280685
93,4,31.63015
93,5,36.80623
93,6,40.918404
93,7,44.118553
93,8,46.56102
93,9,48.392494
94,0,0.0
94,1,11.386626
94,10,56.065056
94,11,56.97695
94,12,57.61193
94,13,58.0402
94,14,58.314373
94,15,58.470585
94,16,58.530033
94,17,58.501007
94,18,58.376038
94,19,58.13479
94,2,21.73112
94,20,57.736053
94,21,57.121334
94,22,56.201805
94,23,54.863316
94,24,52.953278
94,25,50.2963
94,26,46.706097
94,27,42.05378
94,28,36.370605
94,29,30.0
94,3,30.488659
94,4,37.566784
94,5,43.116905
94,6,47.381817
94,7,50.607006
94,8,53.01346
94,9,54.782883
95,0,0.0
95,1,14.688153
95,10,63.378113
95,11,64.191795
95,12,64.75188
95,13,65.12631
95,14,65.363174
95,15,65.494934
95,16,65.540344
95,17,65.50405
95,18,65.37854
95,19,65.13871
95,2,27.412745
95,20,64.74344
95,21,64.123795
95,22,63.18253
95,23,61.77441
95,24,59.702488
95,25,56.697098
95,26,52.430695
95,27,46.566994
95,28,38.95348
95,29,30.0
95,3,37.541718
95,4,45.25579
95,5,51.004936
95,6,55.24151
95,7,58.34246
95,8,60.595795
95,9,62.22046
96,0,0.0
96,1,20.004543
96,10,71.60429
96,11,72.27296
96,12,72.72932
96,13,73.031525
96,14,73.2209
96,15,73.324295
96,16,73.3562
96,17,73.3203
96,18,73.207016
96,19,72.99448
96,2,35.795303
96,20,72.64037
96,21,72.08037
96,22,71.21068
96,23,69.87732
96,24,67.8404
96,25,64.74107
96,26,60.04435
96,27,53.031258
96,28,42.97696
96,29,30.0
96,3,47.168312
96,4,55.12824
96,5,60.68142
96,6,64.57693
96,7,67.32439
96,8,69.26822
96,9,70.64058
97,0,0.0
97,1,29.580015
97,10,80.59888
97,11,81.07733
97,12,81.40097
97,13,81.61406
97,14,81.74651
97,15,81.81767
97,16,81.83796
97,17,81.80873
97,18,81.723175
97,19,81.56226
97,2,48.68583
97,20,81.29404
97,21,80.86329
97,22,80.18419
97,23,79.114044
97,24,77.419174
97,25,74.69318
97,26,70.21728
97,27,62.70014
97,28,50.006966
97,29,30.0
97,3,60.34684
97,4,67.59329
97,5,72.25383
97,6,75.34722
97,7,77.44954
97,8,78.89825
97,9,79.90312
98,0,0.0
98,1,49.662697
98,10,90.15228
98,11,90.40216
98,12,90.57051
98,13,90.68076
98,14,90.74899
98,15,90.78534
98,16,90.795
98,17,90.778854
98,18,90.73241
98,19,90.64585
98,2,69.08852
98,20,90.50025
98,21,90.26526
98,22,89.888954
98,23,89.284836
98,24,88.295715
98,25,86.61903
98,26,83.60231
98,27,77.6629
98,28,64.4097
98,29,30.0
98,3,78.04082
98,4,82.78196
98,5,85.56575
98,6,87.319
98,7,88.47296
98,8,89.252716
98,9,89.786095
99,0,0.0
99,1,100.0
99,10,100.0
99,11,100.0
99,12,100.0
99,13,100.0
99,14,100.0
99,15,100.0
99,16,100.0
99,17,100.0
99,18,100.0
99,19,100.0
99,2,100.0
99,20,100.0
99,21,100.0
99,22,100.0
99,23,100.0
99,24,100.0
99,25,100.0
99,26,100.0
99,27,100.0
99,28,100.0
99,29,30.0
99,3,100.0
99,4,100.0
99,5,100.0
99,6,100.0
99,7,100.0
99,8,100.0
99,9,100.0
