0,0,0.0
0,1,0.0
0,10,0.0
0,11,0.0
0,12,0.0
0,13,0.0
0,14,0.0
0,15,30.0
0,2,0.0
0,3,0.0
0,4,0.0
0,5,0.0
0,6,0.0
0,7,0.0
0,8,0.0
0,9,0.0
1,0,0.0
1,1,3.633728
1,10,10.605011
1,11,10.731354
1,12,11.154327
1,13,12.559662
1,14,16.816864
1,15,30.0
1,2,6.6618347
1,3,8.6805725
1,4,9.834137
1,5,10.328522
1,6,10.513916
1,7,10.560379
1,8,10.571251
1,9,10.578804
10,0,0.0
10,1,11.250153
10,10,31.344757
10,11,31.326065
10,12,31.269989
10,13,31.056366
10,14,30.645142
10,15,30.0
10,2,20.316315
10,3,26.273956
10,4,29.42543
10,5,30.768433
10,6,31.212006
10,7,31.322899
10,8,31.342468
10,9,31.344643
11,0,0.0
11,1,12.82486
11,10,34.434814
11,11,34.382477
11,12,34.12506
11,13,33.494873
11,14,32.093506
11,15,30.0
11,2,22.872925
11,3,29.209366
11,4,32.504272
11,5,33.8665
11,6,34.317017
11,7,34.42791
11,8,34.44748
11,9,34.449654
12,0,0.0
12,1,16.926422
12,10,41.65741
12,11,41.469955
12,12,40.90973
12,13,39.252014
12,14,35.772095
12,15,30.0
12,2,29.078674
12,3,36.23413
12,4,39.702072
12,5,41.11313
12,6,41.560974
12,7,41.672935
12,8,41.692505
12,9,41.687202
13,0,0.0
13,1,26.321259
13,10,55.06012
13,11,54.784546
13,12,53.737793
13,13,50.868835
13,14,43.761597
13,15,30.0
13,2,41.92505
13,3,49.772644
13,4,53.286743
13,5,54.60739
13,6,55.02777
13,7,55.12905
13,8,55.145416
13,9,55.137978
14,0,0.0
14,1,47.577515
14,10,75.254974
14,11,74.960175
14,12,73.973236
14,13,70.69412
14,14,60.76065
14,15,30.0
14,2,64.796295
14,3,71.49948
14,4,74.06296
14,5,74.978485
14,6,75.250854
14,7,75.3183
14,8,75.32917
14,9,75.31574
15,0,0.0
15,1,100.0
15,10,100.0
15,11,100.0
15,12,100.0
15,13,100.0
15,14,100.0
15,15,30.0
15,2,100.0
15,3,100.0
15,4,100.0
15,5,100.0
15,6,100.0
15,7,100.0
15,8,100.0
15,9,100.0
2,0,0.0
2,1,6.6618347
2,10,19.259949
2,11,19.378052
2,12,19.82666
2,13,21.056213
2,14,24.102173
2,15,30.0
2,2,12.112427
2,3,15.861511
2,4,17.880249
2,5,18.80722
2,6,19.11621
2,7,19.203758
2,8,19.220123
2,9,19.226418
3,0,0.0
3,1,8.6805725
3,10,25.003967
3,11,25.084305
3,12,25.324402
3,13,26.034851
3,14,27.526245
3,15,30.0
3,2,15.861511
3,3,20.648804
3,4,23.316422
3,5,24.459686
3,6,24.864807
3,7,24.966087
3,8,24.985657
3,9,24.991035
4,0,0.0
4,1,9.834137
4,10,28.099365
4,11,28.121796
4,12,28.232117
4,13,28.502197
4,14,29.102783
4,15,30.0
4,2,17.880249
4,3,23.316422
4,4,26.243591
4,5,27.531052
4,6,27.960205
4,7,28.071098
4,8,28.090668
4,9,28.092842
5,0,0.0
5,1,10.328522
5,10,29.423676
5,11,29.431686
5,12,29.455719
5,13,29.547272
5,14,29.72351
5,15,30.0
5,2,18.80722
5,3,24.459686
5,4,27.531052
5,5,28.847351
5,6,29.290924
5,7,29.401817
5,8,29.421387
5,9,29.423561
6,0,0.0
6,1,10.514183
6,10,29.867516
6,11,29.867516
6,12,29.873924
6,13,29.889946
6,14,29.935265
6,15,30.0
6,2,19.116478
6,3,24.865074
6,4,27.960472
6,5,29.291191
6,6,29.734764
6,7,29.845657
6,8,29.865227
6,9,29.867401
7,0,0.0
7,1,10.563583
7,10,29.983482
7,11,29.983482
7,12,29.983482
7,13,29.986687
7,14,29.99096
7,15,30.0
7,2,19.209099
7,3,24.971428
7,4,28.076439
7,5,29.407158
7,6,29.85073
7,7,29.961624
7,8,29.981194
7,9,29.983368
8,0,0.0
8,1,10.599823
8,10,30.048714
8,11,30.048714
8,12,30.048714
8,13,30.041237
8,14,30.027199
8,15,30.0
8,2,19.263649
8,3,25.03666
8,4,28.14167
8,5,29.47239
8,6,29.915962
8,7,30.026855
8,8,30.046425
8,9,30.0486
9,0,0.0
9,1,10.730476
9,10,30.309639
9,11,30.309639
9,12,30.294685
9,13,30.257301
9,14,30.151558
9,15,30.0
9,2,19.483833
9,3,25.285835
9,4,28.402596
9,5,29.733315
9,6,30.176888
9,7,30.28778
9,8,30.30735
9,9,30.309525
