0,0,0.0
0,1,0.0
0,10,0.0
0,11,0.0
0,12,0.0
0,13,0.0
0,14,0.0
0,15,30.0
0,2,0.0
0,3,0.0
0,4,0.0
0,5,0.0
0,6,0.0
0,7,0.0
0,8,0.0
0,9,0.0
1,0,0.0
1,1,0.6341797
1,10,5.1702356
1,11,5.940178
1,12,7.231536
1,13,9.733596
1,14,15.340773
1,15,30.0
1,2,1.2526468
1,3,1.8415667
1,4,2.3906813
1,5,2.894784
1,6,3.3551445
1,7,3.7813587
1,8,4.1945496
1,9,4.6338043
10,0,0.0
10,1,11.113577
10,10,49.422024
10,11,47.801186
10,12,45.012436
10,13,41.00273
10,14,35.867508
10,15,30.0
10,2,21.181913
10,3,29.653378
10,4,36.418163
10,5,41.59955
10,6,45.392433
10,7,47.976517
10,8,49.478897
10,9,49.961742
11,0,0.0
11,1,14.53824
11,10,57.040623
11,11,54.904778
11,12,51.268982
11,13,45.875122
11,14,38.63109
11,15,30.0
11,2,27.105528
11,3,37.057396
11,4,44.555046
11,5,50.01398
11,6,53.83668
11,7,56.323837
11,8,57.658516
11,9,57.910442
12,0,0.0
12,1,19.93435
12,10,65.92728
12,11,63.510098
12,12,59.284985
12,13,52.59867
12,14,42.782204
12,15,30.0
12,2,35.645504
12,3,46.917007
12,4,54.73238
12,5,60.066677
12,6,63.61872
12,7,65.82596
12,8,66.92323
12,9,66.98313
13,0,0.0
13,1,29.554031
13,10,76.176895
13,11,73.92474
13,12,69.76329
13,13,62.45314
13,14,49.899452
13,15,30.0
13,2,48.625893
13,3,60.233852
13,4,67.392166
13,5,71.903244
13,6,74.747345
13,7,76.439896
13,8,77.227196
13,9,77.173355
14,0,0.0
14,1,49.65615
14,10,87.68335
14,11,86.249664
14,12,83.39106
14,13,77.55167
14,14,64.36275
14,15,30.0
14,2,69.07072
14,3,78.00108
14,4,82.700165
14,5,85.4079
14,6,87.028755
14,7,87.960396
14,8,88.37358
14,9,88.30741
15,0,0.0
15,1,100.0
15,10,100.0
15,11,100.0
15,12,100.0
15,13,100.0
15,14,100.0
15,15,30.0
15,2,100.0
15,3,100.0
15,4,100.0
15,5,100.0
15,6,100.0
15,7,100.0
15,8,100.0
15,9,100.0
2,0,0.0
2,1,1.2842013
2,10,10.107504
2,11,11.359411
2,12,13.25274
2,13,16.362335
2,14,21.629622
2,15,30.0
2,2,2.5350945
2,3,3.7233047
2,4,4.8268385
2,5,5.833851
2,6,6.7450304
2,7,7.5763655
2,8,8.363658
2,9,9.171032
3,0,0.0
3,1,1.9677849
3,10,14.730412
3,11,16.138142
3,12,18.05841
3,13,20.833883
3,14,24.815641
3,15,30.0
3,2,3.8807206
3,3,5.6904383
3,4,7.360425
3,5,8.869811
3,6,10.215926
3,7,11.416637
3,8,12.513912
3,9,13.580332
4,0,0.0
4,1,2.706585
4,10,19.097218
4,11,20.405664
4,12,22.00993
4,13,24.099884
4,14,26.799429
4,15,30.0
4,2,5.330284
4,3,7.798343
4,4,10.055928
4,5,12.0705805
4,6,13.83392
4,7,15.362115
4,8,16.696796
4,9,17.907675
5,0,0.0
5,1,3.528738
5,10,23.347095
5,11,24.379059
5,12,25.477104
5,13,26.757215
5,14,28.282673
5,15,30.0
5,2,6.9364004
5,3,10.118044
5,4,12.996039
5,5,15.524616
5,6,17.689203
5,7,19.50336
5,8,21.00574
5,9,22.258514
6,0,0.0
6,1,4.472513
6,10,27.655893
6,11,28.28836
6,12,28.763775
6,13,29.1703
6,14,29.574594
6,15,30.0
6,2,8.769608
6,3,12.742939
6,4,16.287529
6,5,19.344927
6,6,21.897434
6,7,23.959015
6,8,25.566933
6,9,26.776075
7,0,0.0
7,1,5.592312
7,10,32.2146
7,11,32.356888
7,12,32.121082
7,13,31.586815
7,14,30.846022
7,15,30.0
7,2,10.927757
7,3,15.798285
7,4,20.068377
7,5,23.672653
7,6,26.599377
7,7,28.871239
7,8,30.529812
7,9,31.62576
8,0,0.0
8,1,6.9696136
8,10,37.222534
8,11,36.805832
8,12,35.778664
8,13,34.21113
8,14,32.22332
8,15,30.0
8,2,13.552067
8,3,19.455872
8,4,24.517315
8,5,28.680592
8,6,31.959103
8,7,34.39982
8,8,36.058388
8,9,36.985485
9,0,0.0
9,1,8.734714
9,10,42.886932
9,11,41.867542
9,12,39.978466
9,13,37.256973
9,14,33.836796
9,15,30.0
9,2,16.856277
9,3,23.957624
9,4,29.866714
9,5,34.575962
9,6,38.159573
9,7,40.713623
9,8,42.321537
9,9,43.03821
