0,0,0.0
0,1,0.0
0,10,0.0
0,11,0.0
0,12,0.0
0,13,0.0
0,14,0.0
0,15,30.0
0,2,0.0
0,3,0.0
0,4,0.0
0,5,0.0
0,6,0.0
0,7,0.0
0,8,0.0
0,9,0.0
1,0,0.0
1,1,0.6348524
1,10,5.1730633
1,11,5.942608
1,12,7.2334595
1,13,9.734928
1,14,15.341454
1,15,30.0
1,2,1.2539635
1,3,1.8434706
1,4,2.3930902
1,5,2.8975945
1,6,3.3582344
1,7,3.7845945
1,8,4.197789
1,9,4.636907
10,0,0.0
10,1,11.1164665
10,10,49.434174
10,11,47.811623
10,12,45.020702
10,13,41.008453
10,14,35.870438
10,15,30.0
10,2,21.187569
10,3,29.661556
10,4,36.428516
10,5,41.61162
10,6,45.40571
10,7,47.990414
10,8,49.492813
10,9,49.975067
11,0,0.0
11,1,14.5407295
11,10,57.05108
11,11,54.91377
11,12,51.276093
11,13,45.88006
11,14,38.633606
11,15,30.0
11,2,27.110395
11,3,37.064438
11,4,44.563957
11,5,50.024376
11,6,53.848114
11,7,56.3358
11,8,57.670494
11,9,57.921913
12,0,0.0
12,1,19.936321
12,10,65.93557
12,11,63.517223
12,12,59.290627
12,13,52.602577
12,14,42.784203
12,15,30.0
12,2,35.64937
12,3,46.922592
12,4,54.73945
12,5,60.07492
12,6,63.627792
12,7,65.83545
12,8,66.93274
12,9,66.99223
13,0,0.0
13,1,29.555403
13,10,76.18265
13,11,73.92969
13,12,69.7672
13,13,62.45585
13,14,49.90084
13,15,30.0
13,2,48.62857
13,3,60.237724
13,4,67.397064
13,5,71.908966
13,6,74.75363
13,7,76.44649
13,8,77.23379
13,9,77.17966
14,0,0.0
14,1,49.656853
14,10,87.686295
14,11,86.2522
14,12,83.39306
14,13,77.553055
14,14,64.36346
14,15,30.0
14,2,69.07209
14,3,78.00307
14,4,82.702675
14,5,85.41083
14,6,87.03197
14,7,87.96376
14,8,88.37696
14,9,88.31064
15,0,0.0
15,1,100.0
15,10,100.0
15,11,100.0
15,12,100.0
15,13,100.0
15,14,100.0
15,15,30.0
15,2,100.0
15,3,100.0
15,4,100.0
15,5,100.0
15,6,100.0
15,7,100.0
15,8,100.0
15,9,100.0
2,0,0.0
2,1,1.2855191
2,10,10.113046
2,11,11.36417
2,12,13.256509
2,13,16.364944
2,14,21.630957
2,15,30.0
2,2,2.5376735
2,3,3.7270346
2,4,4.8315578
2,5,5.839356
2,6,6.7510843
2,7,7.5827036
2,8,8.370006
2,9,9.177109
3,0,0.0
3,1,1.9696934
3,10,14.738435
3,11,16.145035
3,12,18.063866
3,13,20.837662
3,14,24.817572
3,15,30.0
3,2,3.884456
3,3,5.69584
3,4,7.36726
3,5,8.877786
3,6,10.224693
3,7,11.4258175
3,8,12.523104
3,9,13.589135
4,0,0.0
4,1,2.7090054
4,10,19.107395
4,11,20.414402
4,12,22.01685
4,13,24.104675
4,14,26.80188
4,15,30.0
4,2,5.3350205
4,3,7.805193
4,4,10.064596
4,5,12.080692
4,6,13.845039
4,7,15.373755
4,8,16.708456
4,9,17.918835
5,0,0.0
5,1,3.5315688
5,10,23.358994
5,11,24.389282
5,12,25.485195
5,13,26.762821
5,14,28.285538
5,15,30.0
5,2,6.9419403
5,3,10.126055
5,4,13.006176
5,5,15.536443
5,6,17.702206
5,7,19.516975
5,8,21.019373
5,9,22.271572
6,0,0.0
6,1,4.4756346
6,10,27.669018
6,11,28.29963
6,12,28.772701
6,13,29.176483
6,14,29.577755
6,15,30.0
6,2,8.775715
6,3,12.751772
6,4,16.298708
6,5,19.357965
6,6,21.911774
6,7,23.974026
6,8,25.581964
6,9,26.790468
7,0,0.0
7,1,5.59559
7,10,32.22838
7,11,32.36873
7,12,32.13045
7,13,31.593306
7,14,30.849342
7,15,30.0
7,2,10.934172
7,3,15.807563
7,4,20.080114
7,5,23.686348
7,6,26.614433
7,7,28.887005
7,8,30.545595
7,9,31.640875
8,0,0.0
8,1,6.972905
8,10,37.236378
8,11,36.81772
8,12,35.78808
8,13,34.217644
8,14,32.226658
8,15,30.0
8,2,13.55851
8,3,19.465187
8,4,24.529106
8,5,28.694344
8,6,31.974226
8,7,34.41565
8,8,36.07425
8,9,37.000664
9,0,0.0
9,1,8.737875
9,10,42.90022
9,11,41.878963
9,12,39.9875
9,13,37.263233
9,14,33.839996
9,15,30.0
9,2,16.862465
9,3,23.966572
9,4,29.878036
9,5,34.589172
9,6,38.174095
9,7,40.728825
9,8,42.336758
9,9,43.052788
