0,0,0.0
0,1,0.0
0,10,0.0
0,11,0.0
0,12,0.0
0,13,0.0
0,14,0.0
0,15,30.0
0,2,0.0
0,3,0.0
0,4,0.0
0,5,0.0
0,6,0.0
0,7,0.0
0,8,0.0
0,9,0.0
1,0,0.0
1,1,0.63519716
1,10,5.1745043
1,11,5.943845
1,12,7.234438
1,13,9.735605
1,14,15.341799
1,15,30.0
1,2,1.2546377
1,3,1.8444455
1,4,2.3943233
1,5,2.8990319
1,6,3.359814
1,7,3.786247
1,8,4.1994424
1,9,4.638489
10,0,0.0
10,1,11.117921
10,10,49.440254
10,11,47.81684
10,12,45.024834
10,13,41.01131
10,14,35.871895
10,15,30.0
10,2,21.190414
10,3,29.66567
10,4,36.433716
10,5,41.617683
10,6,45.41237
10,7,47.997387
10,8,49.499786
10,9,49.98174
11,0,0.0
11,1,14.541979
11,10,57.0563
11,11,54.91825
11,12,51.279644
11,13,45.882507
11,14,38.634865
11,15,30.0
11,2,27.112843
11,3,37.06797
11,4,44.568428
11,5,50.029587
11,6,53.853836
11,7,56.34179
11,8,57.67649
11,9,57.927643
12,0,0.0
12,1,19.937313
12,10,65.93971
12,11,63.520775
12,12,59.293434
12,13,52.604523
12,14,42.785194
12,15,30.0
12,2,35.651302
12,3,46.925396
12,4,54.74298
12,5,60.07905
12,6,63.63232
12,7,65.840195
12,8,66.93748
12,9,66.99677
13,0,0.0
13,1,29.556084
13,10,76.18552
13,11,73.932144
13,12,69.76914
13,13,62.45719
13,14,49.901527
13,15,30.0
13,2,48.629913
13,3,60.23966
13,4,67.39952
13,5,71.91182
13,6,74.75677
13,7,76.44977
13,8,77.237076
13,9,77.1828
14,0,0.0
14,1,49.657204
14,10,87.68776
14,11,86.25345
14,12,83.39405
14,13,77.55374
14,14,64.36381
14,15,30.0
14,2,69.07277
14,3,78.00406
14,4,82.703926
14,5,85.41228
14,6,87.03357
14,7,87.96544
14,8,88.37864
14,9,88.31225
15,0,0.0
15,1,100.0
15,10,100.0
15,11,100.0
15,12,100.0
15,13,100.0
15,14,100.0
15,15,30.0
15,2,100.0
15,3,100.0
15,4,100.0
15,5,100.0
15,6,100.0
15,7,100.0
15,8,100.0
15,9,100.0
2,0,0.0
2,1,1.2861937
2,10,10.115867
2,11,11.366591
2,12,13.258425
2,13,16.366268
2,14,21.631634
2,15,30.0
2,2,2.5389934
2,3,3.7289424
2,4,4.833971
2,5,5.84217
2,6,6.754175
2,7,7.5859385
2,8,8.373241
2,9,9.180205
3,0,0.0
3,1,1.9706694
3,10,14.742516
3,11,16.148537
3,12,18.066637
3,13,20.83958
3,14,24.818554
3,15,30.0
3,2,3.8863652
3,3,5.6986
3,4,7.370751
3,5,8.881856
3,6,10.229164
3,7,11.430496
3,8,12.527784
3,9,13.593613
4,0,0.0
4,1,2.7102406
4,10,19.11256
4,11,20.418839
4,12,22.020359
4,13,24.107101
4,14,26.803122
4,15,30.0
4,2,5.3374376
4,3,7.8086867
4,4,10.0690155
4,5,12.085844
4,6,13.850698
4,7,15.379678
4,8,16.714378
4,9,17.924505
5,0,0.0
5,1,3.5330105
5,10,23.365025
5,11,24.394459
5,12,25.48929
5,13,26.765656
5,14,28.286985
5,15,30.0
5,2,6.9447613
5,3,10.130133
5,4,13.011333
5,5,15.542454
5,6,17.70881
5,7,19.523884
5,8,21.026287
5,9,22.278185
6,0,0.0
6,1,4.4772205
6,10,27.675648
6,11,28.305323
6,12,28.777205
6,13,29.179598
6,14,29.57935
6,15,30.0
6,2,8.778818
6,3,12.756257
6,4,16.30438
6,5,19.364578
6,6,21.919039
6,7,23.981625
6,8,25.58957
6,9,26.797745
7,0,0.0
7,1,5.597251
7,10,32.235325
7,11,32.37469
7,12,32.13517
7,13,31.596573
7,14,30.85101
7,15,30.0
7,2,10.937422
7,3,15.812261
7,4,20.086056
7,5,23.693275
7,6,26.622044
7,7,28.894966
7,8,30.553566
7,9,31.648495
8,0,0.0
8,1,6.9745693
8,10,37.243332
8,11,36.823692
8,12,35.79281
8,13,34.220917
8,14,32.22833
8,15,30.0
8,2,13.561766
8,3,19.469894
8,4,24.535057
8,5,28.701283
8,6,31.98185
8,7,34.42363
8,8,36.082226
8,9,37.008305
9,0,0.0
9,1,8.739469
9,10,42.90689
9,11,41.88469
9,12,39.99203
9,13,37.26637
9,14,33.8416
9,15,30.0
9,2,16.865585
9,3,23.97108
9,4,29.883741
9,5,34.595818
9,6,38.181396
9,7,40.736465
9,8,42.344406
9,9,43.060104
