0,0,0.0
0,1,0.0
0,10,0.0
0,11,0.0
0,12,0.0
0,13,0.0
0,14,0.0
0,15,30.0
0,2,0.0
0,3,0.0
0,4,0.0
0,5,0.0
0,6,0.0
0,7,0.0
0,8,0.0
0,9,0.0
1,0,0.0
1,1,0.64100605
1,10,5.1511927
1,11,5.9192476
1,12,7.21202
1,13,9.718536
1,14,15.332599
1,15,30.0
1,2,1.2649732
1,3,1.8571237
1,4,2.4063954
1,5,2.9076853
1,6,3.3625047
1,7,3.7815628
1,8,4.187066
1,9,4.6195188
10,0,0.0
10,1,10.984977
10,10,48.688896
10,11,47.153194
10,12,44.48731
10,13,40.63307
10,14,35.676456
10,15,30.0
10,2,20.92633
10,3,29.274288
10,4,35.922825
10,5,40.999416
10,6,44.705338
10,7,47.226654
10,8,48.697067
10,9,49.184456
11,0,0.0
11,1,14.412411
11,10,56.347008
11,11,54.29306
11,12,50.77463
11,13,45.52742
11,14,38.451683
11,15,30.0
11,2,26.855751
11,3,36.688313
11,4,44.074394
11,5,49.43442
11,6,53.176033
11,7,55.606094
11,8,56.913433
11,9,57.172302
12,0,0.0
12,1,19.82462
12,10,65.33617
12,11,62.99005
12,12,58.86509
12,13,52.303856
12,14,42.630077
12,15,30.0
12,2,35.428112
12,3,46.59626
12,4,54.315933
12,5,59.565865
12,6,63.04969
12,7,65.20964
12,8,66.2852
12,9,66.35289
13,0,0.0
13,1,29.472858
13,10,75.746025
13,11,73.54595
13,12,69.45794
13,13,62.238754
13,14,49.788956
13,15,30.0
13,2,48.465126
13,3,59.99706
13,4,67.08514
13,5,71.53479
13,6,74.3295
13,7,75.98822
13,8,76.76056
13,9,76.71307
14,0,0.0
14,1,49.612984
14,10,87.45611
14,11,86.05014
14,12,83.23022
14,13,77.43886
14,14,64.30458
14,15,30.0
14,2,68.98529
14,3,77.87532
14,4,82.53729
14,5,85.212616
14,6,86.80755
14,7,87.72156
14,8,88.12706
14,9,88.06456
15,0,0.0
15,1,100.0
15,10,100.0
15,11,100.0
15,12,100.0
15,13,100.0
15,14,100.0
15,15,30.0
15,2,100.0
15,3,100.0
15,4,100.0
15,5,100.0
15,6,100.0
15,7,100.0
15,8,100.0
15,9,100.0
2,0,0.0
2,1,1.2943146
2,10,10.0568905
2,11,11.307068
2,12,13.205467
2,13,16.32665
2,14,21.610413
2,15,30.0
2,2,2.5530188
2,3,3.7445917
2,4,4.846245
2,5,5.845654
2,6,6.744873
2,7,7.5613956
2,8,8.333737
2,9,9.1284485
3,0,0.0
3,1,1.9749641
3,10,14.626118
3,11,16.03566
3,12,17.968988
3,13,20.767605
3,14,24.78042
3,15,30.0
3,2,3.8918638
3,3,5.700159
3,4,7.361545
3,5,8.855813
3,6,10.181321
3,7,11.359258
3,8,12.434814
3,9,13.484524
4,0,0.0
4,1,2.7029035
4,10,18.91245
4,11,20.230844
4,12,21.860912
4,13,23.991344
4,14,26.742172
4,15,30.0
4,2,5.3196774
4,3,7.7745943
4,4,10.012178
4,5,11.999861
4,6,13.732274
4,7,15.228797
4,8,16.536142
4,9,17.728539
5,0,0.0
5,1,3.5066214
5,10,23.057308
5,11,24.111233
5,12,25.252956
5,13,26.595615
5,14,28.198097
5,15,30.0
5,2,6.888873
5,3,10.039943
5,4,12.880864
5,5,15.367829
5,6,17.48872
5,7,19.262465
5,8,20.732878
5,9,21.967836
6,0,0.0
6,1,4.4259057
6,10,27.244926
6,11,27.914907
6,12,28.45462
6,13,28.949446
6,14,29.45942
6,15,30.0
6,2,8.674059
6,3,12.5941105
6,4,16.08178
6,5,19.079939
6,6,21.57571
6,7,23.588036
6,8,25.160936
6,9,26.355219
7,0,0.0
7,1,5.518712
7,10,31.68111
7,11,31.877064
7,12,31.72745
7,13,31.306946
7,14,30.70071
7,15,30.0
7,2,10.7789
7,3,15.572334
7,4,19.763874
7,5,23.291855
7,6,26.148737
7,7,28.364082
7,8,29.985989
7,9,31.071505
8,0,0.0
8,1,6.8703895
8,10,36.582485
8,11,36.23488
8,12,35.312637
8,13,33.881416
8,14,32.052387
8,15,30.0
8,2,13.353371
8,3,19.15752
8,4,24.121693
8,5,28.19323
8,6,31.39173
8,7,33.77044
8,8,35.39235
8,9,36.31449
9,0,0.0
9,1,8.6159525
9,10,42.17531
9,11,41.235783
9,12,39.465298
9,13,36.894695
9,14,33.649467
9,15,30.0
9,2,16.619305
9,3,23.60479
9,4,29.402649
9,5,34.010323
9,6,37.50741
9,7,39.99726
9,8,41.570156
9,9,42.28692
