0,0,0.0
0,1,0.0
0,10,0.0
0,11,0.0
0,12,0.0
0,13,0.0
0,14,0.0
0,15,30.0
0,2,0.0
0,3,0.0
0,4,0.0
0,5,0.0
0,6,0.0
0,7,0.0
0,8,0.0
0,9,0.0
1,0,0.0
1,1,0.6539702
1,10,5.1782827
1,11,5.939974
1,12,7.226796
1,13,9.727917
1,14,15.337137
1,15,30.0
1,2,1.2897379
1,3,1.891603
1,4,2.4477067
1,5,2.9527204
1,6,3.408081
1,7,3.82498
1,8,4.2261653
1,9,4.652936
10,0,0.0
10,1,10.95106
10,10,48.4359
10,11,46.925686
10,12,44.30045
10,13,40.500347
10,14,35.607464
10,15,30.0
10,2,20.857662
10,3,29.16944
10,4,35.781036
10,5,40.821102
10,6,44.49358
10,7,46.98748
10,8,48.43994
10,9,48.922047
11,0,0.0
11,1,14.37454
11,10,56.093376
11,11,54.066303
11,12,50.58951
11,13,45.39624
11,14,38.38372
11,15,30.0
11,2,26.779575
11,3,36.573544
11,4,43.92124
11,5,49.244835
11,6,52.95409
11,7,55.358795
11,8,56.65079
11,9,56.906837
12,0,0.0
12,1,19.78887
12,10,65.111435
12,11,62.790142
12,12,58.702263
12,13,52.18886
12,14,42.570515
12,15,30.0
12,2,35.35661
12,3,46.489117
12,4,54.174217
12,5,59.39184
12,6,62.847755
12,7,64.98646
12,8,66.04982
12,9,66.116585
13,0,0.0
13,1,29.445143
13,10,75.57811
13,11,73.396866
13,12,69.33685
13,13,62.15328
13,14,49.744766
13,15,30.0
13,2,48.409756
13,3,59.91449
13,4,66.97633
13,5,71.40193
13,6,74.17607
13,7,75.81945
13,8,76.58339
13,9,76.53581
14,0,0.0
14,1,49.59786
14,10,87.3663
14,11,85.970566
14,12,83.16561
14,13,77.39333
14,14,64.28103
14,15,30.0
14,2,68.955154
14,3,77.830414
14,4,82.4783
14,5,85.14073
14,6,86.72479
14,7,87.63077
14,8,88.03195
14,9,87.969635
15,0,0.0
15,1,100.0
15,10,100.0
15,11,100.0
15,12,100.0
15,13,100.0
15,14,100.0
15,15,30.0
15,2,100.0
15,3,100.0
15,4,100.0
15,5,100.0
15,6,100.0
15,7,100.0
15,8,100.0
15,9,100.0
2,0,0.0
2,1,1.3178794
2,10,10.102492
2,11,11.341301
2,12,13.229336
2,13,16.341553
2,14,21.617504
2,15,30.0
2,2,2.598036
2,3,3.8069735
2,4,4.920782
2,5,5.9263124
2,6,6.8259716
2,7,7.637821
2,8,8.401765
2,9,9.185716
3,0,0.0
3,1,2.0048923
3,10,14.674742
3,11,16.070253
3,12,17.99178
3,13,20.780985
3,14,24.786535
3,15,30.0
3,2,3.948729
3,3,5.778636
3,4,7.4543242
3,5,8.955151
3,6,10.279453
3,7,11.4498825
3,8,12.513239
3,9,13.548285
4,0,0.0
4,1,2.7336493
4,10,18.944542
4,11,20.24944
4,12,21.869751
4,13,23.994513
4,14,26.742828
4,15,30.0
4,2,5.377845
4,3,7.853783
4,4,10.104381
4,5,12.095999
4,6,13.824183
4,7,15.309618
4,8,16.601612
4,9,17.77693
5,0,0.0
5,1,3.5325196
5,10,23.053246
5,11,24.097218
5,12,25.235146
5,13,26.579754
5,14,28.188923
5,15,30.0
5,2,6.937068
5,3,10.104137
5,4,12.952565
5,5,15.438448
5,6,17.550158
5,7,19.309036
5,8,20.761497
5,9,21.97863
6,0,0.0
6,1,4.441881
6,10,27.188713
6,11,27.855232
6,12,28.39989
6,13,28.9078
6,14,29.436893
6,15,30.0
6,2,8.702774
6,3,12.629396
6,4,16.11626
6,5,19.105684
6,6,21.58649
6,7,23.579779
6,8,25.133015
6,9,26.310345
7,0,0.0
7,1,5.521492
7,10,31.564255
7,11,31.764664
7,12,31.630825
7,13,31.236008
7,14,30.663227
7,15,30.0
7,2,10.781517
7,3,15.569855
7,4,19.749908
7,5,23.260723
7,6,26.096085
7,7,28.288712
7,8,29.890034
7,9,30.960678
8,0,0.0
8,1,6.858776
8,10,36.4058
8,11,36.07131
8,12,35.175354
8,13,33.78248
8,14,32.00051
8,15,30.0
8,2,13.327995
8,3,19.11438
8,4,24.056557
8,5,28.102264
8,6,31.273537
8,7,33.626453
8,8,35.227776
8,9,36.13813
9,0,0.0
9,1,8.591397
9,10,41.95028
9,11,41.031055
9,12,39.295986
9,13,36.773613
9,14,33.58641
9,15,30.0
9,2,16.568584
9,3,23.525497
9,4,29.292078
9,5,33.867256
9,6,37.332676
9,7,39.795097
9,8,41.34833
9,9,42.056526
