0,0,0.0
0,1,0.0
0,10,0.0
0,11,0.0
0,12,0.0
0,13,0.0
0,14,0.0
0,15,30.0
0,2,0.0
0,3,0.0
0,4,0.0
0,5,0.0
0,6,0.0
0,7,0.0
0,8,0.0
0,9,0.0
1,0,0.0
1,1,0.63565564
1,10,5.1764174
1,11,5.945486
1,12,7.235736
1,13,9.736504
1,14,15.342258
1,15,30.0
1,2,1.2555349
1,3,1.845742
1,4,2.3959627
1,5,2.9009426
1,6,3.3619125
1,7,3.788442
1,8,4.2016373
1,9,4.6405883
10,0,0.0
10,1,11.119837
10,10,49.448242
10,11,47.8237
10,12,45.030254
10,13,41.01506
10,14,35.873817
10,15,30.0
10,2,21.194166
10,3,29.67109
10,4,36.44057
10,5,41.62567
10,6,45.421143
10,7,48.006565
10,8,49.508965
10,9,49.99052
11,0,0.0
11,1,14.543626
11,10,57.063164
11,11,54.92414
11,12,51.284294
11,13,45.885735
11,14,38.636505
11,15,30.0
11,2,27.116064
11,3,37.072624
11,4,44.574314
11,5,50.03644
11,6,53.861374
11,7,56.349667
11,8,57.684364
11,9,57.93518
12,0,0.0
12,1,19.938616
12,10,65.94514
12,11,63.525433
12,12,59.297123
12,13,52.60707
12,14,42.7865
12,15,30.0
12,2,35.653854
12,3,46.92908
12,4,54.747643
12,5,60.08448
12,6,63.638283
12,7,65.84643
12,8,66.94371
12,9,67.00273
13,0,0.0
13,1,29.556988
13,10,76.18927
13,11,73.93537
13,12,69.7717
13,13,62.458958
13,14,49.902428
13,15,30.0
13,2,48.631683
13,3,60.24221
13,4,67.402756
13,5,71.91557
13,6,74.7609
13,7,76.45409
13,8,77.24139
13,9,77.186935
14,0,0.0
14,1,49.657665
14,10,87.68968
14,11,86.2551
14,12,83.395355
14,13,77.55464
14,14,64.364265
14,15,30.0
14,2,69.07367
14,3,78.00536
14,4,82.705574
14,5,85.414215
14,6,87.03568
14,7,87.96764
14,8,88.380844
14,9,88.314354
15,0,0.0
15,1,100.0
15,10,100.0
15,11,100.0
15,12,100.0
15,13,100.0
15,14,100.0
15,15,30.0
15,2,100.0
15,3,100.0
15,4,100.0
15,5,100.0
15,6,100.0
15,7,100.0
15,8,100.0
15,9,100.0
2,0,0.0
2,1,1.287091
2,10,10.119608
2,11,11.369802
2,12,13.260965
2,13,16.368027
2,14,21.632532
2,15,30.0
2,2,2.5407486
2,3,3.7314794
2,4,4.8371787
2,5,5.845908
2,6,6.758281
2,7,7.590233
2,8,8.377537
2,9,9.184314
3,0,0.0
3,1,1.9719661
3,10,14.747925
3,11,16.153177
3,12,18.070309
3,13,20.842121
3,14,24.81985
3,15,30.0
3,2,3.8889024
3,3,5.7022667
3,4,7.375387
3,5,8.8872595
3,6,10.235101
3,7,11.436704
3,8,12.533994
3,9,13.599552
4,0,0.0
4,1,2.7118807
4,10,19.1194
4,11,20.424707
4,12,22.025002
4,13,24.110313
4,14,26.804764
4,15,30.0
4,2,5.3406467
4,3,7.813324
4,4,10.07488
4,5,12.092678
4,6,13.858205
4,7,15.387529
4,8,16.722233
4,9,17.932016
5,0,0.0
5,1,3.5349226
5,10,23.372995
5,11,24.4013
5,12,25.494701
5,13,26.769402
5,14,28.288898
5,15,30.0
5,2,6.9485025
5,3,10.135538
5,4,13.01817
5,5,15.550423
5,6,17.717564
5,7,19.53304
5,8,21.035442
5,9,22.286942
6,0,0.0
6,1,4.4793215
6,10,27.684408
6,11,28.312836
6,12,28.78315
6,13,29.18371
6,14,29.581451
6,15,30.0
6,2,8.782928
6,3,12.7621975
6,4,16.311892
6,5,19.373333
6,6,21.928654
6,7,23.991684
6,8,25.599628
6,9,26.807365
7,0,0.0
7,1,5.599449
7,10,32.244488
7,11,32.382557
7,12,32.141388
7,13,31.600876
7,14,30.85321
7,15,30.0
7,2,10.941723
7,3,15.818477
7,4,20.093918
7,5,23.702435
7,6,26.632107
7,7,28.905489
7,8,30.564087
7,9,31.658562
8,0,0.0
8,1,6.9767685
8,10,37.252506
8,11,36.83156
8,12,35.799026
8,13,34.22522
8,14,32.23053
8,15,30.0
8,2,13.566069
8,3,19.476114
8,4,24.542921
8,5,28.71045
8,6,31.991917
8,7,34.434155
8,8,36.092754
8,9,37.01837
9,0,0.0
9,1,8.741573
9,10,42.915657
9,11,41.892212
9,12,39.997982
9,13,37.27049
9,14,33.843704
9,15,30.0
9,2,16.869701
9,3,23.977032
9,4,29.891266
9,5,34.604588
9,6,38.19103
9,7,40.746536
9,8,42.354485
9,9,43.06974
