0,0,0.0
0,1,0.0
0,10,0.0
0,11,0.0
0,12,0.0
0,13,0.0
0,14,0.0
0,15,0.0
0,16,0.0
0,17,0.0
0,18,0.0
0,19,0.0
0,2,0.0
0,20,0.0
0,21,0.0
0,22,0.0
0,23,0.0
0,24,0.0
0,25,0.0
0,26,0.0
0,27,0.0
0,28,0.0
0,29,30.0
0,3,0.0
0,4,0.0
0,5,0.0
0,6,0.0
0,7,0.0
0,8,0.0
0,9,0.0
1,0,0.0
1,1,0.30934525
1,10,2.4390826
1,11,2.5693717
1,12,2.6805801
1,13,2.7755783
1,14,2.857535
1,15,2.9303403
1,16,2.998361
1,17,3.0668464
1,18,3.1421723
1,19,3.2324717
1,2,0.6137162
1,20,3.3487735
1,21,3.5066967
1,22,3.7300878
1,23,4.0574465
1,24,4.5564785
1,25,5.3570967
1,26,6.738134
1,27,9.377007
1,28,15.15399
1,29,30.0
1,3,0.9084572
1,4,1.189224
1,5,1.4525417
1,6,1.6954546
1,7,1.9162041
1,8,2.1136
1,9,2.2877097
10,0,0.0
10,1,2.4329262
10,10,19.150267
10,11,20.15735
10,12,21.006964
10,13,21.71607
10,14,22.305
10,15,22.794651
10,16,23.207222
10,17,23.564672
10,18,23.888878
10,19,24.20126
10,2,4.8268447
10,20,24.52224
10,21,24.871609
10,22,25.26705
10,23,25.724545
10,24,26.255829
10,25,26.868214
10,26,27.561466
10,27,28.327492
10,28,29.148724
10,29,30.0
10,3,7.1442823
10,4,9.352076
10,5,11.421164
10,6,13.329897
10,7,15.062007
10,8,16.609814
10,9,17.970795
11,0,0.0
11,1,2.5597372
11,10,20.14326
11,11,21.20091
11,12,22.091278
11,13,22.832954
11,14,23.445805
11,15,23.951757
11,16,24.37263
11,17,24.730417
11,18,25.046328
11,19,25.340513
11,2,5.0782385
11,20,25.632095
11,21,25.9382
11,22,26.274487
11,23,26.653393
11,24,27.084602
11,25,27.572777
11,26,28.117838
11,27,28.713135
11,28,29.34639
11,29,30.0
11,3,7.516577
11,4,9.839001
11,5,12.016024
11,6,14.023493
11,7,15.84575
11,8,17.47305
11,9,18.904264
12,0,0.0
12,1,2.6657245
12,10,20.973284
12,11,22.072302
12,12,22.996773
12,13,23.76463
12,14,24.396912
12,15,24.915117
12,16,25.341516
12,17,25.69763
12,18,26.004126
12,19,26.280376
12,2,5.2886457
12,20,26.543884
12,21,26.810589
12,22,27.09372
12,23,27.404408
12,24,27.750078
12,25,28.135048
12,26,28.55894
12,27,29.017467
12,28,29.501785
12,29,30.0
12,3,7.82773
12,4,10.246487
12,5,12.513166
12,6,14.603802
12,7,16.500675
12,8,18.19503
12,9,19.68412
13,0,0.0
13,1,2.7530031
13,10,21.655308
13,11,22.7886
13,12,23.740305
13,13,24.529556
13,14,25.176872
13,15,25.704462
13,16,26.134184
13,17,26.487516
13,18,26.784618
13,19,27.043983
13,2,5.4616394
13,20,27.28239
13,21,27.514172
13,22,27.751736
13,23,28.00443
13,24,28.279282
13,25,28.57971
13,26,28.906345
13,27,29.256138
13,28,29.623417
13,29,30.0
13,3,8.083937
13,4,10.581507
13,5,12.9224415
13,6,15.080875
13,7,17.039686
13,8,18.788475
13,9,20.32565
14,0,0.0
14,1,2.8235931
14,10,22.207092
14,11,23.36745
14,12,24.341297
14,13,25.147152
14,14,25.806377
14,15,26.340748
14,16,26.772417
14,17,27.122482
14,18,27.410732
14,19,27.655193
14,2,5.6017895
14,20,27.871653
14,21,28.073925
14,22,28.273096
14,23,28.47819
14,24,28.695223
14,25,28.92802
14,26,29.177366
14,27,29.44191
14,28,29.717863
14,29,30.0
14,3,8.29115
14,4,10.8528805
14,5,13.253439
14,6,15.467219
14,7,17.475561
14,8,19.268875
14,9,20.84431
15,0,0.0
15,1,2.879858
15,10,22.645847
15,11,23.827982
15,12,24.818897
15,13,25.637966
15,14,26.306084
15,15,26.845524
15,16,27.278091
15,17,27.624859
15,18,27.905293
15,19,28.136875
15,2,5.71329
15,20,28.335056
15,21,28.512735
15,22,28.68076
15,23,28.847256
15,24,29.01838
15,25,29.197636
15,26,29.386707
15,27,29.58501
15,28,29.790558
15,29,30.0
15,3,8.456295
15,4,11.068777
15,5,13.517183
15,6,15.774562
15,7,17.822756
15,8,19.650986
15,9,21.257254
16,0,0.0
16,1,2.9238892
16,10,22.989384
16,11,24.188122
16,12,25.192528
16,13,26.0215
16,14,26.696499
16,15,27.239454
16,16,27.672375
16,17,28.016075
16,18,28.289791
16,19,28.510777
16,2,5.8007193
16,20,28.693903
16,21,28.851898
16,22,28.9949
16,23,29.13107
16,24,29.26609
16,25,29.40393
16,26,29.546432
16,27,29.694084
16,28,29.84587
16,29,30.0
16,3,8.585532
16,4,11.238032
16,5,13.723572
16,6,16.015442
16,7,18.094427
16,8,19.950344
16,9,21.580305
17,0,0.0
17,1,2.957855
17,10,23.253704
17,11,24.465405
17,12,25.479855
17,13,26.316498
17,14,26.996462
17,15,27.541996
17,16,27.974865
17,17,28.315876
17,18,28.584095
17,19,28.796452
17,2,5.8680167
17,20,28.967693
17,21,29.110043
17,22,29.233631
17,23,29.346159
17,24,29.453545
17,25,29.559624
17,26,29.66686
17,27,29.77615
17,28,29.887484
17,29,30.0
17,3,8.685214
17,4,11.368316
17,5,13.882725
17,6,16.200848
17,7,18.303846
17,8,20.180735
17,9,21.829208
18,0,0.0
18,1,2.9835706
18,10,23.453968
18,11,24.675217
18,12,25.69738
18,13,26.539577
18,14,27.22329
18,15,27.770538
18,16,28.20322
18,17,28.54198
18,18,28.805761
18,19,29.011393
18,2,5.9190826
18,20,29.173298
18,21,29.30368
18,22,29.412289
18,23,29.506943
18,24,29.59332
18,25,29.675621
18,26,29.756388
18,27,29.837143
18,28,29.918364
18,29,30.0
18,3,8.760683
18,4,11.467156
18,5,14.003216
18,6,16.341467
18,7,18.462383
18,8,20.355392
18,9,22.017605
19,0,0.0
19,1,3.0027664
19,10,23.603043
19,11,24.831528
19,12,25.859234
19,13,26.70562
19,14,27.391949
19,15,27.94043
19,16,28.372818
19,17,28.709763
19,18,28.97011
19,19,29.170519
19,2,5.9571095
19,20,29.325382
19,21,29.446632
19,22,29.544073
19,23,29.625278
19,24,29.696135
19,25,29.760757
19,26,29.82208
19,27,29.88182
19,28,29.940994
19,29,30.0
19,3,8.81701
19,4,11.540757
19,5,14.093123
19,6,16.44617
19,7,18.580633
19,8,20.485432
19,9,22.158058
2,0,0.0
2,1,0.61369926
2,10,4.838688
2,11,5.0968294
2,12,5.3172936
2,13,5.505211
2,14,5.6672015
2,15,5.8105383
2,16,5.9438906
2,17,6.0772324
2,18,6.222675
2,19,6.3954954
2,2,1.2176062
2,20,6.6157374
2,21,6.911468
2,22,7.3234215
2,23,7.9146566
2,24,8.786962
2,25,10.114045
2,26,12.203329
2,27,15.605806
2,28,21.233837
2,29,30.0
2,3,1.8022541
2,4,2.3593912
2,5,2.8816316
2,6,3.3636963
2,7,3.8014333
2,8,4.193177
2,9,4.5383377
20,0,0.0
20,1,3.0168245
20,10,23.712326
20,11,24.945953
20,12,25.977795
20,13,26.827106
20,14,27.515368
20,15,28.064638
20,16,28.496754
20,17,28.832273
20,18,29.089985
20,19,29.28651
20,2,5.9850273
20,20,29.436068
20,21,29.550606
20,22,29.639736
20,23,29.711143
20,24,29.770578
20,25,29.822393
20,26,29.869549
20,27,29.914112
20,28,29.957325
20,29,30.0
20,3,8.858261
20,4,11.594785
20,5,14.158966
20,6,16.523006
20,7,18.667229
20,8,20.580818
20,9,22.260899
21,0,0.0
21,1,3.0269773
21,10,23.791016
21,11,25.028427
21,12,26.063139
21,13,26.914604
21,14,27.604156
21,15,28.153986
21,16,28.585835
21,17,28.920277
21,18,29.176044
21,19,29.369677
21,2,6.0051365
21,20,29.51539
21,21,29.624998
21,22,29.708164
21,23,29.772444
21,24,29.823725
21,25,29.86631
21,26,29.903381
21,27,29.937092
21,28,29.968954
21,29,30.0
21,3,8.888049
21,4,11.6336975
21,5,14.206499
21,6,16.578344
21,7,18.72972
21,8,20.64951
21,9,22.335077
22,0,0.0
22,1,3.034169
22,10,23.846819
22,11,25.086823
22,12,26.12362
22,13,26.976528
22,14,27.667019
22,15,28.217188
22,16,28.64883
22,17,28.982468
22,18,29.236809
22,19,29.428375
22,2,6.0194197
22,20,29.571304
22,21,29.677425
22,22,29.756306
22,23,29.81557
22,24,29.861046
22,25,29.89716
22,26,29.927105
22,27,29.953213
22,28,29.977104
22,29,30.0
22,3,8.909149
22,4,11.661331
22,5,14.240167
22,6,16.617628
22,7,18.77398
22,8,20.698254
22,9,22.387606
23,0,0.0
23,1,3.0391927
23,10,23.885677
23,11,25.127537
23,12,26.165722
23,13,27.01967
23,14,27.710764
23,15,28.261177
23,16,28.69264
23,17,29.0257
23,18,29.27903
23,19,29.46912
23,2,6.029369
23,20,29.610107
23,21,29.713757
23,22,29.789669
23,23,29.84541
23,24,29.886873
23,25,29.918474
23,26,29.943504
23,27,29.96434
23,28,29.982733
23,29,30.0
23,3,8.923886
23,4,11.680579
23,5,14.263678
23,6,16.644993
23,7,18.804873
23,8,20.7322
23,9,22.424255
24,0,0.0
24,1,3.042634
24,10,23.912333
24,11,25.155415
24,12,26.19458
24,13,27.0492
24,14,27.740728
24,15,28.291273
24,16,28.722616
24,17,29.05526
24,18,29.307882
24,19,29.496956
24,2,6.0362024
24,20,29.636585
24,21,29.73855
24,22,29.812403
24,23,29.865746
24,24,29.904451
24,25,29.932983
24,26,29.954655
24,27,29.97191
24,28,29.986557
24,29,30.0
24,3,8.933982
24,4,11.6938
24,5,14.279781
24,6,16.66378
24,7,18.826033
24,8,20.755499
24,9,22.449352
25,0,0.0
25,1,3.0449586
25,10,23.930279
25,11,25.174213
25,12,26.21401
25,13,27.0691
25,14,27.760891
25,15,28.311537
25,16,28.742779
25,17,29.075138
25,18,29.32728
25,19,29.515656
25,2,6.040807
25,20,29.654373
25,21,29.755184
25,22,29.82766
25,23,29.879375
25,24,29.916233
25,25,29.9427
25,26,29.962122
25,27,29.976976
25,28,29.989117
25,29,30.0
25,3,8.940801
25,4,11.702704
25,5,14.290655
25,6,16.676434
25,7,18.840317
25,8,20.771187
25,9,22.466288
26,0,0.0
26,1,3.0464985
26,10,23.942184
26,11,25.186657
26,12,26.226889
26,13,27.082272
26,14,27.774246
26,15,28.324944
26,16,28.756123
26,17,29.088287
26,18,29.3401
26,19,29.528013
26,2,6.0438643
26,20,29.666115
26,21,29.76617
26,22,29.83772
26,23,29.88837
26,24,29.924
26,25,29.949104
26,26,29.967041
26,27,29.98031
26,28,29.990803
26,29,30.0
26,3,8.945316
26,4,11.708618
26,5,14.297856
26,6,16.684834
26,7,18.849775
26,8,20.7816
26,9,22.477497
27,0,0.0
27,1,3.047504
27,10,23.949932
27,11,25.19477
27,12,26.235271
27,13,27.09085
27,14,27.782934
27,15,28.333668
27,16,28.764801
27,17,29.096836
27,18,29.348436
27,19,29.536041
27,2,6.045855
27,20,29.673748
27,21,29.773298
27,22,29.844257
27,23,29.894201
27,24,29.929039
27,25,29.953259
27,26,29.970226
27,27,29.982475
27,28,29.991894
27,29,30.0
27,3,8.948265
27,4,11.712467
27,5,14.302558
27,6,16.690304
27,7,18.855947
27,8,20.78838
27,9,22.484814
28,0,0.0
28,1,3.0481477
28,10,23.954903
28,11,25.199965
28,12,26.240644
28,13,27.096342
28,14,27.7885
28,15,28.339252
28,16,28.770353
28,17,29.102306
28,18,29.353764
28,19,29.541176
28,2,6.047134
28,20,29.678623
28,21,29.777855
28,22,29.848425
28,23,29.897926
28,24,29.932253
28,25,29.955902
28,26,29.972265
28,27,29.983852
28,28,29.992592
28,29,30.0
28,3,8.950153
28,4,11.714939
28,5,14.305568
28,6,16.693811
28,7,18.859901
28,8,20.792727
28,9,22.489494
29,0,0.0
29,1,3.0485544
29,10,23.958027
29,11,25.203236
29,12,26.244022
29,13,27.0998
29,14,27.792
29,15,28.342766
29,16,28.773846
29,17,29.105745
29,18,29.357117
29,19,29.5444
29,2,6.0479393
29,20,29.681683
29,21,29.780716
29,22,29.851044
29,23,29.900263
29,24,29.934269
29,25,29.95757
29,26,29.973537
29,27,29.98472
29,28,29.993029
29,29,30.0
29,3,8.951345
29,4,11.7164955
29,5,14.3074665
29,6,16.696022
29,7,18.862392
29,8,20.795465
29,9,22.492447
3,0,0.0
3,1,0.9083866
3,10,7.160946
3,11,7.5427856
3,12,7.868219
3,13,8.145454
3,14,8.383495
3,15,8.5932665
3,16,8.786827
3,17,8.978355
3,18,9.18456
3,19,9.425926
3,2,1.8021638
3,20,9.72889
3,21,10.128464
3,22,10.673708
3,23,11.434679
3,24,12.515268
3,25,14.070002
3,26,16.326046
3,27,19.589188
3,28,24.165632
3,29,30.0
3,3,2.6676476
3,4,3.4920866
3,5,4.265254
3,6,4.9784765
3,7,5.6265554
3,8,6.205994
3,9,6.716931
30,0,0.0
30,1,3.048806
30,10,23.959967
30,11,25.205257
30,12,26.246115
30,13,27.101938
30,14,27.794167
30,15,28.344938
30,16,28.776005
30,17,29.10787
30,18,29.359188
30,19,29.546392
30,2,6.0484385
30,20,29.68358
30,21,29.782478
30,22,29.852665
30,23,29.901703
30,24,29.935514
30,25,29.95859
30,26,29.974327
30,27,29.98525
30,28,29.9933
30,29,30.0
30,3,8.952083
30,4,11.717461
30,5,14.308642
30,6,16.697392
30,7,18.863934
30,8,20.797161
30,9,22.49427
31,0,0.0
31,1,3.0489595
31,10,23.961143
31,11,25.206493
31,12,26.247383
31,13,27.103241
31,14,27.795483
31,15,28.34626
31,16,28.777317
31,17,29.109165
31,18,29.360443
31,19,29.547607
31,2,6.0487423
31,20,29.684725
31,21,29.783558
31,22,29.853642
31,23,29.902582
31,24,29.936268
31,25,29.959215
31,26,29.974804
31,27,29.985579
31,28,29.993462
31,29,30.0
31,3,8.952533
31,4,11.718048
31,5,14.30936
31,6,16.698225
31,7,18.864872
31,8,20.798191
31,9,22.495382
32,0,0.0
32,1,3.049051
32,10,23.96185
32,11,25.207226
32,12,26.248146
32,13,27.104015
32,14,27.79627
32,15,28.347048
32,16,28.778103
32,17,29.109934
32,18,29.361195
32,19,29.548326
32,2,6.0489244
32,20,29.685413
32,21,29.784193
32,22,29.85423
32,23,29.903101
32,24,29.93672
32,25,29.959583
32,26,29.975088
32,27,29.98577
32,28,29.99356
32,29,30.0
32,3,8.952802
32,4,11.718401
32,5,14.309788
32,6,16.698723
32,7,18.865435
32,8,20.79881
32,9,22.496048
33,0,0.0
33,1,3.0491054
33,10,23.962261
33,11,25.20766
33,12,26.248592
33,13,27.104473
33,14,27.79673
33,15,28.347513
33,16,28.778563
33,17,29.110386
33,18,29.361635
33,19,29.548752
33,2,6.0490313
33,20,29.685814
33,21,29.784573
33,22,29.85457
33,23,29.90341
33,24,29.936981
33,25,29.959803
33,26,29.975254
33,27,29.985884
33,28,29.993616
33,29,30.0
33,3,8.95296
33,4,11.718608
33,5,14.3100395
33,6,16.699017
33,7,18.865765
33,8,20.799171
33,9,22.496437
34,0,0.0
34,1,3.0491364
34,10,23.962498
34,11,25.20791
34,12,26.248848
34,13,27.104736
34,14,27.796997
34,15,28.347778
34,16,28.778828
34,17,29.110647
34,18,29.36189
34,19,29.548994
34,2,6.0490932
34,20,29.686049
34,21,29.784786
34,22,29.854773
34,23,29.903584
34,24,29.937136
34,25,29.959927
34,26,29.97535
34,27,29.985947
34,28,29.993649
34,29,30.0
34,3,8.953052
34,4,11.718726
34,5,14.310186
34,6,16.699188
34,7,18.865955
34,8,20.799381
34,9,22.496666
35,0,0.0
35,1,3.0491543
35,10,23.962637
35,11,25.208052
35,12,26.248999
35,13,27.104885
35,14,27.797152
35,15,28.34793
35,16,28.77898
35,17,29.110798
35,18,29.362032
35,19,29.549135
35,2,6.0491285
35,20,29.686176
35,21,29.784912
35,22,29.854881
35,23,29.903687
35,24,29.937222
35,25,29.959997
35,26,29.975405
35,27,29.985981
35,28,29.993668
35,29,30.0
35,3,8.953103
35,4,11.718794
35,5,14.310268
35,6,16.699286
35,7,18.866066
35,8,20.799501
35,9,22.496792
36,0,0.0
36,1,3.049164
36,10,23.962711
36,11,25.20813
36,12,26.249079
36,13,27.10497
36,14,27.797235
36,15,28.348017
36,16,28.779064
36,17,29.110878
36,18,29.362118
36,19,29.54921
36,2,6.049148
36,20,29.686253
36,21,29.784977
36,22,29.854946
36,23,29.90374
36,24,29.93727
36,25,29.960037
36,26,29.975433
36,27,29.986006
36,28,29.99368
36,29,30.0
36,3,8.953133
36,4,11.718832
36,5,14.310316
36,6,16.699337
36,7,18.866127
36,8,20.799568
36,9,22.496864
37,0,0.0
37,1,3.0491698
37,10,23.962753
37,11,25.208174
37,12,26.249123
37,13,27.105015
37,14,27.79728
37,15,28.348063
37,16,28.779108
37,17,29.110928
37,18,29.362158
37,19,29.549255
37,2,6.049159
37,20,29.68629
37,21,29.785015
37,22,29.854977
37,23,29.90377
37,24,29.937296
37,25,29.960058
37,26,29.975452
37,27,29.986015
37,28,29.993685
37,29,30.0
37,3,8.953148
37,4,11.718853
37,5,14.310339
37,6,16.699368
37,7,18.866158
37,8,20.799604
37,9,22.496902
38,0,0.0
38,1,3.0491724
38,10,23.962774
38,11,25.208195
38,12,26.249146
38,13,27.105038
38,14,27.797306
38,15,28.348087
38,16,28.779137
38,17,29.110947
38,18,29.362185
38,19,29.549276
38,2,6.049165
38,20,29.686316
38,21,29.785038
38,22,29.854996
38,23,29.903786
38,24,29.93731
38,25,29.960073
38,26,29.97546
38,27,29.986023
38,28,29.993687
38,29,30.0
38,3,8.953156
38,4,11.718864
38,5,14.310353
38,6,16.699383
38,7,18.866177
38,8,20.799625
38,9,22.496923
39,0,0.0
39,1,3.049174
39,10,23.962784
39,11,25.20821
39,12,26.249159
39,13,27.105053
39,14,27.797318
39,15,28.348099
39,16,28.779148
39,17,29.110962
39,18,29.362194
39,19,29.54929
39,2,6.049167
39,20,29.686325
39,21,29.78505
39,22,29.855007
39,23,29.903795
39,24,29.93732
39,25,29.960077
39,26,29.975468
39,27,29.986023
39,28,29.99369
39,29,30.0
39,3,8.953161
39,4,11.718869
39,5,14.31036
39,6,16.69939
39,7,18.866186
39,8,20.799633
39,9,22.496937
4,0,0.0
4,1,1.1890365
4,10,9.372284
4,11,9.871037
4,12,10.296057
4,13,10.65694
4,14,10.965921
4,15,11.236225
4,16,11.483273
4,17,11.724242
4,18,11.979152
4,19,12.271943
4,2,2.359086
4,20,12.631933
4,21,13.096887
4,22,13.715793
4,23,14.554553
4,24,15.700651
4,25,17.269062
4,26,19.399134
4,27,22.230837
4,28,25.825096
4,29,30.0
4,3,3.4918108
4,4,4.5711894
4,5,5.582926
4,6,6.516736
4,7,7.3645864
4,8,8.123163
4,9,8.7913
40,0,0.0
40,1,3.0491745
40,10,23.962795
40,11,25.208214
40,12,26.249168
40,13,27.105059
40,14,27.797325
40,15,28.348106
40,16,28.779154
40,17,29.11097
40,18,29.362202
40,19,29.549297
40,2,6.0491686
40,20,29.686333
40,21,29.785053
40,22,29.855011
40,23,29.903801
40,24,29.93732
40,25,29.960081
40,26,29.975468
40,27,29.986027
40,28,29.993689
40,29,30.0
40,3,8.953163
40,4,11.718872
40,5,14.310364
40,6,16.699394
40,7,18.86619
40,8,20.79964
40,9,22.49694
41,0,0.0
41,1,3.0491753
41,10,23.962795
41,11,25.208221
41,12,26.249166
41,13,27.105064
41,14,27.797327
41,15,28.34811
41,16,28.779158
41,17,29.110971
41,18,29.362206
41,19,29.5493
41,2,6.0491695
41,20,29.686335
41,21,29.785055
41,22,29.855013
41,23,29.903801
41,24,29.937325
41,25,29.960081
41,26,29.975468
41,27,29.986029
41,28,29.99369
41,29,30.0
41,3,8.953165
41,4,11.718873
41,5,14.310365
41,6,16.699398
41,7,18.866192
41,8,20.79964
41,9,22.496944
42,0,0.0
42,1,3.049175
42,10,23.9628
42,11,25.20822
42,12,26.249172
42,13,27.105062
42,14,27.79733
42,15,28.34811
42,16,28.77916
42,17,29.110973
42,18,29.36221
42,19,29.549301
42,2,6.0491705
42,20,29.686337
42,21,29.785055
42,22,29.855015
42,23,29.903805
42,24,29.937326
42,25,29.960083
42,26,29.97547
42,27,29.986029
42,28,29.99369
42,29,30.0
42,3,8.953165
42,4,11.718875
42,5,14.310366
42,6,16.699398
42,7,18.866194
42,8,20.799643
42,9,22.496944
43,0,0.0
43,1,3.0491753
43,10,23.9628
43,11,25.208221
43,12,26.24917
43,13,27.105066
43,14,27.79733
43,15,28.348114
43,16,28.77916
43,17,29.110973
43,18,29.36221
43,19,29.549301
43,2,6.0491705
43,20,29.686335
43,21,29.785057
43,22,29.855015
43,23,29.903805
43,24,29.937325
43,25,29.960085
43,26,29.975471
43,27,29.986027
43,28,29.99369
43,29,30.0
43,3,8.953166
43,4,11.718875
43,5,14.310368
43,6,16.699398
43,7,18.866194
43,8,20.799643
43,9,22.496946
44,0,0.0
44,1,3.0491753
44,10,23.9628
44,11,25.208221
44,12,26.249172
44,13,27.105064
44,14,27.797335
44,15,28.348114
44,16,28.77916
44,17,29.110973
44,18,29.36221
44,19,29.549301
44,2,6.0491705
44,20,29.686337
44,21,29.785057
44,22,29.855019
44,23,29.903805
44,24,29.937326
44,25,29.960083
44,26,29.975471
44,27,29.986029
44,28,29.99369
44,29,30.0
44,3,8.953166
44,4,11.718875
44,5,14.310369
44,6,16.699398
44,7,18.866196
44,8,20.799643
44,9,22.496944
45,0,0.0
45,1,3.0491753
45,10,23.9628
45,11,25.208221
45,12,26.249172
45,13,27.105064
45,14,27.79733
45,15,28.348114
45,16,28.77916
45,17,29.110973
45,18,29.36221
45,19,29.549303
45,2,6.0491705
45,20,29.686337
45,21,29.78506
45,22,29.855017
45,23,29.903805
45,24,29.937325
45,25,29.960085
45,26,29.97547
45,27,29.98603
45,28,29.99369
45,29,30.0
45,3,8.953165
45,4,11.718877
45,5,14.310368
45,6,16.6994
45,7,18.866196
45,8,20.799644
45,9,22.496946
46,0,0.0
46,1,3.0491753
46,10,23.9628
46,11,25.208221
46,12,26.249172
46,13,27.105064
46,14,27.797333
46,15,28.34811
46,16,28.779161
46,17,29.110973
46,18,29.36221
46,19,29.549303
46,2,6.0491705
46,20,29.686338
46,21,29.785057
46,22,29.855019
46,23,29.903807
46,24,29.937326
46,25,29.960085
46,26,29.975471
46,27,29.986029
46,28,29.99369
46,29,30.0
46,3,8.953166
46,4,11.718876
46,5,14.310369
46,6,16.6994
46,7,18.866196
46,8,20.799644
46,9,22.496944
47,0,0.0
47,1,3.049175
47,10,23.9628
47,11,25.208221
47,12,26.249172
47,13,27.105064
47,14,27.797329
47,15,28.348114
47,16,28.77916
47,17,29.110977
47,18,29.362207
47,19,29.549305
47,2,6.0491705
47,20,29.686337
47,21,29.78506
47,22,29.855017
47,23,29.903807
47,24,29.937325
47,25,29.960085
47,26,29.975471
47,27,29.986027
47,28,29.99369
47,29,30.0
47,3,8.953165
47,4,11.718876
47,5,14.310368
47,6,16.699398
47,7,18.866196
47,8,20.799643
47,9,22.496944
48,0,0.0
48,1,3.0491753
48,10,23.9628
48,11,25.208221
48,12,26.249172
48,13,27.105064
48,14,27.797333
48,15,28.34811
48,16,28.779161
48,17,29.110973
48,18,29.36221
48,19,29.549301
48,2,6.04917
48,20,29.68634
48,21,29.785055
48,22,29.855019
48,23,29.903803
48,24,29.937326
48,25,29.960083
48,26,29.97547
48,27,29.986027
48,28,29.99369
48,29,30.0
48,3,8.953165
48,4,11.718874
48,5,14.310368
48,6,16.699398
48,7,18.866194
48,8,20.799643
48,9,22.496944
49,0,0.0
49,1,3.049175
49,10,23.9628
49,11,25.208221
49,12,26.249174
49,13,27.105064
49,14,27.797333
49,15,28.348114
49,16,28.77916
49,17,29.110977
49,18,29.362206
49,19,29.549303
49,2,6.0491705
49,20,29.686335
49,21,29.785059
49,22,29.855015
49,23,29.903807
49,24,29.937325
49,25,29.960083
49,26,29.975468
49,27,29.986027
49,28,29.99369
49,29,30.0
49,3,8.953164
49,4,11.718875
49,5,14.310367
49,6,16.699398
49,7,18.866194
49,8,20.799643
49,9,22.496946
5,0,0.0
5,1,1.4521378
5,10,11.443403
5,11,12.051647
5,12,12.568666
5,13,13.006982
5,14,13.380187
5,15,13.704443
5,16,13.997105
5,17,14.277833
5,18,14.568661
5,19,14.894925
5,2,2.8809135
5,20,15.286882
5,21,15.780769
5,22,16.421738
5,23,17.264843
5,24,18.37741
5,25,19.83585
5,26,21.717297
5,27,24.0738
5,28,26.885881
5,29,30.0
5,3,4.264414
5,4,5.5822725
5,5,6.8180695
5,6,7.9579673
5,7,8.993544
5,8,9.919211
5,9,10.73502
50,0,0.0
50,1,3.0491753
50,10,23.962797
50,11,25.208221
50,12,26.249172
50,13,27.105066
50,14,27.797335
50,15,28.348114
50,16,28.779161
50,17,29.110973
50,18,29.362213
50,19,29.5493
50,2,6.04917
50,20,29.686338
50,21,29.785053
50,22,29.855019
50,23,29.903805
50,24,29.937325
50,25,29.960081
50,26,29.975468
50,27,29.986027
50,28,29.99369
50,29,30.0
50,3,8.953165
50,4,11.718874
50,5,14.310367
50,6,16.699398
50,7,18.866194
50,8,20.799643
50,9,22.496944
51,0,0.0
51,1,3.0491753
51,10,23.9628
51,11,25.208221
51,12,26.249172
51,13,27.105064
51,14,27.797333
51,15,28.348114
51,16,28.77916
51,17,29.110977
51,18,29.362207
51,19,29.549303
51,2,6.0491705
51,20,29.686333
51,21,29.78506
51,22,29.855015
51,23,29.903807
51,24,29.937323
51,25,29.960083
51,26,29.975468
51,27,29.986029
51,28,29.99369
51,29,30.0
51,3,8.953165
51,4,11.718874
51,5,14.310366
51,6,16.699398
51,7,18.866194
51,8,20.799643
51,9,22.496944
52,0,0.0
52,1,3.0491755
52,10,23.9628
52,11,25.208221
52,12,26.249172
52,13,27.105064
52,14,27.797333
52,15,28.348114
52,16,28.77916
52,17,29.110975
52,18,29.36221
52,19,29.549297
52,2,6.0491705
52,20,29.686338
52,21,29.785055
52,22,29.855019
52,23,29.903803
52,24,29.937325
52,25,29.96008
52,26,29.97547
52,27,29.986027
52,28,29.99369
52,29,30.0
52,3,8.953165
52,4,11.718874
52,5,14.310366
52,6,16.699398
52,7,18.866194
52,8,20.799643
52,9,22.496946
53,0,0.0
53,1,3.049175
53,10,23.9628
53,11,25.208221
53,12,26.249172
53,13,27.105064
53,14,27.797333
53,15,28.348114
53,16,28.77916
53,17,29.110975
53,18,29.36221
53,19,29.5493
53,2,6.0491705
53,20,29.686335
53,21,29.785057
53,22,29.855017
53,23,29.903805
53,24,29.937325
53,25,29.960083
53,26,29.975471
53,27,29.986029
53,28,29.99369
53,29,30.0
53,3,8.953165
53,4,11.718876
53,5,14.310368
53,6,16.699398
53,7,18.866194
53,8,20.799643
53,9,22.496944
54,0,0.0
54,1,3.0491753
54,10,23.9628
54,11,25.208221
54,12,26.249172
54,13,27.105066
54,14,27.797333
54,15,28.348114
54,16,28.77916
54,17,29.110977
54,18,29.362206
54,19,29.549301
54,2,6.04917
54,20,29.686335
54,21,29.785059
54,22,29.855015
54,23,29.903805
54,24,29.937325
54,25,29.960083
54,26,29.975468
54,27,29.986027
54,28,29.99369
54,29,30.0
54,3,8.953166
54,4,11.718874
54,5,14.310368
54,6,16.699398
54,7,18.866196
54,8,20.799643
54,9,22.496944
55,0,0.0
55,1,3.0491753
55,10,23.9628
55,11,25.208221
55,12,26.249172
55,13,27.105064
55,14,27.797333
55,15,28.348114
55,16,28.77916
55,17,29.110973
55,18,29.36221
55,19,29.5493
55,2,6.0491705
55,20,29.686337
55,21,29.785057
55,22,29.855017
55,23,29.903805
55,24,29.937325
55,25,29.960083
55,26,29.97547
55,27,29.986029
55,28,29.99369
55,29,30.0
55,3,8.953165
55,4,11.718876
55,5,14.310367
55,6,16.699398
55,7,18.866196
55,8,20.799644
55,9,22.496944
56,0,0.0
56,1,3.0491757
56,10,23.9628
56,11,25.208223
56,12,26.249172
56,13,27.105068
56,14,27.797335
56,15,28.348116
56,16,28.779163
56,17,29.110977
56,18,29.36221
56,19,29.549303
56,2,6.0491705
56,20,29.686338
56,21,29.785059
56,22,29.855019
56,23,29.903807
56,24,29.937328
56,25,29.960085
56,26,29.97547
56,27,29.986027
56,28,29.99369
56,29,30.0
56,3,8.953167
56,4,11.718875
56,5,14.310369
56,6,16.699398
56,7,18.866198
56,8,20.799644
56,9,22.496948
57,0,0.0
57,1,3.0491757
57,10,23.962803
57,11,25.208225
57,12,26.249178
57,13,27.10507
57,14,27.797335
57,15,28.348118
57,16,28.779163
57,17,29.110977
57,18,29.362211
57,19,29.549305
57,2,6.0491724
57,20,29.686338
57,21,29.785063
57,22,29.855019
57,23,29.903809
57,24,29.937328
57,25,29.960087
57,26,29.975471
57,27,29.986029
57,28,29.99369
57,29,30.0
57,3,8.953167
57,4,11.718878
57,5,14.310369
57,6,16.699402
57,7,18.866196
57,8,20.799648
57,9,22.496948
58,0,0.0
58,1,3.0491767
58,10,23.962805
58,11,25.208231
58,12,26.24918
58,13,27.105074
58,14,27.79734
58,15,28.34812
58,16,28.779167
58,17,29.110983
58,18,29.362217
58,19,29.549307
58,2,6.049172
58,20,29.686344
58,21,29.785065
58,22,29.855024
58,23,29.90381
58,24,29.937332
58,25,29.960087
58,26,29.975475
58,27,29.98603
58,28,29.99369
58,29,30.0
58,3,8.953169
58,4,11.718878
58,5,14.310372
58,6,16.699402
58,7,18.866203
58,8,20.799648
58,9,22.496954
59,0,0.0
59,1,3.0491772
59,10,23.962814
59,11,25.208237
59,12,26.249187
59,13,27.105083
59,14,27.797346
59,15,28.34813
59,16,28.779175
59,17,29.110989
59,18,29.362223
59,19,29.549316
59,2,6.049175
59,20,29.68635
59,21,29.785072
59,22,29.85503
59,23,29.903816
59,24,29.937334
59,25,29.960093
59,26,29.975475
59,27,29.986032
59,28,29.993694
59,29,30.0
59,3,8.953171
59,4,11.7188835
59,5,14.310375
59,6,16.69941
59,7,18.866203
59,8,20.799658
59,9,22.496958
6,0,0.0
6,1,1.6946781
6,10,13.352346
6,11,14.06032
6,12,14.661735
6,13,15.169623
6,14,15.600293
6,15,15.971031
6,16,16.301388
6,17,16.612247
6,18,16.926651
6,19,17.27033
6,2,3.362264
6,20,17.67214
6,21,18.165703
6,22,18.789253
6,23,19.587103
6,24,20.607124
6,25,21.897915
6,26,23.497913
6,27,25.41942
6,28,27.623468
6,29,30.0
6,3,4.97663
6,4,6.5148664
6,5,7.956633
6,6,9.287151
6,7,10.495001
6,8,11.575271
6,9,12.526257
60,0,0.0
60,1,3.0491796
60,10,23.962826
60,11,25.208252
60,12,26.249203
60,13,27.105099
60,14,27.797363
60,15,28.348145
60,16,28.77919
60,17,29.111006
60,18,29.362236
60,19,29.54933
60,2,6.0491776
60,20,29.686363
60,21,29.785084
60,22,29.855042
60,23,29.903826
60,24,29.937344
60,25,29.960098
60,26,29.975481
60,27,29.986038
60,28,29.993692
60,29,30.0
60,3,8.953178
60,4,11.71889
60,5,14.310387
60,6,16.699419
60,7,18.86622
60,8,20.799667
60,9,22.496975
61,0,0.0
61,1,3.049183
61,10,23.962856
61,11,25.208282
61,12,26.249233
61,13,27.10513
61,14,27.797396
61,15,28.348175
61,16,28.779224
61,17,29.111034
61,18,29.362268
61,19,29.549358
61,2,6.0491867
61,20,29.68639
61,21,29.78511
61,22,29.855062
61,23,29.903845
61,24,29.937359
61,25,29.960114
61,26,29.975492
61,27,29.986042
61,28,29.993698
61,29,30.0
61,3,8.953188
61,4,11.718907
61,5,14.310404
61,6,16.699442
61,7,18.866241
61,8,20.799696
61,9,22.497
62,0,0.0
62,1,3.0491908
62,10,23.96291
62,11,25.20834
62,12,26.249292
62,13,27.105188
62,14,27.797455
62,15,28.348236
62,16,28.779282
62,17,29.111094
62,18,29.362324
62,19,29.549412
62,2,6.0492
62,20,29.686443
62,21,29.785154
62,22,29.855106
62,23,29.903883
62,24,29.937391
62,25,29.960138
62,26,29.975513
62,27,29.986055
62,28,29.993706
62,29,30.0
62,3,8.953211
62,4,11.718933
62,5,14.310438
62,6,16.699478
62,7,18.866287
62,8,20.799742
62,9,22.497053
63,0,0.0
63,1,3.0492039
63,10,23.96301
63,11,25.208443
63,12,26.249401
63,13,27.105297
63,14,27.797565
63,15,28.348347
63,16,28.779392
63,17,29.111202
63,18,29.362429
63,19,29.549515
63,2,6.0492277
63,20,29.686535
63,21,29.785246
63,22,29.855185
63,23,29.903955
63,24,29.937452
63,25,29.96019
63,26,29.975552
63,27,29.986084
63,28,29.99372
63,29,30.0
63,3,8.953249
63,4,11.7189865
63,5,14.310499
63,6,16.699554
63,7,18.866367
63,8,20.799831
63,9,22.497147
64,0,0.0
64,1,3.049229
64,10,23.963192
64,11,25.208633
64,12,26.249596
64,13,27.105495
64,14,27.797764
64,15,28.348545
64,16,28.779587
64,17,29.111397
64,18,29.362617
64,19,29.549694
64,2,6.0492754
64,20,29.686708
64,21,29.785404
64,22,29.855331
64,23,29.904085
64,24,29.937567
64,25,29.960283
64,26,29.975622
64,27,29.986134
64,28,29.993742
64,29,30.0
64,3,8.953323
64,4,11.719078
64,5,14.310616
64,6,16.699684
64,7,18.866516
64,8,20.799994
64,9,22.49732
65,0,0.0
65,1,3.049273
65,10,23.963522
65,11,25.208975
65,12,26.249947
65,13,27.105852
65,14,27.798124
65,15,28.348906
65,16,28.779945
65,17,29.111744
65,18,29.362957
65,19,29.55002
65,2,6.0493646
65,20,29.687017
65,21,29.785692
65,22,29.855595
65,23,29.90432
65,24,29.937769
65,25,29.960447
65,26,29.97575
65,27,29.986217
65,28,29.993786
65,29,30.0
65,3,8.95345
65,4,11.719249
65,5,14.310818
65,6,16.699923
65,7,18.866783
65,8,20.800283
65,9,22.497633
66,0,0.0
66,1,3.049352
66,10,23.964102
66,11,25.209578
66,12,26.250565
66,13,27.106482
66,14,27.79876
66,15,28.349537
66,16,28.780571
66,17,29.112358
66,18,29.363552
66,19,29.550594
66,2,6.049519
66,20,29.68756
66,21,29.7862
66,22,29.856058
66,23,29.904734
66,24,29.938124
66,25,29.960741
66,26,29.975975
66,27,29.98637
66,28,29.993862
66,29,30.0
66,3,8.953682
66,4,11.719545
66,5,14.311182
66,6,16.700342
66,7,18.867252
66,8,20.8008
66,9,22.498184
67,0,0.0
67,1,3.049488
67,10,23.96511
67,11,25.21062
67,12,26.25164
67,13,27.107574
67,14,27.79986
67,15,28.35064
67,16,28.781658
67,17,29.113428
67,18,29.36459
67,19,29.551588
67,2,6.0497904
67,20,29.688505
67,21,29.787077
67,22,29.856863
67,23,29.905449
67,24,29.938742
67,25,29.96125
67,26,29.976364
67,27,29.986633
67,28,29.993996
67,29,30.0
67,3,8.954079
67,4,11.720066
67,5,14.311811
67,6,16.701073
67,7,18.86807
67,8,20.801693
67,9,22.499138
68,0,0.0
68,1,3.0497217
68,10,23.966824
68,11,25.212406
68,12,26.25347
68,13,27.109436
68,14,27.801737
68,15,28.35251
68,16,28.783516
68,17,29.115248
68,18,29.36636
68,19,29.553288
68,2,6.050251
68,20,29.690113
68,21,29.788578
68,22,29.858232
68,23,29.90667
68,24,29.939796
68,25,29.962116
68,26,29.97703
68,27,29.987085
68,28,29.994223
68,29,30.0
68,3,8.954761
68,4,11.720951
68,5,14.312887
68,6,16.702316
68,7,18.869467
68,8,20.803213
68,9,22.50077
69,0,0.0
69,1,3.050113
69,10,23.969704
69,11,25.215391
69,12,26.256538
69,13,27.112555
69,14,27.804878
69,15,28.355652
69,16,28.786623
69,17,29.118298
69,18,29.36932
69,19,29.556131
69,2,6.051027
69,20,29.692808
69,21,29.79109
69,22,29.860529
69,23,29.908716
69,24,29.941559
69,25,29.96357
69,26,29.978146
69,27,29.987839
69,28,29.994606
69,29,30.0
69,3,8.955902
69,4,11.722441
69,5,14.31469
69,6,16.704409
69,7,18.871803
69,8,20.80577
69,9,22.503498
7,0,0.0
7,1,1.9148207
7,10,15.082695
7,11,15.881147
7,12,16.557627
7,13,17.127708
7,14,17.608145
7,15,18.018366
7,16,18.378603
7,17,18.71082
7,18,19.038261
7,19,19.385817
7,2,3.7988226
7,20,19.780745
7,21,20.252306
7,22,20.832827
7,23,21.555798
7,24,22.455275
7,25,23.560226
7,26,24.88871
7,27,26.43621
7,28,28.165468
7,29,30.0
7,3,5.623043
7,4,7.3606567
7,5,8.989891
7,6,10.492544
7,7,11.857327
7,8,13.0768795
7,9,14.150975
70,0,0.0
70,1,3.0507603
70,10,23.974438
70,11,25.220316
70,12,26.261591
70,13,27.117691
70,14,27.810053
70,15,28.360817
70,16,28.791739
70,17,29.123318
70,18,29.374195
70,19,29.560818
70,2,6.052306
70,20,29.697245
70,21,29.79523
70,22,29.864313
70,23,29.912092
70,24,29.944468
70,25,29.965965
70,26,29.97998
70,27,29.989086
70,28,29.995235
70,29,30.0
70,3,8.95779
70,4,11.7248955
70,5,14.317671
70,6,16.707853
70,7,18.875662
70,8,20.809978
70,9,22.508007
71,0,0.0
71,1,3.0518105
71,10,23.982124
71,11,25.228287
71,12,26.26978
71,13,27.126009
71,14,27.818432
71,15,28.369184
71,16,28.800024
71,17,29.131443
71,18,29.382092
71,19,29.568398
71,2,6.0543857
71,20,29.704437
71,21,29.801931
71,22,29.870447
71,23,29.917555
71,24,29.949184
71,25,29.969845
71,26,29.982964
71,27,29.991104
71,28,29.996258
71,29,30.0
71,3,8.960853
71,4,11.728882
71,5,14.322503
71,6,16.713446
71,7,18.88192
71,8,20.816807
71,9,22.515303
72,0,0.0
72,1,3.0534894
72,10,23.99436
72,11,25.240993
72,12,26.28281
72,13,27.139256
72,14,27.831766
72,15,28.382502
72,16,28.813206
72,17,29.14438
72,18,29.39466
72,19,29.580475
72,2,6.0577073
72,20,29.715881
72,21,29.812614
72,22,29.880209
72,23,29.92627
72,24,29.956696
72,25,29.976036
72,26,29.98771
72,27,29.99433
72,28,29.99788
72,29,30.0
72,3,8.965747
72,4,11.735249
72,5,14.330219
72,6,16.722374
72,7,18.891903
72,8,20.827692
72,9,22.526941
73,0,0.0
73,1,3.056129
73,10,24.013542
73,11,25.26089
73,12,26.303223
73,13,27.159986
73,14,27.85264
73,15,28.403337
73,16,28.833836
73,17,29.164621
73,18,29.41433
73,19,29.599371
73,2,6.0629277
73,20,29.733803
73,21,29.829334
73,22,29.895515
73,23,29.939917
73,24,29.96848
73,25,29.985737
73,26,29.995163
73,27,29.999376
73,28,30.000435
73,29,30.0
73,3,8.973439
73,4,11.745251
73,5,14.3423395
73,6,16.736382
73,7,18.90757
73,8,20.844765
73,9,22.545185
74,0,0.0
74,1,3.0602117
74,10,24.043097
74,11,25.291538
74,12,26.334648
74,13,27.1919
74,14,27.884764
74,15,28.435406
74,16,28.865582
74,17,29.195778
74,18,29.444603
74,19,29.628471
74,2,6.0710053
74,20,29.761396
74,21,29.855103
74,22,29.919086
74,23,29.960964
74,24,29.986637
74,25,30.000711
74,26,30.006653
74,27,30.007174
74,28,30.004372
74,29,30.0
74,3,8.985331
74,4,11.760716
74,5,14.361059
74,6,16.758022
74,7,18.931744
74,8,20.871107
74,9,22.573309
75,0,0.0
75,1,3.06643
75,10,24.087896
75,11,25.33797
75,12,26.382242
75,13,27.240215
75,14,27.933386
75,15,28.483936
75,16,28.913626
75,17,29.24292
75,18,29.490437
75,19,29.67252
75,2,6.0832977
75,20,29.803205
75,21,29.894127
75,22,29.954834
75,23,29.992863
75,24,30.014202
75,25,30.023418
75,26,30.024109
75,27,30.019005
75,28,30.010353
75,29,30.0
75,3,9.003434
75,4,11.784234
75,5,14.389533
75,6,16.790894
75,7,18.968464
75,8,20.911074
75,9,22.61597
76,0,0.0
76,1,3.075749
76,10,24.1547
76,11,25.407164
76,12,26.453133
76,13,27.31215
76,14,28.005758
76,15,28.556168
76,16,28.985123
76,17,29.31311
76,18,29.558659
76,19,29.738144
76,2,6.1017256
76,20,29.865467
76,21,29.952324
76,22,30.008114
76,23,30.040485
76,24,30.05532
76,25,30.057352
76,26,30.050163
76,27,30.036697
76,28,30.019287
76,29,30.0
76,3,9.030545
76,4,11.819457
76,5,14.432126
76,6,16.840065
76,7,19.02332
76,8,20.970766
76,9,22.679615
77,0,0.0
77,1,3.0895076
77,10,24.252691
77,11,25.508606
77,12,26.556995
77,13,27.417501
77,14,28.111727
77,15,28.661896
77,16,29.089804
77,17,29.415844
77,18,29.658596
77,19,29.834248
77,2,6.1289096
77,20,29.956768
77,21,30.037626
77,22,30.086336
77,23,30.110353
77,24,30.115757
77,25,30.107191
77,26,30.088501
77,27,30.0627
77,28,30.032442
77,29,30.0
77,3,9.070545
77,4,11.871364
77,5,14.494881
77,6,16.912415
77,7,19.104008
77,8,21.05845
77,9,22.773067
78,0,0.0
78,1,3.1095037
78,10,24.394146
78,11,25.654907
78,12,26.706703
78,13,27.56928
78,14,28.264328
78,15,28.814161
78,16,29.240513
78,17,29.563843
78,18,29.802523
78,19,29.97281
78,2,6.168429
78,20,30.088366
78,21,30.160767
78,22,30.19922
78,23,30.211369
78,24,30.203093
78,25,30.17934
78,26,30.143959
78,27,30.10038
78,28,30.051481
78,29,30.0
78,3,9.128629
78,4,11.946728
78,5,14.585871
78,6,17.01727
78,7,19.220776
78,8,21.185274
78,9,22.908052
79,0,0.0
79,1,3.138155
79,10,24.595045
79,11,25.862537
79,12,26.918995
79,13,27.784386
79,14,28.480545
79,15,29.029816
79,16,29.454031
79,17,29.773472
79,18,30.006575
79,19,30.169228
79,2,6.224997
79,20,30.275177
79,21,30.33555
79,22,30.359726
79,23,30.354967
79,24,30.327477
79,25,30.282053
79,26,30.223053
79,27,30.154081
79,28,30.078655
79,29,30.0
79,3,9.211765
79,4,12.054445
79,5,14.715863
79,6,17.166832
79,7,19.387215
79,8,21.36576
79,9,23.100008
8,0,0.0
8,1,2.1112492
8,10,16.626438
8,11,17.504364
8,12,18.247532
8,13,18.871359
8,14,19.39473
8,15,19.837309
8,16,20.220621
8,17,20.56671
8,18,20.898594
8,19,21.240232
8,2,4.1886992
8,20,21.616226
8,21,22.052542
8,22,22.575092
8,23,23.210041
8,24,23.980404
8,25,24.904171
8,26,25.988026
8,27,27.222843
8,28,28.577682
8,29,30.0
8,3,6.199814
8,4,8.115939
8,5,9.911788
8,6,11.568771
8,7,13.072706
8,8,14.417206
8,9,15.600103
80,0,0.0
80,1,3.1785946
80,10,24.875914
80,11,26.152466
80,12,27.21521
80,13,28.08434
80,14,28.781887
80,15,29.330372
80,16,29.751534
80,17,30.065742
80,18,30.291046
80,19,30.443394
80,2,6.3048472
80,20,30.535942
80,21,30.57994
80,22,30.584162
80,23,30.556156
80,24,30.501728
80,25,30.42623
80,26,30.334034
80,27,30.229557
80,28,30.11682
80,29,30.0
80,3,9.328965
80,4,12.206229
80,5,14.898722
80,6,17.377045
80,7,19.620724
80,8,21.61874
80,9,23.36862
81,0,0.0
81,1,3.2349114
81,10,25.262331
81,11,26.550945
81,12,27.621895
81,13,28.495855
81,14,29.19515
81,15,29.742397
81,16,30.1595
81,17,30.466496
81,18,30.681496
81,19,30.819752
81,2,6.415924
81,20,30.894474
81,21,30.916054
81,22,30.893444
81,23,30.83347
81,24,30.742428
81,25,30.625391
81,26,30.487638
81,27,30.333984
81,28,30.169706
81,29,30.0
81,3,9.491935
81,4,12.416927
81,5,15.152321
81,6,17.667995
81,7,19.943535
81,8,21.967766
81,9,23.738781
82,0,0.0
82,1,3.3122501
82,10,25.785805
82,11,27.089918
82,12,28.171406
82,13,29.051418
82,14,29.752733
82,15,30.298265
82,16,30.709782
82,17,31.007431
82,18,31.208607
82,19,31.328556
82,2,6.5684357
82,20,31.379395
82,21,31.371536
82,22,31.312809
82,23,31.210339
82,24,31.069695
82,25,30.896788
82,26,30.696983
82,27,30.476568
82,28,30.241879
82,29,30.0
82,3,9.715337
82,4,12.705479
82,5,15.498877
82,6,18.065027
82,7,20.383022
82,8,22.442226
82,9,24.240913
83,0,0.0
83,1,3.417162
83,10,26.483866
83,11,27.807617
83,12,28.902119
83,13,29.789492
83,14,30.493078
83,15,31.036032
83,16,31.440372
83,17,31.725664
83,18,31.909296
83,19,32.005257
83,2,6.7750463
83,20,32.025528
83,21,31.978954
83,22,31.873375
83,23,31.714571
83,24,31.508665
83,25,31.261074
83,26,30.978615
83,27,30.668411
83,28,30.339142
83,29,30.0
83,3,10.017716
83,4,13.095175
83,5,15.966146
83,6,18.598944
83,7,20.972902
83,8,23.077404
83,9,24.91193
84,0,0.0
84,1,3.5577219
84,10,27.400705
84,11,28.748346
84,12,29.858566
84,13,30.75449
84,14,31.460323
84,15,31.999765
84,16,32.394615
84,17,32.66453
84,18,32.825653
84,19,32.89173
84,2,7.051689
84,20,32.87279
84,21,32.77735
84,22,32.61116
84,23,32.38006
84,24,32.088783
84,25,31.743814
84,26,31.352154
84,27,30.923409
84,28,30.468422
84,29,30.0
84,3,10.42174
84,4,13.614954
84,5,16.587584
84,6,19.307364
84,7,21.753159
84,8,23.915604
84,9,25.794994
85,0,0.0
85,1,3.7440772
85,10,28.586458
85,11,29.96254
85,12,31.09082
85,13,31.996227
85,14,32.70404
85,15,33.23841
85,16,33.6215
85,17,33.872
85,18,34.00582
85,19,34.034554
85,2,7.417832
85,20,33.96759
85,21,33.81064
85,22,33.568863
85,23,33.24555
85,24,32.845695
85,25,32.37476
85,26,31.841774
85,27,31.257956
85,28,30.638344
85,29,30.0
85,3,10.95556
85,4,14.299617
85,5,17.403915
85,6,20.23458
85,7,22.771324
85,8,25.00559
85,9,26.94025
86,0,0.0
86,1,3.9886951
86,10,30.097296
86,11,31.505505
86,12,32.653755
86,13,33.56891
86,14,34.277756
86,15,34.805347
86,16,35.17354
86,17,35.400967
86,18,35.50152
86,19,35.48597
86,2,7.8977976
86,20,35.36039
86,21,35.129234
86,22,34.793884
86,23,34.356743
86,24,33.819996
86,25,33.18992
86,26,32.475647
86,27,31.692295
86,28,30.859108
86,29,30.0
86,3,11.653235
86,4,15.191714
86,5,18.463152
86,6,21.433186
86,7,24.081833
86,8,26.403536
86,9,28.403648
87,0,0.0
87,1,4.3073626
87,10,31.993496
87,11,33.436592
87,12,34.605236
87,13,35.52938
87,14,36.237644
87,15,36.755848
87,16,37.10627
87,17,37.30609
87,18,37.368416
87,19,37.300587
87,2,8.521484
87,20,37.10694
87,21,36.787113
87,22,36.340366
87,23,35.764206
87,24,35.059708
87,25,34.2306
87,26,33.28821
87,27,32.250305
87,28,31.143421
87,29,30.0
87,3,12.557003
87,4,16.342037
87,5,19.822798
87,6,22.9636
87,7,25.747318
87,8,28.171555
87,9,30.247171
88,0,0.0
88,1,4.7199903
88,10,34.338657
88,11,35.816536
88,12,37.00418
88,13,37.93488
88,14,38.63964
88,15,39.14559
88,16,39.474556
88,17,39.64332
88,18,39.66195
88,19,39.535915
88,2,9.326931
88,20,39.264236
88,21,38.843437
88,22,38.266
88,23,37.526054
88,24,36.618683
88,25,35.54655
88,26,34.319904
88,27,32.961823
88,28,31.506643
88,29,30.0
88,3,13.71864
88,4,17.812775
88,5,21.550102
88,6,24.896158
88,7,27.837267
88,8,30.378279
88,9,32.536407
89,0,0.0
89,1,5.252863
89,10,37.196312
89,11,38.705482
89,12,39.907352
89,13,40.839943
89,14,41.536972
89,15,42.02662
89,16,42.3311
89,17,42.465065
89,18,42.43701
89,19,42.2473
89,2,10.36275
89,20,41.891422
89,21,41.35805
89,22,40.63437
89,23,39.705147
89,24,38.560234
89,25,37.195473
89,26,35.62117
89,27,33.8634
89,28,31.96866
89,29,30.0
89,3,15.203984
89,4,19.679329
89,5,23.725567
89,6,27.310497
89,7,30.429321
89,8,33.09626
89,9,35.339977
9,0,0.0
9,1,2.2838593
9,10,17.980734
9,11,18.92857
9,12,19.728912
9,13,20.39927
9,14,20.958355
9,15,21.427324
9,16,21.827635
9,17,22.181644
9,18,22.51182
9,19,22.840652
9,2,4.5309434
9,20,23.190899
9,21,23.584612
9,22,24.043678
9,23,24.587585
9,24,25.233215
9,25,25.990978
9,26,26.86324
9,27,27.839928
9,28,28.897709
9,29,30.0
9,3,6.7066145
9,4,8.778925
9,5,10.721737
9,6,12.513415
9,7,14.140242
9,8,15.593469
9,9,16.872456
90,0,0.0
90,1,5.9414644
90,10,40.627953
90,11,42.158836
90,12,43.366203
90,13,44.292953
90,14,44.975937
90,15,45.444916
90,16,45.721317
90,17,45.81894
90,18,45.742085
90,19,45.487877
90,2,11.6942005
90,20,45.044
90,21,44.392975
90,22,43.510525
90,23,42.372517
90,24,40.955772
90,25,39.24841
90,26,37.254086
90,27,35.003185
90,28,32.555317
90,29,30.0
90,3,17.097462
90,4,22.036354
90,5,26.444298
90,6,30.298344
90,7,33.607094
90,8,36.401833
90,9,38.72555
91,0,0.0
91,1,6.8367615
91,10,44.688015
91,11,46.22409
91,12,47.42245
91,13,48.331974
91,14,48.99267
91,15,49.435246
91,16,49.681236
91,17,49.741627
91,18,49.618324
91,19,49.301807
91,2,13.41144
91,20,48.774105
91,21,48.006207
91,22,46.96331
91,23,45.604115
91,24,43.890354
91,25,41.79152
91,26,39.300713
91,27,36.445583
91,28,33.303196
91,29,30.0
91,3,19.5125
91,4,25.003286
91,5,29.82174
91,6,33.962845
91,7,37.460922
91,8,40.370872
91,9,42.757984
92,0,0.0
92,1,8.015727
92,10,49.420464
92,11,50.935356
92,12,52.104042
92,13,52.98069
92,14,53.608234
92,15,54.01846
92,16,54.231586
92,17,54.257236
92,18,54.09247
92,19,53.723587
92,2,15.646656
92,20,53.122993
92,21,52.252266
92,22,51.059296
92,23,49.48447
92,24,47.462303
92,25,44.935913
92,26,41.871002
92,27,38.284042
92,28,34.266373
92,29,30.0
92,3,22.60534
92,4,28.736343
92,5,33.996918
92,6,38.421215
92,7,42.0838
92,8,45.07684
92,9,47.49322
93,0,0.0
93,1,9.6038
93,10,54.851982
93,11,56.309258
93,12,57.420258
93,13,58.24408
93,14,58.825527
93,15,59.196262
93,16,59.375847
93,17,59.370766
93,18,59.175594
93,19,58.769966
93,2,18.602823
93,20,58.119976
93,21,57.173653
93,22,55.86322
93,23,54.101665
93,24,51.79005
93,25,48.824413
93,26,45.122223
93,27,40.659977
93,28,35.532593
93,29,30.0
93,3,26.60094
93,4,33.44136
93,5,39.139557
93,6,43.801716
93,7,47.568962
93,8,50.58322
93,9,52.97409
94,0,0.0
94,1,11.821629
94,10,60.987
94,11,62.33889
94,12,63.357803
94,13,64.10488
94,14,64.62512
94,15,64.94938
94,16,65.095
94,17,65.06697
94,18,64.85591
94,19,64.43853
94,2,22.61074
94,20,63.77298
94,21,62.79838
94,22,61.4277
94,23,59.547005
94,24,57.01008
94,25,53.646973
94,26,49.283775
94,27,43.803627
94,28,37.25537
94,29,30.0
94,3,31.830893
94,4,39.393394
94,5,45.450733
94,6,50.240128
94,7,53.999508
94,8,56.93682
94,9,59.221115
95,0,0.0
95,1,15.096403
95,10,67.7997
95,11,68.98988
95,12,69.87692
95,13,70.520706
95,14,70.96374
95,15,71.23403
95,16,71.347046
95,17,71.3051
95,18,71.09801
95,19,70.69936
95,2,28.23639
95,20,70.0654
95,21,69.12731
95,22,67.78637
95,23,65.90062
95,24,63.27513
95,25,59.648384
95,26,54.70034
95,27,48.10814
95,28,39.732468
95,29,30.0
95,3,38.793022
95,4,46.950512
95,5,53.157402
95,6,57.86281
95,7,61.43516
95,8,64.15359
95,9,66.22476
96,0,0.0
96,1,20.349392
96,10,75.22887
96,11,76.19582
96,12,76.90956
96,13,77.422966
96,14,77.772705
96,15,77.98248
96,16,78.06433
96,17,78.0197
96,18,77.8376
96,19,77.49385
96,2,36.4896
96,20,76.94551
96,21,76.126205
96,22,74.933266
96,23,73.21255
96,24,70.72859
96,25,67.126144
96,26,61.87902
96,27,54.276627
96,28,43.606636
96,29,30.0
96,3,48.22062
96,4,56.54823
96,5,62.478577
96,6,66.75634
96,7,69.886116
96,8,72.203735
96,9,73.93355
97,0,0.0
97,1,29.829578
97,10,83.17243
97,11,83.85745
97,12,84.35906
97,13,84.71742
97,14,84.95973
97,15,85.10306
97,16,85.15611
97,17,85.119
97,18,84.98331
97,19,84.72924
97,2,49.187897
97,20,84.32318
97,21,83.709885
97,22,82.80253
97,23,81.460205
97,24,79.450226
97,25,76.37082
97,26,71.507355
97,27,63.576103
97,28,50.449715
97,29,30.0
97,3,61.10627
97,4,68.61617
97,5,73.5449
97,6,76.90925
97,7,79.28053
97,8,80.99159
97,9,82.24577
98,0,0.0
98,1,49.793686
98,10,91.488266
98,11,91.844
98,12,92.103195
98,13,92.28755
98,14,92.41159
98,15,92.484406
98,16,92.51034
98,17,92.48947
98,18,92.41681
98,19,92.281654
98,2,69.3518
98,20,92.064804
98,21,91.73515
98,22,91.24113
98,23,90.496124
98,24,89.344536
98,25,87.48509
98,26,84.26849
98,27,78.11509
98,28,64.638336
98,29,30.0
98,3,78.43881
98,4,83.317215
98,5,86.24061
98,6,88.134125
98,7,89.427246
98,8,90.34206
98,9,91.003746
99,0,0.0
99,1,100.0
99,10,100.0
99,11,100.0
99,12,100.0
99,13,100.0
99,14,100.0
99,15,100.0
99,16,100.0
99,17,100.0
99,18,100.0
99,19,100.0
99,2,100.0
99,20,100.0
99,21,100.0
99,22,100.0
99,23,100.0
99,24,100.0
99,25,100.0
99,26,100.0
99,27,100.0
99,28,100.0
99,29,30.0
99,3,100.0
99,4,100.0
99,5,100.0
99,6,100.0
99,7,100.0
99,8,100.0
99,9,100.0
