0,0,0.0
0,1,0.0
0,10,0.0
0,11,0.0
0,12,0.0
0,13,0.0
0,14,0.0
0,15,30.0
0,2,0.0
0,3,0.0
0,4,0.0
0,5,0.0
0,6,0.0
0,7,0.0
0,8,0.0
0,9,0.0
1,0,0.0
1,1,0.74718136
1,10,5.3960114
1,11,6.1123924
1,12,7.3538027
1,13,9.811251
1,14,15.378216
1,15,30.0
1,2,1.468427
1,3,2.1404355
1,4,2.747686
1,5,3.2812636
1,6,3.7443461
1,7,4.149397
1,8,4.524106
1,9,4.913776
10,0,0.0
10,1,10.800519
10,10,47.105804
10,11,45.72126
10,12,43.309326
10,13,39.79345
10,14,35.240326
10,15,30.0
10,2,20.546688
10,3,28.684502
10,4,35.106194
10,5,39.951538
10,6,43.436317
10,7,45.770927
10,8,47.11312
10,9,47.551804
11,0,0.0
11,1,14.189432
11,10,54.71946
11,11,52.83515
11,12,49.580513
11,13,44.681477
11,14,38.012463
11,15,30.0
11,2,26.404556
11,3,35.999645
11,4,43.144413
11,5,48.266983
11,6,51.793365
11,7,54.049664
11,8,55.246323
11,9,55.47793
12,0,0.0
12,1,19.605968
12,10,63.872715
12,11,61.683956
12,12,57.801086
12,13,51.55076
12,14,42.24039
12,15,30.0
12,2,34.987717
12,3,45.931973
12,4,53.428158
12,5,58.466084
12,6,61.76188
12,7,63.77552
12,8,64.764046
12,9,64.81781
13,0,0.0
13,1,29.29927
13,10,74.64048
13,11,72.563614
13,12,68.65834
13,13,61.67466
13,14,49.496838
13,15,30.0
13,2,48.117348
13,3,59.47452
13,4,66.39209
13,5,70.68148
13,6,73.33734
13,7,74.89026
13,8,75.60187
13,9,75.55014
14,0,0.0
14,1,49.517296
14,10,86.862045
14,11,85.52249
14,12,82.80189
14,13,77.136475
14,14,64.14833
14,15,30.0
14,2,68.79365
14,3,77.58852
14,4,82.157776
14,5,84.7473
14,6,86.268265
14,7,87.12667
14,8,87.50138
14,9,87.4377
15,0,0.0
15,1,100.0
15,10,100.0
15,11,100.0
15,12,100.0
15,13,100.0
15,14,100.0
15,15,30.0
15,2,100.0
15,3,100.0
15,4,100.0
15,5,100.0
15,6,100.0
15,7,100.0
15,8,100.0
15,9,100.0
2,0,0.0
2,1,1.48986
2,10,10.48462
2,11,11.640553
2,12,13.448211
2,13,16.483635
2,14,21.687428
2,15,30.0
2,2,2.926329
2,3,4.2644014
2,4,5.469028
2,5,6.525616
2,6,7.434865
2,7,8.222315
2,8,8.933926
2,9,9.647668
3,0,0.0
3,1,2.2280793
3,10,15.123295
3,11,16.41439
3,12,18.237389
3,13,20.938059
3,14,24.862505
3,15,30.0
3,2,4.375019
3,3,6.3682814
3,4,8.15859
3,5,9.716667
3,6,11.046498
3,7,12.175275
3,8,13.163799
3,9,14.1024275
4,0,0.0
4,1,2.9737453
4,10,19.335913
4,11,20.532698
4,12,22.06119
4,13,24.109722
4,14,26.796776
4,15,30.0
4,2,5.8328056
4,3,8.480316
4,4,10.84196
4,5,12.883428
4,6,14.599422
4,7,16.024996
4,8,17.221657
4,9,18.283989
5,0,0.0
5,1,3.75136
5,10,23.258245
5,11,24.21299
5,12,25.287235
5,13,26.59677
5,14,28.19117
5,15,30.0
5,2,7.350009
5,3,10.662412
5,4,13.597921
5,5,16.103977
5,6,18.179302
5,7,19.854477
5,8,21.196667
5,9,22.294792
6,0,0.0
6,1,4.607011
6,10,27.100544
6,11,27.711784
6,12,28.24458
6,13,28.777967
6,14,29.364187
6,15,30.0
6,2,9.007225
6,3,13.029964
6,4,16.5536
6,5,19.523441
6,6,21.931526
6,7,23.81879
6,8,25.250446
6,9,26.312424
7,0,0.0
7,1,5.607884
7,10,31.11523
7,11,31.310102
7,12,31.225435
7,13,30.933542
7,14,30.501064
7,15,30.0
7,2,10.933161
7,3,15.7453575
7,4,19.902702
7,5,23.340294
7,6,26.06696
7,7,28.129793
7,8,29.60432
7,9,30.572758
8,0,0.0
8,1,6.8569126
8,10,35.5892
8,11,35.29897
8,12,34.52051
8,13,33.30558
8,14,31.750092
8,15,30.0
8,2,13.305197
8,3,19.04044
8,4,23.891567
8,5,27.814266
8,6,30.839138
8,7,33.044884
8,8,34.51941
8,9,35.34494
9,0,0.0
9,1,8.50511
9,10,40.81884
9,11,39.993668
9,12,38.431004
9,13,36.153973
9,14,33.262283
9,15,30.0
9,2,16.383232
9,3,23.216393
9,4,28.835487
9,5,33.241737
9,6,36.53451
9,7,38.83812
9,8,40.269775
9,9,40.915405
