0,0,0.0
0,1,0.0
0,10,0.0
0,11,0.0
0,12,0.0
0,13,0.0
0,14,0.0
0,15,30.0
0,2,0.0
0,3,0.0
0,4,0.0
0,5,0.0
0,6,0.0
0,7,0.0
0,8,0.0
0,9,0.0
1,0,0.0
1,1,0.6315061
1,10,5.1348424
1,11,5.9074397
1,12,7.204112
1,13,9.713816
1,14,15.330414
1,15,30.0
1,2,1.2468951
1,3,1.8321103
1,4,2.3767157
1,5,2.8757553
1,6,3.3307755
1,7,3.7520466
1,8,4.1612997
1,9,4.5983467
10,0,0.0
10,1,11.02191
10,10,48.93927
10,11,47.377193
10,12,44.670578
10,13,40.762924
10,14,35.743843
10,15,30.0
10,2,21.000553
10,3,29.386343
10,4,36.072384
10,5,41.184933
10,6,44.922802
10,7,47.46938
10,8,48.955383
10,9,49.4459
11,0,0.0
11,1,14.451672
11,10,56.5934
11,11,54.512505
11,12,50.953285
11,13,45.653763
11,14,38.517067
11,15,30.0
11,2,26.934338
11,3,36.805878
11,4,44.229916
11,5,49.625195
11,6,53.397385
11,7,55.8507
11,8,57.171375
11,9,57.431435
12,0,0.0
12,1,19.860664
12,10,65.55185
12,11,63.181335
12,12,59.02053
12,13,52.413475
12,14,42.6868
12,15,30.0
12,2,35.499977
12,3,46.70335
12,4,54.4567
12,5,59.73751
12,6,63.247517
12,7,65.42691
12,8,66.513054
12,9,66.58057
13,0,0.0
13,1,29.50037
13,10,75.90596
13,11,73.68759
13,12,69.57274
13,13,62.319687
13,14,49.830765
13,15,30.0
13,2,48.519917
13,3,60.078434
13,4,67.19177
13,5,71.66428
13,6,74.47818
13,7,76.15091
13,8,76.930534
13,9,76.882454
14,0,0.0
14,1,49.62787
14,10,87.5413
14,11,86.12543
14,12,83.29123
14,13,77.48181
14,14,64.326775
14,15,30.0
14,2,69.01489
14,3,77.919235
14,4,82.5947
14,5,85.2822
14,6,86.887276
14,7,87.80861
14,8,88.217865
14,9,88.154854
15,0,0.0
15,1,100.0
15,10,100.0
15,11,100.0
15,12,100.0
15,13,100.0
15,14,100.0
15,15,30.0
15,2,100.0
15,3,100.0
15,4,100.0
15,5,100.0
15,6,100.0
15,7,100.0
15,8,100.0
15,9,100.0
2,0,0.0
2,1,1.2773037
2,10,10.031391
2,11,11.289501
2,12,13.194412
2,13,16.320435
2,14,21.607702
2,15,30.0
2,2,2.520658
2,3,3.7000995
2,4,4.7936864
2,5,5.789713
2,6,6.689869
2,7,7.511116
2,8,8.290749
2,9,9.094135
3,0,0.0
3,1,1.9539934
3,10,14.604397
3,11,16.02331
3,12,17.963263
3,13,20.765768
3,14,24.780128
3,15,30.0
3,2,3.8522687
3,3,5.6460834
3,4,7.298669
3,5,8.790054
3,6,10.11853
3,7,11.303957
3,8,12.390105
3,9,13.451581
4,0,0.0
4,1,2.682591
4,10,18.910698
4,11,20.237219
4,12,21.871151
4,13,24.001045
4,14,26.74799
4,15,30.0
4,2,5.2816195
4,3,7.723741
4,4,9.954636
4,5,11.94249
4,6,13.68102
4,7,15.188413
4,8,16.50909
4,9,17.715075
5,0,0.0
5,1,3.4916213
5,10,23.09148
5,11,24.149837
5,12,25.289442
5,13,26.624
5,14,28.213556
5,15,30.0
5,2,6.8616257
5,3,10.005207
5,4,12.845025
5,5,15.337142
5,6,17.468885
5,7,19.256996
5,8,20.743
5,9,21.991985
6,0,0.0
6,1,4.420297
6,10,27.327587
6,11,27.995913
6,12,28.525356
6,13,29.001736
6,14,29.48725
6,15,30.0
6,2,8.665242
6,3,12.5866585
6,4,16.081003
6,5,19.091412
6,6,21.603355
6,7,23.633835
6,8,25.223808
6,9,26.43121
7,0,0.0
7,1,5.5249615
7,10,31.818089
7,11,32.00528
7,12,31.83569
7,13,31.385464
7,14,30.74193
7,15,30.0
7,2,10.793526
7,3,15.598804
7,4,19.806595
7,5,23.354374
7,6,26.23329
7,7,28.470055
7,8,30.109844
7,9,31.206581
8,0,0.0
8,1,6.889136
8,10,36.771427
8,11,36.407536
8,12,35.456184
8,13,33.984238
8,14,32.106106
8,15,30.0
8,2,13.392304
8,3,19.219297
8,4,24.20885
8,5,28.307714
8,6,31.533207
8,7,33.936012
8,8,35.5758
8,9,36.5065
9,0,0.0
9,1,8.6455345
9,10,42.404587
9,11,41.44276
9,12,39.635525
9,13,37.015957
9,14,33.712486
9,15,30.0
9,2,16.679462
9,3,23.69683
9,4,29.527851
9,5,34.16841
9,6,37.696198
9,7,40.21148
9,8,41.801453
9,9,42.524044
