0,0,0.0
0,1,0.0
0,10,0.0
0,11,0.0
0,12,0.0
0,13,0.0
0,14,0.0
0,15,30.0
0,2,0.0
0,3,0.0
0,4,0.0
0,5,0.0
0,6,0.0
0,7,0.0
0,8,0.0
0,9,0.0
1,0,0.0
1,1,0.6355362
1,10,5.1759186
1,11,5.945059
1,12,7.2353983
1,13,9.736271
1,14,15.342138
1,15,30.0
1,2,1.2553012
1,3,1.8454041
1,4,2.3955357
1,5,2.9004445
1,6,3.3613658
1,7,3.78787
1,8,4.201066
1,9,4.6400414
10,0,0.0
10,1,11.119339
10,10,49.446175
10,11,47.82192
10,12,45.02885
10,13,41.01409
10,14,35.87332
10,15,30.0
10,2,21.19319
10,3,29.66968
10,4,36.43879
10,5,41.623596
10,6,45.41886
10,7,48.00418
10,8,49.506584
10,9,49.988235
11,0,0.0
11,1,14.543198
11,10,57.061386
11,11,54.922615
11,12,51.283092
11,13,45.884903
11,14,38.63608
11,15,30.0
11,2,27.115225
11,3,37.07142
11,4,44.57278
11,5,50.034664
11,6,53.859413
11,7,56.347626
11,8,57.682323
11,9,57.933224
12,0,0.0
12,1,19.938276
12,10,65.94373
12,11,63.524223
12,12,59.296165
12,13,52.606415
12,14,42.786163
12,15,30.0
12,2,35.653194
12,3,46.92812
12,4,54.746433
12,5,60.083065
12,6,63.636734
12,7,65.8448
12,8,66.94209
12,9,67.00118
13,0,0.0
13,1,29.556755
13,10,76.18829
13,11,73.93454
13,12,69.77104
13,13,62.458496
13,14,49.9022
13,15,30.0
13,2,48.63122
13,3,60.24155
13,4,67.4019
13,5,71.9146
13,6,74.75982
13,7,76.45296
13,8,77.240265
13,9,77.18585
14,0,0.0
14,1,49.657543
14,10,87.68918
14,11,86.25467
14,12,83.39502
14,13,77.55441
14,14,64.36415
14,15,30.0
14,2,69.07344
14,3,78.00502
14,4,82.705154
14,5,85.4137
14,6,87.03513
14,7,87.96707
14,8,88.38027
14,9,88.31381
15,0,0.0
15,1,100.0
15,10,100.0
15,11,100.0
15,12,100.0
15,13,100.0
15,14,100.0
15,15,30.0
15,2,100.0
15,3,100.0
15,4,100.0
15,5,100.0
15,6,100.0
15,7,100.0
15,8,100.0
15,9,100.0
2,0,0.0
2,1,1.2868572
2,10,10.118633
2,11,11.368967
2,12,13.2603035
2,13,16.367569
2,14,21.6323
2,15,30.0
2,2,2.5402918
2,3,3.7308185
2,4,4.8363433
2,5,5.8449345
2,6,6.7572117
2,7,7.5891147
2,8,8.376418
2,9,9.183243
3,0,0.0
3,1,1.9716284
3,10,14.746517
3,11,16.15197
3,12,18.069353
3,13,20.841461
3,14,24.819513
3,15,30.0
3,2,3.8882418
3,3,5.701312
3,4,7.37418
3,5,8.885852
3,6,10.233556
3,7,11.435087
3,8,12.532378
3,9,13.598005
4,0,0.0
4,1,2.711454
4,10,19.117619
4,11,20.423182
4,12,22.023792
4,13,24.109478
4,14,26.804337
4,15,30.0
4,2,5.3398113
4,3,7.8121166
4,4,10.073353
4,5,12.090899
4,6,13.856251
4,7,15.385487
4,8,16.720188
4,9,17.930061
5,0,0.0
5,1,3.5344248
5,10,23.370922
5,11,24.39952
5,12,25.493294
5,13,26.768427
5,14,28.2884
5,15,30.0
5,2,6.947529
5,3,10.134132
5,4,13.016391
5,5,15.548347
5,6,17.715286
5,7,19.530655
5,8,21.033058
5,9,22.28466
6,0,0.0
6,1,4.4787745
6,10,27.682129
6,11,28.310884
6,12,28.781605
6,13,29.18264
6,14,29.580904
6,15,30.0
6,2,8.781858
6,3,12.760652
6,4,16.309937
6,5,19.371058
6,6,21.926151
6,7,23.989067
6,8,25.59701
6,9,26.804863
7,0,0.0
7,1,5.5988774
7,10,32.24211
7,11,32.380512
7,12,32.139774
7,13,31.599754
7,14,30.852638
7,15,30.0
7,2,10.940603
7,3,15.81686
7,4,20.091873
7,5,23.70005
7,6,26.629488
7,7,28.902754
7,8,30.561354
7,9,31.655945
8,0,0.0
8,1,6.9761972
8,10,37.250122
8,11,36.829514
8,12,35.797417
8,13,34.224106
8,14,32.229958
8,15,30.0
8,2,13.56495
8,3,19.474497
8,4,24.540876
8,5,28.708065
8,6,31.9893
8,7,34.43142
8,8,36.090023
8,9,37.015755
9,0,0.0
9,1,8.741026
9,10,42.913383
9,11,41.890263
9,12,39.996437
9,13,37.26942
9,14,33.843155
9,15,30.0
9,2,16.868631
9,3,23.975483
9,4,29.889309
9,5,34.60231
9,6,38.188526
9,7,40.743923
9,8,42.35186
9,9,43.06724
