0,0,0.0
0,1,0.0
0,10,0.0
0,11,0.0
0,12,0.0
0,13,0.0
0,14,0.0
0,15,30.0
0,2,0.0
0,3,0.0
0,4,0.0
0,5,0.0
0,6,0.0
0,7,0.0
0,8,0.0
0,9,0.0
1,0,0.0
1,1,0.6347953
1,10,5.172825
1,11,5.9424024
1,12,7.2332964
1,13,9.734816
1,14,15.341394
1,15,30.0
1,2,1.2538517
1,3,1.843309
1,4,2.3928862
1,5,2.8973558
1,6,3.3579726
1,7,3.7843204
1,8,4.197515
1,9,4.6366444
10,0,0.0
10,1,11.116223
10,10,49.433155
10,11,47.810753
10,12,45.020004
10,13,41.007973
10,14,35.870193
10,15,30.0
10,2,21.187096
10,3,29.660868
10,4,36.42765
10,5,41.610607
10,6,45.404594
10,7,47.98925
10,8,49.491646
10,9,49.973953
11,0,0.0
11,1,14.540521
11,10,57.05021
11,11,54.913017
11,12,51.275505
11,13,45.87964
11,14,38.633396
11,15,30.0
11,2,27.109987
11,3,37.063847
11,4,44.56321
11,5,50.023506
11,6,53.847157
11,7,56.334797
11,8,57.669495
11,9,57.92095
12,0,0.0
12,1,19.936157
12,10,65.93488
12,11,63.51663
12,12,59.290154
12,13,52.602257
12,14,42.784035
12,15,30.0
12,2,35.649048
12,3,46.922127
12,4,54.738857
12,5,60.074234
12,6,63.62703
12,7,65.834656
12,8,66.931946
12,9,66.99147
13,0,0.0
13,1,29.55529
13,10,76.182175
13,11,73.929276
13,12,69.76688
13,13,62.45562
13,14,49.900726
13,15,30.0
13,2,48.62835
13,3,60.2374
13,4,67.39667
13,5,71.90848
13,6,74.753105
13,7,76.44594
13,8,77.23324
13,9,77.17914
14,0,0.0
14,1,49.65679
14,10,87.68605
14,11,86.25198
14,12,83.39289
14,13,77.55294
14,14,64.363396
14,15,30.0
14,2,69.071976
14,3,78.0029
14,4,82.70246
14,5,85.41058
14,6,87.0317
14,7,87.963486
14,8,88.37668
14,9,88.31037
15,0,0.0
15,1,100.0
15,10,100.0
15,11,100.0
15,12,100.0
15,13,100.0
15,14,100.0
15,15,30.0
15,2,100.0
15,3,100.0
15,4,100.0
15,5,100.0
15,6,100.0
15,7,100.0
15,8,100.0
15,9,100.0
2,0,0.0
2,1,1.2854073
2,10,10.1125765
2,11,11.363768
2,12,13.256191
2,13,16.364723
2,14,21.630844
2,15,30.0
2,2,2.5374546
2,3,3.726718
2,4,4.8311577
2,5,5.83889
2,6,6.7505713
2,7,7.582168
2,8,8.369468
2,9,9.176596
3,0,0.0
3,1,1.9695317
3,10,14.737759
3,11,16.144451
3,12,18.063404
3,13,20.837343
3,14,24.81741
3,15,30.0
3,2,3.884139
3,3,5.6953826
3,4,7.3666816
3,5,8.8771105
3,6,10.223953
3,7,11.425041
3,8,12.522329
3,9,13.58839
4,0,0.0
4,1,2.7088003
4,10,19.106535
4,11,20.41367
4,12,22.016266
4,13,24.104269
4,14,26.801674
4,15,30.0
4,2,5.33462
4,3,7.8046136
4,4,10.063864
4,5,12.079838
4,6,13.844098
4,7,15.372774
4,8,16.707468
4,9,17.917896
5,0,0.0
5,1,3.5313296
5,10,23.357994
5,11,24.38842
5,12,25.484514
5,13,26.76235
5,14,28.285295
5,15,30.0
5,2,6.941472
5,3,10.125378
5,4,13.005321
5,5,15.535443
5,6,17.701109
5,7,19.515825
5,8,21.018227
5,9,22.270466
6,0,0.0
6,1,4.4753714
6,10,27.667912
6,11,28.298683
6,12,28.771952
6,13,29.17596
6,14,29.57749
6,15,30.0
6,2,8.7752
6,3,12.751028
6,4,16.297764
6,5,19.356867
6,6,21.910563
6,7,23.972763
6,8,25.580696
6,9,26.78926
7,0,0.0
7,1,5.5953135
7,10,32.227222
7,11,32.367737
7,12,32.12967
7,13,31.592762
7,14,30.849064
7,15,30.0
7,2,10.933632
7,3,15.806781
7,4,20.079128
7,5,23.685192
7,6,26.613167
7,7,28.885677
7,8,30.544273
7,9,31.639603
8,0,0.0
8,1,6.9726286
8,10,37.235214
8,11,36.816727
8,12,35.787292
8,13,34.217102
8,14,32.22638
8,15,30.0
8,2,13.557968
8,3,19.464405
8,4,24.528112
8,5,28.693188
8,6,31.972954
8,7,34.414326
8,8,36.072914
8,9,36.999397
9,0,0.0
9,1,8.737609
9,10,42.899113
9,11,41.878006
9,12,39.986748
9,13,37.26271
9,14,33.83973
9,15,30.0
9,2,16.861946
9,3,23.96582
9,4,29.877089
9,5,34.588062
9,6,38.172874
9,7,40.72755
9,8,42.335487
9,9,43.051567
