0,0,0.0
0,1,0.0
0,10,0.0
0,11,0.0
0,12,0.0
0,13,0.0
0,14,0.0
0,15,30.0
0,2,0.0
0,3,0.0
0,4,0.0
0,5,0.0
0,6,0.0
0,7,0.0
0,8,0.0
0,9,0.0
1,0,0.0
1,1,0.63373506
1,10,5.168351
1,11,5.9385576
1,12,7.2302523
1,13,9.732707
1,14,15.340317
1,15,30.0
1,2,1.2517763
1,3,1.840307
1,4,2.3890862
1,5,2.892921
1,6,3.3530943
1,7,3.7792096
1,8,4.1923947
1,9,4.631739
10,0,0.0
10,1,11.111617
10,10,49.413727
10,11,47.794052
10,12,45.00679
10,13,40.998817
10,14,35.86551
10,15,30.0
10,2,21.178076
10,3,29.647827
10,4,36.411133
10,5,41.59134
10,6,45.383396
10,7,47.967056
10,8,49.469414
10,9,49.952652
11,0,0.0
11,1,14.536549
11,10,57.03346
11,11,54.89862
11,12,51.264107
11,13,45.871742
11,14,38.62936
11,15,30.0
11,2,27.102215
11,3,37.0526
11,4,44.548977
11,5,50.00689
11,6,53.828888
11,7,56.31566
11,8,57.650322
11,9,57.902588
12,0,0.0
12,1,19.933004
12,10,65.921585
12,11,63.505203
12,12,59.2811
12,13,52.59599
12,14,42.78083
12,15,30.0
12,2,35.64287
12,3,46.9132
12,4,54.72755
12,5,60.061047
12,6,63.612522
12,7,65.81946
12,8,66.916725
12,9,66.97689
13,0,0.0
13,1,29.553097
13,10,76.17294
13,11,73.92134
13,12,69.7606
13,13,62.451267
13,14,49.8985
13,15,30.0
13,2,48.624065
13,3,60.2312
13,4,67.388824
13,5,71.89933
13,6,74.74304
13,7,76.435394
13,8,77.22267
13,9,77.169014
14,0,0.0
14,1,49.655674
14,10,87.68132
14,11,86.247925
14,12,83.38968
14,13,77.550705
14,14,64.36226
14,15,30.0
14,2,69.06978
14,3,77.999725
14,4,82.69845
14,5,85.40589
14,6,87.02655
14,7,87.958084
14,8,88.37127
14,9,88.30519
15,0,0.0
15,1,100.0
15,10,100.0
15,11,100.0
15,12,100.0
15,13,100.0
15,14,100.0
15,15,30.0
15,2,100.0
15,3,100.0
15,4,100.0
15,5,100.0
15,6,100.0
15,7,100.0
15,8,100.0
15,9,100.0
2,0,0.0
2,1,1.2833292
2,10,10.103808
2,11,11.356234
2,12,13.250223
2,13,16.36059
2,14,21.62873
2,15,30.0
2,2,2.533387
2,3,3.7208343
2,4,4.8237095
2,5,5.8301973
2,6,6.741009
2,7,7.572151
2,8,8.359433
2,9,9.166983
3,0,0.0
3,1,1.9665195
3,10,14.72505
3,11,16.13353
3,12,18.054758
3,13,20.831356
3,14,24.814346
3,15,30.0
3,2,3.878243
3,3,5.6868534
3,4,7.355885
3,5,8.864511
3,6,10.2100935
3,7,11.410522
3,8,12.507784
3,9,13.574456
4,0,0.0
4,1,2.7049763
4,10,19.090405
4,11,20.399803
4,12,22.005287
4,13,24.096666
4,14,26.797785
4,15,30.0
4,2,5.327135
4,3,7.793786
4,4,10.050158
4,5,12.063843
4,6,13.826504
4,7,15.354344
4,8,16.689007
4,9,17.900208
5,0,0.0
5,1,3.5268514
5,10,23.3391
5,11,24.372187
5,12,25.471659
5,13,26.753445
5,14,28.280743
5,15,30.0
5,2,6.932707
5,3,10.112699
5,4,12.989271
5,5,15.516713
5,6,17.680508
5,7,19.494244
5,8,20.996603
5,9,22.249756
6,0,0.0
6,1,4.470426
6,10,27.647053
6,11,28.280756
6,12,28.757757
6,13,29.16613
6,14,29.57246
6,15,30.0
6,2,8.76552
6,3,12.737027
6,4,16.28004
6,5,19.336185
6,6,21.887814
6,7,23.948929
6,8,25.556824
6,9,26.766388
7,0,0.0
7,1,5.590112
7,10,32.205284
7,11,32.34888
7,12,32.114735
7,13,31.582422
7,14,30.843775
7,15,30.0
7,2,10.923451
7,3,15.792055
7,4,20.060488
7,5,23.66344
7,6,26.58924
7,7,28.860613
7,8,30.519161
7,9,31.615547
8,0,0.0
8,1,6.9673963
8,10,37.213146
8,11,36.79776
8,12,35.77227
8,13,34.2067
8,14,32.221054
8,15,30.0
8,2,13.547726
8,3,19.449593
8,4,24.509363
8,5,28.671307
8,6,31.948883
8,7,34.389107
8,8,36.047653
8,9,36.975197
9,0,0.0
9,1,8.732575
9,10,42.877884
9,11,41.859768
9,12,39.972305
9,13,37.252705
9,14,33.834614
9,15,30.0
9,2,16.852097
9,3,23.951572
9,4,29.85905
9,5,34.567013
9,6,38.149727
9,7,40.703297
9,8,42.311195
9,9,43.028297
