0,0,0.0
0,1,0.0
0,10,0.0
0,11,0.0
0,12,0.0
0,13,0.0
0,14,0.0
0,15,30.0
0,2,0.0
0,3,0.0
0,4,0.0
0,5,0.0
0,6,0.0
0,7,0.0
0,8,0.0
0,9,0.0
1,0,0.0
1,1,0.6356671
1,10,5.176464
1,11,5.9455266
1,12,7.235768
1,13,9.736526
1,14,15.34227
1,15,30.0
1,2,1.2555573
1,3,1.8457744
1,4,2.3960037
1,5,2.9009905
1,6,3.3619647
1,7,3.7884965
1,8,4.2016916
1,9,4.6406403
10,0,0.0
10,1,11.119886
10,10,49.448444
10,11,47.823868
10,12,45.03039
10,13,41.01516
10,14,35.873863
10,15,30.0
10,2,21.194262
10,3,29.671227
10,4,36.440742
10,5,41.62587
10,6,45.42136
10,7,48.006786
10,8,49.509193
10,9,49.990738
11,0,0.0
11,1,14.543668
11,10,57.06334
11,11,54.924286
11,12,51.284416
11,13,45.885815
11,14,38.63655
11,15,30.0
11,2,27.116142
11,3,37.072742
11,4,44.57446
11,5,50.036617
11,6,53.861557
11,7,56.34986
11,8,57.684563
11,9,57.93537
12,0,0.0
12,1,19.938648
12,10,65.945274
12,11,63.52555
12,12,59.29721
12,13,52.607136
12,14,42.786533
12,15,30.0
12,2,35.65392
12,3,46.929173
12,4,54.74776
12,5,60.084614
12,6,63.63843
12,7,65.84657
12,8,66.94387
12,9,67.002884
13,0,0.0
13,1,29.55701
13,10,76.18937
13,11,73.93545
13,12,69.77176
13,13,62.459003
13,14,49.90245
13,15,30.0
13,2,48.631725
13,3,60.24228
13,4,67.402824
13,5,71.915665
13,6,74.761
13,7,76.45419
13,8,77.24149
13,9,77.18703
14,0,0.0
14,1,49.657677
14,10,87.68973
14,11,86.25514
14,12,83.395386
14,13,77.554665
14,14,64.36427
14,15,30.0
14,2,69.0737
14,3,78.005394
14,4,82.70562
14,5,85.414246
14,6,87.035736
14,7,87.967705
14,8,88.3809
14,9,88.31441
15,0,0.0
15,1,100.0
15,10,100.0
15,11,100.0
15,12,100.0
15,13,100.0
15,14,100.0
15,15,30.0
15,2,100.0
15,3,100.0
15,4,100.0
15,5,100.0
15,6,100.0
15,7,100.0
15,8,100.0
15,9,100.0
2,0,0.0
2,1,1.2871133
2,10,10.119701
2,11,11.369883
2,12,13.261028
2,13,16.36807
2,14,21.632555
2,15,30.0
2,2,2.5407927
2,3,3.7315428
2,4,4.8372593
2,5,5.8460016
2,6,6.7583838
2,7,7.5903387
2,8,8.377644
2,9,9.184415
3,0,0.0
3,1,1.9719987
3,10,14.748057
3,11,16.153294
3,12,18.0704
3,13,20.842186
3,14,24.819883
3,15,30.0
3,2,3.8889656
3,3,5.7023587
3,4,7.375503
3,5,8.887395
3,6,10.235249
3,7,11.436859
3,8,12.534147
3,9,13.5997
4,0,0.0
4,1,2.7119217
4,10,19.11957
4,11,20.424854
4,12,22.025116
4,13,24.110397
4,14,26.804806
4,15,30.0
4,2,5.340727
4,3,7.8134403
4,4,10.075027
4,5,12.09285
4,6,13.858393
4,7,15.387725
4,8,16.722427
4,9,17.932201
5,0,0.0
5,1,3.5349705
5,10,23.373196
5,11,24.40147
5,12,25.494835
5,13,26.769495
5,14,28.288948
5,15,30.0
5,2,6.948595
5,3,10.1356735
5,4,13.018341
5,5,15.550621
5,6,17.717781
5,7,19.533266
5,8,21.035667
5,9,22.287155
6,0,0.0
6,1,4.479374
6,10,27.684626
6,11,28.313025
6,12,28.783298
6,13,29.183815
6,14,29.581505
6,15,30.0
6,2,8.783031
6,3,12.762345
6,4,16.312078
6,5,19.37355
6,6,21.928894
6,7,23.991932
6,8,25.599876
6,9,26.807602
7,0,0.0
7,1,5.5995045
7,10,32.244717
7,11,32.38275
7,12,32.14155
7,13,31.600983
7,14,30.853268
7,15,30.0
7,2,10.94183
7,3,15.81863
7,4,20.094112
7,5,23.702662
7,6,26.632355
7,7,28.90575
7,8,30.564348
7,9,31.65881
8,0,0.0
8,1,6.976824
8,10,37.25273
8,11,36.831753
8,12,35.799183
8,13,34.22533
8,14,32.230587
8,15,30.0
8,2,13.566177
8,3,19.476269
8,4,24.543116
8,5,28.710676
8,6,31.992165
8,7,34.434418
8,8,36.093018
8,9,37.018623
9,0,0.0
9,1,8.741627
9,10,42.91588
9,11,41.8924
9,12,39.99813
9,13,37.270588
9,14,33.843758
9,15,30.0
9,2,16.869804
9,3,23.97718
9,4,29.891453
9,5,34.604805
9,6,38.19127
9,7,40.746788
9,8,42.354733
9,9,43.069977
