0,0,0.0
0,1,0.0
0,10,0.0
0,11,0.0
0,12,0.0
0,13,0.0
0,14,0.0
0,15,30.0
0,2,0.0
0,3,0.0
0,4,0.0
0,5,0.0
0,6,0.0
0,7,0.0
0,8,0.0
0,9,0.0
1,0,0.0
1,1,0.6352953
1,10,5.1749144
1,11,5.9441967
1,12,7.2347164
1,13,9.735798
1,14,15.341897
1,15,30.0
1,2,1.2548299
1,3,1.844723
1,4,2.3946743
1,5,2.8994408
1,6,3.3602633
1,7,3.7867172
1,8,4.199913
1,9,4.638939
10,0,0.0
10,1,11.118332
10,10,49.44197
10,11,47.81832
10,12,45.025993
10,13,41.012123
10,14,35.87231
10,15,30.0
10,2,21.19122
10,3,29.666832
10,4,36.43519
10,5,41.6194
10,6,45.414253
10,7,47.99936
10,8,49.501762
10,9,49.98363
11,0,0.0
11,1,14.542332
11,10,57.05778
11,11,54.919514
11,12,51.280655
11,13,45.8832
11,14,38.635216
11,15,30.0
11,2,27.113533
11,3,37.06897
11,4,44.56969
11,5,50.03106
11,6,53.855457
11,7,56.343483
11,8,57.678185
11,9,57.929268
12,0,0.0
12,1,19.937592
12,10,65.94087
12,11,63.52178
12,12,59.294228
12,13,52.605072
12,14,42.785477
12,15,30.0
12,2,35.651848
12,3,46.926186
12,4,54.743988
12,5,60.080215
12,6,63.6336
12,7,65.84154
12,8,66.93882
12,9,66.998055
13,0,0.0
13,1,29.55628
13,10,76.186325
13,11,73.93284
13,12,69.7697
13,13,62.457577
13,14,49.901722
13,15,30.0
13,2,48.630295
13,3,60.24021
13,4,67.400215
13,5,71.91262
13,6,74.75766
13,7,76.45069
13,8,77.238
13,9,77.183685
14,0,0.0
14,1,49.657303
14,10,87.68817
14,11,86.25381
14,12,83.39433
14,13,77.55394
14,14,64.36391
14,15,30.0
14,2,69.07296
14,3,78.00434
14,4,82.70428
14,5,85.41269
14,6,87.03403
14,7,87.96591
14,8,88.37911
14,9,88.3127
15,0,0.0
15,1,100.0
15,10,100.0
15,11,100.0
15,12,100.0
15,13,100.0
15,14,100.0
15,15,30.0
15,2,100.0
15,3,100.0
15,4,100.0
15,5,100.0
15,6,100.0
15,7,100.0
15,8,100.0
15,9,100.0
2,0,0.0
2,1,1.2863858
2,10,10.116668
2,11,11.367281
2,12,13.258969
2,13,16.366648
2,14,21.631826
2,15,30.0
2,2,2.5393693
2,3,3.7294855
2,4,4.8346577
2,5,5.8429704
2,6,6.7550545
2,7,7.5868587
2,8,8.374163
2,9,9.181086
3,0,0.0
3,1,1.9709471
3,10,14.743676
3,11,16.149532
3,12,18.067425
3,13,20.840128
3,14,24.818832
3,15,30.0
3,2,3.8869083
3,3,5.6993856
3,4,7.3717437
3,5,8.883013
3,6,10.230437
3,7,11.431827
3,8,12.529117
3,9,13.594887
4,0,0.0
4,1,2.7105918
4,10,19.114025
4,11,20.420097
4,12,22.021355
4,13,24.107792
4,14,26.803474
4,15,30.0
4,2,5.338125
4,3,7.80968
4,4,10.0702715
4,5,12.087309
4,6,13.852308
4,7,15.381363
4,8,16.716064
4,9,17.926117
5,0,0.0
5,1,3.5334203
5,10,23.366735
5,11,24.395924
5,12,25.490454
5,13,26.76646
5,14,28.287397
5,15,30.0
5,2,6.9455624
5,3,10.131291
5,4,13.0128
5,5,15.544163
5,6,17.71069
5,7,19.525848
5,8,21.028252
5,9,22.280062
6,0,0.0
6,1,4.4776707
6,10,27.677528
6,11,28.306938
6,12,28.778482
6,13,29.180481
6,14,29.5798
6,15,30.0
6,2,8.779699
6,3,12.757531
6,4,16.305988
6,5,19.366457
6,6,21.9211
6,7,23.983786
6,8,25.591728
6,9,26.799812
7,0,0.0
7,1,5.597722
7,10,32.237293
7,11,32.37638
7,12,32.13651
7,13,31.597496
7,14,30.851482
7,15,30.0
7,2,10.938345
7,3,15.813593
7,4,20.087744
7,5,23.695238
7,6,26.624203
7,7,28.897224
7,8,30.555826
7,9,31.650658
8,0,0.0
8,1,6.9750414
8,10,37.2453
8,11,36.825382
8,12,35.79414
8,13,34.22184
8,14,32.2288
8,15,30.0
8,2,13.562689
8,3,19.47123
8,4,24.536747
8,5,28.70325
8,6,31.98401
8,7,34.425888
8,8,36.084488
8,9,37.010468
9,0,0.0
9,1,8.739921
9,10,42.908775
9,11,41.8863
9,12,39.993313
9,13,37.26725
9,14,33.84205
9,15,30.0
9,2,16.866468
9,3,23.972359
9,4,29.885357
9,5,34.597702
9,6,38.183468
9,7,40.73863
9,8,42.346573
9,9,43.062176
