0,0,0.0
0,1,0.0
0,10,0.0
0,11,0.0
0,12,0.0
0,13,0.0
0,14,0.0
0,15,30.0
0,2,0.0
0,3,0.0
0,4,0.0
0,5,0.0
0,6,0.0
0,7,0.0
0,8,0.0
0,9,0.0
1,0,0.0
1,1,0.80467784
1,10,5.533086
1,11,6.2225227
1,12,7.43623
1,13,9.866046
1,14,15.405509
1,15,30.0
1,2,1.5784082
1,3,2.2933526
1,4,2.9315012
1,5,3.4823525
1,6,3.9500203
1,7,4.3483257
1,8,4.7077227
1,9,5.075974
10,0,0.0
10,1,10.731797
10,10,46.40536
10,11,45.08639
10,12,42.786472
10,13,39.420776
10,14,35.04672
10,15,30.0
10,2,20.402122
10,3,28.453117
10,4,34.77587
10,5,39.515816
10,6,42.896835
10,7,45.14173
10,8,46.420532
10,9,46.832676
11,0,0.0
11,1,14.097269
11,10,53.98048
11,11,52.172386
11,12,49.037636
11,13,44.296867
11,14,37.81285
11,15,30.0
11,2,26.216007
11,3,35.707542
11,4,42.743378
11,5,47.755814
11,6,51.1801
11,7,53.352505
11,8,54.49447
11,9,54.71036
12,0,0.0
12,1,19.51109
12,10,63.196682
12,11,61.080387
12,12,57.309326
12,13,51.20285
12,14,42.060394
12,15,30.0
12,2,34.79532
12,3,45.63887
12,4,53.03222
12,5,57.970463
12,6,61.176407
12,7,63.11912
12,8,64.064476
12,9,64.10984
13,0,0.0
13,1,29.221973
13,10,74.12418
13,11,72.10466
13,12,68.28488
13,13,61.41124
13,14,49.360485
13,15,30.0
13,2,47.96167
13,3,59.2389
13,4,66.076965
13,5,70.290405
13,6,72.87952
13,7,74.380936
13,8,75.06246
13,9,75.00754
14,0,0.0
14,1,49.474113
14,10,86.58281
14,11,85.274475
14,12,82.60057
14,13,76.99442
14,14,64.07494
14,15,30.0
14,2,68.70679
14,3,77.4577
14,4,81.98346
14,5,84.53209
14,6,86.01738
14,7,86.84868
14,8,87.20808
14,9,87.14333
15,0,0.0
15,1,100.0
15,10,100.0
15,11,100.0
15,12,100.0
15,13,100.0
15,14,100.0
15,15,30.0
15,2,100.0
15,3,100.0
15,4,100.0
15,5,100.0
15,6,100.0
15,7,100.0
15,8,100.0
15,9,100.0
2,0,0.0
2,1,1.5965145
2,10,10.728648
2,11,11.835127
2,12,13.593099
2,13,16.579346
2,14,21.735027
2,15,30.0
2,2,3.129776
2,3,4.547122
2,4,5.8074265
2,5,6.894865
2,6,7.8103876
2,7,8.583776
2,8,9.265306
2,9,9.938409
3,0,0.0
3,1,2.3681633
3,10,15.418837
3,11,16.64672
3,12,18.407822
3,13,21.049595
3,14,24.917469
3,15,30.0
3,2,4.6420593
3,3,6.7373705
3,4,8.598547
3,5,10.192621
3,6,11.526602
3,7,12.631944
3,8,13.577297
3,9,14.460036
4,0,0.0
4,1,3.1271958
4,10,19.612082
4,11,20.742374
4,12,22.2104
4,13,24.204535
4,14,26.842785
4,15,30.0
4,2,6.1236744
4,3,8.880296
4,4,11.313372
4,5,13.387409
4,6,15.09869
4,7,16.490396
4,8,17.632366
4,9,18.628952
5,0,0.0
5,1,3.8960207
5,10,23.440208
5,11,24.337494
5,12,25.365759
5,13,26.641502
5,14,28.21094
5,15,30.0
5,2,7.622842
5,3,11.032406
5,4,14.026969
5,5,16.550663
5,6,18.60776
5,7,20.236275
5,8,21.515078
5,9,22.543606
6,0,0.0
6,1,4.7231393
6,10,27.124016
6,11,27.696466
6,12,28.210796
6,13,28.743507
6,14,29.34335
6,15,30.0
6,2,9.222768
6,3,13.315854
6,4,16.872044
6,5,19.837292
6,6,22.20778
6,7,24.035662
6,8,25.39766
6,9,26.391876
7,0,0.0
7,1,5.68018
7,10,30.937437
7,11,31.120651
7,12,31.052105
7,13,30.802286
7,14,30.430288
7,15,30.0
7,2,11.06314
7,3,15.905949
7,4,20.062021
7,5,23.4658
7,6,26.134293
7,7,28.124817
7,8,29.526655
7,9,30.434402
8,0,0.0
8,1,6.8781686
8,10,35.20011
8,11,34.927216
8,12,34.20328
8,13,33.07406
8,14,31.628275
8,15,30.0
8,2,13.334909
8,3,19.057129
8,4,23.86858
8,5,27.728474
8,6,30.674278
8,7,32.797607
8,8,34.199444
8,9,34.97439
9,0,0.0
9,1,8.476319
9,10,40.243496
9,11,39.464005
9,12,37.988907
9,13,35.83691
9,14,33.096527
9,15,30.0
9,2,16.316172
9,3,23.093967
9,4,28.639584
9,5,32.95677
9,6,36.154762
9,7,38.369354
9,8,39.73135
9,9,40.33886
