0,0,0.0
0,1,0.0
0,10,0.0
0,11,0.0
0,12,0.0
0,13,0.0
0,14,0.0
0,15,30.0
0,2,0.0
0,3,0.0
0,4,0.0
0,5,0.0
0,6,0.0
0,7,0.0
0,8,0.0
0,9,0.0
1,0,0.0
1,1,0.62981606
1,10,5.1505947
1,11,5.9231806
1,12,7.217999
1,13,9.72418
1,14,15.335943
1,15,30.0
1,2,1.2440786
1,3,1.8291163
1,4,2.374819
1,5,2.8761334
1,6,3.334453
1,7,3.7594914
1,8,4.1724434
1,9,4.612443
10,0,0.0
10,1,11.090525
10,10,49.319912
10,11,47.712975
10,12,44.94227
10,13,40.95398
10,14,35.84252
10,15,30.0
10,2,21.136696
10,3,29.58773
10,4,36.33468
10,5,41.501553
10,6,45.28396
10,7,47.86211
10,8,49.363506
10,9,49.85047
11,0,0.0
11,1,14.517984
11,10,56.951004
11,11,54.827366
11,12,51.20742
11,13,45.83235
11,14,38.60917
11,15,30.0
11,2,27.065784
11,3,36.999718
11,4,44.481693
11,5,49.927902
11,6,53.741405
11,7,56.223377
11,8,57.557205
11,9,57.812763
12,0,0.0
12,1,19.91801
12,10,65.855095
12,11,63.44775
12,12,59.2354
12,13,52.564224
12,14,42.764557
12,15,30.0
12,2,35.613464
12,3,46.870502
12,4,54.67325
12,5,59.997288
12,6,63.541935
12,7,65.745
12,8,66.841606
12,9,66.90444
13,0,0.0
13,1,29.542566
13,10,76.126274
13,11,73.88103
13,12,69.72852
13,13,62.42898
13,14,49.887077
13,15,30.0
13,2,48.603405
13,3,60.201218
13,4,67.35067
13,5,71.85455
13,6,74.69347
13,7,76.3831
13,8,77.16994
13,9,77.11815
14,0,0.0
14,1,49.650238
14,10,87.65726
14,11,86.22713
14,12,83.37314
14,13,77.53922
14,14,64.35637
14,15,30.0
14,2,69.05912
14,3,77.98425
14,4,82.67877
14,5,85.38279
14,6,87.00097
14,7,87.93112
14,8,88.34407
14,9,88.27897
15,0,0.0
15,1,100.0
15,10,100.0
15,11,100.0
15,12,100.0
15,13,100.0
15,14,100.0
15,15,30.0
15,2,100.0
15,3,100.0
15,4,100.0
15,5,100.0
15,6,100.0
15,7,100.0
15,8,100.0
15,9,100.0
2,0,0.0
2,1,1.2755632
2,10,10.0686655
2,11,11.325803
2,12,13.225973
2,13,16.34372
2,14,21.620075
2,15,30.0
2,2,2.5181394
2,3,3.698662
2,4,4.795453
2,5,5.7969446
2,6,6.7040977
2,7,7.533105
2,8,8.319936
2,9,9.128784
3,0,0.0
3,1,1.9550698
3,10,14.673309
3,11,16.088734
3,12,18.01907
3,13,20.806522
3,14,24.801613
3,15,30.0
3,2,3.8557575
3,3,5.65417
3,4,7.314228
3,5,8.815509
3,6,10.155701
3,7,11.353005
3,8,12.449606
3,9,13.51821
4,0,0.0
4,1,2.6901112
4,10,19.023373
4,11,20.341787
4,12,21.959068
4,13,24.064518
4,14,26.781296
4,15,30.0
4,2,5.297953
4,3,7.7513638
4,4,9.996115
4,5,12.000271
4,6,13.75597
4,7,15.279769
4,8,16.613605
4,9,17.827324
5,0,0.0
5,1,3.508985
5,10,23.25872
5,11,24.302624
5,12,25.41626
5,13,26.714912
5,14,28.260983
5,15,30.0
5,2,6.897629
5,3,10.061726
5,4,12.924335
5,5,15.440365
5,6,17.595808
5,7,19.404734
5,8,20.906122
5,9,22.162323
6,0,0.0
6,1,4.4501266
6,10,27.555962
6,11,28.201948
6,12,28.695
6,13,29.122488
6,14,29.550085
6,15,30.0
6,2,8.72568
6,3,12.679131
6,4,16.206318
6,5,19.249516
6,6,21.791712
6,7,23.847393
6,8,25.454227
6,9,26.667278
7,0,0.0
7,1,5.568131
7,10,32.106873
7,11,32.263763
7,12,32.046974
7,13,31.535301
7,14,30.819618
7,15,30.0
7,2,10.880302
7,3,15.72938
7,4,19.980679
7,5,23.569662
7,6,26.485275
7,7,28.750816
7,8,30.40825
7,9,31.50845
8,0,0.0
8,1,6.9446373
8,10,37.111515
8,11,36.709873
8,12,35.70232
8,13,34.158066
8,14,32.19613
8,15,30.0
8,2,13.503069
8,3,19.38472
8,4,24.426796
8,5,28.574295
8,6,31.841385
8,7,34.275604
8,8,35.933044
8,9,36.86455
9,0,0.0
9,1,8.710091
9,10,42.77768
9,11,41.773132
9,12,39.903366
9,13,37.20478
9,14,33.81005
9,15,30.0
9,2,16.807968
9,3,23.887495
9,4,29.7775
9,5,34.471233
9,6,38.043602
9,7,40.591293
9,8,42.198124
9,9,42.919178
