0,0,0.0
0,1,0.0
0,10,0.0
0,11,0.0
0,12,0.0
0,13,0.0
0,14,0.0
0,15,30.0
0,2,0.0
0,3,0.0
0,4,0.0
0,5,0.0
0,6,0.0
0,7,0.0
0,8,0.0
0,9,0.0
1,0,0.0
1,1,0.6356821
1,10,5.176527
1,11,5.9455805
1,12,7.235811
1,13,9.736556
1,14,15.342285
1,15,30.0
1,2,1.2555866
1,3,1.8458169
1,4,2.3960571
1,5,2.901053
1,6,3.3620334
1,7,3.7885685
1,8,4.201764
1,9,4.6407094
10,0,0.0
10,1,11.119947
10,10,49.448704
10,11,47.824097
10,12,45.030563
10,13,41.01528
10,14,35.873924
10,15,30.0
10,2,21.194382
10,3,29.671402
10,4,36.440964
10,5,41.626133
10,6,45.421642
10,7,48.00709
10,8,49.50949
10,9,49.991024
11,0,0.0
11,1,14.54372
11,10,57.06356
11,11,54.924477
11,12,51.284576
11,13,45.885918
11,14,38.636604
11,15,30.0
11,2,27.11625
11,3,37.072895
11,4,44.57465
11,5,50.036835
11,6,53.8618
11,7,56.350113
11,8,57.684822
11,9,57.93561
12,0,0.0
12,1,19.93869
12,10,65.94545
12,11,63.5257
12,12,59.29733
12,13,52.607216
12,14,42.786575
12,15,30.0
12,2,35.654
12,3,46.929287
12,4,54.74791
12,5,60.084785
12,6,63.63862
12,7,65.84679
12,8,66.94407
12,9,67.003075
13,0,0.0
13,1,29.55704
13,10,76.18948
13,11,73.93555
13,12,69.771835
13,13,62.459053
13,14,49.90248
13,15,30.0
13,2,48.631775
13,3,60.242355
13,4,67.40292
13,5,71.91579
13,6,74.76114
13,7,76.45433
13,8,77.24164
13,9,77.187164
14,0,0.0
14,1,49.657692
14,10,87.68979
14,11,86.25519
14,12,83.39543
14,13,77.554695
14,14,64.36429
14,15,30.0
14,2,69.07372
14,3,78.00544
14,4,82.705666
14,5,85.41431
14,6,87.035805
14,7,87.96777
14,8,88.38097
14,9,88.314476
15,0,0.0
15,1,100.0
15,10,100.0
15,11,100.0
15,12,100.0
15,13,100.0
15,14,100.0
15,15,30.0
15,2,100.0
15,3,100.0
15,4,100.0
15,5,100.0
15,6,100.0
15,7,100.0
15,8,100.0
15,9,100.0
2,0,0.0
2,1,1.2871428
2,10,10.119823
2,11,11.3699875
2,12,13.261111
2,13,16.36813
2,14,21.632586
2,15,30.0
2,2,2.5408502
2,3,3.7316256
2,4,4.837364
2,5,5.846124
2,6,6.758518
2,7,7.59048
2,8,8.377785
2,9,9.184549
3,0,0.0
3,1,1.972041
3,10,14.748236
3,11,16.153446
3,12,18.070522
3,13,20.842268
3,14,24.819927
3,15,30.0
3,2,3.8890488
3,3,5.7024784
3,4,7.375655
3,5,8.887571
3,6,10.235443
3,7,11.437061
3,8,12.534351
3,9,13.599894
4,0,0.0
4,1,2.7119756
4,10,19.119793
4,11,20.425047
4,12,22.025269
4,13,24.110502
4,14,26.80486
4,15,30.0
4,2,5.3408318
4,3,7.813592
4,4,10.075218
4,5,12.093072
4,6,13.858638
4,7,15.387981
4,8,16.722683
4,9,17.93245
5,0,0.0
5,1,3.5350327
5,10,23.373455
5,11,24.401691
5,12,25.495016
5,13,26.769615
5,14,28.289011
5,15,30.0
5,2,6.9487185
5,3,10.13585
5,4,13.018565
5,5,15.550881
5,6,17.718067
5,7,19.533566
5,8,21.035967
5,9,22.287443
6,0,0.0
6,1,4.4794426
6,10,27.684912
6,11,28.313272
6,12,28.783493
6,13,29.18395
6,14,29.581573
6,15,30.0
6,2,8.783165
6,3,12.762541
6,4,16.312325
6,5,19.37384
6,6,21.929207
6,7,23.99226
6,8,25.600206
6,9,26.807919
7,0,0.0
7,1,5.599576
7,10,32.245018
7,11,32.38301
7,12,32.14175
7,13,31.601124
7,14,30.853336
7,15,30.0
7,2,10.941971
7,3,15.818832
7,4,20.094368
7,5,23.702961
7,6,26.632685
7,7,28.906094
7,8,30.564693
7,9,31.659142
8,0,0.0
8,1,6.976896
8,10,37.253033
8,11,36.832016
8,12,35.799385
8,13,34.22547
8,14,32.230656
8,15,30.0
8,2,13.566316
8,3,19.47647
8,4,24.543373
8,5,28.710976
8,6,31.992493
8,7,34.43476
8,8,36.09336
8,9,37.01895
9,0,0.0
9,1,8.741694
9,10,42.91617
9,11,41.892647
9,12,39.99833
9,13,37.27072
9,14,33.843826
9,15,30.0
9,2,16.86994
9,3,23.977371
9,4,29.891697
9,5,34.605087
9,6,38.19158
9,7,40.747116
9,8,42.355064
9,9,43.070297
