0,0,0.0
0,1,0.0
0,10,0.0
0,11,0.0
0,12,0.0
0,13,0.0
0,14,0.0
0,15,30.0
0,2,0.0
0,3,0.0
0,4,0.0
0,5,0.0
0,6,0.0
0,7,0.0
0,8,0.0
0,9,0.0
1,0,0.0
1,1,0.6292453
1,10,5.1476235
1,11,5.920573
1,12,7.2158976
1,13,9.722706
1,14,15.335184
1,15,30.0
1,2,1.2429496
1,3,1.8274567
1,4,2.3726718
1,5,2.8735642
1,6,3.3315468
1,7,3.7563581
1,8,4.1692133
1,9,4.609264
10,0,0.0
10,1,11.086168
10,10,49.299294
10,11,47.695038
10,12,44.92792
10,13,40.94397
10,14,35.83738
10,15,30.0
10,2,21.128124
10,3,29.575226
10,4,36.31867
10,5,41.48261
10,6,45.262806
10,7,47.8396
10,8,49.34059
10,9,49.828182
11,0,0.0
11,1,14.514051
11,10,56.932507
11,11,54.81128
11,12,51.19457
11,13,45.82338
11,14,38.604565
11,15,30.0
11,2,27.058048
11,3,36.988438
11,4,44.467255
11,5,49.910835
11,6,53.722363
11,7,56.203125
11,8,57.536613
11,9,57.792747
12,0,0.0
12,1,19.914774
12,10,65.83993
12,11,63.434578
12,12,59.224873
12,13,52.55689
12,14,42.76078
12,15,30.0
12,2,35.607098
12,3,46.86122
12,4,54.661373
12,5,59.98326
12,6,63.52629
12,7,65.72838
12,8,66.82471
12,9,66.88803
13,0,0.0
13,1,29.54026
13,10,76.11551
13,11,73.87167
13,12,69.721054
13,13,62.423775
13,14,49.884403
13,15,30.0
13,2,48.59887
13,3,60.194607
13,4,67.342224
13,5,71.844574
13,6,74.68234
13,7,76.371284
13,8,77.15793
13,9,77.10651
14,0,0.0
14,1,49.649044
14,10,87.65167
14,11,86.222275
14,12,83.36926
14,13,77.53652
14,14,64.35498
14,15,30.0
14,2,69.05676
14,3,77.98082
14,4,82.67438
14,5,85.37761
14,6,86.99519
14,7,87.92497
14,8,88.33783
14,9,88.27291
15,0,0.0
15,1,100.0
15,10,100.0
15,11,100.0
15,12,100.0
15,13,100.0
15,14,100.0
15,15,30.0
15,2,100.0
15,3,100.0
15,4,100.0
15,5,100.0
15,6,100.0
15,7,100.0
15,8,100.0
15,9,100.0
2,0,0.0
2,1,1.2744056
2,10,10.062683
2,11,11.320556
2,12,13.221748
2,13,16.340757
2,14,21.61855
2,15,30.0
2,2,2.515852
2,3,3.6952994
2,4,4.7911096
2,5,5.7917476
2,6,6.6982274
2,7,7.5267806
2,8,8.313422
2,9,9.122379
3,0,0.0
3,1,1.9533029
3,10,14.66427
3,11,16.080812
3,12,18.012695
3,13,20.802057
3,14,24.799313
3,15,30.0
3,2,3.8522651
3,3,5.649044
3,4,7.307609
3,5,8.807606
3,6,10.14678
3,7,11.343412
3,8,12.439741
3,9,13.508521
4,0,0.0
4,1,2.6877158
4,10,19.011276
4,11,20.331196
4,12,21.950558
4,13,24.058556
4,14,26.778227
4,15,30.0
4,2,5.2932253
4,3,7.7444277
4,4,9.987174
4,5,11.989607
4,6,13.743959
4,7,15.266871
4,8,16.600365
4,9,17.814339
5,0,0.0
5,1,3.5059683
5,10,23.24368
5,11,24.289474
5,12,25.4057
5,13,26.707521
5,14,28.257181
5,15,30.0
5,2,6.891674
5,3,10.053005
5,4,12.913105
5,5,15.426998
5,6,17.580776
5,7,19.388622
5,8,20.889608
5,9,22.146158
6,0,0.0
6,1,4.4465322
6,10,27.538273
6,11,28.186508
6,12,28.682611
6,13,29.113827
6,14,29.545626
6,15,30.0
6,2,8.718594
6,3,12.668758
6,4,16.192987
6,5,19.233665
6,6,21.773924
6,7,23.828354
6,8,25.43475
6,9,26.648243
7,0,0.0
7,1,5.564059
7,10,32.08707
7,11,32.246487
7,12,32.033134
7,13,31.525627
7,14,30.814644
7,15,30.0
7,2,10.872276
7,3,15.717647
7,4,19.965614
7,5,23.551783
7,6,26.465233
7,7,28.729408
7,8,30.386381
7,9,31.487103
8,0,0.0
8,1,6.9402437
8,10,37.09037
8,11,36.691456
8,12,35.687565
8,13,34.147766
8,14,32.190826
8,15,30.0
8,2,13.494415
8,3,19.372076
8,4,24.410582
8,5,28.555073
8,6,31.819876
8,7,34.252655
8,8,35.909637
8,9,36.84174
9,0,0.0
9,1,8.705589
9,10,42.75621
9,11,41.75444
9,12,39.888412
9,13,37.194336
9,14,33.804684
9,15,30.0
9,2,16.799105
9,3,23.874556
9,4,29.76092
9,5,34.451603
9,6,38.02166
9,7,40.567917
9,8,42.1743
9,9,42.895985
