0,0,0.0
0,1,0.0
0,10,0.0
0,11,0.0
0,12,0.0
0,13,0.0
0,14,0.0
0,15,30.0
0,2,0.0
0,3,0.0
0,4,0.0
0,5,0.0
0,6,0.0
0,7,0.0
0,8,0.0
0,9,0.0
1,0,0.0
1,1,0.6356589
1,10,5.17643
1,11,5.945498
1,12,7.235745
1,13,9.73651
1,14,15.34226
1,15,30.0
1,2,1.2555412
1,3,1.845751
1,4,2.3959742
1,5,2.9009562
1,6,3.361927
1,7,3.7884574
1,8,4.201653
1,9,4.640603
10,0,0.0
10,1,11.119852
10,10,49.448303
10,11,47.823746
10,12,45.030296
10,13,41.01509
10,14,35.873833
10,15,30.0
10,2,21.194193
10,3,29.671127
10,4,36.44062
10,5,41.62573
10,6,45.421204
10,7,48.006626
10,8,49.509033
10,9,49.99058
11,0,0.0
11,1,14.543638
11,10,57.063213
11,11,54.924183
11,12,51.284332
11,13,45.885757
11,14,38.63652
11,15,30.0
11,2,27.116085
11,3,37.072662
11,4,44.574356
11,5,50.03649
11,6,53.86142
11,7,56.34972
11,8,57.68442
11,9,57.935234
12,0,0.0
12,1,19.938623
12,10,65.94518
12,11,63.525467
12,12,59.297146
12,13,52.607086
12,14,42.78651
12,15,30.0
12,2,35.653873
12,3,46.929108
12,4,54.74768
12,5,60.08452
12,6,63.63833
12,7,65.846466
12,8,66.943756
12,9,67.00278
13,0,0.0
13,1,29.556992
13,10,76.1893
13,11,73.935394
13,12,69.77171
13,13,62.45897
13,14,49.902435
13,15,30.0
13,2,48.631695
13,3,60.242233
13,4,67.40277
13,5,71.9156
13,6,74.76093
13,7,76.45412
13,8,77.24142
13,9,77.186966
14,0,0.0
14,1,49.65767
14,10,87.6897
14,11,86.25511
14,12,83.39537
14,13,77.55465
14,14,64.36427
14,15,30.0
14,2,69.073685
14,3,78.00537
14,4,82.70559
14,5,85.41423
14,6,87.035706
14,7,87.96767
14,8,88.38086
14,9,88.31438
15,0,0.0
15,1,100.0
15,10,100.0
15,11,100.0
15,12,100.0
15,13,100.0
15,14,100.0
15,15,30.0
15,2,100.0
15,3,100.0
15,4,100.0
15,5,100.0
15,6,100.0
15,7,100.0
15,8,100.0
15,9,100.0
2,0,0.0
2,1,1.2870973
2,10,10.119634
2,11,11.369825
2,12,13.2609825
2,13,16.36804
2,14,21.63254
2,15,30.0
2,2,2.5407612
2,3,3.7314973
2,4,4.8372016
2,5,5.845935
2,6,6.7583103
2,7,7.5902634
2,8,8.377567
2,9,9.184342
3,0,0.0
3,1,1.9719754
3,10,14.747962
3,11,16.153212
3,12,18.070333
3,13,20.84214
3,14,24.81986
3,15,30.0
3,2,3.8889203
3,3,5.7022924
3,4,7.37542
3,5,8.887298
3,6,10.235144
3,7,11.436748
3,8,12.534039
3,9,13.599593
4,0,0.0
4,1,2.7118926
4,10,19.119448
4,11,20.424747
4,12,22.025032
4,13,24.110336
4,14,26.804777
4,15,30.0
4,2,5.3406696
4,3,7.8133574
4,4,10.074922
4,5,12.092728
4,6,13.858259
4,7,15.387585
4,8,16.722286
4,9,17.932068
5,0,0.0
5,1,3.5349362
5,10,23.37305
5,11,24.401348
5,12,25.494738
5,13,26.769428
5,14,28.288912
5,15,30.0
5,2,6.948529
5,3,10.135578
5,4,13.018219
5,5,15.55048
5,6,17.717625
5,7,19.533104
5,8,21.035505
5,9,22.287
6,0,0.0
6,1,4.479336
6,10,27.68447
6,11,28.31289
6,12,28.783192
6,13,29.18374
6,14,29.581467
6,15,30.0
6,2,8.782958
6,3,12.762239
6,4,16.311945
6,5,19.373398
6,6,21.928722
6,7,23.991753
6,8,25.599699
6,9,26.80743
7,0,0.0
7,1,5.599465
7,10,32.244553
7,11,32.38261
7,12,32.141434
7,13,31.600906
7,14,30.853226
7,15,30.0
7,2,10.941753
7,3,15.818521
7,4,20.093971
7,5,23.7025
7,6,26.632177
7,7,28.905563
7,8,30.564161
7,9,31.658632
8,0,0.0
8,1,6.9767847
8,10,37.25257
8,11,36.831615
8,12,35.799072
8,13,34.22525
8,14,32.230545
8,15,30.0
8,2,13.566099
8,3,19.476158
8,4,24.542978
8,5,28.710514
8,6,31.991987
8,7,34.43423
8,8,36.092827
8,9,37.01844
9,0,0.0
9,1,8.741589
9,10,42.915718
9,11,41.892265
9,12,39.998024
9,13,37.270515
9,14,33.84372
9,15,30.0
9,2,16.869732
9,3,23.977074
9,4,29.89132
9,5,34.604652
9,6,38.191097
9,7,40.74661
9,8,42.354553
9,9,43.06981
