0,0,0.0
0,1,0.0
0,10,0.0
0,11,0.0
0,12,0.0
0,13,0.0
0,14,0.0
0,15,30.0
0,2,0.0
0,3,0.0
0,4,0.0
0,5,0.0
0,6,0.0
0,7,0.0
0,8,0.0
0,9,0.0
1,0,0.0
1,1,0.6310097
1,10,5.15634
1,11,5.928187
1,12,7.222006
1,13,9.72698
1,14,15.337381
1,15,30.0
1,2,1.2464317
1,3,1.832551
1,4,2.3792276
1,5,2.8813558
1,6,3.3403008
1,7,3.765726
1,8,4.178805
1,9,4.6186423
10,0,0.0
10,1,11.098068
10,10,49.354546
10,11,47.742996
10,12,44.96623
10,13,40.970657
10,14,35.851086
10,15,30.0
10,2,21.151514
10,3,29.609308
10,4,36.362213
10,5,41.534016
10,6,45.320053
10,7,47.90037
10,8,49.40229
10,9,49.888046
11,0,0.0
11,1,14.524706
11,10,56.981766
11,11,54.85404
11,12,51.22869
11,13,45.84716
11,14,38.616764
11,15,30.0
11,2,27.078999
11,3,37.018936
11,4,44.506226
11,5,49.956802
11,6,53.77354
11,7,56.25741
11,8,57.59169
11,9,57.84616
12,0,0.0
12,1,19.923496
12,10,65.88012
12,11,63.46943
12,12,59.252693
12,13,52.576263
12,14,42.77073
12,15,30.0
12,2,35.624233
12,3,46.886177
12,4,54.693237
12,5,60.02084
12,6,63.568092
12,7,65.772705
12,8,66.86967
12,9,66.93161
13,0,0.0
13,1,29.546446
13,10,76.143936
13,11,73.89633
13,12,69.74073
13,13,62.43748
13,14,49.891434
13,15,30.0
13,2,48.611027
13,3,60.212296
13,4,67.36481
13,5,71.8712
13,6,74.71197
13,7,76.40269
13,8,77.18976
13,9,77.13736
14,0,0.0
14,1,49.65225
14,10,87.66641
14,11,86.235054
14,12,83.379456
14,13,77.54361
14,14,64.35863
14,15,30.0
14,2,69.063065
14,3,77.99
14,4,82.6861
14,5,85.39142
14,6,87.01055
14,7,87.94125
14,8,88.35434
14,9,88.288895
15,0,0.0
15,1,100.0
15,10,100.0
15,11,100.0
15,12,100.0
15,13,100.0
15,14,100.0
15,15,30.0
15,2,100.0
15,3,100.0
15,4,100.0
15,5,100.0
15,6,100.0
15,7,100.0
15,8,100.0
15,9,100.0
2,0,0.0
2,1,1.2779531
2,10,10.080123
2,11,11.335782
2,12,13.233966
2,13,16.349297
2,14,21.622944
2,15,30.0
2,2,2.522842
2,3,3.7055354
2,4,4.8042593
2,5,5.8073864
2,6,6.715773
2,7,7.5455585
2,8,8.33263
2,9,9.141155
3,0,0.0
3,1,1.9586438
3,10,14.690382
3,11,16.1036
3,12,18.030962
3,13,20.814827
3,14,24.805878
3,15,30.0
3,2,3.8627994
3,3,5.664444
3,4,7.3274045
3,5,8.831103
3,6,10.173144
3,7,11.371585
3,8,12.468545
3,9,13.53665
4,0,0.0
4,1,2.6948419
4,10,19.045828
4,11,20.361322
4,12,21.974703
4,13,24.075422
4,14,26.786903
4,15,30.0
4,2,5.3072577
4,3,7.764952
4,4,10.013508
4,5,12.020866
4,6,13.778969
4,7,15.304264
4,8,16.638542
4,9,17.851591
5,0,0.0
5,1,3.5147882
5,10,23.28611
5,11,24.326447
5,12,25.435303
5,13,26.728199
5,14,28.267807
5,15,30.0
5,2,6.909054
5,3,10.078382
5,4,12.945665
5,5,15.465578
5,6,17.623964
5,7,19.434677
5,8,20.936592
5,9,22.191948
6,0,0.0
6,1,4.456868
6,10,27.58756
6,11,28.229408
6,12,28.71695
6,13,29.13779
6,14,29.557945
6,15,30.0
6,2,8.738934
6,3,12.698462
6,4,16.231037
6,5,19.278734
6,6,21.82429
6,7,23.882025
6,8,25.489428
6,9,26.70148
7,0,0.0
7,1,5.5755844
7,10,32.141617
7,11,32.29394
7,12,32.071075
7,13,31.552109
7,14,30.828245
7,15,30.0
7,2,10.894967
7,3,15.750738
7,4,20.007996
7,5,23.601904
7,6,26.521215
7,7,28.788979
7,8,30.447016
7,9,31.54608
8,0,0.0
8,1,6.9525127
8,10,37.147995
8,11,36.74154
8,12,35.727608
8,13,34.175682
8,14,32.20517
8,15,30.0
8,2,13.518541
8,3,19.407269
8,4,24.455593
8,5,28.608286
8,6,31.879227
8,7,34.31577
8,8,35.9738
8,9,36.90409
9,0,0.0
9,1,8.718008
9,10,42.814186
9,11,41.804813
9,12,39.928642
9,13,37.222397
9,14,33.819084
9,15,30.0
9,2,16.823536
9,3,23.91015
9,4,29.806442
9,5,34.505356
9,6,38.08159
9,7,40.631565
9,8,42.23897
9,9,42.95877
