0,0,0.0
0,1,0.0
0,10,0.0
0,11,0.0
0,12,0.0
0,13,0.0
0,14,0.0
0,15,0.0
0,16,0.0
0,17,0.0
0,18,0.0
0,19,0.0
0,2,0.0
0,20,0.0
0,21,0.0
0,22,0.0
0,23,0.0
0,24,0.0
0,25,0.0
0,26,0.0
0,27,0.0
0,28,0.0
0,29,30.0
0,3,0.0
0,4,0.0
0,5,0.0
0,6,0.0
0,7,0.0
0,8,0.0
0,9,0.0
1,0,0.0
1,1,1.4987929
1,10,6.7082214
1,11,6.725953
1,12,6.732849
1,13,6.7353907
1,14,6.7361965
1,15,6.7364492
1,16,6.736571
1,17,6.7367735
1,18,6.7374773
1,19,6.7394147
1,2,2.8822937
1,20,6.745217
1,21,6.75968
1,22,6.796457
1,23,6.8805504
1,24,7.0723553
1,25,7.4914117
1,26,8.420602
1,27,10.539837
1,28,15.749396
1,29,30.0
1,3,4.068152
1,4,4.9998975
1,5,5.6831784
1,6,6.1386976
1,7,6.423398
1,8,6.583542
1,9,6.6683235
10,0,0.0
10,1,6.708221
10,10,29.772038
10,11,29.843899
10,12,29.871866
10,13,29.881693
10,14,29.884796
10,15,29.885674
10,16,29.885891
10,17,29.885944
10,18,29.885963
10,19,29.88602
10,2,12.901278
10,20,29.886162
10,21,29.886648
10,22,29.887722
10,23,29.890423
10,24,29.895428
10,25,29.904978
10,26,29.919708
10,27,29.941477
10,28,29.968805
10,29,30.0
10,3,18.176844
10,4,22.323586
10,5,25.326397
10,6,27.329506
10,7,28.557215
10,8,29.248333
10,9,29.60436
11,0,0.0
11,1,6.725953
11,10,29.843903
11,11,29.91585
11,12,29.943829
11,13,29.953661
11,14,29.956768
11,15,29.957642
11,16,29.957863
11,17,29.957909
11,18,29.957924
11,19,29.957935
11,2,12.9345255
11,20,29.95799
11,21,29.958126
11,22,29.958548
11,23,29.959408
11,24,29.96136
11,25,29.964668
11,26,29.970324
11,27,29.978188
11,28,29.988476
11,29,30.0
11,3,18.223974
11,4,22.37997
11,5,25.390186
11,6,27.396996
11,7,28.627354
11,8,29.319427
11,9,29.67607
12,0,0.0
12,1,6.732849
12,10,29.871868
12,11,29.943829
12,12,29.971815
12,13,29.98165
12,14,29.984753
12,15,29.98563
12,16,29.985846
12,17,29.985897
12,18,29.985905
12,19,29.985912
12,2,12.947954
12,20,29.985924
12,21,29.98597
12,22,29.986076
12,23,29.986385
12,24,29.986956
12,25,29.988123
12,26,29.989918
12,27,29.992657
12,28,29.99607
12,29,30.0
12,3,18.242304
12,4,22.402464
12,5,25.414993
12,6,27.423569
12,7,28.654627
12,8,29.347183
12,9,29.703955
13,0,0.0
13,1,6.7353897
13,10,29.881693
13,11,29.953663
13,12,29.981647
13,13,29.991482
13,14,29.994587
13,15,29.995462
13,16,29.995684
13,17,29.99573
13,18,29.995739
13,19,29.995743
13,2,12.952672
13,20,29.995743
13,21,29.995754
13,22,29.995789
13,23,29.995861
13,24,29.996042
13,25,29.996359
13,26,29.996931
13,27,29.99773
13,28,29.998802
13,29,30.0
13,3,18.248981
13,4,22.410366
13,5,25.42389
13,6,27.432901
13,7,28.664282
13,8,29.356936
13,9,29.71377
14,0,0.0
14,1,6.7361917
14,10,29.884796
14,11,29.956766
14,12,29.984753
14,13,29.994587
14,14,29.997692
14,15,29.99857
14,16,29.998785
14,17,29.998837
14,18,29.998846
14,19,29.998848
14,2,12.954237
14,20,29.998848
14,21,29.998852
14,22,29.998856
14,23,29.998877
14,24,29.998917
14,25,29.999008
14,26,29.99915
14,27,29.999378
14,28,29.999664
14,29,30.0
14,3,18.25109
14,4,22.412943
14,5,25.426697
14,6,27.43589
14,7,28.667334
14,8,29.360025
14,9,29.71687
15,0,0.0
15,1,6.736432
15,10,29.885674
15,11,29.957642
15,12,29.98563
15,13,29.99546
15,14,29.99857
15,15,29.999443
15,16,29.999664
15,17,29.99971
15,18,29.999722
15,19,29.999725
15,2,12.954678
15,20,29.999722
15,21,29.999725
15,22,29.999725
15,23,29.999727
15,24,29.999739
15,25,29.999756
15,26,29.999794
15,27,29.999846
15,28,29.999918
15,29,30.0
15,3,18.251713
15,4,22.41367
15,5,25.42751
15,6,27.436733
15,7,28.668198
15,8,29.360897
15,9,29.717745
16,0,0.0
16,1,6.736492
16,10,29.885891
16,11,29.95786
16,12,29.985847
16,13,29.995684
16,14,29.998789
16,15,29.999664
16,16,29.999882
16,17,29.999931
16,18,29.99994
16,19,29.999943
16,2,12.954795
16,20,29.999943
16,21,29.999943
16,22,29.999943
16,23,29.999943
16,24,29.999945
16,25,29.99995
16,26,29.999956
16,27,29.99997
16,28,29.999983
16,29,30.0
16,3,18.251867
16,4,22.413858
16,5,25.427711
16,6,27.436947
16,7,28.668415
16,8,29.361116
16,9,29.717964
17,0,0.0
17,1,6.736507
17,10,29.88594
17,11,29.957909
17,12,29.985897
17,13,29.995731
17,14,29.998837
17,15,29.999714
17,16,29.999931
17,17,29.999979
17,18,29.999989
17,19,29.99999
17,2,12.954821
17,20,29.99999
17,21,29.99999
17,22,29.99999
17,23,29.99999
17,24,29.999992
17,25,29.999992
17,26,29.999992
17,27,29.999996
17,28,29.999998
17,29,30.0
17,3,18.251904
17,4,22.413898
17,5,25.427757
17,6,27.436993
17,7,28.66846
17,8,29.361164
17,9,29.718012
18,0,0.0
18,1,6.7365093
18,10,29.88595
18,11,29.957916
18,12,29.985909
18,13,29.995739
18,14,29.998848
18,15,29.999722
18,16,29.99994
18,17,29.999989
18,18,29.999996
18,19,30.0
18,2,12.954826
18,20,30.0
18,21,30.0
18,22,30.0
18,23,30.0
18,24,30.0
18,25,30.0
18,26,30.0
18,27,30.0
18,28,30.0
18,29,30.0
18,3,18.251911
18,4,22.413906
18,5,25.427765
18,6,27.437002
18,7,28.668472
18,8,29.361174
18,9,29.718021
19,0,0.0
19,1,6.73651
19,10,29.88595
19,11,29.95792
19,12,29.985909
19,13,29.995743
19,14,29.998848
19,15,29.999725
19,16,29.999943
19,17,29.999989
19,18,30.0
19,19,30.0
19,2,12.954827
19,20,30.0
19,21,30.0
19,22,30.0
19,23,30.0
19,24,30.0
19,25,30.0
19,26,30.0
19,27,30.0
19,28,30.0
19,29,30.0
19,3,18.251913
19,4,22.41391
19,5,25.427767
19,6,27.437004
19,7,28.668476
19,8,29.361176
19,9,29.718021
2,0,0.0
2,1,2.8822937
2,10,12.901278
2,11,12.934526
2,12,12.947954
2,13,12.952674
2,14,12.954243
2,15,12.95471
2,16,12.954909
2,17,12.955292
2,18,12.956337
2,19,12.9598
2,2,5.550474
2,20,12.968824
2,21,12.993518
2,22,13.051489
2,23,13.187751
2,24,13.480291
2,25,14.097641
2,26,15.338221
2,27,17.775238
2,28,22.342457
2,29,30.0
2,3,7.8233685
2,4,9.624744
2,5,10.929188
2,6,11.811759
2,7,12.352688
2,8,12.663556
2,9,12.8237
20,0,0.0
20,1,6.7365103
20,10,29.88595
20,11,29.95792
20,12,29.985909
20,13,29.995739
20,14,29.998848
20,15,29.999725
20,16,29.999943
20,17,29.99999
20,18,30.0
20,19,30.0
20,2,12.954826
20,20,30.0
20,21,30.0
20,22,30.0
20,23,30.0
20,24,30.0
20,25,30.0
20,26,30.0
20,27,30.0
20,28,30.0
20,29,30.0
20,3,18.251913
20,4,22.41391
20,5,25.427765
20,6,27.437008
20,7,28.668476
20,8,29.361177
20,9,29.718023
21,0,0.0
21,1,6.7365103
21,10,29.885948
21,11,29.95792
21,12,29.985905
21,13,29.99574
21,14,29.998848
21,15,29.999725
21,16,29.999943
21,17,29.999992
21,18,30.0
21,19,30.0
21,2,12.954828
21,20,30.0
21,21,30.0
21,22,30.0
21,23,30.0
21,24,30.0
21,25,30.0
21,26,30.0
21,27,30.0
21,28,30.0
21,29,30.0
21,3,18.251911
21,4,22.41391
21,5,25.427769
21,6,27.437008
21,7,28.668476
21,8,29.361176
21,9,29.718023
22,0,0.0
22,1,6.7365103
22,10,29.885948
22,11,29.95792
22,12,29.985909
22,13,29.995743
22,14,29.998846
22,15,29.999725
22,16,29.999943
22,17,29.999992
22,18,30.0
22,19,30.0
22,2,12.954827
22,20,30.0
22,21,30.0
22,22,30.0
22,23,30.0
22,24,30.0
22,25,30.0
22,26,30.0
22,27,30.0
22,28,30.0
22,29,30.0
22,3,18.251911
22,4,22.413908
22,5,25.427769
22,6,27.437008
22,7,28.668478
22,8,29.361176
22,9,29.718023
23,0,0.0
23,1,6.7365103
23,10,29.885952
23,11,29.957916
23,12,29.985909
23,13,29.995739
23,14,29.998848
23,15,29.999723
23,16,29.999943
23,17,29.999992
23,18,30.0
23,19,30.0
23,2,12.954827
23,20,30.0
23,21,30.0
23,22,30.0
23,23,30.0
23,24,30.0
23,25,30.0
23,26,30.0
23,27,30.0
23,28,30.0
23,29,30.0
23,3,18.251911
23,4,22.41391
23,5,25.427767
23,6,27.437008
23,7,28.668476
23,8,29.361177
23,9,29.718021
24,0,0.0
24,1,6.7365103
24,10,29.885948
24,11,29.957918
24,12,29.985909
24,13,29.995743
24,14,29.998844
24,15,29.999725
24,16,29.999943
24,17,29.999992
24,18,30.0
24,19,30.0
24,2,12.954826
24,20,30.0
24,21,30.0
24,22,30.0
24,23,30.0
24,24,30.0
24,25,30.0
24,26,30.0
24,27,30.0
24,28,30.0
24,29,30.0
24,3,18.251913
24,4,22.41391
24,5,25.427769
24,6,27.43701
24,7,28.668476
24,8,29.361177
24,9,29.718023
25,0,0.0
25,1,6.73651
25,10,29.885948
25,11,29.957918
25,12,29.985909
25,13,29.995739
25,14,29.998848
25,15,29.999723
25,16,29.999943
25,17,29.999992
25,18,30.0
25,19,30.0
25,2,12.954828
25,20,30.0
25,21,30.0
25,22,30.0
25,23,30.0
25,24,30.0
25,25,30.0
25,26,30.0
25,27,30.0
25,28,30.0
25,29,30.0
25,3,18.251911
25,4,22.41391
25,5,25.427769
25,6,27.43701
25,7,28.668478
25,8,29.361177
25,9,29.718021
26,0,0.0
26,1,6.7365103
26,10,29.88595
26,11,29.957918
26,12,29.985905
26,13,29.99574
26,14,29.998848
26,15,29.999725
26,16,29.999943
26,17,29.999992
26,18,30.0
26,19,30.0
26,2,12.954826
26,20,30.0
26,21,30.0
26,22,30.0
26,23,30.0
26,24,30.0
26,25,30.0
26,26,30.0
26,27,30.0
26,28,30.0
26,29,30.0
26,3,18.251915
26,4,22.413908
26,5,25.427769
26,6,27.43701
26,7,28.668476
26,8,29.361177
26,9,29.718023
27,0,0.0
27,1,6.7365103
27,10,29.88595
27,11,29.95792
27,12,29.985907
27,13,29.995743
27,14,29.998848
27,15,29.999722
27,16,29.999943
27,17,29.999992
27,18,30.0
27,19,30.0
27,2,12.954828
27,20,30.0
27,21,30.0
27,22,30.0
27,23,30.0
27,24,30.0
27,25,30.0
27,26,30.0
27,27,30.0
27,28,30.0
27,29,30.0
27,3,18.251911
27,4,22.41391
27,5,25.427769
27,6,27.437008
27,7,28.668478
27,8,29.361177
27,9,29.718023
28,0,0.0
28,1,6.7365103
28,10,29.88595
28,11,29.95792
28,12,29.985907
28,13,29.995743
28,14,29.998848
28,15,29.999725
28,16,29.999943
28,17,29.999992
28,18,30.0
28,19,30.0
28,2,12.954828
28,20,30.0
28,21,30.0
28,22,30.0
28,23,30.0
28,24,30.0
28,25,30.0
28,26,30.0
28,27,30.0
28,28,30.0
28,29,30.0
28,3,18.251913
28,4,22.413908
28,5,25.427769
28,6,27.437008
28,7,28.668476
28,8,29.361177
28,9,29.718023
29,0,0.0
29,1,6.7365103
29,10,29.88595
29,11,29.95792
29,12,29.985907
29,13,29.995743
29,14,29.998848
29,15,29.999723
29,16,29.999943
29,17,29.99999
29,18,30.0
29,19,30.0
29,2,12.954827
29,20,30.0
29,21,30.0
29,22,30.0
29,23,30.0
29,24,30.0
29,25,30.0
29,26,30.0
29,27,30.0
29,28,30.0
29,29,30.0
29,3,18.251911
29,4,22.41391
29,5,25.427767
29,6,27.437004
29,7,28.668476
29,8,29.361176
29,9,29.718021
3,0,0.0
3,1,4.068152
3,10,18.176846
3,11,18.223974
3,12,18.242302
3,13,18.248983
3,14,18.251097
3,15,18.25174
3,16,18.252003
3,17,18.252373
3,18,18.25365
3,19,18.257133
3,2,7.823368
3,20,18.267647
3,21,18.293335
3,22,18.357632
3,23,18.498222
3,24,18.800611
3,25,19.395472
3,26,20.51918
3,27,22.485146
3,28,25.64755
3,29,30.0
3,3,11.0383625
3,4,13.564427
3,5,15.412391
3,6,16.644365
3,7,17.41138
3,8,17.842827
3,9,18.069958
30,0,0.0
30,1,6.7365103
30,10,29.88595
30,11,29.95792
30,12,29.985909
30,13,29.99574
30,14,29.998848
30,15,29.999723
30,16,29.999943
30,17,29.999992
30,18,30.0
30,19,30.0
30,2,12.954827
30,20,30.0
30,21,30.0
30,22,30.0
30,23,30.0
30,24,30.0
30,25,30.0
30,26,30.0
30,27,30.0
30,28,30.0
30,29,30.0
30,3,18.251913
30,4,22.41391
30,5,25.427765
30,6,27.437008
30,7,28.668476
30,8,29.361176
30,9,29.718023
31,0,0.0
31,1,6.7365103
31,10,29.885948
31,11,29.95792
31,12,29.985905
31,13,29.99574
31,14,29.998844
31,15,29.999722
31,16,29.999943
31,17,29.99999
31,18,30.0
31,19,30.0
31,2,12.954828
31,20,30.0
31,21,30.0
31,22,30.0
31,23,30.0
31,24,30.0
31,25,30.0
31,26,30.0
31,27,30.0
31,28,30.0
31,29,30.0
31,3,18.251911
31,4,22.41391
31,5,25.427767
31,6,27.437006
31,7,28.668476
31,8,29.361177
31,9,29.718023
32,0,0.0
32,1,6.7365103
32,10,29.885952
32,11,29.95792
32,12,29.985905
32,13,29.995743
32,14,29.998844
32,15,29.999722
32,16,29.99994
32,17,29.99999
32,18,29.999998
32,19,30.0
32,2,12.954827
32,20,30.0
32,21,30.0
32,22,30.0
32,23,30.0
32,24,30.0
32,25,30.0
32,26,30.0
32,27,30.0
32,28,30.0
32,29,30.0
32,3,18.251915
32,4,22.41391
32,5,25.427769
32,6,27.437008
32,7,28.668476
32,8,29.361176
32,9,29.718021
33,0,0.0
33,1,6.7365103
33,10,29.885952
33,11,29.95792
33,12,29.985907
33,13,29.99574
33,14,29.998848
33,15,29.999722
33,16,29.999943
33,17,29.999989
33,18,30.0
33,19,30.0
33,2,12.954828
33,20,30.0
33,21,30.0
33,22,30.0
33,23,30.0
33,24,30.0
33,25,30.0
33,26,30.0
33,27,30.0
33,28,30.0
33,29,30.0
33,3,18.251913
33,4,22.41391
33,5,25.427769
33,6,27.437008
33,7,28.668476
33,8,29.361176
33,9,29.718023
34,0,0.0
34,1,6.7365103
34,10,29.885952
34,11,29.95792
34,12,29.985909
34,13,29.995743
34,14,29.998848
34,15,29.999722
34,16,29.999943
34,17,29.99999
34,18,30.0
34,19,30.0
34,2,12.954828
34,20,30.0
34,21,30.0
34,22,30.0
34,23,30.0
34,24,30.0
34,25,30.0
34,26,30.0
34,27,30.0
34,28,30.0
34,29,30.0
34,3,18.251915
34,4,22.41391
34,5,25.427769
34,6,27.437008
34,7,28.668476
34,8,29.361176
34,9,29.718023
35,0,0.0
35,1,6.7365103
35,10,29.885952
35,11,29.95792
35,12,29.985909
35,13,29.995743
35,14,29.998848
35,15,29.999722
35,16,29.999943
35,17,29.99999
35,18,30.0
35,19,30.0
35,2,12.954828
35,20,30.0
35,21,30.0
35,22,30.0
35,23,30.0
35,24,30.0
35,25,30.0
35,26,30.0
35,27,30.0
35,28,30.0
35,29,30.0
35,3,18.251915
35,4,22.41391
35,5,25.427769
35,6,27.437008
35,7,28.668476
35,8,29.361176
35,9,29.718023
36,0,0.0
36,1,6.7365103
36,10,29.885952
36,11,29.95792
36,12,29.985909
36,13,29.995743
36,14,29.998848
36,15,29.999722
36,16,29.999943
36,17,29.99999
36,18,30.0
36,19,30.0
36,2,12.954828
36,20,30.0
36,21,30.0
36,22,30.0
36,23,30.0
36,24,30.0
36,25,30.0
36,26,30.0
36,27,30.0
36,28,30.0
36,29,30.0
36,3,18.251915
36,4,22.41391
36,5,25.427769
36,6,27.437008
36,7,28.668476
36,8,29.361176
36,9,29.718023
37,0,0.0
37,1,6.7365103
37,10,29.885952
37,11,29.95792
37,12,29.985909
37,13,29.995743
37,14,29.998848
37,15,29.999722
37,16,29.999943
37,17,29.99999
37,18,30.0
37,19,30.0
37,2,12.954828
37,20,30.0
37,21,30.0
37,22,30.0
37,23,30.0
37,24,30.0
37,25,30.0
37,26,30.0
37,27,30.0
37,28,30.0
37,29,30.0
37,3,18.251915
37,4,22.41391
37,5,25.427769
37,6,27.437008
37,7,28.668476
37,8,29.361176
37,9,29.718023
38,0,0.0
38,1,6.7365103
38,10,29.885952
38,11,29.95792
38,12,29.985907
38,13,29.995743
38,14,29.998848
38,15,29.999722
38,16,29.999943
38,17,29.99999
38,18,30.0
38,19,30.0
38,2,12.954827
38,20,30.0
38,21,30.0
38,22,30.0
38,23,30.0
38,24,30.0
38,25,30.0
38,26,30.0
38,27,30.0
38,28,30.0
38,29,30.0
38,3,18.251915
38,4,22.41391
38,5,25.427769
38,6,27.437008
38,7,28.668476
38,8,29.361177
38,9,29.718023
39,0,0.0
39,1,6.7365103
39,10,29.885952
39,11,29.95792
39,12,29.985907
39,13,29.995743
39,14,29.998848
39,15,29.999722
39,16,29.999943
39,17,29.99999
39,18,30.0
39,19,30.0
39,2,12.954826
39,20,30.0
39,21,30.0
39,22,30.0
39,23,30.0
39,24,30.0
39,25,30.0
39,26,30.0
39,27,30.0
39,28,30.0
39,29,30.0
39,3,18.251913
39,4,22.41391
39,5,25.427769
39,6,27.437006
39,7,28.668476
39,8,29.361176
39,9,29.718023
4,0,0.0
4,1,4.9998975
4,10,22.323584
4,11,22.37997
4,12,22.402466
4,13,22.410366
4,14,22.412949
4,15,22.413694
4,16,22.413956
4,17,22.41433
4,18,22.415298
4,19,22.418606
4,2,9.624744
4,20,22.427101
4,21,22.450438
4,22,22.503479
4,23,22.624538
4,24,22.867779
4,25,23.339651
4,26,24.168957
4,27,25.527103
4,28,27.508486
4,29,30.0
4,3,13.564427
4,4,16.679306
4,5,18.934906
4,6,20.454626
4,7,21.386066
4,8,21.917995
4,9,22.19202
40,0,0.0
40,1,6.7365103
40,10,29.88595
40,11,29.95792
40,12,29.985909
40,13,29.995743
40,14,29.998848
40,15,29.999723
40,16,29.999943
40,17,29.99999
40,18,30.0
40,19,30.0
40,2,12.954828
40,20,30.0
40,21,30.0
40,22,30.0
40,23,30.0
40,24,30.0
40,25,30.0
40,26,30.0
40,27,30.0
40,28,30.0
40,29,30.0
40,3,18.251913
40,4,22.41391
40,5,25.427769
40,6,27.437008
40,7,28.668476
40,8,29.361177
40,9,29.718023
41,0,0.0
41,1,6.7365103
41,10,29.885952
41,11,29.957918
41,12,29.985909
41,13,29.995743
41,14,29.998848
41,15,29.999725
41,16,29.999943
41,17,29.99999
41,18,30.0
41,19,30.0
41,2,12.954828
41,20,30.0
41,21,30.0
41,22,30.0
41,23,30.0
41,24,30.0
41,25,30.0
41,26,30.0
41,27,30.0
41,28,30.0
41,29,30.0
41,3,18.251911
41,4,22.41391
41,5,25.427767
41,6,27.437008
41,7,28.668476
41,8,29.361176
41,9,29.718023
42,0,0.0
42,1,6.7365103
42,10,29.88595
42,11,29.95792
42,12,29.985909
42,13,29.995743
42,14,29.998848
42,15,29.999725
42,16,29.999943
42,17,29.999992
42,18,30.0
42,19,30.0
42,2,12.954826
42,20,30.0
42,21,30.0
42,22,30.0
42,23,30.0
42,24,30.0
42,25,30.0
42,26,30.0
42,27,30.0
42,28,30.0
42,29,30.0
42,3,18.251913
42,4,22.413906
42,5,25.427769
42,6,27.437006
42,7,28.668476
42,8,29.361177
42,9,29.718023
43,0,0.0
43,1,6.73651
43,10,29.885952
43,11,29.95792
43,12,29.985909
43,13,29.995743
43,14,29.998848
43,15,29.999725
43,16,29.999943
43,17,29.99999
43,18,30.0
43,19,30.0
43,2,12.954826
43,20,30.0
43,21,30.0
43,22,30.0
43,23,30.0
43,24,30.0
43,25,30.0
43,26,30.0
43,27,30.0
43,28,30.0
43,29,30.0
43,3,18.251911
43,4,22.413906
43,5,25.427765
43,6,27.437004
43,7,28.668476
43,8,29.361176
43,9,29.718021
44,0,0.0
44,1,6.73651
44,10,29.885948
44,11,29.95792
44,12,29.985905
44,13,29.995743
44,14,29.998848
44,15,29.999725
44,16,29.999943
44,17,29.99999
44,18,30.0
44,19,30.0
44,2,12.954826
44,20,30.0
44,21,30.0
44,22,30.0
44,23,30.0
44,24,30.0
44,25,30.0
44,26,30.0
44,27,30.0
44,28,30.0
44,29,30.0
44,3,18.251911
44,4,22.41391
44,5,25.427765
44,6,27.437008
44,7,28.668476
44,8,29.361176
44,9,29.718023
45,0,0.0
45,1,6.7365093
45,10,29.88595
45,11,29.957918
45,12,29.985907
45,13,29.995739
45,14,29.998848
45,15,29.999723
45,16,29.999943
45,17,29.99999
45,18,30.0
45,19,30.0
45,2,12.954826
45,20,30.0
45,21,30.0
45,22,30.0
45,23,30.0
45,24,30.0
45,25,30.0
45,26,30.0
45,27,30.0
45,28,30.0
45,29,30.0
45,3,18.251911
45,4,22.413906
45,5,25.427765
45,6,27.437004
45,7,28.668476
45,8,29.361177
45,9,29.718021
46,0,0.0
46,1,6.7365093
46,10,29.88595
46,11,29.957918
46,12,29.985907
46,13,29.995743
46,14,29.998846
46,15,29.999725
46,16,29.999943
46,17,29.999992
46,18,30.0
46,19,30.0
46,2,12.954826
46,20,30.0
46,21,30.0
46,22,30.0
46,23,30.0
46,24,30.0
46,25,30.0
46,26,30.0
46,27,30.0
46,28,30.0
46,29,30.0
46,3,18.251911
46,4,22.413908
46,5,25.427765
46,6,27.437004
46,7,28.668476
46,8,29.361176
46,9,29.718023
47,0,0.0
47,1,6.7365103
47,10,29.88595
47,11,29.957918
47,12,29.985907
47,13,29.995739
47,14,29.998848
47,15,29.999722
47,16,29.999943
47,17,29.999992
47,18,30.0
47,19,30.0
47,2,12.954826
47,20,30.0
47,21,30.0
47,22,30.0
47,23,30.0
47,24,30.0
47,25,30.0
47,26,30.0
47,27,30.0
47,28,30.0
47,29,30.0
47,3,18.251911
47,4,22.413908
47,5,25.427769
47,6,27.437004
47,7,28.668476
47,8,29.361177
47,9,29.718023
48,0,0.0
48,1,6.7365103
48,10,29.885952
48,11,29.95792
48,12,29.985909
48,13,29.995743
48,14,29.998846
48,15,29.999722
48,16,29.999943
48,17,29.999992
48,18,30.0
48,19,30.0
48,2,12.954827
48,20,30.0
48,21,30.0
48,22,30.0
48,23,30.0
48,24,30.0
48,25,30.0
48,26,30.0
48,27,30.0
48,28,30.0
48,29,30.0
48,3,18.251911
48,4,22.41391
48,5,25.427769
48,6,27.437008
48,7,28.668476
48,8,29.361176
48,9,29.718021
49,0,0.0
49,1,6.7365103
49,10,29.88595
49,11,29.957918
49,12,29.985909
49,13,29.995739
49,14,29.998848
49,15,29.999722
49,16,29.999943
49,17,29.999992
49,18,30.0
49,19,30.0
49,2,12.954827
49,20,30.0
49,21,30.0
49,22,30.0
49,23,30.0
49,24,30.0
49,25,30.0
49,26,30.0
49,27,30.0
49,28,30.0
49,29,30.0
49,3,18.251913
49,4,22.41391
49,5,25.427769
49,6,27.437008
49,7,28.668476
49,8,29.361176
49,9,29.718023
5,0,0.0
5,1,5.683178
5,10,25.326399
5,11,25.390186
5,12,25.414993
5,13,25.42389
5,14,25.4267
5,15,25.42752
5,16,25.427788
5,17,25.428024
5,18,25.428822
5,19,25.430965
5,2,10.929188
5,20,25.437653
5,21,25.453651
5,22,25.493664
5,23,25.57758
5,24,25.751116
5,25,26.067127
5,26,26.611778
5,27,27.448896
5,28,28.61082
5,29,30.0
5,3,15.412391
5,4,18.934906
5,5,21.502232
5,6,23.213783
5,7,24.273106
5,8,24.868982
5,9,25.180023
50,0,0.0
50,1,6.7365103
50,10,29.885952
50,11,29.95792
50,12,29.985907
50,13,29.99574
50,14,29.998848
50,15,29.999722
50,16,29.999943
50,17,29.999992
50,18,30.0
50,19,30.0
50,2,12.954826
50,20,30.0
50,21,30.0
50,22,30.0
50,23,30.0
50,24,30.0
50,25,30.0
50,26,30.0
50,27,30.0
50,28,30.0
50,29,30.0
50,3,18.251915
50,4,22.41391
50,5,25.427769
50,6,27.437008
50,7,28.668476
50,8,29.361177
50,9,29.718023
51,0,0.0
51,1,6.7365103
51,10,29.88595
51,11,29.957918
51,12,29.985909
51,13,29.995743
51,14,29.998848
51,15,29.999725
51,16,29.999943
51,17,29.99999
51,18,30.0
51,19,30.0
51,2,12.954827
51,20,30.0
51,21,30.0
51,22,30.0
51,23,30.0
51,24,30.0
51,25,30.0
51,26,30.0
51,27,30.0
51,28,30.0
51,29,30.0
51,3,18.251913
51,4,22.413912
51,5,25.427769
51,6,27.437008
51,7,28.668476
51,8,29.361176
51,9,29.718023
52,0,0.0
52,1,6.7365103
52,10,29.885948
52,11,29.95792
52,12,29.985909
52,13,29.995743
52,14,29.998848
52,15,29.999723
52,16,29.999943
52,17,29.99999
52,18,30.0
52,19,30.0
52,2,12.954828
52,20,30.0
52,21,30.0
52,22,30.0
52,23,30.0
52,24,30.0
52,25,30.0
52,26,30.0
52,27,30.0
52,28,30.0
52,29,30.0
52,3,18.251915
52,4,22.413908
52,5,25.427769
52,6,27.437004
52,7,28.668478
52,8,29.361176
52,9,29.718021
53,0,0.0
53,1,6.7365103
53,10,29.88595
53,11,29.95792
53,12,29.985909
53,13,29.995743
53,14,29.998848
53,15,29.999725
53,16,29.999943
53,17,29.99999
53,18,30.0
53,19,30.0
53,2,12.954826
53,20,30.0
53,21,30.0
53,22,30.0
53,23,30.0
53,24,30.0
53,25,30.0
53,26,30.0
53,27,30.0
53,28,30.0
53,29,30.0
53,3,18.251913
53,4,22.41391
53,5,25.427765
53,6,27.437008
53,7,28.668476
53,8,29.361177
53,9,29.718021
54,0,0.0
54,1,6.7365103
54,10,29.885948
54,11,29.95792
54,12,29.985909
54,13,29.995743
54,14,29.998848
54,15,29.999725
54,16,29.999943
54,17,29.99999
54,18,30.0
54,19,30.0
54,2,12.954827
54,20,30.0
54,21,30.0
54,22,30.0
54,23,30.0
54,24,30.0
54,25,30.0
54,26,30.0
54,27,30.0
54,28,30.0
54,29,30.0
54,3,18.251915
54,4,22.41391
54,5,25.427769
54,6,27.437004
54,7,28.668478
54,8,29.361176
54,9,29.718023
55,0,0.0
55,1,6.7365103
55,10,29.885952
55,11,29.95792
55,12,29.985909
55,13,29.995743
55,14,29.998848
55,15,29.999725
55,16,29.999943
55,17,29.999992
55,18,30.0
55,19,30.0
55,2,12.954826
55,20,30.0
55,21,30.0
55,22,30.0
55,23,30.0
55,24,30.0
55,25,30.0
55,26,30.0
55,27,30.0
55,28,30.0
55,29,30.0
55,3,18.251915
55,4,22.41391
55,5,25.427769
55,6,27.437008
55,7,28.668476
55,8,29.361176
55,9,29.718021
56,0,0.0
56,1,6.7365103
56,10,29.885948
56,11,29.95792
56,12,29.985907
56,13,29.995743
56,14,29.998848
56,15,29.999725
56,16,29.999943
56,17,29.99999
56,18,30.0
56,19,30.0
56,2,12.954828
56,20,30.0
56,21,30.0
56,22,30.0
56,23,30.0
56,24,30.0
56,25,30.0
56,26,30.0
56,27,30.0
56,28,30.0
56,29,30.0
56,3,18.251913
56,4,22.41391
56,5,25.427769
56,6,27.437008
56,7,28.668476
56,8,29.361176
56,9,29.718021
57,0,0.0
57,1,6.7365103
57,10,29.88595
57,11,29.95792
57,12,29.985909
57,13,29.995743
57,14,29.998848
57,15,29.999723
57,16,29.999943
57,17,29.99999
57,18,30.0
57,19,30.0
57,2,12.954828
57,20,30.0
57,21,30.0
57,22,30.0
57,23,30.0
57,24,30.0
57,25,30.0
57,26,30.0
57,27,30.0
57,28,30.0
57,29,30.0
57,3,18.251913
57,4,22.41391
57,5,25.427769
57,6,27.437004
57,7,28.668476
57,8,29.361177
57,9,29.718023
58,0,0.0
58,1,6.7365103
58,10,29.885948
58,11,29.95792
58,12,29.985907
58,13,29.995743
58,14,29.998846
58,15,29.999725
58,16,29.999943
58,17,29.99999
58,18,30.0
58,19,30.0
58,2,12.954827
58,20,30.0
58,21,30.0
58,22,30.0
58,23,30.0
58,24,30.0
58,25,30.0
58,26,30.0
58,27,30.0
58,28,30.0
58,29,30.0
58,3,18.251915
58,4,22.41391
58,5,25.427769
58,6,27.437008
58,7,28.668476
58,8,29.361177
58,9,29.718021
59,0,0.0
59,1,6.7365093
59,10,29.88595
59,11,29.957918
59,12,29.985909
59,13,29.995743
59,14,29.998848
59,15,29.999722
59,16,29.999943
59,17,29.99999
59,18,30.0
59,19,30.0
59,2,12.954829
59,20,30.0
59,21,30.0
59,22,30.0
59,23,30.0
59,24,30.0
59,25,30.0
59,26,30.0
59,27,30.0
59,28,30.0
59,29,30.0
59,3,18.251911
59,4,22.413912
59,5,25.427769
59,6,27.437008
59,7,28.668476
59,8,29.361176
59,9,29.718021
6,0,0.0
6,1,6.1386976
6,10,27.329506
6,11,27.396997
6,12,27.423569
6,13,27.432903
6,14,27.435894
6,15,27.436745
6,16,27.436985
6,17,27.437172
6,18,27.437586
6,19,27.439083
6,2,11.811758
6,20,27.442888
6,21,27.453674
6,22,27.477594
6,23,27.531937
6,24,27.6362
6,25,27.830084
6,26,28.146145
6,27,28.624006
6,28,29.258148
6,29,30.0
6,3,16.644365
6,4,20.454624
6,5,23.21378
6,6,25.063873
6,7,26.197803
6,8,26.84079
6,9,27.172028
60,0,0.0
60,1,6.7365103
60,10,29.885948
60,11,29.95792
60,12,29.985909
60,13,29.995743
60,14,29.998846
60,15,29.999723
60,16,29.999943
60,17,29.99999
60,18,30.0
60,19,30.0
60,2,12.954826
60,20,30.0
60,21,30.0
60,22,30.0
60,23,30.0
60,24,30.0
60,25,30.0
60,26,30.0
60,27,30.0
60,28,30.0
60,29,30.0
60,3,18.251915
60,4,22.41391
60,5,25.427769
60,6,27.437008
60,7,28.668476
60,8,29.361176
60,9,29.718023
61,0,0.0
61,1,6.7365103
61,10,29.885952
61,11,29.95792
61,12,29.985909
61,13,29.995743
61,14,29.998848
61,15,29.999723
61,16,29.999943
61,17,29.99999
61,18,30.0
61,19,30.0
61,2,12.954828
61,20,30.0
61,21,30.0
61,22,30.0
61,23,30.0
61,24,30.0
61,25,30.0
61,26,30.0
61,27,30.0
61,28,30.0
61,29,30.0
61,3,18.251911
61,4,22.41391
61,5,25.427767
61,6,27.437008
61,7,28.668476
61,8,29.361177
61,9,29.718023
62,0,0.0
62,1,6.7365103
62,10,29.885948
62,11,29.95792
62,12,29.985909
62,13,29.995743
62,14,29.998848
62,15,29.999723
62,16,29.999943
62,17,29.999992
62,18,30.0
62,19,30.0
62,2,12.954827
62,20,30.0
62,21,30.0
62,22,30.0
62,23,30.0
62,24,30.0
62,25,30.0
62,26,30.0
62,27,30.0
62,28,30.0
62,29,30.0
62,3,18.251913
62,4,22.41391
62,5,25.427767
62,6,27.437008
62,7,28.668476
62,8,29.361176
62,9,29.718023
63,0,0.0
63,1,6.7365093
63,10,29.885952
63,11,29.95792
63,12,29.985909
63,13,29.995743
63,14,29.998848
63,15,29.999723
63,16,29.999943
63,17,29.99999
63,18,30.0
63,19,30.0
63,2,12.954827
63,20,30.0
63,21,30.0
63,22,30.0
63,23,30.0
63,24,30.0
63,25,30.0
63,26,30.0
63,27,30.0
63,28,30.0
63,29,30.0
63,3,18.251913
63,4,22.41391
63,5,25.427765
63,6,27.437008
63,7,28.668476
63,8,29.361176
63,9,29.718023
64,0,0.0
64,1,6.7365103
64,10,29.885952
64,11,29.95792
64,12,29.985909
64,13,29.995743
64,14,29.998848
64,15,29.999722
64,16,29.999943
64,17,29.999992
64,18,30.0
64,19,30.0
64,2,12.954826
64,20,30.0
64,21,30.0
64,22,30.0
64,23,30.0
64,24,30.0
64,25,30.0
64,26,30.0
64,27,30.0
64,28,30.0
64,29,30.0
64,3,18.251913
64,4,22.41391
64,5,25.427767
64,6,27.437008
64,7,28.668476
64,8,29.361176
64,9,29.718023
65,0,0.0
65,1,6.7365093
65,10,29.885952
65,11,29.95792
65,12,29.985909
65,13,29.995743
65,14,29.998848
65,15,29.999723
65,16,29.999943
65,17,29.99999
65,18,30.0
65,19,30.0
65,2,12.954826
65,20,30.0
65,21,30.0
65,22,30.0
65,23,30.0
65,24,30.0
65,25,30.0
65,26,30.0
65,27,30.0
65,28,30.0
65,29,30.0
65,3,18.251911
65,4,22.413906
65,5,25.427765
65,6,27.437006
65,7,28.668476
65,8,29.361176
65,9,29.718023
66,0,0.0
66,1,6.7365093
66,10,29.885952
66,11,29.95792
66,12,29.985909
66,13,29.995743
66,14,29.998848
66,15,29.999722
66,16,29.999943
66,17,29.999992
66,18,30.0
66,19,30.0
66,2,12.954826
66,20,30.0
66,21,30.0
66,22,30.0
66,23,30.0
66,24,30.0
66,25,30.0
66,26,30.0
66,27,30.0
66,28,30.0
66,29,30.0
66,3,18.251911
66,4,22.41391
66,5,25.427765
66,6,27.437008
66,7,28.668476
66,8,29.361176
66,9,29.718023
67,0,0.0
67,1,6.7365093
67,10,29.885952
67,11,29.95792
67,12,29.985909
67,13,29.995743
67,14,29.998848
67,15,29.999723
67,16,29.999943
67,17,29.99999
67,18,30.0
67,19,30.0
67,2,12.954826
67,20,30.0
67,21,30.0
67,22,30.0
67,23,30.0
67,24,30.0
67,25,30.0
67,26,30.0
67,27,30.0
67,28,30.0
67,29,30.0
67,3,18.251911
67,4,22.413906
67,5,25.427765
67,6,27.437004
67,7,28.668476
67,8,29.361176
67,9,29.718023
68,0,0.0
68,1,6.7365093
68,10,29.885952
68,11,29.95792
68,12,29.985907
68,13,29.995743
68,14,29.998848
68,15,29.999722
68,16,29.999943
68,17,29.999992
68,18,30.0
68,19,30.0
68,2,12.954826
68,20,30.0
68,21,30.0
68,22,30.0
68,23,30.0
68,24,30.0
68,25,30.0
68,26,30.0
68,27,30.0
68,28,30.0
68,29,30.0
68,3,18.251911
68,4,22.41391
68,5,25.427765
68,6,27.437008
68,7,28.668476
68,8,29.361176
68,9,29.718023
69,0,0.0
69,1,6.73651
69,10,29.88595
69,11,29.95792
69,12,29.985907
69,13,29.995743
69,14,29.998848
69,15,29.999723
69,16,29.999943
69,17,29.99999
69,18,30.0
69,19,30.0
69,2,12.954826
69,20,30.0
69,21,30.0
69,22,30.0
69,23,30.0
69,24,30.0
69,25,30.0
69,26,30.0
69,27,30.0
69,28,30.0
69,29,30.0
69,3,18.251911
69,4,22.41391
69,5,25.427765
69,6,27.437004
69,7,28.668476
69,8,29.361177
69,9,29.718023
7,0,0.0
7,1,6.4233975
7,10,28.557219
7,11,28.627354
7,12,28.654629
7,13,28.664284
7,14,28.667334
7,15,28.668201
7,16,28.668438
7,17,28.66854
7,18,28.6688
7,19,28.669495
7,2,12.352688
7,20,28.671806
7,21,28.67728
7,22,28.691385
7,23,28.720203
7,24,28.779444
7,25,28.882587
7,26,29.05375
7,27,29.301199
7,28,29.626942
7,29,30.0
7,3,17.41138
7,4,21.386066
7,5,24.273108
7,6,26.197803
7,7,27.382772
7,8,28.04932
7,9,28.394691
70,0,0.0
70,1,6.73651
70,10,29.885952
70,11,29.95792
70,12,29.985909
70,13,29.995743
70,14,29.998848
70,15,29.999722
70,16,29.999943
70,17,29.99999
70,18,30.0
70,19,30.0
70,2,12.954826
70,20,30.0
70,21,30.0
70,22,30.0
70,23,30.0
70,24,30.0
70,25,30.0
70,26,30.0
70,27,30.0
70,28,30.0
70,29,30.0
70,3,18.251911
70,4,22.41391
70,5,25.427767
70,6,27.437004
70,7,28.668476
70,8,29.361177
70,9,29.718023
71,0,0.0
71,1,6.7365093
71,10,29.88595
71,11,29.95792
71,12,29.985909
71,13,29.995743
71,14,29.998848
71,15,29.999725
71,16,29.999943
71,17,29.999992
71,18,30.0
71,19,30.0
71,2,12.954826
71,20,30.0
71,21,30.0
71,22,30.0
71,23,30.0
71,24,30.0
71,25,30.0
71,26,30.0
71,27,30.0
71,28,30.0
71,29,30.0
71,3,18.251911
71,4,22.41391
71,5,25.427765
71,6,27.437006
71,7,28.668476
71,8,29.361176
71,9,29.718023
72,0,0.0
72,1,6.73651
72,10,29.88595
72,11,29.95792
72,12,29.985909
72,13,29.995743
72,14,29.99885
72,15,29.999725
72,16,29.999943
72,17,29.999992
72,18,30.0
72,19,30.0
72,2,12.954826
72,20,30.0
72,21,30.0
72,22,30.0
72,23,30.0
72,24,30.0
72,25,30.0
72,26,30.0
72,27,30.0
72,28,30.0
72,29,30.0
72,3,18.251911
72,4,22.413906
72,5,25.427765
72,6,27.437008
72,7,28.668476
72,8,29.361176
72,9,29.718023
73,0,0.0
73,1,6.7365093
73,10,29.88595
73,11,29.957918
73,12,29.985909
73,13,29.995739
73,14,29.998848
73,15,29.999725
73,16,29.999943
73,17,29.99999
73,18,30.0
73,19,30.0
73,2,12.954826
73,20,30.0
73,21,30.0
73,22,30.0
73,23,30.0
73,24,30.0
73,25,30.0
73,26,30.0
73,27,30.0
73,28,30.0
73,29,30.0
73,3,18.251911
73,4,22.41391
73,5,25.427765
73,6,27.437004
73,7,28.668476
73,8,29.361177
73,9,29.718021
74,0,0.0
74,1,6.7365093
74,10,29.88595
74,11,29.95792
74,12,29.985905
74,13,29.99574
74,14,29.998848
74,15,29.999723
74,16,29.999943
74,17,29.999992
74,18,30.0
74,19,30.0
74,2,12.954826
74,20,30.0
74,21,30.0
74,22,30.0
74,23,30.0
74,24,30.0
74,25,30.0
74,26,30.0
74,27,30.0
74,28,30.0
74,29,30.0
74,3,18.251911
74,4,22.413906
74,5,25.427765
74,6,27.437008
74,7,28.668476
74,8,29.361176
74,9,29.718023
75,0,0.0
75,1,6.73651
75,10,29.885948
75,11,29.95792
75,12,29.985909
75,13,29.995739
75,14,29.998848
75,15,29.999723
75,16,29.999943
75,17,29.99999
75,18,30.0
75,19,30.0
75,2,12.954826
75,20,30.0
75,21,30.0
75,22,30.0
75,23,30.0
75,24,30.0
75,25,30.0
75,26,30.0
75,27,30.0
75,28,30.0
75,29,30.0
75,3,18.251911
75,4,22.41391
75,5,25.427765
75,6,27.437008
75,7,28.668476
75,8,29.361177
75,9,29.718021
76,0,0.0
76,1,6.7365093
76,10,29.88595
76,11,29.95792
76,12,29.985905
76,13,29.99574
76,14,29.998848
76,15,29.999723
76,16,29.999943
76,17,29.999992
76,18,30.0
76,19,30.0
76,2,12.954826
76,20,30.0
76,21,30.0
76,22,30.0
76,23,30.0
76,24,30.0
76,25,30.0
76,26,30.0
76,27,30.0
76,28,30.0
76,29,30.0
76,3,18.251911
76,4,22.413906
76,5,25.427767
76,6,27.437004
76,7,28.668476
76,8,29.361177
76,9,29.718021
77,0,0.0
77,1,6.73651
77,10,29.885948
77,11,29.95792
77,12,29.985907
77,13,29.995739
77,14,29.998848
77,15,29.999722
77,16,29.999943
77,17,29.999989
77,18,30.0
77,19,30.0
77,2,12.954827
77,20,30.0
77,21,30.0
77,22,30.0
77,23,30.0
77,24,30.0
77,25,30.0
77,26,30.0
77,27,30.0
77,28,30.0
77,29,30.0
77,3,18.251911
77,4,22.41391
77,5,25.427765
77,6,27.437006
77,7,28.668476
77,8,29.361176
77,9,29.718023
78,0,0.0
78,1,6.7365103
78,10,29.885948
78,11,29.957916
78,12,29.985905
78,13,29.995743
78,14,29.998844
78,15,29.999722
78,16,29.999943
78,17,29.99999
78,18,30.0
78,19,30.0
78,2,12.954826
78,20,30.0
78,21,30.0
78,22,30.0
78,23,30.0
78,24,30.0
78,25,30.0
78,26,30.0
78,27,30.0
78,28,30.0
78,29,30.0
78,3,18.251911
78,4,22.413906
78,5,25.427765
78,6,27.437006
78,7,28.668476
78,8,29.361177
78,9,29.718021
79,0,0.0
79,1,6.7365103
79,10,29.885948
79,11,29.957918
79,12,29.985909
79,13,29.995739
79,14,29.998846
79,15,29.999722
79,16,29.999943
79,17,29.999989
79,18,30.0
79,19,30.0
79,2,12.954826
79,20,30.0
79,21,30.0
79,22,30.0
79,23,30.0
79,24,30.0
79,25,30.0
79,26,30.0
79,27,30.0
79,28,30.0
79,29,30.0
79,3,18.251911
79,4,22.413906
79,5,25.427765
79,6,27.437006
79,7,28.668476
79,8,29.361176
79,9,29.718023
8,0,0.0
8,1,6.583542
8,10,29.248333
8,11,29.31943
8,12,29.347183
8,13,29.356937
8,14,29.360027
8,15,29.3609
8,16,29.361126
8,17,29.361202
8,18,29.361301
8,19,29.361685
8,2,12.663555
8,20,29.362648
8,21,29.36559
8,22,29.372036
8,23,29.387115
8,24,29.415329
8,25,29.467556
8,26,29.549492
8,27,29.670038
8,28,29.823864
8,29,30.0
8,3,17.842827
8,4,21.917995
8,5,24.86898
8,6,26.84079
8,7,28.04932
8,8,28.731178
8,9,29.08244
80,0,0.0
80,1,6.7365103
80,10,29.88595
80,11,29.95792
80,12,29.985905
80,13,29.995743
80,14,29.998844
80,15,29.999723
80,16,29.999943
80,17,29.99999
80,18,30.0
80,19,30.0
80,2,12.954827
80,20,30.0
80,21,30.0
80,22,30.0
80,23,30.0
80,24,30.0
80,25,30.0
80,26,30.0
80,27,30.0
80,28,30.0
80,29,30.0
80,3,18.251911
80,4,22.41391
80,5,25.427765
80,6,27.437008
80,7,28.668476
80,8,29.361176
80,9,29.718023
81,0,0.0
81,1,6.736511
81,10,29.885954
81,11,29.957922
81,12,29.985912
81,13,29.995743
81,14,29.998852
81,15,29.999727
81,16,29.999947
81,17,29.999992
81,18,30.000002
81,19,30.000004
81,2,12.954828
81,20,30.000004
81,21,30.000004
81,22,30.000004
81,23,30.000004
81,24,30.000004
81,25,30.000004
81,26,30.000002
81,27,30.000002
81,28,30.0
81,29,30.0
81,3,18.251915
81,4,22.413912
81,5,25.42777
81,6,27.437008
81,7,28.66848
81,8,29.361181
81,9,29.718025
82,0,0.0
82,1,6.736518
82,10,29.885975
82,11,29.957947
82,12,29.985931
82,13,29.995766
82,14,29.99887
82,15,29.999748
82,16,29.999966
82,17,30.000015
82,18,30.000023
82,19,30.000023
82,2,12.954842
82,20,30.000023
82,21,30.000023
82,22,30.000023
82,23,30.000027
82,24,30.000023
82,25,30.000021
82,26,30.00002
82,27,30.000013
82,28,30.000008
82,29,30.0
82,3,18.25193
82,4,22.41393
82,5,25.42779
82,6,27.43703
82,7,28.668503
82,8,29.361202
82,9,29.718048
83,0,0.0
83,1,6.7365537
83,10,29.88609
83,11,29.958055
83,12,29.986046
83,13,29.995876
83,14,29.998983
83,15,29.99986
83,16,30.000078
83,17,30.000126
83,18,30.000135
83,19,30.000137
83,2,12.954906
83,20,30.000137
83,21,30.000137
83,22,30.000137
83,23,30.000134
83,24,30.000132
83,25,30.000122
83,26,30.000107
83,27,30.000078
83,28,30.000042
83,29,30.0
83,3,18.25202
83,4,22.41403
83,5,25.427898
83,6,27.437141
83,7,28.668613
83,8,29.361317
83,9,29.718159
84,0,0.0
84,1,6.736706
84,10,29.886597
84,11,29.958569
84,12,29.986553
84,13,29.996387
84,14,29.999495
84,15,30.00037
84,16,30.00059
84,17,30.000637
84,18,30.000645
84,19,30.000648
84,2,12.955196
84,20,30.000645
84,21,30.000647
84,22,30.000643
84,23,30.000637
84,24,30.00061
84,25,30.000568
84,26,30.000483
84,27,30.000364
84,28,30.00019
84,29,30.0
84,3,18.252403
84,4,22.414484
84,5,25.428383
84,6,27.437643
84,7,28.66912
84,8,29.361824
84,9,29.718674
85,0,0.0
85,1,6.73731
85,10,29.888641
85,11,29.96061
85,12,29.9886
85,13,29.998432
85,14,30.00154
85,15,30.002413
85,16,30.002634
85,17,30.00268
85,18,30.00269
85,19,30.00269
85,2,12.95631
85,20,30.00269
85,21,30.002684
85,22,30.002672
85,23,30.002623
85,24,30.00253
85,25,30.002316
85,26,30.001986
85,27,30.00145
85,28,30.000784
85,29,30.0
85,3,18.253927
85,4,22.41625
85,5,25.430313
85,6,27.439638
85,7,28.67115
85,8,29.363865
85,9,29.720715
86,0,0.0
86,1,6.7393856
86,10,29.89589
86,11,29.967857
86,12,29.995846
86,13,30.005678
86,14,30.008785
86,15,30.009663
86,16,30.009878
86,17,30.00993
86,18,30.009935
86,19,30.009937
86,2,12.960238
86,20,30.00993
86,21,30.009909
86,22,30.009829
86,23,30.009663
86,24,30.009232
86,25,30.008495
86,26,30.007156
86,27,30.005297
86,28,30.002796
86,29,30.0
86,3,18.259207
86,4,22.422503
86,5,25.437073
86,6,27.446701
86,7,28.678322
86,8,29.37109
86,9,29.727955
87,0,0.0
87,1,6.745943
87,10,29.918827
87,11,29.990803
87,12,30.018791
87,13,30.028625
87,14,30.03173
87,15,30.032604
87,16,30.032825
87,17,30.032873
87,18,30.032883
87,19,30.032871
87,2,12.972437
87,20,30.032848
87,21,30.032734
87,22,30.032486
87,23,30.031769
87,24,30.030434
87,25,30.02771
87,26,30.023516
87,27,30.01714
87,28,30.009165
87,29,30.0
87,3,18.275898
87,4,22.44205
87,5,25.45847
87,6,27.468952
87,7,28.701035
87,8,29.393948
87,9,29.750881
88,0,0.0
88,1,6.764368
88,10,29.984116
88,11,30.056103
88,12,30.084095
88,13,30.09393
88,14,30.097034
88,15,30.097912
88,16,30.09813
88,17,30.098177
88,18,30.098177
88,19,30.098152
88,2,13.007235
88,20,30.098022
88,21,30.09771
88,22,30.096718
88,23,30.09471
88,24,30.090157
88,25,30.082436
88,26,30.069248
88,27,30.050896
88,28,30.02689
88,29,30.0
88,3,18.322899
88,4,22.497738
88,5,25.518982
88,6,27.532297
88,7,28.765522
88,8,29.459013
88,9,29.816097
89,0,0.0
89,1,6.8122
89,10,30.151974
89,11,30.22402
89,12,30.252018
89,13,30.261856
89,14,30.264963
89,15,30.265839
89,16,30.266054
89,17,30.266096
89,18,30.266083
89,19,30.265957
89,2,13.096353
89,20,30.26563
89,21,30.264486
89,22,30.261978
89,23,30.25568
89,24,30.243996
89,25,30.221722
89,26,30.18734
89,27,30.136555
89,28,30.072784
89,29,30.0
89,3,18.444473
89,4,22.640327
89,5,25.674969
89,6,27.694767
89,7,28.931473
89,8,29.62617
89,9,29.98383
9,0,0.0
9,1,6.6683235
9,10,29.604362
9,11,29.676067
9,12,29.703955
9,13,29.71377
9,14,29.716871
9,15,29.717747
9,16,29.717966
9,17,29.718021
9,18,29.718075
9,19,29.7182
9,2,12.823699
9,20,29.718674
9,21,29.71979
9,22,29.722883
9,23,29.729137
9,24,29.742373
9,25,29.76492
9,26,29.80231
9,27,29.854874
9,28,29.923107
9,29,30.0
9,3,18.06996
9,4,22.192019
9,5,25.180021
9,6,27.172026
9,7,28.394691
9,8,29.08244
9,9,29.437347
90,0,0.0
90,1,6.924634
90,10,30.543694
90,11,30.615808
90,12,30.643847
90,13,30.653687
90,14,30.656792
90,15,30.65767
90,16,30.65788
90,17,30.657911
90,18,30.657818
90,19,30.657532
90,2,13.30745
90,20,30.656433
90,21,30.653824
90,22,30.646606
90,23,30.632013
90,24,30.601135
90,25,30.548521
90,26,30.461277
90,27,30.338625
90,28,30.179419
90,29,30.0
90,3,18.728922
90,4,22.975624
90,5,26.038786
90,6,28.074902
90,7,29.318415
90,8,30.016472
90,9,30.375103
91,0,0.0
91,1,7.1706686
91,10,31.376055
91,11,31.448418
91,12,31.47647
91,13,31.486328
91,14,31.489433
91,15,31.490305
91,16,31.490515
91,17,31.490494
91,18,31.490292
91,19,31.489408
91,2,13.763429
91,20,31.487156
91,21,31.480293
91,22,31.465248
91,23,31.430065
91,24,31.36423
91,25,31.242365
91,26,31.051186
91,27,30.769915
91,28,30.410988
91,29,30.0
91,3,19.344519
91,4,23.692802
91,5,26.817883
91,6,28.88374
91,7,30.142529
91,8,30.84588
91,9,31.206944
92,0,0.0
92,1,7.666927
92,10,32.992237
92,11,33.064674
92,12,33.092793
92,13,33.10263
92,14,33.105736
92,15,33.106606
92,16,33.106785
92,17,33.106705
92,18,33.106125
92,19,33.104515
92,2,14.682025
92,20,33.099117
92,21,33.08634
92,22,33.05343
92,23,32.986187
92,24,32.84796
92,25,32.607296
92,26,32.207924
92,27,31.630533
92,28,30.870472
92,29,30.0
92,3,20.565556
92,4,25.110779
92,5,28.341625
92,6,30.463783
92,7,31.744816
92,8,32.45838
92,9,32.821995
93,0,0.0
93,1,8.61154
93,10,35.86589
93,11,35.938374
93,12,35.966293
93,13,35.976093
93,14,35.97917
93,15,35.98002
93,16,35.980175
93,17,35.9799
93,18,35.97896
93,19,35.97547
93,2,16.398403
93,20,35.96659
93,21,35.941425
93,22,35.88561
93,23,35.758816
93,24,35.51553
93,25,35.063133
93,26,34.32566
93,27,33.210655
93,28,31.730988
93,29,30.0
93,3,22.823885
93,4,27.68768
93,5,31.093113
93,6,33.29075
93,7,34.605816
93,8,35.328537
93,9,35.69573
94,0,0.0
94,1,10.31377
94,10,40.556503
94,11,40.627438
94,12,40.65487
94,13,40.664406
94,14,40.66742
94,15,40.668236
94,16,40.668304
94,17,40.667904
94,18,40.666077
94,19,40.66107
94,2,19.432869
94,20,40.645477
94,21,40.60815
94,22,40.514786
94,23,40.31898
94,24,39.914062
94,25,39.176697
94,26,37.905853
94,27,35.95257
94,28,33.241417
94,29,30.0
94,3,26.706469
94,4,32.04448
94,5,35.665184
94,6,37.955185
94,7,39.29423
94,8,40.02348
94,9,40.387848
95,0,0.0
95,1,13.304946
95,10,47.59489
95,11,47.662304
95,12,47.688
95,13,47.697002
95,14,47.699818
95,15,47.70056
95,16,47.700596
95,17,47.699867
95,18,47.69763
95,19,47.68992
95,2,24.534399
95,20,47.670097
95,21,47.615646
95,22,47.49188
95,23,47.209404
95,24,46.64185
95,25,45.54081
95,26,43.605766
95,27,40.43676
95,28,35.81353
95,29,30.0
95,3,33.001244
95,4,38.880466
95,5,42.70898
95,6,45.03949
95,7,46.374466
95,8,47.083202
95,9,47.43502
96,0,0.0
96,1,18.576317
96,10,57.319736
96,11,57.37847
96,12,57.401028
96,13,57.408817
96,14,57.41127
96,15,57.411915
96,16,57.411835
96,17,57.411102
96,18,57.408142
96,19,57.400017
96,2,32.872875
96,20,57.37549
96,21,57.31555
96,22,57.165527
96,23,56.837482
96,24,56.131905
96,25,54.74389
96,26,52.12191
96,27,47.534653
96,28,40.155716
96,29,30.0
96,3,42.641094
96,4,48.912853
96,5,52.743683
96,6,54.98363
96,7,56.219276
96,8,56.865044
96,9,57.1778
97,0,0.0
97,1,28.407438
97,10,69.70195
97,11,69.746735
97,12,69.763626
97,13,69.76953
97,14,69.77136
97,15,69.77183
97,16,69.77177
97,17,69.770966
97,18,69.76855
97,19,69.76047
97,2,46.299683
97,20,69.7394
97,21,69.68179
97,22,69.546524
97,23,69.22858
97,24,68.54598
97,25,67.1055
97,26,64.210815
97,27,58.52445
97,28,47.8676
97,29,30.0
97,3,56.695965
97,4,62.632614
97,5,65.99488
97,6,67.85259
97,7,68.847725
97,8,69.35184
97,9,69.59428
98,0,0.0
98,1,49.000805
98,10,84.2435
98,11,84.2677
98,12,84.27692
98,13,84.28009
98,14,84.28109
98,15,84.28134
98,16,84.28127
98,17,84.28085
98,18,84.27922
98,19,84.2747
98,2,67.749504
98,20,84.26116
98,21,84.22742
98,22,84.1416
98,23,83.94538
98,24,83.49784
98,25,82.520035
98,26,80.35193
98,27,75.40704
98,28,63.25141
98,29,30.0
98,3,75.99948
98,4,80.02852
98,5,82.108665
98,6,83.20353
98,7,83.76855
98,8,84.05128
98,9,84.18427
99,0,0.0
99,1,100.0
99,10,100.0
99,11,100.0
99,12,100.0
99,13,100.0
99,14,100.0
99,15,100.0
99,16,100.0
99,17,100.0
99,18,100.0
99,19,100.0
99,2,100.0
99,20,100.0
99,21,100.0
99,22,100.0
99,23,100.0
99,24,100.0
99,25,100.0
99,26,100.0
99,27,100.0
99,28,100.0
99,29,30.0
99,3,100.0
99,4,100.0
99,5,100.0
99,6,100.0
99,7,100.0
99,8,100.0
99,9,100.0
