0,0,0.0
0,1,0.0
0,10,0.0
0,11,0.0
0,12,0.0
0,13,0.0
0,14,0.0
0,15,30.0
0,2,0.0
0,3,0.0
0,4,0.0
0,5,0.0
0,6,0.0
0,7,0.0
0,8,0.0
0,9,0.0
1,0,0.0
1,1,0.63558555
1,10,5.176125
1,11,5.9452353
1,12,7.2355375
1,13,9.736366
1,14,15.342188
1,15,30.0
1,2,1.2553978
1,3,1.8455439
1,4,2.3957124
1,5,2.9006505
1,6,3.3615918
1,7,3.7881062
1,8,4.2013025
1,9,4.6402674
10,0,0.0
10,1,11.119545
10,10,49.44703
10,11,47.82266
10,12,45.029427
10,13,41.014496
10,14,35.873524
10,15,30.0
10,2,21.193594
10,3,29.670261
10,4,36.439526
10,5,41.624454
10,6,45.419804
10,7,48.00516
10,8,49.50757
10,9,49.989178
11,0,0.0
11,1,14.543375
11,10,57.062122
11,11,54.92324
11,12,51.283596
11,13,45.88524
11,14,38.63626
11,15,30.0
11,2,27.11557
11,3,37.071915
11,4,44.573414
11,5,50.035397
11,6,53.860226
11,7,56.34846
11,8,57.683167
11,9,57.934032
12,0,0.0
12,1,19.938416
12,10,65.944305
12,11,63.524727
12,12,59.296555
12,13,52.606686
12,14,42.7863
12,15,30.0
12,2,35.653465
12,3,46.92852
12,4,54.746933
12,5,60.083652
12,6,63.637367
12,7,65.845474
12,8,66.942764
12,9,67.00182
13,0,0.0
13,1,29.55685
13,10,76.188705
13,11,73.934875
13,12,69.77131
13,13,62.45869
13,14,49.902294
13,15,30.0
13,2,48.63141
13,3,60.24182
13,4,67.40225
13,5,71.91499
13,6,74.76027
13,7,76.453415
13,8,77.24073
13,9,77.186295
14,0,0.0
14,1,49.657593
14,10,87.68938
14,11,86.25485
14,12,83.39516
14,13,77.554504
14,14,64.3642
14,15,30.0
14,2,69.07353
14,3,78.005165
14,4,82.70532
14,5,85.41391
14,6,87.035355
14,7,87.967316
14,8,88.38051
14,9,88.31404
15,0,0.0
15,1,100.0
15,10,100.0
15,11,100.0
15,12,100.0
15,13,100.0
15,14,100.0
15,15,30.0
15,2,100.0
15,3,100.0
15,4,100.0
15,5,100.0
15,6,100.0
15,7,100.0
15,8,100.0
15,9,100.0
2,0,0.0
2,1,1.2869539
2,10,10.119035
2,11,11.369312
2,12,13.260576
2,13,16.367758
2,14,21.632397
2,15,30.0
2,2,2.5404804
2,3,3.7310917
2,4,4.836689
2,5,5.8453374
2,6,6.757654
2,7,7.5895767
2,8,8.376881
2,9,9.183686
3,0,0.0
3,1,1.971768
3,10,14.747099
3,11,16.15247
3,12,18.06975
3,13,20.841734
3,14,24.819654
3,15,30.0
3,2,3.8885148
3,3,5.701707
3,4,7.3746796
3,5,8.886435
3,6,10.234195
3,7,11.435757
3,8,12.533047
3,9,13.598644
4,0,0.0
4,1,2.7116303
4,10,19.118355
4,11,20.423813
4,12,22.024292
4,13,24.109825
4,14,26.804514
4,15,30.0
4,2,5.3401566
4,3,7.8126154
4,4,10.073984
4,5,12.091635
4,6,13.8570595
4,7,15.386332
4,8,16.721033
4,9,17.93087
5,0,0.0
5,1,3.5346305
5,10,23.37178
5,11,24.400255
5,12,25.493877
5,13,26.76883
5,14,28.288609
5,15,30.0
5,2,6.947931
5,3,10.134713
5,4,13.017126
5,5,15.549207
5,6,17.716228
5,7,19.531643
5,8,21.034046
5,9,22.285603
6,0,0.0
6,1,4.479001
6,10,27.68307
6,11,28.311695
6,12,28.782246
6,13,29.183086
6,14,29.581131
6,15,30.0
6,2,8.782301
6,3,12.7612915
6,4,16.310745
6,5,19.371998
6,6,21.927189
6,7,23.990149
6,8,25.598093
6,9,26.8059
7,0,0.0
7,1,5.599114
7,10,32.243095
7,11,32.381355
7,12,32.140446
7,13,31.60022
7,14,30.852875
7,15,30.0
7,2,10.941067
7,3,15.817528
7,4,20.092718
7,5,23.701038
7,6,26.63057
7,7,28.903885
7,8,30.562483
7,9,31.657026
8,0,0.0
8,1,6.9764338
8,10,37.251106
8,11,36.830364
8,12,35.79808
8,13,34.224567
8,14,32.230194
8,15,30.0
8,2,13.5654125
8,3,19.475164
8,4,24.541721
8,5,28.70905
8,6,31.990383
8,7,34.43255
8,8,36.09115
8,9,37.016838
9,0,0.0
9,1,8.741253
9,10,42.914326
9,11,41.891064
9,12,39.997078
9,13,37.26986
9,14,33.843384
9,15,30.0
9,2,16.869076
9,3,23.976124
9,4,29.890118
9,5,34.60325
9,6,38.18956
9,7,40.745003
9,8,42.352943
9,9,43.06827
