0,0,0.0
0,1,0.0
0,10,0.0
0,11,0.0
0,12,0.0
0,13,0.0
0,14,0.0
0,15,30.0
0,2,0.0
0,3,0.0
0,4,0.0
0,5,0.0
0,6,0.0
0,7,0.0
0,8,0.0
0,9,0.0
1,0,0.0
1,1,0.6356808
1,10,5.1765213
1,11,5.945575
1,12,7.235807
1,13,9.736553
1,14,15.342283
1,15,30.0
1,2,1.255584
1,3,1.8458128
1,4,2.3960524
1,5,2.9010468
1,6,3.3620274
1,7,3.7885613
1,8,4.2017574
1,9,4.6407022
10,0,0.0
10,1,11.119942
10,10,49.448685
10,11,47.82407
10,12,45.03055
10,13,41.015266
10,14,35.87392
10,15,30.0
10,2,21.19437
10,3,29.671383
10,4,36.440945
10,5,41.626106
10,6,45.42162
10,7,48.00706
10,8,49.509468
10,9,49.99099
11,0,0.0
11,1,14.543716
11,10,57.063534
11,11,54.92446
11,12,51.284554
11,13,45.885906
11,14,38.636597
11,15,30.0
11,2,27.116238
11,3,37.072884
11,4,44.57463
11,5,50.03682
11,6,53.86178
11,7,56.350098
11,8,57.68479
11,9,57.935593
12,0,0.0
12,1,19.938686
12,10,65.94544
12,11,63.52569
12,12,59.29732
12,13,52.60721
12,14,42.786568
12,15,30.0
12,2,35.653996
12,3,46.92928
12,4,54.747902
12,5,60.08477
12,6,63.63861
12,7,65.846756
12,8,66.94405
12,9,67.00305
13,0,0.0
13,1,29.557037
13,10,76.189476
13,11,73.93555
13,12,69.771835
13,13,62.459053
13,14,49.902473
13,15,30.0
13,2,48.631775
13,3,60.24235
13,4,67.40292
13,5,71.91579
13,6,74.76112
13,7,76.454315
13,8,77.241615
13,9,77.18715
14,0,0.0
14,1,49.657692
14,10,87.68978
14,11,86.25519
14,12,83.39543
14,13,77.55469
14,14,64.36429
14,15,30.0
14,2,69.07372
14,3,78.00543
14,4,82.705666
14,5,85.41431
14,6,87.0358
14,7,87.967766
14,8,88.38096
14,9,88.31447
15,0,0.0
15,1,100.0
15,10,100.0
15,11,100.0
15,12,100.0
15,13,100.0
15,14,100.0
15,15,30.0
15,2,100.0
15,3,100.0
15,4,100.0
15,5,100.0
15,6,100.0
15,7,100.0
15,8,100.0
15,9,100.0
2,0,0.0
2,1,1.28714
2,10,10.119812
2,11,11.369978
2,12,13.261103
2,13,16.368122
2,14,21.632584
2,15,30.0
2,2,2.540845
2,3,3.731618
2,4,4.837354
2,5,5.846113
2,6,6.758505
2,7,7.5904675
2,8,8.37777
2,9,9.184538
3,0,0.0
3,1,1.9720373
3,10,14.74822
3,11,16.15343
3,12,18.07051
3,13,20.842262
3,14,24.819923
3,15,30.0
3,2,3.8890414
3,3,5.7024674
3,4,7.3756413
3,5,8.887554
3,6,10.235425
3,7,11.437042
3,8,12.534334
3,9,13.5998745
4,0,0.0
4,1,2.7119703
4,10,19.119772
4,11,20.42503
4,12,22.025255
4,13,24.110493
4,14,26.804853
4,15,30.0
4,2,5.340822
4,3,7.813578
4,4,10.0752
4,5,12.093054
4,6,13.858614
4,7,15.387959
4,8,16.72266
4,9,17.932426
5,0,0.0
5,1,3.5350275
5,10,23.373432
5,11,24.401674
5,12,25.494999
5,13,26.769606
5,14,28.289005
5,15,30.0
5,2,6.9487066
5,3,10.135835
5,4,13.018543
5,5,15.550858
5,6,17.718042
5,7,19.533537
5,8,21.035942
5,9,22.287416
6,0,0.0
6,1,4.479436
6,10,27.684885
6,11,28.313251
6,12,28.783476
6,13,29.183937
6,14,29.581568
6,15,30.0
6,2,8.783154
6,3,12.762521
6,4,16.312302
6,5,19.373812
6,6,21.929178
6,7,23.992233
6,8,25.600174
6,9,26.807892
7,0,0.0
7,1,5.5995693
7,10,32.24499
7,11,32.382988
7,12,32.14173
7,13,31.601112
7,14,30.853329
7,15,30.0
7,2,10.941957
7,3,15.818816
7,4,20.094343
7,5,23.702934
7,6,26.632654
7,7,28.906063
7,8,30.564663
7,9,31.659107
8,0,0.0
8,1,6.9768887
8,10,37.253006
8,11,36.83199
8,12,35.79937
8,13,34.225456
8,14,32.23065
8,15,30.0
8,2,13.566304
8,3,19.476452
8,4,24.54335
8,5,28.710947
8,6,31.992466
8,7,34.43473
8,8,36.09333
8,9,37.01892
9,0,0.0
9,1,8.741689
9,10,42.916138
9,11,41.892624
9,12,39.998306
9,13,37.270714
9,14,33.84382
9,15,30.0
9,2,16.869926
9,3,23.977356
9,4,29.891674
9,5,34.605064
9,6,38.19155
9,7,40.74709
9,8,42.355026
9,9,43.070267
