0,0,0.0
0,1,0.0
0,10,0.0
0,11,0.0
0,12,0.0
0,13,0.0
0,14,0.0
0,15,0.0
0,16,0.0
0,17,0.0
0,18,0.0
0,19,0.0
0,2,0.0
0,20,0.0
0,21,0.0
0,22,0.0
0,23,0.0
0,24,0.0
0,25,0.0
0,26,0.0
0,27,0.0
0,28,0.0
0,29,30.0
0,3,0.0
0,4,0.0
0,5,0.0
0,6,0.0
0,7,0.0
0,8,0.0
0,9,0.0
1,0,0.0
1,1,0.30442166
1,10,2.4089193
1,11,2.5391345
1,12,2.6506662
1,13,2.7463057
1,14,2.8291588
1,15,2.9030557
1,16,2.9723225
1,17,3.0421772
1,18,3.1189795
1,19,3.210857
1,2,0.6040277
1,20,3.3288374
1,21,3.4885492
1,22,3.713842
1,23,4.0432234
1,24,4.5443954
1,25,5.34727
1,26,6.7306633
1,27,9.371977
1,28,15.15146
1,29,30.0
1,3,0.89430636
1,4,1.1710439
1,5,1.4308572
1,6,1.6708622
1,7,1.8893228
1,8,2.0850544
1,9,2.2580855
10,0,0.0
10,1,2.4024
10,10,18.976873
10,11,19.986332
10,12,20.840677
10,13,21.55631
10,14,22.153027
10,15,22.651287
10,16,23.072948
10,17,23.439735
10,18,23.773384
10,19,24.095263
10,2,4.766898
10,20,24.42581
10,21,24.784855
10,22,25.190166
10,23,25.657776
10,24,26.199486
10,25,26.822617
10,26,27.52694
10,27,28.304302
10,28,29.137077
10,29,30.0
10,3,7.057061
10,4,9.240586
10,5,11.289098
10,6,13.181348
10,7,14.901263
10,8,16.441067
10,9,17.797985
11,0,0.0
11,1,2.528977
11,10,19.971409
11,11,21.032038
11,12,21.927755
11,13,22.676538
11,14,23.297705
11,15,23.812717
11,16,24.243038
11,17,24.610413
11,18,24.935898
11,19,25.239597
11,2,5.0178666
11,20,25.540634
11,21,25.856205
11,22,26.202023
11,23,26.59062
11,24,27.031727
11,25,27.53006
11,26,28.085524
11,27,28.691452
11,28,29.335503
11,29,30.0
11,3,7.4287953
11,4,9.726929
11,5,11.883446
11,6,13.874646
11,7,15.685019
11,8,17.304756
11,9,18.732414
12,0,0.0
12,1,2.6350737
12,10,20.80507
12,11,21.907692
12,12,22.838099
12,13,23.613605
12,14,24.254673
12,15,24.78232
12,16,25.218441
12,17,25.584293
12,18,25.900398
12,19,26.186066
12,2,5.228513
12,20,26.458815
12,21,26.73463
12,22,27.026836
12,23,27.346638
12,24,27.70154
12,25,28.095903
12,26,28.529373
12,27,28.997644
12,28,29.49184
12,29,30.0
12,3,7.740376
12,4,10.135081
12,5,12.381589
12,6,14.456352
12,7,16.341835
12,8,18.029161
12,9,19.515297
13,0,0.0
13,1,2.7227132
13,10,21.492218
13,11,22.629711
13,12,23.587917
13,13,24.385307
13,14,25.041824
13,15,25.579166
13,16,26.018806
13,17,26.381962
13,18,26.688627
13,19,26.957237
13,2,5.4022493
13,20,27.204575
13,21,27.445045
13,22,27.69113
13,23,27.952282
13,24,28.235596
13,25,28.544565
13,26,28.879845
13,27,29.238394
13,28,29.614517
13,29,30.0
13,3,7.9977293
13,4,10.471706
13,5,12.792961
13,6,14.936077
13,7,16.884075
13,8,18.626467
13,9,20.16131
14,0,0.0
14,1,2.7938375
14,10,22.05001
14,11,23.21515
14,12,24.19601
14,13,25.010452
14,14,25.67923
14,15,26.223604
14,16,26.665337
14,17,27.025248
14,18,27.322962
14,19,27.57644
14,2,5.543474
14,20,27.801483
14,21,28.011967
14,22,28.219067
14,23,28.431908
14,24,28.6566
14,25,28.897036
14,26,29.154057
14,27,29.426329
14,28,29.710056
14,29,30.0
14,3,8.206583
14,4,10.745298
14,5,13.12679
14,6,15.325876
14,7,17.324057
14,8,19.111618
14,9,20.68537
15,0,0.0
15,1,2.850734
15,10,22.495167
15,11,23.68261
15,12,24.68101
15,13,25.509052
15,14,26.187023
15,15,26.736671
15,16,27.179394
15,17,27.535992
15,18,27.825756
15,19,28.066105
15,2,5.656245
15,20,28.272495
15,21,28.4579
15,22,28.633251
15,23,28.80679
15,24,28.984766
15,25,29.170774
15,26,29.366554
15,27,29.571564
15,28,29.783829
15,29,30.0
15,3,8.373638
15,4,10.963761
15,5,13.393757
15,6,15.637109
15,7,17.675797
15,8,19.498924
15,9,21.104124
16,0,0.0
16,1,2.8954363
16,10,22.845074
16,11,24.049599
16,12,25.061897
16,13,25.90018
16,14,26.585283
16,15,27.138605
16,16,27.581745
16,17,27.935228
16,18,28.218128
16,19,28.44762
16,2,5.745014
16,20,28.638592
16,21,28.803833
16,22,28.953585
16,23,29.096117
16,24,29.237225
16,25,29.380968
16,26,29.529268
16,27,29.68266
16,28,29.840162
16,29,30.0
16,3,8.5048895
16,4,11.135697
16,5,13.603495
16,6,15.88199
16,7,17.952112
16,8,19.803537
16,9,21.433014
17,0,0.0
17,1,2.930063
17,10,23.115425
17,11,24.333334
17,12,25.356033
17,13,26.202274
17,14,26.892546
17,15,27.448568
17,16,27.89169
17,17,28.242428
17,18,28.519672
17,19,28.740288
17,2,5.813633
17,20,28.919025
17,21,29.06818
17,22,29.197987
17,23,29.316254
17,24,29.42902
17,25,29.54023
17,26,29.652426
17,27,29.766571
17,28,29.882708
17,29,30.0
17,3,8.606545
17,4,11.268604
17,5,13.765903
17,6,16.071272
17,7,18.165998
17,8,20.03896
17,9,21.687473
18,0,0.0
18,1,2.9563975
18,10,23.321173
18,11,24.548986
18,12,25.5797
18,13,26.431732
18,14,27.12592
18,15,27.68375
18,16,28.126698
18,17,28.475124
18,18,28.747784
18,19,28.961441
18,2,5.865933
18,20,29.130531
18,21,29.267319
18,22,29.381664
18,23,29.481504
18,24,29.572643
18,25,29.659384
18,26,29.74437
18,27,29.8292
18,28,29.914412
18,29,30.0
18,3,8.683857
18,4,11.369883
18,5,13.889416
18,6,16.21547
18,7,18.32865
18,8,20.21823
18,9,21.88094
19,0,0.0
19,1,2.9761477
19,10,23.475056
19,11,24.710411
19,12,25.746914
19,13,26.603325
19,14,27.300262
19,15,27.859396
19,16,28.302055
19,17,28.648598
19,18,28.917694
19,19,29.125927
19,2,5.9050646
19,20,29.2877
19,21,29.415009
19,22,29.517773
19,23,29.603685
19,24,29.67876
19,25,29.747234
19,26,29.812141
19,27,29.875282
19,28,29.93775
19,29,30.0
19,3,8.741831
19,4,11.445662
19,5,13.982012
19,6,16.323353
19,7,18.45054
19,8,20.352337
19,9,22.025856
2,0,0.0
2,1,0.6040093
2,10,4.7794437
2,11,5.0374727
2,12,5.2585936
2,13,5.4478006
2,14,5.611574
2,15,5.7570786
2,16,5.892895
2,17,6.02894
2,18,6.1772923
2,19,6.353214
2,2,1.1985359
2,20,6.576756
2,21,6.8759894
2,22,7.2916718
2,23,7.886861
2,24,8.763356
2,25,10.094848
2,26,12.18874
2,27,15.595983
2,28,21.228895
2,29,30.0
2,3,1.7744087
2,4,2.3236163
2,5,2.8389764
2,6,3.315325
2,7,3.7485836
2,8,4.137066
2,9,4.480135
20,0,0.0
20,1,2.9906855
20,10,23.58843
20,11,24.82917
20,12,25.870016
20,13,26.729506
20,14,27.428476
20,15,27.988447
20,16,28.430832
20,17,28.775894
20,18,29.042236
20,19,29.246408
20,2,5.9339375
20,20,29.40264
20,21,29.52295
20,22,29.617056
20,23,29.692768
20,24,29.755972
20,25,29.811142
20,26,29.861347
20,27,29.90875
20,28,29.954676
20,29,30.0
20,3,8.784504
20,4,11.501564
20,5,14.050167
20,6,16.402916
20,7,18.540253
20,8,20.451202
20,9,22.1325
21,0,0.0
21,1,3.0012398
21,10,23.6705
21,11,24.915222
21,12,25.959095
21,13,26.820858
21,14,27.521202
21,15,28.081774
21,16,28.523882
21,17,28.867813
21,18,29.13211
21,19,29.333248
21,2,5.9548454
21,20,29.485443
21,21,29.600584
21,22,29.688438
21,23,29.756695
21,24,29.811373
21,25,29.85691
21,26,29.896597
21,27,29.932688
21,28,29.96679
21,29,30.0
21,3,8.815481
21,4,11.542044
21,5,14.099629
21,6,16.460527
21,7,18.605335
21,8,20.52278
21,9,22.209824
22,0,0.0
22,1,3.0087578
22,10,23.729025
22,11,24.976494
22,12,26.022572
22,13,26.885874
22,14,27.58722
22,15,28.148153
22,16,28.59005
22,17,28.933128
22,18,29.195923
22,19,29.394875
22,2,5.969778
22,20,29.544132
22,21,29.65559
22,22,29.738934
22,23,29.801914
22,24,29.850494
22,25,29.889236
22,26,29.92145
22,27,29.949574
22,28,29.975323
22,29,30.0
22,3,8.837545
22,4,11.57095
22,5,14.134861
22,6,16.501652
22,7,18.651691
22,8,20.57385
22,9,22.264893
23,0,0.0
23,1,3.0140402
23,10,23.77002
23,11,25.019464
23,12,26.067026
23,13,26.931438
23,14,27.633429
23,15,28.194626
23,16,28.636333
23,17,28.978798
23,18,29.24052
23,19,29.4379
23,2,5.9802413
23,20,29.585094
23,21,29.693935
23,22,29.774128
23,23,29.833382
23,24,29.87772
23,25,29.911697
23,26,29.938728
23,27,29.961294
23,28,29.981253
23,29,30.0
23,3,8.853048
23,4,11.591202
23,5,14.159606
23,6,16.530466
23,7,18.684238
23,8,20.609632
23,9,22.303537
24,0,0.0
24,1,3.0176814
24,10,23.798313
24,11,25.049068
24,12,26.097683
24,13,26.962818
24,14,27.665272
24,15,28.226616
24,16,28.668198
24,17,29.010218
24,18,29.27118
24,19,29.467476
24,2,5.987473
24,20,29.61322
24,21,29.720257
24,22,29.79826
24,23,29.854958
24,24,29.896362
24,25,29.927082
24,26,29.950546
24,27,29.96932
24,28,29.985304
24,29,30.0
24,3,8.863733
24,4,11.605198
24,5,14.176661
24,6,16.55037
24,7,18.706665
24,8,20.634338
24,9,22.330166
25,0,0.0
25,1,3.0201566
25,10,23.817486
25,11,25.069157
25,12,26.118456
25,13,26.984097
25,14,27.68684
25,15,28.248291
25,16,28.689766
25,17,29.031483
25,18,29.291924
25,19,29.487467
25,2,5.992376
25,20,29.632229
25,21,29.738031
25,22,29.814552
25,23,29.869507
25,24,29.90894
25,25,29.937449
25,26,29.958511
25,27,29.97472
25,28,29.988033
25,29,30.0
25,3,8.870996
25,4,11.614686
25,5,14.1882515
25,6,16.563864
25,7,18.721905
25,8,20.651085
25,9,22.348248
26,0,0.0
26,1,3.0218074
26,10,23.830288
26,11,25.08255
26,12,26.13232
26,13,26.998276
26,14,27.70122
26,15,28.26273
26,16,28.704134
26,17,29.045643
26,18,29.305725
26,19,29.50077
26,2,5.9956546
26,20,29.644865
26,21,29.749847
26,22,29.82537
26,23,29.879173
26,24,29.917282
26,25,29.944326
26,26,29.963795
26,27,29.978302
26,28,29.989845
26,29,30.0
26,3,8.875839
26,4,11.621029
26,5,14.19598
26,6,16.57288
26,7,18.732063
26,8,20.662273
26,9,22.360302
27,0,0.0
27,1,3.022893
27,10,23.838682
27,11,25.091341
27,12,26.141403
27,13,27.00758
27,14,27.710646
27,15,28.272194
27,16,28.713549
27,17,29.054913
27,18,29.314766
27,19,29.509472
27,2,5.997804
27,20,29.653137
27,21,29.75757
27,22,29.832447
27,23,29.885487
27,24,29.922735
27,25,29.948818
27,26,29.967241
27,27,29.98064
27,28,29.991024
27,29,30.0
27,3,8.879024
27,4,11.625189
27,5,14.20106
27,6,16.578794
27,7,18.738739
27,8,20.66961
27,9,22.368221
28,0,0.0
28,1,3.023593
28,10,23.844105
28,11,25.097008
28,12,26.147268
28,13,27.013578
28,14,27.716722
28,15,28.278294
28,16,28.719614
28,17,29.06089
28,18,29.320583
28,19,29.515078
28,2,5.9991946
28,20,29.658455
28,21,29.762539
28,22,29.836994
28,23,29.889547
28,24,29.926237
28,25,29.951702
28,26,29.969458
28,27,29.98214
28,28,29.991783
28,29,30.0
28,3,8.881078
28,4,11.627878
28,5,14.204338
28,6,16.582615
28,7,18.743046
28,8,20.674349
28,9,22.373325
29,0,0.0
29,1,3.0240388
29,10,23.847538
29,11,25.100607
29,12,26.150986
29,13,27.017385
29,14,27.720577
29,15,28.282162
29,16,28.723461
29,17,29.064672
29,18,29.324274
29,19,29.518625
29,2,6.000077
29,20,29.661823
29,21,29.765686
29,22,29.839874
29,23,29.892113
29,24,29.928452
29,25,29.95353
29,26,29.970854
29,27,29.983091
29,28,29.992262
29,29,30.0
29,3,8.882384
29,4,11.629584
29,5,14.206421
29,6,16.585041
29,7,18.74578
29,8,20.677355
29,9,22.376572
3,0,0.0
3,1,0.89422965
3,10,7.074718
3,11,7.4564495
3,12,7.7829123
3,13,8.062086
3,14,8.302786
3,15,8.515764
3,16,8.712956
3,17,8.908455
3,18,9.118914
3,19,9.364807
3,2,1.774311
3,20,9.672567
3,21,10.077231
3,22,10.6278715
3,23,11.39457
3,24,12.48121
3,25,14.042311
3,26,16.305
3,27,19.57502
3,28,24.158506
3,29,30.0
3,3,2.626978
3,4,3.439858
3,5,4.202991
3,6,4.9079103
3,7,5.5494814
3,8,6.124221
3,9,6.632151
30,0,0.0
30,1,3.0243165
30,10,23.84969
30,11,25.102848
30,12,26.153307
30,13,27.019756
30,14,27.72298
30,15,28.284573
30,16,28.725857
30,17,29.06703
30,18,29.326569
30,19,29.520836
30,2,6.0006285
30,20,29.663923
30,21,29.76764
30,22,29.841665
30,23,29.893711
30,24,29.92983
30,25,29.954659
30,26,29.971727
30,27,29.98368
30,28,29.992561
30,29,30.0
30,3,8.8832
30,4,11.630651
30,5,14.20772
30,6,16.586555
30,7,18.747486
30,8,20.679234
30,9,22.37859
31,0,0.0
31,1,3.024487
31,10,23.851004
31,11,25.104227
31,12,26.154728
31,13,27.021212
31,14,27.724451
31,15,28.286049
31,16,28.727325
31,17,29.068478
31,18,29.327976
31,19,29.52219
31,2,6.000967
31,20,29.665205
31,21,29.768843
31,22,29.842758
31,23,29.89469
31,24,29.930668
31,25,29.955357
31,26,29.972258
31,27,29.984043
31,28,29.992743
31,29,30.0
31,3,8.8837
31,4,11.631306
31,5,14.208519
31,6,16.587486
31,7,18.748535
31,8,20.680384
31,9,22.379833
32,0,0.0
32,1,3.0245903
32,10,23.851797
32,11,25.105057
32,12,26.155588
32,13,27.022087
32,14,27.725342
32,15,28.286942
32,16,28.72821
32,17,29.069345
32,18,29.328823
32,19,29.523005
32,2,6.0011716
32,20,29.665981
32,21,29.769562
32,22,29.84342
32,23,29.895273
32,24,29.93118
32,25,29.95577
32,26,29.97258
32,27,29.984259
32,28,29.992853
32,29,30.0
32,3,8.884003
32,4,11.631702
32,5,14.209001
32,6,16.588047
32,7,18.749168
32,8,20.68108
32,9,22.38058
33,0,0.0
33,1,3.0246515
33,10,23.852268
33,11,25.105549
33,12,26.156097
33,13,27.022608
33,14,27.725866
33,15,28.287468
33,16,28.728733
33,17,29.069862
33,18,29.329325
33,19,29.523489
33,2,6.0012927
33,20,29.666437
33,21,29.769993
33,22,29.843807
33,23,29.895626
33,24,29.931477
33,25,29.956018
33,26,29.972765
33,27,29.984388
33,28,29.992916
33,29,30.0
33,3,8.884182
33,4,11.631936
33,5,14.209287
33,6,16.58838
33,7,18.749542
33,8,20.681492
33,9,22.381025
34,0,0.0
34,1,3.0246873
34,10,23.852541
34,11,25.105835
34,12,26.156391
34,13,27.022911
34,14,27.726171
34,15,28.287775
34,16,28.729038
34,17,29.070162
34,18,29.329617
34,19,29.523767
34,2,6.0013638
34,20,29.666702
34,21,29.770237
34,22,29.844038
34,23,29.895824
34,24,29.931652
34,25,29.956161
34,26,29.972876
34,27,29.98446
34,28,29.992954
34,29,30.0
34,3,8.884287
34,4,11.632072
34,5,14.209455
34,6,16.588575
34,7,18.749762
34,8,20.681732
34,9,22.381287
35,0,0.0
35,1,3.0247078
35,10,23.852701
35,11,25.105999
35,12,26.156563
35,13,27.023083
35,14,27.726349
35,15,28.28795
35,16,28.729214
35,17,29.070337
35,18,29.329782
35,19,29.52393
35,2,6.001404
35,20,29.666855
35,21,29.770382
35,22,29.844166
35,23,29.895943
35,24,29.931751
35,25,29.956244
35,26,29.972939
35,27,29.9845
35,28,29.992977
35,29,30.0
35,3,8.884346
35,4,11.632152
35,5,14.209549
35,6,16.588688
35,7,18.749887
35,8,20.681871
35,9,22.381433
36,0,0.0
36,1,3.0247192
36,10,23.852789
36,11,25.106092
36,12,26.156658
36,13,27.023182
36,14,27.726448
36,15,28.288052
36,16,28.729313
36,17,29.07043
36,18,29.329882
36,19,29.524017
36,2,6.0014267
36,20,29.666943
36,21,29.770458
36,22,29.84424
36,23,29.896006
36,24,29.931808
36,25,29.956291
36,26,29.972975
36,27,29.984528
36,28,29.992987
36,29,30.0
36,3,8.88438
36,4,11.632195
36,5,14.209604
36,6,16.588749
36,7,18.749958
36,8,20.681948
36,9,22.38152
37,0,0.0
37,1,3.0247254
37,10,23.852839
37,11,25.106144
37,12,26.15671
37,13,27.023235
37,14,27.726501
37,15,28.288105
37,16,28.729366
37,17,29.070486
37,18,29.32993
37,19,29.52407
37,2,6.00144
37,20,29.666985
37,21,29.770504
37,22,29.84428
37,23,29.896042
37,24,29.93184
37,25,29.956316
37,26,29.972996
37,27,29.984539
37,28,29.992994
37,29,30.0
37,3,8.884399
37,4,11.63222
37,5,14.209633
37,6,16.588783
37,7,18.749996
37,8,20.681992
37,9,22.381565
38,0,0.0
38,1,3.024729
38,10,23.852863
38,11,25.10617
38,12,26.156738
38,13,27.023266
38,14,27.726534
38,15,28.288134
38,16,28.729397
38,17,29.070513
38,18,29.329962
38,19,29.524096
38,2,6.0014467
38,20,29.667015
38,21,29.770527
38,22,29.8443
38,23,29.896063
38,24,29.931854
38,25,29.95633
38,26,29.973005
38,27,29.98455
38,28,29.992998
38,29,30.0
38,3,8.884409
38,4,11.632233
38,5,14.209649
38,6,16.588802
38,7,18.750017
38,8,20.682014
38,9,22.381588
39,0,0.0
39,1,3.024731
39,10,23.852877
39,11,25.106188
39,12,26.156754
39,13,27.023281
39,14,27.726547
39,15,28.28815
39,16,28.729412
39,17,29.07053
39,18,29.329975
39,19,29.524113
39,2,6.0014496
39,20,29.66703
39,21,29.770542
39,22,29.844313
39,23,29.896072
39,24,29.931866
39,25,29.956337
39,26,29.973015
39,27,29.98455
39,28,29.993
39,29,30.0
39,3,8.884415
39,4,11.632238
39,5,14.209658
39,6,16.588812
39,7,18.75003
39,8,20.682026
39,9,22.381603
4,0,0.0
4,1,1.1708407
4,10,9.26201
4,11,9.760751
4,12,10.1872
4,13,10.550687
4,14,10.863175
4,15,11.13768
4,16,11.389452
4,17,11.635557
4,18,11.895951
4,19,12.194544
4,2,2.3232858
4,20,12.560671
4,21,13.032104
4,22,13.657871
4,23,14.503885
4,24,15.657648
4,25,17.234104
4,26,19.372576
4,27,22.21296
4,28,25.816107
4,29,30.0
4,3,3.43956
4,4,4.504101
4,5,5.502998
4,6,6.426187
4,7,7.265769
4,8,8.018389
4,9,8.682783
40,0,0.0
40,1,3.0247316
40,10,23.852888
40,11,25.106194
40,12,26.156765
40,13,27.023289
40,14,27.726559
40,15,28.288158
40,16,28.72942
40,17,29.070538
40,18,29.329983
40,19,29.52412
40,2,6.001452
40,20,29.667038
40,21,29.770546
40,22,29.844318
40,23,29.896078
40,24,29.93187
40,25,29.95634
40,26,29.973015
40,27,29.984554
40,28,29.993
40,29,30.0
40,3,8.884417
40,4,11.632243
40,5,14.2096615
40,6,16.588818
40,7,18.750034
40,8,20.682034
40,9,22.381609
41,0,0.0
41,1,3.0247326
41,10,23.852888
41,11,25.106201
41,12,26.156765
41,13,27.023296
41,14,27.726559
41,15,28.288164
41,16,28.729424
41,17,29.070541
41,18,29.329988
41,19,29.524124
41,2,6.0014524
41,20,29.667042
41,21,29.770552
41,22,29.844322
41,23,29.89608
41,24,29.931873
41,25,29.956345
41,26,29.973015
41,27,29.984556
41,28,29.993002
41,29,30.0
41,3,8.8844185
41,4,11.632244
41,5,14.209663
41,6,16.58882
41,7,18.750038
41,8,20.682035
41,9,22.381615
42,0,0.0
42,1,3.0247326
42,10,23.852892
42,11,25.1062
42,12,26.156769
42,13,27.023293
42,14,27.726566
42,15,28.288166
42,16,28.729427
42,17,29.070543
42,18,29.329988
42,19,29.524124
42,2,6.001454
42,20,29.667042
42,21,29.770552
42,22,29.844324
42,23,29.896082
42,24,29.931873
42,25,29.956345
42,26,29.973017
42,27,29.984558
42,28,29.993002
42,29,30.0
42,3,8.8844185
42,4,11.632246
42,5,14.209665
42,6,16.588821
42,7,18.75004
42,8,20.682037
42,9,22.381613
43,0,0.0
43,1,3.0247328
43,10,23.852892
43,11,25.106201
43,12,26.156769
43,13,27.023296
43,14,27.726562
43,15,28.28817
43,16,28.729427
43,17,29.070545
43,18,29.329988
43,19,29.524128
43,2,6.0014534
43,20,29.667042
43,21,29.770555
43,22,29.844324
43,23,29.896084
43,24,29.931873
43,25,29.956345
43,26,29.973019
43,27,29.984556
43,28,29.993004
43,29,30.0
43,3,8.88442
43,4,11.632248
43,5,14.209665
43,6,16.588821
43,7,18.75004
43,8,20.682037
43,9,22.381617
44,0,0.0
44,1,3.0247328
44,10,23.852894
44,11,25.106201
44,12,26.156769
44,13,27.023296
44,14,27.726566
44,15,28.28817
44,16,28.729427
44,17,29.070545
44,18,29.32999
44,19,29.524128
44,2,6.001454
44,20,29.667044
44,21,29.770554
44,22,29.844328
44,23,29.896084
44,24,29.931873
44,25,29.956345
44,26,29.973019
44,27,29.984558
44,28,29.993004
44,29,30.0
44,3,8.88442
44,4,11.632247
44,5,14.209667
44,6,16.588823
44,7,18.750042
44,8,20.68204
44,9,22.381617
45,0,0.0
45,1,3.0247328
45,10,23.852892
45,11,25.106201
45,12,26.156769
45,13,27.023296
45,14,27.726566
45,15,28.28817
45,16,28.729427
45,17,29.070545
45,18,29.32999
45,19,29.524128
45,2,6.0014544
45,20,29.667042
45,21,29.770555
45,22,29.844326
45,23,29.896086
45,24,29.931873
45,25,29.956347
45,26,29.973019
45,27,29.984556
45,28,29.993002
45,29,30.0
45,3,8.884419
45,4,11.632248
45,5,14.209666
45,6,16.588825
45,7,18.750042
45,8,20.682041
45,9,22.381617
46,0,0.0
46,1,3.0247328
46,10,23.852894
46,11,25.106203
46,12,26.156769
46,13,27.023296
46,14,27.726566
46,15,28.288166
46,16,28.729427
46,17,29.070545
46,18,29.329992
46,19,29.524126
46,2,6.0014534
46,20,29.667046
46,21,29.770555
46,22,29.844328
46,23,29.896084
46,24,29.931873
46,25,29.956345
46,26,29.973019
46,27,29.984558
46,28,29.993002
46,29,30.0
46,3,8.88442
46,4,11.632247
46,5,14.209667
46,6,16.588823
46,7,18.750042
46,8,20.682041
46,9,22.381617
47,0,0.0
47,1,3.0247326
47,10,23.852894
47,11,25.106201
47,12,26.156769
47,13,27.023296
47,14,27.726562
47,15,28.288166
47,16,28.729425
47,17,29.070547
47,18,29.32999
47,19,29.524128
47,2,6.0014534
47,20,29.667044
47,21,29.770557
47,22,29.844326
47,23,29.896084
47,24,29.931873
47,25,29.956345
47,26,29.973019
47,27,29.984556
47,28,29.993004
47,29,30.0
47,3,8.884419
47,4,11.632248
47,5,14.209666
47,6,16.588821
47,7,18.750042
47,8,20.68204
47,9,22.381617
48,0,0.0
48,1,3.0247328
48,10,23.852894
48,11,25.106201
48,12,26.156769
48,13,27.023296
48,14,27.726566
48,15,28.288166
48,16,28.729427
48,17,29.070545
48,18,29.329994
48,19,29.524126
48,2,6.0014534
48,20,29.667046
48,21,29.770554
48,22,29.844328
48,23,29.896082
48,24,29.931873
48,25,29.956345
48,26,29.973019
48,27,29.984554
48,28,29.993004
48,29,30.0
48,3,8.884419
48,4,11.632246
48,5,14.209665
48,6,16.588821
48,7,18.75004
48,8,20.682037
48,9,22.381618
49,0,0.0
49,1,3.0247324
49,10,23.852892
49,11,25.106203
49,12,26.156769
49,13,27.023296
49,14,27.726562
49,15,28.288166
49,16,28.729427
49,17,29.070549
49,18,29.329988
49,19,29.524128
49,2,6.001454
49,20,29.667042
49,21,29.770555
49,22,29.844324
49,23,29.896086
49,24,29.931873
49,25,29.956345
49,26,29.973015
49,27,29.984556
49,28,29.993002
49,29,30.0
49,3,8.884419
49,4,11.632247
49,5,14.209665
49,6,16.588821
49,7,18.75004
49,8,20.682037
49,9,22.381617
5,0,0.0
5,1,1.4304209
5,10,11.312685
5,11,11.921085
5,12,12.439997
5,13,12.881575
5,14,13.259112
5,15,13.588499
5,16,13.886887
5,17,14.1738
5,18,14.471186
5,19,14.804363
5,2,2.8382018
5,20,15.203581
5,21,15.705116
5,22,16.354141
5,23,17.205757
5,24,18.32728
5,25,19.79512
5,26,21.686356
5,27,24.05298
5,28,26.875408
5,29,30.0
5,3,4.2020855
5,4,5.5022945
5,5,6.7228293
5,6,7.8501663
5,7,8.875987
5,8,9.794712
5,9,10.606207
50,0,0.0
50,1,3.0247328
50,10,23.852892
50,11,25.106201
50,12,26.156769
50,13,27.023296
50,14,27.726566
50,15,28.288166
50,16,28.729431
50,17,29.070547
50,18,29.329994
50,19,29.524124
50,2,6.0014534
50,20,29.667046
50,21,29.770552
50,22,29.84433
50,23,29.896082
50,24,29.931873
50,25,29.956345
50,26,29.973019
50,27,29.984554
50,28,29.993002
50,29,30.0
50,3,8.88442
50,4,11.632246
50,5,14.209666
50,6,16.588821
50,7,18.75004
50,8,20.68204
50,9,22.381615
51,0,0.0
51,1,3.0247326
51,10,23.852894
51,11,25.106203
51,12,26.156769
51,13,27.023296
51,14,27.726566
51,15,28.288166
51,16,28.729427
51,17,29.070549
51,18,29.329988
51,19,29.524128
51,2,6.001454
51,20,29.667038
51,21,29.770557
51,22,29.844324
51,23,29.896084
51,24,29.931873
51,25,29.956345
51,26,29.973015
51,27,29.984556
51,28,29.993004
51,29,30.0
51,3,8.884419
51,4,11.632246
51,5,14.209665
51,6,16.588821
51,7,18.75004
51,8,20.682037
51,9,22.381615
52,0,0.0
52,1,3.0247326
52,10,23.852892
52,11,25.106203
52,12,26.156769
52,13,27.023296
52,14,27.726566
52,15,28.28817
52,16,28.729427
52,17,29.070549
52,18,29.329992
52,19,29.524124
52,2,6.0014534
52,20,29.667044
52,21,29.770554
52,22,29.844328
52,23,29.896082
52,24,29.931873
52,25,29.95634
52,26,29.973019
52,27,29.984554
52,28,29.993004
52,29,30.0
52,3,8.884419
52,4,11.632246
52,5,14.209665
52,6,16.588821
52,7,18.75004
52,8,20.682037
52,9,22.381617
53,0,0.0
53,1,3.0247326
53,10,23.852894
53,11,25.106201
53,12,26.156769
53,13,27.023296
53,14,27.726564
53,15,28.28817
53,16,28.729431
53,17,29.070545
53,18,29.32999
53,19,29.524128
53,2,6.0014534
53,20,29.667038
53,21,29.770554
53,22,29.844324
53,23,29.896082
53,24,29.931871
53,25,29.956345
53,26,29.973019
53,27,29.984558
53,28,29.993004
53,29,30.0
53,3,8.884419
53,4,11.632247
53,5,14.209665
53,6,16.588821
53,7,18.750038
53,8,20.68204
53,9,22.381615
54,0,0.0
54,1,3.0247328
54,10,23.852894
54,11,25.106201
54,12,26.156769
54,13,27.023296
54,14,27.726566
54,15,28.288166
54,16,28.729427
54,17,29.070549
54,18,29.32999
54,19,29.524126
54,2,6.0014534
54,20,29.667042
54,21,29.770554
54,22,29.844324
54,23,29.896082
54,24,29.931873
54,25,29.956345
54,26,29.973019
54,27,29.984556
54,28,29.993004
54,29,30.0
54,3,8.88442
54,4,11.632246
54,5,14.209666
54,6,16.588821
54,7,18.750042
54,8,20.682037
54,9,22.381617
55,0,0.0
55,1,3.0247326
55,10,23.852892
55,11,25.106201
55,12,26.15677
55,13,27.023296
55,14,27.726566
55,15,28.288168
55,16,28.729431
55,17,29.070547
55,18,29.329994
55,19,29.524126
55,2,6.001454
55,20,29.667042
55,21,29.770555
55,22,29.844326
55,23,29.896084
55,24,29.931875
55,25,29.956345
55,26,29.973019
55,27,29.984556
55,28,29.993002
55,29,30.0
55,3,8.884419
55,4,11.632248
55,5,14.209665
55,6,16.588821
55,7,18.75004
55,8,20.68204
55,9,22.381615
56,0,0.0
56,1,3.0247333
56,10,23.852894
56,11,25.106205
56,12,26.156773
56,13,27.0233
56,14,27.726568
56,15,28.28817
56,16,28.729431
56,17,29.070549
56,18,29.329992
56,19,29.524128
56,2,6.0014544
56,20,29.667046
56,21,29.770555
56,22,29.84433
56,23,29.896084
56,24,29.931877
56,25,29.956347
56,26,29.973019
56,27,29.984554
56,28,29.993002
56,29,30.0
56,3,8.88442
56,4,11.632246
56,5,14.209668
56,6,16.588821
56,7,18.750042
56,8,20.682037
56,9,22.381618
57,0,0.0
57,1,3.0247333
57,10,23.852898
57,11,25.106205
57,12,26.156776
57,13,27.0233
57,14,27.72657
57,15,28.288174
57,16,28.729433
57,17,29.07055
57,18,29.329996
57,19,29.524132
57,2,6.0014553
57,20,29.667046
57,21,29.770557
57,22,29.84433
57,23,29.896088
57,24,29.931877
57,25,29.956348
57,26,29.973019
57,27,29.984558
57,28,29.993004
57,29,30.0
57,3,8.88442
57,4,11.63225
57,5,14.209667
57,6,16.588825
57,7,18.750042
57,8,20.682043
57,9,22.381618
58,0,0.0
58,1,3.0247345
58,10,23.8529
58,11,25.10621
58,12,26.15678
58,13,27.023308
58,14,27.726576
58,15,28.288177
58,16,28.729435
58,17,29.070557
58,18,29.33
58,19,29.524136
58,2,6.001456
58,20,29.667053
58,21,29.770563
58,22,29.844334
58,23,29.89609
58,24,29.93188
58,25,29.956348
58,26,29.973022
58,27,29.984558
58,28,29.993004
58,29,30.0
58,3,8.884424
58,4,11.632251
58,5,14.209673
58,6,16.588825
58,7,18.75005
58,8,20.682045
58,9,22.381626
59,0,0.0
59,1,3.024735
59,10,23.852913
59,11,25.10622
59,12,26.15679
59,13,27.023317
59,14,27.726585
59,15,28.288185
59,16,28.729448
59,17,29.070564
59,18,29.33001
59,19,29.524145
59,2,6.0014596
59,20,29.66706
59,21,29.770573
59,22,29.844341
59,23,29.896097
59,24,29.931887
59,25,29.956356
59,26,29.973024
59,27,29.98456
59,28,29.993006
59,29,30.0
59,3,8.884426
59,4,11.632257
59,5,14.209677
59,6,16.588837
59,7,18.750053
59,8,20.682056
59,9,22.381634
6,0,0.0
6,1,1.6700264
6,10,13.205169
6,11,13.913584
6,12,14.517384
6,13,15.029211
6,14,15.464996
6,15,15.841725
6,16,16.178707
6,17,16.49666
6,18,16.818542
6,19,17.170034
6,2,3.3137836
6,20,17.580015
6,21,18.082129
6,22,18.714663
6,23,19.521946
6,24,20.551884
6,25,21.85305
6,26,23.463848
6,27,25.396498
6,28,27.611944
6,29,30.0
6,3,4.905924
6,4,6.424178
6,5,7.8487344
6,6,9.165119
6,7,10.362087
6,8,11.434668
6,9,12.381008
60,0,0.0
60,1,3.0247378
60,10,23.852928
60,11,25.10624
60,12,26.156809
60,13,27.023335
60,14,27.726604
60,15,28.288206
60,16,28.729465
60,17,29.070583
60,18,29.330027
60,19,29.524162
60,2,6.001463
60,20,29.667076
60,21,29.770584
60,22,29.844357
60,23,29.896109
60,24,29.931896
60,25,29.956364
60,26,29.973032
60,27,29.984566
60,28,29.993006
60,29,30.0
60,3,8.884436
60,4,11.632265
60,5,14.20969
60,6,16.588846
60,7,18.750072
60,8,20.682072
60,9,22.381653
61,0,0.0
61,1,3.0247421
61,10,23.852962
61,11,25.106274
61,12,26.156845
61,13,27.023375
61,14,27.726643
61,15,28.288246
61,16,28.729506
61,17,29.070621
61,18,29.330065
61,19,29.524197
61,2,6.0014734
61,20,29.667109
61,21,29.770617
61,22,29.844381
61,23,29.896133
61,24,29.931915
61,25,29.956379
61,26,29.973045
61,27,29.984573
61,28,29.993011
61,29,30.0
61,3,8.884448
61,4,11.632284
61,5,14.20971
61,6,16.588875
61,7,18.750097
61,8,20.682102
61,9,22.381683
62,0,0.0
62,1,3.0247512
62,10,23.85303
62,11,25.106342
62,12,26.156914
62,13,27.023445
62,14,27.726713
62,15,28.288317
62,16,28.729576
62,17,29.070692
62,18,29.330132
62,19,29.52426
62,2,6.0014896
62,20,29.667171
62,21,29.770672
62,22,29.844433
62,23,29.89618
62,24,29.931957
62,25,29.956413
62,26,29.973068
62,27,29.984592
62,28,29.99302
62,29,30.0
62,3,8.884474
62,4,11.632317
62,5,14.209753
62,6,16.58892
62,7,18.750153
62,8,20.68216
62,9,22.381744
63,0,0.0
63,1,3.0247667
63,10,23.853146
63,11,25.106466
63,12,26.157042
63,13,27.023573
63,14,27.726845
63,15,28.288446
63,16,28.729706
63,17,29.070816
63,18,29.330254
63,19,29.524382
63,2,6.001522
63,20,29.66728
63,21,29.770777
63,22,29.844528
63,23,29.896263
63,24,29.93203
63,25,29.956472
63,26,29.973116
63,27,29.984621
63,28,29.993036
63,29,30.0
63,3,8.88452
63,4,11.63238
63,5,14.209824
63,6,16.589006
63,7,18.750244
63,8,20.682264
63,9,22.381857
64,0,0.0
64,1,3.0247962
64,10,23.853361
64,11,25.10669
64,12,26.15727
64,13,27.023808
64,14,27.727077
64,15,28.288683
64,16,28.729937
64,17,29.071045
64,18,29.330475
64,19,29.524591
64,2,6.001578
64,20,29.667484
64,21,29.770964
64,22,29.8447
64,23,29.896416
64,24,29.932161
64,25,29.95658
64,26,29.973198
64,27,29.984678
64,28,29.993065
64,29,30.0
64,3,8.884606
64,4,11.632486
64,5,14.209959
64,6,16.589159
64,7,18.750422
64,8,20.682453
64,9,22.38206
65,0,0.0
65,1,3.0248466
65,10,23.85374
65,11,25.107086
65,12,26.15768
65,13,27.024221
65,14,27.727495
65,15,28.289097
65,16,28.73035
65,17,29.07145
65,18,29.330868
65,19,29.524967
65,2,6.0016813
65,20,29.667841
65,21,29.771297
65,22,29.845005
65,23,29.896687
65,24,29.932394
65,25,29.956772
65,26,29.973347
65,27,29.98478
65,28,29.993114
65,29,30.0
65,3,8.884753
65,4,11.632684
65,5,14.210196
65,6,16.589436
65,7,18.750729
65,8,20.68279
65,9,22.382421
66,0,0.0
66,1,3.0249374
66,10,23.854408
66,11,25.107779
66,12,26.15839
66,13,27.024946
66,14,27.728226
66,15,28.289825
66,16,28.731071
66,17,29.072155
66,18,29.331554
66,19,29.525629
66,2,6.0018578
66,20,29.668463
66,21,29.771881
66,22,29.845535
66,23,29.897161
66,24,29.9328
66,25,29.957108
66,26,29.973602
66,27,29.984953
66,28,29.993202
66,29,30.0
66,3,8.885018
66,4,11.633024
66,5,14.210611
66,6,16.589918
66,7,18.751268
66,8,20.68338
66,9,22.383057
67,0,0.0
67,1,3.0250916
67,10,23.855556
67,11,25.108967
67,12,26.159615
67,13,27.02619
67,14,27.729479
67,15,28.29108
67,16,28.732311
67,17,29.073374
67,18,29.332737
67,19,29.526762
67,2,6.002166
67,20,29.669538
67,21,29.772879
67,22,29.84645
67,23,29.897972
67,24,29.933502
67,25,29.957684
67,26,29.974045
67,27,29.98525
67,28,29.993353
67,29,30.0
67,3,8.8854685
67,4,11.6336155
67,5,14.211327
67,6,16.590748
67,7,18.752197
67,8,20.684397
67,9,22.38414
68,0,0.0
68,1,3.0253546
68,10,23.857489
68,11,25.110981
68,12,26.16168
68,13,27.028292
68,14,27.731598
68,15,28.293194
68,16,28.734406
68,17,29.075428
68,18,29.334732
68,19,29.528677
68,2,6.002684
68,20,29.671352
68,21,29.774569
68,22,29.847992
68,23,29.89935
68,24,29.934689
68,25,29.958658
68,26,29.974792
68,27,29.98576
68,28,29.99361
68,29,30.0
68,3,8.886236
68,4,11.634611
68,5,14.212538
68,6,16.59215
68,7,18.75377
68,8,20.686111
68,9,22.385983
69,0,0.0
69,1,3.025791
69,10,23.860708
69,11,25.114325
69,12,26.165115
69,13,27.031784
69,14,27.735115
69,15,28.29671
69,16,28.737885
69,17,29.078842
69,18,29.338047
69,19,29.531858
69,2,6.00355
69,20,29.674366
69,21,29.777376
69,22,29.850557
69,23,29.901634
69,24,29.936657
69,25,29.96028
69,26,29.976036
69,27,29.9866
69,28,29.994034
69,29,30.0
69,3,8.887509
69,4,11.636272
69,5,14.214551
69,6,16.594484
69,7,18.756382
69,8,20.688969
69,9,22.389034
7,0,0.0
7,1,1.8878393
7,10,14.92322
7,11,15.722474
7,12,16.401892
7,13,16.976574
7,14,17.462875
7,15,17.879864
7,16,18.247509
7,17,18.58759
7,18,18.923244
7,19,19.279325
7,2,3.7457843
7,20,19.683092
7,21,20.163853
7,22,20.753971
7,23,21.486994
7,24,22.396982
7,25,23.512917
7,26,24.852802
7,27,26.41206
7,28,28.153328
7,29,30.0
7,3,5.545716
7,4,7.2615576
7,5,8.872075
7,6,10.35946
7,7,11.712547
7,8,12.923973
7,9,13.993274
70,0,0.0
70,1,3.0265067
70,10,23.865967
70,11,25.119791
70,12,26.170727
70,13,27.037489
70,14,27.740866
70,15,28.30245
70,16,28.743568
70,17,29.084415
70,18,29.343456
70,19,29.537056
70,2,6.004965
70,20,29.679285
70,21,29.781967
70,22,29.85475
70,23,29.90537
70,24,29.939878
70,25,29.96293
70,26,29.978067
70,27,29.98798
70,28,29.99473
70,29,30.0
70,3,8.889598
70,4,11.63899
70,5,14.21785
70,6,16.5983
70,7,18.76066
70,8,20.693636
70,9,22.394032
71,0,0.0
71,1,3.0276594
71,10,23.874428
71,11,25.12857
71,12,26.179747
71,13,27.046658
71,14,27.750097
71,15,28.31167
71,16,28.752697
71,17,29.093367
71,18,29.352154
71,19,29.545403
71,2,6.007247
71,20,29.687199
71,21,29.789337
71,22,29.861492
71,23,29.911375
71,24,29.945057
71,25,29.967194
71,26,29.981342
71,27,29.990194
71,28,29.995852
71,29,30.0
71,3,8.8929615
71,4,11.643369
71,5,14.22316
71,6,16.604448
71,7,18.76754
71,8,20.701147
71,9,22.402065
72,0,0.0
72,1,3.0294883
72,10,23.887802
72,11,25.14246
72,12,26.193996
72,13,27.061138
72,14,27.764683
72,15,28.326233
72,16,28.767109
72,17,29.10751
72,18,29.365889
72,19,29.558594
72,2,6.010866
72,20,29.699694
72,21,29.800997
72,22,29.872143
72,23,29.920877
72,24,29.953245
72,25,29.973938
72,26,29.986511
72,27,29.993704
72,28,29.99762
72,29,30.0
72,3,8.898294
72,4,11.65031
72,5,14.231574
72,6,16.614185
72,7,18.778437
72,8,20.713034
72,9,22.41478
73,0,0.0
73,1,3.0323431
73,10,23.90861
73,11,25.164051
73,12,26.216154
73,13,27.083649
73,14,27.787346
73,15,28.348858
73,16,28.789505
73,17,29.129478
73,18,29.38723
73,19,29.579088
73,2,6.0165124
73,20,29.719126
73,21,29.819115
73,22,29.888721
73,23,29.93565
73,24,29.965998
73,25,29.984432
73,26,29.99457
73,27,29.99916
73,28,30.00038
73,29,30.0
73,3,8.906616
73,4,11.661134
73,5,14.244695
73,6,16.629358
73,7,18.79541
73,8,20.73154
73,9,22.43456
74,0,0.0
74,1,3.0367284
74,10,23.940453
74,11,25.197083
74,12,26.250034
74,13,27.118057
74,14,27.821987
74,15,28.383434
74,16,28.82373
74,17,29.163057
74,18,29.419847
74,19,29.610432
74,2,6.02519
74,20,29.748833
74,21,29.846844
74,22,29.914074
74,23,29.95828
74,24,29.985512
74,25,30.000517
74,26,30.006912
74,27,30.007534
74,28,30.004604
74,29,30.0
74,3,8.919394
74,4,11.677755
74,5,14.264824
74,6,16.652634
74,7,18.821424
74,8,20.759897
74,9,22.464851
75,0,0.0
75,1,3.043364
75,10,23.9884
75,11,25.246796
75,12,26.300999
75,13,27.169804
75,14,27.874063
75,15,28.43541
75,16,28.875181
75,17,29.213533
75,18,29.468906
75,19,29.657562
75,2,6.038308
75,20,29.793547
75,21,29.888561
75,22,29.952272
75,23,29.99235
75,24,30.014938
75,25,30.02475
75,26,30.025534
75,27,30.020153
75,28,30.010988
75,29,30.0
75,3,8.938719
75,4,11.702867
75,5,14.295237
75,6,16.68776
75,7,18.860678
75,8,20.802643
75,9,22.510494
76,0,0.0
76,1,3.053245
76,10,24.059448
76,11,25.320408
76,12,26.376432
76,13,27.246363
76,14,27.951094
76,15,28.512285
76,16,28.951262
76,17,29.288208
76,18,29.541464
76,19,29.727333
76,2,6.057852
76,20,29.859716
76,21,29.95038
76,22,30.008844
76,23,30.042889
76,24,30.05856
76,25,30.060736
76,26,30.053156
76,27,30.038906
76,28,30.020456
76,29,30.0
76,3,8.967477
76,4,11.74024
76,5,14.340445
76,6,16.739971
76,7,18.91895
76,8,20.866076
76,9,22.578157
77,0,0.0
77,1,3.0677476
77,10,24.16304
77,11,25.42768
77,12,26.48629
77,13,27.35781
77,14,28.063196
77,15,28.624132
77,16,29.061983
77,17,29.396847
77,18,29.647112
77,19,29.82889
77,2,6.0865097
77,20,29.956156
77,21,30.040445
77,22,30.091394
77,23,30.116598
77,24,30.12229
77,25,30.113272
77,26,30.093557
77,27,30.066303
77,28,30.034313
77,29,30.0
77,3,9.009653
77,4,11.794988
77,5,14.406657
77,6,16.816338
77,7,19.00415
77,8,20.958704
77,9,22.676914
78,0,0.0
78,1,3.088706
78,10,24.311726
78,11,25.581505
78,12,26.64373
78,13,27.517452
78,14,28.22371
78,15,28.784283
78,16,29.220476
78,17,29.55245
78,18,29.79839
78,19,29.974476
78,2,6.1279354
78,20,30.09437
78,21,30.169722
78,22,30.209852
78,23,30.22255
78,24,30.213858
78,25,30.188892
78,26,30.151667
78,27,30.105778
78,28,30.054256
78,29,30.0
78,3,9.070552
78,4,11.874025
78,5,14.502115
78,6,16.926384
78,7,19.126749
78,8,21.091913
78,9,22.818752
79,0,0.0
79,1,3.118575
79,10,24.521753
79,11,25.79863
79,12,26.86578
79,13,27.74247
79,14,28.4499
79,15,29.00987
79,16,29.443798
79,17,29.771656
79,18,30.0117
79,19,30.17973
79,2,6.186916
79,20,30.289505
79,21,30.352215
79,22,30.377361
79,23,30.372356
79,24,30.343565
79,25,30.295967
79,26,30.234095
79,27,30.16173
79,28,30.082565
79,29,30.0
79,3,9.157251
79,4,11.986393
79,5,14.637761
79,6,17.082508
79,7,19.300558
79,8,21.280468
79,9,23.019361
8,0,0.0
8,1,2.0825436
8,10,16.458712
8,11,17.337908
8,12,18.084587
8,13,18.71368
8,14,19.243607
8,15,19.693653
8,16,20.085045
8,17,20.439621
8,18,20.780289
8,19,21.13095
8,2,4.1322823
8,20,21.516233
8,21,21.962128
8,22,22.49462
8,23,23.139908
8,24,23.921055
8,25,24.856037
8,26,25.951515
8,27,27.198296
8,28,28.565346
8,29,30.0
8,3,6.117619
8,4,8.010672
8,5,9.786785
8,6,11.427731
8,7,12.919521
8,8,14.255695
8,9,15.433881
80,0,0.0
80,1,3.1605215
80,10,24.81388
80,11,26.100262
80,12,27.174013
80,13,28.05463
80,14,28.763517
80,15,29.32265
80,16,29.753357
80,17,30.0757
80,18,30.30754
80,19,30.464752
80,2,6.269751
80,20,30.560495
80,21,30.60608
80,22,30.610401
80,23,30.581167
80,24,30.524353
80,25,30.4455
80,26,30.349167
80,27,30.239971
80,28,30.122124
80,29,30.0
80,3,9.278858
80,4,12.143925
80,5,14.827608
80,6,17.30083
80,7,19.54317
80,8,21.543407
80,9,23.298653
81,0,0.0
81,1,3.2186594
81,10,25.213858
81,11,26.512827
81,12,27.595154
81,13,28.48082
81,14,29.191525
81,15,29.749353
81,16,30.175793
81,17,30.490576
81,18,30.711628
81,19,30.854128
81,2,6.3844347
81,20,30.931274
81,21,30.953533
81,22,30.929981
81,23,30.867603
81,24,30.772873
81,25,30.651064
81,26,30.507666
81,27,30.347702
81,28,30.176674
81,29,30.0
81,3,9.447152
81,4,12.361567
81,5,15.089645
81,6,17.601572
81,7,19.876965
81,8,21.904446
81,9,23.681683
82,0,0.0
82,1,3.2981467
82,10,25.75325
82,11,27.068327
82,12,28.161608
82,13,29.053574
82,14,29.766367
82,15,30.32239
82,16,30.742987
82,17,31.048008
82,18,31.254665
82,19,31.378119
82,2,6.5411997
82,20,31.430485
82,21,31.422249
82,22,31.361359
82,23,31.255108
82,24,31.109255
82,25,30.929924
82,26,30.722713
82,27,30.49414
82,28,30.25079
82,29,30.0
82,3,9.676833
82,4,12.658299
82,5,15.44614
82,6,18.010126
82,7,20.329374
82,8,22.393024
82,9,24.198935
83,0,0.0
83,1,3.4055276
83,10,26.469505
83,11,27.804895
83,12,28.911655
83,13,29.811234
83,14,30.526367
83,15,31.079685
83,16,31.492804
83,17,31.784985
83,18,31.97343
83,19,32.072052
83,2,6.7527013
83,20,32.092827
83,21,32.044662
83,22,31.935535
83,23,31.771389
83,24,31.55855
83,25,31.302666
83,26,31.010803
83,27,30.690346
83,28,30.350252
83,29,30.0
83,3,9.9864235
83,4,13.057394
83,5,15.924818
83,6,18.557262
83,7,20.934063
83,8,23.044373
83,9,24.887247
84,0,0.0
84,1,3.5488505
84,10,27.406548
84,11,28.76655
84,12,29.889513
84,13,30.797909
84,14,31.515331
84,15,32.06498
84,16,32.468246
84,17,32.7445
84,18,32.90969
84,19,32.977486
84,2,7.0348105
84,20,32.95791
84,21,32.859543
84,22,32.68827
84,23,32.450104
84,24,32.15
84,25,31.794683
84,26,31.39143
84,27,30.950129
84,28,30.481947
84,29,30.0
84,3,10.398511
84,4,13.587671
84,5,16.558992
84,6,19.280424
84,7,21.73082
84,8,23.900566
84,9,25.789543
85,0,0.0
85,1,3.7382057
85,10,28.614037
85,11,30.003218
85,12,31.144728
85,13,32.062847
85,14,32.782265
85,15,33.326637
85,16,33.717735
85,17,33.97396
85,18,34.11103
85,19,34.140465
85,2,7.4068913
85,20,34.071632
85,21,33.910324
85,22,33.661827
85,23,33.329628
85,24,32.91893
85,25,32.43546
85,26,31.888554
85,27,31.289747
85,28,30.654423
85,29,30.0
85,3,10.941078
85,4,14.283719
85,5,17.389118
85,6,20.223595
85,7,22.766815
85,8,25.00998
85,9,26.955515
86,0,0.0
86,1,3.985979
86,10,30.147434
86,11,31.569468
86,12,32.73139
86,13,33.659462
86,14,34.379875
86,15,34.91722
86,16,35.292953
86,17,35.52544
86,18,35.62838
86,19,35.61245
86,2,7.893095
86,20,35.483734
86,21,35.246746
86,22,34.903004
86,23,34.455093
86,24,33.90545
86,25,33.260612
86,26,32.53006
86,27,31.72924
86,28,30.877785
86,29,30.0
86,3,11.647944
86,4,15.1877575
86,5,18.462814
86,6,21.438889
86,7,24.095951
86,8,26.428165
86,9,28.440472
87,0,0.0
87,1,4.3078427
87,10,32.06611
87,11,33.523666
87,12,34.706367
87,13,35.64355
87,14,36.36328
87,15,36.89093
87,16,37.24839
87,17,37.45256
87,18,37.516376
87,19,37.447098
87,2,8.523105
87,20,37.24904
87,21,36.921936
87,22,36.46514
87,23,35.876396
87,24,35.15699
87,25,34.310974
87,26,33.350006
87,27,32.292236
87,28,31.164608
87,29,30.0
87,3,12.561009
87,4,16.350153
87,5,19.83704
87,6,22.98611
87,7,25.780138
87,8,28.216467
87,9,30.305525
88,0,0.0
88,1,4.7235775
88,10,34.43255
88,11,35.92541
88,12,37.12736
88,13,38.071117
88,14,38.787163
88,15,39.302177
88,16,39.63762
88,17,39.81002
88,18,39.829266
88,19,39.70074
88,2,9.334682
88,20,39.423462
88,21,38.994007
88,22,38.40502
88,23,37.6508
88,24,36.7267
88,25,35.63569
88,26,34.38839
88,27,33.008263
88,28,31.530106
88,29,30.0
88,3,13.731659
88,4,17.83256
88,5,21.578419
88,6,24.934826
88,7,27.888021
88,8,30.442554
88,9,32.615242
89,0,0.0
89,1,5.25931
89,10,37.309067
89,11,38.833534
89,12,40.049797
89,13,40.995323
89,14,41.70333
89,15,42.201595
89,16,42.51197
89,17,42.648857
89,18,42.620586
89,19,42.427452
89,2,10.376148
89,20,42.064907
89,21,41.521713
89,22,40.78517
89,23,39.84027
89,24,38.6771
89,25,37.29184
89,26,35.695152
89,27,33.91355
89,28,31.993988
89,29,30.0
89,3,15.225274
89,4,19.709805
89,5,23.76671
89,6,27.363848
89,7,30.49627
89,8,33.177933
89,9,35.43708
9,0,0.0
9,1,2.2539897
9,10,17.80853
9,11,18.758154
9,12,19.56262
9,13,20.23888
9,14,20.80517
9,15,21.282217
9,16,21.691166
9,17,22.054152
9,18,22.393509
9,19,22.731693
9,2,4.472269
9,20,23.09145
9,21,23.4949
9,22,23.963976
9,23,24.518242
9,24,25.174599
9,25,25.943493
9,26,26.827242
9,27,27.815739
9,28,28.885555
9,29,30.0
9,3,6.621175
9,4,8.669613
9,5,10.592068
9,6,12.367338
9,7,13.981851
9,8,15.426825
9,9,16.701332
90,0,0.0
90,1,5.950372
90,10,40.75588
90,11,42.302124
90,12,43.523743
90,13,44.463127
90,14,45.156666
90,15,45.633724
90,16,45.91541
90,17,46.015278
90,18,45.93748
90,19,45.67904
90,2,11.712435
90,20,45.227657
90,21,44.5659
90,22,43.66964
90,23,42.514908
90,24,41.078827
90,25,39.349796
90,26,37.331894
90,27,35.055904
90,28,32.58194
90,29,30.0
90,3,17.125824
90,4,22.075916
90,5,26.496292
90,6,30.364004
90,7,33.687515
90,8,36.497826
90,9,38.837543
91,0,0.0
91,1,6.8475733
91,10,44.82622
91,11,46.377403
91,12,47.58961
91,13,48.511253
91,14,49.18193
91,15,49.631973
91,16,49.88262
91,17,49.944645
91,18,49.819786
91,19,49.498466
91,2,13.433413
91,20,48.962677
91,21,48.183502
91,22,47.126236
91,23,45.7498
91,24,44.016148
91,25,41.895126
91,26,39.38018
91,27,36.499424
91,28,33.330376
91,29,30.0
91,3,19.546284
91,4,25.049759
91,5,29.881876
91,6,34.03762
91,7,37.551136
91,8,40.477074
91,9,42.880325
92,0,0.0
92,1,8.027759
92,10,49.563034
92,11,51.092407
92,12,52.27423
92,13,53.162266
92,14,53.799046
92,15,54.21604
92,16,54.433197
92,17,54.459934
92,18,54.293175
92,19,53.91914
92,2,15.670996
92,20,53.31025
92,21,52.42811
92,22,51.22075
92,23,49.628716
92,24,47.5868
92,25,45.03839
92,26,41.949596
92,27,38.337273
92,28,34.293243
92,29,30.0
92,3,22.642511
92,4,28.787031
92,5,34.06189
92,6,38.50118
92,7,42.17933
92,8,45.188225
92,9,47.62043
93,0,0.0
93,1,9.616268
93,10,54.992268
93,11,56.46299
93,12,57.586098
93,13,58.420307
93,14,59.010094
93,15,59.386818
93,16,59.5698
93,17,59.565372
93,18,59.36795
93,19,58.957138
93,2,18.62798
93,20,58.298985
93,21,57.341606
93,22,56.017303
93,23,54.239265
93,24,51.90874
93,25,48.922096
93,26,45.19711
93,27,40.710693
93,28,35.55819
93,29,30.0
93,3,26.639183
93,4,33.49322
93,5,39.20559
93,6,43.88244
93,7,47.664726
93,8,50.694145
93,9,53.09997
94,0,0.0
94,1,11.833708
94,10,61.117996
94,11,62.481903
94,12,63.51155
94,13,64.26778
94,14,64.79527
94,15,65.124664
94,16,65.27308
94,17,65.24536
94,18,65.032005
94,19,64.60968
94,2,22.63506
94,20,63.93654
94,21,62.95172
94,22,61.568306
94,23,59.672497
94,24,57.1183
94,25,53.736004
94,26,49.352024
94,27,43.84984
94,28,37.278694
94,29,30.0
94,3,31.867752
94,4,39.44318
94,5,45.513847
94,6,50.316902
94,7,54.090153
94,8,57.04131
94,9,59.339165
95,0,0.0
95,1,15.107269
95,10,67.91453
95,11,69.11488
95,12,70.01097
95,13,70.662415
95,14,71.11148
95,15,71.38598
95,16,71.50119
95,17,71.45933
95,18,71.25009
95,19,70.84707
95,2,28.258242
95,20,70.20644
95,21,69.25948
95,22,67.9075
95,23,66.008705
95,24,63.3683
95,25,59.725025
95,26,54.75908
95,27,48.14791
95,28,39.752533
95,29,30.0
95,3,38.826065
95,4,46.995026
95,5,53.213654
95,6,57.931007
95,7,61.515396
95,8,64.245766
95,9,66.32855
96,0,0.0
96,1,20.358292
96,10,75.32124
96,11,76.29618
96,12,77.01698
96,13,77.53635
96,14,77.89075
96,15,78.10373
96,16,78.18721
96,17,78.14253
96,18,77.95865
96,19,77.61133
96,2,36.50748
96,20,77.05764
96,21,76.23123
96,22,75.0295
96,23,73.298386
96,24,70.80258
96,25,67.187
96,26,61.92565
96,27,54.308197
96,28,43.62257
96,29,30.0
96,3,48.24763
96,4,56.58454
96,5,62.524364
96,6,66.81172
96,7,69.95111
96,8,72.27821
96,9,74.01723
97,0,0.0
97,1,29.835888
97,10,83.23714
97,11,83.92767
97,12,84.43412
97,13,84.79656
97,14,85.04204
97,15,85.18754
97,16,85.24167
97,17,85.204475
97,18,85.06749
97,19,84.81091
97,2,49.200573
97,20,84.40111
97,21,83.78285
97,22,82.86937
97,23,81.51982
97,24,79.50161
97,25,76.41308
97,26,71.53973
97,27,63.598022
97,28,50.460773
97,29,30.0
97,3,61.12539
97,4,68.641846
97,5,73.577225
97,6,76.94829
97,7,79.32628
97,8,81.04394
97,9,82.30448
98,0,0.0
98,1,49.796963
98,10,91.52159
98,11,91.880135
98,12,92.1418
98,13,92.328224
98,14,92.45387
98,15,92.52778
98,16,92.554245
98,17,92.53331
98,18,92.45998
98,19,92.32352
98,2,69.35837
98,20,92.10475
98,21,91.77255
98,22,91.27539
98,23,90.526665
98,24,89.37087
98,25,87.50674
98,26,84.28508
98,27,78.12632
98,28,64.644
98,29,30.0
98,3,78.448715
98,4,83.330505
98,5,86.25733
98,6,88.1543
98,7,89.45087
98,8,90.369064
98,9,91.034004
99,0,0.0
99,1,100.0
99,10,100.0
99,11,100.0
99,12,100.0
99,13,100.0
99,14,100.0
99,15,100.0
99,16,100.0
99,17,100.0
99,18,100.0
99,19,100.0
99,2,100.0
99,20,100.0
99,21,100.0
99,22,100.0
99,23,100.0
99,24,100.0
99,25,100.0
99,26,100.0
99,27,100.0
99,28,100.0
99,29,30.0
99,3,100.0
99,4,100.0
99,5,100.0
99,6,100.0
99,7,100.0
99,8,100.0
99,9,100.0
