0,0,0.0
0,1,0.0
0,10,0.0
0,11,0.0
0,12,0.0
0,13,0.0
0,14,0.0
0,15,0.0
0,16,0.0
0,17,0.0
0,18,0.0
0,19,0.0
0,2,0.0
0,20,0.0
0,21,0.0
0,22,0.0
0,23,0.0
0,24,0.0
0,25,0.0
0,26,0.0
0,27,0.0
0,28,0.0
0,29,30.0
0,3,0.0
0,4,0.0
0,5,0.0
0,6,0.0
0,7,0.0
0,8,0.0
0,9,0.0
1,0,0.0
1,1,2.8352451
1,10,9.298557
1,11,9.298836
1,12,9.298859
1,13,9.298861
1,14,9.298861
1,15,9.298861
1,16,9.298861
1,17,9.298861
1,18,9.298862
1,19,9.298872
1,2,5.2654552
1,20,9.299026
1,21,9.299681
1,22,9.304096
1,23,9.319858
1,24,9.383528
1,25,9.576952
1,26,10.165848
1,27,11.800833
1,28,16.417622
1,29,30.0
1,3,7.088113
1,4,8.227274
1,5,8.860141
1,6,9.141416
1,7,9.253925
1,8,9.287678
1,9,9.296883
10,0,0.0
10,1,9.298557
10,10,29.998833
10,11,29.99937
10,12,29.999414
10,13,29.999416
10,14,29.999416
10,15,29.999418
10,16,29.999418
10,17,29.999416
10,18,29.999416
10,19,29.999416
10,2,17.268848
10,20,29.999418
10,21,29.999416
10,22,29.999416
10,23,29.999416
10,24,29.999416
10,25,29.999418
10,26,29.999416
10,27,29.999516
10,28,29.999683
10,29,30.0
10,3,23.113728
10,4,26.766853
10,5,28.70086
10,6,29.56042
10,7,29.877098
10,8,29.972101
10,9,29.994722
11,0,0.0
11,1,9.298836
11,10,29.999369
11,11,29.999907
11,12,29.99995
11,13,29.999952
11,14,29.999954
11,15,29.999954
11,16,29.999954
11,17,29.999952
11,18,29.999954
11,19,29.999954
11,2,17.269268
11,20,29.999954
11,21,29.999952
11,22,29.999954
11,23,29.999954
11,24,29.999952
11,25,29.999954
11,26,29.999954
11,27,29.999952
11,28,29.999973
11,29,30.0
11,3,23.114265
11,4,26.767391
11,5,28.701397
11,6,29.560955
11,7,29.877634
11,8,29.97264
11,9,29.995258
12,0,0.0
12,1,9.29886
12,10,29.999414
12,11,29.99995
12,12,29.999996
12,13,29.999998
12,14,29.999998
12,15,29.999998
12,16,29.999998
12,17,29.999998
12,18,29.999998
12,19,29.999998
12,2,17.26931
12,20,29.999998
12,21,29.999998
12,22,29.999998
12,23,29.999998
12,24,29.999998
12,25,29.999998
12,26,29.999998
12,27,29.999998
12,28,29.999998
12,29,30.0
12,3,23.114307
12,4,26.767433
12,5,28.70144
12,6,29.561
12,7,29.877678
12,8,29.972683
12,9,29.995302
13,0,0.0
13,1,9.298861
13,10,29.999416
13,11,29.999954
13,12,29.999998
13,13,30.0
13,14,30.0
13,15,30.0
13,16,30.0
13,17,30.0
13,18,30.0
13,19,30.0
13,2,17.269314
13,20,30.0
13,21,30.0
13,22,30.0
13,23,30.0
13,24,30.0
13,25,30.0
13,26,30.0
13,27,30.0
13,28,30.0
13,29,30.0
13,3,23.114311
13,4,26.767435
13,5,28.701443
13,6,29.561
13,7,29.877682
13,8,29.972683
13,9,29.995304
14,0,0.0
14,1,9.298861
14,10,29.999418
14,11,29.999954
14,12,29.999998
14,13,30.0
14,14,30.0
14,15,30.0
14,16,30.0
14,17,30.0
14,18,30.0
14,19,30.0
14,2,17.269314
14,20,30.0
14,21,30.0
14,22,30.0
14,23,30.0
14,24,30.0
14,25,30.0
14,26,30.0
14,27,30.0
14,28,30.0
14,29,30.0
14,3,23.114311
14,4,26.767435
14,5,28.701443
14,6,29.561
14,7,29.877682
14,8,29.972685
14,9,29.995304
15,0,0.0
15,1,9.298861
15,10,29.999416
15,11,29.999952
15,12,29.999998
15,13,30.0
15,14,30.0
15,15,30.0
15,16,30.0
15,17,30.0
15,18,30.0
15,19,30.0
15,2,17.269314
15,20,30.0
15,21,30.0
15,22,30.0
15,23,30.0
15,24,30.0
15,25,30.0
15,26,30.0
15,27,30.0
15,28,30.0
15,29,30.0
15,3,23.114311
15,4,26.767435
15,5,28.701443
15,6,29.561
15,7,29.877682
15,8,29.972685
15,9,29.995304
16,0,0.0
16,1,9.298861
16,10,29.999416
16,11,29.999954
16,12,29.999998
16,13,30.0
16,14,30.0
16,15,30.0
16,16,30.0
16,17,30.0
16,18,30.0
16,19,30.0
16,2,17.269314
16,20,30.0
16,21,30.0
16,22,30.0
16,23,30.0
16,24,30.0
16,25,30.0
16,26,30.0
16,27,30.0
16,28,30.0
16,29,30.0
16,3,23.114311
16,4,26.767435
16,5,28.701443
16,6,29.561003
16,7,29.877682
16,8,29.972685
16,9,29.995304
17,0,0.0
17,1,9.298861
17,10,29.999416
17,11,29.999952
17,12,29.999998
17,13,30.0
17,14,30.0
17,15,30.0
17,16,30.0
17,17,30.0
17,18,30.0
17,19,30.0
17,2,17.269314
17,20,30.0
17,21,30.0
17,22,30.0
17,23,30.0
17,24,30.0
17,25,30.0
17,26,30.0
17,27,30.0
17,28,30.0
17,29,30.0
17,3,23.114311
17,4,26.767435
17,5,28.701443
17,6,29.561
17,7,29.877682
17,8,29.972683
17,9,29.995304
18,0,0.0
18,1,9.298861
18,10,29.999416
18,11,29.999954
18,12,29.999998
18,13,30.0
18,14,30.0
18,15,30.0
18,16,30.0
18,17,30.0
18,18,30.0
18,19,30.0
18,2,17.269314
18,20,30.0
18,21,30.0
18,22,30.0
18,23,30.0
18,24,30.0
18,25,30.0
18,26,30.0
18,27,30.0
18,28,30.0
18,29,30.0
18,3,23.114311
18,4,26.767437
18,5,28.701445
18,6,29.561003
18,7,29.877682
18,8,29.972683
18,9,29.995304
19,0,0.0
19,1,9.298861
19,10,29.999416
19,11,29.999954
19,12,29.999998
19,13,30.0
19,14,30.0
19,15,30.0
19,16,30.0
19,17,30.0
19,18,30.0
19,19,30.0
19,2,17.269314
19,20,30.0
19,21,30.0
19,22,30.0
19,23,30.0
19,24,30.0
19,25,30.0
19,26,30.0
19,27,30.0
19,28,30.0
19,29,30.0
19,3,23.114311
19,4,26.767435
19,5,28.701443
19,6,29.561
19,7,29.877682
19,8,29.972685
19,9,29.995304
2,0,0.0
2,1,5.2654552
2,10,17.268848
2,11,17.269268
2,12,17.26931
2,13,17.269314
2,14,17.269314
2,15,17.269314
2,16,17.269314
2,17,17.269314
2,18,17.269314
2,19,17.269333
2,2,9.8221
2,20,17.269424
2,21,17.270538
2,22,17.27486
2,23,17.297943
2,24,17.371567
2,25,17.619272
2,26,18.273018
2,27,19.911049
2,28,23.464622
2,29,30.0
2,3,13.163638
2,4,15.315387
2,5,16.454548
2,6,16.98897
2,7,17.18586
2,8,17.250298
2,9,17.26564
20,0,0.0
20,1,9.298861
20,10,29.999416
20,11,29.999954
20,12,29.999998
20,13,30.0
20,14,30.0
20,15,30.0
20,16,30.0
20,17,30.0
20,18,30.0
20,19,30.0
20,2,17.269314
20,20,30.0
20,21,30.0
20,22,30.0
20,23,30.0
20,24,30.0
20,25,30.0
20,26,30.0
20,27,30.0
20,28,30.0
20,29,30.0
20,3,23.114311
20,4,26.767435
20,5,28.701445
20,6,29.561
20,7,29.877682
20,8,29.972683
20,9,29.995304
21,0,0.0
21,1,9.298861
21,10,29.999418
21,11,29.999952
21,12,29.999998
21,13,30.0
21,14,30.0
21,15,30.0
21,16,30.0
21,17,30.0
21,18,30.0
21,19,30.0
21,2,17.269314
21,20,30.0
21,21,30.0
21,22,30.0
21,23,30.0
21,24,30.0
21,25,30.0
21,26,30.0
21,27,30.0
21,28,30.0
21,29,30.0
21,3,23.114311
21,4,26.767437
21,5,28.701443
21,6,29.561
21,7,29.877682
21,8,29.972683
21,9,29.995304
22,0,0.0
22,1,9.298861
22,10,29.999416
22,11,29.999952
22,12,29.999998
22,13,30.0
22,14,30.0
22,15,30.0
22,16,30.0
22,17,30.0
22,18,30.0
22,19,30.0
22,2,17.269314
22,20,30.0
22,21,30.0
22,22,30.0
22,23,30.0
22,24,30.0
22,25,30.0
22,26,30.0
22,27,30.0
22,28,30.0
22,29,30.0
22,3,23.114311
22,4,26.767435
22,5,28.701443
22,6,29.561003
22,7,29.877682
22,8,29.972683
22,9,29.995304
23,0,0.0
23,1,9.298861
23,10,29.999418
23,11,29.999954
23,12,29.999998
23,13,30.0
23,14,30.0
23,15,30.0
23,16,30.0
23,17,30.0
23,18,30.0
23,19,30.0
23,2,17.269314
23,20,30.0
23,21,30.0
23,22,30.0
23,23,30.0
23,24,30.0
23,25,30.0
23,26,30.0
23,27,30.0
23,28,30.0
23,29,30.0
23,3,23.114311
23,4,26.767435
23,5,28.701443
23,6,29.561003
23,7,29.877682
23,8,29.972683
23,9,29.995304
24,0,0.0
24,1,9.298861
24,10,29.999416
24,11,29.999954
24,12,29.999998
24,13,30.0
24,14,30.0
24,15,30.0
24,16,30.0
24,17,30.0
24,18,30.0
24,19,30.0
24,2,17.269314
24,20,30.0
24,21,30.0
24,22,30.0
24,23,30.0
24,24,30.0
24,25,30.0
24,26,30.0
24,27,30.0
24,28,30.0
24,29,30.0
24,3,23.114311
24,4,26.767435
24,5,28.701443
24,6,29.561
24,7,29.877682
24,8,29.972683
24,9,29.995304
25,0,0.0
25,1,9.298861
25,10,29.999416
25,11,29.999954
25,12,29.999998
25,13,30.0
25,14,30.0
25,15,30.0
25,16,30.0
25,17,30.0
25,18,30.0
25,19,30.0
25,2,17.269314
25,20,30.0
25,21,30.0
25,22,30.0
25,23,30.0
25,24,30.0
25,25,30.0
25,26,30.0
25,27,30.0
25,28,30.0
25,29,30.0
25,3,23.114311
25,4,26.767437
25,5,28.701445
25,6,29.561
25,7,29.877682
25,8,29.972685
25,9,29.995304
26,0,0.0
26,1,9.298861
26,10,29.999416
26,11,29.999954
26,12,29.999998
26,13,30.0
26,14,30.0
26,15,30.0
26,16,30.0
26,17,30.0
26,18,30.0
26,19,30.0
26,2,17.269314
26,20,30.0
26,21,30.0
26,22,30.0
26,23,30.0
26,24,30.0
26,25,30.0
26,26,30.0
26,27,30.0
26,28,30.0
26,29,30.0
26,3,23.114311
26,4,26.767435
26,5,28.701445
26,6,29.561
26,7,29.877682
26,8,29.972683
26,9,29.995304
27,0,0.0
27,1,9.298861
27,10,29.999416
27,11,29.999952
27,12,29.999998
27,13,30.0
27,14,30.0
27,15,30.0
27,16,30.0
27,17,30.0
27,18,30.0
27,19,30.0
27,2,17.269314
27,20,30.0
27,21,30.0
27,22,30.0
27,23,30.0
27,24,30.0
27,25,30.0
27,26,30.0
27,27,30.0
27,28,30.0
27,29,30.0
27,3,23.114311
27,4,26.767435
27,5,28.701443
27,6,29.561
27,7,29.877682
27,8,29.972683
27,9,29.995304
28,0,0.0
28,1,9.298861
28,10,29.999416
28,11,29.999952
28,12,29.999998
28,13,30.0
28,14,30.0
28,15,30.0
28,16,30.0
28,17,30.0
28,18,30.0
28,19,30.0
28,2,17.269314
28,20,30.0
28,21,30.0
28,22,30.0
28,23,30.0
28,24,30.0
28,25,30.0
28,26,30.0
28,27,30.0
28,28,30.0
28,29,30.0
28,3,23.114311
28,4,26.767435
28,5,28.701443
28,6,29.561003
28,7,29.877682
28,8,29.972683
28,9,29.995304
29,0,0.0
29,1,9.298861
29,10,29.999416
29,11,29.999954
29,12,29.999998
29,13,30.0
29,14,30.0
29,15,30.0
29,16,30.0
29,17,30.0
29,18,30.0
29,19,30.0
29,2,17.269314
29,20,30.0
29,21,30.0
29,22,30.0
29,23,30.0
29,24,30.0
29,25,30.0
29,26,30.0
29,27,30.0
29,28,30.0
29,29,30.0
29,3,23.114311
29,4,26.767437
29,5,28.701445
29,6,29.561
29,7,29.877682
29,8,29.972683
29,9,29.995304
3,0,0.0
3,1,7.088113
3,10,23.113728
3,11,23.114265
3,12,23.11431
3,13,23.114311
3,14,23.114311
3,15,23.114311
3,16,23.114311
3,17,23.114311
3,18,23.114311
3,19,23.114311
3,2,13.163638
3,20,23.11441
3,21,23.11483
3,22,23.118837
3,23,23.132809
3,24,23.194098
3,25,23.365395
3,26,23.843266
3,27,24.890621
3,28,26.922264
3,29,30.0
3,3,17.68653
3,4,20.513336
3,5,22.057533
3,6,22.743841
3,7,23.009773
3,8,23.089552
3,9,23.11001
30,0,0.0
30,1,9.298861
30,10,29.999416
30,11,29.999952
30,12,29.999998
30,13,30.0
30,14,30.0
30,15,30.0
30,16,30.0
30,17,30.0
30,18,30.0
30,19,30.0
30,2,17.269314
30,20,30.0
30,21,30.0
30,22,30.0
30,23,30.0
30,24,30.0
30,25,30.0
30,26,30.0
30,27,30.0
30,28,30.0
30,29,30.0
30,3,23.114311
30,4,26.767437
30,5,28.701445
30,6,29.561
30,7,29.877682
30,8,29.972685
30,9,29.995304
31,0,0.0
31,1,9.298861
31,10,29.999416
31,11,29.999952
31,12,29.999998
31,13,30.0
31,14,30.0
31,15,30.0
31,16,30.0
31,17,30.0
31,18,30.0
31,19,30.0
31,2,17.269314
31,20,30.0
31,21,30.0
31,22,30.0
31,23,30.0
31,24,30.0
31,25,30.0
31,26,30.0
31,27,30.0
31,28,30.0
31,29,30.0
31,3,23.114311
31,4,26.767437
31,5,28.701443
31,6,29.561
31,7,29.877682
31,8,29.972685
31,9,29.995304
32,0,0.0
32,1,9.298861
32,10,29.999418
32,11,29.999954
32,12,29.999998
32,13,30.0
32,14,30.0
32,15,30.0
32,16,30.0
32,17,30.0
32,18,30.0
32,19,30.0
32,2,17.269314
32,20,30.0
32,21,30.0
32,22,30.0
32,23,30.0
32,24,30.0
32,25,30.0
32,26,30.0
32,27,30.0
32,28,30.0
32,29,30.0
32,3,23.114311
32,4,26.767437
32,5,28.701443
32,6,29.561
32,7,29.877682
32,8,29.972685
32,9,29.995304
33,0,0.0
33,1,9.298861
33,10,29.999418
33,11,29.999954
33,12,29.999998
33,13,30.0
33,14,30.0
33,15,30.0
33,16,30.0
33,17,30.0
33,18,30.0
33,19,30.0
33,2,17.269314
33,20,30.0
33,21,30.0
33,22,30.0
33,23,30.0
33,24,30.0
33,25,30.0
33,26,30.0
33,27,30.0
33,28,30.0
33,29,30.0
33,3,23.114311
33,4,26.767437
33,5,28.701443
33,6,29.561
33,7,29.877682
33,8,29.972685
33,9,29.995304
34,0,0.0
34,1,9.298861
34,10,29.999418
34,11,29.999954
34,12,29.999998
34,13,30.0
34,14,30.0
34,15,30.0
34,16,30.0
34,17,30.0
34,18,30.0
34,19,30.0
34,2,17.269314
34,20,30.0
34,21,30.0
34,22,30.0
34,23,30.0
34,24,30.0
34,25,30.0
34,26,30.0
34,27,30.0
34,28,30.0
34,29,30.0
34,3,23.114311
34,4,26.767437
34,5,28.701443
34,6,29.561
34,7,29.877682
34,8,29.972685
34,9,29.995304
35,0,0.0
35,1,9.298861
35,10,29.999418
35,11,29.999954
35,12,29.999998
35,13,30.0
35,14,30.0
35,15,30.0
35,16,30.0
35,17,30.0
35,18,30.0
35,19,30.0
35,2,17.269314
35,20,30.0
35,21,30.0
35,22,30.0
35,23,30.0
35,24,30.0
35,25,30.0
35,26,30.0
35,27,30.0
35,28,30.0
35,29,30.0
35,3,23.114311
35,4,26.767437
35,5,28.701443
35,6,29.561
35,7,29.877682
35,8,29.972685
35,9,29.995304
36,0,0.0
36,1,9.298861
36,10,29.999418
36,11,29.999954
36,12,29.999998
36,13,30.0
36,14,30.0
36,15,30.0
36,16,30.0
36,17,30.0
36,18,30.0
36,19,30.0
36,2,17.269314
36,20,30.0
36,21,30.0
36,22,30.0
36,23,30.0
36,24,30.0
36,25,30.0
36,26,30.0
36,27,30.0
36,28,30.0
36,29,30.0
36,3,23.114311
36,4,26.767437
36,5,28.701443
36,6,29.561
36,7,29.877682
36,8,29.972685
36,9,29.995304
37,0,0.0
37,1,9.298861
37,10,29.999418
37,11,29.999954
37,12,29.999998
37,13,30.0
37,14,30.0
37,15,30.0
37,16,30.0
37,17,30.0
37,18,30.0
37,19,30.0
37,2,17.269314
37,20,30.0
37,21,30.0
37,22,30.0
37,23,30.0
37,24,30.0
37,25,30.0
37,26,30.0
37,27,30.0
37,28,30.0
37,29,30.0
37,3,23.114311
37,4,26.767437
37,5,28.701443
37,6,29.561
37,7,29.877682
37,8,29.972685
37,9,29.995304
38,0,0.0
38,1,9.298861
38,10,29.999418
38,11,29.999954
38,12,29.999998
38,13,30.0
38,14,30.0
38,15,30.0
38,16,30.0
38,17,30.0
38,18,30.0
38,19,30.0
38,2,17.269314
38,20,30.0
38,21,30.0
38,22,30.0
38,23,30.0
38,24,30.0
38,25,30.0
38,26,30.0
38,27,30.0
38,28,30.0
38,29,30.0
38,3,23.114311
38,4,26.767437
38,5,28.701443
38,6,29.561
38,7,29.877682
38,8,29.972685
38,9,29.995304
39,0,0.0
39,1,9.298861
39,10,29.999418
39,11,29.999954
39,12,29.999998
39,13,30.0
39,14,30.0
39,15,30.0
39,16,30.0
39,17,30.0
39,18,30.0
39,19,30.0
39,2,17.269314
39,20,30.0
39,21,30.0
39,22,30.0
39,23,30.0
39,24,30.0
39,25,30.0
39,26,30.0
39,27,30.0
39,28,30.0
39,29,30.0
39,3,23.114311
39,4,26.767435
39,5,28.701443
39,6,29.561
39,7,29.877682
39,8,29.972683
39,9,29.995304
4,0,0.0
4,1,8.227274
4,10,26.766851
4,11,26.767387
4,12,26.767433
4,13,26.767437
4,14,26.767435
4,15,26.767435
4,16,26.767435
4,17,26.767435
4,18,26.767437
4,19,26.767435
4,2,15.315387
4,20,26.767435
4,21,26.76773
4,22,26.768885
4,23,26.777811
4,24,26.805506
4,25,26.906342
4,26,27.147942
4,27,27.696114
4,28,28.650322
4,29,30.0
4,3,20.513336
4,4,23.812683
4,5,25.559397
4,6,26.35617
4,7,26.64972
4,8,26.741005
4,9,26.762741
40,0,0.0
40,1,9.298861
40,10,29.999416
40,11,29.999954
40,12,29.999998
40,13,30.0
40,14,30.0
40,15,30.0
40,16,30.0
40,17,30.0
40,18,30.0
40,19,30.0
40,2,17.269314
40,20,30.0
40,21,30.0
40,22,30.0
40,23,30.0
40,24,30.0
40,25,30.0
40,26,30.0
40,27,30.0
40,28,30.0
40,29,30.0
40,3,23.114311
40,4,26.767437
40,5,28.701445
40,6,29.561
40,7,29.877682
40,8,29.972683
40,9,29.995304
41,0,0.0
41,1,9.298861
41,10,29.999416
41,11,29.999954
41,12,29.999998
41,13,30.0
41,14,30.0
41,15,30.0
41,16,30.0
41,17,30.0
41,18,30.0
41,19,30.0
41,2,17.269314
41,20,30.0
41,21,30.0
41,22,30.0
41,23,30.0
41,24,30.0
41,25,30.0
41,26,30.0
41,27,30.0
41,28,30.0
41,29,30.0
41,3,23.114311
41,4,26.767437
41,5,28.701445
41,6,29.561
41,7,29.877682
41,8,29.972683
41,9,29.995304
42,0,0.0
42,1,9.298861
42,10,29.999416
42,11,29.999954
42,12,29.999998
42,13,30.0
42,14,30.0
42,15,30.0
42,16,30.0
42,17,30.0
42,18,30.0
42,19,30.0
42,2,17.269314
42,20,30.0
42,21,30.0
42,22,30.0
42,23,30.0
42,24,30.0
42,25,30.0
42,26,30.0
42,27,30.0
42,28,30.0
42,29,30.0
42,3,23.114311
42,4,26.767435
42,5,28.701443
42,6,29.561
42,7,29.877682
42,8,29.972683
42,9,29.995304
43,0,0.0
43,1,9.298861
43,10,29.999416
43,11,29.999952
43,12,29.999998
43,13,30.0
43,14,30.0
43,15,30.0
43,16,30.0
43,17,30.0
43,18,30.0
43,19,30.0
43,2,17.269314
43,20,30.0
43,21,30.0
43,22,30.0
43,23,30.0
43,24,30.0
43,25,30.0
43,26,30.0
43,27,30.0
43,28,30.0
43,29,30.0
43,3,23.114311
43,4,26.767435
43,5,28.701443
43,6,29.561
43,7,29.877682
43,8,29.972683
43,9,29.995304
44,0,0.0
44,1,9.298861
44,10,29.999418
44,11,29.999952
44,12,29.999998
44,13,30.0
44,14,30.0
44,15,30.0
44,16,30.0
44,17,30.0
44,18,30.0
44,19,30.0
44,2,17.269314
44,20,30.0
44,21,30.0
44,22,30.0
44,23,30.0
44,24,30.0
44,25,30.0
44,26,30.0
44,27,30.0
44,28,30.0
44,29,30.0
44,3,23.114311
44,4,26.767435
44,5,28.701443
44,6,29.561003
44,7,29.877682
44,8,29.972683
44,9,29.995304
45,0,0.0
45,1,9.298861
45,10,29.999416
45,11,29.999954
45,12,29.999998
45,13,30.0
45,14,30.0
45,15,30.0
45,16,30.0
45,17,30.0
45,18,30.0
45,19,30.0
45,2,17.269314
45,20,30.0
45,21,30.0
45,22,30.0
45,23,30.0
45,24,30.0
45,25,30.0
45,26,30.0
45,27,30.0
45,28,30.0
45,29,30.0
45,3,23.114311
45,4,26.767435
45,5,28.701445
45,6,29.561
45,7,29.877682
45,8,29.972685
45,9,29.995304
46,0,0.0
46,1,9.298861
46,10,29.999416
46,11,29.999954
46,12,29.999998
46,13,30.0
46,14,30.0
46,15,30.0
46,16,30.0
46,17,30.0
46,18,30.0
46,19,30.0
46,2,17.269314
46,20,30.0
46,21,30.0
46,22,30.0
46,23,30.0
46,24,30.0
46,25,30.0
46,26,30.0
46,27,30.0
46,28,30.0
46,29,30.0
46,3,23.114311
46,4,26.767435
46,5,28.701443
46,6,29.561
46,7,29.877682
46,8,29.972683
46,9,29.995304
47,0,0.0
47,1,9.298861
47,10,29.999416
47,11,29.999954
47,12,29.999998
47,13,30.0
47,14,30.0
47,15,30.0
47,16,30.0
47,17,30.0
47,18,30.0
47,19,30.0
47,2,17.269314
47,20,30.0
47,21,30.0
47,22,30.0
47,23,30.0
47,24,30.0
47,25,30.0
47,26,30.0
47,27,30.0
47,28,30.0
47,29,30.0
47,3,23.114311
47,4,26.767435
47,5,28.701443
47,6,29.561
47,7,29.877682
47,8,29.972685
47,9,29.995304
48,0,0.0
48,1,9.298861
48,10,29.999418
48,11,29.999952
48,12,29.999998
48,13,30.0
48,14,30.0
48,15,30.0
48,16,30.0
48,17,30.0
48,18,30.0
48,19,30.0
48,2,17.269314
48,20,30.0
48,21,30.0
48,22,30.0
48,23,30.0
48,24,30.0
48,25,30.0
48,26,30.0
48,27,30.0
48,28,30.0
48,29,30.0
48,3,23.114311
48,4,26.767435
48,5,28.701443
48,6,29.561
48,7,29.877682
48,8,29.972685
48,9,29.995304
49,0,0.0
49,1,9.298861
49,10,29.999416
49,11,29.999954
49,12,29.999998
49,13,30.0
49,14,30.0
49,15,30.0
49,16,30.0
49,17,30.0
49,18,30.0
49,19,30.0
49,2,17.269314
49,20,30.0
49,21,30.0
49,22,30.0
49,23,30.0
49,24,30.0
49,25,30.0
49,26,30.0
49,27,30.0
49,28,30.0
49,29,30.0
49,3,23.114311
49,4,26.767435
49,5,28.701443
49,6,29.561003
49,7,29.877682
49,8,29.972685
49,9,29.995304
5,0,0.0
5,1,8.860142
5,10,28.70086
5,11,28.701397
5,12,28.701443
5,13,28.701443
5,14,28.701443
5,15,28.701445
5,16,28.701445
5,17,28.701443
5,18,28.701443
5,19,28.701443
5,2,16.454548
5,20,28.701443
5,21,28.701445
5,22,28.702034
5,23,28.704124
5,24,28.717493
5,25,28.753893
5,26,28.863434
5,27,29.082981
5,28,29.476612
5,29,30.0
5,3,22.057533
5,4,25.559399
5,5,27.434986
5,6,28.268581
5,7,28.58054
5,8,28.674128
5,9,28.696747
50,0,0.0
50,1,9.298861
50,10,29.999416
50,11,29.999954
50,12,29.999998
50,13,30.0
50,14,30.0
50,15,30.0
50,16,30.0
50,17,30.0
50,18,30.0
50,19,30.0
50,2,17.269314
50,20,30.0
50,21,30.0
50,22,30.0
50,23,30.0
50,24,30.0
50,25,30.0
50,26,30.0
50,27,30.0
50,28,30.0
50,29,30.0
50,3,23.114311
50,4,26.767435
50,5,28.701443
50,6,29.561
50,7,29.877682
50,8,29.972685
50,9,29.995304
51,0,0.0
51,1,9.298861
51,10,29.999416
51,11,29.999954
51,12,29.999998
51,13,30.0
51,14,30.0
51,15,30.0
51,16,30.0
51,17,30.0
51,18,30.0
51,19,30.0
51,2,17.269314
51,20,30.0
51,21,30.0
51,22,30.0
51,23,30.0
51,24,30.0
51,25,30.0
51,26,30.0
51,27,30.0
51,28,30.0
51,29,30.0
51,3,23.114311
51,4,26.767437
51,5,28.701443
51,6,29.561003
51,7,29.877682
51,8,29.972683
51,9,29.995304
52,0,0.0
52,1,9.298861
52,10,29.999416
52,11,29.999954
52,12,29.999998
52,13,30.0
52,14,30.0
52,15,30.0
52,16,30.0
52,17,30.0
52,18,30.0
52,19,30.0
52,2,17.269314
52,20,30.0
52,21,30.0
52,22,30.0
52,23,30.0
52,24,30.0
52,25,30.0
52,26,30.0
52,27,30.0
52,28,30.0
52,29,30.0
52,3,23.114311
52,4,26.767435
52,5,28.701443
52,6,29.561
52,7,29.877682
52,8,29.972683
52,9,29.995304
53,0,0.0
53,1,9.298861
53,10,29.999418
53,11,29.999952
53,12,29.999998
53,13,30.0
53,14,30.0
53,15,30.0
53,16,30.0
53,17,30.0
53,18,30.0
53,19,30.0
53,2,17.269314
53,20,30.0
53,21,30.0
53,22,30.0
53,23,30.0
53,24,30.0
53,25,30.0
53,26,30.0
53,27,30.0
53,28,30.0
53,29,30.0
53,3,23.114311
53,4,26.767435
53,5,28.701443
53,6,29.561
53,7,29.877682
53,8,29.972685
53,9,29.995304
54,0,0.0
54,1,9.298861
54,10,29.999416
54,11,29.999952
54,12,29.999998
54,13,30.0
54,14,30.0
54,15,30.0
54,16,30.0
54,17,30.0
54,18,30.0
54,19,30.0
54,2,17.269314
54,20,30.0
54,21,30.0
54,22,30.0
54,23,30.0
54,24,30.0
54,25,30.0
54,26,30.0
54,27,30.0
54,28,30.0
54,29,30.0
54,3,23.114311
54,4,26.767435
54,5,28.701443
54,6,29.561
54,7,29.877682
54,8,29.972683
54,9,29.995304
55,0,0.0
55,1,9.298861
55,10,29.999416
55,11,29.999954
55,12,29.999998
55,13,30.0
55,14,30.0
55,15,30.0
55,16,30.0
55,17,30.0
55,18,30.0
55,19,30.0
55,2,17.269314
55,20,30.0
55,21,30.0
55,22,30.0
55,23,30.0
55,24,30.0
55,25,30.0
55,26,30.0
55,27,30.0
55,28,30.0
55,29,30.0
55,3,23.114311
55,4,26.767437
55,5,28.701445
55,6,29.561
55,7,29.877682
55,8,29.972685
55,9,29.995304
56,0,0.0
56,1,9.298861
56,10,29.999418
56,11,29.999952
56,12,29.999998
56,13,30.0
56,14,30.0
56,15,30.0
56,16,30.0
56,17,30.0
56,18,30.0
56,19,30.0
56,2,17.269314
56,20,30.0
56,21,30.0
56,22,30.0
56,23,30.0
56,24,30.0
56,25,30.0
56,26,30.0
56,27,30.0
56,28,30.0
56,29,30.0
56,3,23.114311
56,4,26.767435
56,5,28.701443
56,6,29.561
56,7,29.877682
56,8,29.972685
56,9,29.995304
57,0,0.0
57,1,9.298861
57,10,29.999416
57,11,29.999954
57,12,29.999998
57,13,30.0
57,14,30.0
57,15,30.0
57,16,30.0
57,17,30.0
57,18,30.0
57,19,30.0
57,2,17.269314
57,20,30.0
57,21,30.0
57,22,30.0
57,23,30.0
57,24,30.0
57,25,30.0
57,26,30.0
57,27,30.0
57,28,30.0
57,29,30.0
57,3,23.114311
57,4,26.767435
57,5,28.701443
57,6,29.561
57,7,29.877682
57,8,29.972683
57,9,29.995304
58,0,0.0
58,1,9.298861
58,10,29.999418
58,11,29.999954
58,12,29.999998
58,13,30.0
58,14,30.0
58,15,30.0
58,16,30.0
58,17,30.0
58,18,30.0
58,19,30.0
58,2,17.269314
58,20,30.0
58,21,30.0
58,22,30.0
58,23,30.0
58,24,30.0
58,25,30.0
58,26,30.0
58,27,30.0
58,28,30.0
58,29,30.0
58,3,23.114311
58,4,26.767435
58,5,28.701443
58,6,29.561
58,7,29.877682
58,8,29.972683
58,9,29.995304
59,0,0.0
59,1,9.298861
59,10,29.999416
59,11,29.999954
59,12,29.999998
59,13,30.0
59,14,30.0
59,15,30.0
59,16,30.0
59,17,30.0
59,18,30.0
59,19,30.0
59,2,17.269314
59,20,30.0
59,21,30.0
59,22,30.0
59,23,30.0
59,24,30.0
59,25,30.0
59,26,30.0
59,27,30.0
59,28,30.0
59,29,30.0
59,3,23.114311
59,4,26.767437
59,5,28.701445
59,6,29.561003
59,7,29.877682
59,8,29.972683
59,9,29.995304
6,0,0.0
6,1,9.141416
6,10,29.56042
6,11,29.560955
6,12,29.561
6,13,29.561003
6,14,29.561003
6,15,29.561
6,16,29.561003
6,17,29.561003
6,18,29.561003
6,19,29.561
6,2,16.98897
6,20,29.561003
6,21,29.561
6,22,29.561003
6,23,29.561829
6,24,29.564457
6,25,29.578362
6,26,29.611034
6,27,29.691027
6,28,29.821558
6,29,30.0
6,3,22.74384
6,4,26.35617
6,5,28.268581
6,6,29.123653
6,7,29.438683
6,8,29.533684
6,9,29.556307
60,0,0.0
60,1,9.298861
60,10,29.999416
60,11,29.999952
60,12,29.999998
60,13,30.0
60,14,30.0
60,15,30.0
60,16,30.0
60,17,30.0
60,18,30.0
60,19,30.0
60,2,17.269314
60,20,30.0
60,21,30.0
60,22,30.0
60,23,30.0
60,24,30.0
60,25,30.0
60,26,30.0
60,27,30.0
60,28,30.0
60,29,30.0
60,3,23.114311
60,4,26.767435
60,5,28.701443
60,6,29.561003
60,7,29.877682
60,8,29.972683
60,9,29.995304
61,0,0.0
61,1,9.298861
61,10,29.999418
61,11,29.999952
61,12,29.999998
61,13,30.0
61,14,30.0
61,15,30.0
61,16,30.0
61,17,30.0
61,18,30.0
61,19,30.0
61,2,17.269314
61,20,30.0
61,21,30.0
61,22,30.0
61,23,30.0
61,24,30.0
61,25,30.0
61,26,30.0
61,27,30.0
61,28,30.0
61,29,30.0
61,3,23.114311
61,4,26.767435
61,5,28.701443
61,6,29.561
61,7,29.877682
61,8,29.972683
61,9,29.995304
62,0,0.0
62,1,9.298861
62,10,29.999418
62,11,29.999954
62,12,29.999998
62,13,30.0
62,14,30.0
62,15,30.0
62,16,30.0
62,17,30.0
62,18,30.0
62,19,30.0
62,2,17.269314
62,20,30.0
62,21,30.0
62,22,30.0
62,23,30.0
62,24,30.0
62,25,30.0
62,26,30.0
62,27,30.0
62,28,30.0
62,29,30.0
62,3,23.114311
62,4,26.767435
62,5,28.701443
62,6,29.561003
62,7,29.877682
62,8,29.972683
62,9,29.995304
63,0,0.0
63,1,9.298861
63,10,29.999416
63,11,29.999952
63,12,29.999998
63,13,30.0
63,14,30.0
63,15,30.0
63,16,30.0
63,17,30.0
63,18,30.0
63,19,30.0
63,2,17.269314
63,20,30.0
63,21,30.0
63,22,30.0
63,23,30.0
63,24,30.0
63,25,30.0
63,26,30.0
63,27,30.0
63,28,30.0
63,29,30.0
63,3,23.114311
63,4,26.767435
63,5,28.701443
63,6,29.561
63,7,29.877682
63,8,29.972683
63,9,29.995304
64,0,0.0
64,1,9.298861
64,10,29.999418
64,11,29.999954
64,12,29.999998
64,13,30.0
64,14,30.0
64,15,30.0
64,16,30.0
64,17,30.0
64,18,30.0
64,19,30.0
64,2,17.269314
64,20,30.0
64,21,30.0
64,22,30.0
64,23,30.0
64,24,30.0
64,25,30.0
64,26,30.0
64,27,30.0
64,28,30.0
64,29,30.0
64,3,23.114311
64,4,26.767435
64,5,28.701443
64,6,29.561003
64,7,29.877682
64,8,29.972683
64,9,29.995304
65,0,0.0
65,1,9.298861
65,10,29.999416
65,11,29.999952
65,12,29.999998
65,13,30.0
65,14,30.0
65,15,30.0
65,16,30.0
65,17,30.0
65,18,30.0
65,19,30.0
65,2,17.269314
65,20,30.0
65,21,30.0
65,22,30.0
65,23,30.0
65,24,30.0
65,25,30.0
65,26,30.0
65,27,30.0
65,28,30.0
65,29,30.0
65,3,23.114311
65,4,26.767435
65,5,28.701443
65,6,29.561
65,7,29.877682
65,8,29.972683
65,9,29.995304
66,0,0.0
66,1,9.298861
66,10,29.999418
66,11,29.999954
66,12,29.999998
66,13,30.0
66,14,30.0
66,15,30.0
66,16,30.0
66,17,30.0
66,18,30.0
66,19,30.0
66,2,17.269314
66,20,30.0
66,21,30.0
66,22,30.0
66,23,30.0
66,24,30.0
66,25,30.0
66,26,30.0
66,27,30.0
66,28,30.0
66,29,30.0
66,3,23.114311
66,4,26.767435
66,5,28.701443
66,6,29.561003
66,7,29.877682
66,8,29.972683
66,9,29.995304
67,0,0.0
67,1,9.298861
67,10,29.999416
67,11,29.999952
67,12,29.999998
67,13,30.0
67,14,30.0
67,15,30.0
67,16,30.0
67,17,30.0
67,18,30.0
67,19,30.0
67,2,17.269314
67,20,30.0
67,21,30.0
67,22,30.0
67,23,30.0
67,24,30.0
67,25,30.0
67,26,30.0
67,27,30.0
67,28,30.0
67,29,30.0
67,3,23.114311
67,4,26.767435
67,5,28.701443
67,6,29.561
67,7,29.877682
67,8,29.972683
67,9,29.995304
68,0,0.0
68,1,9.298861
68,10,29.999418
68,11,29.999954
68,12,29.999998
68,13,30.0
68,14,30.0
68,15,30.0
68,16,30.0
68,17,30.0
68,18,30.0
68,19,30.0
68,2,17.269314
68,20,30.0
68,21,30.0
68,22,30.0
68,23,30.0
68,24,30.0
68,25,30.0
68,26,30.0
68,27,30.0
68,28,30.0
68,29,30.0
68,3,23.114311
68,4,26.767435
68,5,28.701443
68,6,29.561003
68,7,29.877682
68,8,29.972683
68,9,29.995304
69,0,0.0
69,1,9.298861
69,10,29.999416
69,11,29.999952
69,12,29.999998
69,13,30.0
69,14,30.0
69,15,30.0
69,16,30.0
69,17,30.0
69,18,30.0
69,19,30.0
69,2,17.269314
69,20,30.0
69,21,30.0
69,22,30.0
69,23,30.0
69,24,30.0
69,25,30.0
69,26,30.0
69,27,30.0
69,28,30.0
69,29,30.0
69,3,23.114311
69,4,26.767435
69,5,28.701443
69,6,29.561
69,7,29.877682
69,8,29.972683
69,9,29.995304
7,0,0.0
7,1,9.253925
7,10,29.877098
7,11,29.877634
7,12,29.877678
7,13,29.877682
7,14,29.877682
7,15,29.877682
7,16,29.877682
7,17,29.877682
7,18,29.877682
7,19,29.877682
7,2,17.18586
7,20,29.877682
7,21,29.877682
7,22,29.877682
7,23,29.877682
7,24,29.878506
7,25,29.880836
7,26,29.890938
7,27,29.911
7,28,29.94983
7,29,30.0
7,3,23.009773
7,4,26.64972
7,5,28.580538
7,6,29.438683
7,7,29.75536
7,8,29.850367
7,9,29.872986
70,0,0.0
70,1,9.298861
70,10,29.999416
70,11,29.999952
70,12,29.999998
70,13,30.0
70,14,30.0
70,15,30.0
70,16,30.0
70,17,30.0
70,18,30.0
70,19,30.0
70,2,17.269314
70,20,30.0
70,21,30.0
70,22,30.0
70,23,30.0
70,24,30.0
70,25,30.0
70,26,30.0
70,27,30.0
70,28,30.0
70,29,30.0
70,3,23.114311
70,4,26.767435
70,5,28.701443
70,6,29.561
70,7,29.877682
70,8,29.972683
70,9,29.995304
71,0,0.0
71,1,9.298861
71,10,29.999416
71,11,29.999954
71,12,29.999998
71,13,30.0
71,14,30.0
71,15,30.0
71,16,30.0
71,17,30.0
71,18,30.0
71,19,30.0
71,2,17.269314
71,20,30.0
71,21,30.0
71,22,30.0
71,23,30.0
71,24,30.0
71,25,30.0
71,26,30.0
71,27,30.0
71,28,30.0
71,29,30.0
71,3,23.114311
71,4,26.767435
71,5,28.701443
71,6,29.561
71,7,29.877682
71,8,29.972683
71,9,29.995304
72,0,0.0
72,1,9.298861
72,10,29.999416
72,11,29.999954
72,12,29.999998
72,13,30.0
72,14,30.0
72,15,30.0
72,16,30.0
72,17,30.0
72,18,30.0
72,19,30.0
72,2,17.269314
72,20,30.0
72,21,30.0
72,22,30.0
72,23,30.0
72,24,30.0
72,25,30.0
72,26,30.0
72,27,30.0
72,28,30.0
72,29,30.0
72,3,23.114311
72,4,26.767435
72,5,28.701443
72,6,29.561
72,7,29.877682
72,8,29.972685
72,9,29.995304
73,0,0.0
73,1,9.298861
73,10,29.999416
73,11,29.999954
73,12,29.999998
73,13,30.0
73,14,30.0
73,15,30.0
73,16,30.0
73,17,30.0
73,18,30.0
73,19,30.0
73,2,17.269314
73,20,30.0
73,21,30.0
73,22,30.0
73,23,30.0
73,24,30.0
73,25,30.0
73,26,30.0
73,27,30.0
73,28,30.0
73,29,30.0
73,3,23.114311
73,4,26.767435
73,5,28.701443
73,6,29.561
73,7,29.877682
73,8,29.972683
73,9,29.995304
74,0,0.0
74,1,9.298861
74,10,29.999418
74,11,29.999954
74,12,29.999998
74,13,30.0
74,14,30.0
74,15,30.0
74,16,30.0
74,17,30.0
74,18,30.0
74,19,30.0
74,2,17.269314
74,20,30.0
74,21,30.0
74,22,30.0
74,23,30.0
74,24,30.0
74,25,30.0
74,26,30.0
74,27,30.0
74,28,30.0
74,29,30.0
74,3,23.114311
74,4,26.767435
74,5,28.701443
74,6,29.561
74,7,29.877682
74,8,29.972683
74,9,29.995304
75,0,0.0
75,1,9.298861
75,10,29.999416
75,11,29.999954
75,12,29.999998
75,13,30.0
75,14,30.0
75,15,30.0
75,16,30.0
75,17,30.0
75,18,30.0
75,19,30.0
75,2,17.269314
75,20,30.0
75,21,30.0
75,22,30.0
75,23,30.0
75,24,30.0
75,25,30.0
75,26,30.0
75,27,30.0
75,28,30.0
75,29,30.0
75,3,23.114311
75,4,26.767435
75,5,28.701443
75,6,29.561
75,7,29.877682
75,8,29.972683
75,9,29.995304
76,0,0.0
76,1,9.298861
76,10,29.999418
76,11,29.999954
76,12,29.999998
76,13,30.0
76,14,30.0
76,15,30.0
76,16,30.0
76,17,30.0
76,18,30.0
76,19,30.0
76,2,17.269314
76,20,30.0
76,21,30.0
76,22,30.0
76,23,30.0
76,24,30.0
76,25,30.0
76,26,30.0
76,27,30.0
76,28,30.0
76,29,30.0
76,3,23.114311
76,4,26.767435
76,5,28.701445
76,6,29.561
76,7,29.877682
76,8,29.972683
76,9,29.995304
77,0,0.0
77,1,9.298861
77,10,29.999418
77,11,29.999954
77,12,29.999998
77,13,30.0
77,14,30.0
77,15,30.0
77,16,30.0
77,17,30.0
77,18,30.0
77,19,30.0
77,2,17.269314
77,20,30.0
77,21,30.0
77,22,30.0
77,23,30.0
77,24,30.0
77,25,30.0
77,26,30.0
77,27,30.0
77,28,30.0
77,29,30.0
77,3,23.114311
77,4,26.767435
77,5,28.701443
77,6,29.561003
77,7,29.877682
77,8,29.972683
77,9,29.995304
78,0,0.0
78,1,9.298861
78,10,29.999418
78,11,29.999954
78,12,29.999998
78,13,30.0
78,14,30.0
78,15,30.0
78,16,30.0
78,17,30.0
78,18,30.0
78,19,30.0
78,2,17.269314
78,20,30.0
78,21,30.0
78,22,30.0
78,23,30.0
78,24,30.0
78,25,30.0
78,26,30.0
78,27,30.0
78,28,30.0
78,29,30.0
78,3,23.114311
78,4,26.767435
78,5,28.701443
78,6,29.561
78,7,29.877682
78,8,29.972683
78,9,29.995304
79,0,0.0
79,1,9.298861
79,10,29.999416
79,11,29.999954
79,12,29.999998
79,13,30.0
79,14,30.0
79,15,30.0
79,16,30.0
79,17,30.0
79,18,30.0
79,19,30.0
79,2,17.269314
79,20,30.0
79,21,30.0
79,22,30.0
79,23,30.0
79,24,30.0
79,25,30.0
79,26,30.0
79,27,30.0
79,28,30.0
79,29,30.0
79,3,23.114311
79,4,26.767435
79,5,28.701445
79,6,29.561003
79,7,29.877682
79,8,29.972685
79,9,29.995304
8,0,0.0
8,1,9.287678
8,10,29.9721
8,11,29.972637
8,12,29.972683
8,13,29.972685
8,14,29.972685
8,15,29.972685
8,16,29.972685
8,17,29.972683
8,18,29.972685
8,19,29.972685
8,2,17.250298
8,20,29.972683
8,21,29.972685
8,22,29.972685
8,23,29.972683
8,24,29.972685
8,25,29.973274
8,26,29.974724
8,27,29.97976
8,28,29.987999
8,29,30.0
8,3,23.089554
8,4,26.741005
8,5,28.674128
8,6,29.533684
8,7,29.850365
8,8,29.945368
8,9,29.967989
80,0,0.0
80,1,9.298861
80,10,29.999416
80,11,29.999954
80,12,29.999998
80,13,30.0
80,14,30.0
80,15,30.0
80,16,30.0
80,17,30.0
80,18,30.0
80,19,30.0
80,2,17.269314
80,20,30.0
80,21,30.0
80,22,30.0
80,23,30.0
80,24,30.0
80,25,30.0
80,26,30.0
80,27,30.0
80,28,30.0
80,29,30.0
80,3,23.114311
80,4,26.767435
80,5,28.701443
80,6,29.561
80,7,29.877682
80,8,29.972683
80,9,29.995304
81,0,0.0
81,1,9.298861
81,10,29.999416
81,11,29.999954
81,12,29.999998
81,13,30.0
81,14,30.0
81,15,30.0
81,16,30.0
81,17,30.0
81,18,30.0
81,19,30.0
81,2,17.269314
81,20,30.0
81,21,30.0
81,22,30.0
81,23,30.0
81,24,30.0
81,25,30.0
81,26,30.0
81,27,30.0
81,28,30.0
81,29,30.0
81,3,23.114311
81,4,26.767435
81,5,28.701443
81,6,29.561
81,7,29.877682
81,8,29.972685
81,9,29.995304
82,0,0.0
82,1,9.298861
82,10,29.999416
82,11,29.999952
82,12,29.999998
82,13,30.0
82,14,30.0
82,15,30.0
82,16,30.0
82,17,30.0
82,18,30.0
82,19,30.0
82,2,17.269314
82,20,30.0
82,21,30.0
82,22,30.0
82,23,30.0
82,24,30.0
82,25,30.0
82,26,30.0
82,27,30.0
82,28,30.0
82,29,30.0
82,3,23.114311
82,4,26.767435
82,5,28.701443
82,6,29.561
82,7,29.877682
82,8,29.972685
82,9,29.995304
83,0,0.0
83,1,9.298861
83,10,29.999416
83,11,29.999954
83,12,29.999998
83,13,30.0
83,14,30.0
83,15,30.0
83,16,30.0
83,17,30.0
83,18,30.0
83,19,30.0
83,2,17.269314
83,20,30.0
83,21,30.0
83,22,30.0
83,23,30.0
83,24,30.0
83,25,30.0
83,26,30.0
83,27,30.0
83,28,30.0
83,29,30.0
83,3,23.114311
83,4,26.767435
83,5,28.701443
83,6,29.561
83,7,29.877682
83,8,29.972685
83,9,29.995304
84,0,0.0
84,1,9.298861
84,10,29.999418
84,11,29.999952
84,12,29.999998
84,13,30.0
84,14,30.0
84,15,30.0
84,16,30.0
84,17,30.0
84,18,30.0
84,19,30.0
84,2,17.269314
84,20,30.0
84,21,30.0
84,22,30.0
84,23,30.0
84,24,30.0
84,25,30.0
84,26,30.0
84,27,30.0
84,28,30.0
84,29,30.0
84,3,23.114311
84,4,26.767435
84,5,28.701443
84,6,29.561
84,7,29.877682
84,8,29.972683
84,9,29.995304
85,0,0.0
85,1,9.298861
85,10,29.999416
85,11,29.999954
85,12,29.999998
85,13,30.0
85,14,30.0
85,15,30.0
85,16,30.0
85,17,30.0
85,18,30.0
85,19,30.0
85,2,17.269314
85,20,30.0
85,21,30.0
85,22,30.0
85,23,30.0
85,24,30.0
85,25,30.0
85,26,30.0
85,27,30.0
85,28,30.0
85,29,30.0
85,3,23.114311
85,4,26.767435
85,5,28.701443
85,6,29.561
85,7,29.877682
85,8,29.972683
85,9,29.995304
86,0,0.0
86,1,9.298861
86,10,29.999418
86,11,29.999954
86,12,29.999998
86,13,30.0
86,14,30.0
86,15,30.0
86,16,30.0
86,17,30.0
86,18,30.0
86,19,30.0
86,2,17.269314
86,20,30.0
86,21,30.0
86,22,30.0
86,23,30.0
86,24,30.0
86,25,30.0
86,26,30.0
86,27,30.0
86,28,30.0
86,29,30.0
86,3,23.114311
86,4,26.767435
86,5,28.701443
86,6,29.561
86,7,29.877682
86,8,29.972683
86,9,29.995304
87,0,0.0
87,1,9.298865
87,10,29.999422
87,11,29.999958
87,12,30.000002
87,13,30.000004
87,14,30.000004
87,15,30.000004
87,16,30.000004
87,17,30.000004
87,18,30.000004
87,19,30.000004
87,2,17.269318
87,20,30.000004
87,21,30.000004
87,22,30.000004
87,23,30.000004
87,24,30.000004
87,25,30.000004
87,26,30.000004
87,27,30.000004
87,28,30.000004
87,29,30.0
87,3,23.114315
87,4,26.767439
87,5,28.701448
87,6,29.561005
87,7,29.877686
87,8,29.97269
87,9,29.995308
88,0,0.0
88,1,9.298925
88,10,29.999527
88,11,30.000063
88,12,30.000107
88,13,30.000109
88,14,30.000109
88,15,30.000109
88,16,30.000107
88,17,30.000109
88,18,30.000109
88,19,30.000109
88,2,17.269423
88,20,30.000109
88,21,30.000109
88,22,30.000109
88,23,30.000107
88,24,30.000107
88,25,30.000109
88,26,30.000109
88,27,30.000107
88,28,30.000061
88,29,30.0
88,3,23.11442
88,4,26.767544
88,5,28.70155
88,6,29.561111
88,7,29.877789
88,8,29.972794
88,9,29.995415
89,0,0.0
89,1,9.299606
89,10,30.000776
89,11,30.001312
89,12,30.001358
89,13,30.001362
89,14,30.001362
89,15,30.00136
89,16,30.00136
89,17,30.001362
89,18,30.001362
89,19,30.001362
89,2,17.270464
89,20,30.001362
89,21,30.001362
89,22,30.001362
89,23,30.00136
89,24,30.001362
89,25,30.001358
89,26,30.001358
89,27,30.001133
89,28,30.000734
89,29,30.0
89,3,23.115673
89,4,26.768795
89,5,28.702803
89,6,29.562363
89,7,29.87904
89,8,29.974047
89,9,29.996666
9,0,0.0
9,1,9.296884
9,10,29.994722
9,11,29.995258
9,12,29.995304
9,13,29.995304
9,14,29.995304
9,15,29.995304
9,16,29.995304
9,17,29.995304
9,18,29.995304
9,19,29.995304
9,2,17.26564
9,20,29.995304
9,21,29.995304
9,22,29.995304
9,23,29.995304
9,24,29.995304
9,25,29.995304
9,26,29.995598
9,27,29.996216
9,28,29.99786
9,29,30.0
9,3,23.11001
9,4,26.76274
9,5,28.696747
9,6,29.556305
9,7,29.872986
9,8,29.967987
9,9,29.990608
90,0,0.0
90,1,9.304024
90,10,30.010374
90,11,30.01091
90,12,30.010956
90,13,30.010956
90,14,30.010956
90,15,30.010956
90,16,30.010956
90,17,30.010956
90,18,30.010958
90,19,30.010956
90,2,17.278252
90,20,30.010958
90,21,30.010956
90,22,30.010958
90,23,30.010956
90,24,30.010956
90,25,30.010956
90,26,30.01027
90,27,30.008827
90,28,30.004997
90,29,30.0
90,3,23.124678
90,4,26.778393
90,5,28.712402
90,6,29.571959
90,7,29.888638
90,8,29.983643
90,9,30.00626
91,0,0.0
91,1,9.327684
91,10,30.063152
91,11,30.06369
91,12,30.063734
91,13,30.063736
91,14,30.063736
91,15,30.063736
91,16,30.063736
91,17,30.063736
91,18,30.063736
91,19,30.063736
91,2,17.31777
91,20,30.063736
91,21,30.063736
91,22,30.063736
91,23,30.063736
91,24,30.063736
91,25,30.062359
91,26,30.058979
91,27,30.047232
91,28,30.028004
91,29,30.0
91,3,23.17381
91,4,26.830091
91,5,28.765179
91,6,29.624739
91,7,29.941418
91,8,30.036419
91,9,30.05904
92,0,0.0
92,1,9.421164
92,10,30.284828
92,11,30.285364
92,12,30.285412
92,13,30.285412
92,14,30.285412
92,15,30.285412
92,16,30.285412
92,17,30.285412
92,18,30.285412
92,19,30.285412
92,2,17.482525
92,20,30.285412
92,21,30.285412
92,22,30.285412
92,23,30.285412
92,24,30.283484
92,25,30.278051
92,26,30.254482
92,27,30.207664
92,28,30.117065
92,29,30.0
92,3,23.373322
92,4,27.046936
92,5,28.985518
92,6,29.846415
92,7,30.163094
92,8,30.258095
92,9,30.280716
93,0,0.0
93,1,9.736221
93,10,31.023746
93,11,31.024284
93,12,31.024328
93,13,31.02433
93,14,31.02433
93,15,31.02433
93,16,31.02433
93,17,31.024332
93,18,31.02433
93,19,31.02433
93,2,18.018883
93,20,31.024332
93,21,31.02433
93,22,31.024332
93,23,31.022404
93,24,31.01627
93,25,30.983826
93,26,30.907589
93,27,30.72094
93,28,30.416365
93,29,30.0
93,3,24.040398
93,4,27.761637
93,5,29.720394
93,6,30.58423
93,7,30.902012
93,8,30.997015
93,9,31.019634
94,0,0.0
94,1,10.604763
94,10,33.02938
94,11,33.029922
94,12,33.02997
94,13,33.02997
94,14,33.02997
94,15,33.02997
94,16,33.02997
94,17,33.02997
94,18,33.02997
94,19,33.02997
94,2,19.511276
94,20,33.02997
94,21,33.02997
94,22,33.02859
94,23,33.023712
94,24,32.992516
94,25,32.907585
94,26,32.65199
94,27,32.13971
94,28,31.221235
94,29,30.0
94,3,25.846088
94,4,29.713089
94,5,31.71001
94,6,32.588165
94,7,32.907097
94,8,33.00265
94,9,33.02527
95,0,0.0
95,1,12.726202
95,10,37.54207
95,11,37.542603
95,12,37.54265
95,13,37.54265
95,14,37.54265
95,15,37.54265
95,16,37.54265
95,17,37.54265
95,18,37.54265
95,19,37.54265
95,2,22.99501
95,20,37.54265
95,21,37.54196
95,22,37.53927
95,23,37.51844
95,24,37.45382
95,25,37.218536
95,26,36.654804
95,27,35.37574
95,28,33.14925
95,29,30.0
95,3,30.020199
95,4,34.124878
95,5,36.207714
95,6,37.0968
95,7,37.42011
95,8,37.515236
95,9,37.537956
96,0,0.0
96,1,17.347229
96,10,46.066025
96,11,46.06656
96,12,46.066605
96,13,46.066605
96,14,46.06661
96,15,46.06661
96,16,46.06661
96,17,46.066605
96,18,46.066605
96,19,46.066605
96,2,30.194902
96,20,46.066376
96,21,46.065395
96,22,46.056046
96,23,46.02345
96,24,45.880436
96,25,45.480743
96,26,44.36572
96,27,41.921883
96,28,37.18138
96,29,30.0
96,3,38.20898
96,4,42.62869
96,5,44.743874
96,6,45.634483
96,7,45.946983
96,8,46.040123
96,9,46.061974
97,0,0.0
97,1,27.050047
97,10,59.704407
97,11,59.704887
97,12,59.704933
97,13,59.70494
97,14,59.70494
97,15,59.704933
97,16,59.704933
97,17,59.704937
97,18,59.704937
97,19,59.704887
97,2,43.45193
97,20,59.704678
97,21,59.702076
97,22,59.691994
97,23,59.63813
97,24,59.466347
97,25,58.888363
97,26,57.362957
97,27,53.540886
97,28,45.249214
97,29,30.0
97,3,52.25358
97,4,56.584476
97,5,58.549328
97,6,59.32916
97,7,59.602997
97,8,59.68183
97,9,59.700893
98,0,0.0
98,1,48.109837
98,10,78.30232
98,11,78.30263
98,12,78.30266
98,13,78.30266
98,14,78.30266
98,15,78.30266
98,16,78.30266
98,17,78.30265
98,18,78.30266
98,19,78.30263
98,2,65.929344
98,20,78.30228
98,21,78.30075
98,22,78.290436
98,23,78.25367
98,24,78.1051
98,25,77.65378
98,26,76.27969
98,27,72.46472
98,28,61.692215
98,29,30.0
98,3,73.20196
98,4,76.30409
98,5,77.58172
98,6,78.075226
98,7,78.24027
98,8,78.28875
98,9,78.30013
99,0,0.0
99,1,100.0
99,10,100.0
99,11,100.0
99,12,100.0
99,13,100.0
99,14,100.0
99,15,100.0
99,16,100.0
99,17,100.0
99,18,100.0
99,19,100.0
99,2,100.0
99,20,100.0
99,21,100.0
99,22,100.0
99,23,100.0
99,24,100.0
99,25,100.0
99,26,100.0
99,27,100.0
99,28,100.0
99,29,30.0
99,3,100.0
99,4,100.0
99,5,100.0
99,6,100.0
99,7,100.0
99,8,100.0
99,9,100.0
