0,0,0.0
0,1,0.0
0,10,0.0
0,11,0.0
0,12,0.0
0,13,0.0
0,14,0.0
0,15,30.0
0,2,0.0
0,3,0.0
0,4,0.0
0,5,0.0
0,6,0.0
0,7,0.0
0,8,0.0
0,9,0.0
1,0,0.0
1,1,0.62789047
1,10,5.1341205
1,11,5.9082155
1,12,7.2056255
1,13,9.715336
1,14,15.331336
1,15,30.0
1,2,1.2401309
1,3,1.8230137
1,4,2.3664055
1,5,2.8653708
1,6,3.3214254
1,7,3.7445328
1,8,4.1561103
1,9,4.595545
10,0,0.0
10,1,11.054381
10,10,49.134193
10,11,47.550186
10,12,44.811237
10,13,40.862167
10,14,35.79521
10,15,30.0
10,2,21.065285
10,3,29.482815
10,4,36.199196
10,5,41.339615
10,6,45.101135
10,7,47.665344
10,8,49.16102
10,9,49.651516
11,0,0.0
11,1,14.484213
11,10,56.780144
11,11,54.677773
11,12,51.087193
11,13,45.74814
11,14,38.56582
11,15,30.0
11,2,26.999084
11,3,36.901894
11,4,44.35553
11,5,49.77744
11,6,53.57187
11,7,56.041298
11,8,57.37024
11,9,57.62937
12,0,0.0
12,1,19.889484
12,10,65.71239
12,11,63.32298
12,12,59.135174
12,13,52.494095
12,14,42.728447
12,15,30.0
12,2,35.557175
12,3,46.788002
12,4,54.567005
12,5,59.870735
12,6,63.39957
12,7,65.59233
12,8,66.68506
12,9,66.75113
13,0,0.0
13,1,29.521896
13,10,76.02364
13,11,73.79132
13,12,69.65653
13,13,62.37861
13,14,49.86116
13,15,30.0
13,2,48.562614
13,3,60.141483
13,4,67.2738
13,5,71.76309
13,6,74.590675
13,7,76.27298
13,8,77.05713
13,9,77.00777
14,0,0.0
14,1,49.639374
14,10,87.603546
14,11,86.18022
14,12,83.335495
14,13,77.51289
14,14,64.34282
14,15,30.0
14,2,69.0377
14,3,77.95288
14,4,82.63843
14,5,85.33481
14,6,86.947075
14,7,87.87341
14,8,88.284996
14,9,88.22119
15,0,0.0
15,1,100.0
15,10,100.0
15,11,100.0
15,12,100.0
15,13,100.0
15,14,100.0
15,15,30.0
15,2,100.0
15,3,100.0
15,4,100.0
15,5,100.0
15,6,100.0
15,7,100.0
15,8,100.0
15,9,100.0
2,0,0.0
2,1,1.271213
2,10,10.034033
2,11,11.294474
2,12,13.200131
2,13,16.325296
2,14,21.610483
2,15,30.0
2,2,2.5093021
2,3,3.6850777
2,4,4.7769537
2,5,5.773472
2,6,6.675991
2,7,7.5010767
2,8,8.285233
2,9,9.093092
3,0,0.0
3,1,1.9474459
3,10,14.617657
3,11,16.038633
3,12,17.977926
3,13,20.777254
3,14,24.786407
3,15,30.0
3,2,3.8403323
3,3,5.630754
3,4,7.2826514
3,5,8.776001
3,6,10.108899
3,7,11.300288
3,8,12.393007
3,9,13.4604645
4,0,0.0
4,1,2.6781797
4,10,18.943502
4,11,20.27031
4,12,21.900589
4,13,24.023066
4,14,26.759785
4,15,30.0
4,2,5.2740126
4,3,7.7152834
4,4,9.948074
4,5,11.940792
4,6,13.686392
4,7,15.202195
4,8,16.531141
4,9,17.743889
5,0,0.0
5,1,3.491881
5,10,23.152271
5,11,24.20782
5,12,25.339046
5,13,26.660301
5,14,28.232712
5,15,30.0
5,2,6.863417
5,3,10.010627
5,4,12.856827
5,5,15.3576975
5,6,17.499998
5,7,19.298977
5,8,20.794647
5,9,22.050386
6,0,0.0
6,1,4.427342
6,10,27.422432
6,11,28.083614
6,12,28.598911
6,13,29.05474
6,14,29.515038
6,15,30.0
6,2,8.680337
6,3,12.611709
6,4,16.11797
6,5,19.142092
6,6,21.668285
6,7,23.712166
6,8,25.312737
6,9,26.526125
7,0,0.0
7,1,5.539853
7,10,31.94867
7,11,32.124023
7,12,31.933897
7,13,31.455698
7,14,30.778517
7,15,30.0
7,2,10.824124
7,3,15.646284
7,4,19.872295
7,5,23.438759
7,6,26.335754
7,7,28.58806
7,8,30.238937
7,9,31.340397
8,0,0.0
8,1,6.9117785
8,10,36.93425
8,11,36.553844
8,12,35.576294
8,13,34.06955
8,14,32.150444
8,15,30.0
8,2,13.43798
8,3,19.28868
8,4,24.302116
8,5,28.42434
8,6,31.670988
8,7,34.090992
8,8,35.741875
8,9,36.67563
9,0,0.0
9,1,8.674406
9,10,42.59039
9,11,41.60861
9,12,39.770798
9,13,37.111744
9,14,33.7621
9,15,30.0
9,2,16.737339
9,3,23.783596
9,4,29.642963
9,5,34.310047
9,6,37.86109
9,7,40.39431
9,8,41.994877
9,9,42.718933
