0,0,0.0
0,1,0.0
0,10,0.0
0,11,0.0
0,12,0.0
0,13,0.0
0,14,0.0
0,15,30.0
0,2,0.0
0,3,0.0
0,4,0.0
0,5,0.0
0,6,0.0
0,7,0.0
0,8,0.0
0,9,0.0
1,0,0.0
1,1,0.6356873
1,10,5.176549
1,11,5.945599
1,12,7.2358255
1,13,9.736566
1,14,15.34229
1,15,30.0
1,2,1.2555969
1,3,1.8458314
1,4,2.396076
1,5,2.9010746
1,6,3.3620577
1,7,3.7885933
1,8,4.201789
1,9,4.640733
10,0,0.0
10,1,11.11997
10,10,49.44879
10,11,47.82417
10,12,45.030624
10,13,41.01532
10,14,35.873947
10,15,30.0
10,2,21.194424
10,3,29.671461
10,4,36.441044
10,5,41.62622
10,6,45.421745
10,7,48.00719
10,8,49.509594
10,9,49.99112
11,0,0.0
11,1,14.543739
11,10,57.063633
11,11,54.924534
11,12,51.284615
11,13,45.88595
11,14,38.63662
11,15,30.0
11,2,27.116283
11,3,37.07295
11,4,44.574715
11,5,50.03691
11,6,53.861885
11,7,56.350204
11,8,57.68491
11,9,57.935696
12,0,0.0
12,1,19.938705
12,10,65.9455
12,11,63.52575
12,12,59.297367
12,13,52.607246
12,14,42.78659
12,15,30.0
12,2,35.65403
12,3,46.92933
12,4,54.747963
12,5,60.084846
12,6,63.638687
12,7,65.84685
12,8,66.94414
12,9,67.003136
13,0,0.0
13,1,29.557053
13,10,76.18953
13,11,73.935585
13,12,69.771866
13,13,62.459076
13,14,49.90249
13,15,30.0
13,2,48.6318
13,3,60.242386
13,4,67.40297
13,5,71.915825
13,6,74.761185
13,7,76.45438
13,8,77.24168
13,9,77.18721
14,0,0.0
14,1,49.657696
14,10,87.689804
14,11,86.25521
14,12,83.39545
14,13,77.5547
14,14,64.364296
14,15,30.0
14,2,69.07374
14,3,78.005455
14,4,82.70569
14,5,85.41434
14,6,87.03583
14,7,87.9678
14,8,88.38099
14,9,88.3145
15,0,0.0
15,1,100.0
15,10,100.0
15,11,100.0
15,12,100.0
15,13,100.0
15,14,100.0
15,15,30.0
15,2,100.0
15,3,100.0
15,4,100.0
15,5,100.0
15,6,100.0
15,7,100.0
15,8,100.0
15,9,100.0
2,0,0.0
2,1,1.287153
2,10,10.119865
2,11,11.370025
2,12,13.261139
2,13,16.368149
2,14,21.632595
2,15,30.0
2,2,2.5408697
2,3,3.7316546
2,4,4.8374004
2,5,5.8461666
2,6,6.7585654
2,7,7.5905294
2,8,8.377833
2,9,9.184597
3,0,0.0
3,1,1.9720558
3,10,14.748298
3,11,16.153498
3,12,18.070562
3,13,20.842297
3,14,24.819942
3,15,30.0
3,2,3.889078
3,3,5.7025204
3,4,7.3757076
3,5,8.887632
3,6,10.235511
3,7,11.437132
3,8,12.534423
3,9,13.59996
4,0,0.0
4,1,2.7119942
4,10,19.119871
4,11,20.425114
4,12,22.025322
4,13,24.110535
4,14,26.804876
4,15,30.0
4,2,5.340868
4,3,7.8136444
4,4,10.075285
4,5,12.093151
4,6,13.858724
4,7,15.388073
4,8,16.722773
4,9,17.932533
5,0,0.0
5,1,3.5350547
5,10,23.373545
5,11,24.401772
5,12,25.495075
5,13,26.769657
5,14,28.289032
5,15,30.0
5,2,6.94876
5,3,10.135912
5,4,13.018642
5,5,15.550973
5,6,17.718168
5,7,19.53367
5,8,21.036072
5,9,22.287542
6,0,0.0
6,1,4.4794664
6,10,27.685013
6,11,28.313354
6,12,28.783562
6,13,29.183994
6,14,29.581596
6,15,30.0
6,2,8.783212
6,3,12.762608
6,4,16.312408
6,5,19.373938
6,6,21.929317
6,7,23.992376
6,8,25.60032
6,9,26.808027
7,0,0.0
7,1,5.599601
7,10,32.24512
7,11,32.3831
7,12,32.14182
7,13,31.601173
7,14,30.853363
7,15,30.0
7,2,10.942019
7,3,15.818905
7,4,20.094458
7,5,23.703064
7,6,26.6328
7,7,28.906214
7,8,30.564816
7,9,31.659256
8,0,0.0
8,1,6.97692
8,10,37.25314
8,11,36.832104
8,12,35.799458
8,13,34.225517
8,14,32.230682
8,15,30.0
8,2,13.566365
8,3,19.476542
8,4,24.543465
8,5,28.711079
8,6,31.992609
8,7,34.434883
8,8,36.093483
8,9,37.019066
9,0,0.0
9,1,8.741718
9,10,42.916264
9,11,41.89273
9,12,39.998394
9,13,37.270767
9,14,33.84385
9,15,30.0
9,2,16.869986
9,3,23.977444
9,4,29.89178
9,5,34.605194
9,6,38.191692
9,7,40.74723
9,8,42.355175
9,9,43.070404
