0,0,0.0
0,1,0.0
0,10,0.0
0,11,0.0
0,12,0.0
0,13,0.0
0,14,0.0
0,15,30.0
0,2,0.0
0,3,0.0
0,4,0.0
0,5,0.0
0,6,0.0
0,7,0.0
0,8,0.0
0,9,0.0
1,0,0.0
1,1,0.63545907
1,10,5.1755977
1,11,5.9447827
1,12,7.235181
1,13,9.736119
1,14,15.342062
1,15,30.0
1,2,1.2551506
1,3,1.8451861
1,4,2.3952603
1,5,2.9001236
1,6,3.3610134
1,7,3.7875013
1,8,4.200697
1,9,4.6396885
10,0,0.0
10,1,11.119018
10,10,49.444824
10,11,47.820766
10,12,45.02793
10,13,41.01346
10,14,35.872997
10,15,30.0
10,2,21.192562
10,3,29.66877
10,4,36.43764
10,5,41.622257
10,6,45.41739
10,7,48.00264
10,8,49.505043
10,9,49.98677
11,0,0.0
11,1,14.542921
11,10,57.060234
11,11,54.92162
11,12,51.282314
11,13,45.884354
11,14,38.635807
11,15,30.0
11,2,27.114685
11,3,37.070633
11,4,44.571793
11,5,50.033512
11,6,53.858147
11,7,56.3463
11,8,57.681
11,9,57.931957
12,0,0.0
12,1,19.938057
12,10,65.94282
12,11,63.523445
12,12,59.295547
12,13,52.605988
12,14,42.785946
12,15,30.0
12,2,35.652763
12,3,46.927498
12,4,54.74565
12,5,60.082153
12,6,63.635735
12,7,65.84375
12,8,66.94105
12,9,67.00018
13,0,0.0
13,1,29.556602
13,10,76.18767
13,11,73.93399
13,12,69.77061
13,13,62.458206
13,14,49.902042
13,15,30.0
13,2,48.630924
13,3,60.241123
13,4,67.40137
13,5,71.91397
13,6,74.75913
13,7,76.45224
13,8,77.23954
13,9,77.185165
14,0,0.0
14,1,49.657467
14,10,87.68886
14,11,86.254395
14,12,83.394806
14,13,77.55426
14,14,64.364075
14,15,30.0
14,2,69.07329
14,3,78.00481
14,4,82.70487
14,5,85.41339
14,6,87.03478
14,7,87.966705
14,8,88.3799
14,9,88.31346
15,0,0.0
15,1,100.0
15,10,100.0
15,11,100.0
15,12,100.0
15,13,100.0
15,14,100.0
15,15,30.0
15,2,100.0
15,3,100.0
15,4,100.0
15,5,100.0
15,6,100.0
15,7,100.0
15,8,100.0
15,9,100.0
2,0,0.0
2,1,1.2867066
2,10,10.118004
2,11,11.368428
2,12,13.259876
2,13,16.367275
2,14,21.632149
2,15,30.0
2,2,2.5399964
2,3,3.7303927
2,4,4.835804
2,5,5.844307
2,6,6.756522
2,7,7.588393
2,8,8.375696
2,9,9.182553
3,0,0.0
3,1,1.9714104
3,10,14.745607
3,11,16.15119
3,12,18.068739
3,13,20.841034
3,14,24.819298
3,15,30.0
3,2,3.8878155
3,3,5.700696
3,4,7.3734016
3,5,8.884944
3,6,10.232559
3,7,11.434044
3,8,12.531336
3,9,13.597007
4,0,0.0
4,1,2.711178
4,10,19.11647
4,11,20.422195
4,12,22.023012
4,13,24.108942
4,14,26.80406
4,15,30.0
4,2,5.339272
4,3,7.8113375
4,4,10.072368
4,5,12.089752
4,6,13.85499
4,7,15.384169
4,8,16.718868
4,9,17.9288
5,0,0.0
5,1,3.5341034
5,10,23.369583
5,11,24.398369
5,12,25.492386
5,13,26.767796
5,14,28.28808
5,15,30.0
5,2,6.9469
5,3,10.133224
5,4,13.015244
5,5,15.547011
5,6,17.713818
5,7,19.52912
5,8,21.031523
5,9,22.283192
6,0,0.0
6,1,4.4784217
6,10,27.680658
6,11,28.309622
6,12,28.780605
6,13,29.181952
6,14,29.580551
6,15,30.0
6,2,8.781168
6,3,12.759655
6,4,16.308676
6,5,19.369587
6,6,21.924538
6,7,23.98738
6,8,25.595322
6,9,26.80325
7,0,0.0
7,1,5.598508
7,10,32.24057
7,11,32.379192
7,12,32.13873
7,13,31.599037
7,14,30.852268
7,15,30.0
7,2,10.939882
7,3,15.815816
7,4,20.090553
7,5,23.698515
7,6,26.6278
7,7,28.900986
7,8,30.559587
7,9,31.654253
8,0,0.0
8,1,6.9758277
8,10,37.24858
8,11,36.828194
8,12,35.796368
8,13,34.22338
8,14,32.229588
8,15,30.0
8,2,13.564228
8,3,19.473452
8,4,24.539557
8,5,28.706528
8,6,31.98761
8,7,34.429657
8,8,36.08825
8,9,37.01407
9,0,0.0
9,1,8.740673
9,10,42.91191
9,11,41.888992
9,12,39.995438
9,13,37.268723
9,14,33.842804
9,15,30.0
9,2,16.86794
9,3,23.974485
9,4,29.888046
9,5,34.600834
9,6,38.186913
9,7,40.742233
9,8,42.350174
9,9,43.06562
