0,0,0.0
0,1,0.0
0,10,0.0
0,11,0.0
0,12,0.0
0,13,0.0
0,14,0.0
0,15,30.0
0,2,0.0
0,3,0.0
0,4,0.0
0,5,0.0
0,6,0.0
0,7,0.0
0,8,0.0
0,9,0.0
1,0,0.0
1,1,0.62796813
1,10,5.139296
1,11,5.9131317
1,12,7.209821
1,13,9.7184
1,14,15.3329525
1,15,30.0
1,2,1.2403867
1,3,1.8236119
1,4,2.3675628
1,5,2.8672693
1,6,3.3242044
1,7,3.7482052
1,8,4.160571
1,9,4.6005445
10,0,0.0
10,1,11.070837
10,10,49.222927
10,11,47.628284
10,12,44.874313
10,13,40.906467
10,14,35.818077
10,15,30.0
10,2,21.097881
10,3,29.53091
10,4,36.261635
10,5,41.4147
10,6,45.186455
10,7,47.75777
10,8,49.256733
10,9,49.746086
11,0,0.0
11,1,14.499914
11,10,56.862877
11,11,54.750473
11,12,51.14579
11,13,45.78927
11,14,38.587017
11,15,30.0
11,2,27.030169
11,3,36.947636
11,4,44.414787
11,5,49.848473
11,6,53.652344
11,7,56.1282
11,8,57.45995
11,9,57.7178
12,0,0.0
12,1,19.902948
12,10,65.78217
12,11,63.384186
12,12,59.184467
12,13,52.52865
12,14,42.746258
12,15,30.0
12,2,35.583786
12,3,46.827126
12,4,54.61758
12,5,59.93125
12,6,63.46797
12,7,65.666046
12,8,66.76099
12,9,66.82581
13,0,0.0
13,1,29.531744
13,10,76.07416
13,11,73.8356
13,12,69.692154
13,13,62.40358
13,14,49.87402
13,15,30.0
13,2,48.58209
13,3,60.170074
13,4,67.31072
13,5,71.8072
13,6,74.640465
13,7,76.32655
13,8,77.11224
13,9,77.06191
14,0,0.0
14,1,49.644585
14,10,87.63009
14,11,86.20347
14,12,83.35419
14,13,77.52599
14,14,64.34956
14,15,30.0
14,2,69.04798
14,3,77.96798
14,4,82.6579
14,5,85.35806
14,6,86.973305
14,7,87.90161
14,8,88.31397
14,9,88.24964
15,0,0.0
15,1,100.0
15,10,100.0
15,11,100.0
15,12,100.0
15,13,100.0
15,14,100.0
15,15,30.0
15,2,100.0
15,3,100.0
15,4,100.0
15,5,100.0
15,6,100.0
15,7,100.0
15,8,100.0
15,9,100.0
2,0,0.0
2,1,1.2716993
2,10,10.045536
2,11,11.305267
2,12,13.209278
2,13,16.331936
2,14,21.613976
2,15,30.0
2,2,2.5104415
2,3,3.6871915
2,4,4.780387
2,5,5.778573
2,6,6.68293
2,7,7.509846
2,8,8.295537
2,9,9.104382
3,0,0.0
3,1,1.9489155
3,10,14.637493
3,11,16.057
3,12,17.993322
3,13,20.788364
3,14,24.792227
3,15,30.0
3,2,3.8435004
3,3,5.6359787
3,4,7.29039
3,5,8.786575
3,6,10.122472
3,7,11.31665
3,8,12.411594
3,9,13.480319
4,0,0.0
4,1,2.6813521
4,10,18.974037
4,11,20.298195
4,12,21.92376
4,13,24.039665
4,14,26.768454
4,15,30.0
4,2,5.280564
4,3,7.7256026
4,4,9.962513
4,5,11.959625
4,6,13.709522
4,7,15.229143
4,8,16.560898
4,9,17.774967
5,0,0.0
5,1,3.4974132
5,10,23.195522
5,11,24.246916
5,12,25.371248
5,13,26.683258
5,14,28.244652
5,15,30.0
5,2,6.874671
5,3,10.027844
5,4,12.880261
5,5,15.387304
5,6,17.535397
5,7,19.339188
5,8,20.838139
5,9,22.09504
6,0,0.0
6,1,4.435713
6,10,27.479465
6,11,28.134708
6,12,28.64075
6,13,29.084414
6,14,29.530443
6,15,30.0
6,2,8.697154
6,3,12.637102
6,4,16.15186
6,5,19.184147
6,6,21.717604
6,7,23.767273
6,8,25.371437
6,9,26.585613
7,0,0.0
7,1,5.55116
7,10,32.018967
7,11,32.186626
7,12,31.984877
7,13,31.49175
7,14,30.797184
7,15,30.0
7,2,10.846738
7,3,15.68006
7,4,19.916912
7,5,23.493393
7,6,26.39906
7,7,28.657932
7,8,30.312574
7,9,31.414333
8,0,0.0
8,1,6.925714
8,10,37.01548
8,11,36.625797
8,12,35.6347
8,13,34.110718
8,14,32.171738
8,15,30.0
8,2,13.465704
8,3,19.329884
8,4,24.356083
8,5,28.489902
8,6,31.746273
8,7,34.173405
8,8,35.82805
8,9,36.761543
9,0,0.0
9,1,8.690178
9,10,42.67827
9,11,41.686203
9,12,39.833565
9,13,37.155926
9,14,33.78491
9,15,30.0
9,2,16.768665
9,3,23.829918
9,4,29.703354
9,5,34.38295
9,6,37.94431
9,7,40.484848
9,8,42.08901
9,9,42.812325
