0,0,0.0
0,1,0.0
0,2,0.0
0,3,0.0
0,4,0.0
0,5,0.0
0,6,0.0
0,7,30.0
1,0,0.0
1,1,7.03125
1,2,11.71875
1,3,14.0625
1,4,14.765625
1,5,15.46875
1,6,18.515625
1,7,30.0
2,0,0.0
2,1,11.71875
2,2,19.921875
2,3,23.4375
2,4,24.492188
2,5,24.960938
2,6,26.25
2,7,30.0
3,0,0.0
3,1,14.3359375
3,2,23.710938
3,3,27.929688
3,4,28.984375
3,5,29.101562
3,6,29.453125
3,7,30.0
4,0,0.0
4,1,16.679688
4,2,27.226562
4,3,31.445312
4,4,32.5
4,5,32.617188
4,6,31.796875
4,7,30.0
5,0,0.0
5,1,24.21875
5,2,36.71875
5,3,41.40625
5,4,42.460938
5,5,41.757812
5,6,38.75
5,7,30.0
6,0,0.0
6,1,45.3125
6,2,60.15625
6,3,64.453125
6,4,65.15625
6,5,63.90625
6,6,56.796875
6,7,30.0
7,0,0.0
7,1,100.0
7,2,100.0
7,3,100.0
7,4,100.0
7,5,100.0
7,6,100.0
7,7,30.0
