0,0,0.0
0,1,0.0
0,10,0.0
0,11,0.0
0,12,0.0
0,13,0.0
0,14,0.0
0,15,30.0
0,2,0.0
0,3,0.0
0,4,0.0
0,5,0.0
0,6,0.0
0,7,0.0
0,8,0.0
0,9,0.0
1,0,0.0
1,1,0.6353946
1,10,5.175329
1,11,5.9445524
1,12,7.2349977
1,13,9.735992
1,14,15.341997
1,15,30.0
1,2,1.2550242
1,3,1.8450038
1,4,2.3950295
1,5,2.899855
1,6,3.360718
1,7,3.7871928
1,8,4.200388
1,9,4.639394
10,0,0.0
10,1,11.118748
10,10,49.443703
10,11,47.8198
10,12,45.02717
10,13,41.012936
10,14,35.872726
10,15,30.0
10,2,21.192036
10,3,29.668009
10,4,36.436676
10,5,41.62113
10,6,45.41616
10,7,48.001347
10,8,49.50375
10,9,49.985527
11,0,0.0
11,1,14.542691
11,10,57.059265
11,11,54.920795
11,12,51.281654
11,13,45.8839
11,14,38.635574
11,15,30.0
11,2,27.114231
11,3,37.069984
11,4,44.57097
11,5,50.032547
11,6,53.857094
11,7,56.345192
11,8,57.67989
11,9,57.930904
12,0,0.0
12,1,19.937874
12,10,65.942055
12,11,63.52279
12,12,59.29503
12,13,52.605625
12,14,42.78576
12,15,30.0
12,2,35.65241
12,3,46.926987
12,4,54.745
12,5,60.081398
12,6,63.634895
12,7,65.84288
12,8,66.94018
12,9,66.999344
13,0,0.0
13,1,29.556479
13,10,76.18714
13,11,73.93354
13,12,69.77025
13,13,62.45796
13,14,49.901917
13,15,30.0
13,2,48.630676
13,3,60.24077
13,4,67.40092
13,5,71.91344
13,6,74.75856
13,7,76.45163
13,8,77.23894
13,9,77.184586
14,0,0.0
14,1,49.657402
14,10,87.68858
14,11,86.254166
14,12,83.394615
14,13,77.55414
14,14,64.364006
14,15,30.0
14,2,69.073166
14,3,78.00462
14,4,82.70464
14,5,85.41312
14,6,87.034485
14,7,87.96639
14,8,88.37959
14,9,88.313156
15,0,0.0
15,1,100.0
15,10,100.0
15,11,100.0
15,12,100.0
15,13,100.0
15,14,100.0
15,15,30.0
15,2,100.0
15,3,100.0
15,4,100.0
15,5,100.0
15,6,100.0
15,7,100.0
15,8,100.0
15,9,100.0
2,0,0.0
2,1,1.2865802
2,10,10.117479
2,11,11.367977
2,12,13.25952
2,13,16.367027
2,14,21.632023
2,15,30.0
2,2,2.5397496
2,3,3.7300353
2,4,4.8353534
2,5,5.8437805
2,6,6.7559447
2,7,7.587789
2,8,8.3750925
2,9,9.181976
3,0,0.0
3,1,1.971228
3,10,14.744848
3,11,16.150537
3,12,18.068222
3,13,20.84068
3,14,24.81911
3,15,30.0
3,2,3.8874583
3,3,5.70018
3,4,7.3727484
3,5,8.884185
3,6,10.231724
3,7,11.433171
3,8,12.530462
3,9,13.596173
4,0,0.0
4,1,2.7109473
4,10,19.115509
4,11,20.421371
4,12,22.022362
4,13,24.10849
4,14,26.80383
4,15,30.0
4,2,5.3388205
4,3,7.810685
4,4,10.071543
4,5,12.08879
4,6,13.853934
4,7,15.383063
4,8,16.717766
4,9,17.927746
5,0,0.0
5,1,3.533835
5,10,23.368464
5,11,24.39741
5,12,25.491627
5,13,26.767271
5,14,28.287813
5,15,30.0
5,2,6.9463735
5,3,10.1324625
5,4,13.01428
5,5,15.54589
5,6,17.712585
5,7,19.527832
5,8,21.030235
5,9,22.28196
6,0,0.0
6,1,4.478126
6,10,27.679428
6,11,28.308565
6,12,28.77977
6,13,29.181376
6,14,29.580256
6,15,30.0
6,2,8.78059
6,3,12.758819
6,4,16.307617
6,5,19.368355
6,6,21.923187
6,7,23.985966
6,8,25.59391
6,9,26.801897
7,0,0.0
7,1,5.598199
7,10,32.23928
7,11,32.378082
7,12,32.137856
7,13,31.598429
7,14,30.851963
7,15,30.0
7,2,10.939277
7,3,15.814941
7,4,20.089447
7,5,23.697227
7,6,26.626385
7,7,28.89951
7,8,30.558105
7,9,31.652843
8,0,0.0
8,1,6.975518
8,10,37.24729
8,11,36.827087
8,12,35.79549
8,13,34.22278
8,14,32.22928
8,15,30.0
8,2,13.563623
8,3,19.472576
8,4,24.53845
8,5,28.705238
8,6,31.986197
8,7,34.42817
8,8,36.086773
8,9,37.01265
9,0,0.0
9,1,8.740377
9,10,42.910675
9,11,41.88793
9,12,39.994602
9,13,37.268143
9,14,33.842506
9,15,30.0
9,2,16.867361
9,3,23.97365
9,4,29.886988
9,5,34.599606
9,6,38.185555
9,7,40.740814
9,8,42.348755
9,9,43.064262
