0,0,0.0
0,1,0.0
0,10,0.0
0,11,0.0
0,12,0.0
0,13,0.0
0,14,0.0
0,15,30.0
0,2,0.0
0,3,0.0
0,4,0.0
0,5,0.0
0,6,0.0
0,7,0.0
0,8,0.0
0,9,0.0
1,0,0.0
1,1,0.63481474
1,10,5.172906
1,11,5.9424725
1,12,7.233352
1,13,9.734854
1,14,15.341415
1,15,30.0
1,2,1.2538897
1,3,1.843364
1,4,2.3929558
1,5,2.897437
1,6,3.3580618
1,7,3.7844138
1,8,4.197608
1,9,4.636734
10,0,0.0
10,1,11.116306
10,10,49.433506
10,11,47.811043
10,12,45.02025
10,13,41.008137
10,14,35.870274
10,15,30.0
10,2,21.187256
10,3,29.661104
10,4,36.427944
10,5,41.610954
10,6,45.404976
10,7,47.989647
10,8,49.492046
10,9,49.974327
11,0,0.0
11,1,14.540591
11,10,57.050507
11,11,54.913277
11,12,51.275703
11,13,45.879784
11,14,38.63347
11,15,30.0
11,2,27.110128
11,3,37.06405
11,4,44.563465
11,5,50.023804
11,6,53.84748
11,7,56.335136
11,8,57.669838
11,9,57.921284
12,0,0.0
12,1,19.936214
12,10,65.93512
12,11,63.51683
12,12,59.290314
12,13,52.602364
12,14,42.784096
12,15,30.0
12,2,35.649155
12,3,46.922287
12,4,54.73906
12,5,60.07447
12,6,63.62729
12,7,65.83493
12,8,66.93221
12,9,66.99173
13,0,0.0
13,1,29.555325
13,10,76.182335
13,11,73.92941
13,12,69.76698
13,13,62.455704
13,14,49.900764
13,15,30.0
13,2,48.628426
13,3,60.23751
13,4,67.3968
13,5,71.908646
13,6,74.75328
13,7,76.44612
13,8,77.23343
13,9,77.17931
14,0,0.0
14,1,49.656815
14,10,87.686134
14,11,86.25205
14,12,83.39295
14,13,77.55298
14,14,64.36342
14,15,30.0
14,2,69.072014
14,3,78.00296
14,4,82.70254
14,5,85.41066
14,6,87.0318
14,7,87.96358
14,8,88.37678
14,9,88.31047
15,0,0.0
15,1,100.0
15,10,100.0
15,11,100.0
15,12,100.0
15,13,100.0
15,14,100.0
15,15,30.0
15,2,100.0
15,3,100.0
15,4,100.0
15,5,100.0
15,6,100.0
15,7,100.0
15,8,100.0
15,9,100.0
2,0,0.0
2,1,1.2854453
2,10,10.112737
2,11,11.363905
2,12,13.256297
2,13,16.3648
2,14,21.630882
2,15,30.0
2,2,2.537529
2,3,3.7268262
2,4,4.831294
2,5,5.839049
2,6,6.750746
2,7,7.58235
2,8,8.369652
2,9,9.176769
3,0,0.0
3,1,1.9695866
3,10,14.7379875
3,11,16.14465
3,12,18.063562
3,13,20.837452
3,14,24.817465
3,15,30.0
3,2,3.8842473
3,3,5.695538
3,4,7.3668785
3,5,8.87734
3,6,10.224205
3,7,11.425306
3,8,12.522592
3,9,13.588645
4,0,0.0
4,1,2.7088704
4,10,19.10683
4,11,20.413918
4,12,22.016464
4,13,24.104408
4,14,26.801743
4,15,30.0
4,2,5.334756
4,3,7.804811
4,4,10.064114
4,5,12.080129
4,6,13.8444195
4,7,15.373108
4,8,16.707806
4,9,17.918215
5,0,0.0
5,1,3.531411
5,10,23.358334
5,11,24.388716
5,12,25.484747
5,13,26.762508
5,14,28.28538
5,15,30.0
5,2,6.941632
5,3,10.125608
5,4,13.005612
5,5,15.535784
5,6,17.701483
5,7,19.516218
5,8,21.018614
5,9,22.270845
6,0,0.0
6,1,4.475461
6,10,27.66829
6,11,28.299006
6,12,28.772205
6,13,29.176138
6,14,29.57758
6,15,30.0
6,2,8.775375
6,3,12.751281
6,4,16.298084
6,5,19.35724
6,6,21.910976
6,7,23.97319
6,8,25.581131
6,9,26.789669
7,0,0.0
7,1,5.595408
7,10,32.227615
7,11,32.368073
7,12,32.129936
7,13,31.592949
7,14,30.84916
7,15,30.0
7,2,10.933815
7,3,15.807048
7,4,20.079462
7,5,23.685589
7,6,26.613598
7,7,28.886131
7,8,30.544722
7,9,31.640038
8,0,0.0
8,1,6.9727225
8,10,37.235615
8,11,36.817062
8,12,35.78756
8,13,34.217285
8,14,32.226475
8,15,30.0
8,2,13.558153
8,3,19.46467
8,4,24.528454
8,5,28.693583
8,6,31.973389
8,7,34.414772
8,8,36.07337
8,9,36.999825
9,0,0.0
9,1,8.7376995
9,10,42.899487
9,11,41.878334
9,12,39.987003
9,13,37.262886
9,14,33.83982
9,15,30.0
9,2,16.862123
9,3,23.966076
9,4,29.877413
9,5,34.58844
9,6,38.17329
9,7,40.72798
9,8,42.335915
9,9,43.051987
