0,0,0.0
0,1,0.0
0,10,0.0
0,11,0.0
0,12,0.0
0,13,0.0
0,14,0.0
0,15,30.0
0,2,0.0
0,3,0.0
0,4,0.0
0,5,0.0
0,6,0.0
0,7,0.0
0,8,0.0
0,9,0.0
1,0,0.0
1,1,0.6356791
1,10,5.1765146
1,11,5.94557
1,12,7.2358027
1,13,9.736549
1,14,15.342282
1,15,30.0
1,2,1.255581
1,3,1.8458084
1,4,2.3960469
1,5,2.9010406
1,6,3.36202
1,7,3.7885542
1,8,4.20175
1,9,4.6406956
10,0,0.0
10,1,11.119936
10,10,49.44865
10,11,47.82405
10,12,45.030525
10,13,41.015255
10,14,35.873913
10,15,30.0
10,2,21.194355
10,3,29.671366
10,4,36.44092
10,5,41.626083
10,6,45.42159
10,7,48.00703
10,8,49.50943
10,9,49.990963
11,0,0.0
11,1,14.543709
11,10,57.063515
11,11,54.92444
11,12,51.28454
11,13,45.885895
11,14,38.636593
11,15,30.0
11,2,27.116226
11,3,37.072865
11,4,44.57461
11,5,50.036797
11,6,53.861755
11,7,56.350067
11,8,57.68477
11,9,57.93556
12,0,0.0
12,1,19.93868
12,10,65.94541
12,11,63.525673
12,12,59.29731
12,13,52.6072
12,14,42.786568
12,15,30.0
12,2,35.653984
12,3,46.929264
12,4,54.747883
12,5,60.08475
12,6,63.63858
12,7,65.84674
12,8,66.94403
12,9,67.00304
13,0,0.0
13,1,29.557037
13,10,76.18946
13,11,73.93553
13,12,69.77183
13,13,62.459045
13,14,49.902473
13,15,30.0
13,2,48.631775
13,3,60.242344
13,4,67.40291
13,5,71.915764
13,6,74.76111
13,7,76.4543
13,8,77.24161
13,9,77.18713
14,0,0.0
14,1,49.657692
14,10,87.68978
14,11,86.25518
14,12,83.395424
14,13,77.55469
14,14,64.36429
14,15,30.0
14,2,69.07372
14,3,78.00543
14,4,82.70566
14,5,85.41431
14,6,87.0358
14,7,87.96776
14,8,88.38096
14,9,88.31447
15,0,0.0
15,1,100.0
15,10,100.0
15,11,100.0
15,12,100.0
15,13,100.0
15,14,100.0
15,15,30.0
15,2,100.0
15,3,100.0
15,4,100.0
15,5,100.0
15,6,100.0
15,7,100.0
15,8,100.0
15,9,100.0
2,0,0.0
2,1,1.287137
2,10,10.119799
2,11,11.369967
2,12,13.261095
2,13,16.368118
2,14,21.63258
2,15,30.0
2,2,2.5408385
2,3,3.7316098
2,4,4.837343
2,5,5.846101
2,6,6.758492
2,7,7.590452
2,8,8.377757
2,9,9.184524
3,0,0.0
3,1,1.9720327
3,10,14.7482
3,11,16.153414
3,12,18.0705
3,13,20.84225
3,14,24.81992
3,15,30.0
3,2,3.8890326
3,3,5.7024546
3,4,7.3756256
3,5,8.887537
3,6,10.235406
3,7,11.437021
3,8,12.534311
3,9,13.599855
4,0,0.0
4,1,2.711965
4,10,19.11975
4,11,20.42501
4,12,22.025238
4,13,24.110481
4,14,26.804848
4,15,30.0
4,2,5.340811
4,3,7.8135624
4,4,10.07518
4,5,12.09303
4,6,13.858589
4,7,15.387932
4,8,16.722633
4,9,17.9324
5,0,0.0
5,1,3.5350206
5,10,23.373405
5,11,24.40165
5,12,25.494982
5,13,26.769594
5,14,28.289
5,15,30.0
5,2,6.948694
5,3,10.135816
5,4,13.01852
5,5,15.550831
5,6,17.718012
5,7,19.533508
5,8,21.035912
5,9,22.287388
6,0,0.0
6,1,4.4794292
6,10,27.684858
6,11,28.313225
6,12,28.783455
6,13,29.183924
6,14,29.58156
6,15,30.0
6,2,8.783139
6,3,12.762503
6,4,16.312275
6,5,19.373783
6,6,21.929146
6,7,23.992199
6,8,25.600143
6,9,26.807858
7,0,0.0
7,1,5.5995617
7,10,32.244957
7,11,32.382957
7,12,32.14171
7,13,31.601097
7,14,30.853321
7,15,30.0
7,2,10.941943
7,3,15.818794
7,4,20.094318
7,5,23.702904
7,6,26.63262
7,7,28.906027
7,8,30.564625
7,9,31.659077
8,0,0.0
8,1,6.976882
8,10,37.25297
8,11,36.831963
8,12,35.799347
8,13,34.225445
8,14,32.230644
8,15,30.0
8,2,13.566289
8,3,19.476433
8,4,24.543324
8,5,28.710918
8,6,31.99243
8,7,34.434692
8,8,36.093292
8,9,37.018883
9,0,0.0
9,1,8.741681
9,10,42.916107
9,11,41.892597
9,12,39.998287
9,13,37.2707
9,14,33.84381
9,15,30.0
9,2,16.869915
9,3,23.977333
9,4,29.89165
9,5,34.605034
9,6,38.19152
9,7,40.747055
9,8,42.354996
9,9,43.07023
