0,0,0.0
0,1,0.0
0,10,0.0
0,11,0.0
0,12,0.0
0,13,0.0
0,14,0.0
0,15,30.0
0,2,0.0
0,3,0.0
0,4,0.0
0,5,0.0
0,6,0.0
0,7,0.0
0,8,0.0
0,9,0.0
1,0,0.0
1,1,0.6352489
1,10,5.1747212
1,11,5.94403
1,12,7.2345853
1,13,9.735706
1,14,15.341851
1,15,30.0
1,2,1.254739
1,3,1.8445916
1,4,2.3945084
1,5,2.8992474
1,6,3.360051
1,7,3.786495
1,8,4.199691
1,9,4.6387253
10,0,0.0
10,1,11.118137
10,10,49.441162
10,11,47.81762
10,12,45.025444
10,13,41.01174
10,14,35.872116
10,15,30.0
10,2,21.190842
10,3,29.666283
10,4,36.434494
10,5,41.618587
10,6,45.413364
10,7,47.99843
10,8,49.50083
10,9,49.982735
11,0,0.0
11,1,14.542166
11,10,57.057083
11,11,54.918922
11,12,51.280174
11,13,45.882874
11,14,38.635048
11,15,30.0
11,2,27.113205
11,3,37.068504
11,4,44.56909
11,5,50.030365
11,6,53.85469
11,7,56.34268
11,8,57.67738
11,9,57.928505
12,0,0.0
12,1,19.937458
12,10,65.94034
12,11,63.521305
12,12,59.293854
12,13,52.604816
12,14,42.785347
12,15,30.0
12,2,35.651596
12,3,46.92581
12,4,54.74352
12,5,60.07966
12,6,63.63299
12,7,65.8409
12,8,66.93819
12,9,66.997444
13,0,0.0
13,1,29.55619
13,10,76.185936
13,11,73.93251
13,12,69.76944
13,13,62.457397
13,14,49.90163
13,15,30.0
13,2,48.63011
13,3,60.239952
13,4,67.39989
13,5,71.91224
13,6,74.75723
13,7,76.45026
13,8,77.23756
13,9,77.18327
14,0,0.0
14,1,49.657253
14,10,87.68797
14,11,86.25363
14,12,83.3942
14,13,77.55385
14,14,64.36386
14,15,30.0
14,2,69.072876
14,3,78.0042
14,4,82.70412
14,5,85.412506
14,6,87.03381
14,7,87.96569
14,8,88.37888
14,9,88.312485
15,0,0.0
15,1,100.0
15,10,100.0
15,11,100.0
15,12,100.0
15,13,100.0
15,14,100.0
15,15,30.0
15,2,100.0
15,3,100.0
15,4,100.0
15,5,100.0
15,6,100.0
15,7,100.0
15,8,100.0
15,9,100.0
2,0,0.0
2,1,1.2862952
2,10,10.116289
2,11,11.366956
2,12,13.258712
2,13,16.36647
2,14,21.631737
2,15,30.0
2,2,2.5391915
2,3,3.729229
2,4,4.8343334
2,5,5.8425922
2,6,6.754639
2,7,7.5864234
2,8,8.373727
2,9,9.18067
3,0,0.0
3,1,1.9708158
3,10,14.743129
3,11,16.149063
3,12,18.067055
3,13,20.839869
3,14,24.818699
3,15,30.0
3,2,3.8866522
3,3,5.6990137
3,4,7.3712745
3,5,8.882465
3,6,10.229836
3,7,11.431197
3,8,12.528486
3,9,13.594284
4,0,0.0
4,1,2.710426
4,10,19.113335
4,11,20.419502
4,12,22.020884
4,13,24.107466
4,14,26.803308
4,15,30.0
4,2,5.3378005
4,3,7.8092113
4,4,10.069678
4,5,12.0866165
4,6,13.851545
4,7,15.380567
4,8,16.715267
4,9,17.925356
5,0,0.0
5,1,3.5332265
5,10,23.365929
5,11,24.395233
5,12,25.489904
5,13,26.766079
5,14,28.287203
5,15,30.0
5,2,6.9451847
5,3,10.130743
5,4,13.012107
5,5,15.543354
5,6,17.709803
5,7,19.524921
5,8,21.027325
5,9,22.279175
6,0,0.0
6,1,4.477458
6,10,27.67664
6,11,28.306175
6,12,28.777878
6,13,29.180063
6,14,29.579586
6,15,30.0
6,2,8.779283
6,3,12.756929
6,4,16.30523
6,5,19.36557
6,6,21.920126
6,7,23.982765
6,8,25.590708
6,9,26.798836
7,0,0.0
7,1,5.5975
7,10,32.236362
7,11,32.375584
7,12,32.13588
7,13,31.597061
7,14,30.851261
7,15,30.0
7,2,10.937909
7,3,15.812964
7,4,20.086948
7,5,23.69431
7,6,26.623184
7,7,28.896156
7,8,30.554756
7,9,31.649637
8,0,0.0
8,1,6.9748187
8,10,37.244373
8,11,36.824585
8,12,35.79351
8,13,34.221405
8,14,32.228577
8,15,30.0
8,2,13.562253
8,3,19.470598
8,4,24.535948
8,5,28.70232
8,6,31.98299
8,7,34.42482
8,8,36.08342
8,9,37.00944
9,0,0.0
9,1,8.739708
9,10,42.907883
9,11,41.88554
9,12,39.992706
9,13,37.266834
9,14,33.841835
9,15,30.0
9,2,16.86605
9,3,23.971756
9,4,29.884592
9,5,34.59681
9,6,38.182487
9,7,40.73761
9,8,42.34555
9,9,43.061195
