0,0,0.0
0,1,0.0
0,2,0.0
0,3,0.0
0,4,0.0
0,5,0.0
0,6,0.0
0,7,30.0
1,0,0.0
1,1,2.970726
1,2,5.5977073
1,3,7.7456827
1,4,9.598127
1,5,11.870762
1,6,16.599434
1,7,30.0
2,0,0.0
2,1,6.2853575
2,2,11.674709
2,3,15.787254
2,4,18.776428
2,5,21.285774
2,6,24.527138
2,7,30.0
3,0,0.0
3,1,10.4962845
3,2,19.029034
3,3,24.952847
3,4,28.435204
3,5,29.96929
3,6,30.223629
3,7,30.0
4,0,0.0
4,1,16.671103
4,2,28.992949
4,3,36.560703
4,4,40.04306
4,5,39.933205
4,6,36.39845
4,7,30.0
5,0,0.0
5,1,27.195541
5,2,43.711597
5,3,52.254776
5,4,55.24395
5,5,53.322662
5,6,45.437325
5,7,30.0
6,0,0.0
6,1,48.399757
6,2,66.40364
6,3,73.5035
6,4,75.35595
6,5,72.6767
6,6,62.028465
6,7,30.0
7,0,0.0
7,1,100.0
7,2,100.0
7,3,100.0
7,4,100.0
7,5,100.0
7,6,100.0
7,7,30.0
