0,0,0.0
0,1,0.0
0,10,0.0
0,11,0.0
0,12,0.0
0,13,0.0
0,14,0.0
0,15,30.0
0,2,0.0
0,3,0.0
0,4,0.0
0,5,0.0
0,6,0.0
0,7,0.0
0,8,0.0
0,9,0.0
1,0,0.0
1,1,0.63295054
1,10,5.1649876
1,11,5.9356627
1,12,7.227956
1,13,9.731114
1,14,15.339501
1,15,30.0
1,2,1.2502394
1,3,1.8380816
1,4,2.3862643
1,5,2.8896222
1,6,3.3494575
1,7,3.7753923
1,8,4.188562
1,9,4.62806
10,0,0.0
10,1,11.108032
10,10,49.3984
10,11,47.78086
10,12,44.996323
10,13,40.991566
10,14,35.861797
10,15,30.0
10,2,21.171057
10,3,29.63766
10,4,36.398254
10,5,41.57628
10,6,45.366806
10,7,47.94963
10,8,49.451927
10,9,49.935867
11,0,0.0
11,1,14.5334425
11,10,57.020172
11,11,54.887184
11,12,51.255035
11,13,45.865463
11,14,38.62614
11,15,30.0
11,2,27.09613
11,3,37.043793
11,4,44.537807
11,5,49.993835
11,6,53.8145
11,7,56.300564
11,8,57.63517
11,9,57.888042
12,0,0.0
12,1,19.930527
12,10,65.91099
12,11,63.496086
12,12,59.27388
12,13,52.590973
12,14,42.778267
12,15,30.0
12,2,35.63802
12,3,46.906174
12,4,54.71865
12,5,60.050636
12,6,63.60105
12,7,65.80742
12,8,66.90463
12,9,66.965294
13,0,0.0
13,1,29.551373
13,10,76.165565
13,11,73.91499
13,12,69.755554
13,13,62.44778
13,14,49.896713
13,15,30.0
13,2,48.620686
13,3,60.22631
13,4,67.382614
13,5,71.892075
13,6,74.735054
13,7,76.42701
13,8,77.21426
13,9,77.160934
14,0,0.0
14,1,49.65479
14,10,87.677536
14,11,86.24466
14,12,83.38709
14,13,77.54892
14,14,64.36134
14,15,30.0
14,2,69.06805
14,3,77.99722
14,4,82.69527
14,5,85.402176
14,6,87.022446
14,7,87.95377
14,8,88.36696
14,9,88.30104
15,0,0.0
15,1,100.0
15,10,100.0
15,11,100.0
15,12,100.0
15,13,100.0
15,14,100.0
15,15,30.0
15,2,100.0
15,3,100.0
15,4,100.0
15,5,100.0
15,6,100.0
15,7,100.0
15,8,100.0
15,9,100.0
2,0,0.0
2,1,1.2817878
2,10,10.097201
2,11,11.350546
2,12,13.245713
2,13,16.357464
2,14,21.627129
2,15,30.0
2,2,2.5303676
2,3,3.716462
2,4,4.8181667
2,5,5.823716
2,6,6.7338657
2,7,7.564651
2,8,8.351904
2,9,9.159753
3,0,0.0
3,1,1.9642767
3,10,14.715437
3,11,16.125256
3,12,18.048195
3,13,20.826805
3,14,24.812017
3,15,30.0
3,2,3.8738494
3,3,5.6804924
3,4,7.3478203
3,5,8.855082
3,6,10.199699
3,7,11.3996105
3,8,12.496828
3,9,13.56394
4,0,0.0
4,1,2.702115
4,10,19.078144
4,11,20.389252
4,12,21.99692
4,13,24.090864
4,14,26.794815
4,15,30.0
4,2,5.3215303
4,3,7.7856703
4,4,10.039871
4,5,12.051813
4,6,13.813246
4,7,15.3404255
4,8,16.675032
4,9,17.886795
5,0,0.0
5,1,3.523481
5,10,23.324667
5,11,24.359758
5,12,25.461805
5,13,26.746613
5,14,28.277245
5,15,30.0
5,2,6.926104
5,3,10.103139
5,4,12.977152
5,5,15.502544
5,6,17.664888
5,7,19.477848
5,8,20.980146
5,9,22.233955
6,0,0.0
6,1,4.466679
6,10,27.63101
6,11,28.26695
6,12,28.746805
6,13,29.158539
6,14,29.568577
6,15,30.0
6,2,8.758183
6,3,12.7264
6,4,16.266573
6,5,19.320438
6,6,21.870457
6,7,23.930712
6,8,25.538534
6,9,26.748835
7,0,0.0
7,1,5.5861444
7,10,32.1883
7,11,32.33426
7,12,32.103146
7,13,31.574387
7,14,30.83966
7,15,30.0
7,2,10.915678
7,3,15.780802
7,4,20.04622
7,5,23.646763
7,6,26.570858
7,7,28.84132
7,8,30.499796
7,9,31.59696
8,0,0.0
8,1,6.9633765
8,10,37.195946
8,11,36.782955
8,12,35.760532
8,13,34.19856
8,14,32.216896
8,15,30.0
8,2,13.539854
8,3,19.43819
8,4,24.494911
8,5,28.654413
8,6,31.93027
8,7,34.369568
8,8,36.028046
8,9,36.95637
9,0,0.0
9,1,8.728685
9,10,42.861237
9,11,41.845436
9,12,39.960938
9,13,37.244827
9,14,33.83058
9,15,30.0
9,2,16.844473
9,3,23.940535
9,4,29.84506
9,5,34.55066
9,6,38.131702
9,7,40.684387
9,8,42.29221
9,9,43.01008
