0,0,0.0
0,1,0.0
0,10,0.0
0,11,0.0
0,12,0.0
0,13,0.0
0,14,0.0
0,15,30.0
0,2,0.0
0,3,0.0
0,4,0.0
0,5,0.0
0,6,0.0
0,7,0.0
0,8,0.0
0,9,0.0
1,0,0.0
1,1,0.63271445
1,10,5.1639643
1,11,5.93478
1,12,7.227256
1,13,9.730628
1,14,15.339252
1,15,30.0
1,2,1.2497766
1,3,1.8374112
1,4,2.3854132
1,5,2.888626
1,6,3.3483577
1,7,3.774236
1,8,4.187399
1,9,4.626941
10,0,0.0
10,1,11.1069145
10,10,49.39357
10,11,47.77671
10,12,44.993027
10,13,40.98928
10,14,35.860626
10,15,30.0
10,2,21.168867
10,3,29.634491
10,4,36.39423
10,5,41.571568
10,6,45.36161
10,7,47.944176
10,8,49.44644
10,9,49.9306
11,0,0.0
11,1,14.532471
11,10,57.01598
11,11,54.883575
11,12,51.252174
11,13,45.863472
11,14,38.625126
11,15,30.0
11,2,27.094223
11,3,37.04103
11,4,44.53431
11,5,49.989746
11,6,53.80998
11,7,56.295815
11,8,57.6304
11,9,57.88346
12,0,0.0
12,1,19.929749
12,10,65.90764
12,11,63.493202
12,12,59.271584
12,13,52.589386
12,14,42.77745
12,15,30.0
12,2,35.636497
12,3,46.903965
12,4,54.715847
12,5,60.047356
12,6,63.597443
12,7,65.80363
12,8,66.90082
12,9,66.961624
13,0,0.0
13,1,29.55083
13,10,76.16323
13,11,73.91298
13,12,69.75396
13,13,62.446674
13,14,49.896145
13,15,30.0
13,2,48.619625
13,3,60.224773
13,4,67.38066
13,5,71.88979
13,6,74.73253
13,7,76.42436
13,8,77.21159
13,9,77.15838
14,0,0.0
14,1,49.65451
14,10,87.67633
14,11,86.24363
14,12,83.38628
14,13,77.54835
14,14,64.36105
14,15,30.0
14,2,69.0675
14,3,77.99643
14,4,82.69426
14,5,85.40099
14,6,87.02115
14,7,87.95242
14,8,88.365585
14,9,88.29973
15,0,0.0
15,1,100.0
15,10,100.0
15,11,100.0
15,12,100.0
15,13,100.0
15,14,100.0
15,15,30.0
15,2,100.0
15,3,100.0
15,4,100.0
15,5,100.0
15,6,100.0
15,7,100.0
15,8,100.0
15,9,100.0
2,0,0.0
2,1,1.2813231
2,10,10.095189
2,11,11.34881
2,12,13.244334
2,13,16.356506
2,14,21.62664
2,15,30.0
2,2,2.5294573
2,3,3.7151423
2,4,4.816492
2,5,5.821756
2,6,6.731702
2,7,7.562375
2,8,8.349616
2,9,9.157553
3,0,0.0
3,1,1.963599
3,10,14.712502
3,11,16.122725
3,12,18.046186
3,13,20.82541
3,14,24.811304
3,15,30.0
3,2,3.8725212
3,3,5.6785674
3,4,7.345377
3,5,8.8522215
3,6,10.196542
3,7,11.396292
3,8,12.49349
3,9,13.560732
4,0,0.0
4,1,2.7012472
4,10,19.074387
4,11,20.386013
4,12,21.994347
4,13,24.089083
4,14,26.793903
4,15,30.0
4,2,5.31983
4,3,7.783206
4,4,10.036742
4,5,12.048153
4,6,13.809204
4,7,15.336177
4,8,16.670761
4,9,17.882687
5,0,0.0
5,1,3.5224538
5,10,23.32022
5,11,24.355928
5,12,25.458765
5,13,26.744507
5,14,28.276167
5,15,30.0
5,2,6.924092
5,3,10.100224
5,4,12.973452
5,5,15.498215
5,6,17.66011
5,7,19.472824
5,8,20.975094
5,9,22.2291
6,0,0.0
6,1,4.4655323
6,10,27.62605
6,11,28.262674
6,12,28.743416
6,13,29.156185
6,14,29.567371
6,15,30.0
6,2,8.755936
6,3,12.723145
6,4,16.262442
6,5,19.315601
6,6,21.865124
6,7,23.925102
6,8,25.532894
6,9,26.743412
7,0,0.0
7,1,5.5849237
7,10,32.183025
7,11,32.329716
7,12,32.099537
7,13,31.571884
7,14,30.83838
7,15,30.0
7,2,10.913286
7,3,15.777337
7,4,20.041824
7,5,23.641619
7,6,26.56518
7,7,28.835352
7,8,30.4938
7,9,31.591192
8,0,0.0
8,1,6.962134
8,10,37.190582
8,11,36.77833
8,12,35.756863
8,13,34.196014
8,14,32.21559
8,15,30.0
8,2,13.53742
8,3,19.434666
8,4,24.49044
8,5,28.649178
8,6,31.924492
8,7,34.3635
8,8,36.02194
8,9,36.95051
9,0,0.0
9,1,8.727476
9,10,42.85602
9,11,41.840942
9,12,39.957375
9,13,37.242355
9,14,33.829315
9,15,30.0
9,2,16.842106
9,3,23.937107
9,4,29.84071
9,5,34.54557
9,6,38.126083
9,7,40.67848
9,8,42.286274
9,9,43.00437
