0,0,0.0
0,1,0.0
0,10,0.0
0,11,0.0
0,12,0.0
0,13,0.0
0,14,0.0
0,15,0.0
0,16,0.0
0,17,0.0
0,18,0.0
0,19,0.0
0,2,0.0
0,20,0.0
0,21,0.0
0,22,0.0
0,23,0.0
0,24,0.0
0,25,0.0
0,26,0.0
0,27,0.0
0,28,0.0
0,29,30.0
0,3,0.0
0,4,0.0
0,5,0.0
0,6,0.0
0,7,0.0
0,8,0.0
0,9,0.0
1,0,0.0
1,1,0.4992996
1,10,3.472507
1,11,3.5910203
1,12,3.680539
1,13,3.746806
1,14,3.795897
1,15,3.8331604
1,16,3.863953
1,17,3.8936033
1,18,3.9279635
1,19,3.97445
1,2,0.98579705
1,20,4.042813
1,21,4.1478834
1,22,4.312245
1,23,4.574131
1,24,5.000594
1,25,5.7221212
1,26,7.0178223
1,27,9.566502
1,28,15.249636
1,29,30.0
1,3,1.4473474
1,4,1.8742843
1,5,2.2585337
1,6,2.5959363
1,7,2.8839903
1,8,3.1240864
1,9,3.318554
10,0,0.0
10,1,3.4718251
10,10,24.11139
10,11,24.92858
10,12,25.54031
10,13,25.9879
10,14,26.308186
10,15,26.534748
10,16,26.695705
10,17,26.814785
10,18,26.911934
10,19,27.003593
10,2,6.8534737
10,20,27.104929
10,21,27.22865
10,22,27.387836
10,23,27.592852
10,24,27.853865
10,25,28.176054
10,26,28.561314
10,27,29.00338
10,28,29.4897
10,29,30.0
10,3,10.062576
10,4,13.027955
10,5,15.698252
10,6,18.03891
10,7,20.038704
10,8,21.70129
10,9,23.048836
11,0,0.0
11,1,3.589723
11,10,24.927164
11,11,25.77071
11,12,26.40258
11,13,26.863707
11,14,27.193146
11,15,27.424446
11,16,27.586487
11,17,27.70293
11,18,27.792904
11,19,27.872406
11,2,7.0865903
11,20,27.954094
11,21,28.049625
11,22,28.168018
11,23,28.318127
11,24,28.50553
11,25,28.734644
11,26,29.004921
11,27,29.312708
11,28,29.648628
11,29,30.0
11,3,10.404133
11,4,13.470721
11,5,16.23066
11,6,18.651207
11,7,20.71757
11,8,22.436779
11,9,23.828674
12,0,0.0
12,1,3.6781468
12,10,25.536623
12,11,26.400553
12,12,27.046703
12,13,27.518238
12,14,27.853996
12,15,28.088676
12,16,28.251091
12,17,28.36484
12,18,28.448853
12,19,28.517794
12,2,7.260758
12,20,28.583826
12,21,28.65605
12,22,28.742697
12,23,28.849346
12,24,28.981022
12,25,29.139523
12,26,29.32528
12,27,29.53481
12,28,29.762573
12,29,30.0
12,3,10.660233
12,4,13.801523
12,5,16.629665
12,6,19.10867
12,7,21.226013
12,8,22.986275
12,9,24.412338
13,0,0.0
13,1,3.742455
13,10,25.980553
13,11,26.858585
13,12,27.515528
13,13,27.994148
13,14,28.334583
13,15,28.5714
13,16,28.73381
13,17,28.845304
13,18,28.924261
13,19,28.985113
13,2,7.387945
13,20,29.038532
13,21,29.093235
13,22,29.155247
13,23,29.229816
13,24,29.319765
13,25,29.427235
13,26,29.5517
13,27,29.691547
13,28,29.842684
13,29,30.0
13,3,10.846487
13,4,14.042993
13,5,16.919851
13,6,19.442387
13,7,21.595789
13,8,23.386835
13,9,24.83681
14,0,0.0
14,1,3.7881851
14,10,26.294783
14,11,27.183231
14,12,27.847351
14,13,28.331186
14,14,28.674652
14,15,28.912937
14,16,29.075161
14,17,29.184742
14,18,29.259949
14,19,29.31444
14,2,7.477976
14,20,29.358711
14,21,29.400097
14,22,29.444458
14,23,29.4954
14,24,29.555864
14,25,29.626802
14,26,29.708584
14,27,29.799696
14,28,29.897976
14,29,30.0
14,3,10.978894
14,4,14.213921
14,5,17.126022
14,6,19.678612
14,7,21.858309
14,8,23.670372
14,9,25.137915
15,0,0.0
15,1,3.8196883
15,10,26.511652
15,11,27.40686
15,12,28.076172
15,13,28.56333
15,14,28.90895
15,15,29.148098
15,16,29.310085
15,17,29.418262
15,18,29.490582
15,19,29.540619
15,2,7.5402975
15,20,29.578087
15,21,29.610237
15,22,29.64183
15,23,29.67652
15,24,29.716206
15,25,29.762264
15,26,29.814627
15,27,29.872816
15,28,29.93524
15,29,30.0
15,3,11.0701065
15,4,14.332179
15,5,17.268047
15,6,19.841928
15,7,22.039152
15,8,23.866234
15,9,25.345333
16,0,0.0
16,1,3.8409183
16,10,26.65702
16,11,27.557
16,12,28.229542
16,13,28.719048
16,14,29.065971
16,15,29.305695
16,16,29.467457
16,17,29.574566
16,18,29.644924
16,19,29.691723
16,2,7.582073
16,20,29.724628
16,21,29.750229
16,22,29.773302
16,23,29.796736
16,24,29.822628
16,25,29.85182
16,26,29.884766
16,27,29.921005
16,28,29.959831
16,29,30.0
16,3,11.131553
16,4,14.411452
16,5,17.36366
16,6,19.951403
16,7,22.16079
16,8,23.997517
16,9,25.484716
17,0,0.0
17,1,3.8547645
17,10,26.752028
17,11,27.654911
17,12,28.329685
17,13,28.820591
17,14,29.168407
17,15,29.408443
17,16,29.570024
17,17,29.676418
17,18,29.74538
17,19,29.79008
17,2,7.6094694
17,20,29.819815
17,21,29.841185
17,22,29.858465
17,23,29.87464
17,24,29.891346
17,25,29.909685
17,26,29.929922
17,27,29.95207
17,28,29.975636
17,29,30.0
17,3,11.171627
17,4,14.463411
17,5,17.426018
17,6,20.023094
17,7,22.240116
17,8,24.08341
17,9,25.575613
18,0,0.0
18,1,3.863602
18,10,26.812302
18,11,27.717134
18,12,28.393217
18,13,28.885067
18,14,29.23339
18,15,29.473629
18,16,29.63507
18,17,29.740965
18,18,29.80905
18,19,29.85232
18,2,7.6268516
18,20,29.880077
18,21,29.898626
18,22,29.912289
18,23,29.923716
18,24,29.93468
18,25,29.946049
18,26,29.958338
18,27,29.971554
18,28,29.985565
18,29,30.0
18,3,11.197195
18,4,14.496374
18,5,17.46577
18,6,20.068577
18,7,22.290638
18,8,24.137897
18,9,25.633442
19,0,0.0
19,1,3.8690553
19,10,26.849579
19,11,27.75553
19,12,28.432472
19,13,28.92485
19,14,29.273506
19,15,29.513844
19,16,29.67519
19,17,29.780777
19,18,29.848278
19,19,29.890686
19,2,7.6376433
19,20,29.91715
19,21,29.933998
19,22,29.945335
19,23,29.953892
19,24,29.961233
19,25,29.968369
19,26,29.975718
19,27,29.983494
19,28,29.991634
19,29,30.0
19,3,11.212971
19,4,14.516828
19,5,17.4903
19,6,20.096773
19,7,22.32181
19,8,24.171638
19,9,25.669125
2,0,0.0
2,1,0.9857966
2,10,6.854775
2,11,7.0890417
2,12,7.2653127
2,13,7.3961697
2,14,7.492615
2,15,7.5657344
2,16,7.6256304
2,17,7.682582
2,18,7.747901
2,19,7.834911
2,2,1.9459891
2,20,7.962001
2,21,8.154581
2,22,8.452225
2,23,8.915998
2,24,9.647926
2,25,10.821306
2,26,12.745483
2,27,15.972921
2,28,21.419231
2,29,30.0
2,3,2.8575506
2,4,3.6998851
2,5,4.459011
2,6,5.124443
2,7,5.6936874
2,8,6.167017
2,9,6.551409
20,0,0.0
20,1,3.8723497
20,10,26.871948
20,11,27.778612
20,12,28.456024
20,13,28.948744
20,14,29.297573
20,15,29.53798
20,16,29.69926
20,17,29.80465
20,18,29.87181
20,19,29.913664
20,2,7.644119
20,20,29.939377
20,21,29.955147
20,22,29.96513
20,23,29.971903
20,24,29.977118
20,25,29.98167
20,26,29.986101
20,27,29.990604
20,28,29.995258
20,29,30.0
20,3,11.222497
20,4,14.5291
20,5,17.505098
20,6,20.11369
20,7,22.340597
20,8,24.191883
20,9,25.690601
21,0,0.0
21,1,3.8742714
21,10,26.88503
21,11,27.792076
21,12,28.469786
21,13,28.96268
21,14,29.311626
21,15,29.552052
21,16,29.713299
21,17,29.818573
21,18,29.88552
21,19,29.927069
21,2,7.6479235
21,20,29.952312
21,21,29.96748
21,22,29.976635
21,23,29.982399
21,24,29.986336
21,25,29.989412
21,26,29.992123
21,27,29.99474
21,28,29.997356
21,29,30.0
21,3,11.228054
21,4,14.536304
21,5,17.513731
21,6,20.123608
21,7,22.351553
21,8,24.20374
21,9,25.703127
22,0,0.0
22,1,3.87537
22,10,26.892447
22,11,27.799728
22,12,28.477589
22,13,28.970594
22,14,29.31959
22,15,29.56004
22,16,29.72126
22,17,29.826464
22,18,29.893297
22,19,29.934658
22,2,7.6500807
22,20,29.95965
22,21,29.974453
22,22,29.983158
22,23,29.988327
22,24,29.99156
22,25,29.993784
22,26,29.99553
22,27,29.99707
22,28,29.998545
22,29,30.0
22,3,11.231228
22,4,14.54039
22,5,17.518656
22,6,20.129234
22,7,22.357798
22,8,24.210459
22,9,25.710255
23,0,0.0
23,1,3.8759747
23,10,26.89655
23,11,27.803946
23,12,28.481895
23,13,28.974955
23,14,29.323986
23,15,29.56444
23,16,29.725647
23,17,29.830814
23,18,29.89758
23,19,29.938839
23,2,7.651279
23,20,29.963686
23,21,29.978302
23,22,29.98674
23,23,29.991594
23,24,29.99443
23,25,29.99619
23,26,29.997402
23,27,29.998352
23,28,29.999197
23,29,30.0
23,3,11.232977
23,4,14.542656
23,5,17.52137
23,6,20.13235
23,7,22.361237
23,8,24.214182
23,9,25.71418
24,0,0.0
24,1,3.8763018
24,10,26.898743
24,11,27.80621
24,12,28.484201
24,13,28.977291
24,14,29.326338
24,15,29.5668
24,16,29.727995
24,17,29.833143
24,18,29.89987
24,19,29.941078
24,2,7.6519194
24,20,29.965845
24,21,29.980356
24,22,29.988663
24,23,29.99334
24,24,29.995966
24,25,29.997477
24,26,29.998402
24,27,29.999043
24,28,29.999544
24,29,30.0
24,3,11.23392
24,4,14.543871
24,5,17.522831
24,6,20.13402
24,7,22.36309
24,8,24.216171
24,9,25.716293
25,0,0.0
25,1,3.8764715
25,10,26.899887
25,11,27.807386
25,12,28.485403
25,13,28.978508
25,14,29.32756
25,15,29.568026
25,16,29.729218
25,17,29.834354
25,18,29.901064
25,19,29.942242
25,2,7.652256
25,20,29.96697
25,21,29.981426
25,22,29.989662
25,23,29.994247
25,24,29.996765
25,25,29.998142
25,26,29.998924
25,27,29.999397
25,28,29.999727
25,29,30.0
25,3,11.234411
25,4,14.544506
25,5,17.523592
25,6,20.134893
25,7,22.364054
25,8,24.217213
25,9,25.717392
26,0,0.0
26,1,3.8765578
26,10,26.900465
26,11,27.80798
26,12,28.486008
26,13,28.979122
26,14,29.32818
26,15,29.568645
26,16,29.729836
26,17,29.834965
26,18,29.901667
26,19,29.94283
26,2,7.6524267
26,20,29.967537
26,21,29.981968
26,22,29.990166
26,23,29.994709
26,24,29.997168
26,25,29.998484
26,26,29.999184
26,27,29.999578
26,28,29.999817
26,29,30.0
26,3,11.234661
26,4,14.544828
26,5,17.52398
26,6,20.135334
26,7,22.364544
26,8,24.21774
26,9,25.717947
27,0,0.0
27,1,3.8766005
27,10,26.90075
27,11,27.80827
27,12,28.486305
27,13,28.979422
27,14,29.328482
27,15,29.568947
27,16,29.73014
27,17,29.835266
27,18,29.901962
27,19,29.94312
27,2,7.6525106
27,20,29.96782
27,21,29.982231
27,22,29.990414
27,23,29.994934
27,24,29.997368
27,25,29.998646
27,26,29.999317
27,27,29.999664
27,28,29.999863
27,29,30.0
27,3,11.234785
27,4,14.544988
27,5,17.524172
27,6,20.135553
27,7,22.364784
27,8,24.218
27,9,25.71822
28,0,0.0
28,1,3.8766208
28,10,26.900885
28,11,27.80841
28,12,28.486446
28,13,28.979567
28,14,29.328629
28,15,29.569094
28,16,29.730282
28,17,29.835407
28,18,29.902102
28,19,29.943256
28,2,7.6525507
28,20,29.967949
28,21,29.98236
28,22,29.99053
28,23,29.99504
28,24,29.997461
28,25,29.998728
28,26,29.999374
28,27,29.999708
28,28,29.999886
28,29,30.0
28,3,11.234844
28,4,14.545063
28,5,17.524261
28,6,20.135658
28,7,22.364895
28,8,24.218124
28,9,25.71835
29,0,0.0
29,1,3.8766303
29,10,26.900946
29,11,27.808475
29,12,28.486511
29,13,28.979633
29,14,29.328693
29,15,29.56916
29,16,29.73035
29,17,29.835472
29,18,29.902168
29,19,29.94332
29,2,7.65257
29,20,29.968012
29,21,29.982416
29,22,29.99059
29,23,29.995089
29,24,29.997507
29,25,29.998764
29,26,29.999405
29,27,29.999727
29,28,29.999895
29,29,30.0
29,3,11.23487
29,4,14.545099
29,5,17.524303
29,6,20.135704
29,7,22.364952
29,8,24.218178
29,9,25.718414
3,0,0.0
3,1,1.447345
3,10,10.064354
3,11,10.407518
3,12,10.666469
3,13,10.857809
3,14,10.998907
3,15,11.104956
3,16,11.190883
3,17,11.271133
3,18,11.360963
3,19,11.4788065
3,2,2.8575473
3,20,11.647498
3,21,11.899764
3,22,12.281101
3,23,12.860729
3,24,13.740673
3,25,15.076959
3,26,17.097483
3,27,20.111801
3,28,24.429401
3,29,30.0
3,3,4.195435
3,4,5.4329033
3,5,6.5466413
3,6,7.524478
3,7,8.359287
3,8,9.054982
3,9,9.618438
30,0,0.0
30,1,3.8766348
30,10,26.900978
30,11,27.808502
30,12,28.486544
30,13,28.97966
30,14,29.328724
30,15,29.569191
30,16,29.73038
30,17,29.835505
30,18,29.902197
30,19,29.943346
30,2,7.6525774
30,20,29.968039
30,21,29.982445
30,22,29.99061
30,23,29.995113
30,24,29.997524
30,25,29.998781
30,26,29.999418
30,27,29.999735
30,28,29.999899
30,29,30.0
30,3,11.234882
30,4,14.5451145
30,5,17.524323
30,6,20.135727
30,7,22.364973
30,8,24.218208
30,9,25.718437
31,0,0.0
31,1,3.8766365
31,10,26.900988
31,11,27.80852
31,12,28.486555
31,13,28.979675
31,14,29.328735
31,15,29.569202
31,16,29.730394
31,17,29.835514
31,18,29.902208
31,19,29.943361
31,2,7.6525817
31,20,29.96805
31,21,29.982454
31,22,29.990623
31,23,29.995121
31,24,29.997536
31,25,29.998787
31,26,29.999424
31,27,29.99974
31,28,29.999903
31,29,30.0
31,3,11.234888
31,4,14.54512
31,5,17.52433
31,6,20.135736
31,7,22.364986
31,8,24.218216
31,9,25.718452
32,0,0.0
32,1,3.8766375
32,10,26.900995
32,11,27.808521
32,12,28.486563
32,13,28.97968
32,14,29.328743
32,15,29.569208
32,16,29.730398
32,17,29.835524
32,18,29.902214
32,19,29.943365
32,2,7.652583
32,20,29.968056
32,21,29.98246
32,22,29.990623
32,23,29.995127
32,24,29.997536
32,25,29.99879
32,26,29.999428
32,27,29.99974
32,28,29.999903
32,29,30.0
32,3,11.234891
32,4,14.545124
32,5,17.524334
32,6,20.13574
32,7,22.36499
32,8,24.218224
32,9,25.718456
33,0,0.0
33,1,3.8766375
33,10,26.900995
33,11,27.808525
33,12,28.486563
33,13,28.979683
33,14,29.328745
33,15,29.56921
33,16,29.7304
33,17,29.835526
33,18,29.902218
33,19,29.943369
33,2,7.652584
33,20,29.96806
33,21,29.982464
33,22,29.99063
33,23,29.995127
33,24,29.997538
33,25,29.99879
33,26,29.999428
33,27,29.999743
33,28,29.999903
33,29,30.0
33,3,11.234892
33,4,14.545126
33,5,17.524338
33,6,20.135744
33,7,22.364992
33,8,24.218224
33,9,25.71846
34,0,0.0
34,1,3.8766382
34,10,26.900997
34,11,27.808525
34,12,28.486565
34,13,28.979685
34,14,29.328747
34,15,29.56921
34,16,29.7304
34,17,29.835526
34,18,29.902222
34,19,29.943369
34,2,7.652584
34,20,29.968061
34,21,29.982464
34,22,29.99063
34,23,29.995132
34,24,29.997538
34,25,29.998795
34,26,29.999428
34,27,29.999743
34,28,29.999903
34,29,30.0
34,3,11.234893
34,4,14.545126
34,5,17.524338
34,6,20.135744
34,7,22.364992
34,8,24.218225
34,9,25.71846
35,0,0.0
35,1,3.876638
35,10,26.900997
35,11,27.808527
35,12,28.486565
35,13,28.979685
35,14,29.328747
35,15,29.56921
35,16,29.730402
35,17,29.835526
35,18,29.902222
35,19,29.943369
35,2,7.6525846
35,20,29.968061
35,21,29.982464
35,22,29.990631
35,23,29.99513
35,24,29.99754
35,25,29.998795
35,26,29.999428
35,27,29.999743
35,28,29.999903
35,29,30.0
35,3,11.234892
35,4,14.545127
35,5,17.524338
35,6,20.135744
35,7,22.364994
35,8,24.218225
35,9,25.71846
36,0,0.0
36,1,3.8766384
36,10,26.901
36,11,27.808527
36,12,28.486565
36,13,28.979687
36,14,29.328747
36,15,29.56921
36,16,29.7304
36,17,29.835526
36,18,29.902222
36,19,29.943369
36,2,7.652584
36,20,29.968061
36,21,29.982464
36,22,29.99063
36,23,29.995132
36,24,29.99754
36,25,29.998795
36,26,29.999428
36,27,29.999743
36,28,29.999903
36,29,30.0
36,3,11.234893
36,4,14.545126
36,5,17.524338
36,6,20.135744
36,7,22.364994
36,8,24.218227
36,9,25.71846
37,0,0.0
37,1,3.8766382
37,10,26.901
37,11,27.808527
37,12,28.486567
37,13,28.979685
37,14,29.328747
37,15,29.56921
37,16,29.730402
37,17,29.835526
37,18,29.902222
37,19,29.943369
37,2,7.6525846
37,20,29.968061
37,21,29.982464
37,22,29.990631
37,23,29.99513
37,24,29.99754
37,25,29.998795
37,26,29.999428
37,27,29.999743
37,28,29.999903
37,29,30.0
37,3,11.234892
37,4,14.545127
37,5,17.524338
37,6,20.135746
37,7,22.364994
37,8,24.218227
37,9,25.71846
38,0,0.0
38,1,3.8766382
38,10,26.900997
38,11,27.808529
38,12,28.486565
38,13,28.979685
38,14,29.328747
38,15,29.56921
38,16,29.7304
38,17,29.835526
38,18,29.902222
38,19,29.943369
38,2,7.652584
38,20,29.968061
38,21,29.982462
38,22,29.99063
38,23,29.99513
38,24,29.99754
38,25,29.998793
38,26,29.999428
38,27,29.999743
38,28,29.999903
38,29,30.0
38,3,11.234893
38,4,14.545126
38,5,17.524338
38,6,20.135744
38,7,22.364994
38,8,24.218227
38,9,25.71846
39,0,0.0
39,1,3.8766382
39,10,26.901001
39,11,27.808527
39,12,28.486568
39,13,28.979685
39,14,29.328747
39,15,29.56921
39,16,29.7304
39,17,29.835526
39,18,29.90222
39,19,29.943369
39,2,7.652585
39,20,29.96806
39,21,29.982464
39,22,29.990627
39,23,29.99513
39,24,29.997538
39,25,29.998793
39,26,29.999428
39,27,29.999743
39,28,29.999903
39,29,30.0
39,3,11.234892
39,4,14.545127
39,5,17.524338
39,6,20.135746
39,7,22.364994
39,8,24.218225
39,9,25.71846
4,0,0.0
4,1,1.874277
4,10,13.030064
4,11,13.474698
4,12,13.808907
4,13,14.05629
4,14,14.237507
4,15,14.37297
4,16,14.4809
4,17,14.579109
4,18,14.686174
4,19,14.8224745
4,2,3.6998732
4,20,15.014229
4,21,15.29435
4,22,15.7095585
4,23,16.322105
4,24,17.21971
4,25,18.516516
4,26,20.355148
4,27,22.8781
4,28,26.151937
4,29,30.0
4,3,5.432892
4,4,7.034299
4,5,8.477317
4,6,9.742226
4,7,10.824059
4,8,11.723584
4,9,12.45384
40,0,0.0
40,1,3.8766382
40,10,26.900997
40,11,27.808529
40,12,28.486565
40,13,28.979687
40,14,29.328747
40,15,29.56921
40,16,29.730402
40,17,29.835526
40,18,29.902222
40,19,29.943369
40,2,7.652584
40,20,29.968061
40,21,29.98246
40,22,29.99063
40,23,29.995129
40,24,29.99754
40,25,29.99879
40,26,29.999428
40,27,29.999743
40,28,29.999903
40,29,30.0
40,3,11.234892
40,4,14.545126
40,5,17.524338
40,6,20.135742
40,7,22.364994
40,8,24.218224
40,9,25.71846
41,0,0.0
41,1,3.8766382
41,10,26.901
41,11,27.808525
41,12,28.486565
41,13,28.979683
41,14,29.328747
41,15,29.56921
41,16,29.7304
41,17,29.835526
41,18,29.902218
41,19,29.943369
41,2,7.652584
41,20,29.968058
41,21,29.982464
41,22,29.990627
41,23,29.995129
41,24,29.997538
41,25,29.998793
41,26,29.999426
41,27,29.999743
41,28,29.999903
41,29,30.0
41,3,11.234892
41,4,14.545126
41,5,17.524336
41,6,20.135742
41,7,22.364992
41,8,24.218225
41,9,25.71846
42,0,0.0
42,1,3.876638
42,10,26.900997
42,11,27.808527
42,12,28.486565
42,13,28.979687
42,14,29.328745
42,15,29.56921
42,16,29.7304
42,17,29.835526
42,18,29.902218
42,19,29.94337
42,2,7.652584
42,20,29.96806
42,21,29.982464
42,22,29.99063
42,23,29.995129
42,24,29.99754
42,25,29.99879
42,26,29.999428
42,27,29.99974
42,28,29.999903
42,29,30.0
42,3,11.234892
42,4,14.545126
42,5,17.524338
42,6,20.135742
42,7,22.364992
42,8,24.218224
42,9,25.71846
43,0,0.0
43,1,3.876638
43,10,26.900997
43,11,27.808525
43,12,28.486565
43,13,28.979683
43,14,29.328747
43,15,29.56921
43,16,29.7304
43,17,29.835526
43,18,29.902218
43,19,29.94337
43,2,7.652584
43,20,29.96806
43,21,29.98246
43,22,29.99063
43,23,29.995129
43,24,29.997538
43,25,29.998793
43,26,29.999424
43,27,29.999743
43,28,29.999903
43,29,30.0
43,3,11.234891
43,4,14.545124
43,5,17.524336
43,6,20.135742
43,7,22.364992
43,8,24.218224
43,9,25.718458
44,0,0.0
44,1,3.876638
44,10,26.900995
44,11,27.808525
44,12,28.486565
44,13,28.979683
44,14,29.328747
44,15,29.56921
44,16,29.7304
44,17,29.835526
44,18,29.902218
44,19,29.94337
44,2,7.6525836
44,20,29.96806
44,21,29.982464
44,22,29.990627
44,23,29.995129
44,24,29.997538
44,25,29.99879
44,26,29.999428
44,27,29.99974
44,28,29.999903
44,29,30.0
44,3,11.234891
44,4,14.545125
44,5,17.524334
44,6,20.135742
44,7,22.364992
44,8,24.218224
44,9,25.71846
45,0,0.0
45,1,3.876638
45,10,26.900997
45,11,27.808525
45,12,28.486565
45,13,28.979683
45,14,29.328747
45,15,29.56921
45,16,29.730404
45,17,29.835526
45,18,29.90222
45,19,29.943367
45,2,7.6525836
45,20,29.968061
45,21,29.98246
45,22,29.990631
45,23,29.995129
45,24,29.99754
45,25,29.99879
45,26,29.999424
45,27,29.999743
45,28,29.9999
45,29,30.0
45,3,11.234892
45,4,14.545124
45,5,17.524336
45,6,20.135742
45,7,22.364992
45,8,24.218224
45,9,25.718458
46,0,0.0
46,1,3.876638
46,10,26.900997
46,11,27.808525
46,12,28.486565
46,13,28.979685
46,14,29.328745
46,15,29.569212
46,16,29.7304
46,17,29.835527
46,18,29.902218
46,19,29.94337
46,2,7.6525836
46,20,29.968056
46,21,29.982464
46,22,29.990625
46,23,29.99513
46,24,29.997538
46,25,29.998793
46,26,29.999426
46,27,29.99974
46,28,29.999903
46,29,30.0
46,3,11.234892
46,4,14.545126
46,5,17.524334
46,6,20.135742
46,7,22.364992
46,8,24.218224
46,9,25.718458
47,0,0.0
47,1,3.876638
47,10,26.900997
47,11,27.808525
47,12,28.486565
47,13,28.979683
47,14,29.328747
47,15,29.56921
47,16,29.730402
47,17,29.835526
47,18,29.90222
47,19,29.943365
47,2,7.6525836
47,20,29.968061
47,21,29.98246
47,22,29.99063
47,23,29.995129
47,24,29.99754
47,25,29.99879
47,26,29.999428
47,27,29.999743
47,28,29.999903
47,29,30.0
47,3,11.234892
47,4,14.545126
47,5,17.524338
47,6,20.135742
47,7,22.364992
47,8,24.218224
47,9,25.71846
48,0,0.0
48,1,3.876638
48,10,26.900997
48,11,27.808525
48,12,28.486565
48,13,28.979685
48,14,29.328745
48,15,29.56921
48,16,29.7304
48,17,29.835526
48,18,29.902218
48,19,29.94337
48,2,7.6525846
48,20,29.968056
48,21,29.982464
48,22,29.990627
48,23,29.995129
48,24,29.997538
48,25,29.998793
48,26,29.999426
48,27,29.99974
48,28,29.999903
48,29,30.0
48,3,11.234892
48,4,14.545126
48,5,17.524338
48,6,20.135742
48,7,22.364992
48,8,24.218224
48,9,25.71846
49,0,0.0
49,1,3.8766382
49,10,26.900997
49,11,27.808525
49,12,28.486565
49,13,28.979683
49,14,29.328745
49,15,29.56921
49,16,29.730402
49,17,29.835526
49,18,29.902218
49,19,29.943367
49,2,7.652584
49,20,29.96806
49,21,29.982458
49,22,29.99063
49,23,29.995129
49,24,29.99754
49,25,29.99879
49,26,29.999426
49,27,29.999743
49,28,29.999903
49,29,30.0
49,3,11.234892
49,4,14.545127
49,5,17.524336
49,6,20.135742
49,7,22.364992
49,8,24.218225
49,9,25.718458
5,0,0.0
5,1,2.258516
5,10,15.700481
5,11,16.234924
5,12,16.63752
5,13,16.934082
5,14,17.15107
5,15,17.31143
5,16,17.436989
5,17,17.547935
5,18,17.664211
5,19,17.808064
5,2,4.4589787
5,20,18.00441
5,21,18.285938
5,22,18.692501
5,23,19.277664
5,24,20.10592
5,25,21.25555
5,26,22.804588
5,27,24.810223
5,28,27.25752
5,29,30.0
5,3,6.5466027
5,4,8.477284
5,5,10.21492
5,6,11.7401905
5,7,13.042341
5,8,14.127132
5,9,15.005645
50,0,0.0
50,1,3.876638
50,10,26.901
50,11,27.808527
50,12,28.486567
50,13,28.979683
50,14,29.328745
50,15,29.56921
50,16,29.7304
50,17,29.835526
50,18,29.902218
50,19,29.94337
50,2,7.652584
50,20,29.968058
50,21,29.98246
50,22,29.990627
50,23,29.995129
50,24,29.997538
50,25,29.99879
50,26,29.999428
50,27,29.99974
50,28,29.999903
50,29,30.0
50,3,11.234891
50,4,14.545126
50,5,17.524336
50,6,20.135742
50,7,22.364994
50,8,24.218224
50,9,25.71846
51,0,0.0
51,1,3.8766382
51,10,26.900997
51,11,27.808529
51,12,28.486565
51,13,28.979683
51,14,29.328745
51,15,29.56921
51,16,29.7304
51,17,29.835526
51,18,29.902218
51,19,29.943369
51,2,7.6525836
51,20,29.968058
51,21,29.98246
51,22,29.990627
51,23,29.995129
51,24,29.997538
51,25,29.998793
51,26,29.999424
51,27,29.999743
51,28,29.999903
51,29,30.0
51,3,11.234892
51,4,14.545125
51,5,17.524336
51,6,20.135742
51,7,22.364992
51,8,24.218224
51,9,25.71846
52,0,0.0
52,1,3.8766377
52,10,26.900997
52,11,27.808525
52,12,28.486565
52,13,28.979683
52,14,29.328745
52,15,29.56921
52,16,29.7304
52,17,29.835526
52,18,29.90222
52,19,29.943367
52,2,7.652584
52,20,29.968058
52,21,29.98246
52,22,29.990627
52,23,29.995129
52,24,29.99754
52,25,29.99879
52,26,29.999428
52,27,29.99974
52,28,29.999903
52,29,30.0
52,3,11.234891
52,4,14.545126
52,5,17.524336
52,6,20.135742
52,7,22.364992
52,8,24.218224
52,9,25.718458
53,0,0.0
53,1,3.8766382
53,10,26.900995
53,11,27.808527
53,12,28.486565
53,13,28.979683
53,14,29.328745
53,15,29.56921
53,16,29.7304
53,17,29.835526
53,18,29.902218
53,19,29.943365
53,2,7.652584
53,20,29.96806
53,21,29.98246
53,22,29.990627
53,23,29.995129
53,24,29.997538
53,25,29.99879
53,26,29.999424
53,27,29.99974
53,28,29.999903
53,29,30.0
53,3,11.234892
53,4,14.545125
53,5,17.524338
53,6,20.135742
53,7,22.364992
53,8,24.218224
53,9,25.71846
54,0,0.0
54,1,3.876638
54,10,26.900997
54,11,27.808525
54,12,28.486565
54,13,28.979683
54,14,29.328747
54,15,29.56921
54,16,29.7304
54,17,29.835526
54,18,29.902218
54,19,29.94337
54,2,7.6525846
54,20,29.968056
54,21,29.98246
54,22,29.990627
54,23,29.995129
54,24,29.997538
54,25,29.998793
54,26,29.99943
54,27,29.99974
54,28,29.999903
54,29,30.0
54,3,11.234892
54,4,14.545126
54,5,17.524336
54,6,20.135742
54,7,22.364992
54,8,24.218224
54,9,25.71846
55,0,0.0
55,1,3.8766382
55,10,26.900997
55,11,27.808527
55,12,28.486563
55,13,28.979683
55,14,29.328745
55,15,29.56921
55,16,29.7304
55,17,29.835526
55,18,29.902218
55,19,29.943363
55,2,7.6525836
55,20,29.96806
55,21,29.98246
55,22,29.99063
55,23,29.995129
55,24,29.99754
55,25,29.998795
55,26,29.999428
55,27,29.999743
55,28,29.999903
55,29,30.0
55,3,11.234892
55,4,14.545126
55,5,17.524336
55,6,20.135742
55,7,22.364994
55,8,24.218224
55,9,25.71846
56,0,0.0
56,1,3.876638
56,10,26.900997
56,11,27.808527
56,12,28.486565
56,13,28.979685
56,14,29.328747
56,15,29.56921
56,16,29.7304
56,17,29.83553
56,18,29.902218
56,19,29.94337
56,2,7.652584
56,20,29.968058
56,21,29.982464
56,22,29.990627
56,23,29.995129
56,24,29.997538
56,25,29.998793
56,26,29.999428
56,27,29.999743
56,28,29.999903
56,29,30.0
56,3,11.234892
56,4,14.545126
56,5,17.524338
56,6,20.135742
56,7,22.364992
56,8,24.218227
56,9,25.71846
57,0,0.0
57,1,3.876638
57,10,26.900997
57,11,27.808527
57,12,28.486567
57,13,28.979685
57,14,29.328747
57,15,29.56921
57,16,29.7304
57,17,29.835526
57,18,29.90222
57,19,29.943367
57,2,7.6525836
57,20,29.96806
57,21,29.98246
57,22,29.99063
57,23,29.995129
57,24,29.997538
57,25,29.99879
57,26,29.99943
57,27,29.999743
57,28,29.999903
57,29,30.0
57,3,11.234892
57,4,14.545124
57,5,17.524338
57,6,20.135742
57,7,22.364994
57,8,24.218224
57,9,25.71846
58,0,0.0
58,1,3.876638
58,10,26.900997
58,11,27.808525
58,12,28.486565
58,13,28.979687
58,14,29.328745
58,15,29.56921
58,16,29.7304
58,17,29.835526
58,18,29.902218
58,19,29.943367
58,2,7.6525836
58,20,29.96806
58,21,29.982462
58,22,29.990627
58,23,29.995129
58,24,29.997538
58,25,29.998793
58,26,29.999426
58,27,29.999743
58,28,29.9999
58,29,30.0
58,3,11.234891
58,4,14.545126
58,5,17.524334
58,6,20.135744
58,7,22.36499
58,8,24.218227
58,9,25.71846
59,0,0.0
59,1,3.876638
59,10,26.900995
59,11,27.808525
59,12,28.486565
59,13,28.979685
59,14,29.328747
59,15,29.56921
59,16,29.7304
59,17,29.835524
59,18,29.902216
59,19,29.943367
59,2,7.6525836
59,20,29.968058
59,21,29.98246
59,22,29.990627
59,23,29.995129
59,24,29.997538
59,25,29.99879
59,26,29.999428
59,27,29.99974
59,28,29.999903
59,29,30.0
59,3,11.234892
59,4,14.545123
59,5,17.524338
59,6,20.13574
59,7,22.364994
59,8,24.218222
59,9,25.71846
6,0,0.0
6,1,2.5958958
6,10,18.0411
6,11,18.655396
6,12,19.116476
6,13,19.456423
6,14,19.703415
6,15,19.88456
6,16,20.023441
6,17,20.141941
6,18,20.261267
6,19,20.40255
6,2,5.1243677
6,20,20.590458
6,21,20.852297
6,22,21.22307
6,23,21.74228
6,24,22.457699
6,25,23.416668
6,26,24.66132
6,27,26.206875
6,28,28.02103
6,29,30.0
6,3,7.5243793
6,4,9.742123
6,5,11.740113
6,6,13.4914875
6,7,14.988899
6,8,16.233917
6,9,17.24415
60,0,0.0
60,1,3.8766377
60,10,26.901
60,11,27.808525
60,12,28.486565
60,13,28.979685
60,14,29.328747
60,15,29.56921
60,16,29.7304
60,17,29.835524
60,18,29.902214
60,19,29.943367
60,2,7.652584
60,20,29.968056
60,21,29.98246
60,22,29.990627
60,23,29.995129
60,24,29.99754
60,25,29.99879
60,26,29.999424
60,27,29.99974
60,28,29.9999
60,29,30.0
60,3,11.234891
60,4,14.545127
60,5,17.524334
60,6,20.135746
60,7,22.364988
60,8,24.218225
60,9,25.718456
61,0,0.0
61,1,3.876638
61,10,26.900995
61,11,27.808527
61,12,28.486565
61,13,28.979683
61,14,29.328745
61,15,29.56921
61,16,29.7304
61,17,29.835526
61,18,29.902218
61,19,29.943365
61,2,7.6525836
61,20,29.96806
61,21,29.98246
61,22,29.990625
61,23,29.995129
61,24,29.997538
61,25,29.998793
61,26,29.999424
61,27,29.99974
61,28,29.9999
61,29,30.0
61,3,11.234892
61,4,14.545124
61,5,17.524338
61,6,20.135738
61,7,22.364994
61,8,24.218224
61,9,25.71846
62,0,0.0
62,1,3.8766377
62,10,26.901
62,11,27.808527
62,12,28.486565
62,13,28.979683
62,14,29.328745
62,15,29.56921
62,16,29.730402
62,17,29.835526
62,18,29.90222
62,19,29.94337
62,2,7.6525836
62,20,29.968058
62,21,29.98246
62,22,29.99063
62,23,29.995129
62,24,29.997538
62,25,29.99879
62,26,29.999428
62,27,29.99974
62,28,29.999903
62,29,30.0
62,3,11.234891
62,4,14.545126
62,5,17.524334
62,6,20.135746
62,7,22.364988
62,8,24.218225
62,9,25.718458
63,0,0.0
63,1,3.876638
63,10,26.900997
63,11,27.808525
63,12,28.486565
63,13,28.979685
63,14,29.328747
63,15,29.56921
63,16,29.730404
63,17,29.83553
63,18,29.902218
63,19,29.94337
63,2,7.6525836
63,20,29.96806
63,21,29.982464
63,22,29.990627
63,23,29.995129
63,24,29.997538
63,25,29.998793
63,26,29.999426
63,27,29.99974
63,28,29.999903
63,29,30.0
63,3,11.234892
63,4,14.545124
63,5,17.524338
63,6,20.135738
63,7,22.364994
63,8,24.218224
63,9,25.71846
64,0,0.0
64,1,3.876638
64,10,26.900997
64,11,27.808527
64,12,28.486565
64,13,28.979683
64,14,29.328747
64,15,29.569214
64,16,29.730404
64,17,29.835526
64,18,29.90222
64,19,29.943369
64,2,7.652584
64,20,29.968061
64,21,29.98246
64,22,29.99063
64,23,29.995129
64,24,29.99754
64,25,29.998793
64,26,29.99943
64,27,29.999743
64,28,29.999903
64,29,30.0
64,3,11.23489
64,4,14.545127
64,5,17.524334
64,6,20.135746
64,7,22.364988
64,8,24.218225
64,9,25.718458
65,0,0.0
65,1,3.876638
65,10,26.901
65,11,27.808529
65,12,28.486565
65,13,28.979687
65,14,29.328747
65,15,29.56921
65,16,29.730404
65,17,29.83553
65,18,29.902222
65,19,29.94337
65,2,7.6525836
65,20,29.96806
65,21,29.982464
65,22,29.990627
65,23,29.99513
65,24,29.99754
65,25,29.998795
65,26,29.99943
65,27,29.99974
65,28,29.999903
65,29,30.0
65,3,11.234893
65,4,14.545125
65,5,17.524338
65,6,20.13574
65,7,22.364994
65,8,24.218224
65,9,25.71846
66,0,0.0
66,1,3.876638
66,10,26.901001
66,11,27.808529
66,12,28.486568
66,13,28.979687
66,14,29.328749
66,15,29.569216
66,16,29.730404
66,17,29.83553
66,18,29.90222
66,19,29.94337
66,2,7.6525846
66,20,29.968061
66,21,29.982464
66,22,29.990633
66,23,29.995132
66,24,29.997543
66,25,29.998795
66,26,29.99943
66,27,29.999743
66,28,29.999903
66,29,30.0
66,3,11.234893
66,4,14.545128
66,5,17.524336
66,6,20.135746
66,7,22.364992
66,8,24.218227
66,9,25.71846
67,0,0.0
67,1,3.876639
67,10,26.901005
67,11,27.808537
67,12,28.486572
67,13,28.979694
67,14,29.328754
67,15,29.56922
67,16,29.73041
67,17,29.835533
67,18,29.902227
67,19,29.943375
67,2,7.652586
67,20,29.968067
67,21,29.98247
67,22,29.990635
67,23,29.995136
67,24,29.997543
67,25,29.998798
67,26,29.99943
67,27,29.999744
67,28,29.999903
67,29,30.0
67,3,11.234896
67,4,14.545129
67,5,17.524343
67,6,20.135746
67,7,22.365
67,8,24.218227
67,9,25.718468
68,0,0.0
68,1,3.8766408
68,10,26.901016
68,11,27.808546
68,12,28.486588
68,13,28.979706
68,14,29.328766
68,15,29.569233
68,16,29.730423
68,17,29.835548
68,18,29.902239
68,19,29.94339
68,2,7.65259
68,20,29.968079
68,21,29.98248
68,22,29.990646
68,23,29.995144
68,24,29.997551
68,25,29.998802
68,26,29.999435
68,27,29.999746
68,28,29.999907
68,29,30.0
68,3,11.2348995
68,4,14.545137
68,5,17.52435
68,6,20.13576
68,7,22.365007
68,8,24.218243
68,9,25.718477
69,0,0.0
69,1,3.8766456
69,10,26.901045
69,11,27.808578
69,12,28.486616
69,13,28.979736
69,14,29.328798
69,15,29.569263
69,16,29.730453
69,17,29.835577
69,18,29.902267
69,19,29.943417
69,2,7.6525984
69,20,29.968105
69,21,29.982506
69,22,29.99067
69,23,29.995167
69,24,29.997572
69,25,29.998821
69,26,29.999447
69,27,29.999756
69,28,29.999908
69,29,30.0
69,3,11.234914
69,4,14.545153
69,5,17.52437
69,6,20.13578
69,7,22.365034
69,8,24.218267
69,9,25.718508
7,0,0.0
7,1,2.8839035
7,10,20.040653
7,11,20.721436
7,12,21.233221
7,13,21.60888
7,14,21.881275
7,15,22.078712
7,16,22.22712
7,17,22.349339
7,18,22.466248
7,19,22.598967
7,2,5.6935244
7,20,22.768446
7,21,22.99944
7,22,23.317959
7,23,23.75528
7,24,24.341957
7,25,25.108557
7,26,26.073841
7,27,27.238592
7,28,28.57031
7,29,30.0
7,3,8.359068
7,4,10.823813
7,5,13.042108
7,6,14.988739
7,7,16.650585
7,8,18.034431
7,9,19.155016
70,0,0.0
70,1,3.8766556
70,10,26.901115
70,11,27.808643
70,12,28.486687
70,13,28.979805
70,14,29.328869
70,15,29.569332
70,16,29.730524
70,17,29.835648
70,18,29.902336
70,19,29.943481
70,2,7.6526203
70,20,29.96817
70,21,29.982567
70,22,29.990726
70,23,29.995218
70,24,29.997618
70,25,29.998857
70,26,29.999477
70,27,29.999777
70,28,29.99992
70,29,30.0
70,3,11.234943
70,4,14.545193
70,5,17.524414
70,6,20.135834
70,7,22.365091
70,8,24.218332
70,9,25.718569
71,0,0.0
71,1,3.8766797
71,10,26.90126
71,11,27.808798
71,12,28.48684
71,13,28.979961
71,14,29.329025
71,15,29.569492
71,16,29.730679
71,17,29.835802
71,18,29.902489
71,19,29.943634
71,2,7.6526656
71,20,29.968311
71,21,29.982704
71,22,29.990852
71,23,29.995335
71,24,29.997719
71,25,29.998943
71,26,29.999542
71,27,29.99982
71,28,29.999943
71,29,30.0
71,3,11.235011
71,4,14.545278
71,5,17.524517
71,6,20.135948
71,7,22.365221
71,8,24.218466
71,9,25.718716
72,0,0.0
72,1,3.8767302
72,10,26.901585
72,11,27.809126
72,12,28.487175
72,13,28.980299
72,14,29.329363
72,15,29.569828
72,16,29.731018
72,17,29.836134
72,18,29.902817
72,19,29.943954
72,2,7.6527658
72,20,29.968624
72,21,29.982998
72,22,29.991129
72,23,29.995583
72,24,29.997938
72,25,29.999126
72,26,29.999687
72,27,29.99992
72,28,29.999992
72,29,30.0
72,3,11.235156
72,4,14.545465
72,5,17.524742
72,6,20.136204
72,7,22.365498
72,8,24.218767
72,9,25.719025
73,0,0.0
73,1,3.8768375
73,10,26.90226
73,11,27.80982
73,12,28.487879
73,13,28.981007
73,14,29.330074
73,15,29.570541
73,16,29.731726
73,17,29.836838
73,18,29.90351
73,19,29.944628
73,2,7.652976
73,20,29.969275
73,21,29.983616
73,22,29.991707
73,23,29.996109
73,24,29.998402
73,25,29.999514
73,26,29.999987
73,27,30.000126
73,28,30.000097
73,29,30.0
73,3,11.235463
73,4,14.545858
73,5,17.525211
73,6,20.136736
73,7,22.366085
73,8,24.219387
73,9,25.71968
74,0,0.0
74,1,3.8770561
74,10,26.903643
74,11,27.811235
74,12,28.489313
74,13,28.982454
74,14,29.331528
74,15,29.571991
74,16,29.733168
74,17,29.838266
74,18,29.904915
74,19,29.946
74,2,7.653406
74,20,29.970596
74,21,29.984879
74,22,29.992882
74,23,29.997179
74,24,29.99934
74,25,30.0003
74,26,30.000599
74,27,30.000544
74,28,30.000309
74,29,30.0
74,3,11.23609
74,4,14.546663
74,5,17.526169
74,6,20.137823
74,7,22.367275
74,8,24.220665
74,9,25.72102
75,0,0.0
75,1,3.8774896
75,10,26.906384
75,11,27.814034
75,12,28.492153
75,13,28.985321
75,14,29.334404
75,15,29.574863
75,16,29.736029
75,17,29.841095
75,18,29.9077
75,19,29.948717
75,2,7.654258
75,20,29.97322
75,21,29.987373
75,22,29.99521
75,23,29.9993
75,24,30.001202
75,25,30.001862
75,26,30.001812
75,27,30.001377
75,28,30.00073
75,29,30.0
75,3,11.237332
75,4,14.548257
75,5,17.528067
75,6,20.139978
75,7,22.369637
75,8,24.22319
75,9,25.723667
76,0,0.0
76,1,3.878326
76,10,26.91165
76,11,27.819426
76,12,28.497622
76,13,28.990833
76,14,29.339935
76,15,29.580393
76,16,29.741528
76,17,29.846542
76,18,29.913055
76,19,29.953945
76,2,7.6559
76,20,29.978268
76,21,29.992172
76,22,29.999693
76,23,30.003372
76,24,30.004786
76,25,30.004858
76,26,30.004154
76,27,30.002974
76,28,30.001549
76,29,30.0
76,3,11.239728
76,4,14.551326
76,5,17.531727
76,6,20.144127
76,7,22.37419
76,8,24.22805
76,9,25.728767
77,0,0.0
77,1,3.8798928
77,10,26.921503
77,11,27.829493
77,12,28.507837
77,13,29.001135
77,14,29.35027
77,15,29.59072
77,16,29.7518
77,17,29.856712
77,18,29.923061
77,19,29.96371
77,2,7.6589823
77,20,29.98769
77,21,30.001144
77,22,30.008059
77,23,30.010994
77,24,30.01148
77,25,30.010475
77,26,30.008512
77,27,30.005974
77,28,30.003065
77,29,30.0
77,3,11.244213
77,4,14.557083
77,5,17.538574
77,6,20.151901
77,7,22.382702
77,8,24.237148
77,9,25.738297
78,0,0.0
78,1,3.8827538
78,10,26.939398
78,11,27.847788
78,12,28.526386
78,13,29.019833
78,14,29.369034
78,15,29.609463
78,16,29.77045
78,17,29.875172
78,18,29.941235
78,19,29.981434
78,2,7.664596
78,20,30.004814
78,21,30.017424
78,22,30.023277
78,23,30.024832
78,24,30.023668
78,25,30.02067
78,26,30.01647
78,27,30.01141
78,28,30.00584
78,29,30.0
78,3,11.252401
78,4,14.567564
78,5,17.55106
78,6,20.166044
78,7,22.398195
78,8,24.253685
78,9,25.755627
79,0,0.0
79,1,3.8878279
79,10,26.971014
79,11,27.880081
79,12,28.559128
79,13,29.05283
79,14,29.40213
79,15,29.642532
79,16,29.803345
79,17,29.907753
79,18,29.973278
79,19,30.012733
79,2,7.674572
79,20,30.035015
79,21,30.046204
79,22,30.05013
79,23,30.049318
79,24,30.045181
79,25,30.038734
79,26,30.030514
79,27,30.021057
79,28,30.010735
79,29,30.0
79,3,11.266912
79,4,14.5861635
79,5,17.573166
79,6,20.191101
79,7,22.425598
79,8,24.282936
79,9,25.786242
8,0,0.0
8,1,3.1239092
8,10,21.702839
8,11,22.440044
8,12,22.992579
8,13,23.398285
8,14,23.690624
8,15,23.900875
8,16,24.055641
8,17,24.178368
8,18,24.290083
8,19,24.409725
8,2,6.1666803
8,20,24.557
8,21,24.750874
8,22,25.013239
8,23,25.364845
8,24,25.827948
8,25,26.418842
8,26,27.147434
8,27,28.007214
8,28,28.973576
8,29,30.0
8,3,9.054525
8,4,11.723051
8,5,14.126593
8,6,16.23344
8,7,18.03412
8,8,19.531227
8,9,20.745312
80,0,0.0
80,1,3.8966079
80,10,27.025301
80,11,27.935528
80,12,28.615303
80,13,29.109428
80,14,29.4589
80,15,29.699238
80,16,29.859772
80,17,29.963608
80,18,30.028278
80,19,30.066406
80,2,7.6917925
80,20,30.086905
80,21,30.095581
80,22,30.096325
80,23,30.091356
80,24,30.082245
80,25,30.069775
80,26,30.054743
80,27,30.037643
80,28,30.019188
80,29,30.0
80,3,11.291996
80,4,14.618237
80,5,17.61131
80,6,20.234241
80,7,22.472795
80,8,24.333225
80,9,25.838877
81,0,0.0
81,1,3.911381
81,10,27.116014
81,11,28.028072
81,12,28.709053
81,13,29.203848
81,14,29.553576
81,15,29.793812
81,16,29.953852
81,17,30.056805
81,18,30.119987
81,19,30.156036
81,2,7.720807
81,20,30.173473
81,21,30.178143
81,22,30.173456
81,23,30.161774
81,24,30.144207
81,25,30.121857
81,26,30.095295
81,27,30.06551
81,28,30.033346
81,29,30.0
81,3,11.334154
81,4,14.672179
81,5,17.6753
81,6,20.306631
81,7,22.55181
81,8,24.417412
81,9,25.926838
82,0,0.0
82,1,3.9356532
82,10,27.2634
82,11,28.1784
82,12,28.861198
82,13,29.357037
82,14,29.707146
82,15,29.947178
82,16,30.10647
82,17,30.20793
82,18,30.268873
82,19,30.301449
82,2,7.768371
82,20,30.314192
82,21,30.312237
82,22,30.299076
82,23,30.276304
82,24,30.245335
82,25,30.206707
82,26,30.161606
82,27,30.110973
82,28,30.056522
82,29,30.0
82,3,11.403311
82,4,14.760435
82,5,17.780005
82,6,20.424765
82,7,22.680725
82,8,24.554462
82,9,26.06999
83,0,0.0
83,1,3.9744868
83,10,27.496567
83,11,28.415882
83,12,29.101467
83,13,29.598797
83,14,29.949438
83,15,30.189163
83,16,30.347204
83,17,30.446493
83,18,30.503807
83,19,30.531271
83,2,7.8445325
83,20,30.536476
83,21,30.524563
83,22,30.497847
83,23,30.458109
83,24,30.405693
83,25,30.341743
83,26,30.266975
83,27,30.183464
83,28,30.0934
83,29,30.0
83,3,11.513762
83,4,14.90138
83,5,17.946732
83,6,20.612778
83,7,22.885336
83,8,24.77185
83,9,26.296564
84,0,0.0
84,1,4.0352297
84,10,27.855404
84,11,28.781137
84,12,29.470587
84,13,29.970058
84,14,30.321396
84,15,30.560543
84,16,30.716816
84,17,30.812677
84,18,30.864857
84,19,30.88437
84,2,7.9633837
84,20,30.878712
84,21,30.851377
84,22,30.804695
84,23,30.738659
84,24,30.65403
84,25,30.550716
84,26,30.430634
84,27,30.295902
84,28,30.150782
84,29,30.0
84,3,11.686113
84,4,15.120634
84,5,18.205875
84,6,20.90407
84,7,23.202015
84,8,25.107374
84,9,26.645954
85,0,0.0
85,1,4.1279354
85,10,28.39333
85,11,29.327734
85,12,30.022606
85,13,30.524836
85,14,30.877003
85,15,31.115292
85,16,31.268806
85,17,31.359997
85,18,31.404453
85,19,31.41299
85,2,8.144798
85,20,31.391077
85,21,31.341972
85,22,31.265383
85,23,31.16134
85,24,31.028206
85,25,30.866802
85,26,30.678078
85,27,30.466518
85,28,30.237728
85,29,30.0
85,3,11.948389
85,4,15.453923
85,5,18.598366
85,6,21.344553
85,7,23.679234
85,8,25.612244
85,9,27.17028
86,0,0.0
86,1,4.2665167
86,10,29.1782
86,11,30.124363
86,12,30.826012
86,13,31.331758
86,14,31.684769
86,15,31.921583
86,16,32.071426
86,17,32.155785
86,18,32.19004
86,19,32.182762
86,2,8.415266
86,20,32.13893
86,21,32.05842
86,22,31.940432
86,23,31.781158
86,24,31.579153
86,25,31.3325
86,26,31.044151
86,27,30.718872
86,28,30.366747
86,29,30.0
86,3,12.338942
86,4,15.948261
86,5,19.179241
86,6,21.993729
86,7,24.380974
86,8,26.35202
86,9,27.937206
87,0,0.0
87,1,4.469247
87,10,30.29407
87,11,31.254505
87,12,31.964575
87,13,32.47416
87,14,32.82781
87,15,33.062492
87,16,33.20701
87,17,33.282715
87,18,33.302807
87,19,33.27524
87,2,8.810556
87,20,33.20108
87,21,33.07916
87,22,32.903397
87,23,32.6691
87,24,32.36965
87,25,32.003864
87,26,31.5725
87,27,31.084604
87,28,30.553677
87,29,30.0
87,3,12.9074545
87,4,16.665867
87,5,20.018301
87,6,22.928425
87,7,25.386717
87,8,27.409386
87,9,29.02959
88,0,0.0
88,1,4.760647
88,10,31.838926
88,11,32.816376
88,12,33.535355
88,13,34.04886
88,14,34.40249
88,15,34.63378
88,16,34.771637
88,17,34.8357
88,18,34.83857
88,19,34.784172
88,2,9.376738
88,20,34.67219
88,21,34.495102
88,22,34.244823
88,23,33.90888
88,24,33.479263
88,25,32.948658
88,26,32.32002
88,27,31.60286
88,28,30.819551
88,29,30.0
88,3,13.719228
88,4,17.684734
88,5,21.204393
88,6,24.241962
88,7,26.794373
88,8,28.882256
88,9,30.546772
89,0,0.0
89,1,5.172518
89,10,33.923576
89,11,34.918213
89,12,35.64598
89,13,36.162125
89,14,36.51443
89,15,36.740993
89,16,36.86993
89,17,36.92046
89,18,36.901573
89,19,36.81578
89,2,10.174736
89,20,36.65604
89,21,36.41208
89,22,36.065987
89,23,35.601566
89,24,35.000015
89,25,34.25212
89,26,33.355156
89,27,32.324642
89,28,31.190395
89,29,30.0
89,3,14.856417
89,4,19.10402
89,5,22.844406
89,6,26.047623
89,7,28.716854
89,8,30.884718
89,9,32.59994
9,0,0.0
9,1,3.3182
9,10,23.049757
9,11,23.83115
9,12,24.417416
9,13,24.846338
9,14,25.154776
9,15,25.374367
9,16,25.5331
9,17,25.654613
9,18,25.759056
9,19,25.864815
9,2,6.550742
9,20,25.988043
9,21,26.145657
9,22,26.352856
9,23,26.626194
9,24,26.978645
9,25,27.42143
9,26,27.957104
9,27,28.580044
9,28,29.27101
9,29,30.0
9,3,9.617516
9,4,12.452766
9,5,15.004509
9,6,17.243078
9,7,19.15412
9,8,20.744755
9,9,22.032658
90,0,0.0
90,1,5.7478724
90,10,36.663887
90,11,37.674126
90,12,38.40748
90,13,38.92387
90,14,39.2725
90,15,39.49209
90,16,39.610634
90,17,39.644684
90,18,39.602036
90,19,39.47895
90,2,11.283154
90,20,39.265556
90,21,38.940956
90,22,38.481945
90,23,37.85763
90,24,37.04245
90,25,36.013046
90,26,34.765034
90,27,33.312458
90,28,31.700682
90,29,30.0
90,3,16.425444
90,4,21.04439
90,5,25.068314
90,6,28.474518
90,7,31.283207
90,8,33.54005
90,9,35.31017
91,0,0.0
91,1,6.545043
91,10,40.17547
91,11,41.193535
91,12,41.926872
91,13,42.43834
91,14,42.77967
91,15,42.98993
91,16,43.095695
91,17,43.11267
91,18,43.04358
91,19,42.882362
91,2,12.808557
91,20,42.60927
91,21,42.198
91,22,41.60909
91,23,40.80149
91,24,39.72778
91,25,38.352585
91,26,36.654354
91,27,34.649094
91,28,32.39471
91,29,30.0
91,3,18.561443
91,4,23.656788
91,5,28.026424
91,6,31.670082
91,7,34.629967
91,8,36.97835
91,9,38.797573
92,0,0.0
92,1,7.64927
92,10,44.559765
92,11,45.572735
92,12,46.294785
92,13,46.793858
92,14,47.122597
92,15,47.32003
92,16,47.4121
92,17,47.410896
92,18,47.317554
92,19,47.118088
92,2,14.897533
92,20,46.78861
92,21,46.288002
92,22,45.566525
92,23,44.558067
92,24,43.19555
92,25,41.410152
92,26,39.159508
92,27,36.442604
92,28,33.33568
92,29,30.0
92,3,21.444729
92,4,27.125408
92,5,31.895695
92,6,35.791527
92,7,38.899147
92,8,41.32299
92,9,43.175175
93,0,0.0
93,1,9.192221
93,10,49.89511
93,11,50.879772
93,12,51.574966
93,13,52.050217
93,14,52.359337
93,15,52.54049
93,16,52.617233
93,17,52.600445
93,18,52.48565
93,19,52.256573
93,2,17.767488
93,20,51.87819
93,21,51.3022
93,22,50.45684
93,23,49.256233
93,24,47.59275
93,25,45.358173
93,26,42.455532
93,27,38.85
93,28,34.61736
93,29,30.0
93,3,25.318584
93,4,31.683624
93,5,36.875164
93,6,41.00544
93,7,44.22267
93,8,46.683815
93,9,48.531876
94,0,0.0
94,1,11.3999
94,10,56.21926
94,11,57.144676
94,12,57.790405
94,13,58.22769
94,14,58.50845
94,15,58.668808
94,16,58.730606
94,17,58.70082
94,18,58.573967
94,19,58.326843
94,2,21.757679
94,20,57.92164
94,21,57.29548
94,22,56.364235
94,23,55.00843
94,24,53.08094
94,25,50.401142
94,26,46.788063
94,27,42.10893
94,28,36.398903
94,29,30.0
94,3,30.530075
94,4,37.622875
94,5,43.18994
94,6,47.470955
94,7,50.714073
94,8,53.136677
94,9,54.922867
95,0,0.0
95,1,14.700978
95,10,63.5204
95,11,64.34498
95,12,64.91484
95,13,65.29669
95,14,65.53913
95,15,65.6746
95,16,65.721306
95,17,65.68504
95,18,65.55645
95,19,65.31281
95,2,27.439074
95,20,64.90974
95,21,64.28192
95,22,63.32767
95,23,61.90641
95,24,59.8163
95,25,56.792637
95,26,52.503635
95,27,46.617302
95,28,38.978638
95,29,30.0
95,3,37.581375
95,4,45.31042
95,5,51.073906
95,6,55.326538
95,7,58.442173
95,8,60.71115
95,9,62.349342
96,0,0.0
96,1,20.015867
96,10,71.722626
96,11,72.40068
96,12,72.864334
96,13,73.17265
96,14,73.36638
96,15,73.47243
96,16,73.50572
96,17,73.469
96,18,73.354126
96,19,73.13709
96,2,35.817856
96,20,72.778076
96,21,72.20953
96,22,71.3311
96,23,69.98488
96,24,67.93501
96,25,64.818756
96,26,60.105076
96,27,53.072113
96,28,42.997925
96,29,30.0
96,3,47.203026
96,4,55.174706
96,5,60.740982
96,6,64.648636
96,7,67.40929
96,8,69.36475
96,9,70.74902
97,0,0.0
97,1,29.588266
97,10,80.68426
97,11,81.16874
97,12,81.4978
97,13,81.71494
97,14,81.8504
97,15,81.92352
97,16,81.9444
97,17,81.91507
97,18,81.82761
97,19,81.66438
97,2,48.70267
97,20,81.39155
97,21,80.95596
97,22,80.26924
97,23,79.191376
97,24,77.48583
97,25,74.74914
97,26,70.259995
97,27,62.7296
97,28,50.021698
97,29,30.0
97,3,60.372063
97,4,67.627716
97,5,72.29692
97,6,75.399826
97,7,77.510704
97,8,78.9684
97,9,79.98096
98,0,0.0
98,1,49.667133
98,10,90.196785
98,11,90.45003
98,12,90.62097
98,13,90.73339
98,14,90.803154
98,15,90.84041
98,16,90.85054
98,17,90.83403
98,18,90.78697
98,19,90.69873
98,2,69.097336
98,20,90.551285
98,21,90.31312
98,22,89.93358
98,23,89.32468
98,24,88.330765
98,25,86.6478
98,26,83.6248
98,27,77.67804
98,28,64.417465
98,29,30.0
98,3,78.05433
98,4,82.799965
98,5,85.5887
98,6,87.34648
98,7,88.50532
98,8,89.28933
98,9,89.827034
99,0,0.0
99,1,100.0
99,10,100.0
99,11,100.0
99,12,100.0
99,13,100.0
99,14,100.0
99,15,100.0
99,16,100.0
99,17,100.0
99,18,100.0
99,19,100.0
99,2,100.0
99,20,100.0
99,21,100.0
99,22,100.0
99,23,100.0
99,24,100.0
99,25,100.0
99,26,100.0
99,27,100.0
99,28,100.0
99,29,30.0
99,3,100.0
99,4,100.0
99,5,100.0
99,6,100.0
99,7,100.0
99,8,100.0
99,9,100.0
