0,0,0.0
0,1,0.0
0,10,0.0
0,11,0.0
0,12,0.0
0,13,0.0
0,14,0.0
0,15,30.0
0,2,0.0
0,3,0.0
0,4,0.0
0,5,0.0
0,6,0.0
0,7,0.0
0,8,0.0
0,9,0.0
1,0,0.0
1,1,0.635653
1,10,5.176406
1,11,5.9454765
1,12,7.235729
1,13,9.736499
1,14,15.342256
1,15,30.0
1,2,1.2555296
1,3,1.8457346
1,4,2.3959534
1,5,2.9009314
1,6,3.3619006
1,7,3.7884293
1,8,4.201625
1,9,4.640576
10,0,0.0
10,1,11.119826
10,10,49.448204
10,11,47.82366
10,12,45.03022
10,13,41.015045
10,14,35.873802
10,15,30.0
10,2,21.194143
10,3,29.671057
10,4,36.440533
10,5,41.625626
10,6,45.42109
10,7,48.006508
10,8,49.508915
10,9,49.990467
11,0,0.0
11,1,14.543615
11,10,57.063126
11,11,54.924103
11,12,51.28428
11,13,45.885708
11,14,38.636497
11,15,30.0
11,2,27.116043
11,3,37.0726
11,4,44.574276
11,5,50.036404
11,6,53.86133
11,7,56.349625
11,8,57.684322
11,9,57.935143
12,0,0.0
12,1,19.938606
12,10,65.94511
12,11,63.525406
12,12,59.297096
12,13,52.607063
12,14,42.78649
12,15,30.0
12,2,35.65384
12,3,46.929054
12,4,54.74762
12,5,60.084446
12,6,63.63825
12,7,65.84639
12,8,66.94368
12,9,67.00269
13,0,0.0
13,1,29.556984
13,10,76.189255
13,11,73.93535
13,12,69.77168
13,13,62.458946
13,14,49.902424
13,15,30.0
13,2,48.631668
13,3,60.2422
13,4,67.402725
13,5,71.91556
13,6,74.76087
13,7,76.45406
13,8,77.241356
13,9,77.186905
14,0,0.0
14,1,49.65766
14,10,87.68967
14,11,86.25509
14,12,83.39535
14,13,77.55464
14,14,64.364265
14,15,30.0
14,2,69.07367
14,3,78.005356
14,4,82.70557
14,5,85.414185
14,6,87.035675
14,7,87.967636
14,8,88.38084
14,9,88.31435
15,0,0.0
15,1,100.0
15,10,100.0
15,11,100.0
15,12,100.0
15,13,100.0
15,14,100.0
15,15,30.0
15,2,100.0
15,3,100.0
15,4,100.0
15,5,100.0
15,6,100.0
15,7,100.0
15,8,100.0
15,9,100.0
2,0,0.0
2,1,1.2870858
2,10,10.119586
2,11,11.369784
2,12,13.26095
2,13,16.368017
2,14,21.632526
2,15,30.0
2,2,2.5407386
2,3,3.7314646
2,4,4.8371606
2,5,5.845887
2,6,6.758257
2,7,7.5902085
2,8,8.377512
2,9,9.18429
3,0,0.0
3,1,1.9719589
3,10,14.747892
3,11,16.15315
3,12,18.070288
3,13,20.842106
3,14,24.819843
3,15,30.0
3,2,3.888888
3,3,5.7022457
3,4,7.375361
3,5,8.887228
3,6,10.235067
3,7,11.4366665
3,8,12.533958
3,9,13.599517
4,0,0.0
4,1,2.7118716
4,10,19.11936
4,11,20.424675
4,12,22.024973
4,13,24.110296
4,14,26.804754
4,15,30.0
4,2,5.340628
4,3,7.8132977
4,4,10.074845
4,5,12.09264
4,6,13.858161
4,7,15.3874855
4,8,16.722183
4,9,17.931973
5,0,0.0
5,1,3.5349116
5,10,23.372952
5,11,24.40126
5,12,25.494673
5,13,26.769379
5,14,28.288889
5,15,30.0
5,2,6.9484806
5,3,10.135508
5,4,13.018131
5,5,15.550376
5,6,17.717514
5,7,19.532986
5,8,21.03539
5,9,22.286888
6,0,0.0
6,1,4.479309
6,10,27.684355
6,11,28.312796
6,12,28.783115
6,13,29.18369
6,14,29.581438
6,15,30.0
6,2,8.782905
6,3,12.762164
6,4,16.311848
6,5,19.373283
6,6,21.9286
6,7,23.991627
6,8,25.599567
6,9,26.807312
7,0,0.0
7,1,5.5994368
7,10,32.24444
7,11,32.382507
7,12,32.141357
7,13,31.60085
7,14,30.853199
7,15,30.0
7,2,10.941698
7,3,15.81844
7,4,20.09387
7,5,23.702381
7,6,26.632048
7,7,28.90543
7,8,30.56403
7,9,31.6585
8,0,0.0
8,1,6.976756
8,10,37.25245
8,11,36.831512
8,12,35.798992
8,13,34.225197
8,14,32.230515
8,15,30.0
8,2,13.566044
8,3,19.476076
8,4,24.542875
8,5,28.710396
8,6,31.99186
8,7,34.434097
8,8,36.092693
8,9,37.018314
9,0,0.0
9,1,8.741561
9,10,42.91561
9,11,41.89217
9,12,39.99795
9,13,37.270462
9,14,33.843693
9,15,30.0
9,2,16.869678
9,3,23.976997
9,4,29.891218
9,5,34.604538
9,6,38.19097
9,7,40.746483
9,8,42.354427
9,9,43.069683
