0,0,0.0
0,1,0.0
0,10,0.0
0,11,0.0
0,12,0.0
0,13,0.0
0,14,0.0
0,15,30.0
0,2,0.0
0,3,0.0
0,4,0.0
0,5,0.0
0,6,0.0
0,7,0.0
0,8,0.0
0,9,0.0
1,0,0.0
1,1,1.1470225
1,10,6.315178
1,11,6.863481
1,12,7.92782
1,13,10.198697
1,14,15.573944
1,15,30.0
1,2,2.2266028
1,3,3.1865654
1,4,3.987906
1,5,4.6241426
1,6,5.1021414
1,7,5.456332
1,8,5.729841
1,9,5.986435
10,0,0.0
10,1,10.4436
10,10,42.780586
10,11,41.816727
10,12,40.094597
10,13,37.511597
10,14,34.053318
10,15,30.0
10,2,19.773659
10,3,27.38961
10,4,33.192394
10,5,37.34896
10,6,40.156067
10,7,41.903465
10,8,42.835007
10,9,43.110672
11,0,0.0
11,1,13.649565
11,10,50.040207
11,11,48.639767
11,12,46.15629
11,13,42.253487
11,14,36.756165
11,15,30.0
11,2,25.2811
11,3,34.23228
11,4,40.670536
11,5,45.0739
11,6,47.924164
11,7,49.62979
11,8,50.47368
11,9,50.60391
12,0,0.0
12,1,19.017101
12,10,59.499928
12,11,57.79174
12,12,54.628162
12,13,49.312397
12,14,41.080315
12,15,30.0
12,2,33.78714
12,3,44.08023
12,4,50.905167
12,5,55.27894
12,6,57.979275
12,7,59.523956
12,8,60.2295
12,9,60.236923
13,0,0.0
13,1,28.806114
13,10,71.25756
13,11,69.55586
13,12,66.217445
13,13,59.950558
13,14,48.606556
13,15,30.0
13,2,47.116653
13,3,57.952053
13,4,64.339035
13,5,68.12232
13,6,70.33033
13,7,71.540985
13,8,72.05725
13,9,71.98576
14,0,0.0
14,1,49.236763
14,10,85.01424
14,11,83.885475
14,12,81.47185
14,13,76.20018
14,14,63.663685
14,15,30.0
14,2,68.22809
14,3,76.7306
14,4,81.0099
14,5,83.32321
14,6,84.605034
14,7,85.28259
14,8,85.5561
14,9,85.48933
15,0,0.0
15,1,100.0
15,10,100.0
15,11,100.0
15,12,100.0
15,13,100.0
15,14,100.0
15,15,30.0
15,2,100.0
15,3,100.0
15,4,100.0
15,5,100.0
15,6,100.0
15,7,100.0
15,8,100.0
15,9,100.0
2,0,0.0
2,1,2.232464
2,10,12.1311
2,11,12.9812565
2,12,14.466589
2,13,17.170883
2,14,22.03291
2,15,30.0
2,2,4.3369827
2,3,6.2011924
2,4,7.764426
2,5,8.995856
2,6,9.9256935
2,7,10.603896
2,8,11.120159
2,9,11.581123
3,0,0.0
3,1,3.212919
3,10,17.14998
3,11,18.04504
3,12,19.468393
3,13,21.761074
3,14,25.276129
3,15,30.0
3,2,6.2358155
3,3,8.920464
3,4,11.1584635
3,5,12.9289875
3,6,14.250511
3,7,15.211093
3,8,15.916639
3,9,16.508163
4,0,0.0
4,1,4.064314
4,10,21.292416
4,11,22.075672
4,12,23.20104
4,13,24.86405
4,14,27.170912
4,15,30.0
4,2,7.8916674
4,3,11.277028
4,4,14.106445
4,5,16.326103
4,6,17.984749
4,7,19.166622
4,8,20.010517
4,9,20.664495
5,0,0.0
5,1,4.806819
5,10,24.67518
5,11,25.262373
5,12,26.024622
5,13,27.060791
5,14,28.416536
5,15,30.0
5,2,9.322849
5,3,13.319639
5,4,16.638033
5,5,19.24356
5,6,21.166428
5,7,22.524958
5,8,23.456497
5,9,24.121037
6,0,0.0
6,1,5.4896955
6,10,27.553898
6,11,27.917612
6,12,28.29571
6,13,28.764126
6,14,29.340565
6,15,30.0
6,2,10.6427355
6,3,15.177079
6,4,18.93579
6,5,21.857006
6,6,24.004616
6,7,25.490402
6,8,26.475163
6,9,27.115604
7,0,0.0
7,1,6.216493
7,10,30.31537
7,11,30.41964
7,12,30.404573
7,13,30.305601
7,14,30.164368
7,15,30.0
7,2,12.024471
7,3,17.110716
7,4,21.280687
7,5,24.50182
7,6,26.83271
7,7,28.421274
7,8,29.428919
7,9,30.015293
8,0,0.0
8,1,7.12819
8,10,33.42051
8,11,33.232605
8,12,32.756393
8,13,32.026474
8,14,31.076067
8,15,30.0
8,2,13.745348
8,3,19.462536
8,4,24.093658
8,5,27.606955
8,6,30.115238
8,7,31.780087
8,8,32.787735
8,9,33.297817
9,0,0.0
9,1,8.437342
9,10,37.40258
9,11,36.850105
9,12,35.821205
9,13,34.282227
9,14,32.288208
9,15,30.0
9,2,16.160833
9,3,22.70258
9,4,27.86828
9,5,31.705696
9,6,34.374577
9,7,36.099014
9,8,37.08377
9,9,37.485565
