0,0,0.0
0,1,0.0
0,10,0.0
0,11,0.0
0,12,0.0
0,13,0.0
0,14,0.0
0,15,30.0
0,2,0.0
0,3,0.0
0,4,0.0
0,5,0.0
0,6,0.0
0,7,0.0
0,8,0.0
0,9,0.0
1,0,0.0
1,1,0.633222
1,10,5.1661577
1,11,5.936671
1,12,7.228756
1,13,9.731669
1,14,15.339787
1,15,30.0
1,2,1.2507715
1,3,1.8388523
1,4,2.3872423
1,5,2.8907661
1,6,3.3507197
1,7,3.7767181
1,8,4.1898937
1,9,4.629339
10,0,0.0
10,1,11.109295
10,10,49.403816
10,11,47.78553
10,12,45.000023
10,13,40.994133
10,14,35.86311
10,15,30.0
10,2,21.173529
10,3,29.64124
10,4,36.402794
10,5,41.581585
10,6,45.372658
10,7,47.95578
10,8,49.458103
10,9,49.9418
11,0,0.0
11,1,14.534538
11,10,57.02487
11,11,54.89124
11,12,51.25825
11,13,45.867687
11,14,38.62728
11,15,30.0
11,2,27.098274
11,3,37.0469
11,4,44.541748
11,5,49.998447
11,6,53.81958
11,7,56.305897
11,8,57.64053
11,9,57.893196
12,0,0.0
12,1,19.9314
12,10,65.91475
12,11,63.499313
12,12,59.276443
12,13,52.59275
12,14,42.779175
12,15,30.0
12,2,35.639732
12,3,46.908653
12,4,54.721794
12,5,60.054314
12,6,63.60511
12,7,65.81169
12,8,66.90892
12,9,66.9694
13,0,0.0
13,1,29.551981
13,10,76.16818
13,11,73.91725
13,12,69.75735
13,13,62.44902
13,14,49.897346
13,15,30.0
13,2,48.62188
13,3,60.228043
13,4,67.38481
13,5,71.894646
13,6,74.737885
13,7,76.42998
13,8,77.21724
13,9,77.16381
14,0,0.0
14,1,49.6551
14,10,87.67889
14,11,86.24583
14,12,83.388016
14,13,77.54956
14,14,64.361664
14,15,30.0
14,2,69.06866
14,3,77.99811
14,4,82.696396
14,5,85.40349
14,6,87.0239
14,7,87.95531
14,8,88.368484
14,9,88.30252
15,0,0.0
15,1,100.0
15,10,100.0
15,11,100.0
15,12,100.0
15,13,100.0
15,14,100.0
15,15,30.0
15,2,100.0
15,3,100.0
15,4,100.0
15,5,100.0
15,6,100.0
15,7,100.0
15,8,100.0
15,9,100.0
2,0,0.0
2,1,1.2823217
2,10,10.099503
2,11,11.352528
2,12,13.247286
2,13,16.358555
2,14,21.627687
2,15,30.0
2,2,2.531414
2,3,3.7179778
2,4,4.820089
2,5,5.8259654
2,6,6.7363467
2,7,7.5672574
2,8,8.354523
2,9,9.162268
3,0,0.0
3,1,1.9650545
3,10,14.718788
3,11,16.128143
3,12,18.050486
3,13,20.828394
3,14,24.81283
3,15,30.0
3,2,3.8753738
3,3,5.6827
3,4,7.3506207
3,5,8.858358
3,6,10.203314
3,7,11.403408
3,8,12.500643
3,9,13.567606
4,0,0.0
4,1,2.7031093
4,10,19.082428
4,11,20.39294
4,12,21.999846
4,13,24.092894
4,14,26.795855
4,15,30.0
4,2,5.3234777
4,3,7.7884927
4,4,10.043448
4,5,12.056002
4,6,13.817863
4,7,15.345275
4,8,16.679909
4,9,17.891474
5,0,0.0
5,1,3.524654
5,10,23.329716
5,11,24.36411
5,12,25.465258
5,13,26.749008
5,14,28.278471
5,15,30.0
5,2,6.9284034
5,3,10.106469
5,4,12.981376
5,5,15.507485
5,6,17.67034
5,7,19.483574
5,8,20.985895
5,9,22.239483
6,0,0.0
6,1,4.467987
6,10,27.636637
6,11,28.271793
6,12,28.750652
6,13,29.161203
6,14,29.569939
6,15,30.0
6,2,8.760743
6,3,12.73011
6,4,16.271276
6,5,19.32594
6,6,21.876528
6,7,23.937086
6,8,25.54494
6,9,26.754982
7,0,0.0
7,1,5.587532
7,10,32.194263
7,11,32.339405
7,12,32.10722
7,13,31.577213
7,14,30.84111
7,15,30.0
7,2,10.918398
7,3,15.7847395
7,4,20.051214
7,5,23.652603
7,6,26.577297
7,7,28.848087
7,8,30.506592
7,9,31.603489
8,0,0.0
8,1,6.9647856
8,10,37.202007
8,11,36.78817
8,12,35.76467
8,13,34.201424
8,14,32.21836
8,15,30.0
8,2,13.542614
8,3,19.442188
8,4,24.499985
8,5,28.66034
8,6,31.936808
8,7,34.37644
8,8,36.034943
8,9,36.962997
9,0,0.0
9,1,8.730052
9,10,42.86711
9,11,41.850494
9,12,39.96495
9,13,37.247612
9,14,33.83201
9,15,30.0
9,2,16.847153
9,3,23.944414
9,4,29.849981
9,5,34.55641
9,6,38.138046
9,7,40.691048
9,8,42.298897
9,9,43.016502
