0,0,0.0
0,1,0.0
0,10,0.0
0,11,0.0
0,12,0.0
0,13,0.0
0,14,0.0
0,15,30.0
0,2,0.0
0,3,0.0
0,4,0.0
0,5,0.0
0,6,0.0
0,7,0.0
0,8,0.0
0,9,0.0
1,0,0.0
1,1,1.2555891
1,10,6.5489163
1,11,7.0605235
1,12,8.08104
1,13,10.305506
1,14,15.628023
1,15,30.0
1,2,2.4327211
1,3,3.4629488
1,4,4.312293
1,5,4.9647317
1,6,5.4429007
1,7,5.7789745
1,8,6.028159
1,9,6.2546177
10,0,0.0
10,1,10.382544
10,10,41.76224
10,11,40.891743
10,12,39.342987
10,13,36.971737
10,14,33.776463
10,15,30.0
10,2,19.624855
10,3,27.125612
10,4,32.768227
10,5,36.753696
10,6,39.383892
10,7,40.98539
10,8,41.81943
10,9,42.054016
11,0,0.0
11,1,13.527977
11,10,48.88424
11,11,47.61377
11,12,45.310715
11,13,41.66078
11,14,36.445385
11,15,30.0
11,2,25.026913
11,3,33.814438
11,4,40.077766
11,5,44.289963
11,6,46.969364
11,7,48.535225
11,8,49.290962
11,9,49.40438
12,0,0.0
12,1,18.874638
12,10,58.393112
12,11,56.799362
12,12,53.8268
12,13,48.74015
12,14,40.78707
12,15,30.0
12,2,33.48911
12,3,43.619625
12,4,50.264244
12,5,54.467743
12,6,57.01036
12,7,58.435913
12,8,59.07386
12,9,59.067955
13,0,0.0
13,1,28.679234
13,10,70.375
13,11,68.77754
13,12,65.57919
13,13,59.504032
13,14,48.372936
13,15,30.0
13,2,46.86062
13,3,57.55524
13,4,63.80453
13,5,67.44997
13,6,69.5421
13,7,70.664276
13,8,71.1304
13,9,71.05992
14,0,0.0
14,1,49.163704
14,10,84.52863
14,11,83.45189
14,12,81.12249
14,13,75.95117
14,14,63.53614
14,15,30.0
14,2,68.078384
14,3,76.50441
14,4,80.70366
14,5,82.94446
14,6,84.16182
14,7,84.7926
14,8,85.04179
14,9,84.973526
15,0,0.0
15,1,100.0
15,10,100.0
15,11,100.0
15,12,100.0
15,13,100.0
15,14,100.0
15,15,30.0
15,2,100.0
15,3,100.0
15,4,100.0
15,5,100.0
15,6,100.0
15,7,100.0
15,8,100.0
15,9,100.0
2,0,0.0
2,1,2.4366214
2,10,12.552071
2,11,13.331326
2,12,14.742399
2,13,17.359299
2,14,22.130322
2,15,30.0
2,2,4.715879
2,3,6.7184525
2,4,8.358311
2,5,9.627037
2,6,10.5456705
2,7,11.193327
2,8,11.659453
2,9,12.063493
3,0,0.0
3,1,3.4809985
3,10,17.668524
3,11,18.478466
3,12,19.802862
3,13,21.993656
3,14,25.393435
3,15,30.0
3,2,6.742622
3,3,9.59568
3,4,11.943346
3,5,13.743147
3,6,15.053282
3,7,15.959076
3,8,16.597021
3,9,17.11088
4,0,0.0
4,1,4.3672113
4,10,21.80587
4,11,22.493732
4,12,23.526978
4,13,25.084064
4,14,27.284618
4,15,30.0
4,2,8.450199
4,3,12.030709
4,4,14.957719
4,5,17.211594
4,6,18.831907
4,7,19.94858
4,8,20.704315
4,9,21.26693
5,0,0.0
5,1,5.1019297
5,10,25.067083
5,11,25.577488
5,12,26.258408
5,13,27.221628
5,14,28.495848
5,15,30.0
5,2,9.87475
5,3,14.041027
5,4,17.453978
5,5,20.058533
5,6,21.933432
5,7,23.20058
5,8,24.034626
5,9,24.603554
6,0,0.0
6,1,5.749596
6,10,27.732426
6,11,28.036404
6,12,28.37871
6,13,28.811584
6,14,29.36527
6,15,30.0
6,2,11.112655
6,3,15.791588
6,4,19.595165
6,5,22.497292
6,6,24.560135
6,7,25.943707
6,8,26.82002
6,9,27.365307
7,0,0.0
7,1,6.407877
7,10,30.1982
7,11,30.288391
7,12,30.276474
7,13,30.212526
7,14,30.111965
7,15,30.0
7,2,12.371244
7,3,17.53342
7,4,21.712399
7,5,24.862755
7,6,27.090353
7,7,28.554253
7,8,29.450695
7,9,29.953865
8,0,0.0
8,1,7.238492
8,10,32.97834
8,11,32.807518
8,12,32.402954
8,13,31.766287
8,14,30.942577
8,15,30.0
8,2,13.925002
8,3,19.659903
8,4,24.231525
8,5,27.6429
8,6,30.011406
8,7,31.542383
8,8,32.43882
8,9,32.87492
9,0,0.0
9,1,8.455317
9,10,36.63284
9,11,36.15313
9,12,35.237373
9,13,33.870987
9,14,32.07099
9,15,30.0
9,2,16.172062
9,3,22.65025
9,4,27.711899
9,5,31.397697
9,6,33.910706
9,7,35.488747
9,8,36.365063
9,9,36.71587
