0,0,0.0
0,1,0.0
0,10,0.0
0,11,0.0
0,12,0.0
0,13,0.0
0,14,0.0
0,15,30.0
0,2,0.0
0,3,0.0
0,4,0.0
0,5,0.0
0,6,0.0
0,7,0.0
0,8,0.0
0,9,0.0
1,0,0.0
1,1,1.4995651
1,10,7.046465
1,11,7.48305
1,12,8.41882
1,13,10.540093
1,14,15.749835
1,15,30.0
1,2,2.8837752
1,3,4.070326
1,4,5.003086
1,5,5.6884947
1,6,6.1499
1,7,6.449098
1,8,6.6460176
1,9,6.81485
10,0,0.0
10,1,10.285448
10,10,39.69759
10,11,39.0406
10,12,37.811905
10,13,35.88993
10,14,33.20916
10,15,30.0
10,2,19.379139
10,3,26.630768
10,4,31.951702
10,5,35.556408
10,6,37.82482
10,7,39.123276
10,8,39.758644
10,9,39.92909
11,0,0.0
11,1,13.294329
11,10,46.497246
11,11,45.46691
11,12,43.563213
11,13,40.411083
11,14,35.80101
11,15,30.0
11,2,24.513863
11,3,32.9723
11,4,38.84328
11,5,42.660446
11,6,44.968765
11,7,46.248314
11,8,46.83308
11,9,46.903076
12,0,0.0
12,1,18.57259
12,10,56.0264
12,11,54.698288
12,12,52.100662
12,13,47.523933
12,14,40.150917
12,15,30.0
12,2,32.86569
12,3,42.630386
12,4,48.89735
12,5,52.71873
12,6,54.93349
12,7,56.10884
12,8,56.604546
12,9,56.589485
13,0,0.0
13,1,28.406252
13,10,68.47191
13,11,67.07654
13,12,64.19931
13,13,58.519653
13,14,47.865746
13,15,30.0
13,2,46.297264
13,3,56.691948
13,4,62.625557
13,5,65.979416
13,6,67.815834
13,7,68.75329
13,8,69.1221
13,9,69.04668
14,0,0.0
14,1,49.000465
14,10,83.45884
14,11,82.50531
14,12,80.34657
14,13,75.40508
14,14,63.250736
14,15,30.0
14,2,67.748764
14,3,75.99808
14,4,80.02535
14,5,82.10087
14,6,83.18216
14,7,83.713394
14,8,83.910324
14,9,83.84711
15,0,0.0
15,1,100.0
15,10,100.0
15,11,100.0
15,12,100.0
15,13,100.0
15,14,100.0
15,15,30.0
15,2,100.0
15,3,100.0
15,4,100.0
15,5,100.0
15,6,100.0
15,7,100.0
15,8,100.0
15,9,100.0
2,0,0.0
2,1,2.885191
2,10,13.435947
2,11,14.085812
2,12,15.338488
2,13,17.77837
2,14,22.344688
2,15,30.0
2,2,5.5559855
2,3,7.8311157
2,4,9.634828
2,5,10.943441
2,6,11.835419
2,7,12.401172
2,8,12.769997
2,9,13.066252
3,0,0.0
3,1,4.0776105
3,10,18.755968
3,11,19.395243
3,12,20.533089
3,13,22.499361
3,14,25.655937
3,15,30.0
3,2,7.841112
3,3,11.062815
3,4,13.594304
3,5,15.448301
3,6,16.692005
3,7,17.48521
3,8,17.980915
3,9,18.348007
4,0,0.0
4,1,5.0277815
4,10,22.867588
4,11,23.388145
4,12,24.226759
4,13,25.574467
4,14,27.534462
4,15,30.0
4,2,9.67725
4,3,13.635844
4,4,16.764519
4,5,19.03078
4,6,20.562943
4,7,21.519161
4,8,22.103931
4,9,22.49725
5,0,0.0
5,1,5.7588816
5,10,25.893654
5,11,26.251251
5,12,26.786343
5,13,27.581581
5,14,28.682594
5,15,30.0
5,2,11.07079
5,3,15.605214
5,4,19.162352
5,5,21.752474
5,6,23.480938
5,7,24.560362
5,8,25.195732
5,9,25.585209
6,0,0.0
6,1,6.326831
6,10,28.12963
6,11,28.338543
6,12,28.593975
6,13,28.958538
6,14,29.436508
6,15,30.0
6,2,12.164412
6,3,17.121529
6,4,21.016796
6,5,23.826464
6,6,25.70614
6,7,26.860287
6,8,27.525337
6,9,27.898102
7,0,0.0
7,1,6.857556
7,10,30.031933
7,11,30.08374
7,12,30.091064
7,13,30.066929
7,14,30.036846
7,15,30.0
7,2,13.161297
7,3,18.503977
7,4,22.664993
7,5,25.663063
7,6,27.644434
7,7,28.85534
7,8,29.531593
7,9,29.87482
8,0,0.0
8,1,7.513953
8,10,32.149845
8,11,32.032967
8,12,31.74342
8,13,31.296343
8,14,30.693243
8,15,30.0
8,2,14.390711
8,3,20.15633
8,4,24.614227
8,5,27.780968
8,6,29.861265
8,7,31.109528
8,8,31.785782
8,9,32.09165
9,0,0.0
9,1,8.543331
9,10,35.14386
9,11,34.78624
9,12,34.113976
9,13,33.061317
9,14,31.65301
9,15,30.0
9,2,16.267193
9,3,22.64153
9,4,27.464485
9,5,30.840698
9,6,33.012695
9,7,34.294903
9,8,34.959953
9,9,35.20466
