0,0,0.0
0,1,0.0
0,10,0.0
0,11,0.0
0,12,0.0
0,13,0.0
0,14,0.0
0,15,30.0
0,2,0.0
0,3,0.0
0,4,0.0
0,5,0.0
0,6,0.0
0,7,0.0
0,8,0.0
0,9,0.0
1,0,0.0
1,1,0.634923
1,10,5.173359
1,11,5.942862
1,12,7.2336597
1,13,9.735066
1,14,15.341524
1,15,30.0
1,2,1.2541015
1,3,1.8436702
1,4,2.393343
1,5,2.897889
1,6,3.3585582
1,7,3.7849336
1,8,4.1981277
1,9,4.637231
10,0,0.0
10,1,11.116765
10,10,49.435425
10,11,47.81269
10,12,45.02155
10,13,41.00904
10,14,35.87074
10,15,30.0
10,2,21.188154
10,3,29.6624
10,4,36.429585
10,5,41.612865
10,6,45.407078
10,7,47.99185
10,8,49.49425
10,9,49.976437
11,0,0.0
11,1,14.540985
11,10,57.052155
11,11,54.914692
11,12,51.276825
11,13,45.880558
11,14,38.63386
11,15,30.0
11,2,27.110899
11,3,37.065166
11,4,44.564873
11,5,50.02545
11,6,53.849293
11,7,56.337032
11,8,57.67173
11,9,57.92309
12,0,0.0
12,1,19.936525
12,10,65.936424
12,11,63.517956
12,12,59.291206
12,13,52.602978
12,14,42.78441
12,15,30.0
12,2,35.64977
12,3,46.923172
12,4,54.740177
12,5,60.07577
12,6,63.62873
12,7,65.836426
12,8,66.933716
12,9,66.993164
13,0,0.0
13,1,29.555542
13,10,76.18324
13,11,73.93019
13,12,69.7676
13,13,62.456123
13,14,49.900978
13,15,30.0
13,2,48.628853
13,3,60.23812
13,4,67.39758
13,5,71.909546
13,6,74.75428
13,7,76.44716
13,8,77.23446
13,9,77.18031
14,0,0.0
14,1,49.65693
14,10,87.68659
14,11,86.25245
14,12,83.393265
14,13,77.5532
14,14,64.363525
14,15,30.0
14,2,69.07223
14,3,78.00327
14,4,82.70293
14,5,85.41113
14,6,87.032295
14,7,87.96411
14,8,88.377304
14,9,88.310974
15,0,0.0
15,1,100.0
15,10,100.0
15,11,100.0
15,12,100.0
15,13,100.0
15,14,100.0
15,15,30.0
15,2,100.0
15,3,100.0
15,4,100.0
15,5,100.0
15,6,100.0
15,7,100.0
15,8,100.0
15,9,100.0
2,0,0.0
2,1,1.2856574
2,10,10.113624
2,11,11.364666
2,12,13.256901
2,13,16.365215
2,14,21.631096
2,15,30.0
2,2,2.5379438
2,3,3.7274256
2,4,4.832052
2,5,5.839933
2,6,6.7517176
2,7,7.583367
2,8,8.370669
2,9,9.177743
3,0,0.0
3,1,1.9698935
3,10,14.739271
3,11,16.145752
3,12,18.064434
3,13,20.838057
3,14,24.817776
3,15,30.0
3,2,3.8848472
3,3,5.6964054
3,4,7.367975
3,5,8.87862
3,6,10.225611
3,7,11.426778
3,8,12.524063
3,9,13.590054
4,0,0.0
4,1,2.7092586
4,10,19.108456
4,11,20.415314
4,12,22.01757
4,13,24.105175
4,14,26.802135
4,15,30.0
4,2,5.335516
4,3,7.8059087
4,4,10.065503
4,5,12.081749
4,6,13.8462
4,7,15.374971
4,8,16.709671
4,9,17.919998
5,0,0.0
5,1,3.5318642
5,10,23.36023
5,11,24.390345
5,12,25.486036
5,13,26.763405
5,14,28.285837
5,15,30.0
5,2,6.942518
5,3,10.126891
5,4,13.007235
5,5,15.537677
5,6,17.703562
5,7,19.518394
5,8,21.02079
5,9,22.272928
6,0,0.0
6,1,4.47596
6,10,27.670378
6,11,28.300798
6,12,28.773628
6,13,29.177124
6,14,29.578083
6,15,30.0
6,2,8.776352
6,3,12.752693
6,4,16.299873
6,5,19.359324
6,6,21.913265
6,7,23.975586
6,8,25.583527
6,9,26.791962
7,0,0.0
7,1,5.595931
7,10,32.229805
7,11,32.369953
7,12,32.131424
7,13,31.593977
7,14,30.849686
7,15,30.0
7,2,10.934839
7,3,15.808529
7,4,20.081333
7,5,23.687773
7,6,26.615997
7,7,28.888641
7,8,30.547234
7,9,31.64244
8,0,0.0
8,1,6.9732466
8,10,37.23781
8,11,36.818947
8,12,35.789047
8,13,34.218315
8,14,32.227
8,15,30.0
8,2,13.559179
8,3,19.466152
8,4,24.53033
8,5,28.695768
8,6,31.975796
8,7,34.41729
8,8,36.07589
8,9,37.00223
9,0,0.0
9,1,8.738203
9,10,42.90159
9,11,41.88014
9,12,39.988434
9,13,37.263878
9,14,33.840324
9,15,30.0
9,2,16.863106
9,3,23.967499
9,4,29.879208
9,5,34.590538
9,6,38.1756
9,7,40.730396
9,8,42.338333
9,9,43.054295
