0,0,0.0
0,1,0.0
0,10,0.0
0,11,0.0
0,12,0.0
0,13,0.0
0,14,0.0
0,15,30.0
0,2,0.0
0,3,0.0
0,4,0.0
0,5,0.0
0,6,0.0
0,7,0.0
0,8,0.0
0,9,0.0
1,0,0.0
1,1,1.1147667
1,10,6.245254
1,11,6.8060637
1,12,7.8821917
1,13,10.168161
1,14,15.557901
1,15,30.0
1,2,2.1676426
1,3,3.1039252
1,4,3.8937836
1,5,4.521476
1,6,5.001542
1,7,5.3589697
1,8,5.640732
1,9,5.9065356
10,0,0.0
10,1,10.465141
10,10,43.09255
10,11,42.091263
10,12,40.326454
10,13,37.670906
10,14,34.138992
10,15,30.0
10,2,19.818785
10,3,27.475227
10,4,33.319344
10,5,37.532013
10,6,40.38779
10,7,42.17997
10,8,43.1429
10,9,43.426266
11,0,0.0
11,1,13.685451
11,10,50.38105
11,11,48.95124
11,12,46.404007
11,13,42.434113
11,14,36.84678
11,15,30.0
11,2,25.360662
11,3,34.35537
11,4,40.850937
11,5,45.30565
11,6,48.20976
11,7,49.956314
11,8,50.82455
11,9,50.96537
12,0,0.0
12,1,19.060705
12,10,59.831608
12,11,58.08093
12,12,54.86947
12,13,49.478134
12,14,41.168777
12,15,30.0
12,2,33.87377
12,3,44.219162
12,4,51.092186
12,5,55.520164
12,6,58.264343
12,7,59.844887
12,8,60.572952
12,9,60.579773
13,0,0.0
13,1,28.842628
13,10,71.51395
13,11,69.788055
13,12,66.40161
13,13,60.084145
13,14,48.673637
13,15,30.0
13,2,47.19335
13,3,58.06663
13,4,64.49736
13,5,68.31788
13,6,70.561905
13,7,71.79853
13,8,72.32809
13,9,72.26026
14,0,0.0
14,1,49.258553
14,10,85.15809
14,11,84.01048
14,12,81.575775
14,13,76.27152
14,14,63.701683
14,15,30.0
14,2,68.271
14,3,76.797516
14,4,81.09821
14,5,83.43431
14,6,84.73403
14,7,85.42553
14,8,85.70729
14,9,85.63902
15,0,0.0
15,1,100.0
15,10,100.0
15,11,100.0
15,12,100.0
15,13,100.0
15,14,100.0
15,15,30.0
15,2,100.0
15,3,100.0
15,4,100.0
15,5,100.0
15,6,100.0
15,7,100.0
15,8,100.0
15,9,100.0
2,0,0.0
2,1,2.174231
2,10,12.006885
2,11,12.876553
2,12,14.387089
2,13,17.114817
2,14,22.00524
2,15,30.0
2,2,4.2240186
2,3,6.0521097
2,4,7.5858545
2,5,8.810813
2,6,9.738101
2,7,10.42832
2,8,10.957876
2,9,11.436464
3,0,0.0
3,1,3.1331484
3,10,16.994179
3,11,17.918825
3,12,19.368435
3,13,21.694864
3,14,25.241224
3,15,30.0
3,2,6.090508
3,3,8.718124
3,4,10.93008
3,5,12.682734
3,6,14.01263
3,7,14.984418
3,8,15.712483
3,9,16.32806
4,0,0.0
4,1,3.9778514
4,10,21.141333
4,11,21.950218
4,12,23.108185
4,13,24.798454
4,14,27.13918
4,15,30.0
4,2,7.7250013
4,3,11.059554
4,4,13.849906
4,5,16.065935
4,6,17.727417
4,7,18.932829
4,8,19.801064
4,9,20.483032
5,0,0.0
5,1,4.7192144
5,10,24.55743
5,11,25.173271
5,12,25.954979
5,13,27.017334
5,14,28.393066
5,15,30.0
5,2,9.1652155
5,3,13.103747
5,4,16.40136
5,5,18.996893
5,6,20.93947
5,7,22.319988
5,8,23.282917
5,9,23.977943
6,0,0.0
6,1,5.4165115
6,10,27.505943
6,11,27.882906
6,12,28.277733
6,13,28.750666
6,14,29.336258
6,15,30.0
6,2,10.503524
6,3,15.00222
6,4,18.738201
6,5,21.671448
6,6,23.836637
6,7,25.356503
6,8,26.372854
6,9,27.041348
7,0,0.0
7,1,6.160589
7,10,30.352333
7,11,30.46754
7,12,30.444336
7,13,30.339886
7,14,30.180557
7,15,30.0
7,2,11.928823
7,3,16.986195
7,4,21.160496
7,5,24.39434
7,6,26.760736
7,7,28.38303
7,8,29.424866
7,9,30.039429
8,0,0.0
8,1,7.099796
8,10,33.56209
8,11,33.361664
8,12,32.871216
8,13,32.105072
8,14,31.119762
8,15,30.0
8,2,13.694008
8,3,19.413074
8,4,24.054615
8,5,27.604103
8,6,30.148582
8,7,31.855816
8,8,32.89765
8,9,33.427277
9,0,0.0
9,1,8.433156
9,10,37.634193
9,11,37.06828
9,12,35.99583
9,13,34.411873
9,14,32.352905
9,15,30.0
9,2,16.164732
9,3,22.720314
9,4,27.92358
9,5,31.799692
9,6,34.519005
9,7,36.285477
9,8,37.30183
9,9,37.72371
