0,0,0.0
0,1,0.0
0,10,0.0
0,11,0.0
0,12,0.0
0,13,0.0
0,14,0.0
0,15,30.0
0,2,0.0
0,3,0.0
0,4,0.0
0,5,0.0
0,6,0.0
0,7,0.0
0,8,0.0
0,9,0.0
1,0,0.0
1,1,0.62905836
1,10,5.146599
1,11,5.919669
1,12,7.2151675
1,13,9.722193
1,14,15.334919
1,15,30.0
1,2,1.2425787
1,3,1.8269092
1,4,2.3719592
1,5,2.872706
1,6,3.3305688
1,7,3.7552967
1,8,4.168112
1,9,4.6081734
10,0,0.0
10,1,11.084569
10,10,49.291607
10,11,47.68834
10,12,44.922558
10,13,40.940228
10,14,35.835457
10,15,30.0
10,2,21.124975
10,3,29.570625
10,4,36.312767
10,5,41.475616
10,6,45.254982
10,7,47.831253
10,8,49.332077
10,9,49.81989
11,0,0.0
11,1,14.512598
11,10,56.925575
11,11,54.805244
11,12,51.189735
11,13,45.820007
11,14,38.602833
11,15,30.0
11,2,27.055187
11,3,36.98426
11,4,44.461906
11,5,49.9045
11,6,53.715282
11,7,56.19558
11,8,57.528923
11,9,57.785263
12,0,0.0
12,1,19.91357
12,10,65.83423
12,11,63.429615
12,12,59.2209
12,13,52.55412
12,14,42.75936
12,15,30.0
12,2,35.604733
12,3,46.857765
12,4,54.65695
12,5,59.97803
12,6,63.520447
12,7,65.72215
12,8,66.818375
12,9,66.88187
13,0,0.0
13,1,29.539402
13,10,76.11145
13,11,73.86814
13,12,69.71824
13,13,62.421803
13,14,49.883392
13,15,30.0
13,2,48.59718
13,3,60.19214
13,4,67.339066
13,5,71.840836
13,6,74.67818
13,7,76.36685
13,8,77.15341
13,9,77.10211
14,0,0.0
14,1,49.648594
14,10,87.64956
14,11,86.22044
14,12,83.3678
14,13,77.53549
14,14,64.354454
14,15,30.0
14,2,69.05588
14,3,77.97954
14,4,82.67273
14,5,85.375656
14,6,86.99303
14,7,87.922676
14,8,88.33549
14,9,88.27063
15,0,0.0
15,1,100.0
15,10,100.0
15,11,100.0
15,12,100.0
15,13,100.0
15,14,100.0
15,15,30.0
15,2,100.0
15,3,100.0
15,4,100.0
15,5,100.0
15,6,100.0
15,7,100.0
15,8,100.0
15,9,100.0
2,0,0.0
2,1,1.274023
2,10,10.060608
2,11,11.3187275
2,12,13.220272
2,13,16.33972
2,14,21.618013
2,15,30.0
2,2,2.5150938
2,3,3.69418
2,4,4.7896557
2,5,5.789998
2,6,6.6962385
2,7,7.5246234
2,8,8.311188
2,9,9.12017
3,0,0.0
3,1,1.9527107
3,10,14.661108
3,11,16.07803
3,12,18.01045
3,13,20.80048
3,14,24.798498
3,15,30.0
3,2,3.8510919
3,3,5.647316
3,4,7.3053675
3,5,8.8049135
3,6,10.143725
3,7,11.340108
3,8,12.436321
3,9,13.505146
4,0,0.0
4,1,2.6869001
4,10,19.007
4,11,20.327442
4,12,21.94753
4,13,24.056433
4,14,26.777132
4,15,30.0
4,2,5.2916126
4,3,7.742054
4,4,9.984102
4,5,11.985926
4,6,13.739794
4,7,15.262374
4,8,16.595722
4,9,17.809767
5,0,0.0
5,1,3.504925
5,10,23.238306
5,11,24.284763
5,12,25.401907
5,13,26.704865
5,14,28.25581
5,15,30.0
5,2,6.8896103
5,3,10.049975
5,4,12.909189
5,5,15.4223175
5,6,17.57549
5,7,19.382933
5,8,20.883753
5,9,22.140404
6,0,0.0
6,1,4.445269
6,10,27.531887
6,11,28.180916
6,12,28.678118
6,13,29.110682
6,14,29.544006
6,15,30.0
6,2,8.716101
6,3,12.6651
6,4,16.188272
6,5,19.22804
6,6,21.767588
6,7,23.821548
6,8,25.427763
6,9,26.64139
7,0,0.0
7,1,5.5626082
7,10,32.079853
7,11,32.240177
7,12,32.028065
7,13,31.522083
7,14,30.81282
7,15,30.0
7,2,10.869413
7,3,15.713453
7,4,19.960217
7,5,23.545357
7,6,26.45801
7,7,28.72167
7,8,30.37845
7,9,31.47934
8,0,0.0
8,1,6.9386597
8,10,37.082592
8,11,36.68467
8,12,35.68212
8,13,34.14396
8,14,32.188873
8,15,30.0
8,2,13.491292
8,3,19.367506
8,4,24.404709
8,5,28.548092
8,6,31.812044
8,7,34.24428
8,8,35.90107
8,9,36.833366
9,0,0.0
9,1,8.70395
9,10,42.748253
9,11,41.747505
9,12,39.88285
9,13,37.190456
9,14,33.802685
9,15,30.0
9,2,16.795874
9,3,23.869835
9,4,29.754856
9,5,34.44441
9,6,38.013596
9,7,40.559307
9,8,42.165512
9,9,42.887405
