0,0,0.0
0,1,0.0
0,10,0.0
0,11,0.0
0,12,0.0
0,13,0.0
0,14,0.0
0,15,0.0
0,16,0.0
0,17,0.0
0,18,0.0
0,19,0.0
0,2,0.0
0,20,0.0
0,21,0.0
0,22,0.0
0,23,0.0
0,24,0.0
0,25,0.0
0,26,0.0
0,27,0.0
0,28,0.0
0,29,30.0
0,3,0.0
0,4,0.0
0,5,0.0
0,6,0.0
0,7,0.0
0,8,0.0
0,9,0.0
1,0,0.0
1,1,0.68832135
1,10,4.2989984
1,11,4.3929625
1,12,4.455769
1,13,4.4967356
1,14,4.522747
1,15,4.539708
1,16,4.552126
1,17,4.56402
1,18,4.5797496
1,19,4.6045456
1,2,1.3520598
1,20,4.6467705
1,21,4.7188406
1,22,4.8425994
1,23,5.0542297
1,24,5.421159
1,25,6.0728703
1,26,7.2901993
1,27,9.752539
1,28,15.34416
1,29,30.0
1,3,1.9700235
1,4,2.5240598
1,5,3.0042248
1,6,3.4043634
1,7,3.7270575
1,8,3.9768915
1,9,4.16428
10,0,0.0
10,1,4.2989187
10,10,26.788012
10,11,27.36531
10,12,27.751045
10,13,27.998932
10,14,28.15299
10,15,28.245808
10,16,28.301243
10,17,28.336002
10,18,28.36161
10,19,28.387127
10,2,8.445033
10,20,28.419308
10,21,28.465746
10,22,28.532734
10,23,28.628716
10,24,28.759628
10,25,28.93224
10,26,29.147709
10,27,29.404522
10,28,29.693214
10,29,30.0
10,3,12.300192
10,4,15.758363
10,5,18.747631
10,6,21.240868
10,7,23.243639
10,8,24.796066
10,9,25.954245
11,0,0.0
11,1,4.392781
11,10,27.365189
11,11,27.954731
11,12,28.347864
11,13,28.60075
11,14,28.757387
11,15,28.851427
11,16,28.906773
11,17,28.939985
11,18,28.962524
11,19,28.982042
11,2,8.628675
11,20,29.004927
11,21,29.035803
11,22,29.080181
11,23,29.142017
11,24,29.226437
11,25,29.335638
11,26,29.471561
11,27,29.631456
11,28,29.810583
11,29,30.0
11,3,12.5683365
11,4,16.100443
11,5,19.155197
11,6,21.700829
11,7,23.747252
11,8,25.331585
11,9,26.51476
12,0,0.0
12,1,4.4553556
12,10,27.750698
12,11,28.34768
12,12,28.746107
12,13,29.001955
12,14,29.160416
12,15,29.255127
12,16,29.310284
12,17,29.342434
12,18,29.36248
12,19,29.377953
12,2,8.751986
12,20,29.393696
12,21,29.414028
12,22,29.441841
12,23,29.480688
12,24,29.532503
12,25,29.599682
12,26,29.68203
12,27,29.778828
12,28,29.886372
12,29,30.0
12,3,12.747097
12,4,16.329906
12,5,19.42691
12,6,22.00892
12,7,24.082994
12,8,25.689745
12,9,26.888437
13,0,0.0
13,1,4.4958453
13,10,27.998117
13,11,28.60024
13,12,29.001698
13,13,29.259604
13,14,29.419073
13,15,29.514214
13,16,29.569214
13,17,29.600515
13,18,29.618988
13,19,29.63145
13,2,8.831123
13,20,29.64265
13,21,29.655483
13,22,29.672684
13,23,29.695816
13,24,29.726849
13,25,29.766317
13,26,29.814861
13,27,29.871275
13,28,29.933994
13,29,30.0
13,3,12.862677
13,4,16.477173
13,5,19.602345
13,6,22.20665
13,7,24.299408
13,8,25.91961
13,9,27.12892
14,0,0.0
14,1,4.5208535
14,10,28.151274
14,11,28.756235
14,12,29.159733
14,13,29.418741
14,14,29.578882
14,15,29.674238
14,16,29.729095
14,17,29.759892
14,18,29.777227
14,19,29.787893
14,2,8.880426
14,20,29.795946
14,21,29.80424
14,22,29.814377
14,23,29.827936
14,24,29.84559
14,25,29.868217
14,26,29.895613
14,27,29.92758
14,28,29.962845
14,29,30.0
14,3,12.934064
14,4,16.568806
14,5,19.710697
14,6,22.329475
14,7,24.433075
14,8,26.062126
14,9,27.277449
15,0,0.0
15,1,4.5358586
15,10,28.242277
15,11,28.849089
15,12,29.25364
15,13,29.513369
15,14,29.67385
15,15,29.769333
15,16,29.824102
15,17,29.854538
15,18,29.871237
15,19,29.880695
15,2,8.909722
15,20,29.886957
15,21,29.892303
15,22,29.898352
15,23,29.905905
15,24,29.915775
15,25,29.928118
15,26,29.943192
15,27,29.960564
15,28,29.979809
15,29,30.0
15,3,12.976858
15,4,16.623253
15,5,19.775545
15,6,22.402449
15,7,24.512909
15,8,26.146809
15,9,27.36599
16,0,0.0
16,1,4.5444326
16,10,28.294415
16,11,28.902143
16,12,29.307365
16,13,29.567448
16,14,29.728136
16,15,29.823679
16,16,29.87838
16,17,29.90863
16,18,29.924908
16,19,29.933722
16,2,8.926632
16,20,29.93885
16,21,29.942589
16,22,29.946138
16,23,29.950361
16,24,29.955597
16,25,29.962204
16,26,29.970108
16,27,29.979296
16,28,29.989384
16,29,30.0
16,3,13.001308
16,4,16.654636
16,5,19.812595
16,6,22.444431
16,7,24.558523
16,8,26.195412
16,9,27.416582
17,0,0.0
17,1,4.5491962
17,10,28.323051
17,11,28.931347
17,12,29.336876
17,13,29.597174
17,14,29.75796
17,15,29.853533
17,16,29.908205
17,17,29.938328
17,18,29.9544
17,19,29.962814
17,2,8.935921
17,20,29.967363
17,21,29.970139
17,22,29.972378
17,23,29.97467
17,24,29.977442
17,25,29.980795
17,26,29.984854
17,27,29.989494
17,28,29.994625
17,29,30.0
17,3,13.014879
17,4,16.671873
17,5,19.833118
17,6,22.467487
17,7,24.583729
17,8,26.222109
17,9,27.444477
18,0,0.0
18,1,4.55171
18,10,28.338211
18,11,28.946754
18,12,29.352474
18,13,29.612862
18,14,29.773708
18,15,29.869293
18,16,29.923943
18,17,29.95401
18,18,29.969955
18,19,29.97818
18,2,8.940881
18,20,29.982388
18,21,29.984692
18,22,29.986185
18,23,29.987505
18,24,29.988916
18,25,29.990608
18,26,29.992586
18,27,29.994871
18,28,29.997372
18,29,30.0
18,3,13.02204
18,4,16.681065
18,5,19.843948
18,6,22.47975
18,7,24.59703
18,8,26.23627
18,9,27.459196
19,0,0.0
19,1,4.553001
19,10,28.34589
19,11,28.954584
19,12,29.360378
19,13,29.620823
19,14,29.781689
19,15,29.877285
19,16,29.931923
19,17,29.961956
19,18,29.977848
19,19,29.98596
19,2,8.943396
19,20,29.990015
19,21,29.992054
19,22,29.993198
19,23,29.993994
19,24,29.994743
19,25,29.995558
19,26,29.996513
19,27,29.997581
19,28,29.998764
19,29,30.0
19,3,13.025713
19,4,16.685722
19,5,19.849491
19,6,22.485966
19,7,24.60382
19,8,26.243448
19,9,27.46669
2,0,0.0
2,1,1.3520598
2,10,8.445179
2,11,8.629019
2,12,8.752745
2,13,8.832794
2,14,8.883915
2,15,8.916902
2,16,8.940811
2,17,8.96341
2,18,8.992431
2,19,9.03824
2,2,2.6566496
2,20,9.114664
2,21,9.244923
2,22,9.464145
2,23,9.8329315
2,24,10.450223
2,25,11.491295
2,26,13.265026
2,27,16.328323
2,28,21.599522
2,29,30.0
2,3,3.869689
2,4,4.959294
2,5,5.9011555
2,6,6.6885242
2,7,7.321006
2,8,7.8128643
2,9,8.179833
20,0,0.0
20,1,4.553629
20,10,28.34964
20,11,28.95839
20,12,29.36423
20,13,29.624695
20,14,29.785576
20,15,29.88117
20,16,29.935804
20,17,29.965826
20,18,29.981682
20,19,29.989754
20,2,8.944634
20,20,29.99372
20,21,29.995644
20,22,29.996601
20,23,29.997158
20,24,29.99757
20,25,29.997974
20,26,29.998413
20,27,29.998905
20,28,29.99944
20,29,30.0
20,3,13.0275
20,4,16.688013
20,5,19.852188
20,6,22.489014
20,7,24.60712
20,8,26.246962
20,9,27.470333
21,0,0.0
21,1,4.553927
21,10,28.351389
21,11,28.960173
21,12,29.366028
21,13,29.626507
21,14,29.787388
21,15,29.882988
21,16,29.937618
21,17,29.967628
21,18,29.983477
21,19,29.991518
21,2,8.945213
21,20,29.995455
21,21,29.997316
21,22,29.998196
21,23,29.99863
21,24,29.998894
21,25,29.9991
21,26,29.999306
21,27,29.999521
21,28,29.999758
21,29,30.0
21,3,13.028345
21,4,16.689083
21,5,19.853458
21,6,22.490437
21,7,24.608675
21,8,26.2486
21,9,27.47204
22,0,0.0
22,1,4.55406
22,10,28.352175
22,11,28.960968
22,12,29.366833
22,13,29.627314
22,14,29.7882
22,15,29.8838
22,16,29.938427
22,17,29.968437
22,18,29.984278
22,19,29.992311
22,2,8.945477
22,20,29.996227
22,21,29.99807
22,22,29.998909
22,23,29.999294
22,24,29.999487
22,25,29.999607
22,26,29.999702
22,27,29.9998
22,28,29.999899
22,29,30.0
22,3,13.028723
22,4,16.689568
22,5,19.854027
22,6,22.491081
22,7,24.609367
22,8,26.249336
22,9,27.472805
23,0,0.0
23,1,4.554118
23,10,28.352512
23,11,28.961311
23,12,29.36718
23,13,29.627659
23,14,29.788548
23,15,29.884148
23,16,29.938776
23,17,29.968782
23,18,29.984623
23,19,29.992653
23,2,8.945589
23,20,29.99656
23,21,29.998388
23,22,29.999214
23,23,29.999577
23,24,29.99974
23,25,29.999823
23,26,29.999876
23,27,29.999918
23,28,29.99996
23,29,30.0
23,3,13.028888
23,4,16.689775
23,5,19.854275
23,6,22.491356
23,7,24.609669
23,8,26.249653
23,9,27.473135
24,0,0.0
24,1,4.554142
24,10,28.352652
24,11,28.961454
24,12,29.367321
24,13,29.627804
24,14,29.788689
24,15,29.884289
24,16,29.938917
24,17,29.968925
24,18,29.984764
24,19,29.99279
24,2,8.945636
24,20,29.996696
24,21,29.998522
24,22,29.99934
24,23,29.999697
24,24,29.999846
24,25,29.999912
24,26,29.999949
24,27,29.999966
24,28,29.999985
24,29,30.0
24,3,13.028955
24,4,16.689861
24,5,19.854376
24,6,22.491468
24,7,24.60979
24,8,26.249783
24,9,27.47327
25,0,0.0
25,1,4.554151
25,10,28.352707
25,11,28.961506
25,12,29.367378
25,13,29.62786
25,14,29.788746
25,15,29.884346
25,16,29.938974
25,17,29.96898
25,18,29.984818
25,19,29.992844
25,2,8.945655
25,20,29.996752
25,21,29.998573
25,22,29.99939
25,23,29.99974
25,24,29.999887
25,25,29.999949
25,26,29.999973
25,27,29.999987
25,28,29.999992
25,29,30.0
25,3,13.028982
25,4,16.689898
25,5,19.854414
25,6,22.491516
25,7,24.609838
25,8,26.249836
25,9,27.473322
26,0,0.0
26,1,4.554155
26,10,28.352726
26,11,28.961529
26,12,29.367395
26,13,29.62788
26,14,29.788769
26,15,29.884367
26,16,29.938993
26,17,29.969002
26,18,29.984837
26,19,29.992867
26,2,8.945662
26,20,29.99677
26,21,29.998592
26,22,29.999409
26,23,29.99976
26,24,29.999905
26,25,29.999962
26,26,29.999985
26,27,29.999992
26,28,29.999998
26,29,30.0
26,3,13.028992
26,4,16.689907
26,5,19.854431
26,6,22.49153
26,7,24.60986
26,8,26.249853
26,9,27.473343
27,0,0.0
27,1,4.5541563
27,10,28.352734
27,11,28.961536
27,12,29.367405
27,13,29.627888
27,14,29.788774
27,15,29.884375
27,16,29.939001
27,17,29.969007
27,18,29.984848
27,19,29.99287
27,2,8.945663
27,20,29.996777
27,21,29.998602
27,22,29.999416
27,23,29.999763
27,24,29.999908
27,25,29.999968
27,26,29.999989
27,27,29.999996
27,28,30.0
27,29,30.0
27,3,13.0289955
27,4,16.689915
27,5,19.854435
27,6,22.491539
27,7,24.609865
27,8,26.249859
27,9,27.47335
28,0,0.0
28,1,4.5541563
28,10,28.352737
28,11,28.96154
28,12,29.367409
28,13,29.62789
28,14,29.788776
28,15,29.884375
28,16,29.939003
28,17,29.969011
28,18,29.984848
28,19,29.992874
28,2,8.945665
28,20,29.99678
28,21,29.998604
28,22,29.999418
28,23,29.999767
28,24,29.99991
28,25,29.99997
28,26,29.99999
28,27,29.999998
28,28,30.0
28,29,30.0
28,3,13.028996
28,4,16.689915
28,5,19.854437
28,6,22.491539
28,7,24.609867
28,8,26.249865
28,9,27.473352
29,0,0.0
29,1,4.554157
29,10,28.352737
29,11,28.96154
29,12,29.367409
29,13,29.62789
29,14,29.788776
29,15,29.884377
29,16,29.939003
29,17,29.969011
29,18,29.984848
29,19,29.992874
29,2,8.945663
29,20,29.99678
29,21,29.998604
29,22,29.999416
29,23,29.999767
29,24,29.999912
29,25,29.99997
29,26,29.999992
29,27,29.999998
29,28,30.0
29,29,30.0
29,3,13.028999
29,4,16.689917
29,5,19.854439
29,6,22.491539
29,7,24.609867
29,8,26.249863
29,9,27.473354
3,0,0.0
3,1,1.9700233
3,10,12.300388
3,11,12.568783
3,12,12.748117
3,13,12.864871
3,14,12.938723
3,15,12.9862995
3,16,13.020117
3,17,13.050936
3,18,13.08981
3,19,13.149186
3,2,3.8696885
3,20,13.248031
3,21,13.412547
3,22,13.686159
3,23,14.132593
3,24,14.854805
3,25,16.006151
3,26,17.819061
3,27,20.604656
3,28,24.679821
3,29,30.0
3,3,5.638132
3,4,7.223634
3,5,8.597406
3,6,9.742219
3,7,10.665123
3,8,11.379645
3,9,11.915302
30,0,0.0
30,1,4.5541563
30,10,28.352737
30,11,28.961542
30,12,29.367409
30,13,29.627892
30,14,29.788776
30,15,29.884375
30,16,29.939003
30,17,29.969011
30,18,29.984848
30,19,29.992876
30,2,8.945665
30,20,29.99678
30,21,29.998602
30,22,29.999418
30,23,29.999767
30,24,29.999912
30,25,29.999971
30,26,29.99999
30,27,30.0
30,28,30.0
30,29,30.0
30,3,13.028996
30,4,16.689919
30,5,19.854437
30,6,22.49154
30,7,24.609869
30,8,26.249866
30,9,27.473354
31,0,0.0
31,1,4.5541573
31,10,28.352737
31,11,28.96154
31,12,29.367409
31,13,29.627892
31,14,29.788776
31,15,29.884377
31,16,29.939003
31,17,29.969011
31,18,29.984848
31,19,29.992874
31,2,8.945663
31,20,29.99678
31,21,29.998602
31,22,29.999418
31,23,29.99977
31,24,29.999912
31,25,29.99997
31,26,29.99999
31,27,29.999998
31,28,30.0
31,29,30.0
31,3,13.028998
31,4,16.689915
31,5,19.854439
31,6,22.491539
31,7,24.609867
31,8,26.249866
31,9,27.473354
32,0,0.0
32,1,4.5541563
32,10,28.352737
32,11,28.961542
32,12,29.367409
32,13,29.627893
32,14,29.788776
32,15,29.884375
32,16,29.939003
32,17,29.969011
32,18,29.98485
32,19,29.992874
32,2,8.945666
32,20,29.99678
32,21,29.998604
32,22,29.99942
32,23,29.999767
32,24,29.999914
32,25,29.99997
32,26,29.99999
32,27,29.999998
32,28,30.0
32,29,30.0
32,3,13.0289955
32,4,16.689919
32,5,19.854437
32,6,22.491543
32,7,24.609869
32,8,26.249866
32,9,27.473354
33,0,0.0
33,1,4.5541573
33,10,28.35274
33,11,28.96154
33,12,29.367413
33,13,29.627893
33,14,29.788778
33,15,29.884375
33,16,29.939003
33,17,29.969011
33,18,29.98485
33,19,29.992874
33,2,8.945663
33,20,29.99678
33,21,29.998604
33,22,29.99942
33,23,29.999771
33,24,29.999914
33,25,29.99997
33,26,29.99999
33,27,29.999998
33,28,30.0
33,29,30.0
33,3,13.028998
33,4,16.689915
33,5,19.85444
33,6,22.491539
33,7,24.60987
33,8,26.249865
33,9,27.473354
34,0,0.0
34,1,4.5541563
34,10,28.35274
34,11,28.961542
34,12,29.367413
34,13,29.627895
34,14,29.788778
34,15,29.884377
34,16,29.939003
34,17,29.969011
34,18,29.98485
34,19,29.992874
34,2,8.945666
34,20,29.99678
34,21,29.998604
34,22,29.99942
34,23,29.999771
34,24,29.999914
34,25,29.99997
34,26,29.99999
34,27,29.999998
34,28,30.0
34,29,30.0
34,3,13.0289955
34,4,16.689919
34,5,19.854437
34,6,22.491543
34,7,24.609867
34,8,26.249866
34,9,27.473354
35,0,0.0
35,1,4.5541573
35,10,28.35274
35,11,28.961542
35,12,29.367413
35,13,29.627895
35,14,29.78878
35,15,29.884377
35,16,29.939003
35,17,29.969011
35,18,29.98485
35,19,29.992874
35,2,8.945663
35,20,29.99678
35,21,29.998604
35,22,29.99942
35,23,29.999771
35,24,29.999914
35,25,29.99997
35,26,29.99999
35,27,29.999998
35,28,30.0
35,29,30.0
35,3,13.028998
35,4,16.689915
35,5,19.854439
35,6,22.491539
35,7,24.609869
35,8,26.249865
35,9,27.473354
36,0,0.0
36,1,4.5541563
36,10,28.35274
36,11,28.961542
36,12,29.367413
36,13,29.627895
36,14,29.78878
36,15,29.884377
36,16,29.939003
36,17,29.969011
36,18,29.98485
36,19,29.992874
36,2,8.945665
36,20,29.99678
36,21,29.998604
36,22,29.99942
36,23,29.999771
36,24,29.999914
36,25,29.99997
36,26,29.99999
36,27,29.999998
36,28,30.0
36,29,30.0
36,3,13.0289955
36,4,16.689917
36,5,19.854437
36,6,22.491539
36,7,24.609867
36,8,26.249866
36,9,27.473354
37,0,0.0
37,1,4.554157
37,10,28.35274
37,11,28.961542
37,12,29.367413
37,13,29.627895
37,14,29.788778
37,15,29.884377
37,16,29.939003
37,17,29.969011
37,18,29.98485
37,19,29.992874
37,2,8.945664
37,20,29.99678
37,21,29.998604
37,22,29.99942
37,23,29.999771
37,24,29.999914
37,25,29.99997
37,26,29.99999
37,27,29.999998
37,28,30.0
37,29,30.0
37,3,13.028997
37,4,16.689915
37,5,19.854439
37,6,22.491539
37,7,24.609869
37,8,26.249866
37,9,27.473354
38,0,0.0
38,1,4.5541563
38,10,28.35274
38,11,28.961542
38,12,29.367413
38,13,29.627893
38,14,29.78878
38,15,29.884375
38,16,29.939003
38,17,29.969011
38,18,29.98485
38,19,29.992874
38,2,8.945665
38,20,29.99678
38,21,29.998604
38,22,29.99942
38,23,29.99977
38,24,29.999914
38,25,29.99997
38,26,29.99999
38,27,29.999998
38,28,30.0
38,29,30.0
38,3,13.028997
38,4,16.689915
38,5,19.854439
38,6,22.491539
38,7,24.609869
38,8,26.249866
38,9,27.473354
39,0,0.0
39,1,4.5541563
39,10,28.35274
39,11,28.961542
39,12,29.367409
39,13,29.627895
39,14,29.788776
39,15,29.884377
39,16,29.939003
39,17,29.969011
39,18,29.984848
39,19,29.992874
39,2,8.945664
39,20,29.99678
39,21,29.998602
39,22,29.999418
39,23,29.999767
39,24,29.999912
39,25,29.99997
39,26,29.99999
39,27,29.999998
39,28,30.0
39,29,30.0
39,3,13.028996
39,4,16.689917
39,5,19.854437
39,6,22.49154
39,7,24.609869
39,8,26.249865
39,9,27.473354
4,0,0.0
4,1,2.5240593
4,10,15.75858
4,11,16.100954
4,12,16.331038
4,13,16.479662
4,14,16.57399
4,15,16.633894
4,16,16.67554
4,17,16.712154
4,18,16.755919
4,19,16.821901
4,2,4.9592934
4,20,16.928413
4,21,17.104454
4,22,17.389198
4,23,17.843966
4,24,18.551283
4,25,19.628502
4,26,21.217457
4,27,23.467985
4,28,26.451181
4,29,30.0
4,3,7.2236333
4,4,9.257042
4,5,11.014734
4,6,12.483479
4,7,13.663298
4,8,14.580235
4,9,15.26434
40,0,0.0
40,1,4.5541563
40,10,28.352737
40,11,28.96154
40,12,29.367413
40,13,29.627892
40,14,29.78878
40,15,29.884377
40,16,29.939003
40,17,29.969011
40,18,29.98485
40,19,29.992874
40,2,8.945663
40,20,29.99678
40,21,29.998602
40,22,29.999418
40,23,29.999767
40,24,29.999912
40,25,29.99997
40,26,29.99999
40,27,29.999998
40,28,30.0
40,29,30.0
40,3,13.028997
40,4,16.689915
40,5,19.854439
40,6,22.491539
40,7,24.609867
40,8,26.249866
40,9,27.473354
41,0,0.0
41,1,4.5541563
41,10,28.352737
41,11,28.96154
41,12,29.367409
41,13,29.627893
41,14,29.788778
41,15,29.884375
41,16,29.939005
41,17,29.969011
41,18,29.984848
41,19,29.992874
41,2,8.945665
41,20,29.99678
41,21,29.998604
41,22,29.999418
41,23,29.999767
41,24,29.999912
41,25,29.99997
41,26,29.99999
41,27,29.999998
41,28,30.0
41,29,30.0
41,3,13.0289955
41,4,16.689917
41,5,19.854437
41,6,22.491539
41,7,24.609867
41,8,26.249863
41,9,27.473354
42,0,0.0
42,1,4.5541563
42,10,28.352737
42,11,28.96154
42,12,29.367409
42,13,29.627892
42,14,29.788776
42,15,29.884377
42,16,29.939003
42,17,29.969011
42,18,29.984848
42,19,29.992876
42,2,8.945663
42,20,29.99678
42,21,29.998604
42,22,29.999418
42,23,29.99977
42,24,29.999912
42,25,29.99997
42,26,29.99999
42,27,29.999998
42,28,30.0
42,29,30.0
42,3,13.028997
42,4,16.689915
42,5,19.854437
42,6,22.491539
42,7,24.609867
42,8,26.249865
42,9,27.473354
43,0,0.0
43,1,4.5541563
43,10,28.352737
43,11,28.96154
43,12,29.367409
43,13,29.627892
43,14,29.788778
43,15,29.884377
43,16,29.939007
43,17,29.969013
43,18,29.984848
43,19,29.992876
43,2,8.945664
43,20,29.99678
43,21,29.998604
43,22,29.99942
43,23,29.99977
43,24,29.999912
43,25,29.99997
43,26,29.99999
43,27,29.999998
43,28,30.0
43,29,30.0
43,3,13.0289955
43,4,16.689915
43,5,19.854437
43,6,22.491539
43,7,24.609869
43,8,26.249863
43,9,27.473354
44,0,0.0
44,1,4.5541563
44,10,28.352737
44,11,28.96154
44,12,29.367409
44,13,29.627892
44,14,29.78878
44,15,29.884377
44,16,29.939007
44,17,29.969011
44,18,29.98485
44,19,29.992876
44,2,8.945663
44,20,29.996782
44,21,29.998604
44,22,29.999418
44,23,29.99977
44,24,29.999914
44,25,29.99997
44,26,29.99999
44,27,29.999998
44,28,30.0
44,29,30.0
44,3,13.0289955
44,4,16.689915
44,5,19.854437
44,6,22.491539
44,7,24.609869
44,8,26.249865
44,9,27.473354
45,0,0.0
45,1,4.5541563
45,10,28.352737
45,11,28.96154
45,12,29.367409
45,13,29.627892
45,14,29.788778
45,15,29.884378
45,16,29.939007
45,17,29.969011
45,18,29.98485
45,19,29.992878
45,2,8.945663
45,20,29.996782
45,21,29.998604
45,22,29.99942
45,23,29.999771
45,24,29.999914
45,25,29.99997
45,26,29.99999
45,27,29.999998
45,28,30.0
45,29,30.0
45,3,13.0289955
45,4,16.689915
45,5,19.854437
45,6,22.491539
45,7,24.609869
45,8,26.249866
45,9,27.473354
46,0,0.0
46,1,4.5541563
46,10,28.352737
46,11,28.96154
46,12,29.367409
46,13,29.627892
46,14,29.788778
46,15,29.884377
46,16,29.939007
46,17,29.969013
46,18,29.98485
46,19,29.992876
46,2,8.945664
46,20,29.996782
46,21,29.998604
46,22,29.99942
46,23,29.99977
46,24,29.999912
46,25,29.99997
46,26,29.99999
46,27,29.999998
46,28,30.0
46,29,30.0
46,3,13.0289955
46,4,16.689915
46,5,19.854437
46,6,22.491539
46,7,24.60987
46,8,26.249865
46,9,27.473354
47,0,0.0
47,1,4.5541563
47,10,28.352737
47,11,28.96154
47,12,29.367409
47,13,29.627892
47,14,29.788776
47,15,29.884377
47,16,29.939003
47,17,29.969013
47,18,29.984848
47,19,29.992876
47,2,8.945663
47,20,29.996782
47,21,29.998602
47,22,29.999418
47,23,29.99977
47,24,29.999914
47,25,29.99997
47,26,29.99999
47,27,29.999998
47,28,30.0
47,29,30.0
47,3,13.028996
47,4,16.689915
47,5,19.854437
47,6,22.491539
47,7,24.609869
47,8,26.249866
47,9,27.473354
48,0,0.0
48,1,4.5541563
48,10,28.352737
48,11,28.96154
48,12,29.367409
48,13,29.627892
48,14,29.788776
48,15,29.884377
48,16,29.939003
48,17,29.969013
48,18,29.98485
48,19,29.992874
48,2,8.945665
48,20,29.996782
48,21,29.998602
48,22,29.999418
48,23,29.999767
48,24,29.999914
48,25,29.99997
48,26,29.99999
48,27,29.999998
48,28,30.0
48,29,30.0
48,3,13.0289955
48,4,16.689915
48,5,19.854437
48,6,22.491539
48,7,24.609867
48,8,26.249866
48,9,27.473354
49,0,0.0
49,1,4.5541563
49,10,28.352737
49,11,28.96154
49,12,29.367405
49,13,29.627892
49,14,29.788776
49,15,29.884377
49,16,29.939003
49,17,29.969013
49,18,29.984848
49,19,29.992878
49,2,8.945664
49,20,29.996782
49,21,29.998604
49,22,29.999418
49,23,29.99977
49,24,29.999912
49,25,29.99997
49,26,29.99999
49,27,29.999998
49,28,30.0
49,29,30.0
49,3,13.028996
49,4,16.689915
49,5,19.854437
49,6,22.491539
49,7,24.609869
49,8,26.249866
49,9,27.473354
5,0,0.0
5,1,3.004224
5,10,18.74785
5,11,19.155703
5,12,19.428062
5,13,19.604815
5,14,19.715942
5,15,19.786121
5,16,19.833565
5,17,19.872997
5,18,19.91819
5,19,19.982964
5,2,5.9011545
5,20,20.08667
5,21,20.253113
5,22,20.51913
5,23,20.930958
5,24,21.554115
5,25,22.46337
5,26,23.74255
5,27,25.450897
5,28,27.58305
5,29,30.0
5,3,8.5974045
5,4,11.014732
5,5,13.108355
5,6,14.853043
5,7,16.25863
5,8,17.346846
5,9,18.16192
50,0,0.0
50,1,4.554157
50,10,28.352737
50,11,28.96154
50,12,29.367409
50,13,29.627892
50,14,29.788776
50,15,29.884377
50,16,29.939005
50,17,29.969013
50,18,29.984848
50,19,29.992876
50,2,8.945664
50,20,29.996782
50,21,29.998602
50,22,29.99942
50,23,29.999767
50,24,29.999912
50,25,29.99997
50,26,29.99999
50,27,29.999998
50,28,30.0
50,29,30.0
50,3,13.028997
50,4,16.689915
50,5,19.854439
50,6,22.491539
50,7,24.609869
50,8,26.249866
50,9,27.473356
51,0,0.0
51,1,4.5541563
51,10,28.352737
51,11,28.96154
51,12,29.367409
51,13,29.627892
51,14,29.788776
51,15,29.884377
51,16,29.939003
51,17,29.969011
51,18,29.984848
51,19,29.992876
51,2,8.945665
51,20,29.99678
51,21,29.998604
51,22,29.99942
51,23,29.999767
51,24,29.999912
51,25,29.99997
51,26,29.99999
51,27,29.999998
51,28,30.0
51,29,30.0
51,3,13.0289955
51,4,16.689917
51,5,19.854437
51,6,22.491539
51,7,24.609869
51,8,26.249866
51,9,27.473354
52,0,0.0
52,1,4.5541563
52,10,28.352737
52,11,28.96154
52,12,29.367409
52,13,29.627892
52,14,29.788778
52,15,29.884377
52,16,29.939007
52,17,29.969011
52,18,29.984848
52,19,29.992874
52,2,8.945664
52,20,29.99678
52,21,29.998604
52,22,29.999418
52,23,29.99977
52,24,29.999908
52,25,29.99997
52,26,29.99999
52,27,29.999998
52,28,30.0
52,29,30.0
52,3,13.028997
52,4,16.689915
52,5,19.854437
52,6,22.491539
52,7,24.609867
52,8,26.249866
52,9,27.473356
53,0,0.0
53,1,4.5541563
53,10,28.352737
53,11,28.96154
53,12,29.367409
53,13,29.627892
53,14,29.788778
53,15,29.884377
53,16,29.939003
53,17,29.969011
53,18,29.98485
53,19,29.992874
53,2,8.945665
53,20,29.99678
53,21,29.998602
53,22,29.99942
53,23,29.999765
53,24,29.999912
53,25,29.999968
53,26,29.99999
53,27,29.999998
53,28,30.0
53,29,30.0
53,3,13.0289955
53,4,16.689915
53,5,19.854437
53,6,22.491539
53,7,24.609867
53,8,26.249866
53,9,27.473354
54,0,0.0
54,1,4.5541573
54,10,28.352736
54,11,28.96154
54,12,29.367409
54,13,29.627892
54,14,29.788776
54,15,29.884377
54,16,29.939007
54,17,29.969011
54,18,29.984848
54,19,29.992876
54,2,8.945663
54,20,29.996778
54,21,29.998604
54,22,29.999418
54,23,29.99977
54,24,29.999908
54,25,29.99997
54,26,29.999989
54,27,29.999998
54,28,30.0
54,29,30.0
54,3,13.028997
54,4,16.689915
54,5,19.854439
54,6,22.491539
54,7,24.60987
54,8,26.249865
54,9,27.473356
55,0,0.0
55,1,4.5541563
55,10,28.352737
55,11,28.96154
55,12,29.36741
55,13,29.627892
55,14,29.788778
55,15,29.884377
55,16,29.939005
55,17,29.969013
55,18,29.984848
55,19,29.992874
55,2,8.945665
55,20,29.99678
55,21,29.998602
55,22,29.99942
55,23,29.99977
55,24,29.999914
55,25,29.999968
55,26,29.99999
55,27,29.999996
55,28,30.0
55,29,30.0
55,3,13.0289955
55,4,16.689917
55,5,19.854437
55,6,22.491539
55,7,24.609869
55,8,26.249866
55,9,27.473354
56,0,0.0
56,1,4.5541573
56,10,28.352737
56,11,28.961542
56,12,29.367409
56,13,29.627892
56,14,29.788776
56,15,29.884377
56,16,29.939005
56,17,29.969011
56,18,29.984848
56,19,29.992876
56,2,8.945663
56,20,29.99678
56,21,29.998604
56,22,29.99942
56,23,29.99977
56,24,29.999912
56,25,29.99997
56,26,29.99999
56,27,29.999998
56,28,30.0
56,29,30.0
56,3,13.028996
56,4,16.689915
56,5,19.854437
56,6,22.491539
56,7,24.609869
56,8,26.249866
56,9,27.473356
57,0,0.0
57,1,4.5541563
57,10,28.352737
57,11,28.96154
57,12,29.36741
57,13,29.62789
57,14,29.788778
57,15,29.884377
57,16,29.939003
57,17,29.969011
57,18,29.984848
57,19,29.992876
57,2,8.945665
57,20,29.99678
57,21,29.998604
57,22,29.99942
57,23,29.99977
57,24,29.999914
57,25,29.99997
57,26,29.99999
57,27,29.999996
57,28,30.0
57,29,30.0
57,3,13.0289955
57,4,16.689915
57,5,19.854437
57,6,22.491539
57,7,24.609867
57,8,26.249865
57,9,27.473352
58,0,0.0
58,1,4.5541573
58,10,28.352737
58,11,28.961542
58,12,29.367409
58,13,29.627893
58,14,29.788776
58,15,29.884377
58,16,29.939003
58,17,29.969011
58,18,29.98485
58,19,29.992874
58,2,8.945663
58,20,29.99678
58,21,29.998604
58,22,29.99942
58,23,29.99977
58,24,29.999914
58,25,29.99997
58,26,29.99999
58,27,29.999998
58,28,30.0
58,29,30.0
58,3,13.028997
58,4,16.689915
58,5,19.854437
58,6,22.491539
58,7,24.609869
58,8,26.249863
58,9,27.473358
59,0,0.0
59,1,4.5541563
59,10,28.352741
59,11,28.96154
59,12,29.36741
59,13,29.62789
59,14,29.788778
59,15,29.884377
59,16,29.939003
59,17,29.969011
59,18,29.98485
59,19,29.992874
59,2,8.945665
59,20,29.99678
59,21,29.998604
59,22,29.999418
59,23,29.999771
59,24,29.999912
59,25,29.99997
59,26,29.99999
59,27,29.999998
59,28,30.0
59,29,30.0
59,3,13.0289955
59,4,16.689915
59,5,19.854437
59,6,22.49154
59,7,24.609867
59,8,26.249866
59,9,27.473354
6,0,0.0
6,1,3.4043612
6,10,21.241068
6,11,21.7013
6,12,22.009964
6,13,22.20895
6,14,22.334244
6,15,22.41222
6,16,22.463493
6,17,22.503954
6,18,22.546785
6,19,22.606358
6,2,6.688521
6,20,22.697895
6,21,22.843798
6,22,23.070368
6,23,23.415745
6,24,23.92184
6,25,24.639345
6,26,25.609497
6,27,26.85551
6,28,28.35009
6,29,30.0
6,3,9.742214
6,4,12.483474
6,5,14.853039
6,6,16.831858
6,7,18.42141
6,8,19.655706
6,9,20.576569
60,0,0.0
60,1,4.5541573
60,10,28.352736
60,11,28.961542
60,12,29.367409
60,13,29.627893
60,14,29.788776
60,15,29.884377
60,16,29.939003
60,17,29.969013
60,18,29.984848
60,19,29.992876
60,2,8.945663
60,20,29.99678
60,21,29.998602
60,22,29.99942
60,23,29.99977
60,24,29.999914
60,25,29.99997
60,26,29.99999
60,27,29.999998
60,28,30.0
60,29,30.0
60,3,13.028997
60,4,16.689915
60,5,19.854437
60,6,22.491539
60,7,24.609869
60,8,26.249863
60,9,27.473358
61,0,0.0
61,1,4.5541563
61,10,28.35274
61,11,28.96154
61,12,29.36741
61,13,29.62789
61,14,29.788778
61,15,29.884375
61,16,29.939007
61,17,29.969011
61,18,29.984848
61,19,29.992876
61,2,8.945665
61,20,29.99678
61,21,29.998604
61,22,29.999418
61,23,29.99977
61,24,29.999912
61,25,29.99997
61,26,29.99999
61,27,29.999998
61,28,30.0
61,29,30.0
61,3,13.0289955
61,4,16.689915
61,5,19.854437
61,6,22.491539
61,7,24.609867
61,8,26.249866
61,9,27.473352
62,0,0.0
62,1,4.5541563
62,10,28.352737
62,11,28.96154
62,12,29.367409
62,13,29.62789
62,14,29.788776
62,15,29.884377
62,16,29.939003
62,17,29.969013
62,18,29.984848
62,19,29.992876
62,2,8.945663
62,20,29.99678
62,21,29.998602
62,22,29.999418
62,23,29.99977
62,24,29.999914
62,25,29.99997
62,26,29.99999
62,27,29.999998
62,28,30.0
62,29,30.0
62,3,13.028997
62,4,16.689915
62,5,19.854437
62,6,22.491539
62,7,24.609869
62,8,26.249863
62,9,27.473354
63,0,0.0
63,1,4.5541563
63,10,28.352737
63,11,28.96154
63,12,29.367409
63,13,29.627892
63,14,29.788776
63,15,29.884377
63,16,29.939007
63,17,29.969011
63,18,29.984848
63,19,29.992876
63,2,8.945665
63,20,29.99678
63,21,29.998602
63,22,29.999418
63,23,29.99977
63,24,29.999912
63,25,29.99997
63,26,29.99999
63,27,29.999998
63,28,30.0
63,29,30.0
63,3,13.0289955
63,4,16.689915
63,5,19.854437
63,6,22.491539
63,7,24.609867
63,8,26.249866
63,9,27.473354
64,0,0.0
64,1,4.5541563
64,10,28.352737
64,11,28.961542
64,12,29.367409
64,13,29.627892
64,14,29.788776
64,15,29.884377
64,16,29.939005
64,17,29.969013
64,18,29.984848
64,19,29.992876
64,2,8.945663
64,20,29.99678
64,21,29.998602
64,22,29.999418
64,23,29.999767
64,24,29.999912
64,25,29.99997
64,26,29.99999
64,27,29.999998
64,28,30.0
64,29,30.0
64,3,13.0289955
64,4,16.689915
64,5,19.854437
64,6,22.491539
64,7,24.609869
64,8,26.249863
64,9,27.473354
65,0,0.0
65,1,4.5541563
65,10,28.352737
65,11,28.961542
65,12,29.36741
65,13,29.627892
65,14,29.788776
65,15,29.884377
65,16,29.939007
65,17,29.969011
65,18,29.984848
65,19,29.992876
65,2,8.945663
65,20,29.99678
65,21,29.998604
65,22,29.999418
65,23,29.99977
65,24,29.999912
65,25,29.99997
65,26,29.99999
65,27,29.999998
65,28,30.0
65,29,30.0
65,3,13.0289955
65,4,16.689915
65,5,19.854437
65,6,22.49154
65,7,24.609867
65,8,26.249866
65,9,27.473354
66,0,0.0
66,1,4.5541563
66,10,28.352737
66,11,28.961542
66,12,29.36741
66,13,29.627892
66,14,29.788776
66,15,29.88438
66,16,29.939007
66,17,29.969013
66,18,29.984848
66,19,29.992876
66,2,8.945663
66,20,29.99678
66,21,29.998602
66,22,29.999418
66,23,29.999767
66,24,29.999912
66,25,29.99997
66,26,29.99999
66,27,29.999998
66,28,30.0
66,29,30.0
66,3,13.0289955
66,4,16.689915
66,5,19.854437
66,6,22.491539
66,7,24.60987
66,8,26.249863
66,9,27.473356
67,0,0.0
67,1,4.5541563
67,10,28.352737
67,11,28.961542
67,12,29.36741
67,13,29.627892
67,14,29.788776
67,15,29.884378
67,16,29.939007
67,17,29.969011
67,18,29.984848
67,19,29.992876
67,2,8.945663
67,20,29.99678
67,21,29.998604
67,22,29.999418
67,23,29.99977
67,24,29.999912
67,25,29.99997
67,26,29.99999
67,27,29.999998
67,28,30.0
67,29,30.0
67,3,13.0289955
67,4,16.689915
67,5,19.854437
67,6,22.49154
67,7,24.609867
67,8,26.249868
67,9,27.473354
68,0,0.0
68,1,4.5541563
68,10,28.35274
68,11,28.961542
68,12,29.367409
68,13,29.627892
68,14,29.788776
68,15,29.884377
68,16,29.939007
68,17,29.969013
68,18,29.984848
68,19,29.992876
68,2,8.945664
68,20,29.99678
68,21,29.998604
68,22,29.99942
68,23,29.999767
68,24,29.999914
68,25,29.99997
68,26,29.99999
68,27,29.999998
68,28,30.0
68,29,30.0
68,3,13.0289955
68,4,16.689915
68,5,19.854437
68,6,22.491539
68,7,24.60987
68,8,26.249865
68,9,27.473356
69,0,0.0
69,1,4.5541563
69,10,28.352737
69,11,28.96154
69,12,29.36741
69,13,29.627892
69,14,29.788776
69,15,29.884378
69,16,29.939007
69,17,29.969011
69,18,29.98485
69,19,29.992876
69,2,8.945663
69,20,29.99678
69,21,29.998604
69,22,29.999418
69,23,29.99977
69,24,29.999914
69,25,29.99997
69,26,29.99999
69,27,29.999998
69,28,30.0
69,29,30.0
69,3,13.0289955
69,4,16.689915
69,5,19.854437
69,6,22.491539
69,7,24.609869
69,8,26.249866
69,9,27.473354
7,0,0.0
7,1,3.7270522
7,10,23.243805
7,11,23.747644
7,12,24.0839
7,13,24.301346
7,14,24.437187
7,15,24.521158
7,16,24.574806
7,17,24.614437
7,18,24.653666
7,19,24.704288
7,2,7.3209963
7,20,24.780863
7,21,24.898842
7,22,25.08072
7,23,25.350365
7,24,25.739006
7,25,26.2737
7,26,26.978668
7,27,27.856657
7,28,28.884356
7,29,30.0
7,3,10.665111
7,4,13.663282
7,5,16.258617
7,6,18.421398
7,7,20.162445
7,8,21.510366
7,9,22.51887
70,0,0.0
70,1,4.5541563
70,10,28.352737
70,11,28.961542
70,12,29.367409
70,13,29.627892
70,14,29.788776
70,15,29.884377
70,16,29.939005
70,17,29.969013
70,18,29.984848
70,19,29.992876
70,2,8.945664
70,20,29.99678
70,21,29.998604
70,22,29.99942
70,23,29.99977
70,24,29.999914
70,25,29.99997
70,26,29.99999
70,27,29.999998
70,28,30.0
70,29,30.0
70,3,13.028996
70,4,16.689915
70,5,19.854437
70,6,22.491539
70,7,24.609869
70,8,26.249865
70,9,27.473356
71,0,0.0
71,1,4.554157
71,10,28.352741
71,11,28.96154
71,12,29.367413
71,13,29.627895
71,14,29.788782
71,15,29.884378
71,16,29.939007
71,17,29.969013
71,18,29.984852
71,19,29.99288
71,2,8.945665
71,20,29.996784
71,21,29.998604
71,22,29.999422
71,23,29.99977
71,24,29.999916
71,25,29.999971
71,26,29.99999
71,27,29.999998
71,28,30.0
71,29,30.0
71,3,13.028996
71,4,16.689915
71,5,19.854439
71,6,22.491543
71,7,24.60987
71,8,26.249868
71,9,27.473356
72,0,0.0
72,1,4.5541577
72,10,28.352745
72,11,28.961548
72,12,29.367416
72,13,29.627901
72,14,29.788786
72,15,29.884386
72,16,29.939014
72,17,29.96902
72,18,29.98486
72,19,29.992886
72,2,8.945667
72,20,29.996792
72,21,29.998611
72,22,29.999424
72,23,29.999775
72,24,29.99992
72,25,29.999973
72,26,29.999992
72,27,29.999998
72,28,30.0
72,29,30.0
72,3,13.029001
72,4,16.689919
72,5,19.854443
72,6,22.491547
72,7,24.609877
72,8,26.249872
72,9,27.473366
73,0,0.0
73,1,4.554161
73,10,28.352764
73,11,28.961567
73,12,29.367435
73,13,29.627918
73,14,29.788805
73,15,29.884403
73,16,29.93903
73,17,29.96904
73,18,29.984875
73,19,29.992905
73,2,8.945673
73,20,29.996807
73,21,29.998629
73,22,29.999443
73,23,29.99979
73,24,29.999931
73,25,29.999985
73,26,30.0
73,27,30.000004
73,28,30.000004
73,29,30.0
73,3,13.029009
73,4,16.689932
73,5,19.854456
73,6,22.491562
73,7,24.60989
73,8,26.24989
73,9,27.47338
74,0,0.0
74,1,4.5541697
74,10,28.35281
74,11,28.961613
74,12,29.367485
74,13,29.627968
74,14,29.788853
74,15,29.884453
74,16,29.939081
74,17,29.969086
74,18,29.984926
74,19,29.99295
74,2,8.945691
74,20,29.996855
74,21,29.998672
74,22,29.999485
74,23,29.99983
74,24,29.999966
74,25,30.000017
74,26,30.000025
74,27,30.000023
74,28,30.000011
74,29,30.0
74,3,13.029036
74,4,16.689962
74,5,19.854492
74,6,22.491602
74,7,24.609936
74,8,26.249933
74,9,27.473427
75,0,0.0
75,1,4.554194
75,10,28.35294
75,11,28.961744
75,12,29.367615
75,13,29.628098
75,14,29.788986
75,15,29.884583
75,16,29.93921
75,17,29.96922
75,18,29.985052
75,19,29.99308
75,2,8.945737
75,20,29.996979
75,21,29.998795
75,22,29.999601
75,23,29.999935
75,24,30.000061
75,25,30.000095
75,26,30.000092
75,27,30.000069
75,28,30.000034
75,29,30.0
75,3,13.029101
75,4,16.690046
75,5,19.854591
75,6,22.49171
75,7,24.610052
75,8,26.250057
75,9,27.473553
76,0,0.0
76,1,4.554253
76,10,28.353264
76,11,28.962074
76,12,29.367947
76,13,29.628431
76,14,29.789318
76,15,29.884918
76,16,29.93954
76,17,29.96955
76,18,29.985384
76,19,29.993404
76,2,8.945854
76,20,29.9973
76,21,29.999104
76,22,29.999893
76,23,30.00021
76,24,30.000307
76,25,30.000307
76,26,30.000256
76,27,30.000183
76,28,30.000095
76,29,30.0
76,3,13.029269
76,4,16.690258
76,5,19.85484
76,6,22.491987
76,7,24.610346
76,8,26.250368
76,9,27.47387
77,0,0.0
77,1,4.5543995
77,10,28.354057
77,11,28.962875
77,12,29.368755
77,13,29.629242
77,14,29.79013
77,15,29.885729
77,16,29.940357
77,17,29.970356
77,18,29.986187
77,19,29.994196
77,2,8.946136
77,20,29.998074
77,21,29.999855
77,22,30.00061
77,23,30.000872
77,24,30.000902
77,25,30.000813
77,26,30.000656
77,27,30.000458
77,28,30.000237
77,29,30.0
77,3,13.029677
77,4,16.690773
77,5,19.855442
77,6,22.492657
77,7,24.61107
77,8,26.251122
77,9,27.474653
78,0,0.0
78,1,4.5547366
78,10,28.355915
78,11,28.964752
78,12,29.370644
78,13,29.631138
78,14,29.792028
78,15,29.887627
78,16,29.942245
78,17,29.972244
78,18,29.988056
78,19,29.996044
78,2,8.946797
78,20,29.999882
78,21,30.001606
78,22,30.002272
78,23,30.002419
78,24,30.002283
78,25,30.001991
78,26,30.001587
78,27,30.001106
78,28,30.000566
78,29,30.0
78,3,13.030626
78,4,16.691975
78,5,19.856846
78,6,22.494223
78,7,24.61275
78,8,26.25289
78,9,27.47647
79,0,0.0
79,1,4.5554943
79,10,28.360058
79,11,28.968946
79,12,29.374863
79,13,29.635368
79,14,29.796268
79,15,29.891865
79,16,29.94648
79,17,29.976456
79,18,29.99224
79,19,30.000168
79,2,8.948272
79,20,30.003925
79,21,30.00551
79,22,30.005991
79,23,30.005857
79,24,30.005373
79,25,30.004618
79,26,30.003666
79,27,30.002542
79,28,30.001305
79,29,30.0
79,3,13.032755
79,4,16.694656
79,5,19.85999
79,6,22.497715
79,7,24.616508
79,8,26.25683
79,9,27.480537
8,0,0.0
8,1,3.9768782
8,10,24.79619
8,11,25.3319
8,12,25.690453
8,13,25.921175
8,14,26.065369
8,15,26.153442
8,16,26.208282
8,17,26.246582
8,18,26.280815
8,19,26.322556
8,2,7.8128395
8,20,26.382145
8,21,26.473309
8,22,26.609768
8,23,26.810568
8,24,27.092628
8,25,27.474884
8,26,27.9664
8,27,28.567463
8,28,29.257807
8,29,30.0
8,3,11.379612
8,4,14.580198
8,5,17.34681
8,6,19.655676
8,7,21.510345
8,8,22.94916
8,9,24.022583
80,0,0.0
80,1,4.5571165
80,10,28.368938
80,11,28.97793
80,12,29.383904
80,13,29.644445
80,14,29.805351
80,15,29.90095
80,16,29.955544
80,17,29.985485
80,18,30.00119
80,19,30.009014
80,2,8.951443
80,20,30.012573
80,21,30.013885
80,22,30.013935
80,23,30.01324
80,24,30.011969
80,25,30.010254
80,26,30.008106
80,27,30.005629
80,28,30.00288
80,29,30.0
80,3,13.037312
80,4,16.700418
80,5,19.866716
80,6,22.505213
80,7,24.624557
80,8,26.265282
80,9,27.489248
81,0,0.0
81,1,4.5604696
81,10,28.387201
81,11,28.9964
81,12,29.402496
81,13,29.663094
81,14,29.824028
81,15,29.919613
81,16,29.974178
81,17,30.004028
81,18,30.019604
81,19,30.027172
81,2,8.957966
81,20,30.030363
81,21,30.031069
81,22,30.030294
81,23,30.028378
81,24,30.025564
81,25,30.021809
81,26,30.017263
81,27,30.011953
81,28,30.00613
81,29,30.0
81,3,13.0467205
81,4,16.71227
81,5,19.880594
81,6,22.520624
81,7,24.641136
81,8,26.282652
81,9,27.507168
82,0,0.0
82,1,4.5671086
82,10,28.423256
82,11,29.032852
82,12,29.439178
82,13,29.699896
82,14,29.86087
82,15,29.956448
82,16,30.010925
82,17,30.040634
82,18,30.055908
82,19,30.063023
82,2,8.97093
82,20,30.06543
82,21,30.065022
82,22,30.062517
82,23,30.058329
82,24,30.052341
82,25,30.044704
82,26,30.035309
82,27,30.024504
82,28,30.012535
82,29,30.0
82,3,13.065338
82,4,16.735783
82,5,19.908024
82,6,22.551146
82,7,24.673876
82,8,26.316994
82,9,27.542542
83,0,0.0
83,1,4.579813
83,10,28.49161
83,11,29.101967
83,12,29.508701
83,13,29.769638
83,14,29.930689
83,15,30.02623
83,16,30.080576
83,17,30.109966
83,18,30.124735
83,19,30.130917
83,2,8.995638
83,20,30.131956
83,21,30.129314
83,22,30.123745
83,23,30.115055
83,24,30.10331
83,25,30.08809
83,26,30.06971
83,27,30.0483
83,28,30.024767
83,29,30.0
83,3,13.100912
83,4,16.780527
83,5,19.960308
83,6,22.609125
83,7,24.736132
83,8,26.382143
83,9,27.609688
84,0,0.0
84,1,4.6031647
84,10,28.616238
84,11,29.227856
84,12,29.635342
84,13,29.896626
84,14,30.057808
84,15,30.153292
84,16,30.20736
84,17,30.236242
84,18,30.250006
84,19,30.254656
84,2,9.041161
84,20,30.253054
84,21,30.246643
84,22,30.235249
84,23,30.218782
84,24,30.196232
84,25,30.167614
84,26,30.132519
84,27,30.092003
84,28,30.047113
84,29,30.0
84,3,13.166185
84,4,16.862745
84,5,20.056004
84,6,22.715324
84,7,24.849806
84,8,26.501148
84,9,27.732088
85,0,0.0
85,1,4.644696
85,10,28.834606
85,11,29.44843
85,12,29.857058
85,13,30.11895
85,14,30.280312
85,15,30.375668
85,16,30.429306
85,17,30.457216
85,18,30.469421
85,19,30.471226
85,2,9.12182
85,20,30.465416
85,21,30.452137
85,22,30.43119
85,23,30.400715
85,24,30.35999
85,25,30.307386
85,26,30.24353
85,27,30.168972
85,28,30.086689
85,29,30.0
85,3,13.281981
85,4,17.007977
85,5,20.225094
85,6,22.902252
85,7,25.049892
85,8,26.710026
85,9,27.946915
86,0,0.0
86,1,4.7158594
86,10,29.202969
86,11,29.820019
86,12,30.230522
86,13,30.493244
86,14,30.654871
86,15,30.750015
86,16,30.802853
86,17,30.829346
86,18,30.838766
86,19,30.836306
86,2,9.260191
86,20,30.82314
86,21,30.799236
86,22,30.761814
86,23,30.708992
86,24,30.637058
86,25,30.545147
86,26,30.431953
86,27,30.300344
86,28,30.154007
86,29,30.0
86,3,13.479768
86,4,17.256
86,5,20.51255
86,6,23.219826
86,7,25.388542
86,8,27.063358
86,9,28.30941
87,0,0.0
87,1,4.8341074
87,10,29.800663
87,11,30.422703
87,12,30.83566
87,13,31.099617
87,14,31.261518
87,15,31.356228
87,16,31.407946
87,17,31.431988
87,18,31.437508
87,19,31.427914
87,2,9.489212
87,20,31.404072
87,21,31.362652
87,22,31.300453
87,23,31.210968
87,24,31.090532
87,25,30.933971
87,26,30.74189
87,27,30.516056
87,28,30.265125
87,29,30.0
87,3,13.806955
87,4,17.664194
87,5,20.984936
87,6,23.739199
87,7,25.941603
87,8,27.63837
87,9,28.898808
88,0,0.0
88,1,5.024164
88,10,30.735023
88,11,31.363329
88,12,31.779722
88,13,32.045
88,14,32.207153
88,15,32.301193
88,16,32.35102
88,17,32.371845
88,18,32.371124
88,19,32.351883
88,2,9.857141
88,20,32.311287
88,21,32.245216
88,22,32.14434
88,23,32.001198
88,24,31.804697
88,25,31.550064
88,26,31.232994
88,27,30.85992
88,28,30.441967
88,29,30.0
88,3,14.329769
88,4,18.314869
88,5,21.73346
88,6,24.56
88,7,26.81141
88,8,28.540995
88,9,29.82112
89,0,0.0
89,1,5.3215294
89,10,32.141205
89,11,32.77762
89,12,33.197502
89,13,33.46425
89,14,33.626328
89,15,33.71914
89,16,33.76656
89,17,33.78245
89,18,33.773914
89,19,33.74032
89,2,10.429955
89,20,33.677864
89,21,33.57541
89,22,33.421738
89,23,33.19892
89,24,32.893906
89,25,32.49134
89,26,31.98864
89,27,31.389442
89,28,30.715826
89,29,30.0
89,3,15.141124
89,4,19.317465
89,5,22.881907
89,6,25.811077
89,7,28.132633
89,8,29.905733
89,9,31.2128
9,0,0.0
9,1,4.164247
9,10,25.954319
9,11,26.514975
9,12,26.88897
9,13,27.130072
9,14,27.279911
9,15,27.370922
9,16,27.426296
9,17,27.46267
9,18,27.492512
9,19,27.525145
9,2,8.179771
9,20,27.570192
9,21,27.636168
9,22,27.734646
9,23,27.87584
9,24,28.07283
9,25,28.333897
9,26,28.665684
9,27,29.064072
9,28,29.516949
9,29,30.0
9,3,11.915222
9,4,15.264249
9,5,18.16183
9,6,20.576488
9,7,22.518806
9,8,24.022545
9,9,25.14646
90,0,0.0
90,1,5.774416
90,10,34.18127
90,11,34.8253
90,12,35.248665
90,13,35.515987
90,14,35.6774
90,15,35.768414
90,16,35.812206
90,17,35.82237
90,18,35.802834
90,19,35.752098
90,2,11.299519
90,20,35.659355
90,21,35.511177
90,22,35.28399
90,23,34.95563
90,24,34.496456
90,25,33.887463
90,26,33.113373
90,27,32.18382
90,28,31.127117
90,29,30.0
90,3,16.362907
90,4,20.817814
90,5,24.585459
90,6,27.656279
90,7,30.06815
90,8,31.897556
90,9,33.235626
91,0,0.0
91,1,6.4508543
91,10,37.032516
91,11,37.6828
91,12,38.10697
91,13,38.3735
91,14,38.5329
91,15,38.620964
91,16,38.660614
91,17,38.663097
91,18,38.63172
91,19,38.55888
91,2,12.587951
91,20,38.431793
91,21,38.22467
91,22,37.908745
91,23,37.4413
91,24,36.783585
91,25,35.891838
91,26,34.74503
91,27,33.342575
91,28,31.731781
91,29,30.0
91,3,18.158245
91,4,22.997154
91,5,27.037766
91,6,30.286415
91,7,32.809322
91,8,34.700523
91,9,36.072235
92,0,0.0
92,1,7.4458647
92,10,40.875443
92,11,41.524662
92,12,41.94562
92,13,42.207726
92,14,42.363087
92,15,42.447063
92,16,42.48118
92,17,42.476166
92,18,42.43068
92,19,42.335922
92,2,14.46546
92,20,42.1686
92,21,41.898617
92,22,41.476624
92,23,40.848465
92,24,39.94207
92,25,38.69459
92,26,37.049744
92,27,35.00112
92,28,32.60317
92,29,30.0
92,3,20.736185
92,4,26.084171
92,5,30.461687
92,6,33.919502
92,7,36.55835
92,8,38.51014
92,9,39.90661
93,0,0.0
93,1,8.904057
93,10,45.8673
93,11,46.504463
93,12,46.91313
93,13,47.16594
93,14,47.313976
93,15,47.391953
93,16,47.420483
93,17,47.40712
93,18,47.349953
93,19,47.23259
93,2,17.170145
93,20,47.029533
93,21,46.694023
93,22,46.167557
93,23,45.362637
93,24,44.182125
93,25,42.508106
93,26,40.24447
93,27,37.337135
93,28,33.849785
93,29,30.0
93,3,24.37719
93,4,30.352238
93,5,35.113323
93,6,38.77875
93,7,41.5186
93,8,43.50593
93,9,44.90821
94,0,0.0
94,1,11.060722
94,10,52.120743
94,11,52.725098
94,12,53.109825
94,13,53.345222
94,14,53.481743
94,15,53.551918
94,16,53.57397
94,17,53.554764
94,18,53.48758
94,19,53.355854
94,2,21.064817
94,20,53.123306
94,21,52.739338
94,22,52.12062
94,23,51.16053
94,24,49.706852
94,25,47.58539
94,26,44.600693
94,27,40.61456
94,28,35.63955
94,29,30.0
94,3,29.455547
94,4,36.136753
94,5,41.26109
94,6,45.082615
94,7,47.860115
94,8,49.83307
94,9,51.198555
95,0,0.0
95,1,14.353449
95,10,59.67088
95,11,60.216682
95,12,60.559956
95,13,60.76863
95,14,60.888184
95,15,60.94809
95,16,60.964508
95,17,60.941063
95,18,60.87165
95,19,60.7342
95,2,26.732668
95,20,60.49372
95,21,60.086716
95,22,59.423985
95,23,58.3636
95,24,56.713478
95,25,54.2001
95,26,50.49257
95,27,45.24136
95,28,38.28057
95,29,30.0
95,3,36.498745
95,4,43.828636
95,5,49.176933
95,6,53.003113
95,7,55.698082
95,8,57.562492
95,9,58.82964
96,0,0.0
96,1,19.703949
96,10,68.45816
96,11,68.91141
96,12,69.194534
96,13,69.364876
96,14,69.46173
96,15,69.5093
96,16,69.52013
96,17,69.49735
96,18,69.43243
96,19,69.30697
96,2,35.187492
96,20,69.08267
96,21,68.70177
96,22,68.064674
96,23,67.02356
96,24,65.338646
96,25,62.652252
96,26,58.422176
96,27,51.92246
96,28,42.41375
96,29,30.0
96,3,46.241245
96,4,53.869736
96,5,59.08124
96,6,62.633183
96,7,65.04363
96,8,66.66886
96,9,67.74995
97,0,0.0
97,1,29.353659
97,10,78.30966
97,11,78.63716
97,12,78.83971
97,13,78.96108
97,14,79.029465
97,15,79.062454
97,16,79.0691
97,17,79.05037
97,18,79.00057
97,19,78.90272
97,2,48.228897
97,20,78.72881
97,21,78.42694
97,22,77.91633
97,23,77.05623
97,24,75.616035
97,25,73.18694
97,26,69.04826
97,27,61.900574
97,28,49.60112
97,29,30.0
97,3,59.652924
97,4,66.654945
97,5,71.06697
97,6,73.91182
97,7,75.773186
97,8,76.99487
97,9,77.793976
98,0,0.0
98,1,49.54112
98,10,88.946396
98,11,89.11837
98,12,89.22446
98,13,89.287605
98,14,89.323074
98,15,89.34004
98,16,89.34299
98,17,89.3327
98,18,89.30516
98,19,89.25194
98,2,68.8436
98,20,89.15567
98,21,88.988556
98,22,88.700264
98,23,88.20666
98,24,87.350586
98,25,85.82995
98,26,82.98953
98,27,77.24408
98,28,64.19696
98,29,30.0
98,3,77.66936
98,4,82.28114
98,5,84.93365
98,6,86.556786
98,7,87.584724
98,8,88.246605
98,9,88.67319
99,0,0.0
99,1,100.0
99,10,100.0
99,11,100.0
99,12,100.0
99,13,100.0
99,14,100.0
99,15,100.0
99,16,100.0
99,17,100.0
99,18,100.0
99,19,100.0
99,2,100.0
99,20,100.0
99,21,100.0
99,22,100.0
99,23,100.0
99,24,100.0
99,25,100.0
99,26,100.0
99,27,100.0
99,28,100.0
99,29,30.0
99,3,100.0
99,4,100.0
99,5,100.0
99,6,100.0
99,7,100.0
99,8,100.0
99,9,100.0
