0,0,0.0
0,1,0.0
0,10,0.0
0,11,0.0
0,12,0.0
0,13,0.0
0,14,0.0
0,15,30.0
0,2,0.0
0,3,0.0
0,4,0.0
0,5,0.0
0,6,0.0
0,7,0.0
0,8,0.0
0,9,0.0
1,0,0.0
1,1,0.64360315
1,10,5.1563773
1,11,5.9231644
1,12,7.2147756
1,13,9.720264
1,14,15.333428
1,15,30.0
1,2,1.2699299
1,3,1.8640145
1,4,2.4146323
1,5,2.9166365
1,6,3.3715239
1,7,3.7901058
1,8,4.1947026
1,9,4.625986
10,0,0.0
10,1,10.977325
10,10,48.633617
10,11,47.10356
10,12,44.446594
10,13,40.604176
10,14,35.661438
10,15,30.0
10,2,20.91088
10,3,29.250792
10,4,35.89119
10,5,40.95982
10,6,44.658524
10,7,47.173973
10,8,48.640617
10,9,49.127007
11,0,0.0
11,1,14.404009
11,10,56.291927
11,11,54.243874
11,12,50.734505
11,13,45.499004
11,14,38.436966
11,15,30.0
11,2,26.838879
11,3,36.662956
11,4,44.040657
11,5,49.392784
11,6,53.127438
11,7,55.552082
11,8,56.8562
11,9,57.11456
12,0,0.0
12,1,19.816761
12,10,65.28755
12,11,62.946846
12,12,58.829918
12,13,52.27903
12,14,42.61722
12,15,30.0
12,2,35.412415
12,3,46.572777
12,4,54.284943
12,5,59.527893
12,6,63.005722
12,7,65.16115
12,8,66.234146
12,9,66.30171
13,0,0.0
13,1,29.466799
13,10,75.70979
13,11,73.51381
13,12,69.43184
13,13,62.22034
13,14,49.77944
13,15,30.0
13,2,48.45303
13,3,59.97905
13,4,67.06145
13,5,71.50591
13,6,74.29621
13,7,75.95167
13,8,76.722244
13,9,76.67478
14,0,0.0
14,1,49.609688
14,10,87.43676
14,11,86.033005
14,12,83.21631
14,13,77.42906
14,14,64.299515
14,15,30.0
14,2,68.97873
14,3,77.865555
14,4,82.524475
14,5,85.19702
14,6,86.78963
14,7,87.70193
14,8,88.10653
14,9,88.04408
15,0,0.0
15,1,100.0
15,10,100.0
15,11,100.0
15,12,100.0
15,13,100.0
15,14,100.0
15,15,30.0
15,2,100.0
15,3,100.0
15,4,100.0
15,5,100.0
15,6,100.0
15,7,100.0
15,8,100.0
15,9,100.0
2,0,0.0
2,1,1.2990167
2,10,10.065475
2,11,11.3134
2,12,13.209797
2,13,16.329304
2,14,21.611656
2,15,30.0
2,2,2.561993
2,3,3.7570038
2,4,4.861036
2,5,5.8615966
2,6,6.7608185
2,7,7.576314
2,8,8.346893
2,9,9.139391
3,0,0.0
3,1,1.9808905
3,10,14.634885
3,11,16.041676
3,12,17.972782
3,13,20.769722
3,14,24.78135
3,15,30.0
3,2,3.9031076
3,3,5.715638
3,4,7.3797736
3,5,8.875223
3,6,10.200347
3,7,11.376642
3,8,12.449636
3,9,13.496336
4,0,0.0
4,1,2.708903
4,10,18.917345
4,11,20.233156
4,12,21.8615
4,13,23.991125
4,14,26.741856
4,15,30.0
4,2,5.3310027
4,3,7.7899475
4,4,10.02994
4,5,12.0182
4,6,13.7495575
4,7,15.243668
4,8,16.54779
4,9,17.736685
5,0,0.0
5,1,3.5115237
5,10,23.054287
5,11,24.106419
5,12,25.247725
5,13,26.591244
5,14,28.195639
5,15,30.0
5,2,6.897949
5,3,10.051925
5,4,12.894042
5,5,15.380487
5,6,17.49925
5,7,19.269775
5,8,20.73642
5,9,21.967735
6,0,0.0
6,1,4.4286685
6,10,27.230728
6,11,27.900309
6,12,28.44148
6,13,28.939552
6,14,29.454098
6,15,30.0
6,2,8.678936
6,3,12.599866
6,4,16.086945
6,5,19.082945
6,6,21.575354
6,7,23.583572
6,8,25.152346
6,9,26.34318
7,0,0.0
7,1,5.518676
7,10,31.654062
7,11,31.851292
7,12,31.705433
7,13,31.290848
7,14,30.69222
7,15,30.0
7,2,10.778242
7,3,15.570081
7,4,19.758766
7,5,23.282803
7,6,26.134933
7,7,28.345396
7,8,29.962978
7,9,31.04549
8,0,0.0
8,1,6.8673325
8,10,36.542877
8,11,36.198364
8,12,35.282085
8,13,33.859444
8,14,32.04088
8,15,30.0
8,2,13.346838
8,3,19.14673
8,4,24.105844
8,5,28.171616
8,6,31.36417
8,7,33.737343
8,8,35.35493
8,9,36.27472
9,0,0.0
9,1,8.6102085
9,10,42.125675
9,11,41.190735
9,12,39.42811
9,13,36.86813
9,14,33.63564
9,15,30.0
9,2,16.60751
9,3,23.586496
9,4,29.377369
9,5,33.977894
9,6,37.46811
9,7,39.95209
9,8,41.52086
9,9,42.23594
