0,0,0.0
0,1,0.0
0,10,0.0
0,11,0.0
0,12,0.0
0,13,0.0
0,14,0.0
0,15,30.0
0,2,0.0
0,3,0.0
0,4,0.0
0,5,0.0
0,6,0.0
0,7,0.0
0,8,0.0
0,9,0.0
1,0,0.0
1,1,0.6338566
1,10,5.168867
1,11,5.9390025
1,12,7.230604
1,13,9.73295
1,14,15.340442
1,15,30.0
1,2,1.2520144
1,3,1.8406515
1,4,2.3895223
1,5,2.8934307
1,6,3.3536553
1,7,3.7797985
1,8,4.1929846
1,9,4.6323056
10,0,0.0
10,1,11.112156
10,10,49.416023
10,11,47.796024
10,12,45.00835
10,13,40.9999
10,14,35.866066
10,15,30.0
10,2,21.179136
10,3,29.649357
10,4,36.41308
10,5,41.5936
10,6,45.385895
10,7,47.969666
10,8,49.472034
10,9,49.955162
11,0,0.0
11,1,14.537016
11,10,57.035435
11,11,54.900322
11,12,51.265453
11,13,45.872684
11,14,38.629833
11,15,30.0
11,2,27.103127
11,3,37.053925
11,4,44.55065
11,5,50.008854
11,6,53.831036
11,7,56.317924
11,8,57.652588
11,9,57.904762
12,0,0.0
12,1,19.933376
12,10,65.92316
12,11,63.506554
12,12,59.282177
12,13,52.596725
12,14,42.78121
12,15,30.0
12,2,35.6436
12,3,46.914253
12,4,54.728893
12,5,60.0626
12,6,63.61424
12,7,65.82126
12,8,66.91852
12,9,66.978615
13,0,0.0
13,1,29.553358
13,10,76.174034
13,11,73.92229
13,12,69.76134
13,13,62.45179
13,14,49.89876
13,15,30.0
13,2,48.62457
13,3,60.23194
13,4,67.38974
13,5,71.90041
13,6,74.74423
13,7,76.43664
13,8,77.22392
13,9,77.17021
14,0,0.0
14,1,49.655804
14,10,87.681885
14,11,86.24841
14,12,83.39006
14,13,77.55098
14,14,64.36239
14,15,30.0
14,2,69.07004
14,3,78.00011
14,4,82.69893
14,5,85.40644
14,6,87.02715
14,7,87.958725
14,8,88.37191
14,9,88.30581
15,0,0.0
15,1,100.0
15,10,100.0
15,11,100.0
15,12,100.0
15,13,100.0
15,14,100.0
15,15,30.0
15,2,100.0
15,3,100.0
15,4,100.0
15,5,100.0
15,6,100.0
15,7,100.0
15,8,100.0
15,9,100.0
2,0,0.0
2,1,1.2835678
2,10,10.104822
2,11,11.357105
2,12,13.250914
2,13,16.361069
2,14,21.628975
2,15,30.0
2,2,2.5338538
2,3,3.7215102
2,4,4.8245654
2,5,5.8311973
2,6,6.7421107
2,7,7.573305
2,8,8.360592
2,9,9.168092
3,0,0.0
3,1,1.9668655
3,10,14.72652
3,11,16.134796
3,12,18.055761
3,13,20.832047
3,14,24.814703
3,15,30.0
3,2,3.878921
3,3,5.6878347
3,4,7.357128
3,5,8.865962
3,6,10.211691
3,7,11.412199
3,8,12.509463
3,9,13.576069
4,0,0.0
4,1,2.7054172
4,10,19.092274
4,11,20.401413
4,12,22.006561
4,13,24.097551
4,14,26.798237
4,15,30.0
4,2,5.327997
4,3,7.7950344
4,4,10.051741
4,5,12.065689
4,6,13.828538
4,7,15.356475
4,8,16.691145
4,9,17.902256
5,0,0.0
5,1,3.5273685
5,10,23.3413
5,11,24.374077
5,12,25.473156
5,13,26.754482
5,14,28.281273
5,15,30.0
5,2,6.9337196
5,3,10.114164
5,4,12.991127
5,5,15.518881
5,6,17.682892
5,7,19.496746
5,8,20.999111
5,9,22.252163
6,0,0.0
6,1,4.470999
6,10,27.649485
6,11,28.282848
6,12,28.759415
6,13,29.167278
6,14,29.573048
6,15,30.0
6,2,8.766643
6,3,12.738649
6,4,16.282099
6,5,19.338585
6,6,21.890457
6,7,23.951702
6,8,25.559605
6,9,26.769053
7,0,0.0
7,1,5.5907173
7,10,32.207848
7,11,32.351086
7,12,32.116486
7,13,31.583633
7,14,30.844395
7,15,30.0
7,2,10.924634
7,3,15.793769
7,4,20.062656
7,5,23.665974
7,6,26.592026
7,7,28.863537
7,8,30.52209
7,9,31.618359
8,0,0.0
8,1,6.9680057
8,10,37.215736
8,11,36.799984
8,12,35.77404
8,13,34.20792
8,14,32.221684
8,15,30.0
8,2,13.548922
8,3,19.451317
8,4,24.51155
8,5,28.673859
8,6,31.9517
8,7,34.392056
8,8,36.050613
8,9,36.97803
9,0,0.0
9,1,8.733166
9,10,42.88038
9,11,41.861916
9,12,39.974007
9,13,37.253887
9,14,33.835213
9,15,30.0
9,2,16.853247
9,3,23.95324
9,4,29.861164
9,5,34.56948
9,6,38.15244
9,7,40.706146
9,8,42.31405
9,9,43.031036
