0,0,0.0
0,1,0.0
0,10,0.0
0,11,0.0
0,12,0.0
0,13,0.0
0,14,0.0
0,15,30.0
0,2,0.0
0,3,0.0
0,4,0.0
0,5,0.0
0,6,0.0
0,7,0.0
0,8,0.0
0,9,0.0
1,0,0.0
1,1,0.63028765
1,10,5.1529255
1,11,5.925217
1,12,7.219631
1,13,9.725323
1,14,15.336531
1,15,30.0
1,2,1.2450113
1,3,1.8304781
1,4,2.376574
1,5,2.8782165
1,6,3.3367958
1,7,3.7619958
1,8,4.175009
1,9,4.6149507
10,0,0.0
10,1,11.093705
10,10,49.33467
10,11,47.725777
10,12,44.9525
10,13,40.9611
10,14,35.846184
10,15,30.0
10,2,21.14294
10,3,29.59684
10,4,36.346313
10,5,41.51529
10,6,45.299244
10,7,47.878345
10,8,49.379982
10,9,49.866463
11,0,0.0
11,1,14.520828
11,10,56.964165
11,11,54.838787
11,12,51.21653
11,13,45.838703
11,14,38.612427
11,15,30.0
11,2,27.071384
11,3,37.007862
11,4,44.492104
11,5,49.940174
11,6,53.755077
11,7,56.23787
11,8,57.571915
11,9,57.82703
12,0,0.0
12,1,19.920341
12,10,65.86582
12,11,63.457054
12,12,59.242836
12,13,52.569397
12,14,42.767212
12,15,30.0
12,2,35.61804
12,3,46.87717
12,4,54.68175
12,5,60.007328
12,6,63.553097
12,7,65.756836
12,8,66.85361
12,9,66.91608
13,0,0.0
13,1,29.544216
13,10,76.133865
13,11,73.8876
13,12,69.73378
13,13,62.43264
13,14,49.888954
13,15,30.0
13,2,48.60665
13,3,60.205936
13,4,67.356705
13,5,71.861664
13,6,74.70138
13,7,76.39149
13,8,77.17844
13,9,77.126396
14,0,0.0
14,1,49.651096
14,10,87.661194
14,11,86.230545
14,12,83.37586
14,13,77.541115
14,14,64.35734
14,15,30.0
14,2,69.06081
14,3,77.98671
14,4,82.6819
14,5,85.38648
14,6,87.00508
14,7,87.935455
14,8,88.34848
14,9,88.28323
15,0,0.0
15,1,100.0
15,10,100.0
15,11,100.0
15,12,100.0
15,13,100.0
15,14,100.0
15,15,30.0
15,2,100.0
15,3,100.0
15,4,100.0
15,5,100.0
15,6,100.0
15,7,100.0
15,8,100.0
15,9,100.0
2,0,0.0
2,1,1.2765131
2,10,10.073329
2,11,11.329872
2,12,13.22924
2,13,16.346
2,14,21.62125
2,15,30.0
2,2,2.5200076
2,3,3.7014022
2,4,4.798969
2,5,5.80113
2,6,6.7087884
2,7,7.538129
2,8,8.325071
2,9,9.133805
3,0,0.0
3,1,1.9564972
3,10,14.68029
3,11,16.09483
3,12,18.023952
3,13,20.809937
3,14,24.803366
3,15,30.0
3,2,3.8585775
3,3,5.658286
3,4,7.3195257
3,5,8.82179
3,6,10.162753
3,7,11.360537
3,8,12.45731
3,9,13.525731
4,0,0.0
4,1,2.6920185
4,10,19.032612
4,11,20.349838
4,12,21.965525
4,13,24.069025
4,14,26.783615
4,15,30.0
4,2,5.3017035
4,3,7.7568564
4,4,10.003153
4,5,12.008633
4,6,13.765327
4,7,15.289768
4,8,16.62381
4,9,17.837282
5,0,0.0
5,1,3.511342
5,10,23.27006
5,11,24.312508
5,12,25.424168
5,13,26.720436
5,14,28.26382
5,15,30.0
5,2,6.902278
5,3,10.068508
5,4,12.933044
5,5,15.450675
5,6,17.607359
5,7,19.417042
5,8,20.918682
5,9,22.174566
6,0,0.0
6,1,4.4528913
6,10,27.569132
6,11,28.213413
6,12,28.704178
6,13,29.128891
6,14,29.553375
6,15,30.0
6,2,8.731114
6,3,12.687076
6,4,16.216486
6,5,19.261566
6,6,21.805172
6,7,23.86174
6,8,25.468838
6,9,26.681507
7,0,0.0
7,1,5.57121
7,10,32.12145
7,11,32.276443
7,12,32.05711
7,13,31.542377
7,14,30.823248
7,15,30.0
7,2,10.886372
7,3,15.73822
7,4,19.992012
7,5,23.583055
7,6,26.50024
7,7,28.766731
7,8,30.424458
7,9,31.524208
8,0,0.0
8,1,6.9479184
8,10,37.126907
8,11,36.72325
8,12,35.71302
8,13,34.16552
8,14,32.19996
8,15,30.0
8,2,13.509513
8,3,19.394127
8,4,24.43882
8,5,28.588516
8,6,31.857239
8,7,34.292473
8,8,35.950188
8,9,36.881214
9,0,0.0
9,1,8.7134075
9,10,42.793163
9,11,41.78659
9,12,39.91411
9,13,37.21228
9,14,33.813892
9,15,30.0
9,2,16.814499
9,3,23.897003
9,4,29.789665
9,5,34.48559
9,6,38.059616
9,7,40.608295
9,8,42.2154
9,9,42.93595
