0,0,0.0
0,1,0.0
0,10,0.0
0,11,0.0
0,12,0.0
0,13,0.0
0,14,0.0
0,15,30.0
0,2,0.0
0,3,0.0
0,4,0.0
0,5,0.0
0,6,0.0
0,7,0.0
0,8,0.0
0,9,0.0
1,0,0.0
1,1,0.631824
1,10,5.160042
1,11,5.9313936
1,12,7.224563
1,13,9.728759
1,14,15.338295
1,15,30.0
1,2,1.2480311
1,3,1.8348775
1,4,2.3821938
1,5,2.884848
1,6,3.3441799
1,7,3.7698317
1,8,4.1829605
1,9,4.622664
10,0,0.0
10,1,11.102493
10,10,49.374264
10,11,47.760048
10,12,44.979797
10,13,40.98009
10,14,35.855923
10,15,30.0
10,2,21.160196
10,3,29.621918
10,4,36.378258
10,5,41.55286
10,6,45.340935
10,7,47.922413
10,8,49.42454
10,9,49.90952
11,0,0.0
11,1,14.528604
11,10,56.999115
11,11,54.86903
11,12,51.24062
11,13,45.855453
11,14,38.621017
11,15,30.0
11,2,27.086647
11,3,37.030045
11,4,44.520355
11,5,49.973396
11,6,53.791924
11,7,56.276806
11,8,57.61127
11,9,57.86505
12,0,0.0
12,1,19.926645
12,10,65.894104
12,11,63.48152
12,12,59.262314
12,13,52.582954
12,14,42.774155
12,15,30.0
12,2,35.630417
12,3,46.89515
12,4,54.70465
12,5,60.03424
12,6,63.582947
12,7,65.788376
12,8,66.88547
12,9,66.94685
13,0,0.0
13,1,29.54866
13,10,76.15376
13,11,73.904816
13,12,69.74748
13,13,62.442177
13,14,49.893845
13,15,30.0
13,2,48.615368
13,3,60.218605
13,4,67.37283
13,5,71.880615
13,6,74.7224
13,7,76.41369
13,8,77.20087
13,9,77.148056
14,0,0.0
14,1,49.653393
14,10,87.67147
14,11,86.239426
14,12,83.38294
14,13,77.546036
14,14,64.35986
14,15,30.0
14,2,69.06531
14,3,77.993256
14,4,82.69023
14,5,85.39627
14,6,87.01594
14,7,87.94693
14,8,88.36006
14,9,88.29442
15,0,0.0
15,1,100.0
15,10,100.0
15,11,100.0
15,12,100.0
15,13,100.0
15,14,100.0
15,15,30.0
15,2,100.0
15,3,100.0
15,4,100.0
15,5,100.0
15,6,100.0
15,7,100.0
15,8,100.0
15,9,100.0
2,0,0.0
2,1,1.2795672
2,10,10.087454
2,11,11.342133
2,12,13.239027
2,13,16.35282
2,14,21.624752
2,15,30.0
2,2,2.5260127
2,3,3.7101462
2,4,4.8101397
2,5,5.8143063
2,6,6.723459
2,7,7.5536914
2,8,8.340862
2,9,9.149118
3,0,0.0
3,1,1.9610263
3,10,14.701181
3,11,16.112953
3,12,18.038418
3,13,20.820015
3,14,24.808538
3,15,30.0
3,2,3.8674781
3,3,5.671248
3,4,7.3360763
3,5,8.8413105
3,6,10.184477
3,7,11.383576
3,8,12.480678
3,9,13.548386
4,0,0.0
4,1,2.697938
4,10,19.059834
4,11,20.373447
4,12,21.984364
4,13,24.082146
4,14,26.790348
4,15,30.0
4,2,5.3133373
4,3,7.773791
4,4,10.024773
4,5,12.034121
4,6,13.793682
4,7,15.319825
4,8,16.654284
4,9,17.866812
5,0,0.0
5,1,3.5185146
5,10,23.302921
5,11,24.340996
5,12,25.446896
5,13,26.736263
5,14,28.271942
5,15,30.0
5,2,6.9163694
5,3,10.089017
5,4,12.959215
5,5,15.481516
5,6,17.641651
5,7,19.453377
5,8,20.9555
5,9,22.210228
6,0,0.0
6,1,4.4611063
6,10,27.606632
6,11,28.245914
6,12,28.730095
6,13,29.146936
6,14,29.562634
6,15,30.0
6,2,8.747253
6,3,12.710554
6,4,16.24644
6,5,19.296848
6,6,21.844385
6,7,23.903263
6,8,25.510897
6,9,26.722225
7,0,0.0
7,1,5.5801806
7,10,32.162247
7,11,32.311783
7,12,32.08529
7,13,31.561989
7,14,30.833311
7,15,30.0
7,2,10.903989
7,3,15.763847
7,4,20.02469
7,5,23.621532
7,6,26.54298
7,7,28.811974
7,8,30.47025
7,9,31.568523
8,0,0.0
8,1,6.9572763
8,10,37.16932
8,11,36.759987
8,12,35.742287
8,13,34.185894
8,14,32.210407
8,15,30.0
8,2,13.527892
8,3,19.42085
8,4,24.472887
8,5,28.628609
8,6,31.901758
8,7,34.33956
8,8,35.99784
8,9,36.9273
9,0,0.0
9,1,8.72272
9,10,42.835236
9,11,41.823013
9,12,39.94313
9,13,37.232468
9,14,33.82425
9,15,30.0
9,2,16.832787
9,3,23.923586
9,4,29.823544
9,5,34.525444
9,6,38.10385
9,7,40.655075
9,8,42.262703
9,9,42.98169
