0,0,0.0
0,1,0.0
0,10,0.0
0,11,0.0
0,12,0.0
0,13,0.0
0,14,0.0
0,15,0.0
0,16,0.0
0,17,0.0
0,18,0.0
0,19,0.0
0,2,0.0
0,20,0.0
0,21,0.0
0,22,0.0
0,23,0.0
0,24,0.0
0,25,0.0
0,26,0.0
0,27,0.0
0,28,0.0
0,29,30.0
0,3,0.0
0,4,0.0
0,5,0.0
0,6,0.0
0,7,0.0
0,8,0.0
0,9,0.0
1,0,0.0
1,1,0.33075094
1,10,2.5680513
1,11,2.6983752
1,12,2.8079681
1,13,2.9000561
1,14,2.9780893
1,15,3.046211
1,16,3.108962
1,17,3.1717052
1,18,3.2408764
1,19,3.3246057
1,2,0.6558099
1,20,3.4339097
1,21,3.5843492
1,22,3.7997465
1,23,4.1185513
1,24,4.6084814
1,25,5.399454
1,26,6.7703743
1,27,9.398731
1,28,15.164926
1,29,30.0
1,3,0.96987295
1,4,1.2680111
1,5,1.5463467
1,6,1.8016149
1,7,2.0319774
1,8,2.2362416
1,9,2.4146745
10,0,0.0
10,1,2.5632517
10,10,19.872982
10,11,20.867489
10,12,21.69501
10,13,22.375023
10,14,22.930185
10,15,23.383247
10,16,23.757805
10,17,24.07674
10,18,24.362358
10,19,24.636219
10,2,5.082552
10,20,24.91852
10,21,25.228786
10,22,25.584246
10,23,26.000591
10,24,26.489237
10,25,27.057442
10,26,27.704964
10,27,28.423973
10,28,29.197212
10,29,30.0
10,3,7.515805
10,4,9.826049
10,5,11.981239
10,6,13.958055
10,7,15.739512
10,8,17.318516
10,9,18.69384
11,0,0.0
11,1,2.6907165
11,10,20.856518
11,11,21.89891
11,12,22.764488
11,13,23.474583
11,14,24.051424
11,15,24.518923
11,16,24.900364
11,17,25.218685
11,18,25.495604
11,19,25.75135
11,2,5.3350735
11,20,26.00491
11,21,26.27302
11,22,26.570974
11,23,26.910763
11,24,27.301823
11,25,27.748596
11,26,28.251043
11,27,28.802612
11,28,29.39135
11,29,30.0
11,3,7.8894625
11,4,10.3141
11,5,12.576605
11,6,14.65094
11,7,16.520947
11,8,18.177319
11,9,19.620516
12,0,0.0
12,1,2.7959232
12,10,21.668589
12,11,22.749613
12,12,23.646757
12,13,24.380707
12,14,24.975021
12,15,25.453226
12,16,25.839115
12,17,26.15521
12,18,26.422684
12,19,26.661053
12,2,5.5438375
12,20,26.88761
12,21,27.117973
12,22,27.36489
12,23,27.63911
12,24,27.947662
12,25,28.294695
12,26,28.679708
12,27,29.098528
12,28,29.542486
12,29,30.0
12,3,8.197868
12,4,10.717524
12,5,13.067984
12,6,15.223545
12,7,17.165844
12,8,18.88679
12,9,20.385136
13,0,0.0
13,1,2.8814006
13,10,22.326883
13,11,23.439583
13,12,24.36155
13,13,25.114822
13,14,25.722458
13,15,26.208782
13,16,26.597212
13,17,26.910261
13,18,27.16864
13,19,27.390953
13,2,5.713145
13,20,27.593824
13,21,27.791187
13,22,27.995024
13,23,28.214184
13,24,28.455345
13,25,28.721615
13,26,29.013521
13,27,29.32798
13,28,29.659468
13,29,30.0
13,3,8.448414
13,4,11.044695
13,5,13.467097
13,6,15.687897
13,7,17.689487
13,8,19.46206
13,9,21.005714
14,0,0.0
14,1,2.949514
14,10,22.851734
14,11,23.989037
14,12,24.93097
14,13,25.69899
14,14,26.317078
14,15,26.809162
14,16,27.198997
14,17,27.50875
14,18,27.75876
14,19,27.967205
14,2,5.848318
14,20,28.149681
14,21,28.319643
14,22,28.48767
14,23,28.66233
14,24,28.849182
14,25,29.05175
14,26,29.270594
14,27,29.504318
14,28,29.749147
14,29,30.0
14,3,8.648061
14,4,11.305863
14,5,13.78512
14,6,16.058472
14,7,18.10671
14,8,19.920979
14,9,21.500084
15,0,0.0
15,1,3.002955
15,10,23.262491
15,11,24.419336
15,12,25.376389
15,13,26.156013
15,14,26.781773
15,15,27.278118
15,16,27.668499
15,17,27.97507
15,18,28.21788
15,19,28.414549
15,2,5.9541492
15,20,28.580362
15,21,28.727825
15,22,28.867304
15,23,29.006393
15,24,29.150803
15,25,29.303646
15,26,29.466366
15,27,29.638222
15,28,29.817207
15,29,30.0
15,3,8.804684
15,4,11.510336
15,5,14.034554
15,6,16.348587
15,7,18.433834
15,8,20.280218
15,9,21.887512
16,0,0.0
16,1,3.0440626
16,10,23.578691
16,11,24.750147
16,12,25.718992
16,13,26.507149
16,14,27.138771
16,15,27.638012
16,16,28.028532
16,17,28.332253
16,18,28.568998
16,19,28.756186
16,2,6.035738
16,20,28.9085
16,21,29.038298
16,22,29.155195
16,23,29.266829
16,24,29.37837
16,25,29.49339
16,26,29.613405
16,27,29.738712
16,28,29.868185
16,29,30.0
16,3,8.925159
16,4,11.667942
16,5,14.226415
16,6,16.57214
16,7,18.685442
16,8,20.55692
16,9,22.185457
17,0,0.0
17,1,3.075204
17,10,23.817566
17,11,25.000269
17,12,25.977713
17,13,26.772388
17,14,27.408157
17,15,27.909489
17,16,28.299847
17,17,28.601143
17,18,28.833046
17,19,29.012648
17,2,6.0973954
17,20,29.154531
17,21,29.270523
17,22,29.37024
17,23,29.460817
17,24,29.547665
17,25,29.634155
17,26,29.722403
17,27,29.813042
17,28,29.905895
17,29,30.0
17,3,9.016415
17,4,11.787045
17,5,14.371705
17,6,16.741074
17,7,18.875902
17,8,20.765997
17,9,22.410883
18,0,0.0
18,1,3.0983233
18,10,23.995085
18,11,25.18588
18,12,26.169827
18,13,26.969122
18,14,27.607975
18,15,28.11067
18,16,28.500786
18,17,28.800114
18,18,29.028185
18,19,29.202011
18,2,6.143287
18,20,29.335848
18,21,29.441498
18,22,29.52819
18,23,29.603176
18,24,29.671583
18,25,29.737125
18,26,29.801952
18,27,29.867283
18,28,29.933369
18,29,30.0
18,3,9.084164
18,4,11.875675
18,5,14.4795685
18,6,16.866745
18,7,19.017292
18,8,20.92146
18,9,22.578207
19,0,0.0
19,1,3.1152315
19,10,24.124517
19,11,25.32135
19,12,26.309856
19,13,27.112576
19,14,27.753536
19,15,28.257193
19,16,28.647018
19,17,28.944786
19,18,29.169975
19,19,29.339405
19,2,6.1767564
19,20,29.46731
19,21,29.565222
19,22,29.642418
19,23,29.705887
19,24,29.76095
19,25,29.811218
19,26,29.859188
19,27,29.906237
19,28,29.953112
19,29,30.0
19,3,9.133703
19,4,11.940313
19,5,14.558416
19,6,16.958395
19,7,19.12061
19,8,21.03483
19,9,22.700415
2,0,0.0
2,1,0.65579814
2,10,5.0917726
2,11,5.349835
2,12,5.567025
2,13,5.749092
2,14,5.903281
2,15,6.0373235
2,16,6.160254
2,17,6.2822733
2,18,6.41559
2,19,6.575515
2,2,1.3004038
2,20,6.7820153
2,21,7.063105
2,22,7.4593997
2,23,8.033934
2,24,8.88844
2,25,10.19671
2,26,12.266233
2,27,15.6482
2,28,21.25517
2,29,30.0
2,3,1.9230187
2,4,2.514319
2,5,3.0660152
2,6,3.572348
2,7,4.028869
2,8,4.434056
2,9,4.7875714
20,0,0.0
20,1,3.1273441
20,10,24.217358
20,11,25.418367
20,12,26.410221
20,13,27.215279
20,14,27.85776
20,15,28.362019
20,16,28.751587
20,17,29.04818
20,18,29.271194
20,19,29.437435
20,2,6.2008023
20,20,29.560959
20,21,29.653318
20,22,29.723589
20,23,29.77886
20,24,29.824306
20,25,29.863745
20,26,29.899681
20,27,29.93381
20,28,29.967062
20,29,30.0
20,3,9.169192
20,4,11.986744
20,5,14.614903
20,6,17.024202
20,7,19.194622
20,8,21.116198
20,9,22.787949
21,0,0.0
21,1,3.1358945
21,10,24.282673
21,11,25.486706
21,12,26.480816
21,13,27.287558
21,14,27.93104
21,15,28.435715
21,16,28.825052
21,17,29.120766
21,18,29.342226
21,19,29.506142
21,2,6.217724
21,20,29.626575
21,21,29.714943
21,22,29.780363
21,23,29.829794
21,24,29.868532
21,25,29.900337
21,26,29.927908
21,27,29.952991
21,28,29.976778
21,29,30.0
21,3,9.194241
21,4,12.019417
21,5,14.6547575
21,6,17.07051
21,7,19.246819
21,8,21.17345
21,9,22.84965
22,0,0.0
22,1,3.1418037
22,10,24.327883
22,11,25.533924
22,12,26.529644
22,13,27.337486
22,14,27.981678
22,15,28.4866
22,16,28.875765
22,17,29.170849
22,18,29.39119
22,19,29.553492
22,2,6.229457
22,20,29.671734
22,21,29.757349
22,22,29.81936
22,23,29.864792
22,24,29.89886
22,25,29.925442
22,26,29.947235
22,27,29.96614
22,28,29.983425
22,29,30.0
22,3,9.211552
22,4,12.042067
22,5,14.682303
22,6,17.1026
22,7,19.282894
22,8,21.213102
22,9,22.89229
23,0,0.0
23,1,3.1458294
23,10,24.358568
23,11,25.56602
23,12,26.562775
23,13,27.371395
23,14,28.01603
23,15,28.521124
23,16,28.910147
23,17,29.204788
23,18,29.424362
23,19,29.585537
23,2,6.237421
23,20,29.702293
23,21,29.786003
23,22,29.845718
23,23,29.888401
23,24,29.919334
23,25,29.942362
23,26,29.960266
23,27,29.97499
23,28,29.987904
23,29,30.0
23,3,9.223343
23,4,12.057441
23,5,14.701056
23,6,17.124382
23,7,19.307444
23,8,21.240017
23,9,22.92129
24,0,0.0
24,1,3.1485128
24,10,24.37906
24,11,25.587408
24,12,26.584888
24,13,27.39399
24,14,28.038937
24,15,28.54412
24,16,28.933052
24,17,29.227383
24,18,29.44643
24,19,29.606857
24,2,6.2427497
24,20,29.722599
24,21,29.80505
24,22,29.863209
24,23,29.904078
24,24,29.932903
24,25,29.953579
24,26,29.968899
24,27,29.980854
24,28,29.990868
24,29,30.0
24,3,9.231202
24,4,12.067723
24,5,14.713559
24,6,17.138947
24,7,19.32381
24,8,21.258003
24,9,22.94062
25,0,0.0
25,1,3.1502767
25,10,24.392475
25,11,25.601433
25,12,26.599361
25,13,27.408794
25,14,28.05392
25,15,28.559177
25,16,28.948032
25,17,29.24216
25,18,29.460865
25,19,29.62078
25,2,6.2462378
25,20,29.73587
25,21,29.817476
25,22,29.87463
25,23,29.914295
25,24,29.94175
25,25,29.960888
25,26,29.974518
25,27,29.984674
25,28,29.9928
25,29,30.0
25,3,9.236366
25,4,12.074455
25,5,14.72177
25,6,17.14848
25,7,19.334553
25,8,21.269777
25,9,22.953306
26,0,0.0
26,1,3.15141
26,10,24.401115
26,11,25.61045
26,12,26.608677
26,13,27.418308
26,14,28.063562
26,15,28.568851
26,16,28.957659
26,17,29.251652
26,18,29.470123
26,19,29.629723
26,2,6.2484894
26,20,29.744375
26,21,29.825449
26,22,29.881943
26,23,29.920843
26,24,29.947418
26,25,29.96556
26,26,29.978117
26,27,29.987114
26,28,29.994034
26,29,30.0
26,3,9.239686
26,4,12.078798
26,5,14.727049
26,6,17.154627
26,7,19.34146
26,8,21.277367
26,9,22.961456
27,0,0.0
27,1,3.1521285
27,10,24.406567
27,11,25.61615
27,12,26.614555
27,13,27.424322
27,14,28.069645
27,15,28.574957
27,16,28.963734
27,17,29.257637
27,18,29.475967
27,19,29.635353
27,2,6.2499104
27,20,29.74974
27,21,29.830467
27,22,29.88655
27,23,29.924965
27,24,29.950981
27,25,29.968508
27,26,29.980381
27,27,29.988653
27,28,29.99481
27,29,30.0
27,3,9.241789
27,4,12.08154
27,5,14.730392
27,6,17.158508
27,7,19.345833
27,8,21.282154
27,9,22.966616
28,0,0.0
28,1,3.1525738
28,10,24.409954
28,11,25.619678
28,12,26.618206
28,13,27.428045
28,14,28.073418
28,15,28.578743
28,16,28.967495
28,17,29.261349
28,18,29.479584
28,19,29.638845
28,2,6.2507944
28,20,29.753056
28,21,29.833576
28,22,29.8894
28,23,29.927513
28,24,29.953186
28,25,29.970324
28,26,29.981781
28,27,29.9896
28,28,29.995293
28,29,30.0
28,3,9.2430935
28,4,12.083246
28,5,14.732464
28,6,17.160921
28,7,19.348543
28,8,21.285131
28,9,22.969814
29,0,0.0
29,1,3.1528459
29,10,24.412014
29,11,25.621836
29,12,26.620422
29,13,27.430317
29,14,28.07571
29,15,28.581043
29,16,28.969788
29,17,29.263601
29,18,29.481787
29,19,29.640965
29,2,6.2513328
29,20,29.755074
29,21,29.83546
29,22,29.891129
29,23,29.929058
29,24,29.954521
29,25,29.97143
29,26,29.982626
29,27,29.990177
29,28,29.995583
29,29,30.0
29,3,9.24389
29,4,12.084284
29,5,14.73373
29,6,17.162392
29,7,19.350197
29,8,21.286945
29,9,22.97176
3,0,0.0
3,1,0.9698236
3,10,7.528759
3,11,7.910222
3,12,8.230559
3,13,8.499016
3,14,8.725426
3,15,8.921453
3,16,9.0996685
3,17,9.274584
3,18,9.463083
3,19,9.685648
3,2,1.9229554
3,20,9.968677
3,21,10.347011
3,22,10.869639
3,23,11.606467
3,24,12.661414
3,25,14.189006
3,26,16.416609
3,27,19.650204
3,28,24.196342
3,29,30.0
3,3,2.8438284
3,4,3.7179995
3,5,4.534072
3,6,5.2824864
3,7,5.957814
3,8,6.556566
3,9,7.079464
30,0,0.0
30,1,3.1530085
30,10,24.413248
30,11,25.623121
30,12,26.621754
30,13,27.43167
30,14,28.077084
30,15,28.582417
30,16,28.971153
30,17,29.26495
30,18,29.483097
30,19,29.642231
30,2,6.2516556
30,20,29.756279
30,21,29.836588
30,22,29.892166
30,23,29.929981
30,24,29.955322
30,25,29.972088
30,26,29.983135
30,27,29.990519
30,28,29.995758
30,29,30.0
30,3,9.244366
30,4,12.084906
30,5,14.734487
30,6,17.16327
30,7,19.351185
30,8,21.288029
30,9,22.972929
31,0,0.0
31,1,3.1531043
31,10,24.413973
31,11,25.623877
31,12,26.622528
31,13,27.432468
31,14,28.077888
31,15,28.583225
31,16,28.971954
31,17,29.265738
31,18,29.483868
31,19,29.642973
31,2,6.251845
31,20,29.75698
31,21,29.83725
31,22,29.892769
31,23,29.930525
31,24,29.955788
31,25,29.972473
31,26,29.983429
31,27,29.990723
31,28,29.995855
31,29,30.0
31,3,9.244646
31,4,12.085272
31,5,14.734932
31,6,17.163788
31,7,19.351767
31,8,21.288666
31,9,22.973614
32,0,0.0
32,1,3.1531596
32,10,24.414389
32,11,25.624311
32,12,26.622978
32,13,27.432922
32,14,28.078352
32,15,28.58369
32,16,28.972416
32,17,29.266197
32,18,29.484312
32,19,29.643398
32,2,6.2519546
32,20,29.757391
32,21,29.837626
32,22,29.893118
32,23,29.930834
32,24,29.956059
32,25,29.972694
32,26,29.9836
32,27,29.990835
32,28,29.995916
32,29,30.0
32,3,9.244808
32,4,12.085484
32,5,14.735188
32,6,17.164085
32,7,19.3521
32,8,21.289034
32,9,22.974007
33,0,0.0
33,1,3.1531906
33,10,24.414625
33,11,25.624556
33,12,26.623232
33,13,27.433182
33,14,28.078613
33,15,28.583952
33,16,28.972677
33,17,29.266453
33,18,29.484562
33,19,29.64364
33,2,6.252016
33,20,29.757618
33,21,29.837843
33,22,29.89331
33,23,29.931011
33,24,29.956207
33,25,29.97282
33,26,29.983696
33,27,29.990902
33,28,29.995949
33,29,30.0
33,3,9.2449
33,4,12.085602
33,5,14.7353325
33,6,17.164253
33,7,19.352291
33,8,21.289242
33,9,22.97423
34,0,0.0
34,1,3.1532083
34,10,24.414755
34,11,25.624695
34,12,26.623371
34,13,27.433325
34,14,28.07876
34,15,28.584097
34,16,28.972822
34,17,29.266592
34,18,29.4847
34,19,29.643772
34,2,6.2520504
34,20,29.757746
34,21,29.837955
34,22,29.893423
34,23,29.931107
34,24,29.956293
34,25,29.972889
34,26,29.98375
34,27,29.990936
34,28,29.995968
34,29,30.0
34,3,9.24495
34,4,12.085668
34,5,14.735413
34,6,17.164347
34,7,19.352394
34,8,21.289356
34,9,22.974354
35,0,0.0
35,1,3.1532173
35,10,24.414827
35,11,25.624765
35,12,26.623447
35,13,27.433403
35,14,28.078836
35,15,28.584179
35,16,28.972898
35,17,29.266672
35,18,29.484774
35,19,29.643847
35,2,6.2520695
35,20,29.757812
35,21,29.838024
35,22,29.893478
35,23,29.931162
35,24,29.956337
35,25,29.972927
35,26,29.983778
35,27,29.990955
35,28,29.995975
35,29,30.0
35,3,9.244978
35,4,12.085705
35,5,14.735456
35,6,17.164398
35,7,19.352451
35,8,21.28942
35,9,22.97442
36,0,0.0
36,1,3.1532226
36,10,24.414864
36,11,25.624805
36,12,26.62349
36,13,27.433445
36,14,28.078878
36,15,28.584217
36,16,28.972942
36,17,29.26671
36,18,29.484816
36,19,29.643883
36,2,6.25208
36,20,29.757853
36,21,29.838055
36,22,29.893515
36,23,29.93119
36,24,29.956364
36,25,29.972946
36,26,29.983791
36,27,29.990969
36,28,29.995981
36,29,30.0
36,3,9.244993
36,4,12.085723
36,5,14.73548
36,6,17.164423
36,7,19.352482
36,8,21.28945
36,9,22.974455
37,0,0.0
37,1,3.1532254
37,10,24.414885
37,11,25.624826
37,12,26.62351
37,13,27.433466
37,14,28.0789
37,15,28.584242
37,16,28.972963
37,17,29.266735
37,18,29.484835
37,19,29.643906
37,2,6.2520847
37,20,29.75787
37,21,29.838078
37,22,29.893528
37,23,29.931204
37,24,29.956373
37,25,29.972958
37,26,29.9838
37,27,29.990973
37,28,29.995985
37,29,30.0
37,3,9.245001
37,4,12.085733
37,5,14.735493
37,6,17.16444
37,7,19.352497
37,8,21.289467
37,9,22.974474
38,0,0.0
38,1,3.1532266
38,10,24.414894
38,11,25.624838
38,12,26.623524
38,13,27.43348
38,14,28.078913
38,15,28.584251
38,16,28.972977
38,17,29.266745
38,18,29.484846
38,19,29.643917
38,2,6.2520876
38,20,29.757881
38,21,29.838085
38,22,29.893538
38,23,29.931211
38,24,29.95638
38,25,29.972961
38,26,29.983805
38,27,29.990978
38,28,29.995985
38,29,30.0
38,3,9.245005
38,4,12.085739
38,5,14.735498
38,6,17.164446
38,7,19.352505
38,8,21.289478
38,9,22.974483
39,0,0.0
39,1,3.153227
39,10,24.414898
39,11,25.624846
39,12,26.623528
39,13,27.433483
39,14,28.078918
39,15,28.584257
39,16,28.97298
39,17,29.26675
39,18,29.484854
39,19,29.64392
39,2,6.2520885
39,20,29.757885
39,21,29.83809
39,22,29.893543
39,23,29.931213
39,24,29.956385
39,25,29.972965
39,26,29.98381
39,27,29.990976
39,28,29.995987
39,29,30.0
39,3,9.245007
39,4,12.085741
39,5,14.735502
39,6,17.16445
39,7,19.352509
39,8,21.289482
39,9,22.974491
4,0,0.0
4,1,1.2678788
4,10,9.841721
4,11,10.339406
4,12,10.7574005
4,13,11.10651
4,14,11.400163
4,15,11.652479
4,16,11.87958
4,17,12.099089
4,18,12.331211
4,19,12.599958
4,2,2.514103
4,20,12.934502
4,21,13.372504
4,22,13.962717
4,23,14.770989
4,24,15.884684
4,25,17.418905
4,26,19.513123
4,27,22.30764
4,28,25.863743
4,29,30.0
4,3,3.7178037
4,4,4.860914
4,5,5.9274364
4,6,6.9061694
4,7,7.788542
4,8,8.571516
4,9,9.25444
40,0,0.0
40,1,3.1532273
40,10,24.414902
40,11,25.624847
40,12,26.623531
40,13,27.433485
40,14,28.07892
40,15,28.584259
40,16,28.972984
40,17,29.266752
40,18,29.484856
40,19,29.643923
40,2,6.252089
40,20,29.757887
40,21,29.83809
40,22,29.893545
40,23,29.931217
40,24,29.956385
40,25,29.972965
40,26,29.983807
40,27,29.990978
40,28,29.995987
40,29,30.0
40,3,9.245007
40,4,12.085742
40,5,14.735503
40,6,17.164452
40,7,19.35251
40,8,21.289482
40,9,22.974491
41,0,0.0
41,1,3.1532273
41,10,24.414902
41,11,25.624847
41,12,26.62353
41,13,27.433489
41,14,28.078918
41,15,28.584263
41,16,28.972984
41,17,29.266756
41,18,29.484856
41,19,29.643925
41,2,6.2520885
41,20,29.757887
41,21,29.838095
41,22,29.893545
41,23,29.931217
41,24,29.956387
41,25,29.972965
41,26,29.98381
41,27,29.990978
41,28,29.995987
41,29,30.0
41,3,9.245007
41,4,12.085742
41,5,14.735503
41,6,17.164452
41,7,19.352512
41,8,21.289484
41,9,22.974493
42,0,0.0
42,1,3.1532276
42,10,24.414904
42,11,25.624847
42,12,26.623531
42,13,27.433487
42,14,28.078922
42,15,28.58426
42,16,28.972986
42,17,29.266754
42,18,29.48486
42,19,29.643925
42,2,6.252089
42,20,29.75789
42,21,29.838095
42,22,29.893547
42,23,29.931217
42,24,29.956388
42,25,29.972965
42,26,29.98381
42,27,29.990978
42,28,29.995989
42,29,30.0
42,3,9.245007
42,4,12.085742
42,5,14.735504
42,6,17.164452
42,7,19.352512
42,8,21.289486
42,9,22.974495
43,0,0.0
43,1,3.1532276
43,10,24.414902
43,11,25.624847
43,12,26.623531
43,13,27.433489
43,14,28.07892
43,15,28.584263
43,16,28.972986
43,17,29.266756
43,18,29.484856
43,19,29.643927
43,2,6.2520885
43,20,29.757887
43,21,29.838095
43,22,29.893545
43,23,29.93122
43,24,29.956388
43,25,29.97297
43,26,29.98381
43,27,29.990982
43,28,29.995987
43,29,30.0
43,3,9.245007
43,4,12.085742
43,5,14.735503
43,6,17.164454
43,7,19.352512
43,8,21.289486
43,9,22.974493
44,0,0.0
44,1,3.1532276
44,10,24.414902
44,11,25.624847
44,12,26.623531
44,13,27.433487
44,14,28.078922
44,15,28.584263
44,16,28.972988
44,17,29.266756
44,18,29.484858
44,19,29.643923
44,2,6.252089
44,20,29.75789
44,21,29.838093
44,22,29.893547
44,23,29.93122
44,24,29.95639
44,25,29.97297
44,26,29.98381
44,27,29.990978
44,28,29.995989
44,29,30.0
44,3,9.245007
44,4,12.085742
44,5,14.735504
44,6,17.164452
44,7,19.352514
44,8,21.289486
44,9,22.974495
45,0,0.0
45,1,3.1532276
45,10,24.414904
45,11,25.624847
45,12,26.623531
45,13,27.433487
45,14,28.078924
45,15,28.584265
45,16,28.972988
45,17,29.266756
45,18,29.484856
45,19,29.643929
45,2,6.252089
45,20,29.757887
45,21,29.838095
45,22,29.893545
45,23,29.93122
45,24,29.956387
45,25,29.97297
45,26,29.98381
45,27,29.990982
45,28,29.995987
45,29,30.0
45,3,9.245007
45,4,12.085742
45,5,14.735504
45,6,17.164454
45,7,19.352514
45,8,21.289486
45,9,22.974493
46,0,0.0
46,1,3.1532276
46,10,24.414904
46,11,25.624847
46,12,26.623533
46,13,27.433489
46,14,28.078924
46,15,28.584263
46,16,28.972988
46,17,29.266752
46,18,29.48486
46,19,29.643925
46,2,6.252089
46,20,29.757889
46,21,29.838093
46,22,29.893547
46,23,29.931217
46,24,29.956388
46,25,29.972965
46,26,29.98381
46,27,29.990978
46,28,29.995989
46,29,30.0
46,3,9.245007
46,4,12.085742
46,5,14.735504
46,6,17.164452
46,7,19.352514
46,8,21.289486
46,9,22.974495
47,0,0.0
47,1,3.1532276
47,10,24.414904
47,11,25.624847
47,12,26.623531
47,13,27.433489
47,14,28.078924
47,15,28.584263
47,16,28.972984
47,17,29.266754
47,18,29.484856
47,19,29.643927
47,2,6.252089
47,20,29.757889
47,21,29.838097
47,22,29.893545
47,23,29.93122
47,24,29.956387
47,25,29.97297
47,26,29.98381
47,27,29.99098
47,28,29.995987
47,29,30.0
47,3,9.245007
47,4,12.085742
47,5,14.735503
47,6,17.164452
47,7,19.352512
47,8,21.289486
47,9,22.974495
48,0,0.0
48,1,3.1532276
48,10,24.414902
48,11,25.624847
48,12,26.623531
48,13,27.433489
48,14,28.078924
48,15,28.584263
48,16,28.972984
48,17,29.266752
48,18,29.48486
48,19,29.643923
48,2,6.2520885
48,20,29.75789
48,21,29.838093
48,22,29.893547
48,23,29.931215
48,24,29.95639
48,25,29.972965
48,26,29.98381
48,27,29.990978
48,28,29.99599
48,29,30.0
48,3,9.245007
48,4,12.085742
48,5,14.735504
48,6,17.164452
48,7,19.352514
48,8,21.289486
48,9,22.974495
49,0,0.0
49,1,3.1532273
49,10,24.414904
49,11,25.624847
49,12,26.623531
49,13,27.433487
49,14,28.078922
49,15,28.584263
49,16,28.972986
49,17,29.266754
49,18,29.484856
49,19,29.643925
49,2,6.2520895
49,20,29.757885
49,21,29.838095
49,22,29.893543
49,23,29.931217
49,24,29.956383
49,25,29.97297
49,26,29.983809
49,27,29.990978
49,28,29.995987
49,29,30.0
49,3,9.245007
49,4,12.085742
49,5,14.735504
49,6,17.164452
49,7,19.352512
49,8,21.289486
49,9,22.974493
5,0,0.0
5,1,1.5460582
5,10,11.998451
5,11,12.604645
5,12,13.112453
5,13,13.536034
5,14,13.890316
5,15,14.192627
5,16,14.461149
5,17,14.716069
5,18,14.979706
5,19,15.277395
5,2,3.0655012
5,20,15.639339
5,21,16.101501
5,22,16.708906
5,23,17.516363
5,24,18.591213
5,25,20.009838
5,26,21.849644
5,27,24.162941
5,28,26.93074
5,29,30.0
5,3,4.533469
5,4,5.9269648
5,5,7.2277403
5,6,8.420604
5,7,9.496779
5,8,10.450737
5,9,11.283448
50,0,0.0
50,1,3.1532276
50,10,24.414904
50,11,25.624847
50,12,26.623531
50,13,27.433487
50,14,28.078922
50,15,28.584263
50,16,28.972988
50,17,29.266754
50,18,29.484858
50,19,29.643923
50,2,6.252089
50,20,29.75789
50,21,29.838093
50,22,29.893547
50,23,29.931213
50,24,29.956387
50,25,29.972965
50,26,29.98381
50,27,29.990978
50,28,29.995987
50,29,30.0
50,3,9.245007
50,4,12.085742
50,5,14.735503
50,6,17.164454
50,7,19.352512
50,8,21.289486
50,9,22.974493
51,0,0.0
51,1,3.1532276
51,10,24.414904
51,11,25.624847
51,12,26.623531
51,13,27.433487
51,14,28.078924
51,15,28.584265
51,16,28.972988
51,17,29.266756
51,18,29.484856
51,19,29.643925
51,2,6.2520895
51,20,29.757885
51,21,29.838095
51,22,29.893543
51,23,29.931217
51,24,29.956383
51,25,29.97297
51,26,29.983809
51,27,29.990976
51,28,29.995987
51,29,30.0
51,3,9.245007
51,4,12.085742
51,5,14.735504
51,6,17.164452
51,7,19.352514
51,8,21.289486
51,9,22.974495
52,0,0.0
52,1,3.1532273
52,10,24.414904
52,11,25.624847
52,12,26.623531
52,13,27.433489
52,14,28.078924
52,15,28.584265
52,16,28.972986
52,17,29.266756
52,18,29.484856
52,19,29.643923
52,2,6.2520885
52,20,29.757889
52,21,29.838093
52,22,29.893547
52,23,29.931217
52,24,29.956388
52,25,29.972965
52,26,29.983809
52,27,29.99098
52,28,29.995985
52,29,30.0
52,3,9.245007
52,4,12.085742
52,5,14.735503
52,6,17.164452
52,7,19.352512
52,8,21.289486
52,9,22.974493
53,0,0.0
53,1,3.1532276
53,10,24.414902
53,11,25.624847
53,12,26.623533
53,13,27.433487
53,14,28.078924
53,15,28.584263
53,16,28.972988
53,17,29.266754
53,18,29.484858
53,19,29.643925
53,2,6.252089
53,20,29.757887
53,21,29.838095
53,22,29.893545
53,23,29.93122
53,24,29.956387
53,25,29.97297
53,26,29.98381
53,27,29.990978
53,28,29.995987
53,29,30.0
53,3,9.245007
53,4,12.085742
53,5,14.735503
53,6,17.164452
53,7,19.352512
53,8,21.289486
53,9,22.974495
54,0,0.0
54,1,3.1532276
54,10,24.414902
54,11,25.624847
54,12,26.623531
54,13,27.43349
54,14,28.078922
54,15,28.584263
54,16,28.972986
54,17,29.266756
54,18,29.484856
54,19,29.643925
54,2,6.2520885
54,20,29.757889
54,21,29.838093
54,22,29.893545
54,23,29.93122
54,24,29.956388
54,25,29.972967
54,26,29.98381
54,27,29.990978
54,28,29.995985
54,29,30.0
54,3,9.245007
54,4,12.085742
54,5,14.735504
54,6,17.164452
54,7,19.352512
54,8,21.289484
54,9,22.974495
55,0,0.0
55,1,3.1532273
55,10,24.414904
55,11,25.624847
55,12,26.623531
55,13,27.43349
55,14,28.078924
55,15,28.584263
55,16,28.972986
55,17,29.266754
55,18,29.484856
55,19,29.643925
55,2,6.2520895
55,20,29.757887
55,21,29.838095
55,22,29.893547
55,23,29.93122
55,24,29.956388
55,25,29.97297
55,26,29.98381
55,27,29.990978
55,28,29.995987
55,29,30.0
55,3,9.245007
55,4,12.085742
55,5,14.735503
55,6,17.164454
55,7,19.352512
55,8,21.289486
55,9,22.974493
56,0,0.0
56,1,3.1532283
56,10,24.414904
56,11,25.624847
56,12,26.623533
56,13,27.43349
56,14,28.078926
56,15,28.584263
56,16,28.972986
56,17,29.266754
56,18,29.484856
56,19,29.643925
56,2,6.252089
56,20,29.757889
56,21,29.838095
56,22,29.893545
56,23,29.93122
56,24,29.95639
56,25,29.97297
56,26,29.98381
56,27,29.99098
56,28,29.995987
56,29,30.0
56,3,9.245008
56,4,12.085742
56,5,14.735504
56,6,17.164452
56,7,19.352514
56,8,21.289486
56,9,22.974495
57,0,0.0
57,1,3.1532278
57,10,24.414904
57,11,25.624851
57,12,26.623535
57,13,27.43349
57,14,28.078924
57,15,28.584265
57,16,28.972986
57,17,29.266756
57,18,29.484856
57,19,29.643927
57,2,6.2520905
57,20,29.75789
57,21,29.838095
57,22,29.893547
57,23,29.93122
57,24,29.95639
57,25,29.97297
57,26,29.98381
57,27,29.990978
57,28,29.995989
57,29,30.0
57,3,9.2450075
57,4,12.085743
57,5,14.735504
57,6,17.164454
57,7,19.352512
57,8,21.289488
57,9,22.974495
58,0,0.0
58,1,3.1532283
58,10,24.414906
58,11,25.624851
58,12,26.623537
58,13,27.43349
58,14,28.078926
58,15,28.584263
58,16,28.972988
58,17,29.266756
58,18,29.48486
58,19,29.643927
58,2,6.2520895
58,20,29.75789
58,21,29.838097
58,22,29.893547
58,23,29.931221
58,24,29.95639
58,25,29.972971
58,26,29.98381
58,27,29.990982
58,28,29.995987
58,29,30.0
58,3,9.245009
58,4,12.085743
58,5,14.735506
58,6,17.164452
58,7,19.352516
58,8,21.289486
58,9,22.974495
59,0,0.0
59,1,3.1532285
59,10,24.41491
59,11,25.624853
59,12,26.623539
59,13,27.433498
59,14,28.078928
59,15,28.58427
59,16,28.972992
59,17,29.266762
59,18,29.484863
59,19,29.643932
59,2,6.252092
59,20,29.757896
59,21,29.838099
59,22,29.89355
59,23,29.931221
59,24,29.956392
59,25,29.972971
59,26,29.98381
59,27,29.99098
59,28,29.995987
59,29,30.0
59,3,9.245008
59,4,12.085747
59,5,14.735506
59,6,17.164457
59,7,19.352516
59,8,21.289492
59,9,22.974495
6,0,0.0
6,1,1.8010521
6,10,13.975388
6,11,14.679827
6,12,15.269735
6,13,15.759874
6,14,16.168228
6,15,16.513372
6,16,16.815845
6,17,17.097158
6,18,17.380646
6,19,17.692122
6,2,3.571309
6,20,18.060255
6,21,18.518515
6,22,19.104797
6,23,19.8633
6,24,20.841719
6,25,22.088776
6,26,23.643013
6,27,25.517147
6,28,27.672632
6,29,30.0
6,3,5.281144
6,4,6.904806
6,5,8.419626
6,6,9.809559
6,7,11.062489
6,8,12.173905
6,9,13.142886
60,0,0.0
60,1,3.1532297
60,10,24.414913
60,11,25.624859
60,12,26.623547
60,13,27.4335
60,14,28.078938
60,15,28.584274
60,16,28.973
60,17,29.266766
60,18,29.48487
60,19,29.643936
60,2,6.2520924
60,20,29.7579
60,21,29.838104
60,22,29.893555
60,23,29.931225
60,24,29.956394
60,25,29.972975
60,26,29.983814
60,27,29.990982
60,28,29.995989
60,29,30.0
60,3,9.245013
60,4,12.085748
60,5,14.735513
60,6,17.16446
60,7,19.352524
60,8,21.289494
60,9,22.974504
61,0,0.0
61,1,3.153231
61,10,24.414925
61,11,25.624872
61,12,26.623558
61,13,27.433517
61,14,28.078949
61,15,28.584291
61,16,28.973011
61,17,29.26678
61,18,29.484882
61,19,29.643951
61,2,6.2520967
61,20,29.757912
61,21,29.838116
61,22,29.893564
61,23,29.931232
61,24,29.956402
61,25,29.972977
61,26,29.983818
61,27,29.990986
61,28,29.99599
61,29,30.0
61,3,9.245016
61,4,12.085756
61,5,14.735518
61,6,17.16447
61,7,19.352531
61,8,21.289507
61,9,22.974516
62,0,0.0
62,1,3.1532347
62,10,24.414951
62,11,25.624897
62,12,26.623585
62,13,27.433542
62,14,28.07898
62,15,28.584316
62,16,28.973042
62,17,29.266808
62,18,29.48491
62,19,29.643972
62,2,6.2521024
62,20,29.757936
62,21,29.838135
62,22,29.893581
62,23,29.931252
62,24,29.956415
62,25,29.972992
62,26,29.983828
62,27,29.99099
62,28,29.995995
62,29,30.0
62,3,9.245028
62,4,12.085766
62,5,14.735536
62,6,17.164486
62,7,19.352552
62,8,21.289528
62,9,22.974537
63,0,0.0
63,1,3.1532407
63,10,24.414999
63,11,25.624949
63,12,26.623634
63,13,27.433596
63,14,28.07903
63,15,28.584368
63,16,28.973091
63,17,29.26686
63,18,29.484959
63,19,29.644024
63,2,6.252116
63,20,29.75798
63,21,29.83818
63,22,29.893623
63,23,29.931286
63,24,29.956446
63,25,29.973015
63,26,29.983845
63,27,29.991005
63,28,29.995998
63,29,30.0
63,3,9.245045
63,4,12.085794
63,5,14.735564
63,6,17.164524
63,7,19.35259
63,8,21.289572
63,9,22.974585
64,0,0.0
64,1,3.1532538
64,10,24.415092
64,11,25.625044
64,12,26.623732
64,13,27.433693
64,14,28.079128
64,15,28.584469
64,16,28.97319
64,17,29.266954
64,18,29.48505
64,19,29.644112
64,2,6.2521396
64,20,29.758066
64,21,29.83826
64,22,29.893696
64,23,29.93135
64,24,29.956503
64,25,29.97306
64,26,29.983883
64,27,29.99103
64,28,29.996012
64,29,30.0
64,3,9.245083
64,4,12.085839
64,5,14.735624
64,6,17.164589
64,7,19.352669
64,8,21.289652
64,9,22.97467
65,0,0.0
65,1,3.153277
65,10,24.415264
65,11,25.625221
65,12,26.623915
65,13,27.433878
65,14,28.079315
65,15,28.584656
65,16,28.973375
65,17,29.267136
65,18,29.485228
65,19,29.644281
65,2,6.2521873
65,20,29.758228
65,21,29.83841
65,22,29.893833
65,23,29.931475
65,24,29.956608
65,25,29.97315
65,26,29.98395
65,27,29.991074
65,28,29.996037
65,29,30.0
65,3,9.24515
65,4,12.085931
65,5,14.735731
65,6,17.164717
65,7,19.352806
65,8,21.289804
65,9,22.974836
66,0,0.0
66,1,3.1533206
66,10,24.415577
66,11,25.62555
66,12,26.62425
66,13,27.43422
66,14,28.079659
66,15,28.585
66,16,28.973715
66,17,29.26747
66,18,29.485554
66,19,29.644594
66,2,6.2522726
66,20,29.758524
66,21,29.838688
66,22,29.894089
66,23,29.931702
66,24,29.956804
66,25,29.973312
66,26,29.984077
66,27,29.99116
66,28,29.996078
66,29,30.0
66,3,9.245277
66,4,12.086095
66,5,14.735931
66,6,17.164946
66,7,19.353065
66,8,21.290085
66,9,22.975136
67,0,0.0
67,1,3.153399
67,10,24.41615
67,11,25.626139
67,12,26.624859
67,13,27.434837
67,14,28.08028
67,15,28.58562
67,16,28.974329
67,17,29.268076
67,18,29.48614
67,19,29.645159
67,2,6.252428
67,20,29.75906
67,21,29.839188
67,22,29.894547
67,23,29.93211
67,24,29.95716
67,25,29.973606
67,26,29.984299
67,27,29.991312
67,28,29.996155
67,29,30.0
67,3,9.245506
67,4,12.086393
67,5,14.73629
67,6,17.165363
67,7,19.35353
67,8,21.290592
67,9,22.975674
68,0,0.0
68,1,3.1535385
68,10,24.417158
68,11,25.627188
68,12,26.625933
68,13,27.435928
68,14,28.081379
68,15,28.586716
68,16,28.97542
68,17,29.269142
68,18,29.48718
68,19,29.64616
68,2,6.2527037
68,20,29.76001
68,21,29.840076
68,22,29.89536
68,23,29.932838
68,24,29.957787
68,25,29.974123
68,26,29.984695
68,27,29.991581
68,28,29.996292
68,29,30.0
68,3,9.245913
68,4,12.08692
68,5,14.736931
68,6,17.166101
68,7,19.354355
68,8,21.291492
68,9,22.97664
69,0,0.0
69,1,3.1537814
69,10,24.418919
69,11,25.62901
69,12,26.6278
69,13,27.437824
69,14,28.083294
69,15,28.588627
69,16,28.97731
69,17,29.271002
69,18,29.488987
69,19,29.6479
69,2,6.253185
69,20,29.761665
69,21,29.841618
69,22,29.896776
69,23,29.9341
69,24,29.95888
69,25,29.97502
69,26,29.985386
69,27,29.992048
69,28,29.996529
69,29,30.0
69,3,9.24662
69,4,12.08784
69,5,14.738045
69,6,17.167389
69,7,19.355795
69,8,21.29306
69,9,22.97831
7,0,0.0
7,1,2.0309587
7,10,15.755466
7,11,16.548615
7,12,17.211037
7,13,17.760437
7,14,18.215328
7,15,18.596664
7,16,18.925766
7,17,19.225296
7,18,19.518879
7,19,19.831419
7,2,4.026945
7,20,20.190094
7,21,20.623823
7,22,21.164732
7,23,21.845991
7,24,22.701603
7,25,23.760473
7,26,25.04091
7,27,26.53867
7,28,28.217014
7,29,30.0
7,3,5.955224
7,4,7.7856383
7,5,9.494074
7,6,11.060661
7,7,12.473665
7,8,13.7258835
7,9,14.818291
70,0,0.0
70,1,3.1541972
70,10,24.421917
70,11,25.632122
70,12,26.630993
70,13,27.441067
70,14,28.086555
70,15,28.591888
70,16,28.98054
70,17,29.274176
70,18,29.492073
70,19,29.650871
70,2,6.2540064
70,20,29.76448
70,21,29.844255
70,22,29.899185
70,23,29.936258
70,24,29.96074
70,25,29.976557
70,26,29.986567
70,27,29.992851
70,28,29.996933
70,29,30.0
70,3,9.247831
70,4,12.089413
70,5,14.73995
70,6,17.169588
70,7,19.358253
70,8,21.295736
70,9,22.98117
71,0,0.0
71,1,3.1548953
71,10,24.426956
71,11,25.63734
71,12,26.636345
71,13,27.4465
71,14,28.092026
71,15,28.597351
71,16,28.985954
71,17,29.27949
71,18,29.497248
71,19,29.655844
71,2,6.2553883
71,20,29.76921
71,21,29.848671
71,22,29.903236
71,23,29.939873
71,24,29.963867
71,25,29.979134
71,26,29.98855
71,27,29.994194
71,28,29.997612
71,29,30.0
71,3,9.249864
71,4,12.092056
71,5,14.743149
71,6,17.173285
71,7,19.36238
71,8,21.30023
71,9,22.98596
72,0,0.0
72,1,3.1560493
72,10,24.435244
72,11,25.645935
72,12,26.645147
72,13,27.455444
72,14,28.101025
72,15,28.606342
72,16,28.994854
72,17,29.288239
72,18,29.505754
72,19,29.664038
72,2,6.2576685
72,20,29.776985
72,21,29.855946
72,22,29.909899
72,23,29.945833
72,24,29.969015
72,25,29.983383
72,26,29.991814
72,27,29.99641
72,28,29.998734
72,29,30.0
72,3,9.2532215
72,4,12.096418
72,5,14.7484255
72,6,17.179377
72,7,19.369179
72,8,21.307632
72,9,22.993862
73,0,0.0
73,1,3.1579208
73,10,24.448658
73,11,25.659824
73,12,26.659386
73,13,27.46989
73,14,28.11557
73,15,28.62086
73,16,29.009243
73,17,29.302364
73,18,29.519505
73,19,29.677265
73,2,6.2613683
73,20,29.78956
73,21,29.867697
73,22,29.920681
73,23,29.955463
73,24,29.977348
73,25,29.990255
73,26,29.997097
73,27,29.999994
73,28,30.000546
73,29,30.0
73,3,9.258667
73,4,12.103489
73,5,14.75698
73,6,17.189247
73,7,19.380196
73,8,21.319614
73,9,23.006638
74,0,0.0
74,1,3.160904
74,10,24.46996
74,11,25.681887
74,12,26.68198
74,13,27.49282
74,14,28.138643
74,15,28.643898
74,16,29.032059
74,17,29.324783
74,18,29.541313
74,19,29.698269
74,2,6.2672668
74,20,29.80951
74,21,29.886368
74,22,29.937794
74,23,29.970778
74,24,29.990582
74,25,30.001188
74,26,30.005497
74,27,30.005701
74,28,30.003428
74,29,30.0
74,3,9.267343
74,4,12.114758
74,5,14.770599
74,6,17.204962
74,7,19.397717
74,8,21.338667
74,9,23.026947
75,0,0.0
75,1,3.165581
75,10,24.5032
75,11,25.716291
75,12,26.717205
75,13,27.528555
75,14,28.174597
75,15,28.679787
75,16,29.067614
75,17,29.359703
75,18,29.575317
75,19,29.730997
75,2,6.276506
75,20,29.840635
75,21,29.915474
75,22,29.964514
75,23,29.994663
75,24,30.011263
75,25,30.01825
75,26,30.018631
75,27,30.014614
75,28,30.007938
75,29,30.0
75,3,9.280936
75,4,12.132393
75,5,14.791916
75,6,17.22953
75,7,19.425112
75,8,21.368427
75,9,23.058651
76,0,0.0
76,1,3.1727834
76,10,24.55416
76,11,25.769001
76,12,26.77115
76,13,27.58326
76,14,28.229618
76,15,28.734715
76,16,29.122011
76,17,29.413162
76,18,29.627346
76,19,29.78113
76,2,6.290742
76,20,29.888287
76,21,29.960104
76,22,30.005451
76,23,30.031324
76,24,30.042973
76,25,30.044464
76,26,30.038784
76,27,30.028309
76,28,30.014858
76,29,30.0
76,3,9.301859
76,4,12.159543
76,5,14.824696
76,6,17.267305
76,7,19.467176
76,8,21.414116
76,9,23.10728
77,0,0.0
77,1,3.1836998
77,10,24.630901
77,11,25.848341
77,12,26.852303
77,13,27.66552
77,14,28.312344
77,15,28.817266
77,16,29.2038
77,17,29.493507
77,18,29.705608
77,19,29.85651
77,2,6.312296
77,20,29.960032
77,21,30.02726
77,22,30.06716
77,23,30.086548
77,24,30.09083
77,25,30.083984
77,26,30.06923
77,27,30.048977
77,28,30.025322
77,29,30.0
77,3,9.333546
77,4,12.200607
77,5,14.874271
77,6,17.324362
77,7,19.530695
77,8,21.483017
77,9,23.180584
78,0,0.0
78,1,3.1999614
78,10,24.744495
78,11,25.965668
78,12,26.972248
78,13,27.78705
78,14,28.434507
78,15,28.939186
78,16,29.324547
78,17,29.612204
78,18,29.82119
78,19,29.967964
78,2,6.3444185
78,20,30.066067
78,21,30.12668
78,22,30.158468
78,23,30.168419
78,24,30.161728
78,25,30.142653
78,26,30.114376
78,27,30.079685
78,28,30.040844
78,29,30.0
78,3,9.380711
78,4,12.261732
78,5,14.947954
78,6,17.409136
78,7,19.62493
78,8,21.585188
78,9,23.289143
79,0,0.0
79,1,3.223816
79,10,24.909683
79,11,26.136187
79,12,27.14643
79,13,27.963444
79,14,28.611778
79,15,29.116035
79,16,29.499756
79,17,29.784386
79,18,29.989014
79,19,30.12976
79,2,6.391486
79,20,30.22023
79,21,30.27118
79,22,30.291428
79,23,30.287582
79,24,30.265133
79,25,30.228165
79,26,30.180313
79,27,30.12449
79,28,30.063534
79,29,30.0
79,3,9.449826
79,4,12.351169
79,5,15.055733
79,6,17.532928
79,7,19.762459
79,8,21.734058
79,9,23.44722
8,0,0.0
8,1,2.2344785
8,10,17.331327
8,11,18.201736
8,12,18.92825
8,13,19.528463
8,14,20.023315
8,15,20.434074
8,16,20.783485
8,17,21.094387
8,18,21.390163
8,19,21.694885
8,2,4.4306984
8,20,22.032944
8,21,22.430082
8,22,22.91182
8,23,23.504118
8,24,24.229748
8,25,25.106752
8,26,26.141888
8,27,27.3264
8,28,28.629763
8,29,30.0
8,3,6.5519323
8,4,8.5661
8,5,10.445166
8,6,12.16902
8,7,13.7227335
8,8,15.100422
8,9,16.300968
80,0,0.0
80,1,3.2582352
80,10,25.145868
80,11,26.379692
80,12,27.395002
80,13,28.215014
80,14,28.86448
80,15,29.368137
80,16,29.74945
80,17,30.029936
80,18,30.228313
80,19,30.360756
80,2,6.4594145
80,20,30.440308
80,21,30.477833
80,22,30.481548
80,23,30.458332
80,24,30.413265
80,25,30.350924
80,26,30.274916
80,27,30.188896
80,28,30.096113
80,29,30.0
80,3,9.549433
80,4,12.4800205
80,5,15.2107315
80,6,17.71084
80,7,19.959743
80,8,21.947437
80,9,23.673414
81,0,0.0
81,1,3.307176
81,10,25.477734
81,11,26.721539
81,12,27.74359
81,13,28.567577
81,14,29.218494
81,15,29.721188
81,16,30.099245
81,17,30.373875
81,18,30.563843
81,19,30.684658
81,2,6.5558863
81,20,30.749407
81,21,30.768106
81,22,30.749159
81,23,30.698696
81,24,30.622253
81,25,30.524088
81,26,30.408644
81,27,30.27988
81,28,30.142223
81,29,30.0
81,3,9.690856
81,4,12.662637
81,5,15.430236
81,6,17.962269
81,7,20.238258
81,8,22.248072
81,9,23.991768
82,0,0.0
82,1,3.3756998
82,10,25.936317
82,11,27.193188
82,12,28.224094
82,13,29.053158
82,14,29.705801
82,15,30.207134
82,16,30.580612
82,17,30.847527
82,18,31.025959
82,19,31.131397
82,2,6.690948
82,20,31.175861
82,21,31.1694
82,22,31.119268
82,23,31.031902
82,24,30.912054
82,25,30.764772
82,26,30.594507
82,27,30.406591
82,28,30.20639
82,29,30.0
82,3,9.888517
82,4,12.917662
82,5,15.7360935
82,6,18.312157
82,7,20.624935
82,8,22.664871
82,9,24.432217
83,0,0.0
83,1,3.4703517
83,10,26.559261
83,11,27.833035
83,12,28.875078
83,13,29.710453
83,14,30.365093
83,15,30.864332
83,16,31.231834
83,17,31.488337
83,18,31.65189
83,19,31.736752
83,2,6.8772473
83,20,31.754818
83,21,31.714565
83,22,31.623283
83,23,31.486
83,24,31.308025
83,25,31.093815
83,26,30.849197
83,27,30.580223
83,28,30.294472
83,29,30.0
83,3,10.1609535
83,4,13.268364
83,5,16.156069
83,6,18.791315
83,7,21.15353
83,8,23.233192
83,9,25.031776
84,0,0.0
84,1,3.5992944
84,10,27.391678
84,11,28.686356
84,12,29.74213
84,13,30.584974
84,14,31.241661
84,15,31.738003
84,16,32.097458
84,17,32.340816
84,18,32.4849
84,19,32.54374
84,2,7.1309066
84,20,32.52727
84,21,32.443684
84,22,32.298126
84,23,32.09574
84,24,31.840317
84,25,31.537376
84,26,31.19278
84,27,30.81498
84,28,30.413548
84,29,30.0
84,3,10.5310955
84,4,13.744063
84,5,16.724062
84,6,19.43793
84,7,21.864662
84,8,23.996075
84,9,25.834423
85,0,0.0
85,1,3.7728884
85,10,28.485529
85,11,29.805565
85,12,30.877365
85,13,31.728683
85,14,32.387253
85,15,32.879337
85,16,33.228687
85,17,33.455143
85,18,33.575294
85,19,33.601
85,2,7.471798
85,20,33.54162
85,21,33.402485
85,22,33.188232
85,23,32.901333
85,24,32.545906
85,25,32.126247
85,26,31.650265
85,27,31.127802
85,28,30.572521
85,29,30.0
85,3,11.027731
85,4,14.38036
85,5,17.481838
85,6,20.297474
85,7,22.80727
85,8,25.003822
85,9,26.89202
86,0,0.0
86,1,4.003933
86,10,29.899862
86,11,31.24897
86,12,32.338844
86,13,33.19903
86,14,33.858753
86,15,34.345078
86,16,34.68142
86,17,34.887558
86,18,34.978027
86,19,34.963936
86,2,7.9249344
86,20,34.851265
86,21,34.6442
86,22,34.343475
86,23,33.950783
86,24,33.467255
86,25,32.89808
86,26,32.251007
86,27,31.539768
86,28,30.782001
86,29,30.0
86,3,11.6859
86,4,15.221155
86,5,18.479002
86,6,21.424492
86,7,24.03794
86,8,26.315067
86,9,28.263151
87,0,0.0
87,1,4.308693
87,10,31.6988
87,11,33.08004
87,12,34.188667
87,13,35.05728
87,14,35.716793
87,15,36.194996
87,16,36.515686
87,17,36.69712
87,18,36.753113
87,19,36.69126
87,2,8.521129
87,20,36.515938
87,21,36.226402
87,22,35.821396
87,23,35.297565
87,24,34.655025
87,25,33.896202
87,26,33.031097
87,27,32.07582
87,28,31.055256
87,29,30.0
87,3,12.549256
87,4,16.319029
87,5,19.775347
87,6,22.881996
87,7,25.622349
87,8,27.995214
87,9,30.01346
88,0,0.0
88,1,4.7076564
88,10,33.95076
88,11,35.364502
88,12,36.491013
88,13,37.36602
88,14,38.022785
88,15,38.490284
88,16,38.791805
88,17,38.945206
88,18,38.961197
88,19,38.845596
88,2,9.299609
88,20,38.59735
88,21,38.21276
88,22,37.68367
88,23,37.003468
88,24,36.166073
88,25,35.17299
88,26,34.032852
88,27,32.76715
88,28,31.40829
88,29,30.0
88,3,13.671271
88,4,17.738493
88,5,21.440853
88,6,24.743645
88,7,27.63364
88,8,30.117062
88,9,32.21296
89,0,0.0
89,1,5.2277956
89,10,36.724644
89,11,38.16826
89,12,39.308537
89,13,40.185898
89,14,40.83612
89,15,41.28919
89,16,41.56868
89,17,41.69027
89,18,41.663128
89,19,41.487885
89,2,10.310301
89,20,41.160088
89,21,40.668053
89,22,39.99851
89,23,39.13529
89,24,38.067287
89,25,36.788895
89,26,35.308975
89,27,33.651726
89,28,31.86176
89,29,30.0
89,3,15.119817
89,4,19.557499
89,5,23.55929
89,6,27.09275
89,7,30.153774
89,8,32.757786
89,9,34.935406
9,0,0.0
9,1,2.411732
9,10,18.701511
9,11,19.639433
9,12,20.420378
9,13,21.064335
9,14,21.592136
9,15,22.026726
9,16,22.390858
9,17,22.70774
9,18,23.000286
9,19,23.29103
9,2,4.7819223
9,20,23.60262
9,21,23.95673
9,22,24.374964
9,23,24.876427
9,24,25.47785
9,25,26.189516
9,26,27.01395
9,27,27.941301
9,28,28.948685
9,29,30.0
9,3,7.0715933
9,4,9.245007
9,5,11.273336
9,6,13.133108
9,7,14.810116
9,8,16.295898
9,9,17.591238
90,0,0.0
90,1,5.9052944
90,10,40.087738
90,11,41.55266
90,12,42.69896
90,13,43.57165
90,14,44.209606
90,15,44.644196
90,16,44.898174
90,17,44.986324
90,18,44.913513
90,19,44.677258
90,2,11.619919
90,20,44.26516
90,21,43.65959
90,22,42.83561
90,23,41.768402
90,24,40.43358
90,25,38.818047
90,26,36.92373
90,27,34.779297
90,28,32.44225
90,29,30.0
90,3,16.98137
90,4,21.873537
90,5,26.229065
90,6,30.025084
90,7,33.27076
90,8,35.998756
90,9,38.25378
91,0,0.0
91,1,6.791839
91,10,44.09991
91,11,45.57106
91,12,46.709946
91,13,47.567524
91,14,48.18557
91,15,48.59633
91,16,48.822548
91,17,48.876083
91,18,48.759487
91,19,48.46347
91,2,13.319969
91,20,47.97018
91,21,47.250237
91,22,46.26847
91,23,44.98265
91,24,43.3536
91,25,41.34931
91,26,38.961445
91,27,36.215675
91,28,33.187122
91,29,30.0
91,3,19.371487
91,4,24.80866
91,5,29.569016
91,6,33.647552
91,7,37.079384
91,8,39.920578
91,9,42.2382
92,0,0.0
92,1,7.9649935
92,10,48.81004
92,11,50.262535
92,12,51.374718
92,13,52.2025
92,14,52.790497
92,15,53.17183
92,16,53.367836
92,17,53.388973
92,18,53.2328
92,19,52.885994
92,2,15.543905
92,20,52.32087
92,21,51.498924
92,22,50.367424
92,23,48.866165
92,24,46.92849
92,25,44.496372
92,26,41.53382
92,27,38.055634
92,28,34.15105
92,29,30.0
92,3,22.448135
92,4,28.521534
92,5,33.72096
92,6,38.080837
92,7,41.676353
92,8,44.600986
92,9,46.949066
93,0,0.0
93,1,9.550686
93,10,54.24826
93,11,55.64749
93,12,56.70631
93,13,57.485485
93,14,58.03119
93,15,58.376335
93,16,58.54145
93,17,58.533737
93,18,58.348312
93,19,57.964993
93,2,18.495571
93,20,57.35002
93,21,56.451103
93,22,55.20017
93,23,53.50936
93,24,51.27897
93,25,48.40366
93,26,44.799583
93,27,40.441406
93,28,35.422268
93,29,30.0
93,3,26.437714
93,4,33.219696
93,5,38.856876
93,6,43.455624
93,7,47.157852
93,8,50.10649
93,9,52.432648
94,0,0.0
94,1,11.769791
94,10,60.420914
94,11,61.720837
94,12,62.69342
94,13,63.401115
94,14,63.89019
94,15,64.192505
94,16,64.32623
94,17,64.29704
94,18,64.0959
94,19,63.69986
94,2,22.506317
94,20,63.067
94,21,62.136395
94,22,60.820488
94,23,59.004883
94,24,56.54238
94,25,53.262093
94,26,48.98864
94,27,43.603756
94,28,37.154472
94,29,30.0
94,3,31.67247
94,4,39.179222
94,5,45.17891
94,6,49.909126
94,7,53.60836
94,8,56.485626
94,9,58.71111
95,0,0.0
95,1,15.049515
95,10,67.301834
95,11,68.44794
95,12,69.29586
95,13,69.90665
95,14,70.32375
95,15,70.576065
95,16,70.67972
95,17,70.63755
95,18,70.43974
95,19,70.06007
95,2,28.14206
95,20,69.45485
95,21,68.55505
95,22,67.26175
95,23,65.43233
95,24,62.87128
95,25,59.31605
95,26,54.445587
95,27,47.935593
95,28,39.645382
95,29,30.0
95,3,38.65027
95,4,46.758064
95,5,52.914036
95,6,57.567505
95,7,61.087566
95,8,63.754063
95,9,65.77479
96,0,0.0
96,1,20.310825
96,10,74.82735
96,11,75.75966
96,12,76.44282
96,13,76.93052
96,14,77.26022
96,15,77.45625
96,16,77.53117
96,17,77.48685
96,18,77.31252
96,19,76.98424
96,2,36.4121
96,20,76.45901
96,21,75.67044
96,22,74.5155
96,23,72.83979
96,24,70.40714
96,25,66.86171
96,26,61.67629
96,27,54.13936
96,28,43.537346
96,29,30.0
96,3,48.103508
96,4,56.3907
96,5,62.2798
96,6,66.51581
96,7,69.60368
96,8,71.87999
96,9,73.56979
97,0,0.0
97,1,29.802162
97,10,82.89063
97,11,83.551796
97,12,84.03238
97,13,84.373146
97,14,84.60179
97,15,84.735825
97,16,84.78431
97,17,84.74762
97,18,84.61755
97,19,84.37438
97,2,49.132843
97,20,83.98455
97,21,83.39269
97,22,82.5119
97,23,81.20088
97,24,79.22667
97,25,76.1869
97,26,71.36639
97,27,63.48063
97,28,50.401535
97,29,30.0
97,3,61.023163
97,4,68.50451
97,5,73.40425
97,6,76.7393
97,7,79.08136
97,8,80.76366
97,9,81.990105
98,0,0.0
98,1,49.77945
98,10,91.34299
98,11,91.68654
98,12,91.935036
98,13,92.11045
98,14,92.22757
98,15,92.2957
98,16,92.31935
98,17,92.29878
98,18,92.22905
98,19,92.09954
98,2,69.32322
98,20,91.891045
98,21,91.57243
98,22,91.092026
98,23,90.36312
98,24,89.22987
98,25,87.39078
98,26,84.19619
98,27,78.06614
98,28,64.613625
98,29,30.0
98,3,78.39568
98,4,83.25933
98,5,86.16774
98,6,88.04618
98,7,89.32427
98,8,90.22433
98,9,90.87181
99,0,0.0
99,1,100.0
99,10,100.0
99,11,100.0
99,12,100.0
99,13,100.0
99,14,100.0
99,15,100.0
99,16,100.0
99,17,100.0
99,18,100.0
99,19,100.0
99,2,100.0
99,20,100.0
99,21,100.0
99,22,100.0
99,23,100.0
99,24,100.0
99,25,100.0
99,26,100.0
99,27,100.0
99,28,100.0
99,29,30.0
99,3,100.0
99,4,100.0
99,5,100.0
99,6,100.0
99,7,100.0
99,8,100.0
99,9,100.0
