0,0,0.0
0,1,0.0
0,2,0.0
0,3,0.0
0,4,0.0
0,5,0.0
0,6,0.0
0,7,30.0
1,0,0.0
1,1,2.970914
1,2,5.598046
1,3,7.746105
1,4,9.598551
1,5,11.871101
1,6,16.599623
1,7,30.0
2,0,0.0
2,1,6.285696
2,2,11.67532
2,3,15.788017
2,4,18.77719
2,5,21.286385
2,6,24.527477
2,7,30.0
3,0,0.0
3,1,10.496706
3,2,19.029797
3,3,24.953798
3,4,28.436155
3,5,29.970053
3,6,30.224052
3,7,30.0
4,0,0.0
4,1,16.671526
4,2,28.993711
4,3,36.561653
4,4,40.044014
4,5,39.933968
4,6,36.398872
4,7,30.0
5,0,0.0
5,1,27.19588
5,2,43.712208
5,3,52.25554
5,4,55.244713
5,5,53.323273
5,6,45.43766
5,7,30.0
6,0,0.0
6,1,48.399944
6,2,66.40398
6,3,73.50392
6,4,75.35637
6,5,72.67703
6,6,62.028656
6,7,30.0
7,0,0.0
7,1,100.0
7,2,100.0
7,3,100.0
7,4,100.0
7,5,100.0
7,6,100.0
7,7,30.0
