0,0,0.0
0,1,0.0
0,10,0.0
0,11,0.0
0,12,0.0
0,13,0.0
0,14,0.0
0,15,30.0
0,2,0.0
0,3,0.0
0,4,0.0
0,5,0.0
0,6,0.0
0,7,0.0
0,8,0.0
0,9,0.0
1,0,0.0
1,1,0.6797409
1,10,5.236604
1,11,5.9856496
1,12,7.259986
1,13,9.749498
1,14,15.3476715
1,15,30.0
1,2,1.3392338
1,3,1.9604076
1,4,2.5307508
1,5,3.043435
1,6,3.5008247
1,7,3.9140189
1,8,4.3075023
1,9,4.72355
10,0,0.0
10,1,10.900085
10,10,48.019737
10,11,46.54918
10,12,43.991318
10,13,40.27971
10,14,35.49306
10,15,30.0
10,2,20.75307
10,3,29.008585
10,4,35.559837
10,5,40.53987
10,6,44.155098
10,7,46.60134
10,8,48.021576
10,9,48.4917
11,0,0.0
11,1,14.314539
11,10,55.66871
11,11,53.68654
11,12,50.278133
11,13,45.175983
11,14,38.269184
11,15,30.0
11,2,26.658764
11,3,36.389687
11,4,43.674496
11,5,48.93634
11,6,52.590412
11,7,54.95079
11,8,56.214714
11,9,56.46467
12,0,0.0
12,1,19.730993
12,10,64.73211
12,11,62.451363
12,12,58.426643
12,13,51.993515
12,14,42.46957
12,15,30.0
12,2,35.240112
12,3,46.314156
12,4,53.940987
12,5,59.104088
12,6,62.511723
12,7,64.613144
12,8,65.654686
12,9,65.71807
13,0,0.0
13,1,29.399502
13,10,75.29233
13,11,73.14324
13,12,69.13019
13,13,62.007652
13,14,49.66925
13,15,30.0
13,2,48.31859
13,3,59.777687
13,4,66.79554
13,5,71.17981
13,6,73.91849
13,7,75.53497
13,8,76.28349
13,9,76.23528
14,0,0.0
14,1,49.57284
14,10,87.21319
14,11,85.834465
14,12,83.05525
14,13,77.31532
14,14,64.24077
14,15,30.0
14,2,68.90506
14,3,77.75568
14,4,82.37958
14,5,85.02002
14,6,86.58516
14,7,87.476974
14,8,87.87046
14,9,87.80788
15,0,0.0
15,1,100.0
15,10,100.0
15,11,100.0
15,12,100.0
15,13,100.0
15,14,100.0
15,15,30.0
15,2,100.0
15,3,100.0
15,4,100.0
15,5,100.0
15,6,100.0
15,7,100.0
15,8,100.0
15,9,100.0
2,0,0.0
2,1,1.3652868
2,10,10.203526
2,11,11.419176
2,12,13.285509
2,13,16.377426
2,14,21.635035
2,15,30.0
2,2,2.6883574
2,3,3.9330168
2,4,5.071477
2,5,6.091015
2,6,6.992579
2,7,7.797118
2,8,8.545643
2,9,9.30938
3,0,0.0
3,1,2.065731
3,10,14.789663
3,11,16.15654
3,12,18.05169
3,13,20.818537
3,14,24.80431
3,15,30.0
3,2,4.0651364
3,3,5.939203
3,4,7.6461625
3,5,9.161642
3,6,10.486755
3,7,11.644267
3,8,12.685817
3,9,13.693101
4,0,0.0
4,1,2.7982106
4,10,19.037575
4,11,20.313072
4,12,21.91021
4,13,24.016987
4,14,26.752857
4,15,30.0
4,2,5.4997673
4,3,8.021764
4,4,10.301034
4,5,12.305208
4,6,14.027995
4,7,15.495426
4,8,16.75935
4,9,17.902252
5,0,0.0
5,1,3.589523
5,10,23.086843
5,11,24.10795
5,12,25.231247
5,13,26.57134
5,14,28.182499
5,15,30.0
5,2,7.0447035
5,3,10.248514
5,4,13.118612
5,5,15.606975
5,6,17.706501
5,7,19.439701
5,8,20.859932
5,9,22.04309
6,0,0.0
6,1,4.4824533
6,10,27.133116
6,11,27.786629
6,12,28.333054
6,13,28.854395
6,14,29.407751
6,15,30.0
6,2,8.776626
6,3,12.725567
6,4,16.217903
6,5,19.198536
6,6,21.65548
6,7,23.616858
6,8,25.134352
6,9,26.2788
7,0,0.0
7,1,5.5383635
7,10,31.400646
7,11,31.603573
7,12,31.48903
7,13,31.131378
7,14,30.60725
7,15,30.0
7,2,10.810021
7,3,15.598368
7,4,19.766964
7,5,23.252151
7,6,26.053585
7,7,28.20681
7,8,29.770954
7,9,30.812885
8,0,0.0
8,1,6.8499756
8,10,36.13475
8,11,35.816658
8,12,34.960865
8,13,33.626457
8,14,31.918865
8,15,30.0
8,2,13.3051
8,3,19.070202
8,4,23.980045
8,5,27.986258
8,6,31.111898
8,7,33.420616
8,8,34.984764
8,9,35.8712
9,0,0.0
9,1,8.558202
9,10,41.588417
9,11,40.70082
9,12,39.02087
9,13,36.577065
9,14,33.4835
9,15,30.0
9,2,16.499292
9,3,23.41338
9,4,29.1321
9,5,33.653835
9,6,37.066547
9,7,39.48119
9,8,40.998688
9,9,41.689865
