0,0,0.0
0,1,0.0
0,10,0.0
0,11,0.0
0,12,0.0
0,13,0.0
0,14,0.0
0,15,30.0
0,2,0.0
0,3,0.0
0,4,0.0
0,5,0.0
0,6,0.0
0,7,0.0
0,8,0.0
0,9,0.0
1,0,0.0
1,1,0.62803435
1,10,5.133546
1,11,5.907608
1,12,7.2050705
1,13,9.714913
1,14,15.331108
1,15,30.0
1,2,1.2403872
1,3,1.8233287
1,4,2.3667064
1,5,2.8655887
1,6,3.3214965
1,7,3.7444222
1,8,4.155809
1,9,4.5950794
10,0,0.0
10,1,11.051083
10,10,49.115566
10,11,47.533737
10,12,44.79791
10,13,40.852787
10,14,35.790367
10,15,30.0
10,2,21.058733
10,3,29.47311
10,4,36.186527
10,5,41.324284
10,6,45.08361
10,7,47.64624
10,8,49.14113
10,9,49.631756
11,0,0.0
11,1,14.480999
11,10,56.762566
11,11,54.662277
11,12,51.074677
11,13,45.739334
11,14,38.561275
11,15,30.0
11,2,26.992708
11,3,36.89248
11,4,44.343285
11,5,49.762688
11,6,53.55508
11,7,56.023067
11,8,57.351334
11,9,57.61066
12,0,0.0
12,1,19.886692
12,10,65.69744
12,11,63.30983
12,12,59.124557
12,13,52.48664
12,14,42.7246
12,15,30.0
12,2,35.551643
12,3,46.779846
12,4,54.556423
12,5,59.858017
12,6,63.38514
12,7,65.57672
12,8,66.6689
12,9,66.73518
13,0,0.0
13,1,29.519833
13,10,76.01276
13,11,73.78175
13,12,69.64882
13,13,62.3732
13,14,49.85837
13,15,30.0
13,2,48.558533
13,3,60.135475
13,4,67.266014
13,5,71.75375
13,6,74.58009
13,7,76.26156
13,8,77.045334
13,9,76.99614
14,0,0.0
14,1,49.63828
14,10,87.59781
14,11,86.17519
14,12,83.331436
14,13,77.51005
14,14,64.341354
14,15,30.0
14,2,69.03553
14,3,77.94969
14,4,82.63429
14,5,85.32986
14,6,86.94148
14,7,87.86737
14,8,88.27876
14,9,88.21506
15,0,0.0
15,1,100.0
15,10,100.0
15,11,100.0
15,12,100.0
15,13,100.0
15,14,100.0
15,15,30.0
15,2,100.0
15,3,100.0
15,4,100.0
15,5,100.0
15,6,100.0
15,7,100.0
15,8,100.0
15,9,100.0
2,0,0.0
2,1,1.2714138
2,10,10.032577
2,11,11.293001
2,12,13.19882
2,13,16.324314
2,14,21.609957
2,15,30.0
2,2,2.5096493
2,3,3.685466
2,4,4.7772603
2,5,5.7735634
2,6,6.675768
2,7,7.500477
2,8,8.284263
2,9,9.091816
3,0,0.0
3,1,1.9475508
3,10,14.614777
3,11,16.035837
3,12,17.975506
3,13,20.775467
3,14,24.785461
3,15,30.0
3,2,3.8404663
3,3,5.630791
3,4,7.282424
3,5,8.775359
3,6,10.107719
3,7,11.298532
3,8,12.390712
3,9,13.457769
4,0,0.0
4,1,2.677995
4,10,18.938543
4,11,20.265648
4,12,21.896633
4,13,24.020193
4,14,26.75827
4,15,30.0
4,2,5.2735677
4,3,7.7144337
4,4,9.946662
4,5,11.938662
4,6,13.68346
4,7,15.198461
4,8,16.52673
4,9,17.739037
5,0,0.0
5,1,3.491222
5,10,23.144642
5,11,24.200794
5,12,25.333181
5,13,26.656078
5,14,28.230503
5,15,30.0
5,2,6.8620243
5,3,10.008383
5,4,12.853585
5,5,15.353364
5,6,17.494541
5,7,19.292496
5,8,20.787376
5,9,22.042694
6,0,0.0
6,1,4.4260635
6,10,27.411747
6,11,28.073925
6,12,28.590902
6,13,29.049025
6,14,29.512058
6,15,30.0
6,2,8.677729
6,3,12.607677
6,4,16.11244
6,5,19.135029
6,6,21.659767
6,7,23.702408
6,8,25.30211
6,9,26.515152
7,0,0.0
7,1,5.537899
7,10,31.934925
7,11,32.11168
7,12,31.92378
7,13,31.44851
7,14,30.774784
7,15,30.0
7,2,10.820183
7,3,15.640323
7,4,19.864296
7,5,23.428799
7,6,26.324017
7,7,28.574894
7,8,30.224865
7,9,31.326088
8,0,0.0
8,1,6.90919
8,10,36.91786
8,11,36.539238
8,12,35.56438
8,13,34.061127
8,14,32.14608
8,15,30.0
8,2,13.432802
8,3,19.280922
8,4,24.291859
8,5,28.411736
8,6,31.656355
8,7,34.0748
8,8,35.72477
8,9,36.658424
9,0,0.0
9,1,8.671339
9,10,42.57225
9,11,41.592514
9,12,39.75773
9,13,37.102524
9,14,33.75733
9,15,30.0
9,2,16.731226
9,3,23.774506
9,4,29.631031
9,5,34.29553
9,6,37.844383
9,7,40.375984
9,8,41.975685
9,9,42.699764
