0,0,0.0
0,1,0.0
0,10,0.0
0,11,0.0
0,12,0.0
0,13,0.0
0,14,0.0
0,15,30.0
0,2,0.0
0,3,0.0
0,4,0.0
0,5,0.0
0,6,0.0
0,7,0.0
0,8,0.0
0,9,0.0
1,0,0.0
1,1,0.6355558
1,10,5.1760006
1,11,5.945129
1,12,7.235453
1,13,9.736309
1,14,15.342158
1,15,30.0
1,2,1.2553394
1,3,1.8454595
1,4,2.3956056
1,5,2.9005265
1,6,3.3614554
1,7,3.787964
1,8,4.2011595
1,9,4.640131
10,0,0.0
10,1,11.119421
10,10,49.44651
10,11,47.822212
10,12,45.029076
10,13,41.014248
10,14,35.873398
10,15,30.0
10,2,21.193352
10,3,29.669912
10,4,36.439083
10,5,41.62394
10,6,45.419235
10,7,48.00457
10,8,49.506973
10,9,49.98861
11,0,0.0
11,1,14.543268
11,10,57.061676
11,11,54.92286
11,12,51.28329
11,13,45.885033
11,14,38.63615
11,15,30.0
11,2,27.115364
11,3,37.071617
11,4,44.573032
11,5,50.034958
11,6,53.859737
11,7,56.347954
11,8,57.68266
11,9,57.933548
12,0,0.0
12,1,19.938332
12,10,65.943954
12,11,63.524426
12,12,59.296318
12,13,52.60652
12,14,42.786217
12,15,30.0
12,2,35.6533
12,3,46.928276
12,4,54.746628
12,5,60.083298
12,6,63.636986
12,7,65.84508
12,8,66.94237
12,9,67.001434
13,0,0.0
13,1,29.556793
13,10,76.18846
13,11,73.93467
13,12,69.77115
13,13,62.458576
13,14,49.902237
13,15,30.0
13,2,48.631294
13,3,60.24166
13,4,67.40205
13,5,71.91476
13,6,74.759995
13,7,76.45314
13,8,77.24045
13,9,77.186035
14,0,0.0
14,1,49.657562
14,10,87.68926
14,11,86.254745
14,12,83.39507
14,13,77.55445
14,14,64.36417
14,15,30.0
14,2,69.07348
14,3,78.00508
14,4,82.70522
14,5,85.41379
14,6,87.035225
14,7,87.96716
14,8,88.38036
14,9,88.3139
15,0,0.0
15,1,100.0
15,10,100.0
15,11,100.0
15,12,100.0
15,13,100.0
15,14,100.0
15,15,30.0
15,2,100.0
15,3,100.0
15,4,100.0
15,5,100.0
15,6,100.0
15,7,100.0
15,8,100.0
15,9,100.0
2,0,0.0
2,1,1.2868955
2,10,10.1187935
2,11,11.369103
2,12,13.260411
2,13,16.367645
2,14,21.632338
2,15,30.0
2,2,2.5403664
2,3,3.7309268
2,4,4.83648
2,5,5.845094
2,6,6.757387
2,7,7.5892982
2,8,8.376602
2,9,9.183418
3,0,0.0
3,1,1.9716837
3,10,14.746746
3,11,16.152168
3,12,18.06951
3,13,20.841568
3,14,24.81957
3,15,30.0
3,2,3.88835
3,3,5.701468
3,4,7.374378
3,5,8.886082
3,6,10.233809
3,7,11.435352
3,8,12.532642
3,9,13.598259
4,0,0.0
4,1,2.711524
4,10,19.117912
4,11,20.423431
4,12,22.02399
4,13,24.109617
4,14,26.804409
4,15,30.0
4,2,5.339948
4,3,7.812315
4,4,10.073603
4,5,12.091192
4,6,13.856571
4,7,15.385822
4,8,16.720524
4,9,17.930382
5,0,0.0
5,1,3.5345066
5,10,23.371262
5,11,24.39981
5,12,25.493525
5,13,26.768587
5,14,28.288485
5,15,30.0
5,2,6.947689
5,3,10.134362
5,4,13.016684
5,5,15.548689
5,6,17.71566
5,7,19.531048
5,8,21.033451
5,9,22.285036
6,0,0.0
6,1,4.478864
6,10,27.682503
6,11,28.311207
6,12,28.78186
6,13,29.18282
6,14,29.580996
6,15,30.0
6,2,8.782035
6,3,12.760906
6,4,16.310257
6,5,19.371431
6,6,21.926563
6,7,23.989498
6,8,25.597439
6,9,26.805275
7,0,0.0
7,1,5.5989714
7,10,32.2425
7,11,32.38085
7,12,32.14004
7,13,31.599941
7,14,30.852732
7,15,30.0
7,2,10.940787
7,3,15.817125
7,4,20.092207
7,5,23.700443
7,6,26.629917
7,7,28.903202
7,8,30.561802
7,9,31.656376
8,0,0.0
8,1,6.97629
8,10,37.250515
8,11,36.829853
8,12,35.79768
8,13,34.224285
8,14,32.230053
8,15,30.0
8,2,13.565134
8,3,19.474762
8,4,24.541212
8,5,28.708456
8,6,31.989729
8,7,34.43187
8,8,36.09047
8,9,37.016182
9,0,0.0
9,1,8.741117
9,10,42.913757
9,11,41.89058
9,12,39.996693
9,13,37.269592
9,14,33.843246
9,15,30.0
9,2,16.868807
9,3,23.975739
9,4,29.88963
9,5,34.602684
9,6,38.18894
9,7,40.744347
9,8,42.352295
9,9,43.06765
