0,0,0.0
0,1,0.0
0,10,0.0
0,11,0.0
0,12,0.0
0,13,0.0
0,14,0.0
0,15,30.0
0,2,0.0
0,3,0.0
0,4,0.0
0,5,0.0
0,6,0.0
0,7,0.0
0,8,0.0
0,9,0.0
1,0,0.0
1,1,0.6304729
1,10,5.153816
1,11,5.925993
1,12,7.220253
1,13,9.725757
1,14,15.336754
1,15,30.0
1,2,1.245376
1,3,1.831011
1,4,2.3772573
1,5,2.879027
1,6,3.3377025
1,7,3.7629633
1,8,4.1759953
1,9,4.6159124
10,0,0.0
10,1,11.094873
10,10,49.340034
10,11,47.73043
10,12,44.956215
10,13,40.963688
10,14,35.84751
10,15,30.0
10,2,21.145239
10,3,29.600183
10,4,36.35058
10,5,41.52032
10,6,45.30484
10,7,47.884277
10,8,49.385994
10,9,49.872284
11,0,0.0
11,1,14.52187
11,10,56.968925
11,11,54.84292
11,12,51.219826
11,13,45.841
11,14,38.6136
11,15,30.0
11,2,27.073433
11,3,37.01084
11,4,44.495907
11,5,49.944656
11,6,53.76006
11,7,56.24315
11,8,57.57726
11,9,57.832207
12,0,0.0
12,1,19.921192
12,10,65.869705
12,11,63.460415
12,12,59.245514
12,13,52.571266
12,14,42.76817
12,15,30.0
12,2,35.619705
12,3,46.8796
12,4,54.68485
12,5,60.01098
12,6,63.557156
12,7,65.76114
12,8,66.85796
12,9,66.92029
13,0,0.0
13,1,29.544819
13,10,76.136604
13,11,73.889984
13,12,69.735664
13,13,62.43396
13,14,49.88963
13,15,30.0
13,2,48.607834
13,3,60.207653
13,4,67.358894
13,5,71.86424
13,6,74.70425
13,7,76.39453
13,8,77.1815
13,9,77.12937
14,0,0.0
14,1,49.65141
14,10,87.66261
14,11,86.231766
14,12,83.37684
14,13,77.541794
14,14,64.35769
14,15,30.0
14,2,69.06142
14,3,77.987595
14,4,82.68303
14,5,85.38782
14,6,87.00656
14,7,87.937035
14,8,88.35007
14,9,88.284775
15,0,0.0
15,1,100.0
15,10,100.0
15,11,100.0
15,12,100.0
15,13,100.0
15,14,100.0
15,15,30.0
15,2,100.0
15,3,100.0
15,4,100.0
15,5,100.0
15,6,100.0
15,7,100.0
15,8,100.0
15,9,100.0
2,0,0.0
2,1,1.2768836
2,10,10.075106
2,11,11.331421
2,12,13.23048
2,13,16.346867
2,14,21.621695
2,15,30.0
2,2,2.5207376
2,3,3.7024677
2,4,4.800335
2,5,5.8027487
2,6,6.7106
2,7,7.5400596
2,8,8.32704
2,9,9.135723
3,0,0.0
3,1,1.9570519
3,10,14.682938
3,11,16.097134
3,12,18.025795
3,13,20.811224
3,14,24.804028
3,15,30.0
3,2,3.8596692
3,3,5.65988
3,4,7.3215685
3,5,8.824209
3,6,10.165458
3,7,11.363419
3,8,12.460247
3,9,13.52859
4,0,0.0
4,1,2.692752
4,10,19.036095
4,11,20.352867
4,12,21.967949
4,13,24.070713
4,14,26.784485
4,15,30.0
4,2,5.3031473
4,3,7.758963
4,4,10.005851
4,5,12.011826
4,6,13.768895
4,7,15.293567
4,8,16.627678
4,9,17.841045
5,0,0.0
5,1,3.5122423
5,10,23.274307
5,11,24.3162
5,12,25.42712
5,13,26.722496
5,14,28.264881
5,15,30.0
5,2,6.9040494
5,3,10.071092
5,4,12.936351
5,5,15.454586
5,6,17.611723
5,7,19.421684
5,8,20.923407
5,9,22.179157
6,0,0.0
6,1,4.4539366
6,10,27.574032
6,11,28.217669
6,12,28.70758
6,13,29.131264
6,14,29.554596
6,15,30.0
6,2,8.73317
6,3,12.690073
6,4,16.22032
6,5,19.266096
6,6,21.810225
6,7,23.86711
6,8,25.474297
6,9,26.68681
7,0,0.0
7,1,5.5723658
7,10,32.126835
7,11,32.28112
7,12,32.06085
7,13,31.544983
7,14,30.824587
7,15,30.0
7,2,10.888643
7,3,15.741532
7,4,19.996246
7,5,23.588057
7,6,26.505814
7,7,28.77265
7,8,30.430468
7,9,31.53004
8,0,0.0
8,1,6.9491386
8,10,37.132565
8,11,36.728165
8,12,35.716938
8,13,34.16825
8,14,32.201363
8,15,30.0
8,2,13.511913
8,3,19.397621
8,4,24.443285
8,5,28.593786
8,6,31.86311
8,7,34.298695
8,8,35.956505
8,9,36.887344
9,0,0.0
9,1,8.714636
9,10,42.79882
9,11,41.7915
9,12,39.918026
9,13,37.215008
9,14,33.815292
9,15,30.0
9,2,16.816912
9,3,23.900517
9,4,29.794151
9,5,34.490883
9,6,38.065506
9,7,40.61454
9,8,42.221733
9,9,42.942085
