0,0,0.0
0,1,0.0
0,10,0.0
0,11,0.0
0,12,0.0
0,13,0.0
0,14,0.0
0,15,30.0
0,2,0.0
0,3,0.0
0,4,0.0
0,5,0.0
0,6,0.0
0,7,0.0
0,8,0.0
0,9,0.0
1,0,0.0
1,1,0.6314308
1,10,5.158269
1,11,5.9298596
1,12,7.223341
1,13,9.727909
1,14,15.337859
1,15,30.0
1,2,1.2472578
1,3,1.8337553
1,4,2.380762
1,5,2.8831666
1,6,3.3423123
1,7,3.7678595
1,8,4.1809654
1,9,4.6207366
10,0,0.0
10,1,11.100407
10,10,49.36503
10,11,47.752068
10,12,44.97345
10,13,40.97568
10,14,35.85366
10,15,30.0
10,2,21.156109
10,3,29.615982
10,4,36.370712
10,5,41.544
10,6,45.331127
10,7,47.912064
10,8,49.4141
10,9,49.899452
11,0,0.0
11,1,14.526773
11,10,56.991005
11,11,54.862022
11,12,51.235046
11,13,45.85158
11,14,38.619034
11,15,30.0
11,2,27.083054
11,3,37.02483
11,4,44.51372
11,5,49.965614
11,6,53.783302
11,7,56.267723
11,8,57.602104
11,9,57.856216
12,0,0.0
12,1,19.925167
12,10,65.88758
12,11,63.47589
12,12,59.257828
12,13,52.579834
12,14,42.77256
12,15,30.0
12,2,35.627514
12,3,46.89094
12,4,54.699303
12,5,60.02796
12,6,63.576
12,7,65.78105
12,8,66.87809
12,9,66.939735
13,0,0.0
13,1,29.547623
13,10,76.149185
13,11,73.90086
13,12,69.74434
13,13,62.439987
13,14,49.892723
13,15,30.0
13,2,48.613335
13,3,60.215652
13,4,67.36908
13,5,71.87621
13,6,74.71752
13,7,76.408554
13,8,77.19568
13,9,77.14306
14,0,0.0
14,1,49.652855
14,10,87.66911
14,11,86.2374
14,12,83.38132
14,13,77.54491
14,14,64.35928
14,15,30.0
14,2,69.06426
14,3,77.99173
14,4,82.68829
14,5,85.394005
14,6,87.01342
14,7,87.94428
14,8,88.35739
14,9,88.29184
15,0,0.0
15,1,100.0
15,10,100.0
15,11,100.0
15,12,100.0
15,13,100.0
15,14,100.0
15,15,30.0
15,2,100.0
15,3,100.0
15,4,100.0
15,5,100.0
15,6,100.0
15,7,100.0
15,8,100.0
15,9,100.0
2,0,0.0
2,1,1.2787876
2,10,10.083948
2,11,11.339098
2,12,13.23661
2,13,16.35114
2,14,21.623888
2,15,30.0
2,2,2.5244842
2,3,3.7079217
2,4,4.8073096
2,5,5.8109756
2,6,6.7197676
2,7,7.549786
2,8,8.336917
2,9,9.145306
3,0,0.0
3,1,1.9598799
3,10,14.696026
3,11,16.10849
3,12,18.034866
3,13,20.817543
3,14,24.807274
3,15,30.0
3,2,3.8652244
3,3,5.6679773
3,4,7.3319054
3,5,8.836413
3,6,10.179039
3,7,11.377834
3,8,12.474873
3,9,13.542777
4,0,0.0
4,1,2.6964502
4,10,19.053164
4,11,20.36768
4,12,21.979767
4,13,24.078953
4,14,26.788712
4,15,30.0
4,2,5.310421
4,3,7.7695484
4,4,10.019378
4,5,12.02777
4,6,13.786648
4,7,15.312387
4,8,16.64677
4,9,17.859556
5,0,0.0
5,1,3.516732
5,10,23.294937
5,11,24.334091
5,12,25.441399
5,13,26.73244
5,14,28.269985
5,15,30.0
5,2,6.9128675
5,3,10.083935
5,4,12.952737
5,5,15.473911
5,6,17.633213
5,7,19.444471
5,8,20.946503
5,9,22.20154
6,0,0.0
6,1,4.4590836
6,10,27.597599
6,11,28.238106
6,12,28.723877
6,13,29.142614
6,14,29.560417
6,15,30.0
6,2,8.743288
6,3,12.704789
6,4,16.239109
6,5,19.288227
6,6,21.834835
6,7,23.893175
6,8,25.500711
6,9,26.71239
7,0,0.0
7,1,5.577997
7,10,32.152504
7,11,32.303368
7,12,32.07859
7,13,31.557331
7,14,30.830925
7,15,30.0
7,2,10.899699
7,3,15.757624
7,4,20.016764
7,5,23.612226
7,6,26.532665
7,7,28.80109
7,8,30.45926
7,9,31.557919
8,0,0.0
8,1,6.9550176
8,10,37.159283
8,11,36.75131
8,12,35.735386
8,13,34.181095
8,14,32.207947
8,15,30.0
8,2,13.523466
8,3,19.414417
8,4,24.464708
8,5,28.619
8,6,31.891117
8,7,34.32833
8,8,35.986507
8,9,36.916367
9,0,0.0
9,1,8.720495
9,10,42.825356
9,11,41.814472
9,12,39.936337
9,13,37.227745
9,14,33.82183
9,15,30.0
9,2,16.828415
9,3,23.917248
9,4,29.815472
9,5,34.51598
9,6,38.09336
9,7,40.644012
9,8,42.25154
9,9,42.970924
