0,0,0.0
0,1,0.0
0,10,0.0
0,11,0.0
0,12,0.0
0,13,0.0
0,14,0.0
0,15,30.0
0,2,0.0
0,3,0.0
0,4,0.0
0,5,0.0
0,6,0.0
0,7,0.0
0,8,0.0
0,9,0.0
1,0,0.0
1,1,0.63565964
1,10,5.1764336
1,11,5.9455
1,12,7.235748
1,13,9.736511
1,14,15.342262
1,15,30.0
1,2,1.2555428
1,3,1.8457532
1,4,2.395977
1,5,2.900959
1,6,3.3619308
1,7,3.7884607
1,8,4.2016573
1,9,4.6406064
10,0,0.0
10,1,11.119855
10,10,49.448315
10,11,47.82376
10,12,45.0303
10,13,41.0151
10,14,35.873833
10,15,30.0
10,2,21.194199
10,3,29.671137
10,4,36.44063
10,5,41.62574
10,6,45.42122
10,7,48.00664
10,8,49.509045
10,9,49.990593
11,0,0.0
11,1,14.54364
11,10,57.063225
11,11,54.92419
11,12,51.284344
11,13,45.885757
11,14,38.636528
11,15,30.0
11,2,27.11609
11,3,37.07267
11,4,44.574364
11,5,50.036507
11,6,53.861435
11,7,56.34973
11,8,57.684437
11,9,57.93525
12,0,0.0
12,1,19.938625
12,10,65.94519
12,11,63.525475
12,12,59.29715
12,13,52.607098
12,14,42.78651
12,15,30.0
12,2,35.653877
12,3,46.92911
12,4,54.74769
12,5,60.084526
12,6,63.638332
12,7,65.84648
12,8,66.94377
12,9,67.002785
13,0,0.0
13,1,29.556995
13,10,76.18931
13,11,73.935394
13,12,69.77172
13,13,62.45897
13,14,49.90244
13,15,30.0
13,2,48.631695
13,3,60.242237
13,4,67.40277
13,5,71.91561
13,6,74.76094
13,7,76.454124
13,8,77.241425
13,9,77.186966
14,0,0.0
14,1,49.65767
14,10,87.6897
14,11,86.25511
14,12,83.39537
14,13,77.55466
14,14,64.36427
14,15,30.0
14,2,69.073685
14,3,78.00537
14,4,82.7056
14,5,85.41423
14,6,87.035706
14,7,87.96767
14,8,88.38087
14,9,88.31438
15,0,0.0
15,1,100.0
15,10,100.0
15,11,100.0
15,12,100.0
15,13,100.0
15,14,100.0
15,15,30.0
15,2,100.0
15,3,100.0
15,4,100.0
15,5,100.0
15,6,100.0
15,7,100.0
15,8,100.0
15,9,100.0
2,0,0.0
2,1,1.2870989
2,10,10.11964
2,11,11.369831
2,12,13.260986
2,13,16.368044
2,14,21.63254
2,15,30.0
2,2,2.5407639
2,3,3.7315016
2,4,4.837207
2,5,5.8459415
2,6,6.7583175
2,7,7.590271
2,8,8.377574
2,9,9.184349
3,0,0.0
3,1,1.9719776
3,10,14.7479725
3,11,16.153217
3,12,18.070341
3,13,20.842144
3,14,24.819864
3,15,30.0
3,2,3.8889246
3,3,5.7022986
3,4,7.375428
3,5,8.887306
3,6,10.235153
3,7,11.436758
3,8,12.534049
3,9,13.599603
4,0,0.0
4,1,2.7118955
4,10,19.119457
4,11,20.424759
4,12,22.02504
4,13,24.110344
4,14,26.804777
4,15,30.0
4,2,5.340675
4,3,7.813366
4,4,10.074931
4,5,12.092739
4,6,13.85827
4,7,15.387599
4,8,16.722298
4,9,17.932081
5,0,0.0
5,1,3.5349393
5,10,23.373066
5,11,24.401356
5,12,25.494751
5,13,26.76943
5,14,28.288918
5,15,30.0
5,2,6.9485354
5,3,10.135587
5,4,13.018231
5,5,15.550492
5,6,17.717642
5,7,19.533115
5,8,21.035522
5,9,22.287014
6,0,0.0
6,1,4.4793396
6,10,27.684483
6,11,28.312904
6,12,28.7832
6,13,29.183746
6,14,29.581469
6,15,30.0
6,2,8.782965
6,3,12.76225
6,4,16.311956
6,5,19.373413
6,6,21.928738
6,7,23.991772
6,8,25.599712
6,9,26.807451
7,0,0.0
7,1,5.599468
7,10,32.24457
7,11,32.38262
7,12,32.141445
7,13,31.600912
7,14,30.85323
7,15,30.0
7,2,10.941761
7,3,15.818531
7,4,20.093987
7,5,23.702515
7,6,26.632193
7,7,28.905582
7,8,30.56418
7,9,31.658646
8,0,0.0
8,1,6.976788
8,10,37.25258
8,11,36.831627
8,12,35.79908
8,13,34.225258
8,14,32.23055
8,15,30.0
8,2,13.566107
8,3,19.476168
8,4,24.54299
8,5,28.71053
8,6,31.992004
8,7,34.434246
8,8,36.092846
8,9,37.01846
9,0,0.0
9,1,8.741592
9,10,42.915737
9,11,41.892277
9,12,39.99804
9,13,37.270523
9,14,33.843723
9,15,30.0
9,2,16.86974
9,3,23.977085
9,4,29.89133
9,5,34.604668
9,6,38.191113
9,7,40.746628
9,8,42.35457
9,9,43.069824
