0,0,0.0
0,1,0.0
0,10,0.0
0,11,0.0
0,12,0.0
0,13,0.0
0,14,0.0
0,15,30.0
0,2,0.0
0,3,0.0
0,4,0.0
0,5,0.0
0,6,0.0
0,7,0.0
0,8,0.0
0,9,0.0
1,0,0.0
1,1,0.6356573
1,10,5.176424
1,11,5.9454923
1,12,7.2357407
1,13,9.736507
1,14,15.342259
1,15,30.0
1,2,1.2555381
1,3,1.8457465
1,4,2.3959684
1,5,2.9009495
1,6,3.3619199
1,7,3.7884495
1,8,4.2016454
1,9,4.640596
10,0,0.0
10,1,11.119844
10,10,49.448273
10,11,47.823723
10,12,45.030277
10,13,41.015076
10,14,35.873825
10,15,30.0
10,2,21.19418
10,3,29.67111
10,4,36.440594
10,5,41.6257
10,6,45.42117
10,7,48.006596
10,8,49.508995
10,9,49.99055
11,0,0.0
11,1,14.5436325
11,10,57.06319
11,11,54.924164
11,12,51.284317
11,13,45.885742
11,14,38.636513
11,15,30.0
11,2,27.116076
11,3,37.072643
11,4,44.574333
11,5,50.03647
11,6,53.861397
11,7,56.349693
11,8,57.6844
11,9,57.93521
12,0,0.0
12,1,19.93862
12,10,65.94516
12,11,63.52545
12,12,59.297134
12,13,52.60708
12,14,42.786507
12,15,30.0
12,2,35.653866
12,3,46.929092
12,4,54.74766
12,5,60.084503
12,6,63.638306
12,7,65.84645
12,8,66.94374
12,9,67.002754
13,0,0.0
13,1,29.556992
13,10,76.189285
13,11,73.93539
13,12,69.771706
13,13,62.45896
13,14,49.90243
13,15,30.0
13,2,48.631683
13,3,60.242218
13,4,67.40276
13,5,71.91559
13,6,74.76092
13,7,76.4541
13,8,77.2414
13,9,77.18695
14,0,0.0
14,1,49.657665
14,10,87.68969
14,11,86.255104
14,12,83.39536
14,13,77.55464
14,14,64.364265
14,15,30.0
14,2,69.07368
14,3,78.00537
14,4,82.70558
14,5,85.414215
14,6,87.03569
14,7,87.96767
14,8,88.38085
14,9,88.31436
15,0,0.0
15,1,100.0
15,10,100.0
15,11,100.0
15,12,100.0
15,13,100.0
15,14,100.0
15,15,30.0
15,2,100.0
15,3,100.0
15,4,100.0
15,5,100.0
15,6,100.0
15,7,100.0
15,8,100.0
15,9,100.0
2,0,0.0
2,1,1.2870942
2,10,10.119621
2,11,11.369815
2,12,13.260974
2,13,16.368032
2,14,21.632536
2,15,30.0
2,2,2.5407553
2,3,3.7314885
2,4,4.83719
2,5,5.8459215
2,6,6.758296
2,7,7.590248
2,8,8.377553
2,9,9.184328
3,0,0.0
3,1,1.9719709
3,10,14.747942
3,11,16.153194
3,12,18.070322
3,13,20.842133
3,14,24.819855
3,15,30.0
3,2,3.8889115
3,3,5.70228
3,4,7.375404
3,5,8.8872795
3,6,10.235123
3,7,11.436726
3,8,12.534017
3,9,13.599573
4,0,0.0
4,1,2.711887
4,10,19.119425
4,11,20.424728
4,12,22.025019
4,13,24.110329
4,14,26.80477
4,15,30.0
4,2,5.340658
4,3,7.813341
4,4,10.074901
4,5,12.092704
4,6,13.8582325
4,7,15.387558
4,8,16.72226
4,9,17.932043
5,0,0.0
5,1,3.5349295
5,10,23.373022
5,11,24.401323
5,12,25.49472
5,13,26.769413
5,14,28.288906
5,15,30.0
5,2,6.948516
5,3,10.135559
5,4,13.018195
5,5,15.550451
5,6,17.717596
5,7,19.533073
5,8,21.035473
5,9,22.286972
6,0,0.0
6,1,4.479329
6,10,27.68444
6,11,28.312862
6,12,28.78317
6,13,29.183725
6,14,29.581459
6,15,30.0
6,2,8.782944
6,3,12.762218
6,4,16.311918
6,5,19.373367
6,6,21.928688
6,7,23.991718
6,8,25.599665
6,9,26.807398
7,0,0.0
7,1,5.5994573
7,10,32.244522
7,11,32.382584
7,12,32.14141
7,13,31.600891
7,14,30.853218
7,15,30.0
7,2,10.941738
7,3,15.818499
7,4,20.093946
7,5,23.702467
7,6,26.632143
7,7,28.905527
7,8,30.564125
7,9,31.658598
8,0,0.0
8,1,6.976777
8,10,37.252537
8,11,36.83159
8,12,35.79905
8,13,34.22524
8,14,32.230537
8,15,30.0
8,2,13.566085
8,3,19.476137
8,4,24.54295
8,5,28.710484
8,6,31.991951
8,7,34.434196
8,8,36.092793
8,9,37.018406
9,0,0.0
9,1,8.741581
9,10,42.91569
9,11,41.892242
9,12,39.998005
9,13,37.270504
9,14,33.84371
9,15,30.0
9,2,16.869719
9,3,23.97705
9,4,29.891293
9,5,34.604618
9,6,38.191063
9,7,40.746574
9,8,42.35452
9,9,43.069775
