0,0,0.0
0,1,0.0
0,2,0.0
0,3,0.0
0,4,0.0
0,5,0.0
0,6,0.0
0,7,30.0
1,0,0.0
1,1,2.9710803
1,2,5.5983453
1,3,7.746478
1,4,9.598925
1,5,11.871401
1,6,16.599789
1,7,30.0
2,0,0.0
2,1,6.2859964
2,2,11.675858
2,3,15.788689
2,4,18.777863
2,5,21.286926
2,6,24.527775
2,7,30.0
3,0,0.0
3,1,10.49708
3,2,19.03047
3,3,24.954636
3,4,28.436995
3,5,29.970726
3,6,30.224426
3,7,30.0
4,0,0.0
4,1,16.671902
4,2,28.994385
4,3,36.562492
4,4,40.044853
4,5,39.93464
4,6,36.399246
4,7,30.0
5,0,0.0
5,1,27.19618
5,2,43.712746
5,3,52.25621
5,4,55.245384
5,5,53.323814
5,6,45.43796
5,7,30.0
6,0,0.0
6,1,48.40011
6,2,66.40428
6,3,73.504295
6,4,75.35674
6,5,72.67734
6,6,62.028816
6,7,30.0
7,0,0.0
7,1,100.0
7,2,100.0
7,3,100.0
7,4,100.0
7,5,100.0
7,6,100.0
7,7,30.0
