0,0,0.0
0,1,0.0
0,10,0.0
0,11,0.0
0,12,0.0
0,13,0.0
0,14,0.0
0,15,0.0
0,16,0.0
0,17,0.0
0,18,0.0
0,19,0.0
0,2,0.0
0,20,0.0
0,21,0.0
0,22,0.0
0,23,0.0
0,24,0.0
0,25,0.0
0,26,0.0
0,27,0.0
0,28,0.0
0,29,30.0
0,3,0.0
0,4,0.0
0,5,0.0
0,6,0.0
0,7,0.0
0,8,0.0
0,9,0.0
1,0,0.0
1,1,0.83965075
1,10,4.858967
1,11,4.9323797
1,12,4.977002
1,13,5.0032725
1,14,5.018056
1,15,5.0265546
1,16,5.032225
1,17,5.0378294
1,18,5.0464144
1,19,5.061779
1,2,1.6427948
1,20,5.0908966
1,21,5.144567
1,22,5.2433844
1,23,5.4219856
1,24,5.7472696
1,25,6.347964
1,26,7.505768
1,27,9.900843
1,28,15.419826
1,29,30.0
1,3,2.3790104
1,4,3.023199
1,5,3.5643172
1,6,3.997212
1,7,4.330208
1,8,4.573552
1,9,4.7447968
10,0,0.0
10,1,4.8589535
10,10,28.023384
10,11,28.437527
10,12,28.689495
10,13,28.835434
10,14,28.916271
10,15,28.959087
10,16,28.98122
10,17,28.993248
10,18,29.001451
10,19,29.010418
10,2,9.507534
10,20,29.023361
10,21,29.04469
10,22,29.078146
10,23,29.130003
10,24,29.204693
10,25,29.30844
10,26,29.442726
10,27,29.607838
10,28,29.796934
10,29,30.0
10,3,13.76049
10,4,17.483952
10,5,20.599499
10,6,23.094294
10,7,25.002075
10,8,26.39805
10,9,27.372602
11,0,0.0
11,1,4.9323425
11,10,28.437515
11,11,28.857517
11,12,29.112534
11,13,29.260418
11,14,29.342098
11,15,29.385262
11,16,29.40729
11,17,29.41861
11,18,29.42549
11,19,29.43154
11,2,9.650235
11,20,29.439789
11,21,29.45237
11,22,29.472559
11,23,29.502728
11,24,29.54679
11,25,29.606478
11,26,29.68405
11,27,29.777895
11,28,29.88532
11,29,30.0
11,3,13.967725
11,4,17.745525
11,5,20.908173
11,6,23.438286
11,7,25.374557
11,8,26.789524
11,9,27.778315
12,0,0.0
12,1,4.9769
12,10,28.68945
12,11,29.11251
12,12,29.36959
12,13,29.518444
12,14,29.600689
12,15,29.644022
12,16,29.66593
12,17,29.67686
12,18,29.682728
12,19,29.687105
12,2,9.737815
12,20,29.692001
12,21,29.699394
12,22,29.710583
12,23,29.72773
12,24,29.751982
12,25,29.785292
12,26,29.827694
12,27,29.879246
12,28,29.937622
12,29,30.0
12,3,14.093544
12,4,17.905766
12,5,21.095577
12,6,23.648487
12,7,25.600708
12,8,27.028137
12,9,28.024643
13,0,0.0
13,1,5.0030203
13,10,28.835308
13,11,29.26035
13,12,29.518412
13,13,29.667904
13,14,29.750408
13,15,29.793835
13,16,29.815683
13,17,29.826319
13,18,29.831661
13,19,29.83488
13,2,9.788517
13,20,29.837955
13,21,29.841948
13,22,29.848099
13,23,29.857086
13,24,29.870127
13,25,29.887547
13,26,29.910015
13,27,29.936895
13,28,29.96749
13,29,30.0
13,3,14.167192
13,4,17.998531
13,5,21.205004
13,6,23.770176
13,7,25.732372
13,8,27.16628
13,9,28.167698
14,0,0.0
14,1,5.0174313
14,10,28.915968
14,11,29.341915
14,12,29.600597
14,13,29.750366
14,14,29.833035
14,15,29.8765
14,16,29.898294
14,17,29.908794
14,18,29.913786
14,19,29.916433
14,2,9.81686
14,20,29.918343
14,21,29.920584
14,22,29.92368
14,23,29.928335
14,24,29.93483
14,25,29.943712
14,26,29.954906
14,27,29.96847
14,28,29.983727
14,29,30.0
14,3,14.207826
14,4,18.05027
14,5,21.265371
14,6,23.837837
14,7,25.805012
14,8,27.242851
14,9,28.24662
15,0,0.0
15,1,5.025118
15,10,28.958347
15,11,29.384838
15,12,29.64378
15,13,29.79372
15,14,29.87645
15,15,29.919933
15,16,29.94171
15,17,29.95212
15,18,29.956953
15,19,29.959246
15,2,9.831751
15,20,29.960611
15,21,29.961811
15,22,29.963406
15,23,29.965614
15,24,29.968798
15,25,29.973011
15,26,29.97844
15,27,29.98489
15,28,29.992226
15,29,30.0
15,3,14.22946
15,4,18.077452
15,5,21.297415
15,6,23.873383
15,7,25.84343
15,8,27.283081
15,9,28.288239
16,0,0.0
16,1,5.0289598
16,10,28.979591
16,11,29.4063
16,12,29.665394
16,13,29.815392
16,14,29.898163
16,15,29.941654
16,16,29.963415
16,17,29.973793
16,18,29.978529
16,19,29.98067
16,2,9.8393135
16,20,29.981716
16,21,29.982458
16,22,29.98322
16,23,29.98428
16,24,29.985712
16,25,29.987675
16,26,29.990128
16,27,29.993105
16,28,29.996439
16,29,30.0
16,3,14.240273
16,4,18.091217
16,5,21.313433
16,6,23.89132
16,7,25.862638
16,8,27.303303
16,9,28.309048
17,0,0.0
17,1,5.03082
17,10,28.98969
17,11,29.41652
17,12,29.675667
17,13,29.825706
17,14,29.908485
17,15,29.951982
17,16,29.97374
17,17,29.984093
17,18,29.988794
17,19,29.990847
17,2,9.842908
17,20,29.991774
17,21,29.992252
17,22,29.992664
17,23,29.993132
17,24,29.993776
17,25,29.994617
17,26,29.995703
17,27,29.996986
17,28,29.998451
17,29,30.0
17,3,14.245498
17,4,18.097761
17,5,21.32114
17,6,23.899841
17,7,25.871841
17,8,27.312916
17,9,28.318981
18,0,0.0
18,1,5.0316596
18,10,28.994267
18,11,29.421137
18,12,29.680313
18,13,29.830362
18,14,29.913149
18,15,29.95665
18,16,29.978401
18,17,29.988747
18,18,29.993425
18,19,29.995455
18,2,9.844563
18,20,29.996304
18,21,29.996695
18,22,29.996922
18,23,29.997143
18,24,29.99741
18,25,29.99777
18,26,29.99821
18,27,29.998753
18,28,29.999355
18,29,30.0
18,3,14.247855
18,4,18.100761
18,5,21.32462
18,6,23.903736
18,7,25.875996
18,8,27.317286
18,9,28.323467
19,0,0.0
19,1,5.032027
19,10,28.996223
19,11,29.423119
19,12,29.682304
19,13,29.83236
19,14,29.91515
19,15,29.958649
19,16,29.9804
19,17,29.99074
19,18,29.995417
19,19,29.997423
19,2,9.84527
19,20,29.998255
19,21,29.998592
19,22,29.998756
19,23,29.998861
19,24,29.998978
19,25,29.999115
19,26,29.999296
19,27,29.999504
19,28,29.999746
19,29,30.0
19,3,14.248884
19,4,18.102045
19,5,21.326134
19,6,23.905401
19,7,25.877792
19,8,27.319157
19,9,28.3254
2,0,0.0
2,1,1.6427948
2,10,9.507559
2,11,9.650305
2,12,9.737995
2,13,9.788988
2,14,9.81798
2,15,9.834404
2,16,9.845196
2,17,9.855738
2,18,9.871162
2,19,9.899226
2,2,3.2156188
2,20,9.950859
2,21,10.046671
2,22,10.218699
2,23,10.525666
2,24,11.064156
2,25,12.009616
2,26,13.670827
2,27,16.607811
2,28,21.741951
2,29,30.0
2,3,4.6545854
2,4,5.917195
2,5,6.9736643
2,6,7.8228035
2,7,8.472147
2,8,8.949821
2,9,9.2832985
20,0,0.0
20,1,5.032176
20,10,28.997026
20,11,29.423923
20,12,29.683113
20,13,29.83317
20,14,29.91596
20,15,29.959463
20,16,29.98121
20,17,29.991552
20,18,29.996223
20,19,29.99823
20,2,9.845564
20,20,29.999044
20,21,29.999369
20,22,29.999498
20,23,29.999565
20,24,29.999613
20,25,29.99967
20,26,29.999733
20,27,29.999815
20,28,29.999905
20,29,30.0
20,3,14.249302
20,4,18.102577
20,5,21.326746
20,6,23.906088
20,7,25.878521
20,8,27.319923
20,9,28.326181
21,0,0.0
21,1,5.032235
21,10,28.99733
21,11,29.424234
21,12,29.683426
21,13,29.833483
21,14,29.916273
21,15,29.959772
21,16,29.981524
21,17,29.991865
21,18,29.996532
21,19,29.998537
21,2,9.845677
21,20,29.999352
21,21,29.999664
21,22,29.999788
21,23,29.999834
21,24,29.999863
21,25,29.999882
21,26,29.999907
21,27,29.999935
21,28,29.999966
21,29,30.0
21,3,14.249466
21,4,18.102781
21,5,21.326986
21,6,23.906351
21,7,25.878805
21,8,27.320215
21,9,28.326487
22,0,0.0
22,1,5.032256
22,10,28.997444
22,11,29.424347
22,12,29.683538
22,13,29.833595
22,14,29.916388
22,15,29.959887
22,16,29.98164
22,17,29.991976
22,18,29.996647
22,19,29.99865
22,2,9.845719
22,20,29.999462
22,21,29.999777
22,22,29.99989
22,23,29.999935
22,24,29.99995
22,25,29.99996
22,26,29.99997
22,27,29.999979
22,28,29.999989
22,29,30.0
22,3,14.249527
22,4,18.102858
22,5,21.327074
22,6,23.906446
22,7,25.878908
22,8,27.320324
22,9,28.326595
23,0,0.0
23,1,5.0322638
23,10,28.997482
23,11,29.424385
23,12,29.683577
23,13,29.833635
23,14,29.916424
23,15,29.959927
23,16,29.981676
23,17,29.992016
23,18,29.996687
23,19,29.998688
23,2,9.845734
23,20,29.9995
23,21,29.999813
23,22,29.999928
23,23,29.999966
23,24,29.999985
23,25,29.999989
23,26,29.99999
23,27,29.999994
23,28,29.999998
23,29,30.0
23,3,14.249547
23,4,18.102884
23,5,21.327105
23,6,23.906483
23,7,25.878944
23,8,27.320362
23,9,28.326633
24,0,0.0
24,1,5.032267
24,10,28.997494
24,11,29.424397
24,12,29.683588
24,13,29.833649
24,14,29.91644
24,15,29.95994
24,16,29.98169
24,17,29.99203
24,18,29.996698
24,19,29.998701
24,2,9.845737
24,20,29.999514
24,21,29.999826
24,22,29.999939
24,23,29.999979
24,24,29.999992
24,25,29.999996
24,26,29.999998
24,27,30.0
24,28,30.0
24,29,30.0
24,3,14.249555
24,4,18.102892
24,5,21.327114
24,6,23.90649
24,7,25.878956
24,8,27.320374
24,9,28.326645
25,0,0.0
25,1,5.0322666
25,10,28.997496
25,11,29.4244
25,12,29.683592
25,13,29.83365
25,14,29.916443
25,15,29.959942
25,16,29.981693
25,17,29.992031
25,18,29.996704
25,19,29.998703
25,2,9.845741
25,20,29.999517
25,21,29.999828
25,22,29.999943
25,23,29.99998
25,24,29.999996
25,25,30.0
25,26,30.0
25,27,30.0
25,28,30.0
25,29,30.0
25,3,14.249554
25,4,18.102894
25,5,21.327114
25,6,23.906494
25,7,25.87896
25,8,27.320377
25,9,28.326649
26,0,0.0
26,1,5.032268
26,10,28.997498
26,11,29.4244
26,12,29.683594
26,13,29.83365
26,14,29.916443
26,15,29.959942
26,16,29.981693
26,17,29.992031
26,18,29.996702
26,19,29.998707
26,2,9.845739
26,20,29.999516
26,21,29.999828
26,22,29.999943
26,23,29.999985
26,24,29.999996
26,25,30.0
26,26,30.0
26,27,30.0
26,28,30.0
26,29,30.0
26,3,14.2495575
26,4,18.102894
26,5,21.327118
26,6,23.906496
26,7,25.87896
26,8,27.320377
26,9,28.32665
27,0,0.0
27,1,5.0322676
27,10,28.997498
27,11,29.424402
27,12,29.683594
27,13,29.833652
27,14,29.916443
27,15,29.959944
27,16,29.981693
27,17,29.992031
27,18,29.996704
27,19,29.998703
27,2,9.845742
27,20,29.99952
27,21,29.999828
27,22,29.999943
27,23,29.999985
27,24,29.999996
27,25,30.0
27,26,30.0
27,27,30.0
27,28,30.0
27,29,30.0
27,3,14.249556
27,4,18.102896
27,5,21.327118
27,6,23.906498
27,7,25.878962
27,8,27.32038
27,9,28.32665
28,0,0.0
28,1,5.0322676
28,10,28.9975
28,11,29.424402
28,12,29.683594
28,13,29.833652
28,14,29.916443
28,15,29.959942
28,16,29.981693
28,17,29.992031
28,18,29.996702
28,19,29.998705
28,2,9.845741
28,20,29.999516
28,21,29.99983
28,22,29.999943
28,23,29.999985
28,24,29.999996
28,25,30.0
28,26,30.0
28,27,30.0
28,28,30.0
28,29,30.0
28,3,14.2495575
28,4,18.102898
28,5,21.327118
28,6,23.906498
28,7,25.878962
28,8,27.320377
28,9,28.32665
29,0,0.0
29,1,5.0322676
29,10,28.997498
29,11,29.424404
29,12,29.683594
29,13,29.833652
29,14,29.91644
29,15,29.959942
29,16,29.981691
29,17,29.992033
29,18,29.996702
29,19,29.998703
29,2,9.845741
29,20,29.999517
29,21,29.999828
29,22,29.999943
29,23,29.999985
29,24,29.999996
29,25,30.0
29,26,30.0
29,27,30.0
29,28,30.0
29,29,30.0
29,3,14.2495575
29,4,18.102896
29,5,21.327118
29,6,23.906498
29,7,25.878962
29,8,27.32038
29,9,28.32665
3,0,0.0
3,1,2.3790102
3,10,13.760523
3,11,13.967811
3,12,14.093782
3,13,14.167782
3,14,14.20929
3,15,14.232819
3,16,14.247898
3,17,14.261789
3,18,14.281973
3,19,14.317093
3,2,4.6545854
3,20,14.382435
3,21,14.50004
3,22,14.710036
3,23,15.072229
3,24,15.688131
3,25,16.709215
3,26,18.37004
3,27,20.983757
3,28,24.873241
3,29,30.0
3,3,6.7400827
3,4,8.564894
3,5,10.097071
3,6,11.322813
3,7,12.265068
3,8,12.953644
3,9,13.437759
30,0,0.0
30,1,5.0322676
30,10,28.9975
30,11,29.4244
30,12,29.683594
30,13,29.833652
30,14,29.916443
30,15,29.959942
30,16,29.981693
30,17,29.992031
30,18,29.996704
30,19,29.998703
30,2,9.845741
30,20,29.999517
30,21,29.999828
30,22,29.999943
30,23,29.999985
30,24,29.999996
30,25,30.0
30,26,30.0
30,27,30.0
30,28,30.0
30,29,30.0
30,3,14.249556
30,4,18.102896
30,5,21.327118
30,6,23.906498
30,7,25.878963
30,8,27.32038
30,9,28.326653
31,0,0.0
31,1,5.032268
31,10,28.9975
31,11,29.424402
31,12,29.683594
31,13,29.833652
31,14,29.916443
31,15,29.959944
31,16,29.981691
31,17,29.992033
31,18,29.9967
31,19,29.998703
31,2,9.84574
31,20,29.999516
31,21,29.999828
31,22,29.999943
31,23,29.999985
31,24,29.999996
31,25,30.0
31,26,30.0
31,27,30.0
31,28,30.0
31,29,30.0
31,3,14.2495575
31,4,18.102894
31,5,21.32712
31,6,23.906496
31,7,25.878965
31,8,27.320381
31,9,28.326653
32,0,0.0
32,1,5.032267
32,10,28.997501
32,11,29.4244
32,12,29.683594
32,13,29.833652
32,14,29.916445
32,15,29.959942
32,16,29.981691
32,17,29.992031
32,18,29.9967
32,19,29.998703
32,2,9.845741
32,20,29.999516
32,21,29.99983
32,22,29.999943
32,23,29.99998
32,24,29.999996
32,25,30.0
32,26,30.0
32,27,30.0
32,28,30.0
32,29,30.0
32,3,14.249557
32,4,18.102896
32,5,21.327118
32,6,23.906498
32,7,25.878963
32,8,27.320381
32,9,28.326653
33,0,0.0
33,1,5.032268
33,10,28.9975
33,11,29.424404
33,12,29.683594
33,13,29.833654
33,14,29.916445
33,15,29.959944
33,16,29.981691
33,17,29.992031
33,18,29.9967
33,19,29.998703
33,2,9.845741
33,20,29.999516
33,21,29.99983
33,22,29.999943
33,23,29.99998
33,24,29.999996
33,25,30.0
33,26,30.0
33,27,30.0
33,28,30.0
33,29,30.0
33,3,14.2495575
33,4,18.102894
33,5,21.32712
33,6,23.906494
33,7,25.878963
33,8,27.320381
33,9,28.326653
34,0,0.0
34,1,5.0322676
34,10,28.9975
34,11,29.424404
34,12,29.683594
34,13,29.833654
34,14,29.916445
34,15,29.959944
34,16,29.981691
34,17,29.992031
34,18,29.9967
34,19,29.998703
34,2,9.845741
34,20,29.999516
34,21,29.99983
34,22,29.999943
34,23,29.99998
34,24,29.999996
34,25,30.0
34,26,30.0
34,27,30.0
34,28,30.0
34,29,30.0
34,3,14.249557
34,4,18.102896
34,5,21.327118
34,6,23.906498
34,7,25.878963
34,8,27.320381
34,9,28.326653
35,0,0.0
35,1,5.032268
35,10,28.9975
35,11,29.424404
35,12,29.683594
35,13,29.833654
35,14,29.916445
35,15,29.959944
35,16,29.981691
35,17,29.992031
35,18,29.9967
35,19,29.998703
35,2,9.845741
35,20,29.999516
35,21,29.99983
35,22,29.999943
35,23,29.99998
35,24,29.999996
35,25,30.0
35,26,30.0
35,27,30.0
35,28,30.0
35,29,30.0
35,3,14.2495575
35,4,18.102896
35,5,21.327118
35,6,23.906494
35,7,25.878963
35,8,27.320381
35,9,28.326653
36,0,0.0
36,1,5.0322676
36,10,28.9975
36,11,29.424404
36,12,29.683594
36,13,29.833654
36,14,29.916445
36,15,29.959944
36,16,29.981691
36,17,29.992031
36,18,29.9967
36,19,29.998703
36,2,9.845741
36,20,29.999516
36,21,29.99983
36,22,29.999943
36,23,29.99998
36,24,29.999996
36,25,30.0
36,26,30.0
36,27,30.0
36,28,30.0
36,29,30.0
36,3,14.2495575
36,4,18.102896
36,5,21.327118
36,6,23.906494
36,7,25.878963
36,8,27.320381
36,9,28.326653
37,0,0.0
37,1,5.032268
37,10,28.9975
37,11,29.424404
37,12,29.683594
37,13,29.833654
37,14,29.916445
37,15,29.959944
37,16,29.981691
37,17,29.992031
37,18,29.9967
37,19,29.998703
37,2,9.845741
37,20,29.999516
37,21,29.99983
37,22,29.999943
37,23,29.99998
37,24,29.999996
37,25,30.0
37,26,30.0
37,27,30.0
37,28,30.0
37,29,30.0
37,3,14.2495575
37,4,18.102896
37,5,21.327118
37,6,23.906494
37,7,25.878963
37,8,27.320381
37,9,28.326653
38,0,0.0
38,1,5.0322676
38,10,28.9975
38,11,29.424404
38,12,29.683594
38,13,29.833654
38,14,29.916445
38,15,29.959944
38,16,29.981691
38,17,29.992031
38,18,29.9967
38,19,29.998701
38,2,9.845741
38,20,29.999516
38,21,29.99983
38,22,29.999943
38,23,29.99998
38,24,29.999996
38,25,30.0
38,26,30.0
38,27,30.0
38,28,30.0
38,29,30.0
38,3,14.2495575
38,4,18.102894
38,5,21.327118
38,6,23.906494
38,7,25.878963
38,8,27.320381
38,9,28.326653
39,0,0.0
39,1,5.0322676
39,10,28.997501
39,11,29.424404
39,12,29.683594
39,13,29.833654
39,14,29.916445
39,15,29.959944
39,16,29.981693
39,17,29.992031
39,18,29.996702
39,19,29.998701
39,2,9.84574
39,20,29.999516
39,21,29.999828
39,22,29.999945
39,23,29.99998
39,24,29.999996
39,25,30.0
39,26,30.0
39,27,30.0
39,28,30.0
39,29,30.0
39,3,14.249557
39,4,18.102894
39,5,21.327118
39,6,23.906494
39,7,25.878962
39,8,27.320381
39,9,28.326653
4,0,0.0
4,1,3.023199
4,10,17.483982
4,11,17.745623
4,12,17.906012
4,13,17.999182
4,14,18.051811
4,15,18.081114
4,16,18.099306
4,17,18.115337
4,18,18.136911
4,19,18.174664
4,2,5.917195
4,20,18.242197
4,21,18.364212
4,22,18.575016
4,23,18.932808
4,24,19.516489
4,25,20.443516
4,26,21.855675
4,27,23.90758
4,28,26.675234
4,29,30.0
4,3,8.564894
4,4,10.887035
4,5,12.830051
4,6,14.3905525
4,7,15.583877
4,8,16.46075
4,9,17.072914
40,0,0.0
40,1,5.0322676
40,10,28.9975
40,11,29.424402
40,12,29.683594
40,13,29.833652
40,14,29.916445
40,15,29.959944
40,16,29.981691
40,17,29.992031
40,18,29.9967
40,19,29.998701
40,2,9.84574
40,20,29.999516
40,21,29.999828
40,22,29.999943
40,23,29.999985
40,24,29.999996
40,25,30.0
40,26,30.0
40,27,30.0
40,28,30.0
40,29,30.0
40,3,14.249556
40,4,18.102894
40,5,21.327118
40,6,23.906496
40,7,25.878962
40,8,27.32038
40,9,28.32665
41,0,0.0
41,1,5.0322676
41,10,28.9975
41,11,29.424402
41,12,29.683594
41,13,29.833652
41,14,29.916445
41,15,29.959944
41,16,29.981693
41,17,29.992031
41,18,29.9967
41,19,29.998701
41,2,9.84574
41,20,29.999516
41,21,29.999828
41,22,29.999945
41,23,29.999985
41,24,29.999996
41,25,30.0
41,26,30.0
41,27,30.0
41,28,30.0
41,29,30.0
41,3,14.249556
41,4,18.102896
41,5,21.327118
41,6,23.906496
41,7,25.878963
41,8,27.320381
41,9,28.326653
42,0,0.0
42,1,5.032267
42,10,28.9975
42,11,29.424404
42,12,29.683594
42,13,29.833652
42,14,29.916443
42,15,29.959944
42,16,29.981693
42,17,29.992031
42,18,29.9967
42,19,29.998703
42,2,9.84574
42,20,29.999516
42,21,29.99983
42,22,29.999943
42,23,29.99998
42,24,29.999996
42,25,30.0
42,26,30.0
42,27,30.0
42,28,30.0
42,29,30.0
42,3,14.249556
42,4,18.102894
42,5,21.327118
42,6,23.906496
42,7,25.87896
42,8,27.320381
42,9,28.326653
43,0,0.0
43,1,5.0322676
43,10,28.9975
43,11,29.424402
43,12,29.683594
43,13,29.833652
43,14,29.916443
43,15,29.959944
43,16,29.981693
43,17,29.992031
43,18,29.9967
43,19,29.998703
43,2,9.84574
43,20,29.999516
43,21,29.99983
43,22,29.999943
43,23,29.99998
43,24,29.999996
43,25,30.0
43,26,30.0
43,27,30.0
43,28,30.0
43,29,30.0
43,3,14.249556
43,4,18.102894
43,5,21.327118
43,6,23.906494
43,7,25.878962
43,8,27.320377
43,9,28.32665
44,0,0.0
44,1,5.032267
44,10,28.997498
44,11,29.424404
44,12,29.683594
44,13,29.833652
44,14,29.916445
44,15,29.959944
44,16,29.981693
44,17,29.992033
44,18,29.9967
44,19,29.998703
44,2,9.84574
44,20,29.999516
44,21,29.999828
44,22,29.999943
44,23,29.999985
44,24,29.999996
44,25,30.0
44,26,30.0
44,27,30.0
44,28,30.0
44,29,30.0
44,3,14.249556
44,4,18.102894
44,5,21.327118
44,6,23.906494
44,7,25.878963
44,8,27.32038
44,9,28.32665
45,0,0.0
45,1,5.032267
45,10,28.9975
45,11,29.424404
45,12,29.683594
45,13,29.833654
45,14,29.916441
45,15,29.959944
45,16,29.981693
45,17,29.992035
45,18,29.9967
45,19,29.998705
45,2,9.84574
45,20,29.999516
45,21,29.99983
45,22,29.999945
45,23,29.99998
45,24,29.999996
45,25,30.0
45,26,30.0
45,27,30.0
45,28,30.0
45,29,30.0
45,3,14.249556
45,4,18.102894
45,5,21.327118
45,6,23.906496
45,7,25.878962
45,8,27.320381
45,9,28.326653
46,0,0.0
46,1,5.032267
46,10,28.9975
46,11,29.424402
46,12,29.683598
46,13,29.833652
46,14,29.916445
46,15,29.959944
46,16,29.981693
46,17,29.992031
46,18,29.996704
46,19,29.998703
46,2,9.84574
46,20,29.99952
46,21,29.999828
46,22,29.999943
46,23,29.999985
46,24,29.999996
46,25,30.0
46,26,30.0
46,27,30.0
46,28,30.0
46,29,30.0
46,3,14.249557
46,4,18.102894
46,5,21.327118
46,6,23.906494
46,7,25.878962
46,8,27.32038
46,9,28.32665
47,0,0.0
47,1,5.032267
47,10,28.997501
47,11,29.424404
47,12,29.683594
47,13,29.833652
47,14,29.916443
47,15,29.959942
47,16,29.981693
47,17,29.992031
47,18,29.996702
47,19,29.998707
47,2,9.84574
47,20,29.999516
47,21,29.999828
47,22,29.999945
47,23,29.999985
47,24,29.999996
47,25,30.0
47,26,30.0
47,27,30.0
47,28,30.0
47,29,30.0
47,3,14.249557
47,4,18.102894
47,5,21.327118
47,6,23.906496
47,7,25.878963
47,8,27.320381
47,9,28.32665
48,0,0.0
48,1,5.0322676
48,10,28.997498
48,11,29.424402
48,12,29.683594
48,13,29.83365
48,14,29.916443
48,15,29.959944
48,16,29.981693
48,17,29.992031
48,18,29.996704
48,19,29.998703
48,2,9.84574
48,20,29.999517
48,21,29.99983
48,22,29.999943
48,23,29.999985
48,24,29.999996
48,25,30.0
48,26,30.0
48,27,30.0
48,28,30.0
48,29,30.0
48,3,14.249556
48,4,18.102896
48,5,21.327118
48,6,23.906494
48,7,25.878963
48,8,27.320381
48,9,28.326653
49,0,0.0
49,1,5.0322676
49,10,28.9975
49,11,29.424402
49,12,29.683592
49,13,29.833652
49,14,29.916441
49,15,29.959942
49,16,29.981693
49,17,29.992031
49,18,29.996704
49,19,29.998707
49,2,9.84574
49,20,29.999517
49,21,29.999828
49,22,29.999943
49,23,29.999985
49,24,29.999994
49,25,30.0
49,26,30.0
49,27,30.0
49,28,30.0
49,29,30.0
49,3,14.249557
49,4,18.102894
49,5,21.327118
49,6,23.906498
49,7,25.878963
49,8,27.320381
49,9,28.326653
5,0,0.0
5,1,3.5643172
5,10,20.599533
5,11,20.90826
5,12,21.095821
5,13,21.205603
5,14,21.266869
5,15,21.300837
5,16,21.321192
5,17,21.337614
5,18,21.358885
5,19,21.393814
5,2,6.9736643
5,20,21.456919
5,21,21.566868
5,22,21.756248
5,23,22.066622
5,24,22.561518
5,25,23.31355
5,26,24.408936
5,27,25.909504
5,28,27.817045
5,29,30.0
5,3,10.097071
5,4,12.830052
5,5,15.123043
5,6,16.957436
5,7,18.365961
5,8,19.395271
5,9,20.117817
50,0,0.0
50,1,5.0322676
50,10,28.9975
50,11,29.424402
50,12,29.683594
50,13,29.833649
50,14,29.916443
50,15,29.959942
50,16,29.981693
50,17,29.992031
50,18,29.996702
50,19,29.998707
50,2,9.845741
50,20,29.99952
50,21,29.999828
50,22,29.999943
50,23,29.99998
50,24,29.999996
50,25,30.0
50,26,30.0
50,27,30.0
50,28,30.0
50,29,30.0
50,3,14.249556
50,4,18.102896
50,5,21.327118
50,6,23.906496
50,7,25.878963
50,8,27.320377
50,9,28.326653
51,0,0.0
51,1,5.0322676
51,10,28.997501
51,11,29.424402
51,12,29.683592
51,13,29.833652
51,14,29.91644
51,15,29.959942
51,16,29.981693
51,17,29.992035
51,18,29.996704
51,19,29.998703
51,2,9.84574
51,20,29.999517
51,21,29.99983
51,22,29.999943
51,23,29.999985
51,24,29.999996
51,25,30.0
51,26,30.0
51,27,30.0
51,28,30.0
51,29,30.0
51,3,14.249557
51,4,18.102896
51,5,21.327118
51,6,23.906498
51,7,25.878962
51,8,27.32038
51,9,28.326653
52,0,0.0
52,1,5.0322676
52,10,28.9975
52,11,29.424402
52,12,29.683594
52,13,29.833652
52,14,29.91644
52,15,29.959942
52,16,29.981693
52,17,29.992035
52,18,29.996702
52,19,29.998707
52,2,9.84574
52,20,29.999517
52,21,29.99983
52,22,29.999945
52,23,29.999985
52,24,29.999996
52,25,30.0
52,26,30.0
52,27,30.0
52,28,30.0
52,29,30.0
52,3,14.2495575
52,4,18.102894
52,5,21.327118
52,6,23.906496
52,7,25.878963
52,8,27.32038
52,9,28.326653
53,0,0.0
53,1,5.0322676
53,10,28.997498
53,11,29.424402
53,12,29.683594
53,13,29.833652
53,14,29.916443
53,15,29.959944
53,16,29.981695
53,17,29.992035
53,18,29.996704
53,19,29.998705
53,2,9.845741
53,20,29.999517
53,21,29.999828
53,22,29.999943
53,23,29.999983
53,24,29.999996
53,25,30.0
53,26,30.0
53,27,30.0
53,28,30.0
53,29,30.0
53,3,14.249557
53,4,18.102898
53,5,21.327116
53,6,23.906498
53,7,25.878962
53,8,27.320377
53,9,28.326653
54,0,0.0
54,1,5.0322676
54,10,28.997501
54,11,29.4244
54,12,29.683594
54,13,29.83365
54,14,29.916443
54,15,29.959944
54,16,29.981693
54,17,29.992035
54,18,29.996702
54,19,29.998703
54,2,9.84574
54,20,29.999516
54,21,29.999828
54,22,29.999943
54,23,29.999985
54,24,29.999996
54,25,30.0
54,26,30.0
54,27,30.0
54,28,30.0
54,29,30.0
54,3,14.249558
54,4,18.102894
54,5,21.327118
54,6,23.906494
54,7,25.878962
54,8,27.320381
54,9,28.32665
55,0,0.0
55,1,5.0322676
55,10,28.9975
55,11,29.4244
55,12,29.683592
55,13,29.833652
55,14,29.91644
55,15,29.959944
55,16,29.981693
55,17,29.992031
55,18,29.996704
55,19,29.998703
55,2,9.845741
55,20,29.999516
55,21,29.99983
55,22,29.999943
55,23,29.999983
55,24,29.999996
55,25,30.0
55,26,30.0
55,27,30.0
55,28,30.0
55,29,30.0
55,3,14.249556
55,4,18.102896
55,5,21.327116
55,6,23.906496
55,7,25.878962
55,8,27.32038
55,9,28.326653
56,0,0.0
56,1,5.0322676
56,10,28.9975
56,11,29.424404
56,12,29.683594
56,13,29.833652
56,14,29.916443
56,15,29.959944
56,16,29.981693
56,17,29.992033
56,18,29.996702
56,19,29.998703
56,2,9.84574
56,20,29.999516
56,21,29.999828
56,22,29.999943
56,23,29.999985
56,24,29.999996
56,25,30.0
56,26,30.0
56,27,30.0
56,28,30.0
56,29,30.0
56,3,14.249558
56,4,18.102894
56,5,21.32712
56,6,23.906496
56,7,25.878963
56,8,27.320381
56,9,28.326653
57,0,0.0
57,1,5.0322676
57,10,28.9975
57,11,29.4244
57,12,29.683594
57,13,29.83365
57,14,29.916445
57,15,29.959942
57,16,29.981693
57,17,29.992033
57,18,29.996702
57,19,29.998703
57,2,9.845741
57,20,29.999517
57,21,29.999828
57,22,29.999943
57,23,29.999985
57,24,29.999996
57,25,30.0
57,26,30.0
57,27,30.0
57,28,30.0
57,29,30.0
57,3,14.249556
57,4,18.102898
57,5,21.327118
57,6,23.906496
57,7,25.878962
57,8,27.320381
57,9,28.326653
58,0,0.0
58,1,5.032268
58,10,28.9975
58,11,29.424404
58,12,29.683594
58,13,29.833654
58,14,29.91644
58,15,29.959944
58,16,29.981691
58,17,29.992035
58,18,29.996704
58,19,29.998705
58,2,9.84574
58,20,29.999516
58,21,29.99983
58,22,29.999943
58,23,29.999985
58,24,29.999996
58,25,30.0
58,26,30.0
58,27,30.0
58,28,30.0
58,29,30.0
58,3,14.2495575
58,4,18.102894
58,5,21.327118
58,6,23.906494
58,7,25.87896
58,8,27.32038
58,9,28.326653
59,0,0.0
59,1,5.0322676
59,10,28.9975
59,11,29.424402
59,12,29.683598
59,13,29.833649
59,14,29.916445
59,15,29.959942
59,16,29.981695
59,17,29.992033
59,18,29.996704
59,19,29.998705
59,2,9.845742
59,20,29.999517
59,21,29.99983
59,22,29.999943
59,23,29.99998
59,24,29.999996
59,25,30.0
59,26,30.0
59,27,30.0
59,28,30.0
59,29,30.0
59,3,14.249556
59,4,18.102898
59,5,21.327118
59,6,23.906498
59,7,25.878963
59,8,27.32038
59,9,28.326653
6,0,0.0
6,1,3.997212
6,10,23.094322
6,11,23.438366
6,12,23.648687
6,13,23.770706
6,14,23.839092
6,15,23.876373
6,16,23.897896
6,17,23.914093
6,18,23.932781
6,19,23.96318
6,2,7.822804
6,20,24.015446
6,21,24.107258
6,22,24.260006
6,23,24.508392
6,24,24.89079
6,25,25.45773
6,26,26.250568
6,27,27.29713
6,28,28.575222
6,29,30.0
6,3,11.322813
6,4,14.3905525
6,5,16.957436
6,6,19.016811
6,7,20.591629
6,8,21.74709
6,9,22.55374
60,0,0.0
60,1,5.032268
60,10,28.9975
60,11,29.424404
60,12,29.683594
60,13,29.833652
60,14,29.91644
60,15,29.959942
60,16,29.981693
60,17,29.992035
60,18,29.996704
60,19,29.998705
60,2,9.84574
60,20,29.999517
60,21,29.999828
60,22,29.999945
60,23,29.999985
60,24,29.999996
60,25,30.0
60,26,30.0
60,27,30.0
60,28,30.0
60,29,30.0
60,3,14.249558
60,4,18.102894
60,5,21.327118
60,6,23.906496
60,7,25.878962
60,8,27.32038
60,9,28.32665
61,0,0.0
61,1,5.032267
61,10,28.997501
61,11,29.4244
61,12,29.683594
61,13,29.833649
61,14,29.916443
61,15,29.959942
61,16,29.981693
61,17,29.992035
61,18,29.996708
61,19,29.998705
61,2,9.845741
61,20,29.999517
61,21,29.99983
61,22,29.999943
61,23,29.999983
61,24,29.999996
61,25,30.0
61,26,30.0
61,27,30.0
61,28,30.0
61,29,30.0
61,3,14.249556
61,4,18.102898
61,5,21.327118
61,6,23.906494
61,7,25.878963
61,8,27.320377
61,9,28.326653
62,0,0.0
62,1,5.0322676
62,10,28.9975
62,11,29.424404
62,12,29.683594
62,13,29.833652
62,14,29.91644
62,15,29.959942
62,16,29.981693
62,17,29.992037
62,18,29.996704
62,19,29.998707
62,2,9.84574
62,20,29.99952
62,21,29.999828
62,22,29.999943
62,23,29.999985
62,24,29.999996
62,25,30.0
62,26,30.0
62,27,30.0
62,28,30.0
62,29,30.0
62,3,14.249557
62,4,18.102894
62,5,21.327118
62,6,23.906496
62,7,25.878963
62,8,27.320377
62,9,28.326653
63,0,0.0
63,1,5.032267
63,10,28.9975
63,11,29.424402
63,12,29.683596
63,13,29.833652
63,14,29.916443
63,15,29.959942
63,16,29.981695
63,17,29.992035
63,18,29.996706
63,19,29.998703
63,2,9.84574
63,20,29.99952
63,21,29.999828
63,22,29.999943
63,23,29.99998
63,24,29.999996
63,25,30.0
63,26,30.0
63,27,30.0
63,28,30.0
63,29,30.0
63,3,14.249557
63,4,18.102894
63,5,21.327116
63,6,23.906494
63,7,25.878962
63,8,27.320377
63,9,28.326653
64,0,0.0
64,1,5.0322676
64,10,28.9975
64,11,29.424404
64,12,29.683594
64,13,29.833652
64,14,29.916441
64,15,29.959944
64,16,29.981693
64,17,29.992035
64,18,29.996702
64,19,29.998707
64,2,9.84574
64,20,29.999516
64,21,29.999828
64,22,29.999943
64,23,29.999985
64,24,29.999996
64,25,30.0
64,26,30.0
64,27,30.0
64,28,30.0
64,29,30.0
64,3,14.249557
64,4,18.102894
64,5,21.327116
64,6,23.906494
64,7,25.878963
64,8,27.320377
64,9,28.326653
65,0,0.0
65,1,5.032267
65,10,28.9975
65,11,29.424402
65,12,29.683594
65,13,29.833652
65,14,29.916443
65,15,29.959942
65,16,29.981693
65,17,29.992035
65,18,29.996704
65,19,29.998703
65,2,9.84574
65,20,29.99952
65,21,29.999828
65,22,29.999943
65,23,29.99998
65,24,29.999996
65,25,30.0
65,26,30.0
65,27,30.0
65,28,30.0
65,29,30.0
65,3,14.249557
65,4,18.102894
65,5,21.327116
65,6,23.906494
65,7,25.878962
65,8,27.320377
65,9,28.326653
66,0,0.0
66,1,5.032267
66,10,28.9975
66,11,29.424404
66,12,29.683594
66,13,29.833652
66,14,29.916441
66,15,29.959944
66,16,29.981693
66,17,29.992031
66,18,29.996702
66,19,29.998703
66,2,9.84574
66,20,29.999516
66,21,29.999828
66,22,29.999943
66,23,29.999985
66,24,29.999996
66,25,30.0
66,26,30.0
66,27,30.0
66,28,30.0
66,29,30.0
66,3,14.249557
66,4,18.102894
66,5,21.327116
66,6,23.906494
66,7,25.878963
66,8,27.320377
66,9,28.326653
67,0,0.0
67,1,5.032267
67,10,28.9975
67,11,29.424402
67,12,29.683594
67,13,29.833652
67,14,29.916443
67,15,29.959942
67,16,29.981693
67,17,29.992035
67,18,29.996704
67,19,29.998703
67,2,9.84574
67,20,29.99952
67,21,29.999828
67,22,29.999943
67,23,29.99998
67,24,29.999996
67,25,30.0
67,26,30.0
67,27,30.0
67,28,30.0
67,29,30.0
67,3,14.249557
67,4,18.102894
67,5,21.327116
67,6,23.906494
67,7,25.878962
67,8,27.320377
67,9,28.326653
68,0,0.0
68,1,5.0322666
68,10,28.9975
68,11,29.424404
68,12,29.683594
68,13,29.833652
68,14,29.916441
68,15,29.959944
68,16,29.981693
68,17,29.992031
68,18,29.9967
68,19,29.998703
68,2,9.84574
68,20,29.999516
68,21,29.999828
68,22,29.999943
68,23,29.999985
68,24,29.999996
68,25,30.0
68,26,30.0
68,27,30.0
68,28,30.0
68,29,30.0
68,3,14.249557
68,4,18.102894
68,5,21.327118
68,6,23.906494
68,7,25.878962
68,8,27.320377
68,9,28.326653
69,0,0.0
69,1,5.032267
69,10,28.9975
69,11,29.424404
69,12,29.683594
69,13,29.833652
69,14,29.916443
69,15,29.959942
69,16,29.981693
69,17,29.992031
69,18,29.996704
69,19,29.998703
69,2,9.84574
69,20,29.99952
69,21,29.999828
69,22,29.999943
69,23,29.99998
69,24,29.999996
69,25,30.0
69,26,30.0
69,27,30.0
69,28,30.0
69,29,30.0
69,3,14.249557
69,4,18.102894
69,5,21.327118
69,6,23.906494
69,7,25.87896
69,8,27.320381
69,9,28.326653
7,0,0.0
7,1,4.330208
7,10,25.002098
7,11,25.374615
7,12,25.600872
7,13,25.732773
7,14,25.806026
7,15,25.845745
7,16,25.867897
7,17,25.882946
7,18,25.898983
7,19,25.922705
7,2,8.472145
7,20,25.96384
7,21,26.033165
7,22,26.149117
7,23,26.331553
7,24,26.609665
7,25,27.008814
7,26,27.555
7,27,28.253426
7,28,29.086811
7,29,30.0
7,3,12.265068
7,4,15.583876
7,5,18.36596
7,6,20.591629
7,7,22.298332
7,8,23.54554
7,9,24.419468
70,0,0.0
70,1,5.0322666
70,10,28.9975
70,11,29.4244
70,12,29.683594
70,13,29.833652
70,14,29.916443
70,15,29.959944
70,16,29.981691
70,17,29.992031
70,18,29.9967
70,19,29.998707
70,2,9.84574
70,20,29.999517
70,21,29.999828
70,22,29.999945
70,23,29.999985
70,24,29.999996
70,25,30.0
70,26,30.0
70,27,30.0
70,28,30.0
70,29,30.0
70,3,14.249556
70,4,18.102894
70,5,21.327118
70,6,23.906496
70,7,25.87896
70,8,27.320381
70,9,28.326653
71,0,0.0
71,1,5.0322676
71,10,28.997498
71,11,29.424404
71,12,29.683592
71,13,29.833652
71,14,29.916443
71,15,29.959944
71,16,29.981693
71,17,29.992031
71,18,29.996704
71,19,29.998703
71,2,9.845739
71,20,29.999516
71,21,29.999828
71,22,29.999943
71,23,29.999985
71,24,29.999996
71,25,30.0
71,26,30.0
71,27,30.0
71,28,30.0
71,29,30.0
71,3,14.249557
71,4,18.102894
71,5,21.327118
71,6,23.906494
71,7,25.878963
71,8,27.320381
71,9,28.32665
72,0,0.0
72,1,5.032267
72,10,28.9975
72,11,29.4244
72,12,29.683594
72,13,29.833652
72,14,29.916443
72,15,29.959944
72,16,29.981691
72,17,29.992035
72,18,29.996702
72,19,29.998705
72,2,9.84574
72,20,29.999517
72,21,29.999828
72,22,29.999943
72,23,29.999985
72,24,29.999996
72,25,30.0
72,26,30.0
72,27,30.0
72,28,30.0
72,29,30.0
72,3,14.249556
72,4,18.102894
72,5,21.327118
72,6,23.906494
72,7,25.878963
72,8,27.320381
72,9,28.32665
73,0,0.0
73,1,5.0322676
73,10,28.997501
73,11,29.424402
73,12,29.683594
73,13,29.833652
73,14,29.916445
73,15,29.959944
73,16,29.981693
73,17,29.992031
73,18,29.996704
73,19,29.998703
73,2,9.84574
73,20,29.999517
73,21,29.99983
73,22,29.999943
73,23,29.999983
73,24,29.999996
73,25,30.0
73,26,30.0
73,27,30.0
73,28,30.0
73,29,30.0
73,3,14.249557
73,4,18.102894
73,5,21.327118
73,6,23.906494
73,7,25.878963
73,8,27.320381
73,9,28.326653
74,0,0.0
74,1,5.0322676
74,10,28.997501
74,11,29.424404
74,12,29.683598
74,13,29.833656
74,14,29.916445
74,15,29.959946
74,16,29.981695
74,17,29.992035
74,18,29.996704
74,19,29.998707
74,2,9.845742
74,20,29.999521
74,21,29.999832
74,22,29.999947
74,23,29.999987
74,24,29.999998
74,25,30.0
74,26,30.0
74,27,30.0
74,28,30.0
74,29,30.0
74,3,14.249557
74,4,18.102898
74,5,21.32712
74,6,23.906498
74,7,25.878965
74,8,27.320383
74,9,28.326656
75,0,0.0
75,1,5.03227
75,10,28.997509
75,11,29.424414
75,12,29.683605
75,13,29.833664
75,14,29.916454
75,15,29.959953
75,16,29.981705
75,17,29.992044
75,18,29.996716
75,19,29.998714
75,2,9.845744
75,20,29.999529
75,21,29.99984
75,22,29.999954
75,23,29.999994
75,24,30.000004
75,25,30.000004
75,26,30.000004
75,27,30.000002
75,28,30.000002
75,29,30.0
75,3,14.249563
75,4,18.102903
75,5,21.327127
75,6,23.90651
75,7,25.878973
75,8,27.320389
75,9,28.326662
76,0,0.0
76,1,5.032275
76,10,28.99754
76,11,29.424444
76,12,29.683636
76,13,29.833693
76,14,29.916481
76,15,29.959984
76,16,29.981733
76,17,29.992073
76,18,29.996742
76,19,29.998745
76,2,9.845757
76,20,29.999557
76,21,29.999868
76,22,29.99998
76,23,30.00002
76,24,30.000027
76,25,30.000027
76,26,30.00002
76,27,30.000015
76,28,30.000006
76,29,30.0
76,3,14.24958
76,4,18.102924
76,5,21.327152
76,6,23.906532
76,7,25.879
76,8,27.32042
76,9,28.32669
77,0,0.0
77,1,5.0322943
77,10,28.99763
77,11,29.424534
77,12,29.683723
77,13,29.833782
77,14,29.916573
77,15,29.960073
77,16,29.981827
77,17,29.992165
77,18,29.996836
77,19,29.998837
77,2,9.845793
77,20,29.999647
77,21,29.999956
77,22,30.000065
77,23,30.0001
77,24,30.000101
77,25,30.00009
77,26,30.000072
77,27,30.000051
77,28,30.000027
77,29,30.0
77,3,14.249631
77,4,18.10299
77,5,21.327225
77,6,23.906612
77,7,25.879086
77,8,27.320503
77,9,28.32678
78,0,0.0
78,1,5.032348
78,10,28.997892
78,11,29.424795
78,12,29.68399
78,13,29.83405
78,14,29.91684
78,15,29.960342
78,16,29.982088
78,17,29.99243
78,18,29.997099
78,19,29.9991
78,2,9.845898
78,20,29.999907
78,21,30.00021
78,22,30.000309
78,23,30.000326
78,24,30.000309
78,25,30.00027
78,26,30.00022
78,27,30.000153
78,28,30.00008
78,29,30.0
78,3,14.249779
78,4,18.103172
78,5,21.327436
78,6,23.906845
78,7,25.87933
78,8,27.320763
78,9,28.32704
79,0,0.0
79,1,5.0324955
79,10,28.998611
79,11,29.425524
79,12,29.684717
79,13,29.834778
79,14,29.91757
79,15,29.961067
79,16,29.982819
79,17,29.993156
79,18,29.997826
79,19,29.999819
79,2,9.846181
79,20,30.000618
79,21,30.000904
79,22,30.000982
79,23,30.000957
79,24,30.000885
79,25,30.000767
79,26,30.000616
79,27,30.000435
79,28,30.000223
79,29,30.0
79,3,14.250185
79,4,18.103676
79,5,21.32802
79,6,23.90748
79,7,25.880007
79,8,27.321459
79,9,28.327755
8,0,0.0
8,1,4.573551
8,10,26.398067
8,11,26.789568
8,12,27.02825
8,13,27.166584
8,14,27.243567
8,15,27.284801
8,16,27.307083
8,17,27.321114
8,18,27.333889
8,19,27.351978
8,2,8.949819
8,20,27.381283
8,21,27.431381
8,22,27.512161
8,23,27.63967
8,24,27.828259
8,25,28.096422
8,26,28.453506
8,27,28.903086
8,28,29.428951
8,29,30.0
8,3,12.953639
8,4,16.460747
8,5,19.395267
8,6,21.747086
8,7,23.545538
8,8,24.863085
8,9,25.782887
80,0,0.0
80,1,5.0328746
80,10,29.000492
80,11,29.42741
80,12,29.686611
80,13,29.836674
80,14,29.919464
80,15,29.962967
80,16,29.984713
80,17,29.995049
80,18,29.999708
80,19,30.00169
80,2,9.846919
80,20,30.002462
80,21,30.002712
80,22,30.002716
80,23,30.002598
80,24,30.00237
80,25,30.002058
80,26,30.001644
80,27,30.001154
80,28,30.000595
80,29,30.0
80,3,14.251234
80,4,18.104988
80,5,21.329527
80,6,23.909138
80,7,25.881758
80,8,27.32328
80,9,28.329607
81,0,0.0
81,1,5.0338097
81,10,29.005104
81,11,29.432056
81,12,29.691269
81,13,29.841337
81,14,29.924133
81,15,29.96763
81,16,29.989378
81,17,29.999702
81,18,30.004345
81,19,30.006292
81,2,9.848724
81,20,30.00701
81,21,30.007147
81,22,30.006994
81,23,30.006607
81,24,30.006025
81,25,30.005203
81,26,30.004171
81,27,30.002913
81,28,30.001505
81,29,30.0
81,3,14.253815
81,4,18.108196
81,5,21.333237
81,6,23.913198
81,7,25.88607
81,8,27.327742
81,9,28.334171
82,0,0.0
82,1,5.0359836
82,10,29.015873
82,11,29.44289
82,12,29.702137
82,13,29.852222
82,14,29.93502
82,15,29.97852
82,16,30.000256
82,17,30.010563
82,18,30.01516
82,19,30.017033
82,2,9.852951
82,20,30.017595
82,21,30.017504
82,22,30.016932
82,23,30.01597
82,24,30.014505
82,25,30.012556
82,26,30.010027
82,27,30.007029
82,28,30.003616
82,29,30.0
82,3,14.259823
82,4,18.115704
82,5,21.34187
82,6,23.922688
82,7,25.896114
82,8,27.338165
82,9,28.344809
83,0,0.0
83,1,5.040824
83,10,29.03971
83,11,29.46688
83,12,29.7262
83,13,29.87632
83,14,29.95913
83,15,30.002625
83,16,30.024343
83,17,30.0346
83,18,30.039108
83,19,30.040787
83,2,9.862301
83,20,30.041046
83,21,30.040373
83,22,30.038965
83,23,30.036627
83,24,30.03332
83,25,30.028757
83,26,30.023033
83,27,30.01609
83,28,30.008305
83,29,30.0
83,3,14.273182
83,4,18.132303
83,5,21.361046
83,6,23.943668
83,7,25.918388
83,8,27.361223
83,9,28.368374
84,0,0.0
84,1,5.051032
84,10,29.089872
84,11,29.51734
84,12,29.776823
84,13,29.92701
84,14,30.009842
84,15,30.053331
84,16,30.074999
84,17,30.085165
84,18,30.089455
84,19,30.090773
84,2,9.8821125
84,20,30.090305
84,21,30.088535
84,22,30.085205
84,23,30.080173
84,24,30.072784
84,25,30.062971
84,26,30.050308
84,27,30.035252
84,28,30.018139
84,29,30.0
84,3,14.301327
84,4,18.167412
84,5,21.401403
84,6,23.987946
84,7,25.965235
84,8,27.409801
84,9,28.417936
85,0,0.0
85,1,5.0716753
85,10,29.190208
85,11,29.618303
85,12,29.878067
85,13,30.028393
85,14,30.11127
85,15,30.154736
85,16,30.176323
85,17,30.186268
85,18,30.190178
85,19,30.190674
85,2,9.921966
85,20,30.18892
85,21,30.184742
85,22,30.177893
85,23,30.167158
85,24,30.152052
85,25,30.131332
85,26,30.105211
85,27,30.073574
85,28,30.03797
85,29,30.0
85,3,14.3581295
85,4,18.23789
85,5,21.482597
85,6,24.076658
85,7,26.059227
85,8,27.507011
85,9,28.517197
86,0,0.0
86,1,5.111393
86,10,29.381382
86,11,29.810495
86,12,30.070822
86,13,30.221367
86,14,30.304317
86,15,30.347744
86,16,30.369143
86,17,30.37873
86,18,30.38181
86,19,30.380957
86,2,9.998869
86,20,30.376507
86,21,30.368217
86,22,30.354248
86,23,30.333405
86,24,30.303022
86,25,30.26239
86,26,30.209965
86,27,30.147245
86,28,30.075863
86,29,30.0
86,3,14.467143
86,4,18.373379
86,5,21.637901
86,6,24.246494
86,7,26.238518
86,8,27.692549
86,9,28.70625
87,0,0.0
87,1,5.1848235
87,10,29.72813
87,11,30.15912
87,12,30.42025
87,13,30.571194
87,14,30.65424
87,15,30.697567
87,16,30.718681
87,17,30.72752
87,18,30.729338
87,19,30.725784
87,2,10.14033
87,20,30.717056
87,21,30.70085
87,22,30.675114
87,23,30.635244
87,24,30.578693
87,25,30.500978
87,26,30.402046
87,27,30.281761
87,28,30.145546
87,29,30.0
87,3,14.667897
87,4,18.621452
87,5,21.92229
87,6,24.556004
87,7,26.565237
87,8,28.029593
87,9,29.0497
88,0,0.0
88,1,5.3146076
88,10,30.328089
88,11,30.761639
88,12,31.024126
88,13,31.175539
88,14,31.258709
88,15,31.30188
88,16,31.322409
88,17,31.330204
88,18,31.329607
88,19,31.322113
88,2,10.390588
88,20,31.305557
88,21,31.277239
88,22,31.23051
88,23,31.160252
88,24,31.05748
88,25,30.918213
88,26,30.737213
88,27,30.518246
88,28,30.267586
88,29,30.0
88,3,15.020888
88,4,19.057264
88,5,22.418861
88,6,25.095814
88,7,27.132511
88,8,28.614393
88,9,29.644087
89,0,0.0
89,1,5.535842
89,10,31.317734
89,11,31.755182
89,12,32.019157
89,13,32.17124
89,14,32.254456
89,15,32.297268
89,16,32.31703
89,17,32.322906
89,18,32.319107
89,19,32.304764
89,2,10.814744
89,20,32.277237
89,21,32.228504
89,22,32.150806
89,23,32.029934
89,24,31.8557
89,25,31.613636
89,26,31.300308
89,27,30.915047
89,28,30.473822
89,29,30.0
89,3,15.618078
89,4,19.789152
89,5,23.250507
89,6,25.994225
89,7,28.074741
89,8,29.581873
89,9,30.626482
9,0,0.0
9,1,4.7447925
9,10,27.372612
9,11,27.778343
9,12,28.024721
9,13,28.167892
9,14,28.247124
9,15,28.289381
9,16,28.311663
9,17,28.32449
9,18,28.334866
9,19,28.347511
9,2,9.283289
9,20,28.36789
9,21,28.400974
9,22,28.45513
9,23,28.537851
9,24,28.660513
9,25,28.830385
9,26,29.055061
9,27,29.332253
9,28,29.653805
9,29,30.0
9,3,13.43775
9,4,17.072903
9,5,20.117807
9,6,22.55373
9,7,24.41946
9,8,25.78288
9,9,26.736713
90,0,0.0
90,1,5.898778
90,10,32.876694
90,11,33.31809
90,12,33.583923
90,13,33.736362
90,14,33.819473
90,15,33.861744
90,16,33.880127
90,17,33.883698
90,18,33.87461
90,19,33.851593
90,2,11.509113
90,20,33.806686
90,21,33.730503
90,22,33.604515
90,23,33.411617
90,24,33.125454
90,25,32.729095
90,26,32.204857
90,27,31.558075
90,28,30.80779
90,29,30.0
90,3,16.58755
90,4,20.971615
90,5,24.58275
90,6,27.427498
90,7,29.568848
90,8,31.112413
90,9,32.175514
91,0,0.0
91,1,6.4770484
91,10,35.220688
91,11,35.66614
91,12,35.932625
91,13,36.08504
91,14,36.16751
91,15,36.20874
91,16,36.225548
91,17,36.22549
91,18,36.210464
91,19,36.1746
91,2,12.606204
91,20,36.108803
91,21,35.992897
91,22,35.804775
91,23,35.507385
91,24,35.067375
91,25,34.441673
91,26,33.608482
91,27,32.55947
91,28,31.332447
91,29,30.0
91,3,18.108616
91,4,22.806004
91,5,26.634384
91,6,29.614805
91,7,31.838158
91,8,33.424606
91,9,34.510406
92,0,0.0
92,1,7.3741665
92,10,38.58911
92,11,39.034607
92,12,39.300106
92,13,39.450714
92,14,39.53173
92,15,39.571453
92,16,39.58583
92,17,39.582184
92,18,39.558975
92,19,39.50972
92,2,14.294065
92,20,39.416225
92,21,39.255417
92,22,38.98522
92,23,38.55965
92,24,37.91077
92,25,36.97942
92,26,35.704998
92,27,34.07534
92,28,32.13077
92,29,30.0
92,3,20.415066
92,4,25.554482
92,5,29.66707
92,6,32.81973
92,7,35.134445
92,8,36.76779
92,9,37.87185
93,0,0.0
93,1,8.746473
93,10,43.21332
93,11,43.652954
93,12,43.912216
93,13,44.0587
93,14,44.136627
93,15,44.173904
93,16,44.185894
93,17,44.177616
93,18,44.147373
93,19,44.08218
93,2,16.83237
93,20,43.962555
93,21,43.749237
93,22,43.393143
93,23,42.813705
93,24,41.921463
93,25,40.598625
93,26,38.748665
93,27,36.306698
93,28,33.324482
93,29,30.0
93,3,23.820911
93,4,29.531454
93,5,33.98811
93,6,37.322124
93,7,39.72477
93,8,41.389072
93,9,42.500847
94,0,0.0
94,1,10.84083
94,10,49.283417
94,11,49.70337
94,12,49.949707
94,13,50.08736
94,14,50.16008
94,15,50.194057
94,16,50.20295
94,17,50.1915
94,18,50.15399
94,19,50.077698
94,2,20.608648
94,20,49.932583
94,21,49.67685
94,22,49.235268
94,23,48.51116
94,24,47.356445
94,25,45.6017
94,26,43.04582
94,27,39.544487
94,28,35.09356
94,29,30.0
94,3,28.733952
94,4,35.118202
94,5,39.917973
94,6,43.401978
94,7,45.844982
94,8,47.505253
94,9,48.593483
95,0,0.0
95,1,14.105751
95,10,56.898834
95,11,57.281807
95,12,57.503616
95,13,57.62706
95,14,57.69148
95,15,57.720776
95,16,57.727196
95,17,57.71294
95,18,57.673103
95,19,57.589516
95,2,26.22527
95,20,57.43377
95,21,57.149784
95,22,56.658157
95,23,55.823402
95,24,54.461502
95,25,52.298462
95,26,49.00342
95,27,44.215652
95,28,37.75779
95,29,30.0
95,3,35.71264
95,4,42.741978
95,5,47.775063
95,6,51.281143
95,7,53.66702
95,8,55.24633
95,9,56.26449
96,0,0.0
96,1,19.468204
96,10,66.03452
96,11,66.35528
96,12,66.540146
96,13,66.64189
96,14,66.69469
96,15,66.71822
96,16,66.722
96,17,66.70816
96,18,66.66943
96,19,66.591095
96,2,34.70873
96,20,66.4401
96,21,66.16626
96,22,65.676476
96,23,64.83142
96,24,63.39435
96,25,61.011826
96,26,57.136574
96,27,51.0379
96,28,41.962433
96,29,30.0
96,3,45.506615
96,4,52.8675
96,5,57.803288
96,6,61.08201
96,7,63.231506
96,8,64.61986
96,9,65.49543
97,0,0.0
97,1,29.169624
97,10,76.508484
97,11,76.74226
97,12,76.875496
97,13,76.94868
97,14,76.98628
97,15,77.0027
97,16,77.00489
97,17,76.99324
97,18,76.96313
97,19,76.90016
97,2,47.856255
97,20,76.780716
97,21,76.55755
97,22,76.156296
97,23,75.440094
97,24,74.183624
97,25,71.97756
97,26,68.1014
97,27,61.248444
97,28,49.268776
97,29,30.0
97,3,59.085155
97,4,65.88514
97,5,70.09313
97,6,72.73722
97,7,74.409744
97,8,75.46069
97,9,76.11315
98,0,0.0
98,1,49.440235
98,10,87.98552
98,11,88.10885
98,12,88.17907
98,13,88.21732
98,14,88.23696
98,15,88.24546
98,16,88.24628
98,17,88.2399
98,18,88.222885
98,19,88.18834
98,2,68.639984
98,20,88.120926
98,21,87.995895
98,22,87.765396
98,23,87.34869
98,24,86.58971
98,25,85.18808
98,26,82.48654
98,27,76.898026
98,28,64.02041
98,29,30.0
98,3,77.35979
98,4,81.86331
98,5,84.406746
98,6,85.92391
98,7,86.85222
98,8,87.42488
98,9,87.774826
99,0,0.0
99,1,100.0
99,10,100.0
99,11,100.0
99,12,100.0
99,13,100.0
99,14,100.0
99,15,100.0
99,16,100.0
99,17,100.0
99,18,100.0
99,19,100.0
99,2,100.0
99,20,100.0
99,21,100.0
99,22,100.0
99,23,100.0
99,24,100.0
99,25,100.0
99,26,100.0
99,27,100.0
99,28,100.0
99,29,30.0
99,3,100.0
99,4,100.0
99,5,100.0
99,6,100.0
99,7,100.0
99,8,100.0
99,9,100.0
