0,0,0.0
0,1,0.0
0,10,0.0
0,11,0.0
0,12,0.0
0,13,0.0
0,14,0.0
0,15,30.0
0,2,0.0
0,3,0.0
0,4,0.0
0,5,0.0
0,6,0.0
0,7,0.0
0,8,0.0
0,9,0.0
1,0,0.0
1,1,0.6281249
1,10,5.1333046
1,11,5.9073453
1,12,7.204814
1,13,9.714722
1,14,15.330999
1,15,30.0
1,2,1.2405702
1,3,1.8235369
1,4,2.3669467
1,5,2.8657663
1,6,3.3216267
1,7,3.7444377
1,8,4.1557326
1,9,4.594906
10,0,0.0
10,1,11.049377
10,10,49.105793
10,11,47.52501
10,12,44.790916
10,13,40.8478
10,14,35.787823
10,15,30.0
10,2,21.05529
10,3,29.468075
10,4,36.179874
10,5,41.316288
10,6,45.07441
10,7,47.636215
10,8,49.130684
10,9,49.621323
11,0,0.0
11,1,14.479305
11,10,56.753242
11,11,54.65412
11,12,51.068012
11,13,45.734703
11,14,38.558853
11,15,30.0
11,2,26.989388
11,3,36.887516
11,4,44.336884
11,5,49.754917
11,6,53.54625
11,7,56.01347
11,8,57.341347
11,9,57.600803
12,0,0.0
12,1,19.885231
12,10,65.68955
12,11,63.302837
12,12,59.11896
12,13,52.482674
12,14,42.722576
12,15,30.0
12,2,35.548725
12,3,46.775566
12,4,54.550835
12,5,59.851334
12,6,63.377518
12,7,65.56847
12,8,66.66038
12,9,66.72672
13,0,0.0
13,1,29.518742
13,10,76.00696
13,11,73.7767
13,12,69.644714
13,13,62.37034
13,14,49.856884
13,15,30.0
13,2,48.556393
13,3,60.132298
13,4,67.26192
13,5,71.74881
13,6,74.57451
13,7,76.255516
13,8,77.03908
13,9,76.99
14,0,0.0
14,1,49.637707
14,10,87.59479
14,11,86.1725
14,12,83.32929
14,13,77.50854
14,14,64.340576
14,15,30.0
14,2,69.03438
14,3,77.94801
14,4,82.63211
14,5,85.327255
14,6,86.93852
14,7,87.86418
14,8,88.27547
14,9,88.21181
15,0,0.0
15,1,100.0
15,10,100.0
15,11,100.0
15,12,100.0
15,13,100.0
15,14,100.0
15,15,30.0
15,2,100.0
15,3,100.0
15,4,100.0
15,5,100.0
15,6,100.0
15,7,100.0
15,8,100.0
15,9,100.0
2,0,0.0
2,1,1.2715671
2,10,10.031934
2,11,11.292315
2,12,13.198215
2,13,16.32384
2,14,21.60971
2,15,30.0
2,2,2.509887
2,3,3.6857982
2,4,4.7775226
2,5,5.773781
2,6,6.675782
2,7,7.5003295
2,8,8.283893
2,9,9.09128
3,0,0.0
3,1,1.9476435
3,10,14.613407
3,11,16.034512
3,12,17.974312
3,13,20.774609
3,14,24.784988
3,15,30.0
3,2,3.840662
3,3,5.630918
3,4,7.282515
3,5,8.775182
3,6,10.107334
3,7,11.297794
3,8,12.389709
3,9,13.456533
4,0,0.0
4,1,2.677974
4,10,18.936129
4,11,20.263315
4,12,21.894686
4,13,24.018734
4,14,26.757524
4,15,30.0
4,2,5.2734175
4,3,7.71419
4,4,9.946074
4,5,11.937807
4,6,13.682121
4,7,15.196753
4,8,16.524626
4,9,17.73668
5,0,0.0
5,1,3.4909186
5,10,23.140774
5,11,24.19727
5,12,25.33017
5,13,26.653954
5,14,28.229362
5,15,30.0
5,2,6.8614445
5,3,10.007325
5,4,12.852135
5,5,15.351269
5,6,17.491947
5,7,19.289303
5,8,20.78378
5,9,22.03886
6,0,0.0
6,1,4.4254694
6,10,27.406307
6,11,28.068913
6,12,28.586815
6,13,29.04605
6,14,29.510538
6,15,30.0
6,2,8.676434
6,3,12.605761
6,4,16.109674
6,5,19.131569
6,6,21.655476
6,7,23.697504
6,8,25.296719
6,9,26.50954
7,0,0.0
7,1,5.536903
7,10,31.927765
7,11,32.105316
7,12,31.918478
7,13,31.444798
7,14,30.772823
7,15,30.0
7,2,10.818241
7,3,15.637276
7,4,19.860298
7,5,23.423693
7,6,26.31805
7,7,28.568129
7,8,30.217613
7,9,31.318722
8,0,0.0
8,1,6.9078856
8,10,36.909348
8,11,36.531555
8,12,35.55819
8,13,34.05668
8,14,32.143806
8,15,30.0
8,2,13.43012
8,3,19.276989
8,4,24.286541
8,5,28.405275
8,6,31.648762
8,7,34.066406
8,8,35.71589
8,9,36.649433
9,0,0.0
9,1,8.669737
9,10,42.562683
9,11,41.584106
9,12,39.750816
9,13,37.097706
9,14,33.754807
9,15,30.0
9,2,16.728092
9,3,23.769756
9,4,29.624868
9,5,34.28794
9,6,37.835686
9,7,40.36641
9,8,41.965622
9,9,42.68975
