0,0,0.0
0,1,0.0
0,10,0.0
0,11,0.0
0,12,0.0
0,13,0.0
0,14,0.0
0,15,30.0
0,2,0.0
0,3,0.0
0,4,0.0
0,5,0.0
0,6,0.0
0,7,0.0
0,8,0.0
0,9,0.0
1,0,0.0
1,1,0.63562876
1,10,5.1763053
1,11,5.9453897
1,12,7.2356606
1,13,9.736451
1,14,15.342232
1,15,30.0
1,2,1.2554824
1,3,1.8456658
1,4,2.3958669
1,5,2.9008303
1,6,3.3617897
1,7,3.788313
1,8,4.2015095
1,9,4.640465
10,0,0.0
10,1,11.119725
10,10,49.44778
10,11,47.823296
10,12,45.029938
10,13,41.014847
10,14,35.873703
10,15,30.0
10,2,21.193947
10,3,29.670769
10,4,36.44017
10,5,41.625202
10,6,45.420628
10,7,48.00602
10,8,49.508427
10,9,49.99
11,0,0.0
11,1,14.5435295
11,10,57.062763
11,11,54.923798
11,12,51.284027
11,13,45.885544
11,14,38.636414
11,15,30.0
11,2,27.115873
11,3,37.072353
11,4,44.573967
11,5,50.03604
11,6,53.86093
11,7,56.349205
11,8,57.683903
11,9,57.934742
12,0,0.0
12,1,19.938538
12,10,65.944824
12,11,63.52516
12,12,59.296906
12,13,52.606922
12,14,42.786427
12,15,30.0
12,2,35.653706
12,3,46.92886
12,4,54.74737
12,5,60.084156
12,6,63.63793
12,7,65.846054
12,8,66.94335
12,9,67.00238
13,0,0.0
13,1,29.556934
13,10,76.18906
13,11,73.93518
13,12,69.771545
13,13,62.45886
13,14,49.902378
13,15,30.0
13,2,48.631573
13,3,60.242065
13,4,67.40256
13,5,71.91536
13,6,74.76065
13,7,76.45383
13,8,77.241135
13,9,77.18669
14,0,0.0
14,1,49.65764
14,10,87.68957
14,11,86.255005
14,12,83.39529
14,13,77.554596
14,14,64.36424
14,15,30.0
14,2,69.07362
14,3,78.00529
14,4,82.70548
14,5,85.41409
14,6,87.03556
14,7,87.96752
14,8,88.380714
14,9,88.31423
15,0,0.0
15,1,100.0
15,10,100.0
15,11,100.0
15,12,100.0
15,13,100.0
15,14,100.0
15,15,30.0
15,2,100.0
15,3,100.0
15,4,100.0
15,5,100.0
15,6,100.0
15,7,100.0
15,8,100.0
15,9,100.0
2,0,0.0
2,1,1.2870384
2,10,10.119389
2,11,11.369616
2,12,13.260817
2,13,16.367924
2,14,21.63248
2,15,30.0
2,2,2.540646
2,3,3.731331
2,4,4.8369904
2,5,5.84569
2,6,6.7580404
2,7,7.589982
2,8,8.377285
2,9,9.184073
3,0,0.0
3,1,1.9718902
3,10,14.747608
3,11,16.152906
3,12,18.070095
3,13,20.841972
3,14,24.819775
3,15,30.0
3,2,3.888754
3,3,5.7020516
3,4,7.3751163
3,5,8.886943
3,6,10.234755
3,7,11.436338
3,8,12.533632
3,9,13.599203
4,0,0.0
4,1,2.7117848
4,10,19.119
4,11,20.424366
4,12,22.024729
4,13,24.110126
4,14,26.804667
4,15,30.0
4,2,5.3404584
4,3,7.813053
4,4,10.074535
4,5,12.092279
4,6,13.857765
4,7,15.387072
4,8,16.721771
4,9,17.931578
5,0,0.0
5,1,3.5348105
5,10,23.37253
5,11,24.4009
5,12,25.494385
5,13,26.769184
5,14,28.288788
5,15,30.0
5,2,6.948283
5,3,10.1352215
5,4,13.01777
5,5,15.549955
5,6,17.717052
5,7,19.532501
5,8,21.034908
5,9,22.286428
6,0,0.0
6,1,4.4791985
6,10,27.683895
6,11,28.3124
6,12,28.782806
6,13,29.183472
6,14,29.58133
6,15,30.0
6,2,8.782688
6,3,12.76185
6,4,16.311451
6,5,19.372822
6,6,21.928091
6,7,23.991096
6,8,25.599037
6,9,26.806805
7,0,0.0
7,1,5.599321
7,10,32.243954
7,11,32.3821
7,12,32.14103
7,13,31.600628
7,14,30.85308
7,15,30.0
7,2,10.941471
7,3,15.818113
7,4,20.093456
7,5,23.701899
7,6,26.631517
7,7,28.904873
7,8,30.563475
7,9,31.657972
8,0,0.0
8,1,6.97664
8,10,37.25197
8,11,36.8311
8,12,35.798668
8,13,34.224968
8,14,32.2304
8,15,30.0
8,2,13.565819
8,3,19.475748
8,4,24.542461
8,5,28.709911
8,6,31.991325
8,7,34.43354
8,8,36.09214
8,9,37.017784
9,0,0.0
9,1,8.741451
9,10,42.915146
9,11,41.891773
9,12,39.99764
9,13,37.27025
9,14,33.843582
9,15,30.0
9,2,16.869461
9,3,23.976683
9,4,29.890821
9,5,34.604073
9,6,38.190468
9,7,40.74595
9,8,42.35389
9,9,43.069176
