0,0,0.0
0,1,0.0
0,10,0.0
0,11,0.0
0,12,0.0
0,13,0.0
0,14,0.0
0,15,0.0
0,16,0.0
0,17,0.0
0,18,0.0
0,19,0.0
0,2,0.0
0,20,0.0
0,21,0.0
0,22,0.0
0,23,0.0
0,24,0.0
0,25,0.0
0,26,0.0
0,27,0.0
0,28,0.0
0,29,30.0
0,3,0.0
0,4,0.0
0,5,0.0
0,6,0.0
0,7,0.0
0,8,0.0
0,9,0.0
1,0,0.0
1,1,0.6015866
1,10,3.940034
1,11,4.0459547
1,12,4.1206994
1,13,4.1724257
1,14,4.207615
1,15,4.232254
1,16,4.2513046
1,17,4.2694874
1,18,4.291953
1,19,4.324848
1,2,1.1843734
1,20,4.3773575
1,21,4.462822
1,22,4.603715
1,23,4.8369484
1,24,5.230106
1,25,5.912911
1,26,7.1656647
1,27,9.667263
1,28,15.300791
1,29,30.0
1,3,1.7318403
1,4,2.2295375
1,5,2.668684
1,6,3.0432527
1,7,3.3536165
1,8,3.6019244
1,9,3.7950864
10,0,0.0
10,1,3.9398203
10,10,25.758436
10,11,26.443253
10,12,26.925701
10,13,27.25454
10,14,27.47269
10,15,27.614098
10,16,27.705647
10,17,27.767683
10,18,27.815487
10,19,27.86163
10,2,7.7571335
10,20,27.91591
10,21,27.988533
10,22,28.087894
10,23,28.223927
10,24,28.4036
10,25,28.63379
10,26,28.91529
10,27,29.245184
10,28,29.612198
10,29,30.0
10,3,11.339535
10,4,14.59783
10,5,17.467077
10,6,19.916336
10,7,21.93965
10,8,23.560131
10,9,24.81548
11,0,0.0
11,1,4.0455084
11,10,26.442867
11,11,27.145725
11,12,27.639915
11,13,27.976978
11,14,28.199764
11,15,28.343538
11,16,28.435226
11,17,28.49508
11,18,28.538258
11,19,28.57573
11,2,7.964594
11,20,28.616789
11,21,28.668394
11,22,28.737923
11,23,28.830675
11,24,28.95256
11,25,29.106075
11,26,29.292719
11,27,29.508873
11,28,29.748226
11,29,30.0
11,3,11.643414
11,4,14.987794
11,5,17.934298
11,6,20.447495
11,7,22.525146
11,8,24.187286
11,9,25.47615
12,0,0.0
12,1,4.1197753
12,10,26.924652
12,11,27.639343
12,12,28.142242
12,13,28.4846
12,14,28.71076
12,15,28.855953
12,16,28.947521
12,17,29.005676
12,18,29.04492
12,19,29.076027
12,2,8.111175
12,20,29.106493
12,21,29.142813
12,22,29.189472
12,23,29.251225
12,24,29.330688
12,25,29.430492
12,26,29.55023
12,27,29.688457
12,28,29.84041
12,29,30.0
12,3,11.856949
12,4,15.263136
12,5,18.262615
12,6,20.822163
12,7,22.936577
12,8,24.629196
12,9,25.940403
13,0,0.0
13,1,4.17059
13,10,27.252262
13,11,27.975477
13,12,28.483816
13,13,28.829983
13,14,29.058193
13,15,29.204336
13,16,29.295715
13,17,29.35244
13,18,29.38894
13,19,29.415104
13,2,8.210849
13,20,29.438234
13,21,29.46315
13,22,29.494081
13,23,29.533558
13,24,29.584192
13,25,29.646729
13,26,29.721687
13,27,29.80739
13,28,29.901495
13,29,30.0
13,3,12.002978
13,4,15.450369
13,5,18.48693
13,6,21.076939
13,7,23.217356
13,8,24.929695
13,9,26.256859
14,0,0.0
14,1,4.2040205
14,10,27.468235
14,11,28.196617
14,12,28.708775
14,13,29.057205
14,14,29.286835
14,15,29.433496
14,16,29.524666
14,17,29.580427
14,18,29.61485
14,19,29.637758
14,2,8.276854
14,20,29.655563
14,21,29.672976
14,22,29.692863
14,23,29.717735
14,24,29.748756
14,25,29.787066
14,26,29.83238
14,27,29.88422
14,28,29.940788
14,29,30.0
14,3,12.099049
14,4,15.574253
14,5,18.634504
14,6,21.24532
14,7,23.402077
14,8,25.128035
14,9,26.465052
15,0,0.0
15,1,4.2254505
15,10,27.605673
15,11,28.337574
15,12,28.851933
15,13,29.201902
15,14,29.43233
15,15,29.579319
15,16,29.67033
15,17,29.72537
15,18,29.758493
15,19,29.7791
15,2,8.318855
15,20,29.79356
15,21,29.805832
15,22,29.818762
15,23,29.833912
15,24,29.852612
15,25,29.875202
15,26,29.901974
15,27,29.932299
15,28,29.965427
15,29,30.0
15,3,12.160597
15,4,15.653087
15,5,18.728945
15,6,21.352467
15,7,23.520123
15,8,25.25425
15,9,26.597914
16,0,0.0
16,1,4.238638
16,10,27.69045
16,11,28.424316
16,12,28.940134
16,13,29.290953
16,14,29.5219
16,15,29.669056
16,16,29.759937
16,17,29.814545
16,18,29.84677
16,19,29.865997
16,2,8.344901
16,20,29.878223
16,21,29.887392
16,22,29.895802
16,23,29.905075
16,24,29.915949
16,25,29.929031
16,26,29.944277
16,27,29.961586
16,28,29.980375
16,29,30.0
16,3,12.19847
16,4,15.701927
16,5,18.787056
16,6,21.418755
16,7,23.592766
16,8,25.332212
16,9,26.679672
17,0,0.0
17,1,4.246551
17,10,27.740887
17,11,28.476019
17,12,28.992615
17,13,29.343975
17,14,29.575191
17,15,29.722448
17,16,29.813251
17,17,29.867561
17,18,29.899275
17,19,29.917603
17,2,8.360396
17,20,29.928547
17,21,29.935745
17,22,29.941532
17,23,29.947155
17,24,29.953474
17,25,29.96078
17,26,29.969286
17,27,29.97882
17,28,29.989199
17,29,30.0
17,3,12.221179
17,4,15.730981
17,5,18.821857
17,6,21.45819
17,7,23.636194
17,8,25.378597
17,9,26.728474
18,0,0.0
18,1,4.2511005
18,10,27.769966
18,11,28.505749
18,12,29.022833
18,13,29.374466
18,14,29.605852
18,15,29.753153
18,16,29.843899
18,17,29.898052
18,18,29.929434
18,19,29.947275
18,2,8.369385
18,20,29.957417
18,21,29.96353
18,22,29.967724
18,23,29.97131
18,24,29.974922
18,25,29.978975
18,26,29.983553
18,27,29.988688
18,28,29.994225
18,29,30.0
18,3,12.234237
18,4,15.747818
18,5,18.841867
18,6,21.481007
18,7,23.661165
18,8,25.40538
18,9,26.756535
19,0,0.0
19,1,4.2536526
19,10,27.78612
19,11,28.5223
19,12,29.039621
19,13,29.391422
19,14,29.622887
19,15,29.770216
19,16,29.86093
19,17,29.91498
19,18,29.946198
19,19,29.963736
19,2,8.374378
19,20,29.973461
19,21,29.978924
19,22,29.982271
19,23,29.984674
19,24,29.986824
19,25,29.989029
19,26,29.99146
19,27,29.99413
19,28,29.997011
19,29,30.0
19,3,12.241555
19,4,15.757172
19,5,18.853065
19,6,21.493681
19,7,23.675112
19,8,25.42026
19,9,26.772179
2,0,0.0
2,1,1.1843734
2,10,7.7575293
2,11,7.96544
2,12,8.112896
2,13,8.214312
2,14,8.283559
2,15,8.331635
2,16,8.368509
2,17,8.403261
2,18,8.445255
2,19,8.506479
2,2,2.3322873
2,20,8.602563
2,21,8.758186
2,22,9.010117
2,23,9.419786
2,24,10.087125
2,25,11.187097
2,26,13.028356
2,27,16.166134
2,28,21.517101
2,29,30.0
2,3,3.40956
2,4,4.390317
2,5,5.253971
2,6,5.992406
2,7,6.602432
2,8,7.092146
2,9,7.4715695
20,0,0.0
20,1,4.255022
20,10,27.794815
20,11,28.531183
20,12,29.048641
20,13,29.40052
20,14,29.632032
20,15,29.779373
20,16,29.87007
20,17,29.92407
20,18,29.955183
20,19,29.972576
20,2,8.377086
20,20,29.982054
20,21,29.987192
20,22,29.990057
20,23,29.991848
20,24,29.993185
20,25,29.99442
20,26,29.995684
20,27,29.997051
20,28,29.998497
20,29,30.0
20,3,12.245483
20,4,15.762235
20,5,18.859074
20,6,21.500528
20,7,23.682598
20,8,25.428284
20,9,26.780575
21,0,0.0
21,1,4.2557397
21,10,27.79932
21,11,28.535793
21,12,29.053318
21,13,29.40524
21,14,29.636772
21,15,29.784119
21,16,29.874805
21,17,29.928778
21,18,29.959843
21,19,29.97715
21,2,8.378488
21,20,29.986515
21,21,29.991467
21,22,29.994097
21,23,29.995552
21,24,29.996485
21,25,29.997204
21,26,29.997873
21,27,29.998554
21,28,29.999268
21,29,30.0
21,3,12.247538
21,4,15.764856
21,5,18.862213
21,6,21.504074
21,7,23.6865
21,8,25.432442
21,9,26.784943
22,0,0.0
22,1,4.2560983
22,10,27.801579
22,11,28.538097
22,12,29.055658
22,13,29.4076
22,14,29.639141
22,15,29.786491
22,16,29.877174
22,17,29.931131
22,18,29.962173
22,19,29.979443
22,2,8.379197
22,20,29.98874
22,21,29.99361
22,22,29.996113
22,23,29.997412
22,24,29.99813
22,25,29.998596
22,26,29.998964
22,27,29.99931
22,28,29.999653
22,29,30.0
22,3,12.248566
22,4,15.766181
22,5,18.863781
22,6,21.505863
22,7,23.688452
22,8,25.43453
22,9,26.787125
23,0,0.0
23,1,4.2562733
23,10,27.80267
23,11,28.539213
23,12,29.056787
23,13,29.408737
23,14,29.640285
23,15,29.787636
23,16,29.878315
23,17,29.932268
23,18,29.963295
23,19,29.980545
23,2,8.379538
23,20,29.989815
23,21,29.994644
23,22,29.997087
23,23,29.998306
23,24,29.998928
23,25,29.99927
23,26,29.999493
23,27,29.999674
23,28,29.999836
23,29,30.0
23,3,12.249067
23,4,15.766819
23,5,18.864546
23,6,21.506721
23,7,23.689398
23,8,25.435537
23,9,26.788185
24,0,0.0
24,1,4.256355
24,10,27.803175
24,11,28.539734
24,12,29.057312
24,13,29.40927
24,14,29.640818
24,15,29.788168
24,16,29.878847
24,17,29.932796
24,18,29.963821
24,19,29.981058
24,2,8.3797
24,20,29.990318
24,21,29.995123
24,22,29.99754
24,23,29.998724
24,24,29.999298
24,25,29.999584
24,26,29.999739
24,27,29.999844
24,28,29.999924
24,29,30.0
24,3,12.2493
24,4,15.76712
24,5,18.8649
24,6,21.507128
24,7,23.689838
24,8,25.436008
24,9,26.788675
25,0,0.0
25,1,4.256392
25,10,27.803406
25,11,28.539965
25,12,29.05755
25,13,29.409506
25,14,29.641056
25,15,29.788408
25,16,29.879086
25,17,29.933031
25,18,29.964054
25,19,29.98129
25,2,8.379772
25,20,29.990541
25,21,29.99534
25,22,29.997744
25,23,29.99891
25,24,29.999462
25,25,29.999723
25,26,29.99985
25,27,29.99992
25,28,29.999962
25,29,30.0
25,3,12.249405
25,4,15.767255
25,5,18.86506
25,6,21.50731
25,7,23.690037
25,8,25.43622
25,9,26.788897
26,0,0.0
26,1,4.2564077
26,10,27.803501
26,11,28.540066
26,12,29.057652
26,13,29.409607
26,14,29.64116
26,15,29.78851
26,16,29.879187
26,17,29.933136
26,18,29.964155
26,19,29.981388
26,2,8.379804
26,20,29.990639
26,21,29.995432
26,22,29.997831
26,23,29.998993
26,24,29.999535
26,25,29.999784
26,26,29.999899
26,27,29.99995
26,28,29.99998
26,29,30.0
26,3,12.249451
26,4,15.767313
26,5,18.865133
26,6,21.50739
26,7,23.690125
26,8,25.436312
26,9,26.788992
27,0,0.0
27,1,4.256415
27,10,27.803543
27,11,28.540108
27,12,29.057693
27,13,29.40965
27,14,29.641201
27,15,29.788553
27,16,29.87923
27,17,29.933176
27,18,29.9642
27,19,29.981432
27,2,8.379816
27,20,29.990677
27,21,29.995472
27,22,29.99787
27,23,29.999025
27,24,29.999567
27,25,29.999811
27,26,29.999918
27,27,29.999966
27,28,29.999987
27,29,30.0
27,3,12.249471
27,4,15.767338
27,5,18.865162
27,6,21.507423
27,7,23.690159
27,8,25.43635
27,9,26.789032
28,0,0.0
28,1,4.2564173
28,10,27.803562
28,11,28.540123
28,12,29.05771
28,13,29.409668
28,14,29.641218
28,15,29.788568
28,16,29.879246
28,17,29.933193
28,18,29.964212
28,19,29.981447
28,2,8.379822
28,20,29.990696
28,21,29.995487
28,22,29.997883
28,23,29.999039
28,24,29.999578
28,25,29.99982
28,26,29.999928
28,27,29.999973
28,28,29.99999
28,29,30.0
28,3,12.249477
28,4,15.767348
28,5,18.865173
28,6,21.507437
28,7,23.690176
28,8,25.436365
28,9,26.789047
29,0,0.0
29,1,4.2564187
29,10,27.803566
29,11,28.54013
29,12,29.057716
29,13,29.409676
29,14,29.641224
29,15,29.788574
29,16,29.879253
29,17,29.9332
29,18,29.96422
29,19,29.981457
29,2,8.379823
29,20,29.990702
29,21,29.995493
29,22,29.997889
29,23,29.999046
29,24,29.999584
29,25,29.999826
29,26,29.99993
29,27,29.999975
29,28,29.999992
29,29,30.0
29,3,12.249481
29,4,15.767351
29,5,18.865177
29,6,21.507442
29,7,23.690178
29,8,25.43637
29,9,26.789055
3,0,0.0
3,1,1.73184
3,10,11.340076
3,11,11.644545
3,12,11.859289
3,13,12.00762
3,14,12.10812
3,15,12.17771
3,16,12.230209
3,17,12.278345
3,18,12.3353815
3,19,12.416247
3,2,3.4095597
3,20,12.54217
3,21,12.74181
3,22,13.060307
3,23,13.563296
3,24,14.354202
3,25,15.58698
3,26,17.492706
3,27,20.381168
3,28,24.56616
3,29,30.0
3,3,4.985474
3,4,6.418125
3,5,7.682029
3,6,8.760073
3,7,9.653109
3,8,10.367579
3,9,10.923181
30,0,0.0
30,1,4.256418
30,10,27.80357
30,11,28.540134
30,12,29.057716
30,13,29.409676
30,14,29.641228
30,15,29.788578
30,16,29.879255
30,17,29.9332
30,18,29.964226
30,19,29.981457
30,2,8.379826
30,20,29.990705
30,21,29.995495
30,22,29.99789
30,23,29.999046
30,24,29.999586
30,25,29.999828
30,26,29.999931
30,27,29.999977
30,28,29.999992
30,29,30.0
30,3,12.249481
30,4,15.767353
30,5,18.86518
30,6,21.507444
30,7,23.690184
30,8,25.436375
30,9,26.789059
31,0,0.0
31,1,4.256419
31,10,27.80357
31,11,28.540134
31,12,29.05772
31,13,29.409676
31,14,29.641228
31,15,29.788578
31,16,29.879255
31,17,29.933205
31,18,29.964222
31,19,29.98146
31,2,8.379824
31,20,29.990705
31,21,29.995497
31,22,29.997892
31,23,29.99905
31,24,29.999584
31,25,29.999828
31,26,29.999933
31,27,29.999977
31,28,29.999992
31,29,30.0
31,3,12.249483
31,4,15.767352
31,5,18.865181
31,6,21.507444
31,7,23.690184
31,8,25.436377
31,9,26.78906
32,0,0.0
32,1,4.2564187
32,10,27.803572
32,11,28.540136
32,12,29.05772
32,13,29.40968
32,14,29.64123
32,15,29.78858
32,16,29.879257
32,17,29.933205
32,18,29.964226
32,19,29.981457
32,2,8.379826
32,20,29.990705
32,21,29.995495
32,22,29.997894
32,23,29.999046
32,24,29.999588
32,25,29.999826
32,26,29.999935
32,27,29.999977
32,28,29.999992
32,29,30.0
32,3,12.249482
32,4,15.767353
32,5,18.86518
32,6,21.507444
32,7,23.690184
32,8,25.436377
32,9,26.789059
33,0,0.0
33,1,4.2564197
33,10,27.803572
33,11,28.540136
33,12,29.057722
33,13,29.40968
33,14,29.641232
33,15,29.78858
33,16,29.879255
33,17,29.933207
33,18,29.964226
33,19,29.98146
33,2,8.379824
33,20,29.990705
33,21,29.995497
33,22,29.997892
33,23,29.99905
33,24,29.999584
33,25,29.99983
33,26,29.999931
33,27,29.999977
33,28,29.999992
33,29,30.0
33,3,12.249483
33,4,15.767351
33,5,18.865181
33,6,21.507442
33,7,23.690186
33,8,25.436375
33,9,26.789059
34,0,0.0
34,1,4.2564187
34,10,27.803572
34,11,28.540136
34,12,29.057722
34,13,29.409681
34,14,29.641232
34,15,29.78858
34,16,29.879257
34,17,29.933207
34,18,29.964226
34,19,29.98146
34,2,8.379826
34,20,29.990707
34,21,29.995495
34,22,29.997894
34,23,29.999046
34,24,29.999588
34,25,29.999826
34,26,29.999935
34,27,29.999977
34,28,29.999992
34,29,30.0
34,3,12.249481
34,4,15.767355
34,5,18.865177
34,6,21.507446
34,7,23.690184
34,8,25.436377
34,9,26.789059
35,0,0.0
35,1,4.2564197
35,10,27.803572
35,11,28.540136
35,12,29.057724
35,13,29.409681
35,14,29.641232
35,15,29.78858
35,16,29.879257
35,17,29.933205
35,18,29.964226
35,19,29.98146
35,2,8.379824
35,20,29.990705
35,21,29.995499
35,22,29.997894
35,23,29.99905
35,24,29.999586
35,25,29.99983
35,26,29.999931
35,27,29.999977
35,28,29.999992
35,29,30.0
35,3,12.249483
35,4,15.767352
35,5,18.865181
35,6,21.507442
35,7,23.690186
35,8,25.436375
35,9,26.78906
36,0,0.0
36,1,4.2564187
36,10,27.803572
36,11,28.540136
36,12,29.057724
36,13,29.409681
36,14,29.641232
36,15,29.78858
36,16,29.879255
36,17,29.933205
36,18,29.964226
36,19,29.98146
36,2,8.379826
36,20,29.990707
36,21,29.995497
36,22,29.997894
36,23,29.99905
36,24,29.999588
36,25,29.999828
36,26,29.999935
36,27,29.999977
36,28,29.999992
36,29,30.0
36,3,12.249482
36,4,15.767355
36,5,18.86518
36,6,21.507446
36,7,23.690184
36,8,25.436377
36,9,26.789059
37,0,0.0
37,1,4.256419
37,10,27.803572
37,11,28.540136
37,12,29.05772
37,13,29.409681
37,14,29.64123
37,15,29.78858
37,16,29.879255
37,17,29.933205
37,18,29.964226
37,19,29.981457
37,2,8.379825
37,20,29.990707
37,21,29.995495
37,22,29.997894
37,23,29.999048
37,24,29.999588
37,25,29.99983
37,26,29.999935
37,27,29.999977
37,28,29.999992
37,29,30.0
37,3,12.249483
37,4,15.767353
37,5,18.865181
37,6,21.507442
37,7,23.690186
37,8,25.436375
37,9,26.78906
38,0,0.0
38,1,4.256419
38,10,27.803572
38,11,28.540136
38,12,29.057724
38,13,29.40968
38,14,29.641232
38,15,29.78858
38,16,29.879255
38,17,29.933205
38,18,29.964222
38,19,29.98146
38,2,8.379825
38,20,29.990704
38,21,29.995499
38,22,29.997892
38,23,29.999048
38,24,29.999586
38,25,29.99983
38,26,29.999931
38,27,29.999977
38,28,29.999992
38,29,30.0
38,3,12.249482
38,4,15.767353
38,5,18.86518
38,6,21.507444
38,7,23.690184
38,8,25.436377
38,9,26.789059
39,0,0.0
39,1,4.2564187
39,10,27.803572
39,11,28.540136
39,12,29.05772
39,13,29.409681
39,14,29.64123
39,15,29.78858
39,16,29.879255
39,17,29.933205
39,18,29.964226
39,19,29.981457
39,2,8.379825
39,20,29.990707
39,21,29.995495
39,22,29.997892
39,23,29.999048
39,24,29.999586
39,25,29.999828
39,26,29.999931
39,27,29.999977
39,28,29.999992
39,29,30.0
39,3,12.249483
39,4,15.767353
39,5,18.865181
39,6,21.507442
39,7,23.690186
39,8,25.436375
39,9,26.789059
4,0,0.0
4,1,2.2295365
4,10,14.598444
4,11,14.989109
4,12,15.265809
4,13,15.455734
4,14,15.584609
4,15,15.67275
4,16,15.738039
4,17,15.796102
4,18,15.862011
4,19,15.953695
4,2,4.3903155
4,20,16.092537
4,21,16.310062
4,22,16.648165
4,23,17.169613
4,24,17.958542
4,25,19.131866
4,26,20.831022
4,27,23.20315
4,28,26.316593
4,29,30.0
4,3,6.4181232
4,4,8.263934
4,5,9.889355
4,6,11.278704
4,7,12.42645
4,8,13.347442
4,9,14.060994
40,0,0.0
40,1,4.256419
40,10,27.803574
40,11,28.540134
40,12,29.057722
40,13,29.40968
40,14,29.641232
40,15,29.78858
40,16,29.879255
40,17,29.933205
40,18,29.964226
40,19,29.98146
40,2,8.379824
40,20,29.990705
40,21,29.995497
40,22,29.997892
40,23,29.999048
40,24,29.999586
40,25,29.999826
40,26,29.999931
40,27,29.999975
40,28,29.999992
40,29,30.0
40,3,12.249483
40,4,15.767352
40,5,18.86518
40,6,21.507444
40,7,23.690182
40,8,25.436377
40,9,26.789059
41,0,0.0
41,1,4.2564187
41,10,27.803574
41,11,28.540134
41,12,29.057722
41,13,29.409681
41,14,29.641232
41,15,29.78858
41,16,29.879255
41,17,29.933207
41,18,29.964226
41,19,29.98146
41,2,8.379826
41,20,29.990707
41,21,29.995495
41,22,29.997892
41,23,29.999048
41,24,29.999584
41,25,29.999828
41,26,29.999933
41,27,29.999975
41,28,29.999992
41,29,30.0
41,3,12.249481
41,4,15.767353
41,5,18.865181
41,6,21.507442
41,7,23.690186
41,8,25.436375
41,9,26.789059
42,0,0.0
42,1,4.2564187
42,10,27.803572
42,11,28.540136
42,12,29.057722
42,13,29.409678
42,14,29.641232
42,15,29.78858
42,16,29.879257
42,17,29.933205
42,18,29.964228
42,19,29.981459
42,2,8.379824
42,20,29.990707
42,21,29.995495
42,22,29.997892
42,23,29.999048
42,24,29.999584
42,25,29.999828
42,26,29.999931
42,27,29.999975
42,28,29.999992
42,29,30.0
42,3,12.249482
42,4,15.767352
42,5,18.865181
42,6,21.507444
42,7,23.690184
42,8,25.436377
42,9,26.789059
43,0,0.0
43,1,4.2564187
43,10,27.803574
43,11,28.540134
43,12,29.05772
43,13,29.40968
43,14,29.641232
43,15,29.788582
43,16,29.879255
43,17,29.933208
43,18,29.964226
43,19,29.98146
43,2,8.379825
43,20,29.990704
43,21,29.995499
43,22,29.99789
43,23,29.999048
43,24,29.999588
43,25,29.999825
43,26,29.999933
43,27,29.999973
43,28,29.99999
43,29,30.0
43,3,12.249481
43,4,15.767353
43,5,18.86518
43,6,21.507442
43,7,23.690184
43,8,25.436375
43,9,26.789059
44,0,0.0
44,1,4.2564187
44,10,27.80357
44,11,28.540134
44,12,29.05772
44,13,29.409678
44,14,29.64123
44,15,29.78858
44,16,29.879261
44,17,29.933205
44,18,29.964228
44,19,29.981459
44,2,8.379824
44,20,29.990707
44,21,29.995497
44,22,29.997894
44,23,29.999048
44,24,29.999586
44,25,29.999828
44,26,29.999931
44,27,29.999975
44,28,29.999992
44,29,30.0
44,3,12.249482
44,4,15.767352
44,5,18.86518
44,6,21.507442
44,7,23.690184
44,8,25.436377
44,9,26.789059
45,0,0.0
45,1,4.2564187
45,10,27.803574
45,11,28.540136
45,12,29.05772
45,13,29.40968
45,14,29.641228
45,15,29.788582
45,16,29.879257
45,17,29.933207
45,18,29.964226
45,19,29.98146
45,2,8.379824
45,20,29.990707
45,21,29.995499
45,22,29.997892
45,23,29.999048
45,24,29.999586
45,25,29.999828
45,26,29.999931
45,27,29.999977
45,28,29.999992
45,29,30.0
45,3,12.249481
45,4,15.767352
45,5,18.86518
45,6,21.507442
45,7,23.690186
45,8,25.436377
45,9,26.78906
46,0,0.0
46,1,4.2564187
46,10,27.803572
46,11,28.540134
46,12,29.057722
46,13,29.409676
46,14,29.641232
46,15,29.78858
46,16,29.879261
46,17,29.933207
46,18,29.964228
46,19,29.981457
46,2,8.379825
46,20,29.990707
46,21,29.995497
46,22,29.997892
46,23,29.999046
46,24,29.999586
46,25,29.999828
46,26,29.999931
46,27,29.999973
46,28,29.999992
46,29,30.0
46,3,12.249481
46,4,15.767353
46,5,18.865177
46,6,21.507444
46,7,23.690182
46,8,25.436377
46,9,26.789059
47,0,0.0
47,1,4.2564187
47,10,27.803572
47,11,28.540136
47,12,29.057718
47,13,29.40968
47,14,29.641228
47,15,29.788582
47,16,29.879257
47,17,29.933207
47,18,29.964224
47,19,29.98146
47,2,8.379824
47,20,29.990705
47,21,29.995499
47,22,29.99789
47,23,29.999046
47,24,29.999584
47,25,29.999828
47,26,29.999931
47,27,29.999977
47,28,29.999992
47,29,30.0
47,3,12.249481
47,4,15.767352
47,5,18.86518
47,6,21.507442
47,7,23.690186
47,8,25.436377
47,9,26.789059
48,0,0.0
48,1,4.2564187
48,10,27.803572
48,11,28.540134
48,12,29.05772
48,13,29.409676
48,14,29.641232
48,15,29.78858
48,16,29.879257
48,17,29.933205
48,18,29.964228
48,19,29.981457
48,2,8.379824
48,20,29.990705
48,21,29.995495
48,22,29.997892
48,23,29.999048
48,24,29.999586
48,25,29.999826
48,26,29.999935
48,27,29.999975
48,28,29.999992
48,29,30.0
48,3,12.249482
48,4,15.767352
48,5,18.86518
48,6,21.507444
48,7,23.690186
48,8,25.436377
48,9,26.789059
49,0,0.0
49,1,4.2564187
49,10,27.803574
49,11,28.540134
49,12,29.057716
49,13,29.409676
49,14,29.641228
49,15,29.78858
49,16,29.879255
49,17,29.933207
49,18,29.964226
49,19,29.98146
49,2,8.379825
49,20,29.990704
49,21,29.995499
49,22,29.99789
49,23,29.999048
49,24,29.999584
49,25,29.999828
49,26,29.999933
49,27,29.999977
49,28,29.999992
49,29,30.0
49,3,12.249481
49,4,15.767353
49,5,18.865181
49,6,21.507442
49,7,23.690186
49,8,25.436377
49,9,26.78906
5,0,0.0
5,1,2.6686807
5,10,17.46772
5,11,17.935642
5,12,18.2654
5,13,18.492441
5,14,18.645245
5,15,18.749096
5,16,18.824207
5,17,18.888193
5,18,18.958023
5,19,19.050959
5,2,5.2539654
5,20,19.189499
5,21,19.400707
5,22,19.723768
5,23,20.20738
5,24,20.917774
5,25,21.930447
5,26,23.32759
5,27,25.166695
5,28,27.438505
5,29,30.0
5,3,7.682022
5,4,9.889349
5,5,11.836114
5,6,13.496602
5,7,14.871513
5,8,15.971495
5,9,16.826347
50,0,0.0
50,1,4.2564187
50,10,27.803574
50,11,28.540134
50,12,29.057718
50,13,29.409676
50,14,29.641228
50,15,29.78858
50,16,29.879257
50,17,29.933205
50,18,29.964226
50,19,29.981457
50,2,8.379824
50,20,29.990707
50,21,29.995495
50,22,29.997892
50,23,29.999046
50,24,29.999584
50,25,29.999826
50,26,29.999931
50,27,29.999977
50,28,29.999992
50,29,30.0
50,3,12.249482
50,4,15.767352
50,5,18.865181
50,6,21.507444
50,7,23.690186
50,8,25.436377
50,9,26.789059
51,0,0.0
51,1,4.2564187
51,10,27.803572
51,11,28.540134
51,12,29.05772
51,13,29.409676
51,14,29.641228
51,15,29.78858
51,16,29.879257
51,17,29.933205
51,18,29.964226
51,19,29.981457
51,2,8.379825
51,20,29.990705
51,21,29.995497
51,22,29.997892
51,23,29.999046
51,24,29.999584
51,25,29.999826
51,26,29.999933
51,27,29.999977
51,28,29.999992
51,29,30.0
51,3,12.249482
51,4,15.767353
51,5,18.86518
51,6,21.507442
51,7,23.690184
51,8,25.436377
51,9,26.789059
52,0,0.0
52,1,4.256419
52,10,27.803574
52,11,28.540134
52,12,29.05772
52,13,29.40968
52,14,29.641228
52,15,29.78858
52,16,29.879255
52,17,29.933205
52,18,29.964224
52,19,29.981457
52,2,8.379825
52,20,29.990705
52,21,29.995495
52,22,29.99789
52,23,29.999046
52,24,29.999584
52,25,29.999826
52,26,29.999931
52,27,29.999975
52,28,29.999992
52,29,30.0
52,3,12.249483
52,4,15.767353
52,5,18.86518
52,6,21.507442
52,7,23.690186
52,8,25.436375
52,9,26.78906
53,0,0.0
53,1,4.2564187
53,10,27.803572
53,11,28.540134
53,12,29.05772
53,13,29.409676
53,14,29.641228
53,15,29.78858
53,16,29.879257
53,17,29.933205
53,18,29.964224
53,19,29.981457
53,2,8.379826
53,20,29.990704
53,21,29.995497
53,22,29.997892
53,23,29.999046
53,24,29.999586
53,25,29.999825
53,26,29.999933
53,27,29.999973
53,28,29.999992
53,29,30.0
53,3,12.249482
53,4,15.767353
53,5,18.86518
53,6,21.507444
53,7,23.690182
53,8,25.436377
53,9,26.789059
54,0,0.0
54,1,4.256419
54,10,27.803572
54,11,28.540134
54,12,29.05772
54,13,29.409676
54,14,29.641228
54,15,29.78858
54,16,29.879257
54,17,29.933205
54,18,29.964226
54,19,29.981457
54,2,8.379824
54,20,29.990707
54,21,29.995495
54,22,29.997892
54,23,29.99905
54,24,29.999584
54,25,29.999826
54,26,29.999931
54,27,29.999977
54,28,29.999992
54,29,30.0
54,3,12.249483
54,4,15.767352
54,5,18.86518
54,6,21.507442
54,7,23.690186
54,8,25.436375
54,9,26.789059
55,0,0.0
55,1,4.2564187
55,10,27.803574
55,11,28.540136
55,12,29.05772
55,13,29.409678
55,14,29.64123
55,15,29.78858
55,16,29.879257
55,17,29.933205
55,18,29.964222
55,19,29.98146
55,2,8.379826
55,20,29.990704
55,21,29.995497
55,22,29.99789
55,23,29.999046
55,24,29.999586
55,25,29.999825
55,26,29.999933
55,27,29.999977
55,28,29.999992
55,29,30.0
55,3,12.249481
55,4,15.767353
55,5,18.865181
55,6,21.507444
55,7,23.690184
55,8,25.436377
55,9,26.789059
56,0,0.0
56,1,4.256419
56,10,27.803572
56,11,28.540134
56,12,29.05772
56,13,29.40968
56,14,29.64123
56,15,29.78858
56,16,29.879257
56,17,29.933205
56,18,29.964226
56,19,29.981457
56,2,8.379824
56,20,29.990707
56,21,29.995495
56,22,29.997892
56,23,29.99905
56,24,29.999584
56,25,29.999826
56,26,29.999931
56,27,29.999973
56,28,29.999992
56,29,30.0
56,3,12.249483
56,4,15.767352
56,5,18.865181
56,6,21.507442
56,7,23.690186
56,8,25.436377
56,9,26.789059
57,0,0.0
57,1,4.2564187
57,10,27.803574
57,11,28.540136
57,12,29.05772
57,13,29.40968
57,14,29.64123
57,15,29.78858
57,16,29.879257
57,17,29.933205
57,18,29.964224
57,19,29.98146
57,2,8.379826
57,20,29.990704
57,21,29.995497
57,22,29.997892
57,23,29.999046
57,24,29.999586
57,25,29.999826
57,26,29.999931
57,27,29.999975
57,28,29.999992
57,29,30.0
57,3,12.249481
57,4,15.767353
57,5,18.86518
57,6,21.507444
57,7,23.690184
57,8,25.436377
57,9,26.789059
58,0,0.0
58,1,4.256419
58,10,27.803572
58,11,28.540136
58,12,29.05772
58,13,29.40968
58,14,29.641228
58,15,29.788582
58,16,29.879255
58,17,29.933205
58,18,29.964226
58,19,29.981457
58,2,8.379824
58,20,29.990707
58,21,29.995495
58,22,29.997892
58,23,29.999048
58,24,29.999586
58,25,29.999826
58,26,29.99993
58,27,29.999973
58,28,29.999992
58,29,30.0
58,3,12.249482
58,4,15.767352
58,5,18.86518
58,6,21.507444
58,7,23.690186
58,8,25.436377
58,9,26.789059
59,0,0.0
59,1,4.2564187
59,10,27.803574
59,11,28.540133
59,12,29.05772
59,13,29.409676
59,14,29.641232
59,15,29.788578
59,16,29.879261
59,17,29.933203
59,18,29.964226
59,19,29.98146
59,2,8.379825
59,20,29.990704
59,21,29.995497
59,22,29.99789
59,23,29.999046
59,24,29.999584
59,25,29.999826
59,26,29.999933
59,27,29.999977
59,28,29.999992
59,29,30.0
59,3,12.249481
59,4,15.767353
59,5,18.865181
59,6,21.507446
59,7,23.690184
59,8,25.436377
59,9,26.789059
6,0,0.0
6,1,3.0432448
6,10,19.916937
6,11,20.448788
6,12,20.824799
6,13,21.082226
6,14,21.255474
6,15,21.371662
6,16,21.453747
6,17,21.520752
6,18,21.58945
6,19,21.677736
6,2,5.992392
6,20,21.80442
6,21,21.994894
6,22,22.27848
6,23,22.695053
6,24,23.288244
6,25,24.108402
6,26,25.196283
6,27,26.572296
6,28,28.206144
6,29,30.0
6,3,8.760054
6,4,11.278684
6,5,13.496587
6,6,15.391567
6,7,16.957008
6,8,18.212414
6,9,19.185017
60,0,0.0
60,1,4.256419
60,10,27.80357
60,11,28.540134
60,12,29.05772
60,13,29.40968
60,14,29.641228
60,15,29.788582
60,16,29.879255
60,17,29.933205
60,18,29.964226
60,19,29.981457
60,2,8.379824
60,20,29.990705
60,21,29.995495
60,22,29.99789
60,23,29.999048
60,24,29.999584
60,25,29.999828
60,26,29.999931
60,27,29.999975
60,28,29.999992
60,29,30.0
60,3,12.249481
60,4,15.767352
60,5,18.865181
60,6,21.507442
60,7,23.690186
60,8,25.436375
60,9,26.789059
61,0,0.0
61,1,4.2564187
61,10,27.803572
61,11,28.540134
61,12,29.05772
61,13,29.40968
61,14,29.641232
61,15,29.788578
61,16,29.879261
61,17,29.933205
61,18,29.964226
61,19,29.981459
61,2,8.379824
61,20,29.990704
61,21,29.995495
61,22,29.997892
61,23,29.999046
61,24,29.999584
61,25,29.999825
61,26,29.999931
61,27,29.999973
61,28,29.999992
61,29,30.0
61,3,12.249481
61,4,15.767352
61,5,18.86518
61,6,21.507444
61,7,23.690182
61,8,25.436377
61,9,26.789059
62,0,0.0
62,1,4.2564187
62,10,27.803572
62,11,28.540136
62,12,29.05772
62,13,29.40968
62,14,29.641228
62,15,29.788582
62,16,29.879257
62,17,29.933205
62,18,29.964226
62,19,29.981459
62,2,8.379824
62,20,29.990704
62,21,29.995495
62,22,29.997892
62,23,29.999046
62,24,29.999584
62,25,29.999826
62,26,29.999931
62,27,29.999973
62,28,29.999992
62,29,30.0
62,3,12.249482
62,4,15.767352
62,5,18.865181
62,6,21.507442
62,7,23.690186
62,8,25.436375
62,9,26.789059
63,0,0.0
63,1,4.256418
63,10,27.803574
63,11,28.540134
63,12,29.057722
63,13,29.409676
63,14,29.641232
63,15,29.788578
63,16,29.879257
63,17,29.933207
63,18,29.964226
63,19,29.981459
63,2,8.379824
63,20,29.990707
63,21,29.995497
63,22,29.997892
63,23,29.999046
63,24,29.999586
63,25,29.999826
63,26,29.999931
63,27,29.999975
63,28,29.999992
63,29,30.0
63,3,12.249481
63,4,15.767352
63,5,18.865177
63,6,21.507444
63,7,23.690184
63,8,25.436377
63,9,26.789059
64,0,0.0
64,1,4.2564187
64,10,27.803572
64,11,28.540136
64,12,29.05772
64,13,29.40968
64,14,29.64123
64,15,29.788582
64,16,29.87926
64,17,29.933205
64,18,29.964226
64,19,29.98146
64,2,8.379824
64,20,29.990704
64,21,29.995497
64,22,29.997892
64,23,29.999048
64,24,29.999586
64,25,29.999826
64,26,29.999931
64,27,29.999973
64,28,29.999992
64,29,30.0
64,3,12.249481
64,4,15.767352
64,5,18.865181
64,6,21.507442
64,7,23.690186
64,8,25.436375
64,9,26.789059
65,0,0.0
65,1,4.256418
65,10,27.803574
65,11,28.540134
65,12,29.057722
65,13,29.40968
65,14,29.64123
65,15,29.788582
65,16,29.879257
65,17,29.933207
65,18,29.964226
65,19,29.981459
65,2,8.379824
65,20,29.990707
65,21,29.995497
65,22,29.99789
65,23,29.999048
65,24,29.999586
65,25,29.999828
65,26,29.99993
65,27,29.999975
65,28,29.99999
65,29,30.0
65,3,12.249481
65,4,15.767352
65,5,18.865177
65,6,21.507444
65,7,23.690184
65,8,25.436377
65,9,26.789059
66,0,0.0
66,1,4.2564187
66,10,27.803572
66,11,28.540136
66,12,29.05772
66,13,29.40968
66,14,29.64123
66,15,29.78858
66,16,29.87926
66,17,29.933205
66,18,29.964226
66,19,29.981459
66,2,8.379824
66,20,29.990704
66,21,29.995495
66,22,29.997892
66,23,29.999048
66,24,29.999586
66,25,29.999828
66,26,29.999931
66,27,29.999973
66,28,29.999992
66,29,30.0
66,3,12.249481
66,4,15.767352
66,5,18.865181
66,6,21.507442
66,7,23.690186
66,8,25.436375
66,9,26.789059
67,0,0.0
67,1,4.2564187
67,10,27.803574
67,11,28.540134
67,12,29.057722
67,13,29.40968
67,14,29.64123
67,15,29.788582
67,16,29.879257
67,17,29.933207
67,18,29.964226
67,19,29.98146
67,2,8.379824
67,20,29.990707
67,21,29.995499
67,22,29.997892
67,23,29.999048
67,24,29.999588
67,25,29.999828
67,26,29.999931
67,27,29.999975
67,28,29.999992
67,29,30.0
67,3,12.249481
67,4,15.767352
67,5,18.865177
67,6,21.507444
67,7,23.690184
67,8,25.436377
67,9,26.789059
68,0,0.0
68,1,4.2564187
68,10,27.803572
68,11,28.540136
68,12,29.05772
68,13,29.40968
68,14,29.64123
68,15,29.78858
68,16,29.879261
68,17,29.933207
68,18,29.964226
68,19,29.98146
68,2,8.379825
68,20,29.990707
68,21,29.995499
68,22,29.997894
68,23,29.999048
68,24,29.999586
68,25,29.999828
68,26,29.999931
68,27,29.999977
68,28,29.999992
68,29,30.0
68,3,12.249481
68,4,15.767352
68,5,18.865181
68,6,21.507442
68,7,23.690186
68,8,25.436375
68,9,26.789059
69,0,0.0
69,1,4.256419
69,10,27.803574
69,11,28.540136
69,12,29.057724
69,13,29.40968
69,14,29.641232
69,15,29.788584
69,16,29.879261
69,17,29.933208
69,18,29.964228
69,19,29.98146
69,2,8.379826
69,20,29.990707
69,21,29.995499
69,22,29.997894
69,23,29.99905
69,24,29.999588
69,25,29.999828
69,26,29.999935
69,27,29.999975
69,28,29.999992
69,29,30.0
69,3,12.249483
69,4,15.767354
69,5,18.86518
69,6,21.507446
69,7,23.690182
69,8,25.436378
69,9,26.78906
7,0,0.0
7,1,3.353598
7,10,21.940178
7,11,22.52628
7,12,22.93894
7,13,23.222023
7,14,23.41115
7,15,23.537052
7,16,23.62377
7,17,23.69104
7,18,23.756155
7,19,23.834667
7,2,6.6023965
7,20,23.944555
7,21,24.10456
7,22,24.339672
7,23,24.676105
7,24,25.14595
7,25,25.776905
7,26,26.59178
7,27,27.591625
7,28,28.749554
7,29,30.0
7,3,9.653062
7,4,12.426395
7,5,14.871465
7,6,16.956974
7,7,18.682854
7,8,20.063602
7,9,21.135817
70,0,0.0
70,1,4.25642
70,10,27.803577
70,11,28.540142
70,12,29.057728
70,13,29.409687
70,14,29.641237
70,15,29.78859
70,16,29.879269
70,17,29.933212
70,18,29.964237
70,19,29.981464
70,2,8.3798275
70,20,29.990715
70,21,29.995502
70,22,29.9979
70,23,29.999056
70,24,29.999592
70,25,29.999832
70,26,29.999935
70,27,29.999979
70,28,29.999992
70,29,30.0
70,3,12.249486
70,4,15.767357
70,5,18.865185
70,6,21.507446
70,7,23.690193
70,8,25.436382
70,9,26.789068
71,0,0.0
71,1,4.2564225
71,10,27.803595
71,11,28.540157
71,12,29.057745
71,13,29.4097
71,14,29.641254
71,15,29.788605
71,16,29.879282
71,17,29.933231
71,18,29.964249
71,19,29.981483
71,2,8.379832
71,20,29.990726
71,21,29.995516
71,22,29.997911
71,23,29.999067
71,24,29.999603
71,25,29.99984
71,26,29.99994
71,27,29.99998
71,28,29.999996
71,29,30.0
71,3,12.249493
71,4,15.767367
71,5,18.865194
71,6,21.507462
71,7,23.6902
71,8,25.436398
71,9,26.789078
72,0,0.0
72,1,4.256429
72,10,27.803635
72,11,28.540201
72,12,29.057781
72,13,29.409744
72,14,29.641294
72,15,29.788643
72,16,29.879322
72,17,29.933268
72,18,29.964289
72,19,29.981518
72,2,8.379845
72,20,29.990765
72,21,29.995554
72,22,29.997948
72,23,29.999098
72,24,29.99963
72,25,29.999865
72,26,29.999962
72,27,29.999996
72,28,30.000004
72,29,30.0
72,3,12.249512
72,4,15.767389
72,5,18.865225
72,6,21.507492
72,7,23.690239
72,8,25.436432
72,9,26.78912
73,0,0.0
73,1,4.256446
73,10,27.80373
73,11,28.540295
73,12,29.057886
73,13,29.409843
73,14,29.641396
73,15,29.788746
73,16,29.879423
73,17,29.933369
73,18,29.964386
73,19,29.981619
73,2,8.379878
73,20,29.990858
73,21,29.995647
73,22,29.998032
73,23,29.999176
73,24,29.9997
73,25,29.999924
73,26,30.000006
73,27,30.000027
73,28,30.00002
73,29,30.0
73,3,12.249558
73,4,15.76745
73,5,18.865294
73,6,21.507574
73,7,23.690325
73,8,25.436523
73,9,26.789213
74,0,0.0
74,1,4.256486
74,10,27.803963
74,11,28.540535
74,12,29.058123
74,13,29.410084
74,14,29.641636
74,15,29.788988
74,16,29.879663
74,17,29.933607
74,18,29.964626
74,19,29.98185
74,2,8.379956
74,20,29.991089
74,21,29.995863
74,22,29.998238
74,23,29.999365
74,24,29.999866
74,25,30.000063
74,26,30.000116
74,27,30.000103
74,28,30.000055
74,29,30.0
74,3,12.249672
74,4,15.767595
74,5,18.865465
74,6,21.507767
74,7,23.69053
74,8,25.436745
74,9,26.789444
75,0,0.0
75,1,4.256579
75,10,27.804506
75,11,28.541082
75,12,29.05868
75,13,29.41064
75,14,29.642195
75,15,29.789547
75,16,29.88022
75,17,29.93416
75,18,29.965168
75,19,29.98239
75,2,8.380137
75,20,29.991611
75,21,29.996368
75,22,29.998713
75,23,29.999802
75,24,30.000254
75,25,30.000393
75,26,30.000374
75,27,30.000278
75,28,30.000149
75,29,30.0
75,3,12.249935
75,4,15.767929
75,5,18.86586
75,6,21.508205
75,7,23.691013
75,8,25.43725
75,9,26.789968
76,0,0.0
76,1,4.2567854
76,10,27.80571
76,11,28.542309
76,12,29.059914
76,13,29.411886
76,14,29.643438
76,15,29.790792
76,16,29.88146
76,17,29.935394
76,18,29.966393
76,19,29.983585
76,2,8.380542
76,20,29.99278
76,21,29.99749
76,22,29.999771
76,23,30.000774
76,24,30.00112
76,25,30.001122
76,26,30.000946
76,27,30.000675
76,28,30.000347
76,29,30.0
76,3,12.250521
76,4,15.768674
76,5,18.866737
76,6,21.509193
76,7,23.692078
76,8,25.438385
76,9,26.791145
77,0,0.0
77,1,4.2572293
77,10,27.808304
77,11,28.54494
77,12,29.062574
77,13,29.414555
77,14,29.64612
77,15,29.793467
77,16,29.884132
77,17,29.93805
77,18,29.969015
77,19,29.986168
77,2,8.381411
77,20,29.995289
77,21,29.9999
77,22,30.002045
77,23,30.002863
77,24,30.002975
77,25,30.002691
77,26,30.00218
77,27,30.001522
77,28,30.000782
77,29,30.0
77,3,12.2517805
77,4,15.770274
77,5,18.868628
77,6,21.511314
77,7,23.694384
77,8,25.440815
77,9,26.79367
78,0,0.0
78,1,4.25815
78,10,27.813675
78,11,28.550402
78,12,29.068085
78,13,29.4201
78,14,29.65167
78,15,29.799019
78,16,29.889664
78,17,29.943546
78,18,29.974453
78,19,29.991508
78,2,8.383216
78,20,30.000488
78,21,30.004892
78,22,30.006748
78,23,30.007198
78,24,30.006819
78,25,30.005947
78,26,30.004726
78,27,30.003283
78,28,30.001677
78,29,30.0
78,3,12.254392
78,4,15.7736
78,5,18.872547
78,6,21.515717
78,7,23.699154
78,8,25.445864
78,9,26.798916
79,0,0.0
79,1,4.260001
79,10,27.824429
79,11,28.561323
79,12,29.079113
79,13,29.431181
79,14,29.66278
79,15,29.810116
79,16,29.900732
79,17,29.954538
79,18,29.985329
79,19,30.00219
79,2,8.386831
79,20,30.010887
79,21,30.014872
79,22,30.016172
79,23,30.015846
79,24,30.014517
79,25,30.01244
79,26,30.009834
79,27,30.006792
79,28,30.003475
79,29,30.0
79,3,12.259635
79,4,15.780256
79,5,18.880405
79,6,21.524529
79,7,23.70871
79,8,25.455963
79,9,26.809404
8,0,0.0
8,1,3.6018806
8,10,23.560532
8,11,24.188221
8,12,24.631145
8,13,24.933628
8,14,25.135576
8,15,25.268446
8,16,25.357914
8,17,25.424173
8,18,25.483513
8,19,25.551178
8,2,7.092065
8,20,25.640972
8,21,25.769577
8,22,25.953398
8,23,26.213192
8,24,26.567316
8,25,27.034605
8,26,27.623644
8,27,28.332518
8,28,29.13837
8,29,30.0
8,3,10.367468
8,4,13.347319
8,5,15.971369
8,6,18.212303
8,7,20.06353
8,8,21.547113
8,9,22.69645
80,0,0.0
80,1,4.263584
80,10,27.8452
80,11,28.582413
80,12,29.100403
80,13,29.45258
80,14,29.684217
80,15,29.831549
80,16,29.922087
80,17,29.975765
80,18,30.006311
80,19,30.022816
80,2,8.393852
80,20,30.030947
80,21,30.03416
80,22,30.03434
80,23,30.032585
80,24,30.02936
80,25,30.02502
80,26,30.019688
80,27,30.013603
80,28,30.006943
80,29,30.0
80,3,12.269781
80,4,15.793165
80,5,18.895603
80,6,21.541592
80,7,23.72718
80,8,25.475494
80,9,26.829668
81,0,0.0
81,1,4.270316
81,10,27.883934
81,11,28.621754
81,12,29.14009
81,13,29.492464
81,14,29.724178
81,15,29.871479
81,16,29.961899
81,17,30.015308
81,18,30.04544
81,19,30.061241
81,2,8.407001
81,20,30.068386
81,21,30.070091
81,22,30.068283
81,23,30.06377
81,24,30.05713
81,25,30.048473
81,26,30.038141
81,27,30.026302
81,28,30.013441
81,29,30.0
81,3,12.288826
81,4,15.817318
81,5,18.924072
81,6,21.573467
81,7,23.761719
81,8,25.511944
81,9,26.8675
82,0,0.0
82,1,4.282524
82,10,27.953777
82,11,28.692606
82,12,29.211578
82,13,29.56428
82,14,29.79612
82,15,29.943378
82,16,30.033554
82,17,30.086529
82,18,30.11586
82,19,30.130493
82,2,8.430895
82,20,30.135765
82,21,30.134922
82,22,30.129402
82,23,30.120127
82,24,30.107174
82,25,30.090927
82,26,30.071428
82,27,30.04932
82,28,30.025171
82,29,30.0
82,3,12.323322
82,4,15.861129
82,5,18.97556
82,6,21.631165
82,7,23.824066
82,8,25.57777
82,9,26.935698
83,0,0.0
83,1,4.3040266
83,10,28.075407
83,11,28.816004
83,12,29.335983
83,13,29.689243
83,14,29.92128
83,15,30.068432
83,16,30.158234
83,17,30.210388
83,18,30.238457
83,19,30.250952
83,2,8.472855
83,20,30.253206
83,21,30.247757
83,22,30.23611
83,23,30.218323
83,24,30.194733
83,25,30.165009
83,26,30.129787
83,27,30.089539
83,28,30.045763
83,29,30.0
83,3,12.383982
83,4,15.937902
83,5,19.065842
83,6,21.73201
83,7,23.933073
83,8,25.692581
83,9,27.054653
84,0,0.0
84,1,4.34066
84,10,28.280369
84,11,29.023664
84,12,29.545317
84,13,29.899406
84,14,30.131733
84,15,30.278725
84,16,30.367828
84,17,30.418756
84,18,30.444586
84,19,30.453794
84,2,8.544439
84,20,30.45079
84,21,30.43809
84,22,30.41588
84,23,30.384367
84,24,30.342525
84,25,30.290611
84,26,30.228493
84,27,30.15788
84,28,30.080637
84,29,30.0
84,3,12.487118
84,4,16.068497
84,5,19.21886
84,6,21.902922
84,7,24.117245
84,8,25.886509
84,9,27.255142
85,0,0.0
85,1,4.401362
85,10,28.614212
85,11,29.3618
85,12,29.885826
85,13,30.241196
85,14,30.47391
85,15,30.620567
85,16,30.708658
85,17,30.757475
85,18,30.780035
85,19,30.783733
85,2,8.662691
85,20,30.772852
85,21,30.748117
85,22,30.70966
85,23,30.65546
85,24,30.584854
85,25,30.496271
85,26,30.390873
85,27,30.270058
85,28,30.13813
85,29,30.0
85,3,12.65754
85,4,16.283459
85,5,19.470602
85,6,22.183048
85,7,24.418873
85,8,26.203178
85,9,27.582336
86,0,0.0
86,1,4.4989085
86,10,29.140673
86,11,29.894178
86,12,30.42173
86,13,30.778746
86,14,31.011944
86,15,31.158085
86,16,31.244476
86,17,31.290356
86,18,31.307642
86,19,31.303516
86,2,8.852795
86,20,31.280083
86,21,31.237766
86,22,31.173515
86,23,31.085217
86,24,30.96885
86,25,30.823719
86,26,30.649162
86,27,30.449333
86,28,30.229813
86,29,30.0
86,3,12.930453
86,4,16.627361
86,5,19.871588
86,6,22.628597
86,7,24.896793
86,8,26.704308
86,9,28.098707
87,0,0.0
87,1,4.6517096
87,10,29.943737
87,11,30.7056
87,12,31.237534
87,13,31.596735
87,14,31.830376
87,15,31.975567
87,16,32.059658
87,17,32.100967
87,18,32.111176
87,19,32.095116
87,2,9.149557
87,20,32.05436
87,21,31.985334
87,22,31.884312
87,23,31.744022
87,24,31.560362
87,25,31.32828
87,26,31.049229
87,27,30.72684
87,28,30.372345
87,29,30.0
87,3,13.355948
87,4,17.160923
87,5,20.49229
87,6,23.314964
87,7,25.631416
87,8,27.471722
87,9,28.88827
88,0,0.0
88,1,4.8847203
88,10,31.130304
88,11,31.90216
88,12,32.439644
88,13,32.801064
88,14,33.034973
88,15,33.178753
88,16,33.259315
88,17,33.294815
88,18,33.294693
88,19,33.26316
88,2,9.601597
88,20,33.197342
88,21,33.09247
88,22,32.93801
88,23,32.725327
88,24,32.442688
88,25,32.085255
88,26,31.650095
88,27,31.145874
88,28,30.587439
88,29,30.0
88,3,14.000791
88,4,17.966972
88,5,21.424425
88,6,24.342148
88,7,26.725239
88,8,28.61136
88,9,30.056704
89,0,0.0
89,1,5.232467
89,10,32.827255
89,11,33.61097
89,12,34.153835
89,13,34.51737
89,14,34.750896
89,15,34.892303
89,16,34.968475
89,17,34.99582
89,18,34.983204
89,19,34.930443
89,2,10.273106
89,20,34.833256
89,21,34.67907
89,22,34.454857
89,23,34.141136
89,24,33.723602
89,25,33.18728
89,26,32.530758
89,27,31.761154
89,28,30.904842
89,29,30.0
89,3,14.955006
89,4,19.151321
89,5,22.787077
89,6,25.833546
89,7,28.306612
89,8,30.250671
89,9,31.732826
9,0,0.0
9,1,3.794989
9,10,24.81572
9,11,25.476828
9,12,25.941923
9,13,26.259928
9,14,26.47105
9,15,26.609076
9,16,26.70002
9,17,26.764175
9,18,26.81779
9,19,26.873802
9,2,7.4713855
9,20,26.945097
9,21,27.04305
9,22,27.181496
9,23,27.372519
9,24,27.63007
9,25,27.962885
9,26,28.376703
9,27,28.866055
9,28,29.416227
9,29,30.0
9,3,10.9229355
9,4,14.06071
9,5,16.826057
9,6,19.184746
9,7,21.135597
9,8,22.69631
9,9,23.907326
90,0,0.0
90,1,5.74087
90,10,35.17888
90,11,35.97322
90,12,36.52077
90,13,36.884853
90,14,37.116848
90,15,37.254875
90,16,37.324944
90,17,37.343025
90,18,37.314186
90,19,37.236965
90,2,11.251114
90,20,37.099274
90,21,36.885574
90,22,36.569965
90,23,36.127823
90,24,35.528557
90,25,34.752716
90,26,33.78748
90,27,32.645782
90,28,31.36211
90,29,30.0
90,3,16.333714
90,4,20.850542
90,5,24.724545
90,6,27.940052
90,7,30.524065
90,8,32.53883
90,9,34.0615
91,0,0.0
91,1,6.4739523
91,10,38.3347
91,11,39.136604
91,12,39.68472
91,13,40.046864
91,14,40.275146
91,15,40.408012
91,16,40.471157
91,17,40.47775
91,18,40.4319
91,19,40.325348
91,2,12.650258
91,20,40.14338
91,21,39.857567
91,22,39.435783
91,23,38.833046
91,24,38.008347
91,25,36.91874
91,26,35.5446
91,27,33.890713
91,28,32.01044
91,29,30.0
91,3,18.28843
91,4,23.231453
91,5,27.4124
91,6,30.83216
91,7,33.545914
91,8,35.6351
91,9,37.198845
92,0,0.0
92,1,7.5217237
92,10,42.43921
92,11,43.238533
92,12,43.780922
92,13,44.135815
92,14,44.35717
92,15,44.48308
92,16,44.537563
92,17,44.533035
92,18,44.468414
92,19,44.333706
92,2,14.630231
92,20,44.103256
92,21,43.743366
92,22,43.201504
92,23,42.41973
92,24,41.32495
92,25,39.853386
92,26,37.952316
92,27,35.61946
92,28,32.917683
92,29,30.0
92,3,21.013597
92,4,26.502876
92,5,31.050467
92,6,34.7006
92,7,37.544685
92,8,39.702404
92,9,41.294518
93,0,0.0
93,1,9.022743
93,10,47.6099
93,11,48.39148
93,12,48.915985
93,13,49.256477
93,14,49.466152
93,15,49.58234
93,16,49.628
93,17,49.611942
93,18,49.53215
93,19,49.370705
93,2,17.417995
93,20,49.09902
93,21,48.66694
93,22,48.01143
93,23,47.042408
93,24,45.659676
93,25,43.746605
93,26,41.208485
93,27,37.997902
93,28,34.185642
93,29,30.0
93,3,24.772255
93,4,30.916885
93,5,35.868015
93,6,39.738914
93,7,42.68995
93,8,44.884453
93,9,46.47961
94,0,0.0
94,1,11.206978
94,10,53.921978
94,11,54.660027
94,12,55.151047
94,13,55.466305
94,14,55.658333
94,15,55.762184
94,16,55.79807
94,17,55.77384
94,18,55.682404
94,19,55.50522
94,2,21.364918
94,20,55.20317
94,21,54.721344
94,22,53.97303
94,23,52.847244
94,24,51.190903
94,25,48.828545
94,26,45.56879
94,27,41.27765
94,28,35.976803
94,29,30.0
94,3,29.923225
94,4,36.787445
94,5,42.109238
94,6,46.136463
94,7,49.12077
94,8,51.29212
94,9,52.84002
95,0,0.0
95,1,14.507543
95,10,61.38346
95,11,62.04623
95,12,62.481987
95,13,62.75963
95,14,62.9267
95,15,63.014843
95,16,63.04193
95,17,63.01228
95,18,62.919136
95,19,62.73871
95,2,27.046429
95,20,62.432713
95,21,61.93445
95,22,61.150177
95,23,59.935722
95,24,58.095917
95,25,55.35864
95,26,51.394142
95,27,45.85926
95,28,38.594597
95,29,30.0
95,3,36.98124
95,4,44.4907
95,5,50.02673
95,6,54.044807
95,7,56.928463
95,8,58.97182
95,9,60.401173
96,0,0.0
96,1,19.844627
96,10,69.924355
96,11,70.472015
96,12,70.82932
96,13,71.05474
96,14,71.189224
96,15,71.25882
96,16,71.27733
96,17,71.24838
96,18,71.16285
96,19,71.00052
96,2,35.472286
96,20,70.72079
96,21,70.262245
96,22,69.522736
96,23,68.350845
96,24,66.50623
96,25,63.630104
96,26,59.183582
96,27,52.443893
96,28,42.678947
96,29,30.0
96,3,46.676346
96,4,54.46125
96,5,59.834053
96,6,63.547623
96,7,66.11554
96,8,67.888016
96,9,69.1018
97,0,0.0
97,1,29.46069
97,10,79.383125
97,11,79.77697
97,12,80.031525
97,13,80.19132
97,14,80.28585
97,15,80.33393
97,16,80.34552
97,17,80.321884
97,18,80.25679
97,19,80.132065
97,2,48.44514
97,20,79.9176
97,21,79.55951
97,22,78.97417
97,23,78.0195
97,24,76.46293
97,25,73.8966
97,26,69.600426
97,27,62.278996
97,28,49.79342
97,29,30.0
97,3,59.98163
97,4,67.099815
97,5,71.629776
97,6,74.59212
97,7,76.56649
97,8,77.89346
97,9,78.786606
98,0,0.0
98,1,49.59894
98,10,89.51394
98,11,89.72023
98,12,89.8531
98,13,89.93602
98,14,89.984886
98,15,90.00952
98,16,90.0149
98,17,90.00189
98,18,89.96622
98,19,89.89876
98,2,68.960144
98,20,89.78119
98,21,89.584335
98,22,89.256874
98,23,88.71327
98,24,87.7962
98,25,86.20311
98,26,83.28008
98,27,77.44304
98,28,64.29815
98,29,30.0
98,3,77.84625
98,4,82.51974
98,5,85.23477
98,6,86.91958
98,7,88.00677
98,8,88.723434
98,9,89.19892
99,0,0.0
99,1,100.0
99,10,100.0
99,11,100.0
99,12,100.0
99,13,100.0
99,14,100.0
99,15,100.0
99,16,100.0
99,17,100.0
99,18,100.0
99,19,100.0
99,2,100.0
99,20,100.0
99,21,100.0
99,22,100.0
99,23,100.0
99,24,100.0
99,25,100.0
99,26,100.0
99,27,100.0
99,28,100.0
99,29,30.0
99,3,100.0
99,4,100.0
99,5,100.0
99,6,100.0
99,7,100.0
99,8,100.0
99,9,100.0
