0,0,0.0
0,1,0.0
0,10,0.0
0,11,0.0
0,12,0.0
0,13,0.0
0,14,0.0
0,15,30.0
0,2,0.0
0,3,0.0
0,4,0.0
0,5,0.0
0,6,0.0
0,7,0.0
0,8,0.0
0,9,0.0
1,0,0.0
1,1,4.0374756
1,10,11.152954
1,11,11.240845
1,12,11.625366
1,13,12.896118
1,14,17.018738
1,15,30.0
1,2,7.267456
1,3,9.420776
1,4,10.497437
1,5,10.958862
1,6,11.090698
1,7,11.123657
1,8,11.128235
1,9,11.130981
10,0,0.0
10,1,11.605835
10,10,30.890808
10,11,30.890808
10,12,30.853424
10,13,30.751953
10,14,30.45288
10,15,30.0
10,2,20.80017
10,3,26.559143
10,4,29.419556
10,5,30.509033
10,6,30.820312
10,7,30.882568
10,8,30.89035
10,9,30.890808
11,0,0.0
11,1,12.975464
11,10,33.432922
11,11,33.39554
11,12,33.272705
11,13,32.7771
11,14,31.73462
11,15,30.0
11,2,22.924194
11,3,29.015503
11,4,31.940308
11,5,33.051147
11,6,33.362427
11,7,33.424683
11,8,33.432465
11,9,33.432922
12,0,0.0
12,1,16.76941
12,10,40.01999
12,11,39.93347
12,12,39.474182
12,13,38.220215
12,14,35.144043
12,15,30.0
12,2,28.700562
12,3,35.41382
12,4,38.530884
12,5,39.654236
12,6,39.971924
12,7,40.03418
12,8,40.04196
12,9,40.04242
13,0,0.0
13,1,26.029663
13,10,53.220825
13,11,52.990112
13,12,52.212524
13,13,49.612732
13,14,43.133545
13,15,30.0
13,2,41.207275
13,3,48.689575
13,4,51.799927
13,5,52.89856
13,6,53.193054
13,7,53.253174
13,8,53.260956
13,9,53.253937
14,0,0.0
14,1,47.30835
14,10,73.97644
14,11,73.77136
14,12,72.874146
14,13,69.90906
14,14,60.28961
14,15,30.0
14,2,64.280396
14,3,70.669556
14,4,73.027954
14,5,73.78235
14,6,73.98743
14,7,74.028015
14,8,74.03259
14,9,74.02771
15,0,0.0
15,1,100.0
15,10,100.0
15,11,100.0
15,12,100.0
15,13,100.0
15,14,100.0
15,15,30.0
15,2,100.0
15,3,100.0
15,4,100.0
15,5,100.0
15,6,100.0
15,7,100.0
15,8,100.0
15,9,100.0
2,0,0.0
2,1,7.267456
2,10,20.048218
2,11,20.147095
2,12,20.480347
2,13,21.594543
2,14,24.371338
2,15,30.0
2,2,13.189087
2,3,16.957397
2,4,18.95691
2,5,19.725952
2,6,19.973145
2,7,20.022583
2,8,20.030365
2,9,20.034027
3,0,0.0
3,1,9.420776
3,10,25.705719
3,11,25.742798
3,12,25.939636
3,13,26.47705
3,14,27.79541
3,15,30.0
3,2,16.957397
3,3,21.879272
3,4,24.34021
3,5,25.339966
3,6,25.62561
3,7,25.687866
3,8,25.695648
3,9,25.696106
4,0,0.0
4,1,10.497437
4,10,28.528748
4,11,28.54477
4,12,28.597412
4,13,28.809814
4,14,29.256592
4,15,30.0
4,2,18.95691
4,3,24.34021
4,4,27.089539
4,5,28.146973
4,6,28.458252
4,7,28.520508
4,8,28.52829
4,9,28.528748
5,0,0.0
5,1,10.958862
5,10,29.618225
5,11,29.618225
5,12,29.634247
5,13,29.677734
5,14,29.805908
5,15,30.0
5,2,19.725952
5,3,25.339966
5,4,28.146973
5,5,29.23645
5,6,29.54773
5,7,29.609985
5,8,29.617767
5,9,29.618225
6,0,0.0
6,1,11.090698
6,10,29.929504
6,11,29.929504
6,12,29.929504
6,13,29.939117
6,14,29.959717
6,15,30.0
6,2,19.973145
6,3,25.62561
6,4,28.458252
6,5,29.54773
6,6,29.859009
6,7,29.921265
6,8,29.929047
6,9,29.929504
7,0,0.0
7,1,11.124725
7,10,29.992828
7,11,29.992828
7,12,29.992828
7,13,29.992828
7,14,29.996033
7,15,30.0
7,2,20.023651
7,3,25.688934
7,4,28.521576
7,5,29.611053
7,6,29.922333
7,7,29.984589
7,8,29.99237
7,9,29.992828
8,0,0.0
8,1,11.139984
8,10,30.018768
8,11,30.018768
8,12,30.018768
8,13,30.018768
8,14,30.011292
8,15,30.0
8,2,20.049591
8,3,25.714874
8,4,28.547516
8,5,29.636993
8,6,29.948273
8,7,30.010529
8,8,30.01831
8,9,30.018768
9,0,0.0
9,1,11.224976
9,10,30.16449
9,11,30.16449
9,12,30.16449
9,13,30.14206
9,14,30.093994
9,15,30.0
9,2,20.176086
9,3,25.860596
9,4,28.693237
9,5,29.782715
9,6,30.093994
9,7,30.15625
9,8,30.164032
9,9,30.16449
