0,0,0.0
0,1,0.0
0,10,0.0
0,11,0.0
0,12,0.0
0,13,0.0
0,14,0.0
0,15,30.0
0,2,0.0
0,3,0.0
0,4,0.0
0,5,0.0
0,6,0.0
0,7,0.0
0,8,0.0
0,9,0.0
1,0,0.0
1,1,0.6340076
1,10,5.169507
1,11,5.9395523
1,12,7.23104
1,13,9.7332535
1,14,15.340595
1,15,30.0
1,2,1.2523099
1,3,1.8410792
1,4,2.390064
1,5,2.8940635
1,6,3.3543515
1,7,3.7805285
1,8,4.193717
1,9,4.633007
10,0,0.0
10,1,11.112822
10,10,49.418842
10,11,47.798447
10,12,45.010273
10,13,41.00123
10,14,35.86674
10,15,30.0
10,2,21.180439
10,3,29.651241
10,4,36.415466
10,5,41.596394
10,6,45.388966
10,7,47.972885
10,8,49.47526
10,9,49.958256
11,0,0.0
11,1,14.537592
11,10,57.037872
11,11,54.90242
11,12,51.267113
11,13,45.873833
11,14,38.630424
11,15,30.0
11,2,27.104254
11,3,37.055557
11,4,44.552715
11,5,50.01126
11,6,53.833694
11,7,56.3207
11,8,57.65538
11,9,57.90743
12,0,0.0
12,1,19.933832
12,10,65.9251
12,11,63.508217
12,12,59.283497
12,13,52.59764
12,14,42.781677
12,15,30.0
12,2,35.644497
12,3,46.91555
12,4,54.73053
12,5,60.064514
12,6,63.61635
12,7,65.82347
12,8,66.92074
12,9,66.98074
13,0,0.0
13,1,29.553675
13,10,76.175385
13,11,73.92345
13,12,69.76225
13,13,62.452423
13,14,49.89909
13,15,30.0
13,2,48.62519
13,3,60.232838
13,4,67.390884
13,5,71.90174
13,6,74.7457
13,7,76.43817
13,8,77.225464
13,9,77.17169
14,0,0.0
14,1,49.655968
14,10,87.68257
14,11,86.24899
14,12,83.39053
14,13,77.5513
14,14,64.36256
14,15,30.0
14,2,69.07036
14,3,78.000565
14,4,82.69951
14,5,85.40712
14,6,87.02791
14,7,87.9595
14,8,88.372696
14,9,88.306564
15,0,0.0
15,1,100.0
15,10,100.0
15,11,100.0
15,12,100.0
15,13,100.0
15,14,100.0
15,15,30.0
15,2,100.0
15,3,100.0
15,4,100.0
15,5,100.0
15,6,100.0
15,7,100.0
15,8,100.0
15,9,100.0
2,0,0.0
2,1,1.2838638
2,10,10.106078
2,11,11.358184
2,12,13.25177
2,13,16.36166
2,14,21.629278
2,15,30.0
2,2,2.5344336
2,3,3.7223492
2,4,4.825628
2,5,5.832438
2,6,6.743476
2,7,7.574737
2,8,8.362027
2,9,9.169467
3,0,0.0
3,1,1.9672954
3,10,14.728342
3,11,16.136362
3,12,18.057
3,13,20.832909
3,14,24.81514
3,15,30.0
3,2,3.8797622
3,3,5.689052
3,4,7.3586698
3,5,8.867763
3,6,10.213673
3,7,11.414275
3,8,12.511545
3,9,13.578064
4,0,0.0
4,1,2.7059634
4,10,19.094591
4,11,20.403404
4,12,22.00814
4,13,24.098642
4,14,26.798796
4,15,30.0
4,2,5.3290668
4,3,7.7965827
4,4,10.0536995
4,5,12.067978
4,6,13.831057
4,7,15.359116
4,8,16.693792
4,9,17.904795
5,0,0.0
5,1,3.5280094
5,10,23.344015
5,11,24.376411
5,12,25.475006
5,13,26.755764
5,14,28.281927
5,15,30.0
5,2,6.9349747
5,3,10.11598
5,4,12.993427
5,5,15.521566
5,6,17.685846
5,7,19.499844
5,8,21.002216
5,9,22.255138
6,0,0.0
6,1,4.471708
6,10,27.652493
6,11,28.285433
6,12,28.76146
6,13,29.168695
6,14,29.573772
6,15,30.0
6,2,8.76803
6,3,12.740659
6,4,16.284643
6,5,19.341557
6,6,21.893728
6,7,23.955126
6,8,25.563038
6,9,26.772345
7,0,0.0
7,1,5.591464
7,10,32.211014
7,11,32.35381
7,12,32.118645
7,13,31.585127
7,14,30.845158
7,15,30.0
7,2,10.926097
7,3,15.795885
7,4,20.065336
7,5,23.669106
7,6,26.59547
7,7,28.86715
7,8,30.525715
7,9,31.62183
8,0,0.0
8,1,6.968759
8,10,37.21893
8,11,36.802727
8,12,35.77621
8,13,34.209427
8,14,32.222454
8,15,30.0
8,2,13.550396
8,3,19.453451
8,4,24.514256
8,5,28.677013
8,6,31.955173
8,7,34.3957
8,8,36.054268
8,9,36.98153
9,0,0.0
9,1,8.7338915
9,10,42.883453
9,11,41.86456
9,12,39.976097
9,13,37.25534
9,14,33.835957
9,15,30.0
9,2,16.854668
9,3,23.9553
9,4,29.863768
9,5,34.57252
9,6,38.155785
9,7,40.709656
9,8,42.317566
9,9,43.034405
