0,0,0.0
0,1,0.0
0,10,0.0
0,11,0.0
0,12,0.0
0,13,0.0
0,14,0.0
0,15,30.0
0,2,0.0
0,3,0.0
0,4,0.0
0,5,0.0
0,6,0.0
0,7,0.0
0,8,0.0
0,9,0.0
1,0,0.0
1,1,0.63564396
1,10,5.176368
1,11,5.945444
1,12,7.235703
1,13,9.736481
1,14,15.342247
1,15,30.0
1,2,1.255512
1,3,1.8457088
1,4,2.3959208
1,5,2.9008937
1,6,3.3618593
1,7,3.7883856
1,8,4.201582
1,9,4.6405344
10,0,0.0
10,1,11.119789
10,10,49.448048
10,11,47.823524
10,12,45.03012
10,13,41.01497
10,14,35.87377
10,15,30.0
10,2,21.19407
10,3,29.670952
10,4,36.4404
10,5,41.62547
10,6,45.42092
10,7,48.00633
10,8,49.508736
10,9,49.99029
11,0,0.0
11,1,14.543584
11,10,57.06299
11,11,54.923996
11,12,51.28418
11,13,45.88565
11,14,38.636467
11,15,30.0
11,2,27.11598
11,3,37.072506
11,4,44.57416
11,5,50.03627
11,6,53.861176
11,7,56.34947
11,8,57.68417
11,9,57.934994
12,0,0.0
12,1,19.93858
12,10,65.94501
12,11,63.525314
12,12,59.297028
12,13,52.607006
12,14,42.78647
12,15,30.0
12,2,35.653786
12,3,46.92898
12,4,54.74752
12,5,60.08434
12,6,63.638126
12,7,65.84627
12,8,66.94356
12,9,67.00258
13,0,0.0
13,1,29.556965
13,10,76.18918
13,11,73.93529
13,12,69.77162
13,13,62.45891
13,14,49.902405
13,15,30.0
13,2,48.631634
13,3,60.24215
13,4,67.402664
13,5,71.915474
13,6,74.760796
13,7,76.45397
13,8,77.24127
13,9,77.18683
14,0,0.0
14,1,49.657654
14,10,87.68964
14,11,86.25505
14,12,83.395325
14,13,77.55462
14,14,64.36426
14,15,30.0
14,2,69.073654
14,3,78.00533
14,4,82.705536
14,5,85.414154
14,6,87.03563
14,7,87.96759
14,8,88.38079
14,9,88.3143
15,0,0.0
15,1,100.0
15,10,100.0
15,11,100.0
15,12,100.0
15,13,100.0
15,14,100.0
15,15,30.0
15,2,100.0
15,3,100.0
15,4,100.0
15,5,100.0
15,6,100.0
15,7,100.0
15,8,100.0
15,9,100.0
2,0,0.0
2,1,1.2870681
2,10,10.119513
2,11,11.369721
2,12,13.260899
2,13,16.367983
2,14,21.632511
2,15,30.0
2,2,2.540704
2,3,3.7314148
2,4,4.837097
2,5,5.8458138
2,6,6.758177
2,7,7.590124
2,8,8.377427
2,9,9.18421
3,0,0.0
3,1,1.9719331
3,10,14.747787
3,11,16.153059
3,12,18.070215
3,13,20.842056
3,14,24.819818
3,15,30.0
3,2,3.8888378
3,3,5.702173
3,4,7.3752694
3,5,8.887121
3,6,10.23495
3,7,11.436544
3,8,12.533836
3,9,13.5994005
4,0,0.0
4,1,2.7118392
4,10,19.119226
4,11,20.42456
4,12,22.024883
4,13,24.110233
4,14,26.804724
4,15,30.0
4,2,5.3405647
4,3,7.8132067
4,4,10.07473
4,5,12.092506
4,6,13.858013
4,7,15.387331
4,8,16.72203
4,9,17.931826
5,0,0.0
5,1,3.5348737
5,10,23.372795
5,11,24.401125
5,12,25.494564
5,13,26.769306
5,14,28.28885
5,15,30.0
5,2,6.948407
5,3,10.135401
5,4,13.017997
5,5,15.55022
5,6,17.717342
5,7,19.532804
5,8,21.03521
5,9,22.286716
6,0,0.0
6,1,4.479268
6,10,27.684185
6,11,28.312647
6,12,28.783
6,13,29.183607
6,14,29.581398
6,15,30.0
6,2,8.782824
6,3,12.762046
6,4,16.311699
6,5,19.373112
6,6,21.92841
6,7,23.991428
6,8,25.599371
6,9,26.807123
7,0,0.0
7,1,5.5993934
7,10,32.24426
7,11,32.382355
7,12,32.14123
7,13,31.600769
7,14,30.853153
7,15,30.0
7,2,10.941613
7,3,15.818318
7,4,20.093716
7,5,23.702202
7,6,26.631847
7,7,28.90522
7,8,30.563824
7,9,31.658306
8,0,0.0
8,1,6.976712
8,10,37.252274
8,11,36.83136
8,12,35.798874
8,13,34.225113
8,14,32.230476
8,15,30.0
8,2,13.56596
8,3,19.475954
8,4,24.54272
8,5,28.710215
8,6,31.99166
8,7,34.433887
8,8,36.092487
8,9,37.018116
9,0,0.0
9,1,8.741521
9,10,42.915436
9,11,41.892025
9,12,39.997833
9,13,37.270386
9,14,33.84365
9,15,30.0
9,2,16.869596
9,3,23.976881
9,4,29.891071
9,5,34.604366
9,6,38.19078
9,7,40.74628
9,8,42.354225
9,9,43.0695
