0,0,0.0
0,1,0.0
0,10,0.0
0,11,0.0
0,12,0.0
0,13,0.0
0,14,0.0
0,15,30.0
0,2,0.0
0,3,0.0
0,4,0.0
0,5,0.0
0,6,0.0
0,7,0.0
0,8,0.0
0,9,0.0
1,0,0.0
1,1,0.63513935
1,10,5.174264
1,11,5.943638
1,12,7.234275
1,13,9.735493
1,14,15.341742
1,15,30.0
1,2,1.2545248
1,3,1.8442819
1,4,2.3941169
1,5,2.8987908
1,6,3.3595495
1,7,3.7859702
1,8,4.199166
1,9,4.6382236
10,0,0.0
10,1,11.117678
10,10,49.43923
10,11,47.81597
10,12,45.02414
10,13,41.010834
10,14,35.87165
10,15,30.0
10,2,21.189941
10,3,29.664982
10,4,36.43285
10,5,41.616673
10,6,45.411255
10,7,47.996223
10,8,49.498623
10,9,49.980625
11,0,0.0
11,1,14.541772
11,10,57.05543
11,11,54.917503
11,12,51.279053
11,13,45.882095
11,14,38.63465
11,15,30.0
11,2,27.112434
11,3,37.067387
11,4,44.56768
11,5,50.028717
11,6,53.852882
11,7,56.34079
11,8,57.67549
11,9,57.92669
12,0,0.0
12,1,19.937145
12,10,65.93902
12,11,63.520187
12,12,59.292965
12,13,52.604195
12,14,42.785034
12,15,30.0
12,2,35.65098
12,3,46.924927
12,4,54.7424
12,5,60.07836
12,6,63.631565
12,7,65.8394
12,8,66.93669
12,9,66.99601
13,0,0.0
13,1,29.555973
13,10,76.185036
13,11,73.93173
13,12,69.76882
13,13,62.45697
13,14,49.901413
13,15,30.0
13,2,48.629692
13,3,60.23934
13,4,67.39911
13,5,71.91134
13,6,74.75625
13,7,76.44922
13,8,77.23652
13,9,77.18228
14,0,0.0
14,1,49.657143
14,10,87.687515
14,11,86.25324
14,12,83.39389
14,13,77.55363
14,14,64.36375
14,15,30.0
14,2,69.07266
14,3,78.00389
14,4,82.70372
14,5,85.41203
14,6,87.0333
14,7,87.96516
14,8,88.378365
14,9,88.31198
15,0,0.0
15,1,100.0
15,10,100.0
15,11,100.0
15,12,100.0
15,13,100.0
15,14,100.0
15,15,30.0
15,2,100.0
15,3,100.0
15,4,100.0
15,5,100.0
15,6,100.0
15,7,100.0
15,8,100.0
15,9,100.0
2,0,0.0
2,1,1.2860807
2,10,10.115395
2,11,11.366188
2,12,13.258103
2,13,16.366049
2,14,21.631521
2,15,30.0
2,2,2.538772
2,3,3.728623
2,4,4.8335667
2,5,5.841699
2,6,6.7536573
2,7,7.5853977
2,8,8.3727
2,9,9.1796875
3,0,0.0
3,1,1.9705058
3,10,14.741834
3,11,16.14795
3,12,18.066175
3,13,20.83926
3,14,24.81839
3,15,30.0
3,2,3.8860457
3,3,5.6981373
3,4,7.370167
3,5,8.881174
3,6,10.228417
3,7,11.429712
3,8,12.527003
3,9,13.592863
4,0,0.0
4,1,2.710034
4,10,19.111694
4,11,20.418098
4,12,22.01977
4,13,24.106697
4,14,26.802914
4,15,30.0
4,2,5.337033
4,3,7.8081026
4,4,10.068275
4,5,12.084982
4,6,13.8497505
4,7,15.378689
4,8,16.713387
4,9,17.92356
5,0,0.0
5,1,3.5327692
5,10,23.364016
5,11,24.39359
5,12,25.488605
5,13,26.76518
5,14,28.286743
5,15,30.0
5,2,6.9442897
5,3,10.129449
5,4,13.010471
5,5,15.541448
5,6,17.707706
5,7,19.522728
5,8,21.025131
5,9,22.277077
6,0,0.0
6,1,4.4769554
6,10,27.674538
6,11,28.30437
6,12,28.77645
6,13,29.179077
6,14,29.57908
6,15,30.0
6,2,8.778299
6,3,12.7555065
6,4,16.30343
6,5,19.363472
6,6,21.917822
6,7,23.980356
6,8,25.588297
6,9,26.796532
7,0,0.0
7,1,5.5969734
7,10,32.234165
7,11,32.373695
7,12,32.134384
7,13,31.596025
7,14,30.850735
7,15,30.0
7,2,10.936879
7,3,15.811476
7,4,20.085064
7,5,23.692116
7,6,26.620773
7,7,28.893635
7,8,30.552235
7,9,31.64722
8,0,0.0
8,1,6.974292
8,10,37.24217
8,11,36.8227
8,12,35.792015
8,13,34.220375
8,14,32.22805
8,15,30.0
8,2,13.561221
8,3,19.469107
8,4,24.534061
8,5,28.700125
8,6,31.980576
8,7,34.422295
8,8,36.080894
8,9,37.007027
9,0,0.0
9,1,8.7392025
9,10,42.905777
9,11,41.883728
9,12,39.99128
9,13,37.26584
9,14,33.84133
9,15,30.0
9,2,16.865063
9,3,23.970327
9,4,29.882786
9,5,34.594707
9,6,38.180176
9,7,40.73519
9,8,42.343132
9,9,43.058884
