0,0,0.0
0,1,0.0
0,10,0.0
0,11,0.0
0,12,0.0
0,13,0.0
0,14,0.0
0,15,30.0
0,2,0.0
0,3,0.0
0,4,0.0
0,5,0.0
0,6,0.0
0,7,0.0
0,8,0.0
0,9,0.0
1,0,0.0
1,1,0.6465949
1,10,5.1625323
1,11,5.9278536
1,12,7.2181034
1,13,9.722368
1,14,15.334443
1,15,30.0
1,2,1.2756431
1,3,1.8719652
1,4,2.4241512
1,5,2.927002
1,6,3.381998
1,7,3.800065
1,8,4.2036486
1,9,4.633608
10,0,0.0
10,1,10.969151
10,10,48.573383
10,11,47.049427
10,12,44.402145
10,13,40.572613
10,14,35.645035
10,15,30.0
10,2,20.894346
10,3,29.225584
10,4,35.857166
10,5,40.917107
10,6,44.60788
10,7,47.11686
10,8,48.579292
10,9,49.06448
11,0,0.0
11,1,14.39494
11,10,56.231674
11,11,54.190018
11,12,50.69056
11,13,45.467865
11,14,38.420837
11,15,30.0
11,2,26.820648
11,3,36.635517
11,4,44.004078
11,5,49.347557
11,6,53.07455
11,7,55.493214
11,8,56.79373
11,9,57.051464
12,0,0.0
12,1,19.808228
12,10,65.234245
12,11,62.899437
12,12,58.791313
12,13,52.251766
12,14,42.603104
12,15,30.0
12,2,35.39536
12,3,46.54724
12,4,54.25119
12,5,59.48648
12,6,62.957714
12,7,65.10812
12,8,66.17825
12,9,66.245636
13,0,0.0
13,1,29.460197
13,10,75.67
13,11,73.47848
13,12,69.40315
13,13,62.200096
13,14,49.768974
13,15,30.0
13,2,48.439854
13,3,59.959404
13,4,67.035576
13,5,71.47434
13,6,74.25978
13,7,75.91161
13,8,76.68022
13,9,76.63275
14,0,0.0
14,1,49.60609
14,10,87.41548
14,11,86.01416
14,12,83.20101
14,13,77.41829
14,14,64.29394
14,15,30.0
14,2,68.97156
14,3,77.85487
14,4,82.51046
14,5,85.179955
14,6,86.76999
14,7,87.6804
14,8,88.08398
14,9,88.02161
15,0,0.0
15,1,100.0
15,10,100.0
15,11,100.0
15,12,100.0
15,13,100.0
15,14,100.0
15,15,30.0
15,2,100.0
15,3,100.0
15,4,100.0
15,5,100.0
15,6,100.0
15,7,100.0
15,8,100.0
15,9,100.0
2,0,0.0
2,1,1.3044472
2,10,10.075779
2,11,11.321089
2,12,13.215122
2,13,16.332611
2,14,21.613224
2,15,30.0
2,2,2.5723634
2,3,3.7713661
2,4,4.878181
2,5,5.8801255
2,6,6.779415
2,7,7.5937967
2,8,8.362405
2,9,9.152396
3,0,0.0
3,1,1.9877685
3,10,14.645714
3,11,16.049292
3,12,17.977726
3,13,20.77258
3,14,24.78264
3,15,30.0
3,2,3.9161701
3,3,5.73365
3,4,7.401041
3,5,8.897953
3,6,10.22274
3,7,11.397248
3,8,12.467381
3,9,13.510664
4,0,0.0
4,1,2.715933
4,10,18.924133
4,11,20.236877
4,12,21.863058
4,13,23.991512
4,14,26.741825
4,15,30.0
4,2,5.3442926
4,3,7.808015
4,4,10.050932
4,5,12.040016
4,6,13.770314
4,7,15.261787
4,8,16.56231
4,9,17.74723
5,0,0.0
5,1,3.517383
5,10,23.052458
5,11,24.102371
5,12,25.242943
5,13,26.587101
5,14,28.193268
5,15,30.0
5,2,6.908836
5,3,10.066382
5,4,12.910109
5,5,15.396181
5,6,17.512712
5,7,19.279709
5,8,20.74214
5,9,21.969315
6,0,0.0
6,1,4.432177
6,10,27.216568
6,11,27.885466
6,12,28.427967
6,13,28.929314
6,14,29.448574
6,15,30.0
6,2,8.685207
6,3,12.607475
6,4,16.094196
6,5,19.088017
6,6,21.576826
6,7,23.580534
6,8,25.144691
6,9,26.331593
7,0,0.0
7,1,5.5190763
7,10,31.625624
7,11,31.824036
7,12,31.682056
7,13,31.273712
7,14,30.683174
7,15,30.0
7,2,10.778366
7,3,15.568794
7,4,19.754606
7,5,23.274479
7,6,26.121466
7,7,28.32655
7,8,29.939304
7,9,31.018375
8,0,0.0
8,1,6.864355
8,10,36.5004
8,11,36.159103
8,12,35.24917
8,13,33.835735
8,14,32.028454
8,15,30.0
8,2,13.340393
8,3,19.135904
8,4,24.08968
8,5,28.149254
8,6,31.335323
8,7,33.7024
8,8,35.31516
8,9,36.232224
9,0,0.0
9,1,8.604207
9,10,42.071903
9,11,41.141857
9,12,39.38771
9,13,36.839252
9,14,33.620605
9,15,30.0
9,2,16.595142
9,3,23.567223
9,4,29.350584
9,5,33.943356
9,6,37.42605
9,7,39.903553
9,8,41.467705
9,9,42.180817
