0,0,0.0
0,1,0.0
0,10,0.0
0,11,0.0
0,12,0.0
0,13,0.0
0,14,0.0
0,15,30.0
0,2,0.0
0,3,0.0
0,4,0.0
0,5,0.0
0,6,0.0
0,7,0.0
0,8,0.0
0,9,0.0
1,0,0.0
1,1,0.6353669
1,10,5.175214
1,11,5.9444537
1,12,7.2349195
1,13,9.735938
1,14,15.341969
1,15,30.0
1,2,1.2549702
1,3,1.8449259
1,4,2.3949308
1,5,2.89974
1,6,3.3605917
1,7,3.7870605
1,8,4.2002563
1,9,4.6392674
10,0,0.0
10,1,11.118632
10,10,49.443222
10,11,47.81939
10,12,45.02684
10,13,41.01271
10,14,35.872612
10,15,30.0
10,2,21.191809
10,3,29.667683
10,4,36.436264
10,5,41.62065
10,6,45.415627
10,7,48.000793
10,8,49.503197
10,9,49.985
11,0,0.0
11,1,14.542592
11,10,57.058853
11,11,54.92044
11,12,51.281376
11,13,45.88371
11,14,38.635475
11,15,30.0
11,2,27.114038
11,3,37.069702
11,4,44.570614
11,5,50.032143
11,6,53.856636
11,7,56.34472
11,8,57.679417
11,9,57.93045
12,0,0.0
12,1,19.937794
12,10,65.941734
12,11,63.522507
12,12,59.294807
12,13,52.605473
12,14,42.785683
12,15,30.0
12,2,35.652256
12,3,46.92676
12,4,54.744728
12,5,60.081066
12,6,63.63454
12,7,65.84251
12,8,66.939804
12,9,66.998985
13,0,0.0
13,1,29.556423
13,10,76.18691
13,11,73.93334
13,12,69.770096
13,13,62.457848
13,14,49.901863
13,15,30.0
13,2,48.63057
13,3,60.240616
13,4,67.40072
13,5,71.91322
13,6,74.7583
13,7,76.45137
13,8,77.23868
13,9,77.18434
14,0,0.0
14,1,49.65737
14,10,87.68848
14,11,86.25406
14,12,83.39454
14,13,77.55408
14,14,64.363976
14,15,30.0
14,2,69.07311
14,3,78.00455
14,4,82.704544
14,5,85.412994
14,6,87.03436
14,7,87.96626
14,8,88.379456
14,9,88.313034
15,0,0.0
15,1,100.0
15,10,100.0
15,11,100.0
15,12,100.0
15,13,100.0
15,14,100.0
15,15,30.0
15,2,100.0
15,3,100.0
15,4,100.0
15,5,100.0
15,6,100.0
15,7,100.0
15,8,100.0
15,9,100.0
2,0,0.0
2,1,1.2865262
2,10,10.117253
2,11,11.367784
2,12,13.259367
2,13,16.366922
2,14,21.631968
2,15,30.0
2,2,2.539644
2,3,3.7298825
2,4,4.8351603
2,5,5.8435555
2,6,6.7556973
2,7,7.5875306
2,8,8.374834
2,9,9.181728
3,0,0.0
3,1,1.9711499
3,10,14.744522
3,11,16.150259
3,12,18.068
3,13,20.840527
3,14,24.819035
3,15,30.0
3,2,3.8873055
3,3,5.699959
3,4,7.3724694
3,5,8.883859
3,6,10.231366
3,7,11.432797
3,8,12.530088
3,9,13.595816
4,0,0.0
4,1,2.7108486
4,10,19.115097
4,11,20.421017
4,12,22.022083
4,13,24.108295
4,14,26.803732
4,15,30.0
4,2,5.3386273
4,3,7.8104057
4,4,10.07119
4,5,12.088379
4,6,13.853481
4,7,15.382591
4,8,16.717293
4,9,17.927292
5,0,0.0
5,1,3.5337195
5,10,23.367981
5,11,24.397
5,12,25.491299
5,13,26.767048
5,14,28.287697
5,15,30.0
5,2,6.9461484
5,3,10.132137
5,4,13.013868
5,5,15.54541
5,6,17.712059
5,7,19.527283
5,8,21.029684
5,9,22.281435
6,0,0.0
6,1,4.4779997
6,10,27.678898
6,11,28.308113
6,12,28.779411
6,13,29.181128
6,14,29.58013
6,15,30.0
6,2,8.780343
6,3,12.758461
6,4,16.307169
6,5,19.367828
6,6,21.922607
6,7,23.98536
6,8,25.593302
6,9,26.801315
7,0,0.0
7,1,5.598067
7,10,32.238728
7,11,32.377613
7,12,32.13748
7,13,31.59817
7,14,30.851826
7,15,30.0
7,2,10.939018
7,3,15.814568
7,4,20.088974
7,5,23.696676
7,6,26.62578
7,7,28.898876
7,8,30.557472
7,9,31.652237
8,0,0.0
8,1,6.975386
8,10,37.246742
8,11,36.826614
8,12,35.795113
8,13,34.22252
8,14,32.229145
8,15,30.0
8,2,13.563364
8,3,19.4722
8,4,24.537977
8,5,28.704687
8,6,31.98559
8,7,34.427536
8,8,36.08614
8,9,37.01204
9,0,0.0
9,1,8.740251
9,10,42.91014
9,11,41.88748
9,12,39.994244
9,13,37.2679
9,14,33.84238
9,15,30.0
9,2,16.867115
9,3,23.973291
9,4,29.886532
9,5,34.599075
9,6,38.184975
9,7,40.740208
9,8,42.348152
9,9,43.063686
