0,0,0.0
0,1,0.0
0,10,0.0
0,11,0.0
0,12,0.0
0,13,0.0
0,14,0.0
0,15,30.0
0,2,0.0
0,3,0.0
0,4,0.0
0,5,0.0
0,6,0.0
0,7,0.0
0,8,0.0
0,9,0.0
1,0,0.0
1,1,0.6328346
1,10,5.164486
1,11,5.9352303
1,12,7.2276125
1,13,9.730876
1,14,15.33938
1,15,30.0
1,2,1.2500122
1,3,1.8377526
1,4,2.3858466
1,5,2.8891335
1,6,3.348918
1,7,3.774825
1,8,4.187991
1,9,4.627511
10,0,0.0
10,1,11.107486
10,10,49.39604
10,11,47.77883
10,12,44.994713
10,13,40.990448
10,14,35.861225
10,15,30.0
10,2,21.169987
10,3,29.636108
10,4,36.396286
10,5,41.573975
10,6,45.364265
10,7,47.946964
10,8,49.44925
10,9,49.933296
11,0,0.0
11,1,14.532968
11,10,57.018127
11,11,54.885426
11,12,51.25364
11,13,45.864494
11,14,38.62565
11,15,30.0
11,2,27.0952
11,3,37.042442
11,4,44.536095
11,5,49.99184
11,6,53.81229
11,7,56.29825
11,8,57.63284
11,9,57.885807
12,0,0.0
12,1,19.930145
12,10,65.90935
12,11,63.494675
12,12,59.27276
12,13,52.5902
12,14,42.77787
12,15,30.0
12,2,35.637276
12,3,46.905098
12,4,54.71728
12,5,60.049034
12,6,63.59929
12,7,65.805565
12,8,66.90277
12,9,66.9635
13,0,0.0
13,1,29.55111
13,10,76.16442
13,11,73.91402
13,12,69.75478
13,13,62.447243
13,14,49.89644
13,15,30.0
13,2,48.62017
13,3,60.225563
13,4,67.38166
13,5,71.89097
13,6,74.733826
13,7,76.42571
13,8,77.21295
13,9,77.15969
14,0,0.0
14,1,49.654655
14,10,87.676956
14,11,86.244156
14,12,83.38669
14,13,77.548645
14,14,64.3612
14,15,30.0
14,2,69.06778
14,3,77.99683
14,4,82.69478
14,5,85.401596
14,6,87.02181
14,7,87.95312
14,8,88.36629
14,9,88.3004
15,0,0.0
15,1,100.0
15,10,100.0
15,11,100.0
15,12,100.0
15,13,100.0
15,14,100.0
15,15,30.0
15,2,100.0
15,3,100.0
15,4,100.0
15,5,100.0
15,6,100.0
15,7,100.0
15,8,100.0
15,9,100.0
2,0,0.0
2,1,1.2815596
2,10,10.096215
2,11,11.349695
2,12,13.245037
2,13,16.356995
2,14,21.62689
2,15,30.0
2,2,2.529921
2,3,3.7158146
2,4,4.817345
2,5,5.822755
2,6,6.7328043
2,7,7.563535
2,8,8.350782
2,9,9.158674
3,0,0.0
3,1,1.9639442
3,10,14.714
3,11,16.124016
3,12,18.047213
3,13,20.826122
3,14,24.811666
3,15,30.0
3,2,3.873198
3,3,5.6795483
3,4,7.346622
3,5,8.853679
3,6,10.198152
3,7,11.397984
3,8,12.4951935
3,9,13.562368
4,0,0.0
4,1,2.7016892
4,10,19.076303
4,11,20.387667
4,12,21.99566
4,13,24.089993
4,14,26.794369
4,15,30.0
4,2,5.3206964
4,3,7.784462
4,4,10.038337
4,5,12.050019
4,6,13.811266
4,7,15.338345
4,8,16.672941
4,9,17.884783
5,0,0.0
5,1,3.5229774
5,10,23.32249
5,11,24.357885
5,12,25.460318
5,13,26.745583
5,14,28.276718
5,15,30.0
5,2,6.925118
5,3,10.10171
5,4,12.975338
5,5,15.5004225
5,6,17.662548
5,7,19.475388
5,8,20.977673
5,9,22.231579
6,0,0.0
6,1,4.4661174
6,10,27.628586
6,11,28.264858
6,12,28.745148
6,13,29.157389
6,14,29.567987
6,15,30.0
6,2,8.757082
6,3,12.724806
6,4,16.26455
6,5,19.31807
6,6,21.867847
6,7,23.927967
6,8,25.535774
6,9,26.746181
7,0,0.0
7,1,5.585547
7,10,32.18572
7,11,32.33204
7,12,32.10138
7,13,31.573162
7,14,30.839035
7,15,30.0
7,2,10.914507
7,3,15.779106
7,4,20.044071
7,5,23.644245
7,6,26.56808
7,7,28.838402
7,8,30.49686
7,9,31.59414
8,0,0.0
8,1,6.9627686
8,10,37.193325
8,11,36.780697
8,12,35.758743
8,13,34.197315
8,14,32.216255
8,15,30.0
8,2,13.538662
8,3,19.436466
8,4,24.492725
8,5,28.651852
8,6,31.927444
8,7,34.3666
8,8,36.025063
8,9,36.953506
9,0,0.0
9,1,8.728094
9,10,42.85869
9,11,41.843243
9,12,39.959198
9,13,37.24362
9,14,33.829964
9,15,30.0
9,2,16.843315
9,3,23.93886
9,4,29.842934
9,5,34.548176
9,6,38.128956
9,7,40.6815
9,8,42.289314
9,9,43.007294
