0,0,0.0
0,1,0.0
0,10,0.0
0,11,0.0
0,12,0.0
0,13,0.0
0,14,0.0
0,15,30.0
0,2,0.0
0,3,0.0
0,4,0.0
0,5,0.0
0,6,0.0
0,7,0.0
0,8,0.0
0,9,0.0
1,0,0.0
1,1,0.64822733
1,10,5.165996
1,11,5.9305468
1,12,7.2199755
1,13,9.723602
1,14,15.335013
1,15,30.0
1,2,1.2788633
1,3,1.8763134
1,4,2.4295142
1,5,2.9327006
1,6,3.3878975
1,7,3.8055906
1,8,4.2086844
1,9,4.637899
10,0,0.0
10,1,10.964931
10,10,48.541485
10,11,47.020256
10,12,44.378647
10,13,40.555557
10,14,35.636375
10,15,30.0
10,2,20.88551
10,3,29.212467
10,4,35.839016
10,5,40.894623
10,6,44.58094
10,7,47.086483
10,8,48.546753
10,9,49.030964
11,0,0.0
11,1,14.390074
11,10,56.199215
11,11,54.161438
11,12,50.6668
11,13,45.451363
11,14,38.4121
11,15,30.0
11,2,26.811094
11,3,36.620815
11,4,43.984768
11,5,49.323387
11,6,53.046402
11,7,55.461834
11,8,56.760246
11,9,57.01791
12,0,0.0
12,1,19.803738
12,10,65.20586
12,11,62.873817
12,12,58.77079
12,13,52.237007
12,14,42.595604
12,15,30.0
12,2,35.386196
12,3,46.533733
12,4,54.233093
12,5,59.46444
12,6,62.932034
12,7,65.07972
12,8,66.14844
12,9,66.21544
13,0,0.0
13,1,29.456646
13,10,75.648506
13,11,73.459656
13,12,69.387634
13,13,62.189316
13,14,49.763298
13,15,30.0
13,2,48.43287
13,3,59.948853
13,4,67.021805
13,5,71.45742
13,6,74.24028
13,7,75.8902
13,8,76.657616
13,9,76.61034
14,0,0.0
14,1,49.604183
14,10,87.40413
14,11,86.003975
14,12,83.192856
14,13,77.412445
14,14,64.29097
14,15,30.0
14,2,68.967705
14,3,77.8492
14,4,82.50294
14,5,85.17084
14,6,86.75946
14,7,87.66883
14,8,88.07193
14,9,88.00947
15,0,0.0
15,1,100.0
15,10,100.0
15,11,100.0
15,12,100.0
15,13,100.0
15,14,100.0
15,15,30.0
15,2,100.0
15,3,100.0
15,4,100.0
15,5,100.0
15,6,100.0
15,7,100.0
15,8,100.0
15,9,100.0
2,0,0.0
2,1,1.3075163
2,10,10.081684
2,11,11.325441
2,12,13.218264
2,13,16.334484
2,14,21.61417
2,15,30.0
2,2,2.5780318
2,3,3.7794828
2,4,4.8875904
2,5,5.8905964
2,6,6.7897015
2,7,7.6036777
2,8,8.371105
2,9,9.15975
3,0,0.0
3,1,1.9915296
3,10,14.651928
3,11,16.05386
3,12,17.980589
3,13,20.774403
3,14,24.783394
3,15,30.0
3,2,3.9235919
3,3,5.7435293
3,4,7.413131
3,5,8.910509
3,6,10.235489
3,7,11.408791
3,8,12.477509
3,9,13.518895
4,0,0.0
4,1,2.719966
4,10,18.928417
4,11,20.239206
4,12,21.864384
4,13,23.991854
4,14,26.741991
4,15,30.0
4,2,5.3515897
4,3,7.818394
4,4,10.062535
4,5,12.052593
4,6,13.781961
4,7,15.272317
4,8,16.570732
4,9,17.753471
5,0,0.0
5,1,3.520613
5,10,23.05193
5,11,24.100847
5,12,25.240583
5,13,26.585264
5,14,28.192053
5,15,30.0
5,2,6.9152184
5,3,10.074406
5,4,12.919607
5,5,15.40506
5,6,17.520859
5,7,19.28567
5,8,20.745941
5,9,21.970879
6,0,0.0
6,1,4.4343486
6,10,27.209692
6,11,27.877766
6,12,28.42127
6,13,28.923908
6,14,29.445818
6,15,30.0
6,2,8.688736
6,3,12.6123085
6,4,16.098434
6,5,19.091667
6,6,21.57816
6,7,23.57972
6,8,25.141281
6,9,26.325916
7,0,0.0
7,1,5.519359
7,10,31.61066
7,11,31.810051
7,12,31.669605
7,13,31.264902
7,14,30.678333
7,15,30.0
7,2,10.778952
7,3,15.568325
7,4,19.753197
7,5,23.270414
7,6,26.115059
7,7,28.317026
7,8,29.927189
7,9,31.004517
8,0,0.0
8,1,6.863004
8,10,36.478233
8,11,36.13811
8,12,35.232
8,13,33.822998
8,14,32.021976
8,15,30.0
8,2,13.337042
8,3,19.130722
8,4,24.081253
8,5,28.137989
8,6,31.32027
8,7,33.684235
8,8,35.29439
8,9,36.209732
9,0,0.0
9,1,8.60102
9,10,42.0431
9,11,41.11613
9,12,39.365963
9,13,36.824066
9,14,33.612488
9,15,30.0
9,2,16.588894
9,3,23.556997
9,4,29.336803
9,5,33.92507
9,6,37.40401
9,7,39.877914
9,8,41.43948
9,9,42.151764
