0,0,0.0
0,1,0.0
0,10,0.0
0,11,0.0
0,12,0.0
0,13,0.0
0,14,0.0
0,15,30.0
0,2,0.0
0,3,0.0
0,4,0.0
0,5,0.0
0,6,0.0
0,7,0.0
0,8,0.0
0,9,0.0
1,0,0.0
1,1,0.62962526
1,10,5.149624
1,11,5.9223304
1,12,7.2173147
1,13,9.723701
1,14,15.335696
1,15,30.0
1,2,1.2437017
1,3,1.8285631
1,4,2.3741052
1,5,2.8752818
1,6,3.3334928
1,7,3.758459
1,8,4.171382
1,9,4.6114016
10,0,0.0
10,1,11.089142
10,10,49.31342
10,11,47.70733
10,12,44.937756
10,13,40.950832
10,14,35.840904
10,15,30.0
10,2,21.133976
10,3,29.583769
10,4,36.32961
10,5,41.49556
10,6,45.27727
10,7,47.855
10,8,49.356277
10,9,49.843445
11,0,0.0
11,1,14.51674
11,10,56.945194
11,11,54.82232
11,12,51.203384
11,13,45.829536
11,14,38.607723
11,15,30.0
11,2,27.063341
11,3,36.996155
11,4,44.47713
11,5,49.922516
11,6,53.735405
11,7,56.216995
11,8,57.550724
11,9,57.806473
12,0,0.0
12,1,19.916992
12,10,65.85034
12,11,63.443626
12,12,59.232105
12,13,52.561928
12,14,42.763374
12,15,30.0
12,2,35.611458
12,3,46.867577
12,4,54.66951
12,5,59.992874
12,6,63.53701
12,7,65.73978
12,8,66.8363
12,9,66.89929
13,0,0.0
13,1,29.54184
13,10,76.1229
13,11,73.8781
13,12,69.72619
13,13,62.427353
13,14,49.886242
13,15,30.0
13,2,48.60198
13,3,60.199135
13,4,67.34801
13,5,71.85142
13,6,74.68997
13,7,76.379395
13,8,77.16617
13,9,77.1145
14,0,0.0
14,1,49.64986
14,10,87.65551
14,11,86.22562
14,12,83.37193
14,13,77.538376
14,14,64.355934
14,15,30.0
14,2,69.05837
14,3,77.98318
14,4,82.67739
14,5,85.381165
14,6,86.99915
14,7,87.92919
14,8,88.34212
14,9,88.27707
15,0,0.0
15,1,100.0
15,10,100.0
15,11,100.0
15,12,100.0
15,13,100.0
15,14,100.0
15,15,30.0
15,2,100.0
15,3,100.0
15,4,100.0
15,5,100.0
15,6,100.0
15,7,100.0
15,8,100.0
15,9,100.0
2,0,0.0
2,1,1.2751777
2,10,10.066715
2,11,11.324096
2,12,13.224601
2,13,16.342758
2,14,21.619581
2,15,30.0
2,2,2.5173788
2,3,3.6975458
2,4,4.7940145
2,5,5.795228
2,6,6.702164
2,7,7.531028
2,8,8.317802
2,9,9.126692
3,0,0.0
3,1,1.9544848
3,10,14.670374
3,11,16.086166
3,12,18.017006
3,13,20.80508
3,14,24.800867
3,15,30.0
3,2,3.8546026
3,3,5.6524773
3,4,7.3120475
3,5,8.812911
3,6,10.152777
3,7,11.349869
3,8,12.446389
3,9,13.5150585
4,0,0.0
4,1,2.6893237
4,10,19.019464
4,11,20.33837
4,12,21.956326
4,13,24.062597
4,14,26.780308
4,15,30.0
4,2,5.2964
4,3,7.7490892
4,4,9.993187
4,5,11.996787
4,6,13.752056
4,7,15.275575
4,8,16.609308
4,9,17.823118
5,0,0.0
5,1,3.5080004
5,10,23.253881
5,11,24.2984
5,12,25.412872
5,13,26.712543
5,14,28.259766
5,15,30.0
5,2,6.895686
5,3,10.058886
5,4,12.920683
5,5,15.436026
5,6,17.590939
5,7,19.399525
5,8,20.900793
5,9,22.157118
6,0,0.0
6,1,4.448962
6,10,27.5503
6,11,28.197016
6,12,28.691046
6,13,29.119728
6,14,29.548664
6,15,30.0
6,2,8.723385
6,3,12.675776
6,4,16.202011
6,5,19.244402
6,6,21.785984
6,7,23.841274
6,8,25.447977
6,9,26.66118
7,0,0.0
7,1,5.566819
7,10,32.10057
7,11,32.25827
7,12,32.042576
7,13,31.53223
7,14,30.818039
7,15,30.0
7,2,10.87772
7,3,15.725607
7,4,19.975842
7,5,23.563927
7,6,26.478857
7,7,28.743973
7,8,30.401268
7,9,31.501644
8,0,0.0
8,1,6.9432306
8,10,37.10481
8,11,36.70404
8,12,35.69765
8,13,34.154808
8,14,32.19445
8,15,30.0
8,2,13.5003
8,3,19.380676
8,4,24.421618
8,5,28.568163
8,6,31.83453
8,7,34.268303
8,8,35.925606
8,9,36.85731
9,0,0.0
9,1,8.708656
9,10,42.770897
9,11,41.767235
9,12,39.898647
9,13,37.201492
9,14,33.808357
9,15,30.0
9,2,16.805145
9,3,23.883379
9,4,29.772228
9,5,34.464996
9,6,38.03664
9,7,40.583885
9,8,42.190582
9,9,42.911846
