0,0,0.0
0,1,0.0
0,10,0.0
0,11,0.0
0,12,0.0
0,13,0.0
0,14,0.0
0,15,30.0
0,2,0.0
0,3,0.0
0,4,0.0
0,5,0.0
0,6,0.0
0,7,0.0
0,8,0.0
0,9,0.0
1,0,0.0
1,1,0.63218945
1,10,5.161664
1,11,5.9327955
1,12,7.225679
1,13,9.729534
1,14,15.338693
1,15,30.0
1,2,1.2487471
1,3,1.8359182
1,4,2.383516
1,5,2.8864026
1,6,3.3458993
1,7,3.7716475
1,8,4.1847916
1,9,4.624431
10,0,0.0
10,1,11.104349
10,10,49.382423
10,11,47.76709
10,12,44.98539
10,13,40.98398
10,14,35.85791
10,15,30.0
10,2,21.163841
10,3,29.6272
10,4,36.38498
10,5,41.560738
10,6,45.349644
10,7,47.931587
10,8,49.433777
10,9,49.91842
11,0,0.0
11,1,14.530232
11,10,57.00625
11,11,54.87519
11,12,51.245514
11,13,45.858856
11,14,38.622757
11,15,30.0
11,2,27.089838
11,3,37.034676
11,4,44.526237
11,5,49.980293
11,6,53.799545
11,7,56.284836
11,8,57.619358
11,9,57.87284
12,0,0.0
12,1,19.927956
12,10,65.89984
12,11,63.48648
12,12,59.26625
12,13,52.585682
12,14,42.77556
12,15,30.0
12,2,35.63298
12,3,46.89887
12,4,54.70938
12,5,60.03978
12,6,63.589073
12,7,65.79482
12,8,66.89197
12,9,66.95311
13,0,0.0
13,1,29.549576
13,10,76.15778
13,11,73.90829
13,12,69.75024
13,13,62.44409
13,14,49.89482
13,15,30.0
13,2,48.61717
13,3,60.221214
13,4,67.376144
13,5,71.88451
13,6,74.726685
13,7,76.41821
13,8,77.20541
13,9,77.152435
14,0,0.0
14,1,49.65387
14,10,87.67353
14,11,86.24122
14,12,83.38436
14,13,77.54702
14,14,64.36037
14,15,30.0
14,2,69.06624
14,3,77.9946
14,4,82.69194
14,5,85.39828
14,6,87.01816
14,7,87.949265
14,8,88.362404
14,9,88.29668
15,0,0.0
15,1,100.0
15,10,100.0
15,11,100.0
15,12,100.0
15,13,100.0
15,14,100.0
15,15,30.0
15,2,100.0
15,3,100.0
15,4,100.0
15,5,100.0
15,6,100.0
15,7,100.0
15,8,100.0
15,9,100.0
2,0,0.0
2,1,1.2802881
2,10,10.090655
2,11,11.3449
2,12,13.241227
2,13,16.354351
2,14,21.625534
2,15,30.0
2,2,2.5274284
2,3,3.712199
2,4,4.8127537
2,5,5.817373
2,6,6.726858
2,7,7.557274
2,8,8.344479
2,9,9.152607
3,0,0.0
3,1,1.9620855
3,10,14.705876
3,11,16.117008
3,12,18.041645
3,13,20.822256
3,14,24.809689
3,15,30.0
3,2,3.869553
3,3,5.6742635
3,4,7.3399086
3,5,8.845814
3,6,10.189458
3,7,11.388835
3,8,12.485981
3,9,13.553501
4,0,0.0
4,1,2.6993024
4,10,19.065882
4,11,20.378675
4,12,21.988518
4,13,24.085035
4,14,26.791828
4,15,30.0
4,2,5.316018
4,3,7.7776766
4,4,10.02972
4,5,12.039922
4,6,13.80011
4,7,15.326601
4,8,16.66112
4,9,17.873405
5,0,0.0
5,1,3.520145
5,10,23.310131
5,11,24.347225
5,12,25.45185
5,13,26.739704
5,14,28.273708
5,15,30.0
5,2,6.919565
5,3,10.093659
5,4,12.965115
5,5,15.488443
5,6,17.649313
5,7,19.46146
5,8,20.96365
5,9,22.218086
6,0,0.0
6,1,4.462943
6,10,27.614748
6,11,28.252926
6,12,28.735668
6,13,29.150808
6,14,29.564617
6,15,30.0
6,2,8.75086
6,3,12.715784
6,4,16.253094
6,5,19.30465
6,6,21.853022
6,7,23.912365
6,8,25.520075
6,9,26.731073
7,0,0.0
7,1,5.582157
7,10,32.17096
7,11,32.31931
7,12,32.09127
7,13,31.566143
7,14,30.83544
7,15,30.0
7,2,10.907861
7,3,15.769472
7,4,20.031834
7,5,23.629917
7,6,26.552252
7,7,28.821749
7,8,30.480103
7,9,31.578016
8,0,0.0
8,1,6.959305
8,10,37.178253
8,11,36.767704
8,12,35.74843
8,13,34.190155
8,14,32.21259
8,15,30.0
8,2,13.531876
8,3,19.426624
8,4,24.480232
8,5,28.637218
8,6,31.911285
8,7,34.3496
8,8,36.00795
8,9,36.937054
9,0,0.0
9,1,8.724714
9,10,42.843998
9,11,41.830574
9,12,39.949142
9,13,37.23664
9,14,33.826385
9,15,30.0
9,2,16.836689
9,3,23.929256
9,4,29.83074
9,5,34.533897
9,6,38.11319
9,7,40.664913
9,8,42.27263
9,9,42.99124
