0,0,0.0
0,1,0.0
0,10,0.0
0,11,0.0
0,12,0.0
0,13,0.0
0,14,0.0
0,15,30.0
0,2,0.0
0,3,0.0
0,4,0.0
0,5,0.0
0,6,0.0
0,7,0.0
0,8,0.0
0,9,0.0
1,0,0.0
1,1,0.6354431
1,10,5.175531
1,11,5.944726
1,12,7.2351346
1,13,9.736089
1,14,15.342045
1,15,30.0
1,2,1.2551188
1,3,1.8451409
1,4,2.3952026
1,5,2.9000568
1,6,3.36094
1,7,3.7874246
1,8,4.20062
1,9,4.6396155
10,0,0.0
10,1,11.118951
10,10,49.44455
10,11,47.820522
10,12,45.02774
10,13,41.013325
10,14,35.87293
10,15,30.0
10,2,21.19243
10,3,29.668581
10,4,36.4374
10,5,41.621975
10,6,45.417084
10,7,48.00232
10,8,49.504723
10,9,49.986458
11,0,0.0
11,1,14.542864
11,10,57.05999
11,11,54.921417
11,12,51.282146
11,13,45.884243
11,14,38.635746
11,15,30.0
11,2,27.114573
11,3,37.070473
11,4,44.57159
11,5,50.03327
11,6,53.857887
11,7,56.346024
11,8,57.680725
11,9,57.9317
12,0,0.0
12,1,19.938011
12,10,65.942635
12,11,63.523277
12,12,59.295418
12,13,52.605896
12,14,42.7859
12,15,30.0
12,2,35.652676
12,3,46.927376
12,4,54.745487
12,5,60.081966
12,6,63.63552
12,7,65.843544
12,8,66.940834
12,9,66.99997
13,0,0.0
13,1,29.556572
13,10,76.18754
13,11,73.93388
13,12,69.77052
13,13,62.45814
13,14,49.90201
13,15,30.0
13,2,48.630867
13,3,60.24103
13,4,67.40125
13,5,71.91383
13,6,74.758995
13,7,76.45209
13,8,77.23939
13,9,77.18502
14,0,0.0
14,1,49.65745
14,10,87.6888
14,11,86.25434
14,12,83.39475
14,13,77.55423
14,14,64.36405
14,15,30.0
14,2,69.07326
14,3,78.00476
14,4,82.70482
14,5,85.413315
14,6,87.034706
14,7,87.96662
14,8,88.37982
14,9,88.313385
15,0,0.0
15,1,100.0
15,10,100.0
15,11,100.0
15,12,100.0
15,13,100.0
15,14,100.0
15,15,30.0
15,2,100.0
15,3,100.0
15,4,100.0
15,5,100.0
15,6,100.0
15,7,100.0
15,8,100.0
15,9,100.0
2,0,0.0
2,1,1.286675
2,10,10.117874
2,11,11.368315
2,12,13.2597885
2,13,16.367212
2,14,21.632118
2,15,30.0
2,2,2.539935
2,3,3.7303033
2,4,4.8356924
2,5,5.8441753
2,6,6.7563787
2,7,7.5882425
2,8,8.3755455
2,9,9.182409
3,0,0.0
3,1,1.971365
3,10,14.745418
3,11,16.151028
3,12,18.068607
3,13,20.840946
3,14,24.819248
3,15,30.0
3,2,3.887726
3,3,5.7005672
3,4,7.3732386
3,5,8.884755
3,6,10.23235
3,7,11.433826
3,8,12.531117
3,9,13.5968
4,0,0.0
4,1,2.7111206
4,10,19.11623
4,11,20.42199
4,12,22.022852
4,13,24.10883
4,14,26.804005
4,15,30.0
4,2,5.3391595
4,3,7.8111753
4,4,10.072163
4,5,12.089512
4,6,13.854728
4,7,15.383893
4,8,16.718594
4,9,17.928535
5,0,0.0
5,1,3.5340364
5,10,23.369303
5,11,24.39813
5,12,25.492195
5,13,26.767668
5,14,28.288013
5,15,30.0
5,2,6.9467688
5,3,10.133034
5,4,13.015003
5,5,15.546732
5,6,17.71351
5,7,19.5288
5,8,21.031202
5,9,22.282883
6,0,0.0
6,1,4.478348
6,10,27.680351
6,11,28.309359
6,12,28.780397
6,13,29.181807
6,14,29.580479
6,15,30.0
6,2,8.781024
6,3,12.759445
6,4,16.308413
6,5,19.369282
6,6,21.924202
6,7,23.987026
6,8,25.59497
6,9,26.802912
7,0,0.0
7,1,5.5984316
7,10,32.24025
7,11,32.378914
7,12,32.13851
7,13,31.598883
7,14,30.852192
7,15,30.0
7,2,10.939732
7,3,15.8155985
7,4,20.090279
7,5,23.698193
7,6,26.627447
7,7,28.90062
7,8,30.559217
7,9,31.653902
8,0,0.0
8,1,6.9757504
8,10,37.24826
8,11,36.82792
8,12,35.79615
8,13,34.22323
8,14,32.22951
8,15,30.0
8,2,13.564077
8,3,19.473234
8,4,24.53928
8,5,28.706205
8,6,31.987257
8,7,34.429283
8,8,36.087883
8,9,37.01371
9,0,0.0
9,1,8.7406
9,10,42.9116
9,11,41.88873
9,12,39.99523
9,13,37.268578
9,14,33.842728
9,15,30.0
9,2,16.867798
9,3,23.974277
9,4,29.887781
9,5,34.60053
9,6,38.186573
9,7,40.74188
9,8,42.34982
9,9,43.065285
