0,0,0.0
0,1,0.0
0,10,0.0
0,11,0.0
0,12,0.0
0,13,0.0
0,14,0.0
0,15,30.0
0,2,0.0
0,3,0.0
0,4,0.0
0,5,0.0
0,6,0.0
0,7,0.0
0,8,0.0
0,9,0.0
1,0,0.0
1,1,0.63019466
1,10,5.152471
1,11,5.92482
1,12,7.2193146
1,13,9.7251
1,14,15.336417
1,15,30.0
1,2,1.2448258
1,3,1.83021
1,4,2.3762264
1,5,2.8778074
1,6,3.3363342
1,7,3.7615056
1,8,4.1745057
1,9,4.614461
10,0,0.0
10,1,11.093096
10,10,49.331875
10,11,47.72336
10,12,44.95056
10,13,40.95976
10,14,35.84549
10,15,30.0
10,2,21.141754
10,3,29.595104
10,4,36.3441
10,5,41.512672
10,6,45.29634
10,7,47.875267
10,8,49.37686
10,9,49.86343
11,0,0.0
11,1,14.520289
11,10,56.961678
11,11,54.83663
11,12,51.214813
11,13,45.8375
11,14,38.611813
11,15,30.0
11,2,27.070316
11,3,37.006317
11,4,44.490124
11,5,49.93785
11,6,53.752483
11,7,56.235123
11,8,57.56913
11,9,57.824333
12,0,0.0
12,1,19.919899
12,10,65.8638
12,11,63.455307
12,12,59.241432
12,13,52.568428
12,14,42.76671
12,15,30.0
12,2,35.617172
12,3,46.875904
12,4,54.680145
12,5,60.00542
12,6,63.55099
12,7,65.7546
12,8,66.85134
12,9,66.91388
13,0,0.0
13,1,29.543905
13,10,76.13243
13,11,73.88637
13,12,69.73279
13,13,62.431953
13,14,49.888603
13,15,30.0
13,2,48.606033
13,3,60.205048
13,4,67.35556
13,5,71.86032
13,6,74.69988
13,7,76.3899
13,8,77.176834
13,9,77.12484
14,0,0.0
14,1,49.650936
14,10,87.660446
14,11,86.229904
14,12,83.37535
14,13,77.54076
14,14,64.357155
14,15,30.0
14,2,69.060486
14,3,77.98625
14,4,82.68131
14,5,85.38579
14,6,87.0043
14,7,87.93465
14,8,88.34764
14,9,88.28244
15,0,0.0
15,1,100.0
15,10,100.0
15,11,100.0
15,12,100.0
15,13,100.0
15,14,100.0
15,15,30.0
15,2,100.0
15,3,100.0
15,4,100.0
15,5,100.0
15,6,100.0
15,7,100.0
15,8,100.0
15,9,100.0
2,0,0.0
2,1,1.2763246
2,10,10.072421
2,11,11.329083
2,12,13.228605
2,13,16.345558
2,14,21.621023
2,15,30.0
2,2,2.5196404
2,3,3.70086
2,4,4.798279
2,5,5.8003054
2,6,6.7078705
2,7,7.5371437
2,8,8.324069
2,9,9.132826
3,0,0.0
3,1,1.9562175
3,10,14.678937
3,11,16.093645
3,12,18.023006
3,13,20.809277
3,14,24.803028
3,15,30.0
3,2,3.8580208
3,3,5.6574802
3,4,7.3184834
3,5,8.820562
3,6,10.161371
3,7,11.35907
3,8,12.455809
3,9,13.524269
4,0,0.0
4,1,2.6916435
4,10,19.030825
4,11,20.348286
4,12,21.964277
4,13,24.068155
4,14,26.783167
4,15,30.0
4,2,5.300972
4,3,7.7557793
4,4,10.001782
4,5,12.006999
4,6,13.763509
4,7,15.287824
4,8,16.62183
4,9,17.835354
5,0,0.0
5,1,3.5108845
5,10,23.267876
5,11,24.310604
5,12,25.42265
5,13,26.719374
5,14,28.263277
5,15,30.0
5,2,6.90137
5,3,10.067192
5,4,12.931348
5,5,15.448678
5,6,17.605118
5,7,19.414663
5,8,20.916256
5,9,22.172205
6,0,0.0
6,1,4.4523544
6,10,27.566605
6,11,28.211216
6,12,28.70242
6,13,29.127666
6,14,29.552744
6,15,30.0
6,2,8.730064
6,3,12.6855345
6,4,16.214525
6,5,19.259235
6,6,21.802582
6,7,23.858973
6,8,25.46603
6,9,26.678774
7,0,0.0
7,1,5.5706177
7,10,32.118664
7,11,32.274017
7,12,32.05518
7,13,31.541025
7,14,30.82256
7,15,30.0
7,2,10.885198
7,3,15.736522
7,4,19.989828
7,5,23.580484
7,6,26.497364
7,7,28.763683
7,8,30.421352
7,9,31.521193
8,0,0.0
8,1,6.9472866
8,10,37.123974
8,11,36.72071
8,12,35.71098
8,13,34.16411
8,14,32.199226
8,15,30.0
8,2,13.50828
8,3,19.392319
8,4,24.43652
8,5,28.58579
8,6,31.854212
8,7,34.28924
8,8,35.94692
8,9,36.878036
9,0,0.0
9,1,8.712776
9,10,42.790222
9,11,41.784035
9,12,39.912075
9,13,37.210854
9,14,33.813168
9,15,30.0
9,2,16.813248
9,3,23.89519
9,4,29.78734
9,5,34.482857
9,6,38.056564
9,7,40.605064
9,8,42.212112
9,9,42.932766
