0,0,0.0
0,1,0.0
0,10,0.0
0,11,0.0
0,12,0.0
0,13,0.0
0,14,0.0
0,15,30.0
0,2,0.0
0,3,0.0
0,4,0.0
0,5,0.0
0,6,0.0
0,7,0.0
0,8,0.0
0,9,0.0
1,0,0.0
1,1,0.635239
1,10,5.1746793
1,11,5.9439955
1,12,7.234556
1,13,9.735688
1,14,15.341841
1,15,30.0
1,2,1.2547197
1,3,1.8445637
1,4,2.394473
1,5,2.8992064
1,6,3.3600056
1,7,3.7864475
1,8,4.199643
1,9,4.6386805
10,0,0.0
10,1,11.118097
10,10,49.440987
10,11,47.817474
10,12,45.02533
10,13,41.011658
10,14,35.872074
10,15,30.0
10,2,21.190758
10,3,29.666168
10,4,36.434345
10,5,41.618416
10,6,45.413174
10,7,47.998226
10,8,49.500626
10,9,49.982544
11,0,0.0
11,1,14.5421295
11,10,57.05693
11,11,54.918793
11,12,51.280075
11,13,45.882805
11,14,38.63501
11,15,30.0
11,2,27.113136
11,3,37.068398
11,4,44.568966
11,5,50.030216
11,6,53.854527
11,7,56.342514
11,8,57.677216
11,9,57.928337
12,0,0.0
12,1,19.937431
12,10,65.94021
12,11,63.52121
12,12,59.293777
12,13,52.60476
12,14,42.78532
12,15,30.0
12,2,35.651535
12,3,46.925735
12,4,54.743412
12,5,60.079548
12,6,63.632866
12,7,65.84076
12,8,66.93805
12,9,66.99732
13,0,0.0
13,1,29.556168
13,10,76.18587
13,11,73.93244
13,12,69.76938
13,13,62.457355
13,14,49.90161
13,15,30.0
13,2,48.63008
13,3,60.239895
13,4,67.39982
13,5,71.912155
13,6,74.75715
13,7,76.450165
13,8,77.237465
13,9,77.18318
14,0,0.0
14,1,49.65725
14,10,87.687935
14,11,86.2536
14,12,83.39417
14,13,77.553825
14,14,64.363846
14,15,30.0
14,2,69.07285
14,3,78.00418
14,4,82.70408
14,5,85.41246
14,6,87.03376
14,7,87.965645
14,8,88.37884
14,9,88.31244
15,0,0.0
15,1,100.0
15,10,100.0
15,11,100.0
15,12,100.0
15,13,100.0
15,14,100.0
15,15,30.0
15,2,100.0
15,3,100.0
15,4,100.0
15,5,100.0
15,6,100.0
15,7,100.0
15,8,100.0
15,9,100.0
2,0,0.0
2,1,1.2862757
2,10,10.116209
2,11,11.366885
2,12,13.258657
2,13,16.36643
2,14,21.631718
2,15,30.0
2,2,2.5391536
2,3,3.729174
2,4,4.834264
2,5,5.842511
2,6,6.75455
2,7,7.586331
2,8,8.373634
2,9,9.18058
3,0,0.0
3,1,1.9707878
3,10,14.7430105
3,11,16.148962
3,12,18.066975
3,13,20.839813
3,14,24.818672
3,15,30.0
3,2,3.886597
3,3,5.698935
3,4,7.3711743
3,5,8.882349
3,6,10.229708
3,7,11.431063
3,8,12.528353
3,9,13.594156
4,0,0.0
4,1,2.7103906
4,10,19.113186
4,11,20.419376
4,12,22.020782
4,13,24.107397
4,14,26.803272
4,15,30.0
4,2,5.3377314
4,3,7.8091106
4,4,10.069551
4,5,12.086468
4,6,13.851384
4,7,15.380397
4,8,16.715096
4,9,17.925194
5,0,0.0
5,1,3.5331855
5,10,23.365753
5,11,24.395084
5,12,25.489786
5,13,26.765999
5,14,28.28716
5,15,30.0
5,2,6.945103
5,3,10.130627
5,4,13.011959
5,5,15.543182
5,6,17.709612
5,7,19.524723
5,8,21.027126
5,9,22.278986
6,0,0.0
6,1,4.477412
6,10,27.676449
6,11,28.306011
6,12,28.77775
6,13,29.179974
6,14,29.57954
6,15,30.0
6,2,8.779195
6,3,12.7568
6,4,16.305067
6,5,19.36538
6,6,21.919918
6,7,23.982548
6,8,25.590488
6,9,26.798628
7,0,0.0
7,1,5.597452
7,10,32.236168
7,11,32.375412
7,12,32.135742
7,13,31.596966
7,14,30.851212
7,15,30.0
7,2,10.937816
7,3,15.812829
7,4,20.086777
7,5,23.694113
7,6,26.622965
7,7,28.895931
7,8,30.554527
7,9,31.649418
8,0,0.0
8,1,6.9747715
8,10,37.244175
8,11,36.824413
8,12,35.793377
8,13,34.221313
8,14,32.22853
8,15,30.0
8,2,13.5621605
8,3,19.470463
8,4,24.535778
8,5,28.702122
8,6,31.982773
8,7,34.424595
8,8,36.08319
8,9,37.009224
9,0,0.0
9,1,8.739662
9,10,42.907692
9,11,41.885376
9,12,39.992577
9,13,37.266747
9,14,33.84179
9,15,30.0
9,2,16.865963
9,3,23.971626
9,4,29.88443
9,5,34.596622
9,6,38.18228
9,7,40.73739
9,8,42.345333
9,9,43.06099
