0,0,0.0
0,1,0.0
0,10,0.0
0,11,0.0
0,12,0.0
0,13,0.0
0,14,0.0
0,15,0.0
0,16,0.0
0,17,0.0
0,18,0.0
0,19,0.0
0,2,0.0
0,20,0.0
0,21,0.0
0,22,0.0
0,23,0.0
0,24,0.0
0,25,0.0
0,26,0.0
0,27,0.0
0,28,0.0
0,29,30.0
0,3,0.0
0,4,0.0
0,5,0.0
0,6,0.0
0,7,0.0
0,8,0.0
0,9,0.0
1,0,0.0
1,1,0.42680758
1,10,3.1059415
1,11,3.2317162
1,12,3.3309033
1,13,3.4085085
1,14,3.4692655
1,15,3.518319
1,16,3.5607514
1,17,3.6021047
1,18,3.6487322
1,19,3.7083888
1,2,0.8441324
1,20,3.7917118
1,21,3.9137092
1,22,4.0978847
1,23,4.3822947
1,24,4.834656
1,25,5.5848675
1,26,6.912241
1,27,9.494684
1,28,15.21334
1,29,30.0
1,3,1.2433175
1,4,1.6164784
1,5,1.9578992
1,6,2.263035
1,7,2.5300925
1,8,2.7583256
1,9,2.949503
10,0,0.0
10,1,3.1043637
10,10,22.566109
10,11,23.470879
10,12,24.179855
10,13,24.7243
10,14,25.136635
10,15,25.446476
10,16,25.681593
10,17,25.866596
10,18,26.02334
10,19,26.171726
10,2,6.140092
10,20,26.329102
10,21,26.51222
10,22,26.73528
10,23,27.011963
10,24,27.351933
10,25,27.762207
10,26,28.242704
10,27,28.787167
10,28,29.380245
10,29,30.0
10,3,9.042395
10,4,11.756367
10,5,14.236929
10,6,16.454948
10,7,18.392965
10,8,20.049955
10,9,21.434145
11,0,0.0
11,1,3.2289538
11,10,23.4674
11,11,24.407835
11,12,25.143358
11,13,25.707844
11,14,26.133448
11,15,26.451294
11,16,26.689045
11,17,26.871376
11,18,27.019808
11,19,27.152658
11,2,6.386157
11,20,27.286379
11,21,27.434513
11,22,27.60966
11,23,27.821222
11,24,28.077232
11,25,28.381165
11,26,28.73337
11,27,29.128134
11,28,29.555378
11,29,30.0
11,3,9.405168
11,4,12.227306
11,5,14.807701
11,6,17.113663
11,7,19.129622
11,8,20.851831
11,9,22.291466
12,0,0.0
12,1,3.3261337
12,10,24.17116
12,11,25.138493
12,12,25.89517
12,13,26.474537
12,14,26.910458
12,15,27.233849
12,16,27.472992
12,17,27.652353
12,18,27.792805
12,19,27.912209
12,2,6.578611
12,20,28.025064
12,21,28.144085
12,22,28.278929
12,23,28.438038
12,24,28.626488
12,25,28.847658
12,26,29.100794
12,27,29.382557
12,28,29.68552
12,29,30.0
12,3,9.688129
12,4,12.59555
12,5,15.252902
12,6,17.628536
12,7,19.7042
12,8,21.478313
12,9,22.960121
13,0,0.0
13,1,3.4004478
13,10,24.707619
13,11,25.696007
13,12,26.468134
13,13,27.059057
13,14,27.502302
13,15,27.829716
13,16,28.069391
13,17,28.245762
13,18,28.379448
13,19,28.487267
13,2,6.7253327
13,20,28.583286
13,21,28.678299
13,22,28.78143
13,23,28.898853
13,24,29.035471
13,25,29.19312
13,26,29.37209
13,27,29.569565
13,28,29.781082
13,29,30.0
13,3,9.904472
13,4,12.876289
13,5,15.593166
13,6,18.021063
13,7,20.143147
13,8,21.955906
13,9,23.470657
14,0,0.0
14,1,3.4558191
14,10,25.107864
14,11,26.111328
14,12,26.895294
14,13,27.494364
14,14,27.943104
14,15,28.27315
14,16,28.512917
14,17,28.686686
14,18,28.81464
14,19,28.913368
14,2,6.83501
14,20,28.995779
14,21,29.07238
14,22,29.150692
14,23,29.236744
14,24,29.333992
14,25,29.444721
14,26,29.568813
14,27,29.70501
14,28,29.850086
14,29,30.0
14,3,10.065668
14,4,13.086084
14,5,15.846699
14,6,18.314262
14,7,20.4702
14,8,22.312458
14,9,23.851028
15,0,0.0
15,1,3.4962826
15,10,25.399273
15,11,26.414076
15,12,27.20625
15,13,27.811409
15,14,28.263857
15,15,28.595741
15,16,28.835346
15,17,29.006893
15,18,29.130444
15,19,29.221962
15,2,6.9148707
15,20,29.294212
15,21,29.356647
15,22,29.416695
15,23,29.479237
15,24,29.54791
15,25,29.624304
15,26,29.709087
15,27,29.801262
15,28,29.899136
15,29,30.0
15,3,10.18344
15,4,13.238848
15,5,16.031857
15,6,18.527758
15,7,20.70892
15,8,22.572071
15,9,24.128494
16,0,0.0
16,1,3.5250738
16,10,25.60695
16,11,26.629461
16,12,27.42768
16,13,28.036915
16,14,28.492043
16,15,28.825066
16,16,29.06443
16,17,29.234268
16,18,29.354382
16,19,29.440655
16,2,6.9719095
16,20,29.505222
16,21,29.557491
16,22,29.604057
16,23,29.649887
16,24,29.697926
16,25,29.750156
16,26,29.80706
16,27,29.868496
16,28,29.933308
16,29,30.0
16,3,10.267238
16,4,13.3479185
16,5,16.1636
16,6,18.68011
16,7,20.878775
16,8,22.757221
16,9,24.32591
17,0,0.0
17,1,3.5451732
17,10,25.751324
17,11,26.779402
17,12,27.581598
17,13,28.193766
17,14,28.650614
17,15,28.984406
17,16,29.223513
17,17,29.392025
17,18,29.50969
17,19,29.59207
17,2,7.011565
17,20,29.651266
17,21,29.696148
17,22,29.733356
17,23,29.767292
17,24,29.801107
17,25,29.836437
17,26,29.874237
17,27,29.914463
17,28,29.956697
17,29,30.0
17,3,10.325725
17,4,13.423747
17,5,16.25551
17,6,18.78603
17,7,20.997198
17,8,22.885937
17,9,24.46345
18,0,0.0
18,1,3.5588255
18,10,25.84957
18,11,26.881237
18,12,27.68625
18,13,28.30028
18,14,28.758324
18,15,29.092571
18,16,29.331451
18,17,29.499031
18,18,29.61491
18,19,29.694633
18,2,7.038616
18,20,29.749994
18,21,29.789879
18,22,29.82053
18,23,29.846453
18,24,29.870464
18,25,29.894459
18,26,29.919275
18,27,29.945312
18,28,29.972355
18,29,30.0
18,3,10.365451
18,4,13.475456
18,5,16.317936
18,6,18.858217
18,7,21.077631
18,8,22.973598
18,9,24.55687
19,0,0.0
19,1,3.567927
19,10,25.914757
19,11,26.948915
19,12,27.755684
19,13,28.371002
19,14,28.82978
19,15,29.164322
19,16,29.403027
19,17,29.569923
19,18,29.684616
19,19,29.762474
19,2,7.056567
19,20,29.815308
19,21,29.85175
19,22,29.87809
19,23,29.898579
19,24,29.916164
19,25,29.932571
19,26,29.948898
19,27,29.965542
19,28,29.982637
19,29,30.0
19,3,10.391928
19,4,13.509766
19,5,16.35952
19,6,18.906115
19,7,21.131176
19,8,23.031765
19,9,24.619003
2,0,0.0
2,1,0.8441304
2,10,6.143098
2,11,6.3914495
2,12,6.5877056
2,13,6.7407475
2,14,6.8606253
2,15,6.9568906
2,16,7.0397096
2,17,7.1196756
2,18,7.20872
2,19,7.3216105
2,2,1.6697074
2,20,7.4773097
2,21,7.703063
2,22,8.038486
2,23,8.546243
2,24,9.327628
2,25,10.55681
2,26,12.541672
2,27,15.834542
2,28,21.349161
2,29,30.0
2,3,2.4590046
2,4,3.1973853
2,5,3.872286
2,6,4.476194
2,7,5.0039473
2,8,5.4557343
2,9,5.833412
20,0,0.0
20,1,3.5738263
20,10,25.957096
20,11,26.992779
20,12,27.800741
20,13,28.416836
20,14,28.876106
20,15,29.21081
20,16,29.449383
20,17,29.615839
20,18,29.729706
20,19,29.806372
20,2,7.0682583
20,20,29.85749
20,21,29.891726
20,22,29.915194
20,23,29.932205
20,24,29.94556
20,25,29.95712
20,26,29.967916
20,27,29.978556
20,28,29.989239
20,29,30.0
20,3,10.409088
20,4,13.532104
20,5,16.386475
20,6,18.937279
20,7,21.165878
20,8,23.069576
20,9,24.659275
21,0,0.0
21,1,3.5775802
21,10,25.983898
21,11,27.020594
21,12,27.829266
21,13,28.445875
21,14,28.90543
21,15,29.240234
21,16,29.478716
21,17,29.64487
21,18,29.758224
21,19,29.834095
21,2,7.075659
21,20,29.884146
21,21,29.916935
21,22,29.938614
21,23,29.953375
21,24,29.96409
21,25,29.97255
21,26,29.97989
21,27,29.986725
21,28,29.993385
21,29,30.0
21,3,10.420006
21,4,13.546244
21,5,16.40361
21,6,18.957003
21,7,21.187927
21,8,23.09351
21,9,24.68484
22,0,0.0
22,1,3.579901
22,10,26.000505
22,11,27.037788
22,12,27.84692
22,13,28.463827
22,14,28.923563
22,15,29.258423
22,16,29.496841
22,17,29.66281
22,18,29.77583
22,19,29.851215
22,2,7.0802584
22,20,29.900581
22,21,29.932495
22,22,29.95303
22,23,29.966427
22,24,29.975485
22,25,29.982048
22,26,29.987246
22,27,29.991749
22,28,29.995934
22,29,30.0
22,3,10.426754
22,4,13.555027
22,5,16.414204
22,6,18.96925
22,7,21.201553
22,8,23.108356
22,9,24.700638
23,0,0.0
23,1,3.5813098
23,10,26.010529
23,11,27.04819
23,12,27.857578
23,13,28.474674
23,14,28.93451
23,15,29.269403
23,16,29.50778
23,17,29.67363
23,18,29.78645
23,19,29.861532
23,2,7.0830355
23,20,29.910492
23,21,29.941856
23,22,29.96172
23,23,29.974274
23,24,29.982344
23,25,29.987759
23,26,29.991667
23,27,29.994768
23,28,29.997463
23,29,30.0
23,3,10.43085
23,4,13.560329
23,5,16.420628
23,6,18.976639
23,7,21.209812
23,8,23.117315
23,9,24.710205
24,0,0.0
24,1,3.5821404
24,10,26.016453
24,11,27.054317
24,12,27.863869
24,13,28.481064
24,14,28.940968
24,15,29.275875
24,16,29.514225
24,17,29.680008
24,18,29.792704
24,19,29.86761
24,2,7.0846815
24,20,29.916325
24,21,29.947374
24,22,29.966827
24,23,29.978891
24,24,29.986372
24,25,29.991112
24,26,29.994267
24,27,29.99654
24,28,29.998363
24,29,30.0
24,3,10.433264
24,4,13.563473
24,5,16.424416
24,6,18.981016
24,7,21.21468
24,8,23.122616
24,9,24.715841
25,0,0.0
25,1,3.582621
25,10,26.019857
25,11,27.05785
25,12,27.867485
25,13,28.484749
25,14,28.94468
25,15,29.279598
25,16,29.517937
25,17,29.683674
25,18,29.7963
25,19,29.871101
25,2,7.0856285
25,20,29.91968
25,21,29.950539
25,22,29.969765
25,23,29.98154
25,24,29.988686
25,25,29.99304
25,26,29.995756
25,27,29.997559
25,28,29.99888
25,29,30.0
25,3,10.434662
25,4,13.565279
25,5,16.426605
25,6,18.983534
25,7,21.21749
25,8,23.125664
25,9,24.719093
26,0,0.0
26,1,3.5828912
26,10,26.021776
26,11,27.05983
26,12,27.869522
26,13,28.486813
26,14,28.946766
26,15,29.281689
26,16,29.52002
26,17,29.685734
26,18,29.79832
26,19,29.873066
26,2,7.0861635
26,20,29.921558
26,21,29.952318
26,22,29.971409
26,23,29.983025
26,24,29.989986
26,25,29.994118
26,26,29.996595
26,27,29.998127
26,28,29.99917
26,29,30.0
26,3,10.435446
26,4,13.5663
26,5,16.427834
26,6,18.984955
26,7,21.219069
26,8,23.127382
26,9,24.72092
27,0,0.0
27,1,3.5830398
27,10,26.022825
27,11,27.060923
27,12,27.870636
27,13,28.487947
27,14,28.94791
27,15,29.282837
27,16,29.52116
27,17,29.686861
27,18,29.799427
27,19,29.87414
27,2,7.0864573
27,20,29.922588
27,21,29.95329
27,22,29.97231
27,23,29.98384
27,24,29.990694
27,25,29.99471
27,26,29.997047
27,27,29.99844
27,28,29.999327
27,29,30.0
27,3,10.435878
27,4,13.56686
27,5,16.42851
27,6,18.985733
27,7,21.219938
27,8,23.128323
27,9,24.721926
28,0,0.0
28,1,3.5831194
28,10,26.02339
28,11,27.061502
28,12,27.871235
28,13,28.488556
28,14,28.94852
28,15,29.283451
28,16,29.52177
28,17,29.687466
28,18,29.800022
28,19,29.874714
28,2,7.0866137
28,20,29.923141
28,21,29.95381
28,22,29.972794
28,23,29.984276
28,24,29.991076
28,25,29.995026
28,26,29.997293
28,27,29.998606
28,28,29.999413
28,29,30.0
28,3,10.43611
28,4,13.56716
28,5,16.428875
28,6,18.986149
28,7,21.220404
28,8,23.128828
28,9,24.722464
29,0,0.0
29,1,3.583161
29,10,26.023685
29,11,27.06181
29,12,27.871544
29,13,28.48887
29,14,28.948841
29,15,29.28377
29,16,29.522087
29,17,29.687778
29,18,29.800327
29,19,29.875015
29,2,7.0866966
29,20,29.923428
29,21,29.954082
29,22,29.973045
29,23,29.984503
29,24,29.991274
29,25,29.995188
29,26,29.997421
29,27,29.998693
29,28,29.999454
29,29,30.0
29,3,10.436231
29,4,13.567318
29,5,16.429062
29,6,18.98637
29,7,21.220646
29,8,23.129093
29,9,24.722744
3,0,0.0
3,1,1.2433081
3,10,9.046581
3,11,9.412507
3,12,9.700796
3,13,9.925843
3,14,10.101231
3,15,10.241526
3,16,10.360888
3,17,10.474363
3,18,10.598609
3,19,10.753044
3,2,2.4589925
3,20,10.962976
3,21,11.261665
3,22,11.697164
3,23,12.338244
3,24,13.288774
3,25,14.7032
3,26,16.809982
3,27,19.916245
3,28,24.330568
3,29,30.0
3,3,3.6218
3,4,4.7087984
3,5,5.7032776
3,6,6.592058
3,7,7.3698435
3,8,8.034527
3,9,8.591175
30,0,0.0
30,1,3.5831826
30,10,26.023832
30,11,27.061962
30,12,27.871704
30,13,28.489033
30,14,28.949001
30,15,29.283936
30,16,29.522251
30,17,29.687939
30,18,29.800484
30,19,29.875166
30,2,7.086739
30,20,29.923574
30,21,29.95422
30,22,29.973173
30,23,29.98462
30,24,29.991375
30,25,29.995275
30,26,29.997484
30,27,29.998737
30,28,29.99948
30,29,30.0
30,3,10.436293
30,4,13.567398
30,5,16.429161
30,6,18.98648
30,7,21.22077
30,8,23.129227
30,9,24.722887
31,0,0.0
31,1,3.5831933
31,10,26.02391
31,11,27.06204
31,12,27.871784
31,13,28.489113
31,14,28.949085
31,15,29.284012
31,16,29.522333
31,17,29.688015
31,18,29.800562
31,19,29.87524
31,2,7.08676
31,20,29.923647
31,21,29.95429
31,22,29.973236
31,23,29.984676
31,24,29.991426
31,25,29.995316
31,26,29.99752
31,27,29.99876
31,28,29.999489
31,29,30.0
31,3,10.436323
31,4,13.567439
31,5,16.429209
31,6,18.986538
31,7,21.220833
31,8,23.129295
31,9,24.722958
32,0,0.0
32,1,3.5831983
32,10,26.023945
32,11,27.062078
32,12,27.87182
32,13,28.489151
32,14,28.949123
32,15,29.284054
32,16,29.52237
32,17,29.688057
32,18,29.800598
32,19,29.875275
32,2,7.08677
32,20,29.923681
32,21,29.954323
32,22,29.973267
32,23,29.984703
32,24,29.99145
32,25,29.995338
32,26,29.997536
32,27,29.998772
32,28,29.999496
32,29,30.0
32,3,10.436339
32,4,13.567457
32,5,16.429234
32,6,18.986563
32,7,21.220863
32,8,23.129326
32,9,24.722992
33,0,0.0
33,1,3.5832007
33,10,26.02396
33,11,27.062096
33,12,27.871841
33,13,28.489168
33,14,28.94914
33,15,29.28407
33,16,29.522388
33,17,29.688074
33,18,29.800617
33,19,29.875294
33,2,7.0867753
33,20,29.923697
33,21,29.954342
33,22,29.97328
33,23,29.984718
33,24,29.99146
33,25,29.995346
33,26,29.997541
33,27,29.998775
33,28,29.999496
33,29,30.0
33,3,10.436346
33,4,13.567467
33,5,16.429243
33,6,18.986576
33,7,21.220877
33,8,23.129345
33,9,24.72301
34,0,0.0
34,1,3.5832021
34,10,26.023972
34,11,27.062103
34,12,27.87185
34,13,28.489178
34,14,28.94915
34,15,29.28408
34,16,29.522396
34,17,29.688084
34,18,29.800625
34,19,29.875301
34,2,7.0867777
34,20,29.923706
34,21,29.954344
34,22,29.97329
34,23,29.984722
34,24,29.991467
34,25,29.99535
34,26,29.997547
34,27,29.998777
34,28,29.9995
34,29,30.0
34,3,10.436349
34,4,13.567471
34,5,16.429249
34,6,18.986582
34,7,21.220884
34,8,23.129349
34,9,24.723015
35,0,0.0
35,1,3.5832026
35,10,26.023972
35,11,27.062109
35,12,27.871853
35,13,28.489183
35,14,28.949154
35,15,29.284084
35,16,29.522402
35,17,29.688087
35,18,29.800629
35,19,29.875305
35,2,7.086778
35,20,29.923706
35,21,29.95435
35,22,29.97329
35,23,29.98473
35,24,29.991467
35,25,29.995354
35,26,29.997547
35,27,29.99878
35,28,29.9995
35,29,30.0
35,3,10.436352
35,4,13.567472
35,5,16.429249
35,6,18.986584
35,7,21.220886
35,8,23.129354
35,9,24.72302
36,0,0.0
36,1,3.5832028
36,10,26.023975
36,11,27.06211
36,12,27.871855
36,13,28.489185
36,14,28.949156
36,15,29.284086
36,16,29.522402
36,17,29.688087
36,18,29.800629
36,19,29.875307
36,2,7.0867786
36,20,29.923712
36,21,29.95435
36,22,29.973293
36,23,29.984726
36,24,29.99147
36,25,29.995354
36,26,29.99755
36,27,29.99878
36,28,29.9995
36,29,30.0
36,3,10.436352
36,4,13.567473
36,5,16.429249
36,6,18.986586
36,7,21.220888
36,8,23.129356
36,9,24.723022
37,0,0.0
37,1,3.5832028
37,10,26.023975
37,11,27.06211
37,12,27.871855
37,13,28.489185
37,14,28.949156
37,15,29.284086
37,16,29.522404
37,17,29.688087
37,18,29.800629
37,19,29.875307
37,2,7.0867786
37,20,29.923712
37,21,29.954351
37,22,29.973293
37,23,29.984728
37,24,29.991468
37,25,29.995354
37,26,29.99755
37,27,29.998781
37,28,29.9995
37,29,30.0
37,3,10.436352
37,4,13.567473
37,5,16.429253
37,6,18.986586
37,7,21.22089
37,8,23.129356
37,9,24.723024
38,0,0.0
38,1,3.5832028
38,10,26.023975
38,11,27.06211
38,12,27.871855
38,13,28.489185
38,14,28.949156
38,15,29.284086
38,16,29.522402
38,17,29.688091
38,18,29.800629
38,19,29.875307
38,2,7.0867786
38,20,29.923712
38,21,29.954351
38,22,29.973293
38,23,29.984726
38,24,29.991468
38,25,29.995354
38,26,29.99755
38,27,29.998781
38,28,29.9995
38,29,30.0
38,3,10.436352
38,4,13.567474
38,5,16.429253
38,6,18.986588
38,7,21.220888
38,8,23.129356
38,9,24.723022
39,0,0.0
39,1,3.5832028
39,10,26.023975
39,11,27.06211
39,12,27.871855
39,13,28.489185
39,14,28.949156
39,15,29.284088
39,16,29.522404
39,17,29.68809
39,18,29.800629
39,19,29.875309
39,2,7.0867786
39,20,29.923712
39,21,29.954353
39,22,29.973291
39,23,29.984726
39,24,29.99147
39,25,29.995352
39,26,29.99755
39,27,29.99878
39,28,29.9995
39,29,30.0
39,3,10.436352
39,4,13.567474
39,5,16.429253
39,6,18.986586
39,7,21.220888
39,8,23.129356
39,9,24.723022
4,0,0.0
4,1,1.6164523
4,10,11.761354
4,11,12.236122
4,12,12.610702
4,13,12.90192
4,14,13.128531
4,15,13.308161
4,16,13.459091
4,17,13.599722
4,18,13.749779
4,19,13.932251
4,2,3.1973422
4,20,14.174458
4,21,14.512591
4,22,14.993542
4,23,15.682394
4,24,16.665663
4,25,18.059044
4,26,20.002657
4,27,22.63878
4,28,26.030756
4,29,30.0
4,3,4.7087584
4,4,6.122581
4,5,7.4148474
4,6,8.571042
4,7,9.581408
4,8,10.446157
4,9,11.168959
40,0,0.0
40,1,3.5832028
40,10,26.023977
40,11,27.062109
40,12,27.871855
40,13,28.489185
40,14,28.949158
40,15,29.284086
40,16,29.522404
40,17,29.688087
40,18,29.800632
40,19,29.875309
40,2,7.086779
40,20,29.923712
40,21,29.954351
40,22,29.973293
40,23,29.984726
40,24,29.991467
40,25,29.995354
40,26,29.997547
40,27,29.99878
40,28,29.9995
40,29,30.0
40,3,10.436352
40,4,13.567474
40,5,16.429253
40,6,18.986588
40,7,21.220886
40,8,23.129353
40,9,24.723022
41,0,0.0
41,1,3.5832028
41,10,26.023973
41,11,27.06211
41,12,27.871855
41,13,28.489187
41,14,28.949156
41,15,29.284088
41,16,29.522404
41,17,29.68809
41,18,29.800632
41,19,29.875309
41,2,7.086779
41,20,29.92371
41,21,29.95435
41,22,29.973291
41,23,29.984726
41,24,29.99147
41,25,29.99535
41,26,29.997547
41,27,29.99878
41,28,29.9995
41,29,30.0
41,3,10.436352
41,4,13.567473
41,5,16.429253
41,6,18.986584
41,7,21.220888
41,8,23.129353
41,9,24.723022
42,0,0.0
42,1,3.5832028
42,10,26.023977
42,11,27.062109
42,12,27.871857
42,13,28.489185
42,14,28.949158
42,15,29.284086
42,16,29.522404
42,17,29.68809
42,18,29.800632
42,19,29.875309
42,2,7.0867786
42,20,29.923712
42,21,29.954351
42,22,29.973293
42,23,29.984726
42,24,29.991467
42,25,29.995352
42,26,29.997547
42,27,29.99878
42,28,29.9995
42,29,30.0
42,3,10.436351
42,4,13.567474
42,5,16.42925
42,6,18.986584
42,7,21.220886
42,8,23.129354
42,9,24.723022
43,0,0.0
43,1,3.5832028
43,10,26.023973
43,11,27.06211
43,12,27.871855
43,13,28.489185
43,14,28.949156
43,15,29.284088
43,16,29.522404
43,17,29.688091
43,18,29.80063
43,19,29.87531
43,2,7.0867786
43,20,29.92371
43,21,29.954351
43,22,29.973291
43,23,29.984728
43,24,29.991467
43,25,29.995352
43,26,29.997547
43,27,29.99878
43,28,29.999498
43,29,30.0
43,3,10.436351
43,4,13.567472
43,5,16.429253
43,6,18.986584
43,7,21.220886
43,8,23.129353
43,9,24.723022
44,0,0.0
44,1,3.5832026
44,10,26.023973
44,11,27.062109
44,12,27.871855
44,13,28.489185
44,14,28.949158
44,15,29.284086
44,16,29.522404
44,17,29.688087
44,18,29.800632
44,19,29.875305
44,2,7.0867786
44,20,29.923712
44,21,29.954351
44,22,29.973293
44,23,29.984726
44,24,29.99147
44,25,29.99535
44,26,29.997547
44,27,29.99878
44,28,29.9995
44,29,30.0
44,3,10.436351
44,4,13.567472
44,5,16.42925
44,6,18.986586
44,7,21.220888
44,8,23.129353
44,9,24.72302
45,0,0.0
45,1,3.5832028
45,10,26.023973
45,11,27.062109
45,12,27.871855
45,13,28.489185
45,14,28.949156
45,15,29.284088
45,16,29.5224
45,17,29.688091
45,18,29.800629
45,19,29.875309
45,2,7.0867786
45,20,29.92371
45,21,29.954351
45,22,29.973291
45,23,29.98473
45,24,29.991467
45,25,29.995354
45,26,29.997547
45,27,29.99878
45,28,29.9995
45,29,30.0
45,3,10.43635
45,4,13.567472
45,5,16.429253
45,6,18.986584
45,7,21.220886
45,8,23.129356
45,9,24.723019
46,0,0.0
46,1,3.5832028
46,10,26.023975
46,11,27.062109
46,12,27.871855
46,13,28.489182
46,14,28.949158
46,15,29.284084
46,16,29.522404
46,17,29.688087
46,18,29.80063
46,19,29.875305
46,2,7.0867786
46,20,29.923712
46,21,29.954351
46,22,29.973293
46,23,29.984726
46,24,29.99147
46,25,29.99535
46,26,29.997547
46,27,29.99878
46,28,29.9995
46,29,30.0
46,3,10.43635
46,4,13.567472
46,5,16.42925
46,6,18.986584
46,7,21.220886
46,8,23.129356
46,9,24.72302
47,0,0.0
47,1,3.5832028
47,10,26.023975
47,11,27.06211
47,12,27.871853
47,13,28.489185
47,14,28.949154
47,15,29.284088
47,16,29.5224
47,17,29.68809
47,18,29.800629
47,19,29.875309
47,2,7.0867786
47,20,29.92371
47,21,29.954353
47,22,29.973291
47,23,29.984728
47,24,29.991467
47,25,29.995354
47,26,29.997547
47,27,29.99878
47,28,29.999498
47,29,30.0
47,3,10.43635
47,4,13.567472
47,5,16.42925
47,6,18.986584
47,7,21.220888
47,8,23.129356
47,9,24.723022
48,0,0.0
48,1,3.5832028
48,10,26.023975
48,11,27.062107
48,12,27.871855
48,13,28.489182
48,14,28.949158
48,15,29.284084
48,16,29.522404
48,17,29.688087
48,18,29.800632
48,19,29.875307
48,2,7.0867786
48,20,29.923712
48,21,29.95435
48,22,29.973293
48,23,29.984726
48,24,29.991468
48,25,29.99535
48,26,29.99755
48,27,29.99878
48,28,29.999498
48,29,30.0
48,3,10.436352
48,4,13.567473
48,5,16.42925
48,6,18.986584
48,7,21.220888
48,8,23.129356
48,9,24.723022
49,0,0.0
49,1,3.5832026
49,10,26.023973
49,11,27.062109
49,12,27.871853
49,13,28.489185
49,14,28.949156
49,15,29.284086
49,16,29.522402
49,17,29.68809
49,18,29.80063
49,19,29.875309
49,2,7.0867786
49,20,29.92371
49,21,29.954351
49,22,29.973291
49,23,29.984726
49,24,29.991467
49,25,29.995354
49,26,29.997547
49,27,29.99878
49,28,29.999498
49,29,30.0
49,3,10.436352
49,4,13.567472
49,5,16.42925
49,6,18.986586
49,7,21.220888
49,8,23.129356
49,9,24.723022
5,0,0.0
5,1,1.9578385
5,10,14.242335
5,11,14.8172655
5,12,15.2694435
5,13,15.621037
5,14,15.8929
5,15,16.106901
5,16,16.283745
5,17,16.444508
5,18,16.611183
5,19,16.807539
5,2,3.8721771
5,20,17.062075
5,21,17.408379
5,22,17.889957
5,23,18.559889
5,24,19.485275
5,25,20.742306
5,26,22.40983
5,27,24.541723
5,28,27.121824
5,29,30.0
5,3,5.703148
5,4,7.414744
5,5,8.980475
5,6,10.379771
5,7,11.604073
5,8,12.650259
5,9,13.526072
50,0,0.0
50,1,3.5832028
50,10,26.023973
50,11,27.062109
50,12,27.871855
50,13,28.489185
50,14,28.949156
50,15,29.284086
50,16,29.522402
50,17,29.688087
50,18,29.800632
50,19,29.875305
50,2,7.0867786
50,20,29.923712
50,21,29.95435
50,22,29.973293
50,23,29.984726
50,24,29.991467
50,25,29.99535
50,26,29.997547
50,27,29.99878
50,28,29.999498
50,29,30.0
50,3,10.436352
50,4,13.567473
50,5,16.42925
50,6,18.986586
50,7,21.220886
50,8,23.129356
50,9,24.723022
51,0,0.0
51,1,3.5832028
51,10,26.023975
51,11,27.062109
51,12,27.871855
51,13,28.489185
51,14,28.949156
51,15,29.284084
51,16,29.522402
51,17,29.68809
51,18,29.800629
51,19,29.87531
51,2,7.0867786
51,20,29.92371
51,21,29.954351
51,22,29.973293
51,23,29.984728
51,24,29.991468
51,25,29.995352
51,26,29.997547
51,27,29.998777
51,28,29.999498
51,29,30.0
51,3,10.436352
51,4,13.567473
51,5,16.429253
51,6,18.986586
51,7,21.220888
51,8,23.129353
51,9,24.723022
52,0,0.0
52,1,3.5832028
52,10,26.023972
52,11,27.062109
52,12,27.871853
52,13,28.489185
52,14,28.949158
52,15,29.284084
52,16,29.522404
52,17,29.688087
52,18,29.80063
52,19,29.875309
52,2,7.0867786
52,20,29.92371
52,21,29.95435
52,22,29.973295
52,23,29.984726
52,24,29.991468
52,25,29.99535
52,26,29.997547
52,27,29.998777
52,28,29.999498
52,29,30.0
52,3,10.436351
52,4,13.567472
52,5,16.42925
52,6,18.986584
52,7,21.220888
52,8,23.129353
52,9,24.723022
53,0,0.0
53,1,3.5832028
53,10,26.023975
53,11,27.062107
53,12,27.871855
53,13,28.489183
53,14,28.949156
53,15,29.284088
53,16,29.5224
53,17,29.688087
53,18,29.800629
53,19,29.875309
53,2,7.0867786
53,20,29.92371
53,21,29.954353
53,22,29.973293
53,23,29.98473
53,24,29.991467
53,25,29.995354
53,26,29.997545
53,27,29.99878
53,28,29.999498
53,29,30.0
53,3,10.436352
53,4,13.567472
53,5,16.429253
53,6,18.986586
53,7,21.220888
53,8,23.129356
53,9,24.723022
54,0,0.0
54,1,3.5832028
54,10,26.023972
54,11,27.062107
54,12,27.871853
54,13,28.489185
54,14,28.949158
54,15,29.284084
54,16,29.522404
54,17,29.688087
54,18,29.800629
54,19,29.875305
54,2,7.0867786
54,20,29.923712
54,21,29.95435
54,22,29.973293
54,23,29.984728
54,24,29.99147
54,25,29.995354
54,26,29.997547
54,27,29.998777
54,28,29.999498
54,29,30.0
54,3,10.436351
54,4,13.567474
54,5,16.429253
54,6,18.986584
54,7,21.220888
54,8,23.129356
54,9,24.723022
55,0,0.0
55,1,3.5832028
55,10,26.023973
55,11,27.062109
55,12,27.871853
55,13,28.489185
55,14,28.949156
55,15,29.284086
55,16,29.522404
55,17,29.688087
55,18,29.800629
55,19,29.875307
55,2,7.086779
55,20,29.923712
55,21,29.954351
55,22,29.973293
55,23,29.98473
55,24,29.99147
55,25,29.995354
55,26,29.997547
55,27,29.99878
55,28,29.999498
55,29,30.0
55,3,10.436352
55,4,13.567473
55,5,16.42925
55,6,18.986588
55,7,21.220886
55,8,23.129356
55,9,24.72302
56,0,0.0
56,1,3.5832028
56,10,26.023973
56,11,27.062107
56,12,27.871855
56,13,28.489185
56,14,28.949156
56,15,29.284086
56,16,29.522404
56,17,29.688087
56,18,29.800629
56,19,29.875309
56,2,7.086779
56,20,29.923712
56,21,29.954351
56,22,29.973291
56,23,29.98473
56,24,29.991468
56,25,29.995354
56,26,29.997547
56,27,29.99878
56,28,29.9995
56,29,30.0
56,3,10.436352
56,4,13.567474
56,5,16.429253
56,6,18.986586
56,7,21.220888
56,8,23.129353
56,9,24.723022
57,0,0.0
57,1,3.5832026
57,10,26.023975
57,11,27.062109
57,12,27.871853
57,13,28.489185
57,14,28.949156
57,15,29.284084
57,16,29.522402
57,17,29.688087
57,18,29.800629
57,19,29.875309
57,2,7.086779
57,20,29.92371
57,21,29.95435
57,22,29.973293
57,23,29.984726
57,24,29.991468
57,25,29.995354
57,26,29.997547
57,27,29.99878
57,28,29.9995
57,29,30.0
57,3,10.436352
57,4,13.567475
57,5,16.42925
57,6,18.986588
57,7,21.220886
57,8,23.129356
57,9,24.723019
58,0,0.0
58,1,3.5832028
58,10,26.023973
58,11,27.06211
58,12,27.871855
58,13,28.489185
58,14,28.949156
58,15,29.284086
58,16,29.5224
58,17,29.68809
58,18,29.800629
58,19,29.875307
58,2,7.086778
58,20,29.92371
58,21,29.954351
58,22,29.973291
58,23,29.984728
58,24,29.991468
58,25,29.995354
58,26,29.997547
58,27,29.99878
58,28,29.9995
58,29,30.0
58,3,10.436352
58,4,13.567472
58,5,16.429253
58,6,18.986584
58,7,21.22089
58,8,23.129353
58,9,24.723022
59,0,0.0
59,1,3.5832021
59,10,26.023975
59,11,27.062109
59,12,27.871857
59,13,28.489185
59,14,28.949158
59,15,29.284084
59,16,29.522404
59,17,29.688087
59,18,29.800629
59,19,29.875309
59,2,7.086779
59,20,29.92371
59,21,29.954351
59,22,29.973293
59,23,29.984726
59,24,29.991468
59,25,29.995352
59,26,29.997547
59,27,29.99878
59,28,29.9995
59,29,30.0
59,3,10.43635
59,4,13.567473
59,5,16.429249
59,6,18.986586
59,7,21.220888
59,8,23.129356
59,9,24.723019
6,0,0.0
6,1,2.2629068
6,10,16.460302
6,11,17.123323
6,12,17.645264
6,13,18.049376
6,14,18.360994
6,15,18.603632
6,16,18.800861
6,17,18.97533
6,18,19.14979
6,19,19.348688
6,2,4.475957
6,20,19.598248
6,21,19.929878
6,22,20.37899
6,23,20.9886
6,24,21.805187
6,25,22.878014
6,26,24.246325
6,27,25.92514
6,28,27.878376
6,29,30.0
6,3,6.5917487
6,4,8.5707245
6,5,10.379538
6,6,11.997599
6,7,13.41152
6,8,14.621286
6,9,15.63228
60,0,0.0
60,1,3.5832028
60,10,26.023973
60,11,27.06211
60,12,27.871853
60,13,28.489185
60,14,28.949156
60,15,29.284088
60,16,29.5224
60,17,29.688087
60,18,29.800629
60,19,29.875305
60,2,7.0867777
60,20,29.923712
60,21,29.95435
60,22,29.973291
60,23,29.984726
60,24,29.991468
60,25,29.995354
60,26,29.997547
60,27,29.99878
60,28,29.9995
60,29,30.0
60,3,10.436352
60,4,13.5674715
60,5,16.429253
60,6,18.986584
60,7,21.220888
60,8,23.12935
60,9,24.723022
61,0,0.0
61,1,3.5832021
61,10,26.02398
61,11,27.062109
61,12,27.871857
61,13,28.489185
61,14,28.949158
61,15,29.284084
61,16,29.522406
61,17,29.688087
61,18,29.80063
61,19,29.875309
61,2,7.086779
61,20,29.92371
61,21,29.95435
61,22,29.973293
61,23,29.984726
61,24,29.991468
61,25,29.995354
61,26,29.997547
61,27,29.99878
61,28,29.9995
61,29,30.0
61,3,10.43635
61,4,13.567473
61,5,16.429249
61,6,18.986588
61,7,21.220886
61,8,23.129356
61,9,24.723019
62,0,0.0
62,1,3.5832028
62,10,26.023975
62,11,27.06211
62,12,27.871855
62,13,28.489185
62,14,28.949158
62,15,29.28409
62,16,29.522404
62,17,29.688091
62,18,29.800632
62,19,29.875309
62,2,7.0867777
62,20,29.92371
62,21,29.954351
62,22,29.973293
62,23,29.98473
62,24,29.991468
62,25,29.995354
62,26,29.997547
62,27,29.99878
62,28,29.9995
62,29,30.0
62,3,10.436352
62,4,13.567472
62,5,16.429253
62,6,18.986584
62,7,21.22089
62,8,23.129353
62,9,24.723024
63,0,0.0
63,1,3.5832024
63,10,26.02398
63,11,27.062113
63,12,27.871857
63,13,28.489187
63,14,28.949158
63,15,29.284088
63,16,29.522406
63,17,29.688093
63,18,29.800632
63,19,29.87531
63,2,7.0867796
63,20,29.923714
63,21,29.954355
63,22,29.973297
63,23,29.98473
63,24,29.991472
63,25,29.995354
63,26,29.997547
63,27,29.99878
63,28,29.9995
63,29,30.0
63,3,10.43635
63,4,13.567476
63,5,16.429253
63,6,18.986588
63,7,21.220888
63,8,23.129358
63,9,24.723022
64,0,0.0
64,1,3.5832038
64,10,26.023981
64,11,27.062117
64,12,27.87186
64,13,28.489193
64,14,28.949163
64,15,29.284094
64,16,29.522408
64,17,29.688099
64,18,29.800638
64,19,29.875317
64,2,7.0867786
64,20,29.923717
64,21,29.954357
64,22,29.973299
64,23,29.984734
64,24,29.991472
64,25,29.995358
64,26,29.997551
64,27,29.99878
64,28,29.999498
64,29,30.0
64,3,10.436355
64,4,13.567474
64,5,16.429256
64,6,18.986588
64,7,21.220894
64,8,23.129356
64,9,24.723028
65,0,0.0
65,1,3.5832043
65,10,26.02399
65,11,27.062124
65,12,27.87187
65,13,28.4892
65,14,28.949173
65,15,29.284103
65,16,29.522419
65,17,29.688103
65,18,29.800648
65,19,29.875322
65,2,7.086783
65,20,29.923725
65,21,29.954365
65,22,29.973307
65,23,29.98474
65,24,29.991478
65,25,29.99536
65,26,29.997553
65,27,29.998783
65,28,29.9995
65,29,30.0
65,3,10.436356
65,4,13.567481
65,5,16.42926
65,6,18.986595
65,7,21.220898
65,8,23.129368
65,9,24.723034
66,0,0.0
66,1,3.5832076
66,10,26.024008
66,11,27.062145
66,12,27.871891
66,13,28.489222
66,14,28.949192
66,15,29.28412
66,16,29.522438
66,17,29.688122
66,18,29.800663
66,19,29.875343
66,2,7.086787
66,20,29.92374
66,21,29.954384
66,22,29.97332
66,23,29.984753
66,24,29.99149
66,25,29.995369
66,26,29.997559
66,27,29.998789
66,28,29.999502
66,29,30.0
66,3,10.436365
66,4,13.56749
66,5,16.429274
66,6,18.986609
66,7,21.220915
66,8,23.129381
66,9,24.723053
67,0,0.0
67,1,3.5832133
67,10,26.024048
67,11,27.062185
67,12,27.871933
67,13,28.489264
67,14,28.949234
67,15,29.284166
67,16,29.52248
67,17,29.688166
67,18,29.800705
67,19,29.875381
67,2,7.0867996
67,20,29.923782
67,21,29.954418
67,22,29.973354
67,23,29.984781
67,24,29.991516
67,25,29.995392
67,26,29.997578
67,27,29.998798
67,28,29.99951
67,29,30.0
67,3,10.436381
67,4,13.567514
67,5,16.429298
67,6,18.98664
67,7,21.220947
67,8,23.12942
67,9,24.723091
68,0,0.0
68,1,3.5832262
68,10,26.024134
68,11,27.062273
68,12,27.87202
68,13,28.489353
68,14,28.949327
68,15,29.284256
68,16,29.522573
68,17,29.688255
68,18,29.800795
68,19,29.875467
68,2,7.0868244
68,20,29.923862
68,21,29.954494
68,22,29.973425
68,23,29.984848
68,24,29.991573
68,25,29.995438
68,26,29.997614
68,27,29.998823
68,28,29.999523
68,29,30.0
68,3,10.4364195
68,4,13.56756
68,5,16.42936
68,6,18.986706
68,7,21.221022
68,8,23.129498
68,9,24.723173
69,0,0.0
69,1,3.5832524
69,10,26.024311
69,11,27.062454
69,12,27.872208
69,13,28.489542
69,14,28.949516
69,15,29.284447
69,16,29.522758
69,17,29.688444
69,18,29.800976
69,19,29.875645
69,2,7.086877
69,20,29.924032
69,21,29.954655
69,22,29.973576
69,23,29.98498
69,24,29.99169
69,25,29.995537
69,26,29.99769
69,27,29.998877
69,28,29.999548
69,29,30.0
69,3,10.436494
69,4,13.567659
69,5,16.429474
69,6,18.986843
69,7,21.221169
69,8,23.12966
69,9,24.723343
7,0,0.0
7,1,2.5298405
7,10,18.397842
7,11,19.13867
7,12,19.720148
7,13,20.170156
7,14,20.514923
7,15,20.781189
7,16,20.993591
7,17,21.176006
7,18,21.35172
7,19,21.543766
7,2,5.0034695
7,20,21.777182
7,21,22.077993
7,22,22.476315
7,23,23.00314
7,24,23.691925
7,25,24.571175
7,26,25.660587
7,27,26.957539
7,28,28.428276
7,29,30.0
7,3,7.369202
7,4,9.580684
7,5,11.603394
7,6,13.411052
7,7,14.992239
7,8,16.343266
7,9,17.473724
70,0,0.0
70,1,3.5833058
70,10,26.02467
70,11,27.062824
70,12,27.872585
70,13,28.489925
70,14,28.949898
70,15,29.28483
70,16,29.523142
70,17,29.688816
70,18,29.801346
70,19,29.876
70,2,7.086982
70,20,29.924374
70,21,29.954977
70,22,29.973873
70,23,29.985252
70,24,29.991924
70,25,29.995731
70,26,29.997839
70,27,29.99898
70,28,29.999601
70,29,30.0
70,3,10.436649
70,4,13.567858
70,5,16.429714
70,6,18.987116
70,7,21.221474
70,8,23.129986
70,9,24.72369
71,0,0.0
71,1,3.5834107
71,10,26.025375
71,11,27.063549
71,12,27.873325
71,13,28.49067
71,14,28.950653
71,15,29.285576
71,16,29.523888
71,17,29.689554
71,18,29.802065
71,19,29.8767
71,2,7.0871887
71,20,29.925045
71,21,29.955608
71,22,29.974459
71,23,29.985779
71,24,29.992386
71,25,29.996115
71,26,29.998138
71,27,29.999182
71,28,29.999704
71,29,30.0
71,3,10.436952
71,4,13.568249
71,5,16.430183
71,6,18.987652
71,7,21.222069
71,8,23.130629
71,9,24.724367
72,0,0.0
72,1,3.5836127
72,10,26.026728
72,11,27.064941
72,12,27.87474
72,13,28.492105
72,14,28.95209
72,15,29.28702
72,16,29.525314
72,17,29.690968
72,18,29.803448
72,19,29.87804
72,2,7.087587
72,20,29.92633
72,21,29.956825
72,22,29.975582
72,23,29.986794
72,24,29.99327
72,25,29.996853
72,26,29.998707
72,27,29.99957
72,28,29.9999
72,29,30.0
72,3,10.437534
72,4,13.569001
72,5,16.431084
72,6,18.988684
72,7,21.22321
72,8,23.131857
72,9,24.725668
73,0,0.0
73,1,3.583991
73,10,26.029263
73,11,27.067547
73,12,27.877396
73,13,28.49479
73,14,28.954792
73,15,29.289713
73,16,29.527996
73,17,29.693605
73,18,29.806034
73,19,29.88055
73,2,7.088332
73,20,29.928738
73,21,29.959095
73,22,29.977686
73,23,29.988691
73,24,29.994928
73,25,29.998226
73,26,29.999773
73,27,30.000296
73,28,30.000269
73,29,30.0
73,3,10.438627
73,4,13.57041
73,5,16.432775
73,6,18.990616
73,7,21.225346
73,8,23.13416
73,9,24.7281
74,0,0.0
74,1,3.5846837
74,10,26.033886
74,11,27.072306
74,12,27.882242
74,13,28.499693
74,14,28.959713
74,15,29.294638
74,16,29.53288
74,17,29.698431
74,18,29.81076
74,19,29.885134
74,2,7.089698
74,20,29.933128
74,21,29.963245
74,22,29.981527
74,23,29.992165
74,24,29.997953
74,25,30.000748
74,26,30.00172
74,27,30.001629
74,28,30.000944
74,29,30.0
74,3,10.440625
74,4,13.5729885
74,5,16.435867
74,6,18.994154
74,7,21.229252
74,8,23.138369
74,9,24.732548
75,0,0.0
75,1,3.5859232
75,10,26.04214
75,11,27.080788
75,12,27.890884
75,13,28.508429
75,14,28.968494
75,15,29.303404
75,16,29.541592
75,17,29.707024
75,18,29.819176
75,19,29.893301
75,2,7.092139
75,20,29.940964
75,21,29.970638
75,22,29.98838
75,23,29.998344
75,24,30.003357
75,25,30.005238
75,26,30.005203
75,27,30.003998
75,28,30.002148
75,29,30.0
75,3,10.4442005
75,4,13.577596
75,5,16.441397
75,6,19.00047
75,7,21.23623
75,8,23.145878
75,9,24.740479
76,0,0.0
76,1,3.588087
76,10,26.056507
76,11,27.095552
76,12,27.90592
76,13,28.523626
76,14,28.98376
76,15,29.318657
76,16,29.556736
76,17,29.721973
76,18,29.833815
76,19,29.90751
76,2,7.096405
76,20,29.954586
76,21,29.983517
76,22,30.000301
76,23,30.009123
76,24,30.012754
76,25,30.013073
76,26,30.011257
76,27,30.008137
76,28,30.004242
76,29,30.0
76,3,10.450439
76,4,13.585644
76,5,16.451038
76,6,19.01149
76,7,21.248392
76,8,23.158974
76,9,24.754293
77,0,0.0
77,1,3.5917857
77,10,26.080927
77,11,27.120644
77,12,27.931461
77,13,28.54944
77,14,29.009686
77,15,29.344547
77,16,29.582455
77,17,29.747353
77,18,29.858685
77,19,29.93164
77,2,7.1036844
77,20,29.977745
77,21,30.005386
77,22,30.020592
77,23,30.027437
77,24,30.028767
77,25,30.026388
77,26,30.021584
77,27,30.015175
77,28,30.007818
77,29,30.0
77,3,10.461095
77,4,13.599365
77,5,16.467485
77,6,19.03026
77,7,21.269112
77,8,23.181246
77,9,24.777802
78,0,0.0
78,1,3.5979557
78,10,26.12149
78,11,27.162285
78,12,27.973835
78,13,28.592247
78,14,29.052671
78,15,29.387482
78,16,29.625084
78,17,29.789444
78,18,29.899914
78,19,29.97169
78,2,7.115842
78,20,30.016151
78,21,30.041725
78,22,30.054256
78,23,30.057903
78,24,30.055355
78,25,30.048563
78,26,30.038746
78,27,30.026907
78,28,30.013762
78,29,30.0
78,3,10.478861
78,4,13.622256
78,5,16.494877
78,6,19.061527
78,7,21.303568
78,8,23.218296
78,9,24.816841
79,0,0.0
79,1,3.6080375
79,10,26.187267
79,11,27.229792
79,12,28.042488
79,13,28.661581
79,14,29.122284
79,15,29.456984
79,16,29.69413
79,17,29.857584
79,18,29.966722
79,19,30.036543
79,2,7.1356735
79,20,30.078457
79,21,30.100613
79,22,30.108936
79,23,30.107319
79,24,30.098604
79,25,30.084568
79,26,30.066689
79,27,30.045969
79,28,30.023449
79,29,30.0
79,3,10.507862
79,4,13.659553
79,5,16.539516
79,6,19.112389
79,7,21.359617
79,8,23.278458
79,9,24.880238
8,0,0.0
8,1,2.757846
8,10,20.05384
8,11,20.859688
8,12,21.492537
8,13,21.980389
8,14,22.35301
8,15,22.637726
8,16,22.860981
8,17,23.04707
8,18,23.218822
8,19,23.398727
8,2,5.4548264
8,20,23.608412
8,21,23.87114
8,22,24.209549
8,23,24.648003
8,24,25.207754
8,25,25.907082
8,26,26.753254
8,27,27.739647
8,28,28.838104
8,29,30.0
8,3,8.033275
8,4,10.444703
8,5,12.648762
8,6,14.619969
8,7,16.342403
8,8,17.815605
8,9,19.046495
80,0,0.0
80,1,3.624132
80,10,26.291536
80,11,27.336685
80,12,28.151155
80,13,28.771276
80,14,29.232376
80,15,29.566921
80,16,29.803297
80,17,29.965405
80,18,30.072384
80,19,30.139256
80,2,7.167361
80,20,30.177061
80,21,30.194004
80,22,30.195576
80,23,30.185818
80,24,30.167221
80,25,30.141857
80,26,30.111076
80,27,30.076338
80,28,30.038843
80,29,30.0
80,3,10.55411
80,4,13.719053
80,5,16.610579
80,6,19.193352
80,7,21.448662
80,8,23.37402
80,9,24.980759
81,0,0.0
81,1,3.6493134
81,10,26.452974
81,11,27.502113
81,12,28.319178
81,13,28.940815
81,14,29.402494
81,15,29.736736
81,16,29.971996
81,17,30.131956
81,18,30.23579
81,19,30.298033
81,2,7.216853
81,20,30.329767
81,21,30.33855
81,22,30.329994
81,23,30.30751
81,24,30.273888
81,25,30.230816
81,26,30.180199
81,27,30.123547
81,28,30.062843
81,29,30.0
81,3,10.626374
81,4,13.811817
81,5,16.721361
81,6,19.319275
81,7,21.587097
81,8,23.522274
81,9,25.136639
82,0,0.0
82,1,3.6878533
82,10,26.697388
82,11,27.752222
82,12,28.57307
82,13,29.196835
82,14,29.659283
82,15,29.99308
82,16,30.226582
82,17,30.383505
82,18,30.482508
82,19,30.53814
82,2,7.292638
82,20,30.560614
82,21,30.557552
82,22,30.533571
82,23,30.492317
82,24,30.43578
82,25,30.366228
82,26,30.285309
82,27,30.195536
82,28,30.099377
82,29,30.0
82,3,10.736797
82,4,13.953539
82,5,16.890186
82,6,19.511055
82,7,21.797415
82,8,23.74734
82,9,25.3728
83,0,0.0
83,1,3.7457201
83,10,27.058964
83,11,28.121922
83,12,28.947935
83,13,29.57463
83,14,30.038078
83,15,30.371094
83,16,30.602152
83,17,30.75452
83,18,30.846848
83,19,30.89267
83,2,7.406222
83,20,30.902157
83,21,30.881552
83,22,30.835548
83,23,30.766424
83,24,30.676624
83,25,30.567598
83,26,30.442083
83,27,30.302807
83,28,30.153955
83,29,30.0
83,3,10.902263
83,4,14.16536
83,5,17.1423
83,6,19.79665
83,7,22.110268
83,8,24.081284
83,9,25.72284
84,0,0.0
84,1,3.8308477
84,10,27.582182
84,11,28.655972
84,12,29.488993
84,13,30.119453
84,14,30.584074
84,15,30.915966
84,16,31.143387
84,17,31.28964
84,18,31.372337
84,19,31.404873
84,2,7.573311
84,20,31.395702
84,21,31.35091
84,22,31.273151
84,23,31.16486
84,24,31.026796
84,25,30.86133
84,26,30.670725
84,27,30.459702
84,28,30.2337
84,29,30.0
84,3,11.145077
84,4,14.475873
84,5,17.510742
84,6,20.213379
84,7,22.565376
84,8,24.56633
84,9,26.229984
85,0,0.0
85,1,3.953895
85,10,28.322287
85,11,29.41043
85,12,30.25224
85,13,30.887424
85,14,31.353321
85,15,31.683361
85,16,31.90598
85,17,32.043633
85,18,32.11374
85,19,32.127792
85,2,7.8143244
85,20,32.09385
85,21,32.01528
85,22,31.89447
85,23,31.731041
85,24,31.526154
85,25,31.28047
85,26,30.998087
85,27,30.684324
85,28,30.348162
85,29,30.0
85,3,11.494941
85,4,14.921835
85,5,18.038858
85,6,20.80856
85,7,23.21397
85,8,25.25536
85,9,26.949091
86,0,0.0
86,1,4.1285605
86,10,29.346622
86,11,30.452343
86,12,31.305008
86,13,31.945553
86,14,32.41257
86,15,32.739986
86,16,32.95589
86,17,33.082638
86,18,33.13579
86,19,33.126274
86,2,8.156169
86,20,33.058945
86,21,32.936405
86,22,32.757023
86,23,32.51999
86,24,32.223007
86,25,31.867706
86,26,31.457205
86,27,31.000402
86,28,30.509193
86,29,30.0
86,3,11.98959
86,4,15.550877
86,5,18.780703
86,6,21.642193
86,7,24.118742
86,8,26.214008
86,9,27.946314
87,0,0.0
87,1,4.3728056
87,10,30.733047
87,11,31.85986
87,12,32.724575
87,13,33.370872
87,14,33.838463
87,15,34.16186
87,16,34.36933
87,17,34.481766
87,18,34.514175
87,19,34.474106
87,2,8.632878
87,20,34.36523
87,21,34.18517
87,22,33.930866
87,23,33.59601
87,24,33.177727
87,25,32.674023
87,26,32.090347
87,27,31.436821
87,28,30.732193
87,29,30.0
87,3,12.677681
87,4,16.421913
87,5,19.804138
87,6,22.786503
87,7,25.356133
87,8,27.519394
87,9,29.300283
88,0,0.0
88,1,4.7094736
88,10,32.569607
88,11,33.719124
88,12,34.59655
88,13,35.24784
88,14,35.71479
88,15,36.03264
88,16,36.22905
88,17,36.32457
88,18,36.3311
88,19,36.25487
88,2,9.288579
88,20,36.094048
88,21,35.84401
88,22,35.494354
88,23,35.036312
88,24,34.459934
88,25,33.762825
88,26,32.94785
88,27,32.030556
88,28,31.035896
88,29,30.0
88,3,13.619647
88,4,17.608967
88,5,21.190403
88,6,24.32875
88,7,27.014313
88,8,29.26132
88,9,31.099129
89,0,0.0
89,1,5.1687007
89,10,34.94957
89,11,36.121952
89,12,37.01021
89,13,37.664627
89,14,38.128754
89,15,38.4386
89,16,38.621918
89,17,38.69695
89,18,38.67442
89,19,38.555187
89,2,10.179192
89,20,38.334843
89,21,38.0003
89,22,37.53711
89,23,36.926044
89,24,36.153107
89,25,35.207516
89,26,34.092964
89,27,32.826263
89,28,31.444584
89,29,30.0
89,3,14.892647
89,4,19.201675
89,5,23.0381
89,6,26.369034
89,7,29.194792
89,8,31.538034
89,9,33.43988
9,0,0.0
9,1,2.9486256
9,10,21.436481
9,11,22.29747
9,12,22.971945
9,13,23.49155
9,14,23.886147
9,15,24.185349
9,16,24.41584
9,17,24.602325
9,18,24.767433
9,19,24.931732
9,2,5.831732
9,20,25.115458
9,21,25.337147
9,22,25.615997
9,23,25.968657
9,24,26.4109
9,25,26.952343
9,26,27.596495
9,27,28.33484
9,28,29.147104
9,29,30.0
9,3,8.588858
9,4,11.166202
9,5,13.5231495
9,6,15.629465
9,7,17.471378
9,8,19.045025
9,9,20.361092
90,0,0.0
90,1,5.7901673
90,10,37.968563
90,11,39.158993
90,12,40.05393
90,13,40.707138
90,14,41.164925
90,15,41.46412
90,16,41.631435
90,17,41.684315
90,18,41.628956
90,19,41.46382
90,2,11.378728
90,20,41.176064
90,21,40.747837
90,22,40.152107
90,23,39.362335
90,24,38.34993
90,25,37.09778
90,26,35.601097
90,27,33.88184
90,28,31.988647
90,29,30.0
90,3,16.59346
90,4,21.311628
90,5,25.462177
90,6,29.023138
90,7,32.007484
90,8,34.455708
90,9,36.4217
91,0,0.0
91,1,6.6294656
91,10,41.715622
91,11,42.914604
91,12,43.80706
91,13,44.452312
91,14,44.898598
91,15,45.18331
91,16,45.332905
91,17,45.361595
91,18,45.27374
91,19,45.060505
91,2,12.9860115
91,20,44.704685
91,21,44.17581
91,22,43.43811
91,23,42.44632
91,24,41.158638
91,25,39.537476
91,26,37.56905
91,27,35.270836
91,28,32.709724
91,29,30.0
91,3,18.849064
91,4,24.075096
91,5,28.599638
91,6,32.41829
91,7,35.57096
91,8,38.120274
91,9,40.14277
92,0,0.0
92,1,7.767658
92,10,46.267685
92,11,47.456615
92,12,48.332962
92,13,48.959618
92,14,49.38726
92,15,49.653526
92,16,49.783054
92,17,49.788822
92,18,49.66967
92,19,49.413612
92,2,15.141922
92,20,48.992767
92,21,48.368996
92,22,47.48769
92,23,46.287415
92,24,44.697304
92,25,42.655525
92,26,40.11911
92,27,37.095993
92,28,33.666096
92,29,30.0
92,3,21.827726
92,4,27.66503
92,5,32.608772
92,6,36.695324
92,7,40.003616
92,8,42.634262
92,9,44.689312
93,0,0.0
93,1,9.333842
93,10,51.677383
93,11,52.829533
93,12,53.66899
93,13,54.263073
93,14,54.662956
93,15,54.905594
93,16,55.01457
93,17,54.999058
93,18,54.856003
93,19,54.56576
93,2,18.05605
93,20,54.095608
93,21,53.392403
93,22,52.387993
93,23,50.991753
93,24,49.10178
93,25,46.60738
93,26,43.419647
93,27,39.505234
93,28,34.94931
93,29,30.0
93,3,25.76507
93,4,32.30009
93,5,37.676125
93,6,42.000748
93,7,45.42052
93,8,48.083817
93,9,50.12964
94,0,0.0
94,1,11.550764
94,10,57.966106
94,11,59.043175
94,12,59.819664
94,13,60.36308
94,14,60.724174
94,15,60.93818
94,16,61.025784
94,17,60.99473
94,18,60.837097
94,19,60.53132
94,2,22.064001
94,20,60.035427
94,21,59.289173
94,22,58.203476
94,23,56.663177
94,24,54.517387
94,25,51.59204
94,26,47.705524
94,27,42.73355
94,28,36.714752
94,29,30.0
94,3,30.998844
94,4,38.264477
94,5,44.01259
94,6,48.48306
94,7,51.91759
94,8,54.53105
94,9,56.499428
95,0,0.0
95,1,14.846436
95,10,65.11121
95,11,66.06713
95,12,66.74847
95,13,67.22078
95,14,67.53089
95,15,67.710526
95,16,67.777954
95,17,67.73748
95,18,67.580795
95,19,67.28211
95,2,27.732721
95,20,66.798805
95,21,66.06127
95,22,64.97073
95,23,63.38244
95,24,61.099335
95,25,57.85454
95,26,53.32308
95,27,47.17416
95,28,39.26074
95,29,30.0
95,3,38.029182
95,4,45.918083
95,5,51.84852
95,6,56.271088
95,7,59.558594
95,8,61.994835
95,9,63.793304
96,0,0.0
96,1,20.140774
96,10,73.04091
96,11,73.822876
96,12,74.37516
96,13,74.7545
96,14,75.00113
96,15,75.14143
96,16,75.189545
96,17,75.14873
96,18,75.00898
96,19,74.74737
96,2,36.069946
96,20,74.32094
96,21,73.663925
96,22,72.67228
96,23,71.19118
96,24,68.98193
96,25,65.686584
96,26,60.773567
96,27,53.5272
96,28,43.228035
96,29,30.0
96,3,47.58539
96,4,55.692184
96,5,61.396442
96,6,65.44499
96,7,68.344955
96,8,70.43678
96,9,71.94914
97,0,0.0
97,1,29.679825
97,10,81.62694
97,11,82.18414
97,12,82.57438
97,13,82.84071
97,14,83.01253
97,15,83.108795
97,16,83.13969
97,17,83.106346
97,18,83.0014
97,19,82.80544
97,2,48.886833
97,20,82.48552
97,21,81.986
97,22,81.22011
97,23,80.045395
97,24,78.22807
97,25,75.36339
97,26,70.733955
97,27,63.05167
97,28,50.184853
97,29,30.0
97,3,60.65129
97,4,68.00397
97,5,72.77274
97,6,75.97536
97,7,78.18556
97,8,79.73867
97,9,80.84163
98,0,0.0
98,1,49.715454
98,10,90.68844
98,11,90.97879
98,12,91.1812
98,13,91.31869
98,14,91.40697
98,15,91.45602
98,16,91.47093
98,17,91.45241
98,18,91.3958
98,19,91.290886
98,2,69.19464
98,20,91.118454
98,21,90.84764
98,22,90.426384
98,23,89.76787
98,24,88.715355
98,25,86.96658
98,26,83.870346
98,27,77.8452
98,28,64.50198
98,29,30.0
98,3,78.20143
98,4,82.9982
98,5,85.83861
98,6,87.648605
98,7,88.8586
98,8,89.692245
98,9,90.27625
99,0,0.0
99,1,100.0
99,10,100.0
99,11,100.0
99,12,100.0
99,13,100.0
99,14,100.0
99,15,100.0
99,16,100.0
99,17,100.0
99,18,100.0
99,19,100.0
99,2,100.0
99,20,100.0
99,21,100.0
99,22,100.0
99,23,100.0
99,24,100.0
99,25,100.0
99,26,100.0
99,27,100.0
99,28,100.0
99,29,30.0
99,3,100.0
99,4,100.0
99,5,100.0
99,6,100.0
99,7,100.0
99,8,100.0
99,9,100.0
