0,0,0.0
0,1,0.0
0,10,0.0
0,11,0.0
0,12,0.0
0,13,0.0
0,14,0.0
0,15,0.0
0,16,0.0
0,17,0.0
0,18,0.0
0,19,0.0
0,2,0.0
0,20,0.0
0,21,0.0
0,22,0.0
0,23,0.0
0,24,0.0
0,25,0.0
0,26,0.0
0,27,0.0
0,28,0.0
0,29,30.0
0,3,0.0
0,4,0.0
0,5,0.0
0,6,0.0
0,7,0.0
0,8,0.0
0,9,0.0
1,0,0.0
1,1,0.33955193
1,10,2.620199
1,11,2.7503157
1,12,2.859232
1,13,2.9500067
1,14,3.026466
1,15,3.0926652
1,16,3.1533332
1,17,3.2138176
1,18,3.2805605
1,19,3.3617504
1,2,0.67315555
1,20,3.4682703
1,21,3.6158106
1,22,3.8279865
1,23,4.1434307
1,24,4.62965
1,25,5.41677
1,26,6.7835383
1,27,9.407636
1,28,15.169397
1,29,30.0
1,3,0.9950747
1,4,1.30038
1,5,1.5846971
1,6,1.8450294
1,7,2.0790758
1,8,2.286116
1,9,2.4660459
10,0,0.0
10,1,2.615872
10,10,20.15618
10,11,21.144922
10,12,21.96238
10,13,22.630417
10,14,23.171574
10,15,23.610134
10,16,23.969717
10,17,24.27375
10,18,24.544691
10,19,24.803822
10,2,5.1854763
10,20,25.071676
10,21,25.366959
10,22,25.707474
10,23,26.107895
10,24,26.580383
10,25,27.131313
10,26,27.761227
10,27,28.461746
10,28,29.216265
10,29,30.0
10,3,7.6654086
10,4,10.016082
10,5,12.2056
10,6,14.20835
10,7,16.00894
10,8,17.598671
10,9,18.978882
11,0,0.0
11,1,2.743339
11,10,21.13504
11,11,22.169796
11,12,23.024841
11,13,23.721436
11,14,24.283764
11,15,24.735802
11,16,25.101845
11,17,25.404953
11,18,25.66696
11,19,25.908316
11,2,5.438349
11,20,26.14745
11,21,26.401495
11,22,26.684834
11,23,27.010048
11,24,27.385641
11,25,27.81675
11,26,28.302637
11,27,28.837412
11,28,29.408798
11,29,30.0
11,3,8.038858
11,4,10.504346
11,5,12.799994
11,6,14.900523
11,7,16.787966
11,8,18.455044
11,9,19.901182
12,0,0.0
12,1,2.848188
12,10,21.938465
12,11,23.011402
12,12,23.896399
12,13,24.61639
12,14,25.195078
12,15,25.657444
12,16,26.027443
12,17,26.328135
12,18,26.580858
12,19,26.804903
12,2,5.645989
12,20,27.017817
12,21,27.234499
12,22,27.468105
12,23,27.728502
12,24,28.02327
12,25,28.355774
12,26,28.726116
12,27,29.129637
12,28,29.558163
12,29,30.0
12,3,8.346014
12,4,10.905263
12,5,13.288776
12,6,15.468844
12,7,17.428387
12,8,19.15811
12,9,20.659058
13,0,0.0
13,1,2.9327424
13,10,22.586723
13,11,23.689682
13,12,24.599049
13,13,25.337126
13,14,25.928776
13,15,26.398582
13,16,26.770935
13,17,27.068523
13,18,27.312208
13,19,27.520758
13,2,5.81375
13,20,27.71034
13,21,27.895145
13,22,28.086386
13,23,28.293299
13,24,28.521778
13,25,28.775404
13,26,29.054123
13,27,29.355307
13,28,29.673157
13,29,30.0
13,3,8.593712
13,4,11.229132
13,5,13.682934
13,6,15.927827
13,7,17.944792
13,8,19.7257
13,9,21.270077
14,0,0.0
14,1,2.9998465
14,10,23.099937
14,11,24.227016
14,12,25.155052
14,13,25.907505
14,14,26.508785
14,15,26.984142
14,16,27.357628
14,17,27.651932
14,18,27.887554
14,19,28.082521
14,2,5.946614
14,20,28.252573
14,21,28.410587
14,22,28.56737
14,23,28.730762
14,24,28.906658
14,25,29.097942
14,26,29.305552
14,27,29.527695
14,28,29.760906
14,29,30.0
14,3,8.790271
14,4,11.485627
14,5,13.9956455
14,6,16.291313
14,7,18.354355
14,8,20.175154
14,9,21.754448
15,0,0.0
15,1,3.0520384
15,10,23.499393
15,11,24.644712
15,12,25.587465
15,13,26.350609
15,14,26.959309
15,15,27.438488
15,16,27.812466
15,17,28.103659
15,18,28.332273
15,19,28.516048
15,2,6.0501776
15,20,28.66992
15,21,28.806498
15,22,28.93554
15,23,29.064827
15,24,29.199446
15,25,29.342762
15,26,29.495747
15,27,29.657928
15,28,29.827059
15,29,30.0
15,3,8.943146
15,4,11.68552
15,5,14.238854
15,6,16.574507
15,7,18.672867
15,8,20.525179
15,9,22.131088
16,0,0.0
16,1,3.0919964
16,10,23.804386
16,11,24.96389
16,12,25.917484
16,13,26.688875
16,14,27.302883
16,15,27.78484
16,16,28.158836
16,17,28.44727
16,18,28.670149
16,19,28.844782
16,2,6.1292763
16,20,28.985922
16,21,29.105457
16,22,29.21308
16,23,29.31585
16,24,29.419077
16,25,29.525822
16,26,29.637789
16,27,29.754948
16,28,29.876331
16,29,30.0
16,3,9.060174
16,4,11.838193
16,5,14.424984
16,6,16.79079
16,7,18.91654
16,8,20.792482
16,9,22.419086
17,0,0.0
17,1,3.1219647
17,10,24.033348
17,11,25.203165
17,12,26.165041
17,13,26.942333
17,14,27.560318
17,15,28.044106
17,16,28.417946
17,17,28.704071
17,18,28.922316
17,19,29.089865
17,2,6.188749
17,20,29.221016
17,21,29.327606
17,22,29.418762
17,23,29.50165
17,24,29.581173
17,25,29.660795
17,26,29.742249
17,27,29.826271
17,28,29.912489
17,29,30.0
17,3,9.147943
17,4,11.95296
17,5,14.564577
17,6,16.953325
17,7,19.099281
17,8,20.993267
17,9,22.635044
18,0,0.0
18,1,3.1440945
18,10,24.201918
18,11,25.379498
18,12,26.347244
18,13,27.128948
18,14,27.749672
18,15,28.234762
18,16,28.608322
18,17,28.892582
18,18,29.107277
18,19,29.269337
18,2,6.232547
18,20,29.393032
18,21,29.489792
18,22,29.568796
18,23,29.636833
18,24,29.699028
18,25,29.758682
18,26,29.81798
18,27,29.877874
18,28,29.93866
18,29,30.0
18,3,9.212746
18,4,12.0374775
18,5,14.667616
18,6,17.073015
18,7,19.234112
18,8,21.141115
18,9,22.7943
19,0,0.0
19,1,3.1600962
19,10,24.323948
19,11,25.506956
19,12,26.479038
19,13,27.263786
19,14,27.886505
19,15,28.37242
19,16,28.745708
19,17,29.028526
19,18,29.240501
19,19,29.398537
19,2,6.264305
19,20,29.51664
19,21,29.606272
19,22,29.676315
19,23,29.733665
19,24,29.783245
19,25,29.828615
19,26,29.87197
19,27,29.914673
19,28,29.95729
19,29,30.0
19,3,9.259603
19,4,12.098749
19,5,14.742119
19,6,17.159756
19,7,19.3316
19,8,21.24821
19,9,22.909437
2,0,0.0
2,1,0.6731455
2,10,5.193803
2,11,5.4517627
2,12,5.667265
2,13,5.846952
2,14,5.997825
2,15,6.128173
2,16,6.2469335
2,17,6.3644905
2,18,6.4930964
2,19,6.6479225
2,2,1.3343946
2,20,6.8491225
2,21,7.12436
2,22,7.5145593
2,23,8.08233
2,24,8.929795
2,25,10.230372
2,26,12.291954
2,27,15.665503
2,28,21.26391
2,29,30.0
2,3,1.9726787
2,4,2.5777361
2,5,3.141541
2,6,3.6573772
2,7,4.1215415
2,8,4.5316916
2,9,4.8885307
20,0,0.0
20,1,3.1714907
20,10,24.410566
20,11,25.597523
20,12,26.572567
20,13,27.359514
20,14,27.983559
20,15,28.470043
20,16,28.843075
20,17,29.124794
20,18,29.3348
20,19,29.489859
20,2,6.286851
20,20,29.603981
20,21,29.688423
20,22,29.75212
20,23,29.80179
20,24,29.84249
20,25,29.877708
20,26,29.909878
20,27,29.94046
20,28,29.97036
20,29,30.0
20,3,9.292965
20,4,12.142247
20,5,14.795148
20,6,17.221333
20,7,19.400959
20,8,21.324232
20,9,22.99131
21,0,0.0
21,1,3.179432
21,10,24.47102
21,11,25.660633
21,12,26.637794
21,13,27.4262
21,14,28.051186
21,15,28.53801
21,16,28.910837
21,17,29.191761
21,18,29.40033
21,19,29.5533
21,2,6.302615
21,20,29.664566
21,21,29.745396
21,22,29.804596
21,23,29.848951
21,24,29.883423
21,25,29.911633
21,26,29.936024
21,27,29.958263
21,28,29.979364
21,29,30.0
21,3,9.3162155
21,4,12.172653
21,5,14.832107
21,6,17.26436
21,7,19.449299
21,8,21.377327
21,9,23.048363
22,0,0.0
22,1,3.184885
22,10,24.512375
22,11,25.703861
22,12,26.682407
22,13,27.471844
22,14,28.097425
22,15,28.584488
22,16,28.957142
22,17,29.237497
22,18,29.445072
22,19,29.596565
22,2,6.3134003
22,20,29.705875
22,21,29.784184
22,22,29.840326
22,23,29.881002
22,24,29.911247
22,25,29.934652
22,26,29.953777
22,27,29.97033
22,28,29.985474
22,29,30.0
22,3,9.332178
22,4,12.193458
22,5,14.857468
22,6,17.2938
22,7,19.482452
22,8,21.413652
22,9,23.087473
23,0,0.0
23,1,3.1885467
23,10,24.540203
23,11,25.732891
23,12,26.712402
23,13,27.502487
23,14,28.128483
23,15,28.615677
23,16,28.988214
23,17,29.268173
23,18,29.475054
23,19,29.625557
23,2,6.320671
23,20,29.73352
23,21,29.810148
23,22,29.8642
23,23,29.902426
23,24,29.929813
23,25,29.950024
23,26,29.965612
23,27,29.978376
23,28,29.989544
23,29,30.0
23,3,9.342897
23,4,12.207476
23,5,14.874502
23,6,17.313627
23,7,19.504723
23,8,21.438107
23,9,23.113739
24,0,0.0
24,1,3.1909704
24,10,24.55854
24,11,25.752056
24,12,26.732168
24,13,27.522703
24,14,28.148949
24,15,28.636238
24,16,29.008682
24,17,29.288368
24,18,29.494793
24,19,29.644623
24,2,6.3254633
24,20,29.751709
24,21,29.827198
24,22,29.87989
24,23,29.916481
24,24,29.942001
24,25,29.960096
24,26,29.97337
24,27,29.983648
24,28,29.99221
24,29,30.0
24,3,9.349991
24,4,12.216719
24,5,14.885768
24,6,17.3267
24,7,19.519442
24,8,21.454227
24,9,23.131094
25,0,0.0
25,1,3.1925383
25,10,24.570435
25,11,25.764456
25,12,26.744976
25,13,27.535778
25,14,28.162197
25,15,28.64953
25,16,29.02192
25,17,29.301428
25,18,29.507545
25,19,29.656944
25,2,6.328577
25,20,29.763441
25,21,29.838207
25,22,29.890003
25,23,29.925545
25,24,29.949852
25,25,29.966585
25,26,29.978365
25,27,29.987041
25,28,29.993927
25,29,30.0
25,3,9.35458
25,4,12.222719
25,5,14.893059
25,6,17.335186
25,7,19.528965
25,8,21.464685
25,9,23.142319
26,0,0.0
26,1,3.1935384
26,10,24.577982
26,11,25.772345
26,12,26.753107
26,13,27.544092
26,14,28.170609
26,15,28.657976
26,16,29.03032
26,17,29.309708
26,18,29.515636
26,19,29.66475
26,2,6.330554
26,20,29.770885
26,21,29.845179
26,22,29.89641
26,23,29.931282
26,24,29.954819
26,25,29.970692
26,26,29.981522
26,27,29.989187
26,28,29.995012
26,29,30.0
26,3,9.357506
26,4,12.22653
26,5,14.897704
26,6,17.340574
26,7,19.535032
26,8,21.471325
26,9,23.14947
27,0,0.0
27,1,3.1941614
27,10,24.582697
27,11,25.77726
27,12,26.758183
27,13,27.549274
27,14,28.175852
27,15,28.663239
27,16,29.035553
27,17,29.314873
27,18,29.52067
27,19,29.669615
27,2,6.3317914
27,20,29.77551
27,21,29.849518
27,22,29.900393
27,23,29.934849
27,24,29.957909
27,25,29.973236
27,26,29.983486
27,27,29.990517
27,28,29.995686
27,29,30.0
27,3,9.359329
27,4,12.228914
27,5,14.900599
27,6,17.343943
27,7,19.538815
27,8,21.475475
27,9,23.153921
28,0,0.0
28,1,3.1945443
28,10,24.58558
28,11,25.78027
28,12,26.761284
28,13,27.552443
28,14,28.179058
28,15,28.666454
28,16,29.038755
28,17,29.318024
28,18,29.523752
28,19,29.672583
28,2,6.332548
28,20,29.778341
28,21,29.852165
28,22,29.902824
28,23,29.937027
28,24,29.95979
28,25,29.974796
28,26,29.98468
28,27,29.991331
28,28,29.996096
28,29,30.0
28,3,9.360449
28,4,12.230373
28,5,14.902376
28,6,17.346004
28,7,19.541134
28,8,21.478016
28,9,23.156652
29,0,0.0
29,1,3.1947742
29,10,24.587315
29,11,25.782078
29,12,26.76315
29,13,27.554344
29,14,28.180984
29,15,28.668386
29,16,29.040672
29,17,29.31992
29,18,29.525597
29,19,29.674366
29,2,6.3330045
29,20,29.780033
29,21,29.853754
29,22,29.904282
29,23,29.938328
29,24,29.960918
29,25,29.975727
29,26,29.985397
29,27,29.991817
29,28,29.996342
29,29,30.0
29,3,9.361122
29,4,12.231253
29,5,14.903442
29,6,17.347246
29,7,19.542526
29,8,21.479542
29,9,23.158295
3,0,0.0
3,1,0.9950321
3,10,7.6770725
3,11,8.057738
3,12,8.375933
3,13,8.640451
3,14,8.862192
3,15,9.0525875
3,16,9.224743
3,17,9.393137
3,18,9.574667
3,19,9.789985
3,2,1.9726242
3,20,10.06511
3,21,10.435244
3,22,10.9487915
3,23,11.676168
3,24,12.720698
3,25,14.237488
3,26,16.453459
3,27,19.675129
3,28,24.208858
3,29,30.0
3,3,2.9159725
3,4,3.8106086
3,5,4.6437306
3,6,5.406522
3,7,6.092255
3,8,6.698772
3,9,7.225768
30,0,0.0
30,1,3.1949098
30,10,24.588337
30,11,25.783142
30,12,26.764246
30,13,27.555466
30,14,28.182116
30,15,28.669521
30,16,29.041803
30,17,29.32103
30,18,29.526684
30,19,29.675413
30,2,6.333273
30,20,29.78103
30,21,29.854687
30,22,29.905136
30,23,29.939095
30,24,29.96158
30,25,29.976273
30,26,29.985817
30,27,29.992104
30,28,29.996487
30,29,30.0
30,3,9.361519
30,4,12.23177
30,5,14.904074
30,6,17.347975
30,7,19.54335
30,8,21.480442
30,9,23.15926
31,0,0.0
31,1,3.1949887
31,10,24.588928
31,11,25.783758
31,12,26.764883
31,13,27.556114
31,14,28.182774
31,15,28.670177
31,16,29.042458
31,17,29.321674
31,18,29.527313
31,19,29.676018
31,2,6.3334284
31,20,29.781609
31,21,29.855225
31,22,29.905632
31,23,29.939537
31,24,29.961966
31,25,29.97659
31,26,29.986063
31,27,29.992268
31,28,29.996572
31,29,30.0
31,3,9.36175
31,4,12.232069
31,5,14.904437
31,6,17.3484
31,7,19.543823
31,8,21.480965
31,9,23.159819
32,0,0.0
32,1,3.195033
32,10,24.589264
32,11,25.784107
32,12,26.765242
32,13,27.556482
32,14,28.183144
32,15,28.670551
32,16,29.042828
32,17,29.322039
32,18,29.527666
32,19,29.676361
32,2,6.3335176
32,20,29.781933
32,21,29.855534
32,22,29.90591
32,23,29.939789
32,24,29.96218
32,25,29.97677
32,26,29.986198
32,27,29.992363
32,28,29.996618
32,29,30.0
32,3,9.361879
32,4,12.232241
32,5,14.904645
32,6,17.348639
32,7,19.544094
32,8,21.481258
32,9,23.160135
33,0,0.0
33,1,3.195058
33,10,24.589449
33,11,25.784304
33,12,26.765444
33,13,27.556686
33,14,28.183353
33,15,28.670757
33,16,29.043034
33,17,29.32224
33,18,29.527864
33,19,29.676552
33,2,6.3335667
33,20,29.782114
33,21,29.8557
33,22,29.906067
33,23,29.939926
33,24,29.962303
33,25,29.976866
33,26,29.986275
33,27,29.992413
33,28,29.996643
33,29,30.0
33,3,9.361952
33,4,12.232334
33,5,14.90476
33,6,17.348774
33,7,19.544245
33,8,21.481422
33,9,23.160315
34,0,0.0
34,1,3.1950717
34,10,24.589554
34,11,25.784409
34,12,26.765553
34,13,27.556797
34,14,28.183462
34,15,28.670874
34,16,29.043144
34,17,29.322353
34,18,29.527971
34,19,29.676655
34,2,6.3335934
34,20,29.782211
34,21,29.855795
34,22,29.90615
34,23,29.940002
34,24,29.962366
34,25,29.976923
34,26,29.986317
34,27,29.992441
34,28,29.996658
34,29,30.0
34,3,9.361992
34,4,12.232387
34,5,14.904823
34,6,17.348846
34,7,19.544325
34,8,21.481514
34,9,23.160408
35,0,0.0
35,1,3.1950788
35,10,24.589607
35,11,25.784466
35,12,26.76561
35,13,27.556856
35,14,28.183525
35,15,28.67093
35,16,29.043205
35,17,29.32241
35,18,29.52803
35,19,29.676708
35,2,6.3336077
35,20,29.782267
35,21,29.855843
35,22,29.9062
35,23,29.940044
35,24,29.962402
35,25,29.976952
35,26,29.986338
35,27,29.992455
35,28,29.996666
35,29,30.0
35,3,9.362013
35,4,12.232414
35,5,14.904857
35,6,17.348886
35,7,19.544369
35,8,21.48156
35,9,23.160461
36,0,0.0
36,1,3.1950827
36,10,24.589634
36,11,25.784494
36,12,26.765642
36,13,27.556889
36,14,28.183554
36,15,28.670965
36,16,29.043234
36,17,29.322443
36,18,29.528057
36,19,29.676739
36,2,6.3336153
36,20,29.782293
36,21,29.85587
36,22,29.906221
36,23,29.940065
36,24,29.96242
36,25,29.976967
36,26,29.98635
36,27,29.992464
36,28,29.99667
36,29,30.0
36,3,9.362024
36,4,12.2324295
36,5,14.904875
36,6,17.348906
36,7,19.544392
36,8,21.481586
36,9,23.160488
37,0,0.0
37,1,3.1950848
37,10,24.589647
37,11,25.78451
37,12,26.765657
37,13,27.556904
37,14,28.18357
37,15,28.670979
37,16,29.043253
37,17,29.322456
37,18,29.528076
37,19,29.676752
37,2,6.333619
37,20,29.782309
37,21,29.85588
37,22,29.906235
37,23,29.940075
37,24,29.96243
37,25,29.976973
37,26,29.986357
37,27,29.992468
37,28,29.996674
37,29,30.0
37,3,9.36203
37,4,12.232436
37,5,14.904884
37,6,17.348915
37,7,19.544403
37,8,21.481598
37,9,23.1605
38,0,0.0
38,1,3.195086
38,10,24.589657
38,11,25.784517
38,12,26.765663
38,13,27.556911
38,14,28.183578
38,15,28.670986
38,16,29.043259
38,17,29.322466
38,18,29.528082
38,19,29.676762
38,2,6.333621
38,20,29.782314
38,21,29.85589
38,22,29.906239
38,23,29.94008
38,24,29.962433
38,25,29.976976
38,26,29.98636
38,27,29.992472
38,28,29.996674
38,29,30.0
38,3,9.362033
38,4,12.232441
38,5,14.904888
38,6,17.348923
38,7,19.54441
38,8,21.481606
38,9,23.160507
39,0,0.0
39,1,3.195086
39,10,24.589659
39,11,25.78452
39,12,26.765667
39,13,27.556913
39,14,28.183582
39,15,28.67099
39,16,29.043264
39,17,29.322468
39,18,29.528088
39,19,29.676765
39,2,6.333622
39,20,29.78232
39,21,29.85589
39,22,29.906244
39,23,29.940084
39,24,29.962435
39,25,29.976982
39,26,29.98636
39,27,29.992474
39,28,29.996674
39,29,30.0
39,3,9.362034
39,4,12.232441
39,5,14.90489
39,6,17.348923
39,7,19.54441
39,8,21.481607
39,9,23.160511
4,0,0.0
4,1,1.3002658
4,10,10.0302105
4,11,10.527288
4,12,10.941759
4,13,11.286063
4,14,11.573225
4,15,11.818394
4,16,12.037533
4,17,12.248607
4,18,12.471907
4,19,12.731193
4,2,2.577549
4,20,13.055964
4,21,13.483252
4,22,14.062352
4,23,14.858346
4,24,15.9592905
4,25,17.47961
4,26,19.559492
4,27,22.33883
4,28,25.879494
4,29,30.0
4,3,3.810439
4,4,4.979136
4,5,6.068081
4,6,7.0643373
4,7,7.9606705
4,8,8.7525835
4,9,9.441318
40,0,0.0
40,1,3.1950865
40,10,24.589659
40,11,25.784525
40,12,26.765667
40,13,27.55692
40,14,28.183582
40,15,28.670994
40,16,29.043264
40,17,29.322474
40,18,29.52809
40,19,29.67677
40,2,6.333622
40,20,29.78232
40,21,29.855896
40,22,29.906242
40,23,29.940084
40,24,29.962437
40,25,29.976978
40,26,29.986362
40,27,29.99247
40,28,29.996674
40,29,30.0
40,3,9.362034
40,4,12.232443
40,5,14.90489
40,6,17.348923
40,7,19.544413
40,8,21.481607
40,9,23.160513
41,0,0.0
41,1,3.1950862
41,10,24.589663
41,11,25.784521
41,12,26.76567
41,13,27.556915
41,14,28.183586
41,15,28.670994
41,16,29.043268
41,17,29.322472
41,18,29.52809
41,19,29.676767
41,2,6.3336225
41,20,29.782322
41,21,29.855892
41,22,29.906246
41,23,29.940086
41,24,29.962437
41,25,29.976982
41,26,29.986362
41,27,29.992474
41,28,29.996674
41,29,30.0
41,3,9.362034
41,4,12.232442
41,5,14.90489
41,6,17.348923
41,7,19.544413
41,8,21.48161
41,9,23.160511
42,0,0.0
42,1,3.1950865
42,10,24.58966
42,11,25.784523
42,12,26.765669
42,13,27.55692
42,14,28.183582
42,15,28.670996
42,16,29.043268
42,17,29.322474
42,18,29.52809
42,19,29.67677
42,2,6.333622
42,20,29.78232
42,21,29.855896
42,22,29.906246
42,23,29.940088
42,24,29.96244
42,25,29.976982
42,26,29.986362
42,27,29.992474
42,28,29.996674
42,29,30.0
42,3,9.362035
42,4,12.232443
42,5,14.90489
42,6,17.348925
42,7,19.544413
42,8,21.48161
42,9,23.160513
43,0,0.0
43,1,3.195086
43,10,24.589663
43,11,25.784523
43,12,26.76567
43,13,27.556915
43,14,28.183588
43,15,28.670994
43,16,29.04327
43,17,29.322474
43,18,29.52809
43,19,29.676765
43,2,6.3336225
43,20,29.782322
43,21,29.855892
43,22,29.906246
43,23,29.940086
43,24,29.96244
43,25,29.976982
43,26,29.986364
43,27,29.992474
43,28,29.996674
43,29,30.0
43,3,9.362034
43,4,12.232441
43,5,14.90489
43,6,17.348923
43,7,19.544415
43,8,21.48161
43,9,23.160513
44,0,0.0
44,1,3.195086
44,10,24.58966
44,11,25.784523
44,12,26.76567
44,13,27.55692
44,14,28.183586
44,15,28.670996
44,16,29.043268
44,17,29.322474
44,18,29.52809
44,19,29.67677
44,2,6.333622
44,20,29.782318
44,21,29.855896
44,22,29.906246
44,23,29.940086
44,24,29.96244
44,25,29.976982
44,26,29.98636
44,27,29.992474
44,28,29.996674
44,29,30.0
44,3,9.362035
44,4,12.232443
44,5,14.90489
44,6,17.348927
44,7,19.544413
44,8,21.481611
44,9,23.160513
45,0,0.0
45,1,3.195086
45,10,24.589663
45,11,25.784523
45,12,26.765673
45,13,27.556915
45,14,28.183588
45,15,28.670994
45,16,29.043268
45,17,29.322474
45,18,29.528091
45,19,29.676765
45,2,6.3336225
45,20,29.782322
45,21,29.855892
45,22,29.906246
45,23,29.940086
45,24,29.96244
45,25,29.976982
45,26,29.986366
45,27,29.992474
45,28,29.996674
45,29,30.0
45,3,9.362034
45,4,12.232441
45,5,14.904892
45,6,17.348925
45,7,19.544416
45,8,21.48161
45,9,23.160515
46,0,0.0
46,1,3.195086
46,10,24.589663
46,11,25.784525
46,12,26.76567
46,13,27.55692
46,14,28.183586
46,15,28.670996
46,16,29.043268
46,17,29.322474
46,18,29.52809
46,19,29.67677
46,2,6.333622
46,20,29.782318
46,21,29.855896
46,22,29.906242
46,23,29.940086
46,24,29.962439
46,25,29.976982
46,26,29.986362
46,27,29.992474
46,28,29.996674
46,29,30.0
46,3,9.362034
46,4,12.232442
46,5,14.90489
46,6,17.348927
46,7,19.544415
46,8,21.481613
46,9,23.160513
47,0,0.0
47,1,3.195086
47,10,24.589663
47,11,25.784523
47,12,26.765673
47,13,27.55692
47,14,28.183588
47,15,28.670996
47,16,29.043268
47,17,29.322472
47,18,29.528091
47,19,29.676767
47,2,6.333622
47,20,29.782322
47,21,29.855892
47,22,29.906246
47,23,29.940086
47,24,29.96244
47,25,29.976978
47,26,29.986362
47,27,29.992472
47,28,29.996674
47,29,30.0
47,3,9.362034
47,4,12.232443
47,5,14.90489
47,6,17.348925
47,7,19.544415
47,8,21.48161
47,9,23.160513
48,0,0.0
48,1,3.195086
48,10,24.58966
48,11,25.784523
48,12,26.76567
48,13,27.55692
48,14,28.183586
48,15,28.670996
48,16,29.043268
48,17,29.322474
48,18,29.528088
48,19,29.67677
48,2,6.3336225
48,20,29.78232
48,21,29.855896
48,22,29.906242
48,23,29.940088
48,24,29.962437
48,25,29.976982
48,26,29.986362
48,27,29.992474
48,28,29.996674
48,29,30.0
48,3,9.362034
48,4,12.232443
48,5,14.904892
48,6,17.348925
48,7,19.544413
48,8,21.48161
48,9,23.160513
49,0,0.0
49,1,3.1950862
49,10,24.589663
49,11,25.784525
49,12,26.76567
49,13,27.55692
49,14,28.183586
49,15,28.670996
49,16,29.043268
49,17,29.322474
49,18,29.52809
49,19,29.676767
49,2,6.333622
49,20,29.782324
49,21,29.855892
49,22,29.906246
49,23,29.940083
49,24,29.962437
49,25,29.976978
49,26,29.986362
49,27,29.992472
49,28,29.996674
49,29,30.0
49,3,9.362035
49,4,12.232443
49,5,14.90489
49,6,17.348927
49,7,19.544415
49,8,21.48161
49,9,23.160513
5,0,0.0
5,1,1.5844458
5,10,12.2210655
5,11,12.825423
5,12,13.329337
5,13,13.746372
5,14,14.093048
5,15,14.3864
5,16,14.645407
5,17,14.890231
5,18,15.14322
5,19,15.429953
5,2,3.1410947
5,20,15.780077
5,21,16.23007
5,22,16.8241
5,23,17.617702
5,24,18.677341
5,25,20.080235
5,26,21.903128
5,27,24.199104
5,28,26.948898
5,29,30.0
5,3,4.6432047
5,4,6.0676703
5,5,7.394154
5,6,8.608511
5,7,9.700088
5,8,10.665296
5,9,11.503664
50,0,0.0
50,1,3.195086
50,10,24.589663
50,11,25.784523
50,12,26.765673
50,13,27.556917
50,14,28.183588
50,15,28.670996
50,16,29.043268
50,17,29.322474
50,18,29.528088
50,19,29.676767
50,2,6.3336225
50,20,29.782322
50,21,29.855896
50,22,29.906242
50,23,29.940086
50,24,29.962437
50,25,29.97698
50,26,29.98636
50,27,29.992472
50,28,29.996674
50,29,30.0
50,3,9.362034
50,4,12.232443
50,5,14.904892
50,6,17.348925
50,7,19.544415
50,8,21.48161
50,9,23.160513
51,0,0.0
51,1,3.195086
51,10,24.589663
51,11,25.784525
51,12,26.76567
51,13,27.55692
51,14,28.183588
51,15,28.670996
51,16,29.043268
51,17,29.322474
51,18,29.52809
51,19,29.676765
51,2,6.333622
51,20,29.782322
51,21,29.855892
51,22,29.906248
51,23,29.940084
51,24,29.96244
51,25,29.976978
51,26,29.98636
51,27,29.992474
51,28,29.996674
51,29,30.0
51,3,9.362034
51,4,12.232441
51,5,14.90489
51,6,17.348927
51,7,19.544413
51,8,21.48161
51,9,23.160513
52,0,0.0
52,1,3.1950862
52,10,24.589663
52,11,25.784525
52,12,26.76567
52,13,27.55692
52,14,28.183588
52,15,28.670996
52,16,29.043268
52,17,29.322474
52,18,29.528088
52,19,29.676767
52,2,6.333622
52,20,29.782318
52,21,29.855896
52,22,29.906246
52,23,29.940086
52,24,29.962437
52,25,29.976982
52,26,29.986362
52,27,29.992472
52,28,29.996674
52,29,30.0
52,3,9.362034
52,4,12.232443
52,5,14.904891
52,6,17.348925
52,7,19.544413
52,8,21.48161
52,9,23.160513
53,0,0.0
53,1,3.195086
53,10,24.58966
53,11,25.784523
53,12,26.765673
53,13,27.556921
53,14,28.183588
53,15,28.670996
53,16,29.043268
53,17,29.322474
53,18,29.528091
53,19,29.676767
53,2,6.333622
53,20,29.782322
53,21,29.855892
53,22,29.906246
53,23,29.940086
53,24,29.96244
53,25,29.976982
53,26,29.98636
53,27,29.992474
53,28,29.996674
53,29,30.0
53,3,9.362034
53,4,12.232443
53,5,14.90489
53,6,17.348925
53,7,19.544413
53,8,21.48161
53,9,23.160513
54,0,0.0
54,1,3.195086
54,10,24.589663
54,11,25.784523
54,12,26.76567
54,13,27.55692
54,14,28.183588
54,15,28.670994
54,16,29.043268
54,17,29.322472
54,18,29.528088
54,19,29.676767
54,2,6.3336225
54,20,29.782318
54,21,29.855896
54,22,29.906246
54,23,29.940086
54,24,29.962439
54,25,29.976982
54,26,29.98636
54,27,29.992472
54,28,29.996674
54,29,30.0
54,3,9.362034
54,4,12.232442
54,5,14.90489
54,6,17.348925
54,7,19.544413
54,8,21.48161
54,9,23.160513
55,0,0.0
55,1,3.1950865
55,10,24.589663
55,11,25.784525
55,12,26.76567
55,13,27.556921
55,14,28.183588
55,15,28.670996
55,16,29.043266
55,17,29.322474
55,18,29.528088
55,19,29.676765
55,2,6.3336225
55,20,29.782322
55,21,29.855892
55,22,29.906246
55,23,29.940086
55,24,29.96244
55,25,29.976982
55,26,29.98636
55,27,29.992474
55,28,29.996674
55,29,30.0
55,3,9.362035
55,4,12.232442
55,5,14.904892
55,6,17.348925
55,7,19.544415
55,8,21.48161
55,9,23.160513
56,0,0.0
56,1,3.1950862
56,10,24.58966
56,11,25.784523
56,12,26.765673
56,13,27.556921
56,14,28.183588
56,15,28.670994
56,16,29.043268
56,17,29.322472
56,18,29.52809
56,19,29.676767
56,2,6.333623
56,20,29.782322
56,21,29.855896
56,22,29.906246
56,23,29.940086
56,24,29.962439
56,25,29.976982
56,26,29.986362
56,27,29.992472
56,28,29.996674
56,29,30.0
56,3,9.362035
56,4,12.232443
56,5,14.90489
56,6,17.348927
56,7,19.544413
56,8,21.481611
56,9,23.160513
57,0,0.0
57,1,3.195087
57,10,24.589663
57,11,25.784525
57,12,26.765675
57,13,27.556921
57,14,28.183588
57,15,28.670996
57,16,29.043268
57,17,29.322474
57,18,29.52809
57,19,29.67677
57,2,6.3336225
57,20,29.782322
57,21,29.855896
57,22,29.906246
57,23,29.940086
57,24,29.962439
57,25,29.976982
57,26,29.986362
57,27,29.992474
57,28,29.996674
57,29,30.0
57,3,9.362036
57,4,12.232442
57,5,14.904892
57,6,17.348925
57,7,19.544415
57,8,21.48161
57,9,23.160513
58,0,0.0
58,1,3.1950865
58,10,24.589664
58,11,25.784525
58,12,26.765673
58,13,27.556923
58,14,28.183588
58,15,28.670998
58,16,29.043268
58,17,29.322474
58,18,29.528091
58,19,29.67677
58,2,6.333624
58,20,29.782324
58,21,29.855896
58,22,29.906246
58,23,29.940086
58,24,29.962439
58,25,29.976982
58,26,29.986362
58,27,29.992472
58,28,29.996674
58,29,30.0
58,3,9.362036
58,4,12.232445
58,5,14.904892
58,6,17.348928
58,7,19.544413
58,8,21.481613
58,9,23.160513
59,0,0.0
59,1,3.1950872
59,10,24.589664
59,11,25.784529
59,12,26.765676
59,13,27.556923
59,14,28.183592
59,15,28.670998
59,16,29.04327
59,17,29.322475
59,18,29.528093
59,19,29.676773
59,2,6.3336234
59,20,29.782326
59,21,29.855898
59,22,29.906248
59,23,29.940088
59,24,29.962439
59,25,29.976982
59,26,29.986362
59,27,29.992474
59,28,29.996675
59,29,30.0
59,3,9.362038
59,4,12.232444
59,5,14.904895
59,6,17.348927
59,7,19.544418
59,8,21.481611
59,9,23.160519
6,0,0.0
6,1,1.844538
6,10,14.223945
6,11,14.92663
6,12,15.510954
6,13,15.993822
6,14,16.392784
6,15,16.727764
6,16,17.019146
6,17,17.288902
6,18,17.560476
6,19,17.859375
6,2,3.6564665
6,20,18.21467
6,21,18.65902
6,22,19.230991
6,23,19.973803
6,24,20.935997
6,25,22.165424
6,26,23.701534
6,27,25.556496
6,28,27.692501
6,29,30.0
6,3,5.405347
6,4,7.0631394
6,5,8.607655
6,6,10.020615
6,7,11.291593
6,8,12.414266
6,9,13.390154
60,0,0.0
60,1,3.1950874
60,10,24.58967
60,11,25.784533
60,12,26.76568
60,13,27.556929
60,14,28.183594
60,15,28.671005
60,16,29.043276
60,17,29.322481
60,18,29.5281
60,19,29.676777
60,2,6.333626
60,20,29.78233
60,21,29.855902
60,22,29.906252
60,23,29.94009
60,24,29.962444
60,25,29.976982
60,26,29.986366
60,27,29.992476
60,28,29.996674
60,29,30.0
60,3,9.362038
60,4,12.232448
60,5,14.904896
60,6,17.348934
60,7,19.54442
60,8,21.481617
60,9,23.160519
61,0,0.0
61,1,3.1950889
61,10,24.589676
61,11,25.784542
61,12,26.76569
61,13,27.556936
61,14,28.183607
61,15,28.671011
61,16,29.043287
61,17,29.32249
61,18,29.528107
61,19,29.676785
61,2,6.3336267
61,20,29.782337
61,21,29.855907
61,22,29.906256
61,23,29.940098
61,24,29.962444
61,25,29.97699
61,26,29.986366
61,27,29.992477
61,28,29.996677
61,29,30.0
61,3,9.362042
61,4,12.2324505
61,5,14.904903
61,6,17.348938
61,7,19.54443
61,8,21.481625
61,9,23.16053
62,0,0.0
62,1,3.195091
62,10,24.589695
62,11,25.78456
62,12,26.765709
62,13,27.556957
62,14,28.183624
62,15,28.671034
62,16,29.043304
62,17,29.322512
62,18,29.528126
62,19,29.676804
62,2,6.3336325
62,20,29.782352
62,21,29.855923
62,22,29.906271
62,23,29.94011
62,24,29.96246
62,25,29.976997
62,26,29.986378
62,27,29.992481
62,28,29.996677
62,29,30.0
62,3,9.362048
62,4,12.232462
62,5,14.904911
62,6,17.348951
62,7,19.544441
62,8,21.48164
62,9,23.160545
63,0,0.0
63,1,3.1950963
63,10,24.58973
63,11,25.784595
63,12,26.765747
63,13,27.556993
63,14,28.183664
63,15,28.67107
63,16,29.043344
63,17,29.322548
63,18,29.528164
63,19,29.676838
63,2,6.333641
63,20,29.782387
63,21,29.855955
63,22,29.906301
63,23,29.940134
63,24,29.96248
63,25,29.977015
63,26,29.98639
63,27,29.992489
63,28,29.996683
63,29,30.0
63,3,9.362063
63,4,12.232477
63,5,14.904937
63,6,17.348976
63,7,19.544472
63,8,21.481672
63,9,23.16058
64,0,0.0
64,1,3.1951056
64,10,24.589802
64,11,25.784666
64,12,26.76582
64,13,27.557068
64,14,28.183739
64,15,28.671146
64,16,29.043415
64,17,29.32262
64,18,29.528233
64,19,29.676907
64,2,6.33366
64,20,29.782452
64,21,29.856016
64,22,29.906357
64,23,29.940186
64,24,29.962523
64,25,29.97705
64,26,29.986416
64,27,29.99251
64,28,29.996693
64,29,30.0
64,3,9.362089
64,4,12.232515
64,5,14.904978
64,6,17.349028
64,7,19.544527
64,8,21.481735
64,9,23.160645
65,0,0.0
65,1,3.1951237
65,10,24.589931
65,11,25.784805
65,12,26.765957
65,13,27.557209
65,14,28.18388
65,15,28.671288
65,16,29.04356
65,17,29.32276
65,18,29.528366
65,19,29.677036
65,2,6.333696
65,20,29.782574
65,21,29.856129
65,22,29.906464
65,23,29.940277
65,24,29.962605
65,25,29.97712
65,26,29.98647
65,27,29.992544
65,28,29.996712
65,29,30.0
65,3,9.3621435
65,4,12.232582
65,5,14.905064
65,6,17.349121
65,7,19.544634
65,8,21.48185
65,9,23.16077
66,0,0.0
66,1,3.1951575
66,10,24.590176
66,11,25.785057
66,12,26.76622
66,13,27.557476
66,14,28.184149
66,15,28.671555
66,16,29.043823
66,17,29.323017
66,18,29.52862
66,19,29.677277
66,2,6.333763
66,20,29.782803
66,21,29.856346
66,22,29.90666
66,23,29.940456
66,24,29.962757
66,25,29.977245
66,26,29.986567
66,27,29.99261
66,28,29.996744
66,29,30.0
66,3,9.362242
66,4,12.232713
66,5,14.905216
66,6,17.349304
66,7,19.544834
66,8,21.482067
66,9,23.161003
67,0,0.0
67,1,3.19522
67,10,24.590626
67,11,25.785526
67,12,26.766697
67,13,27.55796
67,14,28.184635
67,15,28.672045
67,16,29.044306
67,17,29.323496
67,18,29.529083
67,19,29.677723
67,2,6.333887
67,20,29.783228
67,21,29.856743
67,22,29.907024
67,23,29.94078
67,24,29.96304
67,25,29.977478
67,26,29.986744
67,27,29.992731
67,28,29.996803
67,29,30.0
67,3,9.362424
67,4,12.232947
67,5,14.905504
67,6,17.349632
67,7,19.545204
67,8,21.48247
67,9,23.16143
68,0,0.0
68,1,3.1953323
68,10,24.591438
68,11,25.786364
68,12,26.76756
68,13,27.558834
68,14,28.185516
68,15,28.672924
68,16,29.045181
68,17,29.324352
68,18,29.529919
68,19,29.678526
68,2,6.334109
68,20,29.78399
68,21,29.857456
68,22,29.907679
68,23,29.941364
68,24,29.963545
68,25,29.977894
68,26,29.987064
68,27,29.99295
68,28,29.996916
68,29,30.0
68,3,9.362751
68,4,12.233374
68,5,14.906019
68,6,17.350227
68,7,19.54587
68,8,21.483194
68,9,23.1622
69,0,0.0
69,1,3.1955314
69,10,24.592865
69,11,25.787848
69,12,26.769077
69,13,27.560379
69,14,28.18707
69,15,28.674477
69,16,29.046719
69,17,29.325863
69,18,29.531391
69,19,29.679945
69,2,6.334503
69,20,29.78534
69,21,29.858717
69,22,29.908833
69,23,29.9424
69,24,29.964436
69,25,29.97863
69,26,29.98763
69,27,29.993336
69,28,29.997108
69,29,30.0
69,3,9.363331
69,4,12.234127
69,5,14.906931
69,6,17.35128
69,7,19.547045
69,8,21.484472
69,9,23.163567
7,0,0.0
7,1,2.0781767
7,10,16.02325
7,11,16.81298
7,12,17.469437
7,13,18.00976
7,14,18.454372
7,15,18.823965
7,16,19.140831
7,17,19.427631
7,18,19.70805
7,19,20.007256
7,2,4.1198483
7,20,20.351797
7,21,20.77115
7,22,21.296455
7,23,21.96167
7,24,22.799793
7,25,23.840649
7,26,25.101784
7,27,26.579811
7,28,28.237667
7,29,30.0
7,3,6.0899687
7,4,7.9581137
7,5,9.697695
7,6,11.28998
7,7,12.721094
7,8,13.986079
7,9,15.084356
70,0,0.0
70,1,3.1958776
70,10,24.595352
70,11,25.790417
70,12,26.771715
70,13,27.563055
70,14,28.189766
70,15,28.677168
70,16,29.049387
70,17,29.328484
70,18,29.533945
70,19,29.6824
70,2,6.335187
70,20,29.787678
70,21,29.8609
70,22,29.910837
70,23,29.944187
70,24,29.965986
70,25,29.979908
70,26,29.988613
70,27,29.994
70,28,29.997446
70,29,30.0
70,3,9.364337
70,4,12.235435
70,5,14.908511
70,6,17.353107
70,7,19.54908
70,8,21.486689
70,9,23.165932
71,0,0.0
71,1,3.1964672
71,10,24.599571
71,11,25.794798
71,12,26.776196
71,13,27.567608
71,14,28.194347
71,15,28.681744
71,16,29.053917
71,17,29.332943
71,18,29.538277
71,19,29.68658
71,2,6.3363523
71,20,29.791641
71,21,29.864616
71,22,29.914242
71,23,29.947237
71,24,29.96862
71,25,29.982082
71,26,29.990284
71,27,29.995134
71,28,29.99802
71,29,30.0
71,3,9.366053
71,4,12.237661
71,5,14.911207
71,6,17.356216
71,7,19.552551
71,8,21.490463
71,9,23.169956
72,0,0.0
72,1,3.197454
72,10,24.606628
72,11,25.802097
72,12,26.78368
72,13,27.5752
72,14,28.201992
72,15,28.689377
72,16,29.061485
72,17,29.34037
72,18,29.545517
72,19,29.693542
72,2,6.3383036
72,20,29.798271
72,21,29.870811
72,22,29.91993
72,23,29.95232
72,24,29.97302
72,25,29.985714
72,26,29.99308
72,27,29.99703
72,28,29.998978
72,29,30.0
72,3,9.368922
72,4,12.24139
72,5,14.915713
72,6,17.361414
72,7,19.55835
72,8,21.496769
72,9,23.176678
73,0,0.0
73,1,3.1990762
73,10,24.618183
73,11,25.814062
73,12,26.79593
73,13,27.587631
73,14,28.2145
73,15,28.70187
73,16,29.07386
73,17,29.35254
73,18,29.557356
73,19,29.704956
73,2,6.3415093
73,20,29.809113
73,21,29.880968
73,22,29.92924
73,23,29.960659
73,24,29.98023
73,25,29.991673
73,26,29.997658
73,27,30.000141
73,28,30.00055
73,29,30.0
73,3,9.373639
73,4,12.247511
73,5,14.923112
73,6,17.36995
73,7,19.567863
73,8,21.50711
73,9,23.187695
74,0,0.0
74,1,3.201695
74,10,24.636772
74,11,25.833298
74,12,26.815626
74,13,27.607613
74,14,28.234606
74,15,28.721943
74,16,29.093752
74,17,29.372078
74,18,29.57639
74,19,29.723286
74,2,6.346684
74,20,29.826553
74,21,29.897282
74,22,29.94423
74,23,29.97406
74,24,29.991842
74,25,30.001253
74,26,30.005035
74,27,30.005148
74,28,30.003086
74,29,30.0
74,3,9.38125
74,4,12.257385
74,5,14.935045
74,6,17.383698
74,7,19.58319
74,8,21.523758
74,9,23.20543
75,0,0.0
75,1,3.2058473
75,10,24.66613
75,11,25.863663
75,12,26.846703
75,13,27.639128
75,14,28.266308
75,15,28.753597
75,16,29.125109
75,17,29.402905
75,18,29.606403
75,19,29.752213
75,2,6.3548903
75,20,29.85406
75,21,29.92306
75,22,29.96788
75,23,29.995255
75,24,30.010174
75,25,30.016417
75,26,30.016693
75,27,30.013075
75,28,30.00709
75,29,30.0
75,3,9.393311
75,4,12.273035
75,5,14.953937
75,6,17.405468
75,7,19.607431
75,8,21.550083
75,9,23.233448
76,0,0.0
76,1,3.2123203
76,10,24.711647
76,11,25.910725
76,12,26.894842
76,13,27.687931
76,14,28.315395
76,15,28.802591
76,16,29.173662
76,17,29.450615
76,18,29.652891
76,19,29.797005
76,2,6.36767
76,20,29.896708
76,21,29.962988
76,22,30.004581
76,23,30.028105
76,24,30.03865
76,25,30.039934
76,26,30.034815
76,27,30.025377
76,28,30.013317
76,29,30.0
76,3,9.412102
76,4,12.297386
76,5,14.983337
76,6,17.439306
76,7,19.645102
76,8,21.590948
76,9,23.276924
77,0,0.0
77,1,3.2222288
77,10,24.780964
77,11,25.982334
77,12,26.968063
77,13,27.76213
77,14,28.389997
77,15,28.877062
77,16,29.247435
77,17,29.523155
77,18,29.723543
77,19,29.865154
77,2,6.387246
77,20,29.961555
77,21,30.023808
77,22,30.060446
77,23,30.078201
77,24,30.082039
77,25,30.07584
77,26,30.062445
77,27,30.044172
77,28,30.022818
77,29,30.0
77,3,9.4408455
77,4,12.334646
77,5,15.028259
77,6,17.491001
77,7,19.702576
77,8,21.653275
77,9,23.343155
78,0,0.0
78,1,3.2371535
78,10,24.884605
78,11,26.089352
78,12,27.077408
78,13,27.872896
78,14,28.50134
78,15,28.988167
78,16,29.357536
78,17,29.631374
78,18,29.82905
78,19,29.966885
78,2,6.4166965
78,20,30.058504
78,21,30.11468
78,22,30.144072
78,23,30.153145
78,24,30.147074
78,25,30.129616
78,26,30.103912
78,27,30.072344
78,28,30.037086
78,29,30.0
78,3,9.484104
78,4,12.390638
78,5,15.095759
78,6,17.568558
78,7,19.788773
78,8,21.746613
78,9,23.442305
79,0,0.0
79,1,3.2592432
79,10,25.036858
79,11,26.246391
79,12,27.237783
79,13,28.035263
79,14,28.664488
79,15,29.150974
79,16,29.518822
79,17,29.790014
79,18,29.983665
79,19,30.116148
79,2,6.4603047
79,20,30.200706
79,21,30.248209
79,22,30.266893
79,23,30.263445
79,24,30.242737
79,25,30.208881
79,26,30.16498
79,27,30.113916
79,28,30.058111
79,29,30.0
79,3,9.548068
79,4,12.473423
79,5,15.1953945
79,6,17.682991
79,7,19.915737
79,8,21.88402
79,9,23.58804
8,0,0.0
8,1,2.2845523
8,10,17.610186
8,11,18.47705
8,12,19.195751
8,13,19.786263
8,14,20.269194
8,15,20.667326
8,16,21.003315
8,17,21.300526
8,18,21.582478
8,19,21.872923
8,2,4.528707
8,20,22.196653
8,21,22.578552
8,22,23.0448
8,23,23.620314
8,24,24.328714
8,25,25.187122
8,26,26.203188
8,27,27.367596
8,28,28.650553
8,29,30.0
8,3,6.6946645
8,4,8.747769
8,5,10.6603565
8,6,12.40992
8,7,13.983282
8,8,15.372723
8,9,16.579767
80,0,0.0
80,1,3.2914329
80,10,25.256508
80,11,26.472797
80,12,27.46878
80,13,28.269001
80,14,28.89928
80,15,29.38519
80,16,29.750929
80,17,30.018261
80,18,30.206345
80,19,30.331093
80,2,6.523774
80,20,30.405806
80,21,30.440758
80,22,30.444366
80,23,30.42278
80,24,30.381222
80,25,30.323576
80,26,30.253529
80,27,30.174139
80,28,30.088627
80,29,30.0
80,3,9.641163
80,4,12.593712
80,5,15.340097
80,6,17.848871
80,7,20.099653
80,8,22.082699
80,9,23.798603
81,0,0.0
81,1,3.3375673
81,10,25.567951
81,11,26.793377
81,12,27.795612
81,13,28.599478
81,14,29.231081
81,15,29.716175
81,16,30.078854
81,17,30.340956
81,18,30.521149
81,19,30.635372
81,2,6.614751
81,20,30.696161
81,21,30.713875
81,22,30.696104
81,23,30.649288
81,24,30.578087
81,25,30.486982
81,26,30.379631
81,27,30.26008
81,28,30.132132
81,29,30.0
81,3,9.774398
81,4,12.765777
81,5,15.546673
81,6,18.085468
81,7,20.361425
81,8,22.365194
81,9,24.097433
82,0,0.0
82,1,3.4027252
82,10,26.001741
82,11,27.239426
82,12,28.24983
82,13,29.05843
82,14,29.691671
82,15,30.175459
82,16,30.534046
82,17,30.788857
82,18,30.958582
82,19,31.058252
82,2,6.7430725
82,20,31.1004
82,21,31.094234
82,22,31.04748
82,23,30.96555
82,24,30.853617
82,25,30.71571
82,26,30.556543
82,27,30.380592
82,28,30.193249
82,29,30.0
82,3,9.962237
82,4,13.007874
82,5,15.837019
82,6,18.417229
82,7,20.727997
82,8,22.7599
82,9,24.514427
83,0,0.0
83,1,3.4933515
83,10,26.595707
83,11,27.849133
83,12,28.87004
83,13,29.684526
83,14,30.319624
83,15,30.801584
83,16,31.154484
83,17,31.399828
83,18,31.55539
83,19,31.636105
83,2,6.9215083
83,20,31.653059
83,21,31.615387
83,22,31.529243
83,23,31.400291
83,24,31.232597
83,25,31.031122
83,26,30.800556
83,27,30.54718
83,28,30.277685
83,29,30.0
83,3,10.22294
83,4,13.3434925
83,5,16.238504
83,6,18.87523
83,7,21.232708
83,8,23.30241
83,9,25.086231
84,0,0.0
84,1,3.6177347
84,10,27.394913
84,11,28.668255
84,12,29.702026
84,13,30.523596
84,14,31.160692
84,15,31.639868
84,16,31.985456
84,17,32.218216
84,18,32.355816
84,19,32.411568
84,2,7.1660223
84,20,32.396248
84,21,32.31688
84,22,32.179455
84,23,31.987688
84,24,31.746151
84,25,31.458927
84,26,31.132393
84,27,30.773773
84,28,30.392754
84,29,30.0
84,3,10.579793
84,4,13.801684
84,5,16.785557
84,6,19.497368
84,7,21.91678
84,8,24.035564
84,9,25.857418
85,0,0.0
85,1,3.7861776
85,10,28.45233
85,11,29.749628
85,12,30.79876
85,13,31.628353
85,14,32.267246
85,15,32.7426
85,16,33.078476
85,17,33.295635
85,18,33.41016
85,19,33.434917
85,2,7.4968805
85,20,33.378113
85,21,33.246143
85,22,33.04211
85,23,32.76952
85,24,32.430794
85,25,32.031094
85,26,31.576721
85,27,31.077961
85,28,30.547237
85,29,30.0
85,3,11.061437
85,4,14.4187765
85,5,17.51978
85,6,20.330065
85,7,22.829094
85,8,25.010708
85,9,26.879986
86,0,0.0
86,1,4.0117617
86,10,29.827637
86,11,31.153032
86,12,32.219326
86,13,33.057495
86,14,33.697617
86,15,34.167423
86,16,34.491302
86,17,34.6888
86,18,34.77556
86,19,34.76167
86,2,7.939044
86,20,34.65435
86,21,34.45622
86,22,34.169304
86,23,33.793415
86,24,33.330856
86,25,32.784904
86,26,32.16413
86,27,31.480602
86,28,30.752178
86,29,30.0
86,3,11.703721
86,4,15.2386265
86,5,18.492006
86,6,21.42794
86,7,24.02771
86,8,26.286774
86,9,28.214083
87,0,0.0
87,1,4.3107543
87,10,31.58702
87,11,32.94316
87,12,34.027718
87,13,34.874004
87,14,35.513985
87,15,35.97635
87,16,36.285057
87,17,36.459454
87,18,36.512615
87,19,36.45346
87,2,8.524052
87,20,36.284874
87,21,36.007607
87,22,35.618435
87,23,35.11547
87,24,34.49668
87,25,33.765686
87,26,32.930447
87,27,32.0077
87,28,31.020731
87,29,30.0
87,3,12.550338
87,4,16.315174
87,5,19.762186
87,6,22.855812
87,7,25.578712
87,8,27.931213
87,9,29.926113
88,0,0.0
88,1,4.704095
88,10,33.800224
88,11,35.188236
88,12,36.290005
88,13,37.14267
88,14,37.780243
88,15,38.232285
88,16,38.52308
88,17,38.670116
88,18,38.685402
88,19,38.5735
88,2,9.291197
88,20,38.334946
88,21,37.964104
88,22,37.45453
88,23,36.79731
88,24,35.987934
88,25,35.025528
88,26,33.919834
88,27,32.69026
88,28,31.369556
88,29,30.0
88,3,13.656055
88,4,17.713121
88,5,21.402283
88,6,24.68778
88,7,27.557661
88,8,30.01765
88,9,32.088676
89,0,0.0
89,1,5.2187977
89,10,36.539116
89,11,37.956047
89,12,39.071583
89,13,39.926678
89,14,40.55809
89,15,40.99665
89,16,41.265984
89,17,41.382954
89,18,41.355816
89,19,41.18676
89,2,10.291433
89,20,40.8696
89,21,40.394478
89,22,39.745804
89,23,38.909286
89,24,37.871235
89,25,36.627583
89,26,35.18473
89,27,33.567703
89,28,31.819193
89,29,30.0
89,3,15.088906
89,4,19.512348
89,5,23.496449
89,6,27.009743
89,7,30.047272
89,8,32.62619
89,9,34.776806
9,0,0.0
9,1,2.463409
9,10,18.985765
9,11,19.918251
9,12,20.690945
9,13,21.323473
9,14,21.838669
9,15,22.259357
9,16,22.609325
9,17,22.91182
9,18,23.189854
9,19,23.466213
9,2,4.8834825
9,20,23.762922
9,21,24.102165
9,22,24.504553
9,23,24.989922
9,24,25.573984
9,25,26.267885
9,26,27.073383
9,27,27.981438
9,28,28.968826
9,29,30.0
9,3,7.21872
9,4,9.432897
9,5,11.494617
9,6,13.381432
9,7,15.077042
9,8,16.57524
9,9,17.87541
90,0,0.0
90,1,5.8916206
90,10,39.87265
90,11,41.31105
90,12,42.432537
90,13,43.283485
90,14,43.903385
90,15,44.324074
90,16,44.569332
90,17,44.65341
90,18,44.58265
90,19,44.3531
90,2,11.591565
90,20,43.954216
90,21,43.366188
90,22,42.5661
90,23,41.526527
90,24,40.22496
90,25,38.64559
90,26,36.791683
90,27,34.68952
90,28,32.39704
90,29,30.0
90,3,16.937016
90,4,21.8106
90,5,26.145594
90,6,29.91804
90,7,33.138588
90,8,35.839264
90,9,38.0667
91,0,0.0
91,1,6.7742677
91,10,43.863937
91,11,45.308533
91,12,46.423454
91,13,47.260017
91,14,47.86084
91,15,48.258972
91,16,48.477074
91,17,48.52823
91,18,48.413956
91,19,48.12667
91,2,13.284268
91,20,47.646637
91,21,46.94651
91,22,45.988632
91,23,44.732853
91,24,43.13722
91,25,41.171463
91,26,38.82456
91,27,36.12316
91,28,33.140266
91,29,30.0
91,3,19.316036
91,4,24.73211
91,5,29.46886
91,6,33.52246
91,7,36.927113
91,8,39.740677
91,9,42.029747
92,0,0.0
92,1,7.9448795
92,10,48.563114
92,11,49.990425
92,12,51.079548
92,13,51.887608
92,14,52.459694
92,15,52.82929
92,16,53.018677
92,17,53.037743
92,18,52.885498
92,19,52.54712
92,2,15.502953
92,20,51.99685
92,21,51.193962
92,22,50.087845
92,23,48.61563
92,24,46.71264
92,25,44.31809
92,26,41.3974
92,27,37.962917
92,28,34.10437
92,29,30.0
92,3,22.38558
92,4,28.435558
92,5,33.61054
92,6,37.943943
92,7,41.512478
92,8,44.40889
92,9,46.729404
93,0,0.0
93,1,9.529292
93,10,54.00283
93,11,55.378212
93,12,56.415936
93,13,57.17696
93,14,57.70819
93,15,58.043167
93,16,58.202286
93,17,58.193886
93,18,58.012062
93,19,57.638268
93,2,18.452484
93,20,57.036945
93,21,56.15777
93,22,54.930325
93,23,53.268772
93,24,51.070755
93,25,48.232628
93,26,44.668007
93,27,40.352516
93,28,35.37725
93,29,30.0
93,3,26.371826
93,4,33.13034
93,5,38.742416
93,6,43.315582
93,7,46.990925
93,8,49.913017
93,9,52.212425
94,0,0.0
94,1,11.748801
94,10,60.18948
94,11,61.468346
94,12,62.421944
94,13,63.113693
94,14,63.590183
94,15,63.88354
94,16,64.012726
94,17,63.98284
94,18,63.786144
94,19,63.39837
94,2,22.46387
94,20,62.779274
94,21,61.86601
94,22,60.57289
94,23,58.783234
94,24,56.351543
94,25,53.104553
94,26,48.868134
94,27,43.521877
94,28,37.11326
94,29,30.0
94,3,31.608208
94,4,39.091995
94,5,45.068356
94,6,49.77404
94,7,53.44888
94,8,56.30123
94,9,58.50286
95,0,0.0
95,1,15.030349
95,10,67.09769
95,11,68.22561
95,12,69.05766
95,13,69.655
95,14,70.06156
95,15,70.306725
95,16,70.40647
95,17,70.36452
95,18,70.170235
95,19,69.798676
95,2,28.1036
95,20,69.20474
95,21,68.321
95,22,67.04663
95,23,65.24066
95,24,62.705505
95,25,59.17993
95,26,54.3409
95,27,47.864883
95,28,39.609573
95,29,30.0
95,3,38.591854
95,4,46.679455
95,5,52.814297
95,6,57.446648
95,7,60.944954
95,8,63.590324
95,9,65.590096
96,0,0.0
96,1,20.295036
96,10,74.662094
96,11,75.58032
96,12,76.25091
96,13,76.72817
96,14,77.049774
96,15,77.24017
96,16,77.31246
96,17,77.26811
96,18,77.09726
96,19,76.77501
96,2,36.380272
96,20,76.259544
96,21,75.48316
96,22,74.34415
96,23,72.686455
96,24,70.275185
96,25,66.75281
96,26,61.593002
96,27,54.08277
96,28,43.508865
96,29,30.0
96,3,48.05551
96,4,56.325924
96,5,62.19821
96,6,66.41681
96,7,69.4876
96,8,71.74669
96,9,73.420204
97,0,0.0
97,1,29.79087
97,10,82.77452
97,11,83.4258
97,12,83.89783
97,13,84.23142
97,14,84.45448
97,15,84.58482
97,16,84.6314
97,17,84.595055
97,18,84.46713
97,19,84.22864
97,2,49.110214
97,20,83.845215
97,21,83.26239
97,22,82.39219
97,23,81.09427
97,24,79.13448
97,25,76.11122
97,26,71.30818
97,27,63.441326
97,28,50.381634
97,29,30.0
97,3,60.988907
97,4,68.45858
97,5,73.34622
97,6,76.66931
97,7,78.999176
97,8,80.669716
97,9,81.88463
98,0,0.0
98,1,49.77359
98,10,91.283005
98,11,91.6216
98,12,91.865685
98,13,92.03746
98,14,92.15178
98,15,92.21797
98,16,92.24078
98,17,92.22027
98,18,92.15184
98,19,92.02455
98,2,69.31142
98,20,91.819595
98,21,91.50538
98,22,91.030685
98,23,90.30825
98,24,89.182655
98,25,87.35181
98,26,84.16639
98,27,78.0459
98,28,64.60344
98,29,30.0
98,3,78.37793
98,4,83.23542
98,5,86.1377
98,6,88.00984
98,7,89.281784
98,8,90.17569
98,9,90.81737
99,0,0.0
99,1,100.0
99,10,100.0
99,11,100.0
99,12,100.0
99,13,100.0
99,14,100.0
99,15,100.0
99,16,100.0
99,17,100.0
99,18,100.0
99,19,100.0
99,2,100.0
99,20,100.0
99,21,100.0
99,22,100.0
99,23,100.0
99,24,100.0
99,25,100.0
99,26,100.0
99,27,100.0
99,28,100.0
99,29,30.0
99,3,100.0
99,4,100.0
99,5,100.0
99,6,100.0
99,7,100.0
99,8,100.0
99,9,100.0
