0,0,0.0
0,1,0.0
0,10,0.0
0,11,0.0
0,12,0.0
0,13,0.0
0,14,0.0
0,15,30.0
0,2,0.0
0,3,0.0
0,4,0.0
0,5,0.0
0,6,0.0
0,7,0.0
0,8,0.0
0,9,0.0
1,0,0.0
1,1,0.62824315
1,10,5.133104
1,11,5.9071
1,12,7.204586
1,13,9.714535
1,14,15.330901
1,15,30.0
1,2,1.2407675
1,3,1.8238164
1,4,2.3672144
1,5,2.8660316
1,6,3.321795
1,7,3.7445273
1,8,4.155701
1,9,4.594778
10,0,0.0
10,1,11.047596
10,10,49.09558
10,11,47.51606
10,12,44.783577
10,13,40.842693
10,14,35.78515
10,15,30.0
10,2,21.0518
10,3,29.462826
10,4,36.17308
10,5,41.307987
10,6,45.064934
10,7,47.62585
10,8,49.11985
10,9,49.610584
11,0,0.0
11,1,14.477579
11,10,56.743633
11,11,54.64557
11,12,51.061165
11,13,45.72983
11,14,38.55637
11,15,30.0
11,2,26.98592
11,3,36.882442
11,4,44.33021
11,5,49.746918
11,6,53.537094
11,7,56.003517
11,8,57.331024
11,9,57.590523
12,0,0.0
12,1,19.883705
12,10,65.6813
12,11,63.295624
12,12,59.11308
12,13,52.478584
12,14,42.72044
12,15,30.0
12,2,35.545727
12,3,46.77111
12,4,54.545082
12,5,59.844376
12,6,63.36963
12,7,65.559906
12,8,66.6515
12,9,66.71798
13,0,0.0
13,1,29.51762
13,10,76.000984
13,11,73.77139
13,12,69.64047
13,13,62.367332
13,14,49.85535
13,15,30.0
13,2,48.554157
13,3,60.129017
13,4,67.257645
13,5,71.743706
13,6,74.568695
13,7,76.24924
13,8,77.0326
13,9,76.98357
14,0,0.0
14,1,49.637104
14,10,87.5916
14,11,86.16974
14,12,83.32704
14,13,77.506966
14,14,64.33976
14,15,30.0
14,2,69.0332
14,3,77.94627
14,4,82.62985
14,5,85.32454
14,6,86.935455
14,7,87.860855
14,8,88.27203
14,9,88.20843
15,0,0.0
15,1,100.0
15,10,100.0
15,11,100.0
15,12,100.0
15,13,100.0
15,14,100.0
15,15,30.0
15,2,100.0
15,3,100.0
15,4,100.0
15,5,100.0
15,6,100.0
15,7,100.0
15,8,100.0
15,9,100.0
2,0,0.0
2,1,1.2717321
2,10,10.03134
2,11,11.291691
2,12,13.197619
2,13,16.323399
2,14,21.609463
2,15,30.0
2,2,2.510221
2,3,3.6861658
2,4,4.7779384
2,5,5.7740555
2,6,6.675947
2,7,7.5002546
2,8,8.283626
2,9,9.090819
3,0,0.0
3,1,1.947804
3,10,14.612122
3,11,16.033197
3,12,17.973183
3,13,20.773739
3,14,24.784538
3,15,30.0
3,2,3.840882
3,3,5.6312165
3,4,7.282655
3,5,8.775207
3,6,10.107022
3,7,11.297216
3,8,12.388794
3,9,13.455375
4,0,0.0
4,1,2.67796
4,10,18.933716
4,11,20.261051
4,12,21.892696
4,13,24.017319
4,14,26.756752
4,15,30.0
4,2,5.273406
4,3,7.713969
4,4,9.945698
4,5,11.936995
4,6,13.680967
4,7,15.195108
4,8,16.522617
4,9,17.734398
5,0,0.0
5,1,3.4906862
5,10,23.136944
5,11,24.193653
5,12,25.32719
5,13,26.651752
5,14,28.228237
5,15,30.0
5,2,6.860858
5,3,10.006439
5,4,12.8506775
5,5,15.349354
5,6,17.489359
5,7,19.286211
5,8,20.780205
5,9,22.03501
6,0,0.0
6,1,4.4248557
6,10,27.400723
6,11,28.063885
6,12,28.582573
6,13,29.043068
6,14,29.50895
6,15,30.0
6,2,8.675245
6,3,12.603792
6,4,16.107046
6,5,19.128048
6,6,21.651253
6,7,23.692547
6,8,25.291279
6,9,26.503891
7,0,0.0
7,1,5.535946
7,10,31.920513
7,11,32.0987
7,12,31.91312
7,13,31.440922
7,14,30.770844
7,15,30.0
7,2,10.816229
7,3,15.63431
7,4,19.856176
7,5,23.418621
7,6,26.311943
7,7,28.561277
7,8,30.210232
7,9,31.311144
8,0,0.0
8,1,6.9065266
8,10,36.900497
8,11,36.523735
8,12,35.551716
8,13,34.05216
8,14,32.141426
8,15,30.0
8,2,13.427465
8,3,19.272903
8,4,24.281212
8,5,28.398605
8,6,31.641047
8,7,34.057793
8,8,35.70675
8,9,36.64025
9,0,0.0
9,1,8.668131
9,10,42.55289
9,11,41.575317
9,12,39.743748
9,13,37.09265
9,14,33.752228
9,15,30.0
9,2,16.724823
9,3,23.764969
9,4,29.618475
9,5,34.280216
9,6,37.82671
9,7,40.356552
9,8,41.95528
9,9,42.679344
