0,0,0.0
0,1,0.0
0,10,0.0
0,11,0.0
0,12,0.0
0,13,0.0
0,14,0.0
0,15,30.0
0,2,0.0
0,3,0.0
0,4,0.0
0,5,0.0
0,6,0.0
0,7,0.0
0,8,0.0
0,9,0.0
1,0,0.0
1,1,0.6354928
1,10,5.175738
1,11,5.9449034
1,12,7.2352753
1,13,9.736185
1,14,15.342094
1,15,30.0
1,2,1.2552162
1,3,1.8452816
1,4,2.3953805
1,5,2.9002638
1,6,3.361167
1,7,3.7876625
1,8,4.200858
1,9,4.639843
10,0,0.0
10,1,11.119158
10,10,49.44542
10,11,47.821274
10,12,45.028336
10,13,41.013737
10,14,35.87314
10,15,30.0
10,2,21.192837
10,3,29.669165
10,4,36.43814
10,5,41.62284
10,6,45.41803
10,7,48.00331
10,8,49.505714
10,9,49.98741
11,0,0.0
11,1,14.543043
11,10,57.060738
11,11,54.92206
11,12,51.282654
11,13,45.88459
11,14,38.635925
11,15,30.0
11,2,27.114918
11,3,37.070976
11,4,44.572227
11,5,50.03401
11,6,53.858704
11,7,56.346874
11,8,57.681576
11,9,57.932518
12,0,0.0
12,1,19.938152
12,10,65.94322
12,11,63.52379
12,12,59.295815
12,13,52.60617
12,14,42.786037
12,15,30.0
12,2,35.652954
12,3,46.927773
12,4,54.745987
12,5,60.082558
12,6,63.636166
12,7,65.844215
12,8,66.94151
12,9,67.00062
13,0,0.0
13,1,29.556671
13,10,76.18794
13,11,73.934235
13,12,69.7708
13,13,62.45833
13,14,49.90211
13,15,30.0
13,2,48.631054
13,3,60.24131
13,4,67.4016
13,5,71.914246
13,6,74.75944
13,7,76.45255
13,8,77.23985
13,9,77.18547
14,0,0.0
14,1,49.6575
14,10,87.68901
14,11,86.25452
14,12,83.3949
14,13,77.55432
14,14,64.364105
14,15,30.0
14,2,69.07336
14,3,78.0049
14,4,82.704994
14,5,85.41353
14,6,87.03494
14,7,87.966866
14,8,88.380066
14,9,88.313614
15,0,0.0
15,1,100.0
15,10,100.0
15,11,100.0
15,12,100.0
15,13,100.0
15,14,100.0
15,15,30.0
15,2,100.0
15,3,100.0
15,4,100.0
15,5,100.0
15,6,100.0
15,7,100.0
15,8,100.0
15,9,100.0
2,0,0.0
2,1,1.2867723
2,10,10.11828
2,11,11.368664
2,12,13.260063
2,13,16.367403
2,14,21.632214
2,15,30.0
2,2,2.5401254
2,3,3.7305782
2,4,4.83604
2,5,5.844581
2,6,6.7568235
2,7,7.588707
2,8,8.376012
2,9,9.182854
3,0,0.0
3,1,1.9715058
3,10,14.746004
3,11,16.151531
3,12,18.069006
3,13,20.84122
3,14,24.81939
3,15,30.0
3,2,3.8880014
3,3,5.700965
3,4,7.3737416
3,5,8.885342
3,6,10.232994
3,7,11.4345
3,8,12.531789
3,9,13.597445
4,0,0.0
4,1,2.7112985
4,10,19.116974
4,11,20.422625
4,12,22.023354
4,13,24.109177
4,14,26.80418
4,15,30.0
4,2,5.3395076
4,3,7.811678
4,4,10.072799
4,5,12.090254
4,6,13.855541
4,7,15.384743
4,8,16.719446
4,9,17.92935
5,0,0.0
5,1,3.534244
5,10,23.370167
5,11,24.39887
5,12,25.492783
5,13,26.768072
5,14,28.288223
5,15,30.0
5,2,6.9471745
5,3,10.133621
5,4,13.015745
5,5,15.547596
5,6,17.714458
5,7,19.52979
5,8,21.032194
5,9,22.283833
6,0,0.0
6,1,4.4785757
6,10,27.681301
6,11,28.310173
6,12,28.781042
6,13,29.182253
6,14,29.580706
6,15,30.0
6,2,8.78147
6,3,12.76009
6,4,16.309227
6,5,19.370228
6,6,21.925243
6,7,23.988115
6,8,25.596062
6,9,26.803953
7,0,0.0
7,1,5.5986695
7,10,32.24124
7,11,32.37977
7,12,32.139187
7,13,31.599352
7,14,30.852432
7,15,30.0
7,2,10.940197
7,3,15.816272
7,4,20.09113
7,5,23.699188
7,6,26.628536
7,7,28.901758
7,8,30.560356
7,9,31.654995
8,0,0.0
8,1,6.9759884
8,10,37.249256
8,11,36.828773
8,12,35.796825
8,13,34.223698
8,14,32.22975
8,15,30.0
8,2,13.564543
8,3,19.473907
8,4,24.540134
8,5,28.707197
8,6,31.988348
8,7,34.430424
8,8,36.089024
8,9,37.014805
9,0,0.0
9,1,8.740828
9,10,42.91255
9,11,41.88955
9,12,39.995876
9,13,37.269028
9,14,33.842957
9,15,30.0
9,2,16.868242
9,3,23.974922
9,4,29.888594
9,5,34.60148
9,6,38.187614
9,7,40.74297
9,8,42.350914
9,9,43.06633
