0,0,0.0
0,1,0.0
0,10,0.0
0,11,0.0
0,12,0.0
0,13,0.0
0,14,0.0
0,15,30.0
0,2,0.0
0,3,0.0
0,4,0.0
0,5,0.0
0,6,0.0
0,7,0.0
0,8,0.0
0,9,0.0
1,0,0.0
1,1,0.63568544
1,10,5.1765413
1,11,5.945593
1,12,7.235821
1,13,9.736563
1,14,15.342289
1,15,30.0
1,2,1.2555933
1,3,1.8458263
1,4,2.3960695
1,5,2.9010668
1,6,3.3620493
1,7,3.7885842
1,8,4.2017803
1,9,4.640724
10,0,0.0
10,1,11.119961
10,10,49.448765
10,11,47.824146
10,12,45.030605
10,13,41.01531
10,14,35.87394
10,15,30.0
10,2,21.194408
10,3,29.671436
10,4,36.441017
10,5,41.62619
10,6,45.42171
10,7,48.007156
10,8,49.509563
10,9,49.991085
11,0,0.0
11,1,14.543732
11,10,57.063606
11,11,54.92452
11,12,51.284603
11,13,45.885937
11,14,38.636612
11,15,30.0
11,2,27.116268
11,3,37.072926
11,4,44.57469
11,5,50.03689
11,6,53.861855
11,7,56.350178
11,8,57.684875
11,9,57.93567
12,0,0.0
12,1,19.938698
12,10,65.94549
12,11,63.52573
12,12,59.297356
12,13,52.60723
12,14,42.786583
12,15,30.0
12,2,35.654015
12,3,46.92931
12,4,54.747944
12,5,60.084824
12,6,63.638664
12,7,65.846825
12,8,66.94412
12,9,67.00311
13,0,0.0
13,1,29.557045
13,10,76.189514
13,11,73.93558
13,12,69.77186
13,13,62.45907
13,14,49.902485
13,15,30.0
13,2,48.63179
13,3,60.242374
13,4,67.402954
13,5,71.91582
13,6,74.76116
13,7,76.45436
13,8,77.24166
13,9,77.187195
14,0,0.0
14,1,49.657692
14,10,87.689804
14,11,86.2552
14,12,83.39544
14,13,77.5547
14,14,64.364296
14,15,30.0
14,2,69.07373
14,3,78.00545
14,4,82.70568
14,5,85.41432
14,6,87.03582
14,7,87.96779
14,8,88.38099
14,9,88.3145
15,0,0.0
15,1,100.0
15,10,100.0
15,11,100.0
15,12,100.0
15,13,100.0
15,14,100.0
15,15,30.0
15,2,100.0
15,3,100.0
15,4,100.0
15,5,100.0
15,6,100.0
15,7,100.0
15,8,100.0
15,9,100.0
2,0,0.0
2,1,1.2871493
2,10,10.11985
2,11,11.370011
2,12,13.261129
2,13,16.368141
2,14,21.632591
2,15,30.0
2,2,2.540863
2,3,3.7316442
2,4,4.837387
2,5,5.8461523
2,6,6.7585483
2,7,7.5905128
2,8,8.377815
2,9,9.18458
3,0,0.0
3,1,1.9720507
3,10,14.748276
3,11,16.153479
3,12,18.070547
3,13,20.842287
3,14,24.819937
3,15,30.0
3,2,3.8890672
3,3,5.7025056
3,4,7.3756895
3,5,8.88761
3,6,10.235488
3,7,11.437107
3,8,12.534399
3,9,13.599937
4,0,0.0
4,1,2.7119875
4,10,19.119843
4,11,20.42509
4,12,22.025303
4,13,24.110523
4,14,26.804873
4,15,30.0
4,2,5.3408556
4,3,7.8136253
4,4,10.075261
4,5,12.0931225
4,6,13.858693
4,7,15.388041
4,8,16.722742
4,9,17.932507
5,0,0.0
5,1,3.535047
5,10,23.373516
5,11,24.401745
5,12,25.495052
5,13,26.769644
5,14,28.289024
5,15,30.0
5,2,6.948745
5,3,10.135891
5,4,13.018614
5,5,15.5509405
5,6,17.718132
5,7,19.533634
5,8,21.036037
5,9,22.287508
6,0,0.0
6,1,4.479458
6,10,27.684975
6,11,28.313328
6,12,28.783539
6,13,29.183977
6,14,29.581589
6,15,30.0
6,2,8.7831955
6,3,12.762582
6,4,16.312378
6,5,19.373901
6,6,21.929277
6,7,23.992336
6,8,25.600279
6,9,26.807993
7,0,0.0
7,1,5.599592
7,10,32.245087
7,11,32.383068
7,12,32.141796
7,13,31.601154
7,14,30.853352
7,15,30.0
7,2,10.942001
7,3,15.818879
7,4,20.094425
7,5,23.703028
7,6,26.632757
7,7,28.90617
7,8,30.564774
7,9,31.659214
8,0,0.0
8,1,6.9769115
8,10,37.253098
8,11,36.83207
8,12,35.79943
8,13,34.2255
8,14,32.23067
8,15,30.0
8,2,13.566348
8,3,19.476515
8,4,24.54343
8,5,28.711042
8,6,31.992569
8,7,34.434837
8,8,36.093437
8,9,37.019028
9,0,0.0
9,1,8.74171
9,10,42.91623
9,11,41.8927
9,12,39.99837
9,13,37.270752
9,14,33.84384
9,15,30.0
9,2,16.869968
9,3,23.977417
9,4,29.89175
9,5,34.605156
9,6,38.191654
9,7,40.747192
9,8,42.355133
9,9,43.070366
