0,0,0.0
0,1,0.0
0,2,0.0
0,3,0.0
0,4,0.0
0,5,0.0
0,6,0.0
0,7,30.0
1,0,0.0
1,1,2.9656835
1,2,5.588617
1,3,7.734338
1,4,9.586775
1,5,11.86165
1,6,16.594376
1,7,30.0
2,0,0.0
2,1,6.2762566
2,2,11.6582985
2,3,15.766777
2,4,18.755934
2,5,21.269325
2,6,24.518005
2,7,30.0
3,0,0.0
3,1,10.484905
3,2,19.008522
3,3,24.92725
3,4,28.409586
3,5,29.948732
3,6,30.212212
3,7,30.0
4,0,0.0
4,1,16.659695
4,2,28.972378
4,3,36.535038
4,4,40.017372
4,5,39.912582
4,6,36.387
4,7,30.0
5,0,0.0
5,1,27.18637
5,2,43.695057
5,3,52.23414
5,4,55.22329
5,5,53.306087
5,6,45.428116
5,7,30.0
6,0,0.0
6,1,48.394653
6,2,66.39445
6,3,73.49203
6,4,75.34447
6,5,72.66748
6,6,62.02335
6,7,30.0
7,0,0.0
7,1,100.0
7,2,100.0
7,3,100.0
7,4,100.0
7,5,100.0
7,6,100.0
7,7,30.0
