0,0,0.0
0,1,0.0
0,10,0.0
0,11,0.0
0,12,0.0
0,13,0.0
0,14,0.0
0,15,0.0
0,16,0.0
0,17,0.0
0,18,0.0
0,19,0.0
0,2,0.0
0,20,0.0
0,21,0.0
0,22,0.0
0,23,0.0
0,24,0.0
0,25,0.0
0,26,0.0
0,27,0.0
0,28,0.0
0,29,30.0
0,3,0.0
0,4,0.0
0,5,0.0
0,6,0.0
0,7,0.0
0,8,0.0
0,9,0.0
1,0,0.0
1,1,0.7008363
1,10,4.3489504
1,11,4.440821
1,12,4.502207
1,13,4.541589
1,14,4.56654
1,15,4.5825405
1,16,4.59418
1,17,4.6054144
1,18,4.620249
1,19,4.644219
1,2,1.3766427
1,20,4.684926
1,21,4.7555075
1,22,4.87664
1,23,5.085656
1,24,5.448537
1,25,6.0962067
1,26,7.3081236
1,27,9.765054
1,28,15.350418
1,29,30.0
1,3,2.0041776
1,4,2.5667949
1,5,3.0518098
1,6,3.4559898
1,7,3.779336
1,8,4.0296726
1,9,4.215419
10,0,0.0
10,1,4.348883
10,10,26.915195
10,11,27.478065
10,12,27.850563
10,13,28.088358
10,14,28.234459
10,15,28.321682
10,16,28.373156
10,17,28.40495
10,18,28.42846
10,19,28.451607
10,2,8.539625
10,20,28.481773
10,21,28.524864
10,22,28.588627
10,23,28.679255
10,24,28.804863
10,25,28.969736
10,26,29.17749
10,27,29.424622
10,28,29.703646
10,29,30.0
10,3,12.432409
10,4,15.915429
10,5,18.92016
10,6,21.415617
10,7,23.414097
10,8,24.953918
10,9,26.09798
11,0,0.0
11,1,4.4406595
11,10,27.477964
11,11,28.051502
11,12,28.431522
11,13,28.673542
11,14,28.822243
11,15,28.91048
11,16,28.96181
11,17,28.99231
11,18,29.01265
11,19,29.030565
11,2,8.720396
11,20,29.05133
11,21,29.080303
11,22,29.121492
11,23,29.180206
11,24,29.25974
11,25,29.36409
11,26,29.493427
11,27,29.646755
11,28,29.818232
11,29,30.0
11,3,12.694437
11,4,16.251543
11,5,19.318014
11,6,21.866386
11,7,23.905088
11,8,25.477303
11,9,26.643791
12,0,0.0
12,1,4.5018435
12,10,27.850262
12,11,28.431368
12,12,28.81585
12,13,29.060877
12,14,29.21107
12,15,29.29997
12,16,29.351143
12,17,29.380535
12,18,29.39877
12,19,29.412586
12,2,8.839983
12,20,29.427065
12,21,29.445524
12,22,29.471592
12,23,29.507584
12,24,29.556583
12,25,29.619652
12,26,29.697903
12,27,29.789543
12,28,29.891935
12,29,30.0
12,3,12.868993
12,4,16.473896
12,5,19.5827
12,6,22.164589
12,7,24.23122
12,8,25.823542
12,9,27.00579
13,0,0.0
13,1,4.540779
13,10,28.08767
13,11,28.673103
13,12,29.060661
13,13,29.307364
13,14,29.458576
13,15,29.54782
13,16,29.59882
13,17,29.627516
13,18,29.644154
13,19,29.655409
13,2,8.91671
13,20,29.665348
13,21,29.677158
13,22,29.69276
13,23,29.71437
13,24,29.74303
13,25,29.78015
13,26,29.825497
13,27,29.87872
13,28,29.937717
13,29,30.0
13,3,12.980072
13,4,16.616386
13,5,19.751139
13,6,22.355373
13,7,24.438757
13,8,26.044668
13,9,27.23615
14,0,0.0
14,1,4.5648274
14,10,28.232948
14,11,28.821264
14,12,29.210476
14,13,29.4583
14,14,29.610039
14,15,29.699493
14,16,29.750378
14,17,29.778557
14,18,29.79426
14,19,29.803722
14,2,8.963661
14,20,29.810968
14,21,29.818302
14,22,29.827614
14,23,29.839886
14,24,29.856293
14,25,29.877092
14,26,29.902672
14,27,29.932343
14,28,29.965322
14,29,30.0
14,3,13.04862
14,4,16.70358
14,5,19.854916
14,6,22.472118
14,7,24.566376
14,8,26.179983
14,9,27.377544
15,0,0.0
15,1,4.578974
15,10,28.318611
15,11,28.908417
15,12,29.298702
15,13,29.547089
15,14,29.699167
15,15,29.78872
15,16,29.839512
15,17,29.867409
15,18,29.882473
15,19,29.890938
15,2,8.9915495
15,20,29.896416
15,21,29.901213
15,22,29.906551
15,23,29.913464
15,24,29.922358
15,25,29.933752
15,26,29.947517
15,27,29.963598
15,28,29.981323
15,29,30.0
15,3,13.088941
15,4,16.755302
15,5,19.915955
15,6,22.54123
15,7,24.641443
15,8,26.259914
15,9,27.460716
16,0,0.0
16,1,4.587057
16,10,28.36703
16,11,28.957771
16,12,29.348572
16,13,29.59731
16,14,29.74955
16,15,29.839157
16,16,29.8899
16,17,29.917606
16,18,29.932339
16,19,29.940166
16,2,9.007312
16,20,29.944708
16,21,29.94794
16,22,29.951117
16,23,29.954828
16,24,29.959593
16,25,29.96551
16,26,29.972742
16,27,29.981071
16,28,29.99031
16,29,30.0
16,3,13.111958
16,4,16.78453
16,5,19.950733
16,6,22.580286
16,7,24.684113
16,8,26.305092
16,9,27.507889
17,0,0.0
17,1,4.591445
17,10,28.393387
17,11,28.984558
17,12,29.375677
17,13,29.624577
17,14,29.776909
17,15,29.866543
17,16,29.91725
17,17,29.944866
17,18,29.95939
17,19,29.966902
17,2,9.015966
17,20,29.970879
17,21,29.973312
17,22,29.97523
17,23,29.977274
17,24,29.979694
17,25,29.982725
17,26,29.986332
17,27,29.990532
17,28,29.995144
17,29,30.0
17,3,13.12445
17,4,16.800556
17,5,19.96961
17,6,22.601646
17,7,24.707275
17,8,26.329735
17,9,27.533495
18,0,0.0
18,1,4.593761
18,10,28.407118
18,11,28.99855
18,12,29.389801
18,13,29.638796
18,14,29.79117
18,15,29.880816
18,16,29.93151
18,17,29.959064
18,18,29.973497
18,19,29.980824
18,2,9.020477
18,20,29.984528
18,21,29.986506
18,22,29.987808
18,23,29.98893
18,24,29.990177
18,25,29.991644
18,26,29.993414
18,27,29.99543
18,28,29.997662
18,29,30.0
18,3,13.131037
18,4,16.808905
18,5,19.979538
18,6,22.612778
18,7,24.719423
18,8,26.342577
18,9,27.546894
19,0,0.0
19,1,4.594919
19,10,28.41401
19,11,29.00554
19,12,29.396875
19,13,29.645905
19,14,29.798306
19,15,29.887955
19,16,29.938637
19,17,29.966171
19,18,29.980545
19,19,29.987793
19,2,9.02276
19,20,29.991344
19,21,29.993118
19,22,29.994081
19,23,29.994766
19,24,29.995401
19,25,29.996117
19,26,29.996935
19,27,29.997883
19,28,29.998913
19,29,30.0
19,3,13.134329
19,4,16.813126
19,5,19.984505
19,6,22.61839
19,7,24.725498
19,8,26.349035
19,9,27.55359
2,0,0.0
2,1,1.3766427
2,10,8.539753
2,11,8.720692
2,12,8.840667
2,13,8.918196
2,14,8.96686
2,15,8.998112
2,16,9.020548
2,17,9.041651
2,18,9.0693655
2,19,9.113008
2,2,2.7032259
2,20,9.187356
2,21,9.313795
2,22,9.529234
2,23,9.891743
2,24,10.502771
2,25,11.534821
2,26,13.299536
2,27,16.351612
2,28,21.611588
2,29,30.0
2,3,3.9366562
2,4,5.0402517
2,5,5.994115
2,6,6.7863073
2,7,7.422568
2,8,7.9128113
2,9,8.278496
20,0,0.0
20,1,4.5954823
20,10,28.417309
20,11,29.008904
20,12,29.400265
20,13,29.649319
20,14,29.801723
20,15,29.891378
20,16,29.942055
20,17,29.969576
20,18,29.983932
20,19,29.991129
20,2,9.023856
20,20,29.994621
20,21,29.99628
20,22,29.997099
20,23,29.997562
20,24,29.997913
20,25,29.998253
20,26,29.998634
20,27,29.999054
20,28,29.999516
20,29,30.0
20,3,13.135927
20,4,16.815151
20,5,19.986908
20,6,22.62108
20,7,24.728432
20,8,26.352129
20,9,27.556818
21,0,0.0
21,1,4.5957413
21,10,28.41883
21,11,29.010447
21,12,29.401825
21,13,29.650887
21,14,29.803299
21,15,29.892952
21,16,29.943628
21,17,29.971142
21,18,29.985483
21,19,29.992666
21,2,9.024367
21,20,29.996124
21,21,29.997738
21,22,29.998484
21,23,29.998852
21,24,29.999065
21,25,29.99924
21,26,29.999409
21,27,29.999596
21,28,29.999792
21,29,30.0
21,3,13.136663
21,4,16.816092
21,5,19.988014
21,6,22.622328
21,7,24.729778
21,8,26.35356
21,9,27.558298
22,0,0.0
22,1,4.595857
22,10,28.4195
22,11,29.01113
22,12,29.402514
22,13,29.651577
22,14,29.80399
22,15,29.893644
22,16,29.944319
22,17,29.971828
22,18,29.986168
22,19,29.993341
22,2,9.024592
22,20,29.996788
22,21,29.998379
22,22,29.999096
22,23,29.999416
22,24,29.999577
22,25,29.999672
22,26,29.999754
22,27,29.999832
22,28,29.999916
22,29,30.0
22,3,13.1369915
22,4,16.816505
22,5,19.988506
22,6,22.622877
22,7,24.730377
22,8,26.354189
22,9,27.558954
23,0,0.0
23,1,4.5959063
23,10,28.419785
23,11,29.011417
23,12,29.402802
23,13,29.651867
23,14,29.80428
23,15,29.893936
23,16,29.944609
23,17,29.97212
23,18,29.986458
23,19,29.993626
23,2,9.024689
23,20,29.997066
23,21,29.99865
23,22,29.999352
23,23,29.999657
23,24,29.99979
23,25,29.999857
23,26,29.999899
23,27,29.999935
23,28,29.999968
23,29,30.0
23,3,13.13713
23,4,16.816685
23,5,19.988712
23,6,22.62311
23,7,24.730629
23,8,26.354458
23,9,27.55923
24,0,0.0
24,1,4.595926
24,10,28.419899
24,11,29.011532
24,12,29.40292
24,13,29.651981
24,14,29.804398
24,15,29.89405
24,16,29.944727
24,17,29.972237
24,18,29.986574
24,19,29.99374
24,2,9.024728
24,20,29.99718
24,21,29.998758
24,22,29.999456
24,23,29.999752
24,24,29.999878
24,25,29.999931
24,26,29.999956
24,27,29.999975
24,28,29.999989
24,29,30.0
24,3,13.137186
24,4,16.816755
24,5,19.988796
24,6,22.623205
24,7,24.73073
24,8,26.354565
24,9,27.559341
25,0,0.0
25,1,4.5959334
25,10,28.419943
25,11,29.011578
25,12,29.402964
25,13,29.65203
25,14,29.804441
25,15,29.8941
25,16,29.94477
25,17,29.97228
25,18,29.986616
25,19,29.993786
25,2,9.024742
25,20,29.997221
25,21,29.998802
25,22,29.999496
25,23,29.99979
25,24,29.99991
25,25,29.99996
25,26,29.99998
25,27,29.999989
25,28,29.999996
25,29,30.0
25,3,13.137209
25,4,16.816782
25,5,19.98883
25,6,22.62324
25,7,24.73077
25,8,26.354603
25,9,27.559385
26,0,0.0
26,1,4.595937
26,10,28.41996
26,11,29.011591
26,12,29.40298
26,13,29.652046
26,14,29.804459
26,15,29.894115
26,16,29.944788
26,17,29.972298
26,18,29.986633
26,19,29.993801
26,2,9.024748
26,20,29.997238
26,21,29.998817
26,22,29.999512
26,23,29.999805
26,24,29.999924
26,25,29.99997
26,26,29.999989
26,27,29.999996
26,28,30.0
26,29,30.0
26,3,13.137216
26,4,16.816793
26,5,19.98884
26,6,22.623257
26,7,24.730783
26,8,26.354622
26,9,27.559402
27,0,0.0
27,1,4.5959373
27,10,28.419968
27,11,29.0116
27,12,29.402987
27,13,29.652054
27,14,29.804466
27,15,29.89412
27,16,29.944794
27,17,29.972303
27,18,29.986637
27,19,29.993809
27,2,9.02475
27,20,29.997242
27,21,29.998821
27,22,29.99952
27,23,29.999811
27,24,29.999928
27,25,29.999973
27,26,29.999992
27,27,29.999998
27,28,30.0
27,29,30.0
27,3,13.137218
27,4,16.816795
27,5,19.988846
27,6,22.623259
27,7,24.73079
27,8,26.354626
27,9,27.559406
28,0,0.0
28,1,4.595938
28,10,28.419968
28,11,29.0116
28,12,29.402988
28,13,29.652054
28,14,29.804466
28,15,29.89412
28,16,29.944794
28,17,29.972305
28,18,29.98664
28,19,29.993809
28,2,9.02475
28,20,29.997246
28,21,29.998823
28,22,29.999517
28,23,29.99981
28,24,29.99993
28,25,29.999977
28,26,29.999992
28,27,30.0
28,28,30.0
28,29,30.0
28,3,13.137221
28,4,16.816797
28,5,19.988846
28,6,22.62326
28,7,24.730793
28,8,26.354626
28,9,27.55941
29,0,0.0
29,1,4.5959377
29,10,28.419968
29,11,29.0116
29,12,29.402988
29,13,29.652054
29,14,29.804466
29,15,29.894121
29,16,29.944796
29,17,29.972303
29,18,29.98664
29,19,29.993809
29,2,9.024752
29,20,29.997244
29,21,29.998823
29,22,29.99952
29,23,29.999811
29,24,29.99993
29,25,29.999977
29,26,29.999992
29,27,30.0
29,28,30.0
29,29,30.0
29,3,13.137219
29,4,16.8168
29,5,19.988848
29,6,22.62326
29,7,24.730793
29,8,26.35463
29,9,27.55941
3,0,0.0
3,1,2.0041773
3,10,12.432576
3,11,12.694835
3,12,12.869885
3,13,12.982061
3,14,13.052814
3,15,13.097659
3,16,13.129303
3,17,13.158314
3,18,13.194815
3,19,13.252023
3,2,3.936656
3,20,13.346928
3,21,13.50759
3,22,13.774401
3,23,14.214067
3,24,14.925791
3,25,16.066666
3,26,17.865545
3,27,20.637115
3,28,24.696053
3,29,30.0
3,3,5.7311
3,4,7.339609
3,5,8.726254
3,6,9.881427
3,7,10.805569
3,8,11.520721
3,9,12.05135
30,0,0.0
30,1,4.595938
30,10,28.41997
30,11,29.0116
30,12,29.40299
30,13,29.652054
30,14,29.804466
30,15,29.894123
30,16,29.944794
30,17,29.972305
30,18,29.98664
30,19,29.993807
30,2,9.024751
30,20,29.997244
30,21,29.998823
30,22,29.999517
30,23,29.999811
30,24,29.999931
30,25,29.999977
30,26,29.999996
30,27,30.0
30,28,30.0
30,29,30.0
30,3,13.137221
30,4,16.816797
30,5,19.98885
30,6,22.62326
30,7,24.730793
30,8,26.35463
30,9,27.559412
31,0,0.0
31,1,4.5959377
31,10,28.419968
31,11,29.011602
31,12,29.402988
31,13,29.652054
31,14,29.804466
31,15,29.89412
31,16,29.944796
31,17,29.972305
31,18,29.98664
31,19,29.993809
31,2,9.024752
31,20,29.997244
31,21,29.998823
31,22,29.99952
31,23,29.999811
31,24,29.999931
31,25,29.999975
31,26,29.999992
31,27,30.0
31,28,30.0
31,29,30.0
31,3,13.137218
31,4,16.8168
31,5,19.988846
31,6,22.62326
31,7,24.730793
31,8,26.35463
31,9,27.559412
32,0,0.0
32,1,4.5959387
32,10,28.41997
32,11,29.0116
32,12,29.402992
32,13,29.652056
32,14,29.804466
32,15,29.894121
32,16,29.944796
32,17,29.972305
32,18,29.98664
32,19,29.993809
32,2,9.02475
32,20,29.997244
32,21,29.998823
32,22,29.99952
32,23,29.999813
32,24,29.999931
32,25,29.999975
32,26,29.999992
32,27,29.999998
32,28,30.0
32,29,30.0
32,3,13.137221
32,4,16.816795
32,5,19.98885
32,6,22.62326
32,7,24.730793
32,8,26.35463
32,9,27.55941
33,0,0.0
33,1,4.5959377
33,10,28.41997
33,11,29.011602
33,12,29.402992
33,13,29.652058
33,14,29.804466
33,15,29.89412
33,16,29.944796
33,17,29.972305
33,18,29.98664
33,19,29.993809
33,2,9.024752
33,20,29.997244
33,21,29.998823
33,22,29.99952
33,23,29.999813
33,24,29.999931
33,25,29.999975
33,26,29.999992
33,27,29.999998
33,28,30.0
33,29,30.0
33,3,13.137218
33,4,16.8168
33,5,19.988846
33,6,22.623262
33,7,24.730791
33,8,26.35463
33,9,27.559412
34,0,0.0
34,1,4.5959387
34,10,28.41997
34,11,29.011602
34,12,29.402992
34,13,29.652058
34,14,29.80447
34,15,29.89412
34,16,29.944796
34,17,29.972305
34,18,29.98664
34,19,29.993809
34,2,9.02475
34,20,29.997244
34,21,29.998823
34,22,29.99952
34,23,29.999813
34,24,29.999931
34,25,29.999975
34,26,29.999992
34,27,29.999998
34,28,30.0
34,29,30.0
34,3,13.137221
34,4,16.816795
34,5,19.98885
34,6,22.62326
34,7,24.730793
34,8,26.354628
34,9,27.559412
35,0,0.0
35,1,4.5959377
35,10,28.41997
35,11,29.011602
35,12,29.402992
35,13,29.652058
35,14,29.80447
35,15,29.89412
35,16,29.944796
35,17,29.972305
35,18,29.98664
35,19,29.993809
35,2,9.024752
35,20,29.997244
35,21,29.998823
35,22,29.99952
35,23,29.999813
35,24,29.999931
35,25,29.999975
35,26,29.999992
35,27,29.999998
35,28,30.0
35,29,30.0
35,3,13.137218
35,4,16.8168
35,5,19.988846
35,6,22.62326
35,7,24.730791
35,8,26.35463
35,9,27.55941
36,0,0.0
36,1,4.595938
36,10,28.41997
36,11,29.011602
36,12,29.402992
36,13,29.652058
36,14,29.80447
36,15,29.89412
36,16,29.944796
36,17,29.972305
36,18,29.98664
36,19,29.993809
36,2,9.02475
36,20,29.997244
36,21,29.998823
36,22,29.99952
36,23,29.999813
36,24,29.999931
36,25,29.999975
36,26,29.999992
36,27,29.999998
36,28,30.0
36,29,30.0
36,3,13.13722
36,4,16.816797
36,5,19.988848
36,6,22.62326
36,7,24.730793
36,8,26.354628
36,9,27.55941
37,0,0.0
37,1,4.5959377
37,10,28.41997
37,11,29.011602
37,12,29.402992
37,13,29.652058
37,14,29.80447
37,15,29.89412
37,16,29.944796
37,17,29.972305
37,18,29.98664
37,19,29.993809
37,2,9.024752
37,20,29.997244
37,21,29.998823
37,22,29.99952
37,23,29.999813
37,24,29.999931
37,25,29.999975
37,26,29.999992
37,27,29.999998
37,28,30.0
37,29,30.0
37,3,13.13722
37,4,16.816797
37,5,19.988848
37,6,22.62326
37,7,24.730793
37,8,26.35463
37,9,27.55941
38,0,0.0
38,1,4.5959377
38,10,28.41997
38,11,29.011602
38,12,29.402992
38,13,29.652058
38,14,29.804466
38,15,29.89412
38,16,29.944796
38,17,29.972305
38,18,29.98664
38,19,29.993809
38,2,9.024751
38,20,29.997244
38,21,29.998823
38,22,29.99952
38,23,29.999813
38,24,29.999931
38,25,29.999975
38,26,29.999992
38,27,29.999998
38,28,30.0
38,29,30.0
38,3,13.13722
38,4,16.816797
38,5,19.988848
38,6,22.62326
38,7,24.730793
38,8,26.35463
38,9,27.559412
39,0,0.0
39,1,4.5959377
39,10,28.41997
39,11,29.011602
39,12,29.402992
39,13,29.652056
39,14,29.80447
39,15,29.89412
39,16,29.944796
39,17,29.972303
39,18,29.98664
39,19,29.993809
39,2,9.02475
39,20,29.997244
39,21,29.998823
39,22,29.99952
39,23,29.999811
39,24,29.999931
39,25,29.999977
39,26,29.999992
39,27,30.0
39,28,30.0
39,29,30.0
39,3,13.13722
39,4,16.816797
39,5,19.988848
39,6,22.62326
39,7,24.730793
39,8,26.35463
39,9,27.559412
4,0,0.0
4,1,2.5667944
4,10,15.915617
4,11,16.25198
4,12,16.474907
4,13,16.618587
4,14,16.708311
4,15,16.764967
4,16,16.803947
4,17,16.837975
4,18,16.87954
4,19,16.941994
4,2,5.040251
4,20,17.045155
4,21,17.215065
4,22,17.49375
4,23,17.938442
4,24,18.635717
4,25,19.698446
4,26,21.272926
4,27,23.505419
4,28,26.470583
4,29,30.0
4,3,7.3396087
4,4,9.396929
4,5,11.174475
4,6,12.6507435
4,7,13.835777
4,8,14.748851
4,9,15.429418
40,0,0.0
40,1,4.5959377
40,10,28.41997
40,11,29.011604
40,12,29.402988
40,13,29.652058
40,14,29.804468
40,15,29.894121
40,16,29.944796
40,17,29.972305
40,18,29.98664
40,19,29.993809
40,2,9.024751
40,20,29.997244
40,21,29.998823
40,22,29.999517
40,23,29.999811
40,24,29.99993
40,25,29.999977
40,26,29.999992
40,27,30.0
40,28,30.0
40,29,30.0
40,3,13.137218
40,4,16.8168
40,5,19.988846
40,6,22.62326
40,7,24.730793
40,8,26.354628
40,9,27.55941
41,0,0.0
41,1,4.5959377
41,10,28.41997
41,11,29.011602
41,12,29.40299
41,13,29.652056
41,14,29.804468
41,15,29.894123
41,16,29.944796
41,17,29.972305
41,18,29.98664
41,19,29.993809
41,2,9.02475
41,20,29.997246
41,21,29.998823
41,22,29.999517
41,23,29.999813
41,24,29.999931
41,25,29.999977
41,26,29.999994
41,27,30.0
41,28,30.0
41,29,30.0
41,3,13.137221
41,4,16.816795
41,5,19.988848
41,6,22.62326
41,7,24.730791
41,8,26.35463
41,9,27.55941
42,0,0.0
42,1,4.5959377
42,10,28.41997
42,11,29.0116
42,12,29.402988
42,13,29.652056
42,14,29.804466
42,15,29.89412
42,16,29.944796
42,17,29.972305
42,18,29.98664
42,19,29.993809
42,2,9.024751
42,20,29.997246
42,21,29.998823
42,22,29.99952
42,23,29.999811
42,24,29.999931
42,25,29.999977
42,26,29.999992
42,27,30.0
42,28,30.0
42,29,30.0
42,3,13.137218
42,4,16.816797
42,5,19.988846
42,6,22.62326
42,7,24.730791
42,8,26.354626
42,9,27.559412
43,0,0.0
43,1,4.5959377
43,10,28.419968
43,11,29.0116
43,12,29.402988
43,13,29.652056
43,14,29.804468
43,15,29.894123
43,16,29.944798
43,17,29.972303
43,18,29.98664
43,19,29.993809
43,2,9.02475
43,20,29.997246
43,21,29.998823
43,22,29.99952
43,23,29.999813
43,24,29.999931
43,25,29.999975
43,26,29.999992
43,27,30.0
43,28,30.0
43,29,30.0
43,3,13.137219
43,4,16.816795
43,5,19.988846
43,6,22.62326
43,7,24.730793
43,8,26.354628
43,9,27.559408
44,0,0.0
44,1,4.5959377
44,10,28.419968
44,11,29.0116
44,12,29.402988
44,13,29.652056
44,14,29.804466
44,15,29.894123
44,16,29.944798
44,17,29.972305
44,18,29.98664
44,19,29.99381
44,2,9.02475
44,20,29.997246
44,21,29.998825
44,22,29.99952
44,23,29.999813
44,24,29.999931
44,25,29.999977
44,26,29.999992
44,27,30.0
44,28,30.0
44,29,30.0
44,3,13.137218
44,4,16.816795
44,5,19.988846
44,6,22.62326
44,7,24.730793
44,8,26.35463
44,9,27.55941
45,0,0.0
45,1,4.5959377
45,10,28.41997
45,11,29.011602
45,12,29.402988
45,13,29.652054
45,14,29.804468
45,15,29.894123
45,16,29.944798
45,17,29.972305
45,18,29.986643
45,19,29.99381
45,2,9.02475
45,20,29.997246
45,21,29.998823
45,22,29.99952
45,23,29.999813
45,24,29.999931
45,25,29.999977
45,26,29.999992
45,27,30.0
45,28,30.0
45,29,30.0
45,3,13.137218
45,4,16.816795
45,5,19.988846
45,6,22.62326
45,7,24.730793
45,8,26.35463
45,9,27.55941
46,0,0.0
46,1,4.5959377
46,10,28.41997
46,11,29.011602
46,12,29.402988
46,13,29.652056
46,14,29.804466
46,15,29.894123
46,16,29.944798
46,17,29.972305
46,18,29.98664
46,19,29.99381
46,2,9.02475
46,20,29.997246
46,21,29.998823
46,22,29.99952
46,23,29.999813
46,24,29.999931
46,25,29.999975
46,26,29.999992
46,27,30.0
46,28,30.0
46,29,30.0
46,3,13.137219
46,4,16.816795
46,5,19.988846
46,6,22.62326
46,7,24.730793
46,8,26.354631
46,9,27.559412
47,0,0.0
47,1,4.5959377
47,10,28.41997
47,11,29.011602
47,12,29.402988
47,13,29.652054
47,14,29.804468
47,15,29.89412
47,16,29.944798
47,17,29.972305
47,18,29.986643
47,19,29.993809
47,2,9.02475
47,20,29.997246
47,21,29.998825
47,22,29.99952
47,23,29.999813
47,24,29.999931
47,25,29.999977
47,26,29.999992
47,27,30.0
47,28,30.0
47,29,30.0
47,3,13.137218
47,4,16.816797
47,5,19.988846
47,6,22.62326
47,7,24.730793
47,8,26.35463
47,9,27.559412
48,0,0.0
48,1,4.5959377
48,10,28.419968
48,11,29.0116
48,12,29.402988
48,13,29.652054
48,14,29.804466
48,15,29.89412
48,16,29.944798
48,17,29.972305
48,18,29.98664
48,19,29.99381
48,2,9.02475
48,20,29.997244
48,21,29.998823
48,22,29.999517
48,23,29.999813
48,24,29.99993
48,25,29.999977
48,26,29.999992
48,27,30.0
48,28,30.0
48,29,30.0
48,3,13.13722
48,4,16.816795
48,5,19.988846
48,6,22.62326
48,7,24.730793
48,8,26.35463
48,9,27.559412
49,0,0.0
49,1,4.5959377
49,10,28.41997
49,11,29.0116
49,12,29.402988
49,13,29.652052
49,14,29.804466
49,15,29.89412
49,16,29.944798
49,17,29.972305
49,18,29.986643
49,19,29.993809
49,2,9.024751
49,20,29.997246
49,21,29.998823
49,22,29.99952
49,23,29.999811
49,24,29.999931
49,25,29.999977
49,26,29.999994
49,27,30.0
49,28,30.0
49,29,30.0
49,3,13.137219
49,4,16.816797
49,5,19.988846
49,6,22.62326
49,7,24.730793
49,8,26.35463
49,9,27.559412
5,0,0.0
5,1,3.0518093
5,10,18.920345
5,11,19.318459
5,12,19.583698
5,13,19.753365
5,14,19.859592
5,15,19.925657
5,16,19.969921
5,17,20.006813
5,18,20.048891
5,19,20.11089
5,2,5.9941134
5,20,20.209667
5,21,20.371323
5,22,20.628891
5,23,21.032324
5,24,21.64245
5,25,22.538698
5,26,23.800419
5,27,25.491316
5,28,27.603258
5,29,30.0
5,3,8.7262535
5,4,11.174473
5,5,13.285009
5,6,15.042236
5,7,16.448025
5,8,17.535025
5,9,18.341541
50,0,0.0
50,1,4.5959377
50,10,28.41997
50,11,29.0116
50,12,29.402988
50,13,29.652054
50,14,29.804466
50,15,29.89412
50,16,29.944798
50,17,29.972305
50,18,29.986643
50,19,29.993809
50,2,9.024752
50,20,29.997246
50,21,29.998825
50,22,29.999517
50,23,29.999813
50,24,29.999931
50,25,29.999977
50,26,29.999992
50,27,30.0
50,28,30.0
50,29,30.0
50,3,13.137219
50,4,16.8168
50,5,19.988848
50,6,22.62326
50,7,24.730793
50,8,26.35463
50,9,27.55941
51,0,0.0
51,1,4.5959377
51,10,28.419968
51,11,29.011602
51,12,29.402988
51,13,29.652054
51,14,29.804466
51,15,29.89412
51,16,29.944798
51,17,29.972305
51,18,29.98664
51,19,29.993809
51,2,9.024751
51,20,29.997246
51,21,29.998823
51,22,29.99952
51,23,29.999813
51,24,29.999928
51,25,29.999975
51,26,29.999992
51,27,30.0
51,28,30.0
51,29,30.0
51,3,13.13722
51,4,16.816795
51,5,19.988848
51,6,22.62326
51,7,24.730793
51,8,26.35463
51,9,27.559412
52,0,0.0
52,1,4.5959377
52,10,28.41997
52,11,29.0116
52,12,29.40299
52,13,29.652054
52,14,29.804468
52,15,29.894123
52,16,29.944794
52,17,29.972305
52,18,29.98664
52,19,29.993809
52,2,9.02475
52,20,29.997246
52,21,29.998823
52,22,29.999521
52,23,29.99981
52,24,29.999931
52,25,29.999977
52,26,29.999992
52,27,30.0
52,28,30.0
52,29,30.0
52,3,13.137218
52,4,16.816797
52,5,19.988846
52,6,22.62326
52,7,24.730793
52,8,26.35463
52,9,27.55941
53,0,0.0
53,1,4.5959377
53,10,28.419968
53,11,29.0116
53,12,29.402988
53,13,29.652054
53,14,29.804466
53,15,29.894123
53,16,29.944798
53,17,29.972305
53,18,29.98664
53,19,29.993809
53,2,9.02475
53,20,29.997244
53,21,29.998825
53,22,29.999517
53,23,29.999813
53,24,29.999928
53,25,29.999977
53,26,29.999992
53,27,30.0
53,28,30.0
53,29,30.0
53,3,13.13722
53,4,16.816795
53,5,19.988846
53,6,22.62326
53,7,24.730793
53,8,26.35463
53,9,27.559412
54,0,0.0
54,1,4.5959377
54,10,28.41997
54,11,29.0116
54,12,29.40299
54,13,29.652056
54,14,29.804466
54,15,29.894123
54,16,29.944796
54,17,29.972305
54,18,29.98664
54,19,29.993805
54,2,9.024752
54,20,29.997244
54,21,29.998821
54,22,29.99952
54,23,29.99981
54,24,29.999931
54,25,29.999973
54,26,29.999992
54,27,29.999998
54,28,30.0
54,29,30.0
54,3,13.137218
54,4,16.816797
54,5,19.988846
54,6,22.623262
54,7,24.730793
54,8,26.354631
54,9,27.559412
55,0,0.0
55,1,4.5959387
55,10,28.419968
55,11,29.011602
55,12,29.402988
55,13,29.652054
55,14,29.804466
55,15,29.894123
55,16,29.944798
55,17,29.972305
55,18,29.98664
55,19,29.993809
55,2,9.02475
55,20,29.997244
55,21,29.998823
55,22,29.99952
55,23,29.999815
55,24,29.99993
55,25,29.999977
55,26,29.999992
55,27,30.0
55,28,30.0
55,29,30.0
55,3,13.137221
55,4,16.816795
55,5,19.988848
55,6,22.62326
55,7,24.730793
55,8,26.35463
55,9,27.559412
56,0,0.0
56,1,4.5959377
56,10,28.41997
56,11,29.0116
56,12,29.402992
56,13,29.652054
56,14,29.804466
56,15,29.894123
56,16,29.944798
56,17,29.972305
56,18,29.98664
56,19,29.993807
56,2,9.024752
56,20,29.997244
56,21,29.998825
56,22,29.99952
56,23,29.999813
56,24,29.999931
56,25,29.999977
56,26,29.999994
56,27,29.999998
56,28,30.0
56,29,30.0
56,3,13.137218
56,4,16.816797
56,5,19.988846
56,6,22.62326
56,7,24.730793
56,8,26.35463
56,9,27.55941
57,0,0.0
57,1,4.595938
57,10,28.419968
57,11,29.011602
57,12,29.402988
57,13,29.652056
57,14,29.804468
57,15,29.894123
57,16,29.944794
57,17,29.972305
57,18,29.98664
57,19,29.993807
57,2,9.02475
57,20,29.997246
57,21,29.998825
57,22,29.99952
57,23,29.999815
57,24,29.999931
57,25,29.999977
57,26,29.999992
57,27,30.0
57,28,30.0
57,29,30.0
57,3,13.137219
57,4,16.816795
57,5,19.988846
57,6,22.62326
57,7,24.730793
57,8,26.354626
57,9,27.559412
58,0,0.0
58,1,4.5959377
58,10,28.419971
58,11,29.0116
58,12,29.402992
58,13,29.652054
58,14,29.804466
58,15,29.894123
58,16,29.944794
58,17,29.972305
58,18,29.98664
58,19,29.993809
58,2,9.024752
58,20,29.997246
58,21,29.998823
58,22,29.99952
58,23,29.999815
58,24,29.999931
58,25,29.999975
58,26,29.999994
58,27,29.999998
58,28,30.0
58,29,30.0
58,3,13.137218
58,4,16.816797
58,5,19.988846
58,6,22.62326
58,7,24.730791
58,8,26.35463
58,9,27.559408
59,0,0.0
59,1,4.5959387
59,10,28.419968
59,11,29.011604
59,12,29.402988
59,13,29.652058
59,14,29.804466
59,15,29.894123
59,16,29.944794
59,17,29.972305
59,18,29.98664
59,19,29.993809
59,2,9.02475
59,20,29.997246
59,21,29.998823
59,22,29.99952
59,23,29.999813
59,24,29.999931
59,25,29.999977
59,26,29.999992
59,27,30.0
59,28,30.0
59,29,30.0
59,3,13.13722
59,4,16.816795
59,5,19.988846
59,6,22.62326
59,7,24.730795
59,8,26.354626
59,9,27.559414
6,0,0.0
6,1,3.4559882
6,10,21.415787
6,11,21.866787
6,12,22.165518
6,13,22.35738
6,14,22.476437
6,15,22.550007
6,16,22.597843
6,17,22.635202
6,18,22.675516
6,19,22.7313
6,2,6.7863045
6,20,22.819313
6,21,22.958834
6,22,23.179123
6,23,23.514042
6,24,24.009722
6,25,24.712158
6,26,25.66726
6,27,26.894493
6,28,28.3703
6,29,30.0
6,3,9.881423
6,4,12.65074
6,5,15.042234
6,6,17.028393
6,7,18.621485
6,8,19.848965
6,9,20.7629
60,0,0.0
60,1,4.5959377
60,10,28.419971
60,11,29.0116
60,12,29.402992
60,13,29.652054
60,14,29.804468
60,15,29.894121
60,16,29.944798
60,17,29.972305
60,18,29.98664
60,19,29.993807
60,2,9.024752
60,20,29.997244
60,21,29.998825
60,22,29.999517
60,23,29.999815
60,24,29.99993
60,25,29.999977
60,26,29.999992
60,27,30.0
60,28,30.0
60,29,30.0
60,3,13.137218
60,4,16.816797
60,5,19.988846
60,6,22.62326
60,7,24.730791
60,8,26.354631
60,9,27.55941
61,0,0.0
61,1,4.595938
61,10,28.419968
61,11,29.011602
61,12,29.402988
61,13,29.652054
61,14,29.804466
61,15,29.894123
61,16,29.944794
61,17,29.972307
61,18,29.986639
61,19,29.993809
61,2,9.02475
61,20,29.997246
61,21,29.998823
61,22,29.99952
61,23,29.999811
61,24,29.999931
61,25,29.999977
61,26,29.999992
61,27,30.0
61,28,30.0
61,29,30.0
61,3,13.13722
61,4,16.816795
61,5,19.988846
61,6,22.62326
61,7,24.730793
61,8,26.354626
61,9,27.559412
62,0,0.0
62,1,4.5959377
62,10,28.419968
62,11,29.0116
62,12,29.402988
62,13,29.652054
62,14,29.804466
62,15,29.89412
62,16,29.944798
62,17,29.972305
62,18,29.986643
62,19,29.993809
62,2,9.024751
62,20,29.997246
62,21,29.998823
62,22,29.99952
62,23,29.999813
62,24,29.999931
62,25,29.999977
62,26,29.999992
62,27,30.0
62,28,30.0
62,29,30.0
62,3,13.137218
62,4,16.816797
62,5,19.988846
62,6,22.62326
62,7,24.730791
62,8,26.35463
62,9,27.55941
63,0,0.0
63,1,4.5959377
63,10,28.419968
63,11,29.011602
63,12,29.402988
63,13,29.652054
63,14,29.804466
63,15,29.894123
63,16,29.944796
63,17,29.97231
63,18,29.98664
63,19,29.993809
63,2,9.02475
63,20,29.997246
63,21,29.998823
63,22,29.99952
63,23,29.999811
63,24,29.999931
63,25,29.999975
63,26,29.999992
63,27,30.0
63,28,30.0
63,29,30.0
63,3,13.13722
63,4,16.816795
63,5,19.988846
63,6,22.62326
63,7,24.730793
63,8,26.354628
63,9,27.559412
64,0,0.0
64,1,4.5959373
64,10,28.41997
64,11,29.0116
64,12,29.402992
64,13,29.652056
64,14,29.804468
64,15,29.894123
64,16,29.944798
64,17,29.972303
64,18,29.98664
64,19,29.993807
64,2,9.02475
64,20,29.997244
64,21,29.998823
64,22,29.999517
64,23,29.999813
64,24,29.999931
64,25,29.999977
64,26,29.999992
64,27,30.0
64,28,30.0
64,29,30.0
64,3,13.137218
64,4,16.816795
64,5,19.988846
64,6,22.62326
64,7,24.730791
64,8,26.35463
64,9,27.55941
65,0,0.0
65,1,4.5959377
65,10,28.419968
65,11,29.011604
65,12,29.402992
65,13,29.652054
65,14,29.804466
65,15,29.894123
65,16,29.944796
65,17,29.97231
65,18,29.98664
65,19,29.993809
65,2,9.02475
65,20,29.997246
65,21,29.998823
65,22,29.99952
65,23,29.999811
65,24,29.999931
65,25,29.999975
65,26,29.999992
65,27,30.0
65,28,30.0
65,29,30.0
65,3,13.137218
65,4,16.816795
65,5,19.988846
65,6,22.62326
65,7,24.730793
65,8,26.354628
65,9,27.559412
66,0,0.0
66,1,4.5959373
66,10,28.41997
66,11,29.011602
66,12,29.402992
66,13,29.652056
66,14,29.804468
66,15,29.894123
66,16,29.944801
66,17,29.972303
66,18,29.98664
66,19,29.993807
66,2,9.02475
66,20,29.997244
66,21,29.998825
66,22,29.999517
66,23,29.999813
66,24,29.999931
66,25,29.999977
66,26,29.999992
66,27,30.0
66,28,30.0
66,29,30.0
66,3,13.137218
66,4,16.816795
66,5,19.988846
66,6,22.623262
66,7,24.730791
66,8,26.354631
66,9,27.55941
67,0,0.0
67,1,4.5959373
67,10,28.41997
67,11,29.011604
67,12,29.402992
67,13,29.652054
67,14,29.804466
67,15,29.894123
67,16,29.944798
67,17,29.97231
67,18,29.98664
67,19,29.993809
67,2,9.02475
67,20,29.997246
67,21,29.998823
67,22,29.99952
67,23,29.999811
67,24,29.999931
67,25,29.999975
67,26,29.999992
67,27,30.0
67,28,30.0
67,29,30.0
67,3,13.1372175
67,4,16.816795
67,5,19.988846
67,6,22.62326
67,7,24.730797
67,8,26.354628
67,9,27.559412
68,0,0.0
68,1,4.5959373
68,10,28.41997
68,11,29.011602
68,12,29.402992
68,13,29.652054
68,14,29.804468
68,15,29.894123
68,16,29.944798
68,17,29.972305
68,18,29.986643
68,19,29.993807
68,2,9.02475
68,20,29.997246
68,21,29.998825
68,22,29.999517
68,23,29.999815
68,24,29.999931
68,25,29.999977
68,26,29.999992
68,27,30.0
68,28,30.0
68,29,30.0
68,3,13.137218
68,4,16.816795
68,5,19.988846
68,6,22.623262
68,7,24.730791
68,8,26.354631
68,9,27.559412
69,0,0.0
69,1,4.5959373
69,10,28.41997
69,11,29.011604
69,12,29.402988
69,13,29.652054
69,14,29.804466
69,15,29.894123
69,16,29.944798
69,17,29.972307
69,18,29.98664
69,19,29.993809
69,2,9.024751
69,20,29.997246
69,21,29.998825
69,22,29.99952
69,23,29.999813
69,24,29.999931
69,25,29.999975
69,26,29.999992
69,27,30.0
69,28,30.0
69,29,30.0
69,3,13.137218
69,4,16.816795
69,5,19.988846
69,6,22.62326
69,7,24.730793
69,8,26.35463
69,9,27.55941
7,0,0.0
7,1,3.7793317
7,10,23.414236
7,11,23.905432
7,12,24.231993
7,13,24.440485
7,14,24.569994
7,15,24.648937
7,16,24.698835
7,17,24.73564
7,18,24.771751
7,19,24.819712
7,2,7.4225597
7,20,24.89178
7,21,25.005432
7,22,25.179707
7,23,25.441813
7,24,25.818714
7,25,26.341705
7,26,27.030918
7,27,27.893164
7,28,28.902609
7,29,30.0
7,3,10.805559
7,4,13.835766
7,5,16.448013
7,6,18.621477
7,7,20.360254
7,8,21.703417
7,9,22.699986
70,0,0.0
70,1,4.5959377
70,10,28.41997
70,11,29.0116
70,12,29.40299
70,13,29.652054
70,14,29.804466
70,15,29.894121
70,16,29.944798
70,17,29.972305
70,18,29.986643
70,19,29.993809
70,2,9.02475
70,20,29.997246
70,21,29.998825
70,22,29.99952
70,23,29.999813
70,24,29.999933
70,25,29.999977
70,26,29.999992
70,27,30.0
70,28,30.0
70,29,30.0
70,3,13.137218
70,4,16.816795
70,5,19.988846
70,6,22.62326
70,7,24.730793
70,8,26.354631
70,9,27.55941
71,0,0.0
71,1,4.5959377
71,10,28.41997
71,11,29.011604
71,12,29.402988
71,13,29.652058
71,14,29.80447
71,15,29.894123
71,16,29.944798
71,17,29.972307
71,18,29.98664
71,19,29.99381
71,2,9.024751
71,20,29.997248
71,21,29.998825
71,22,29.99952
71,23,29.999815
71,24,29.999933
71,25,29.999977
71,26,29.999992
71,27,30.0
71,28,30.0
71,29,30.0
71,3,13.13722
71,4,16.816795
71,5,19.988848
71,6,22.62326
71,7,24.730795
71,8,26.35463
71,9,27.559414
72,0,0.0
72,1,4.5959387
72,10,28.419975
72,11,29.011608
72,12,29.402996
72,13,29.652061
72,14,29.804476
72,15,29.894127
72,16,29.944803
72,17,29.972311
72,18,29.986647
72,19,29.993816
72,2,9.024752
72,20,29.997252
72,21,29.998829
72,22,29.999525
72,23,29.999817
72,24,29.999935
72,25,29.99998
72,26,29.999994
72,27,30.0
72,28,30.0
72,29,30.0
72,3,13.137222
72,4,16.8168
72,5,19.98885
72,6,22.623264
72,7,24.730797
72,8,26.354635
72,9,27.559416
73,0,0.0
73,1,4.5959415
73,10,28.419987
73,11,29.01162
73,12,29.403008
73,13,29.652075
73,14,29.80449
73,15,29.894142
73,16,29.944817
73,17,29.972324
73,18,29.986662
73,19,29.99383
73,2,9.024757
73,20,29.997267
73,21,29.998842
73,22,29.999537
73,23,29.999828
73,24,29.999945
73,25,29.999987
73,26,30.0
73,27,30.000004
73,28,30.000002
73,29,30.0
73,3,13.13723
73,4,16.816809
73,5,19.988861
73,6,22.623276
73,7,24.73081
73,8,26.354647
73,9,27.55943
74,0,0.0
74,1,4.595948
74,10,28.420025
74,11,29.011662
74,12,29.403048
74,13,29.652115
74,14,29.804527
74,15,29.89418
74,16,29.944855
74,17,29.972364
74,18,29.986698
74,19,29.993868
74,2,9.024771
74,20,29.997303
74,21,29.99888
74,22,29.99957
74,23,29.999859
74,24,29.999973
74,25,30.000011
74,26,30.000023
74,27,30.000017
74,28,30.00001
74,29,30.0
74,3,13.13725
74,4,16.816835
74,5,19.98889
74,6,22.62331
74,7,24.730844
74,8,26.354683
74,9,27.559465
75,0,0.0
75,1,4.5959673
75,10,28.42013
75,11,29.011765
75,12,29.403152
75,13,29.65222
75,14,29.80463
75,15,29.894287
75,16,29.944962
75,17,29.972466
75,18,29.986805
75,19,29.993969
75,2,9.02481
75,20,29.997404
75,21,29.998978
75,22,29.999664
75,23,29.999947
75,24,30.000051
75,25,30.00008
75,26,30.000072
75,27,30.000055
75,28,30.000027
75,29,30.0
75,3,13.137304
75,4,16.816902
75,5,19.98897
75,6,22.623398
75,7,24.730938
75,8,26.354782
75,9,27.559566
76,0,0.0
76,1,4.596018
76,10,28.420395
76,11,29.012035
76,12,29.403427
76,13,29.652493
76,14,29.804905
76,15,29.894558
76,16,29.945234
76,17,29.972742
76,18,29.987076
76,19,29.99424
76,2,9.024905
76,20,29.997665
76,21,29.999233
76,22,29.999908
76,23,30.000172
76,24,30.000254
76,25,30.000252
76,26,30.000212
76,27,30.000149
76,28,30.000076
76,29,30.0
76,3,13.137444
76,4,16.817078
76,5,19.989174
76,6,22.623623
76,7,24.731184
76,8,26.355036
76,9,27.559832
77,0,0.0
77,1,4.59614
77,10,28.421064
77,11,29.012707
77,12,29.404102
77,13,29.653172
77,14,29.805588
77,15,29.89524
77,16,29.945911
77,17,29.973421
77,18,29.987747
77,19,29.994904
77,2,9.0251465
77,20,29.998318
77,21,29.999863
77,22,30.000507
77,23,30.000732
77,24,30.000755
77,25,30.000679
77,26,30.00055
77,27,30.000385
77,28,30.000198
77,29,30.0
77,3,13.137787
77,4,16.817513
77,5,19.989681
77,6,22.624191
77,7,24.731789
77,8,26.355675
77,9,27.560484
78,0,0.0
78,1,4.5964327
78,10,28.422644
78,11,29.014309
78,12,29.405712
78,13,29.654785
78,14,29.807205
78,15,29.896858
78,16,29.947529
78,17,29.975025
78,18,29.989346
78,19,29.996479
78,2,9.025713
78,20,29.999866
78,21,30.00136
78,22,30.001936
78,23,30.002054
78,24,30.001942
78,25,30.001692
78,26,30.001352
78,27,30.000938
78,28,30.000483
78,29,30.0
78,3,13.138606
78,4,16.818544
78,5,19.99089
78,6,22.62553
78,7,24.73323
78,8,26.357182
78,9,27.56204
79,0,0.0
79,1,4.5970936
79,10,28.426243
79,11,29.017944
79,12,29.40937
79,13,29.658459
79,14,29.810879
79,15,29.900534
79,16,29.951193
79,17,29.978683
79,18,29.99297
79,19,30.000065
79,2,9.027006
79,20,30.00337
79,21,30.00476
79,22,30.005165
79,23,30.00506
79,24,30.004631
79,25,30.003992
79,26,30.003166
79,27,30.002201
79,28,30.001127
79,29,30.0
79,3,13.140463
79,4,16.820892
79,5,19.993626
79,6,22.628578
79,7,24.736498
79,8,26.360611
79,9,27.56557
8,0,0.0
8,1,4.0296617
8,10,24.954023
8,11,25.477564
8,12,25.824163
8,13,26.046015
8,14,26.182884
8,15,26.265793
8,16,26.316807
8,17,26.351957
8,18,26.383793
8,19,26.422314
8,2,7.91279
8,20,26.479
8,21,26.565052
8,22,26.696518
8,23,26.888992
8,24,27.162777
8,25,27.53302
8,26,28.012539
8,27,28.59861
8,28,29.273956
8,29,30.0
8,3,11.520694
8,4,14.748819
8,5,17.534994
8,6,19.84894
8,7,21.703402
8,8,23.13226
8,9,24.194925
80,0,0.0
80,1,4.5985394
80,10,28.43407
80,11,29.02586
80,12,29.417336
80,13,29.666447
80,14,29.818876
80,15,29.908527
80,16,29.959179
80,17,29.98663
80,18,30.000866
80,19,30.007854
80,2,9.029817
80,20,30.011013
80,21,30.012146
80,22,30.012203
80,23,30.01158
80,24,30.010494
80,25,30.008978
80,26,30.007122
80,27,30.004936
80,28,30.002533
80,29,30.0
80,3,13.144517
80,4,16.825993
80,5,19.999598
80,6,22.6352
80,7,24.743618
80,8,26.368067
80,9,27.573257
81,0,0.0
81,1,4.6015553
81,10,28.450401
81,11,29.04237
81,12,29.433945
81,13,29.68311
81,14,29.835556
81,15,29.925205
81,16,29.975819
81,17,30.003212
81,18,30.017315
81,19,30.024109
81,2,9.035707
81,20,30.02692
81,21,30.027565
81,22,30.026848
81,23,30.025206
81,24,30.022682
81,25,30.019413
81,26,30.015345
81,27,30.010658
81,28,30.005455
81,29,30.0
81,3,13.152971
81,4,16.83667
81,5,20.012047
81,6,22.649054
81,7,24.758469
81,8,26.383633
81,9,27.589289
82,0,0.0
82,1,4.6076307
82,10,28.483074
82,11,29.075397
82,12,29.46717
82,13,29.716433
82,14,29.868921
82,15,29.958553
82,16,30.009111
82,17,30.036356
82,18,30.050232
82,19,30.056595
82,2,9.047522
82,20,30.05877
82,21,30.058357
82,22,30.056198
82,23,30.052402
82,24,30.047144
82,25,30.040234
82,26,30.031866
82,27,30.022083
82,28,30.01133
82,29,30.0
82,3,13.169988
82,4,16.858068
82,5,20.037056
82,6,22.676783
82,7,24.78824
82,8,26.414785
82,9,27.621387
83,0,0.0
83,1,4.6193585
83,10,28.545837
83,11,29.138798
83,12,29.530945
83,13,29.780388
83,14,29.932941
83,15,30.022552
83,16,30.072979
83,17,30.099983
83,18,30.113369
83,19,30.11898
83,2,9.0703945
83,20,30.119843
83,21,30.117558
83,22,30.112465
83,23,30.104773
83,24,30.094051
83,25,30.080393
83,26,30.063576
83,27,30.044155
83,28,30.02261
83,29,30.0
83,3,13.202791
83,4,16.899416
83,5,20.085196
83,6,22.730232
83,7,24.845465
83,8,26.474709
83,9,27.683023
84,0,0.0
84,1,4.6412277
84,10,28.661537
84,11,29.255688
84,12,29.648457
84,13,29.898232
84,14,30.050892
84,15,30.140446
84,16,30.190659
84,17,30.217163
84,18,30.229744
84,19,30.233864
84,2,9.112883
84,20,30.23252
84,21,30.226593
84,22,30.21645
84,23,30.201298
84,24,30.180931
84,25,30.154503
84,26,30.122429
84,27,30.08493
84,28,30.04358
84,29,30.0
84,3,13.263849
84,4,16.976053
84,5,20.174526
84,6,22.829062
84,7,24.951344
84,8,26.585295
84,9,27.796814
85,0,0.0
85,1,4.680418
85,10,28.866608
85,11,29.462631
85,12,29.8565
85,13,30.106773
85,14,30.25961
85,15,30.349066
85,16,30.398853
85,17,30.424585
85,18,30.435627
85,19,30.437382
85,2,9.189169
85,20,30.431915
85,21,30.420052
85,22,30.400639
85,23,30.37297
85,24,30.33508
85,25,30.286701
85,26,30.227068
85,27,30.157852
85,28,30.080912
85,29,30.0
85,3,13.373016
85,4,17.11319
85,5,20.333698
85,6,23.005203
85,7,25.1394
85,8,26.78173
85,9,27.998495
86,0,0.0
86,1,4.7483873
86,10,29.21576
86,11,29.814922
86,12,30.210367
86,13,30.46146
86,14,30.614515
86,15,30.703758
86,16,30.752916
86,17,30.777222
86,18,30.785976
86,19,30.783497
86,2,9.320965
86,20,30.771706
86,21,30.7494
86,22,30.715294
86,23,30.665848
86,24,30.599354
86,25,30.512897
86,26,30.407143
86,27,30.282978
86,28,30.145325
86,29,30.0
86,3,13.561718
86,4,17.349134
86,5,20.60746
86,6,23.30685
86,7,25.46129
86,8,27.116913
86,9,28.342505
87,0,0.0
87,1,4.8620543
87,10,29.787834
87,11,30.391321
87,12,30.789211
87,13,31.041319
87,14,31.194662
87,15,31.283566
87,16,31.331583
87,17,31.3539
87,18,31.358719
87,19,31.350163
87,2,9.5414915
87,20,31.327745
87,21,31.289894
87,22,31.231373
87,23,31.148348
87,24,31.034405
87,25,30.887388
87,26,30.704865
87,27,30.491055
87,28,30.252148
87,29,30.0
87,3,13.875956
87,4,17.741632
87,5,21.06052
87,6,23.805351
87,7,25.991003
87,8,27.667908
87,9,28.906473
88,0,0.0
88,1,5.04655
88,10,30.689102
88,11,31.298843
88,12,31.699642
88,13,31.95313
88,14,32.106674
88,15,32.19491
88,16,32.2414
88,17,32.26043
88,18,32.259995
88,19,32.2417
88,2,9.897872
88,20,32.204525
88,21,32.142097
88,22,32.048275
88,23,31.91224
88,24,31.727036
88,25,31.483711
88,26,31.181969
88,27,30.82423
88,28,30.424122
88,29,30.0
88,3,14.382979
88,4,18.371164
88,5,21.785305
88,6,24.598421
88,7,26.831865
88,8,28.539097
88,9,29.796984
89,0,0.0
89,1,5.33673
89,10,32.05644
89,11,32.67325
89,12,33.077705
89,13,33.332363
89,14,33.48591
89,15,33.573135
89,16,33.617153
89,17,33.632088
89,18,33.623642
89,19,33.59285
89,2,10.457539
89,20,33.5336
89,21,33.43817
89,22,33.29165
89,23,33.081123
89,24,32.788433
89,25,32.403862
89,26,31.919167
89,27,31.342537
89,28,30.691494
89,29,30.0
89,3,15.174087
89,4,19.349556
89,5,22.903734
89,6,25.81748
89,7,28.117119
89,8,29.867222
89,9,31.14981
9,0,0.0
9,1,4.2153907
9,10,26.09804
9,11,26.64398
9,12,27.006235
9,13,27.237165
9,14,27.379677
9,15,27.465136
9,16,27.516537
9,17,27.550083
9,18,27.577232
9,19,27.607716
9,2,8.278443
9,20,27.649426
9,21,27.712276
9,22,27.805326
9,23,27.941164
9,24,28.129786
9,25,28.382515
9,26,28.703049
9,27,29.09019
9,28,29.530006
9,29,30.0
9,3,12.051279
9,4,15.42934
9,5,18.341465
9,6,20.762833
9,7,22.699932
9,8,24.194893
9,9,25.304073
90,0,0.0
90,1,5.782029
90,10,34.052666
90,11,34.67747
90,12,35.08474
90,13,35.34024
90,14,35.49313
90,15,35.578583
90,16,35.619614
90,17,35.628586
90,18,35.610725
90,19,35.56234
90,2,11.311131
90,20,35.475914
90,21,35.33429
90,22,35.11937
90,23,34.80336
90,24,34.3636
90,25,33.774055
90,26,33.026188
90,27,32.12288
90,28,31.096645
90,29,30.0
90,3,16.37442
90,4,20.820877
90,5,24.575281
90,6,27.625032
90,7,30.013973
90,8,31.816906
90,9,33.13056
91,0,0.0
91,1,6.449803
91,10,36.86061
91,11,37.49054
91,12,37.899242
91,13,38.153717
91,14,38.304855
91,15,38.38777
91,16,38.424503
91,17,38.427044
91,18,38.396763
91,19,38.328903
91,2,12.584088
91,20,38.20719
91,21,38.011253
91,22,37.706646
91,23,37.25843
91,24,36.619972
91,25,35.7562
91,26,34.637383
91,27,33.269905
91,28,31.6941
91,29,30.0
91,3,18.145533
91,4,22.971998
91,5,26.992195
91,6,30.218372
91,7,32.71354
91,8,34.57846
91,9,35.92312
92,0,0.0
92,1,7.4372997
92,10,40.663746
92,11,41.293877
92,12,41.6989
92,13,41.94967
92,14,42.096985
92,15,42.17592
92,16,42.208023
92,17,42.202545
92,18,42.160202
92,19,42.06922
92,2,14.445334
92,20,41.911102
92,21,41.650543
92,22,41.245934
92,23,40.635223
92,24,39.75612
92,25,38.53595
92,26,36.927826
92,27,34.91594
92,28,32.560577
92,29,30.0
92,3,20.70247
92,4,26.03001
92,5,30.385416
92,6,33.814896
92,7,36.426483
92,8,38.348534
92,9,39.719307
93,0,0.0
93,1,8.88832
93,10,45.627968
93,11,46.245464
93,12,46.639698
93,13,46.881294
93,14,47.021904
93,15,47.095474
93,16,47.121754
93,17,47.10939
93,18,47.05419
93,19,46.94348
93,2,17.137981
93,20,46.747437
93,21,46.426178
93,22,45.91407
93,23,45.13338
93,24,43.977127
93,25,42.338226
93,26,40.109703
93,27,37.24617
93,28,33.802635
93,29,30.0
93,3,24.32387
93,4,30.276806
93,5,35.009644
93,6,38.647736
93,7,41.356438
93,8,43.316315
93,9,44.69103
94,0,0.0
94,1,11.040944
94,10,51.868958
94,11,52.456306
94,12,52.82688
94,13,53.052494
94,14,53.18216
94,15,53.24823
94,16,53.26905
94,17,53.249992
94,18,53.18674
94,19,53.0595
94,2,21.023052
94,20,52.83738
94,21,52.464043
94,22,51.86473
94,23,50.924118
94,24,49.50077
94,25,47.40965
94,26,44.46566
94,27,40.520256
94,28,35.592392
94,29,30.0
94,3,29.391499
94,4,36.045425
94,5,41.143326
94,6,44.93403
94,7,47.683872
94,8,49.627743
94,9,50.969254
95,0,0.0
95,1,14.331515
95,10,59.429432
95,11,59.95909
95,12,60.29081
95,13,60.490547
95,14,60.604332
95,15,60.660984
95,16,60.675903
95,17,60.653877
95,18,60.586643
95,19,60.455814
95,2,26.688847
95,20,60.22223
95,21,59.829052
95,22,59.180244
95,23,58.143227
95,24,56.51651
95,25,54.036896
95,26,50.36316
95,27,45.154015
95,28,38.235306
95,29,30.0
95,3,36.42984
95,4,43.73538
95,5,49.05527
95,6,52.85553
95,7,55.52227
95,8,57.362835
95,9,58.606495
96,0,0.0
96,1,19.684006
96,10,68.24898
96,11,68.69018
96,12,68.9633
96,13,69.12688
96,14,69.21903
96,15,69.263885
96,16,69.274124
96,17,69.251724
96,18,69.19016
96,19,69.06842
96,2,35.146263
96,20,68.85263
96,21,68.480354
96,22,67.85893
96,23,66.833534
96,24,65.17303
96,25,62.511078
96,26,58.313705
96,27,51.846725
96,28,42.375877
96,29,30.0
96,3,46.179264
96,4,53.784016
96,5,58.97349
96,6,62.500893
96,7,64.89009
96,8,66.49348
96,9,67.55704
97,0,0.0
97,1,29.338013
97,10,78.156
97,11,78.47424
97,12,78.67027
97,13,78.78662
97,14,78.85182
97,15,78.88307
97,16,78.88898
97,17,78.871254
97,18,78.822914
97,19,78.729256
97,2,48.197853
97,20,78.559685
97,21,78.266464
97,22,77.76457
97,23,76.91904
97,24,75.493454
97,25,73.08539
97,26,68.96774
97,27,61.846237
97,28,49.57296
97,29,30.0
97,3,59.60486
97,4,66.59082
97,5,70.984795
97,6,73.81361
97,7,75.6579
97,8,76.86548
97,9,77.650826
98,0,0.0
98,1,49.532776
98,10,88.8646
98,11,89.032196
98,12,89.13464
98,13,89.19535
98,14,89.22915
98,15,89.24515
98,16,89.24794
98,17,89.23784
98,18,89.211624
98,19,89.15987
98,2,68.82646
98,20,89.066895
98,21,88.90313
98,22,88.62089
98,23,88.13336
98,24,87.2867
98,25,85.775505
98,26,82.94771
98,27,77.214874
98,28,64.18236
98,29,30.0
98,3,77.64376
98,4,82.24609
98,5,84.88998
98,6,86.50369
98,7,87.523575
98,8,88.17729
98,9,88.59739
99,0,0.0
99,1,100.0
99,10,100.0
99,11,100.0
99,12,100.0
99,13,100.0
99,14,100.0
99,15,100.0
99,16,100.0
99,17,100.0
99,18,100.0
99,19,100.0
99,2,100.0
99,20,100.0
99,21,100.0
99,22,100.0
99,23,100.0
99,24,100.0
99,25,100.0
99,26,100.0
99,27,100.0
99,28,100.0
99,29,30.0
99,3,100.0
99,4,100.0
99,5,100.0
99,6,100.0
99,7,100.0
99,8,100.0
99,9,100.0
