0,0,0.0
0,1,0.0
0,10,0.0
0,11,0.0
0,12,0.0
0,13,0.0
0,14,0.0
0,15,30.0
0,2,0.0
0,3,0.0
0,4,0.0
0,5,0.0
0,6,0.0
0,7,0.0
0,8,0.0
0,9,0.0
1,0,0.0
1,1,0.75548387
1,10,5.4156265
1,11,6.1279273
1,12,7.365596
1,13,9.818882
1,14,15.382116
1,15,30.0
1,2,1.4839016
1,3,2.1625314
1,4,2.7736564
1,5,3.31032
1,6,3.7735639
1,7,4.1780553
1,8,4.550316
1,9,4.9369535
10,0,0.0
10,1,10.789774
10,10,47.001976
10,11,45.629128
10,12,43.23153
10,13,39.73947
10,14,35.211456
10,15,30.0
10,2,20.525398
10,3,28.649082
10,4,35.057636
10,5,39.88639
10,6,43.35694
10,7,45.678364
10,8,47.010887
10,9,47.446968
11,0,0.0
11,1,14.17599
11,10,54.612453
11,11,52.737305
11,12,49.502106
11,13,44.624542
11,14,37.98366
11,15,30.0
11,2,26.376144
11,3,35.957043
11,4,43.084793
11,5,48.19234
11,6,51.703342
11,7,53.947563
11,8,55.13691
11,9,55.36506
12,0,0.0
12,1,19.59181
12,10,63.7735
12,11,61.596924
12,12,57.728683
12,13,51.500664
12,14,42.21385
12,15,30.0
12,2,34.959793
12,3,45.888557
12,4,53.370636
12,5,58.393402
12,6,61.67661
12,7,63.680054
12,8,64.66179
12,9,64.71539
13,0,0.0
13,1,29.288088
13,10,74.566086
13,11,72.49633
13,12,68.60464
13,13,61.63595
13,14,49.47725
13,15,30.0
13,2,48.09435
13,3,59.440414
13,4,66.34588
13,5,70.624756
13,6,73.27072
13,7,74.81613
13,8,75.52384
13,9,75.47087
14,0,0.0
14,1,49.510925
14,10,86.821236
14,11,85.48683
14,12,82.772385
14,13,77.11607
14,14,64.13756
14,15,30.0
14,2,68.7811
14,3,77.56931
14,4,82.13257
14,5,84.71593
14,6,86.23187
14,7,87.08642
14,8,87.45867
14,9,87.395256
15,0,0.0
15,1,100.0
15,10,100.0
15,11,100.0
15,12,100.0
15,13,100.0
15,14,100.0
15,15,30.0
15,2,100.0
15,3,100.0
15,4,100.0
15,5,100.0
15,6,100.0
15,7,100.0
15,8,100.0
15,9,100.0
2,0,0.0
2,1,1.5048238
2,10,10.519165
2,11,11.668346
2,12,13.468402
2,13,16.49729
2,14,21.693983
2,15,30.0
2,2,2.9556923
2,3,4.304184
2,4,5.5178924
2,5,6.577834
2,6,7.4890094
2,7,8.273708
2,8,8.981415
2,9,9.689161
3,0,0.0
3,1,2.248264
3,10,15.165346
3,11,16.44672
3,12,18.261612
3,13,20.953278
3,14,24.8703
3,15,30.0
3,2,4.412406
3,3,6.4214892
3,4,8.220436
3,5,9.785242
3,6,11.114353
3,7,12.240779
3,8,13.222515
3,9,14.153138
4,0,0.0
4,1,2.9950871
4,10,19.374157
4,11,20.562256
4,12,22.081158
4,13,24.12303
4,14,26.802757
4,15,30.0
4,2,5.8746314
4,3,8.5360985
4,4,10.909736
4,5,12.954042
4,6,14.670963
4,7,16.090523
4,8,17.279865
4,9,18.332687
5,0,0.0
5,1,3.7720861
5,10,23.28336
5,11,24.228756
5,12,25.297857
5,13,26.601704
5,14,28.19377
5,15,30.0
5,2,7.3876295
5,3,10.715408
5,4,13.657264
5,5,16.167772
5,6,18.238771
5,7,19.908375
5,8,21.240902
5,9,22.328793
6,0,0.0
6,1,4.622722
6,10,27.10128
6,11,27.708485
6,12,28.23733
6,13,28.772423
6,14,29.360214
6,15,30.0
6,2,9.0379095
6,3,13.068651
6,4,16.59877
6,5,19.565828
6,6,21.9701
6,7,23.84771
6,8,25.269638
6,9,26.322224
7,0,0.0
7,1,5.6180468
7,10,31.088116
7,11,31.27978
7,12,31.19955
7,13,30.912624
7,14,30.490553
7,15,30.0
7,2,10.949896
7,3,15.767769
7,4,19.922665
7,5,23.357124
7,6,26.073803
7,7,28.127056
7,8,29.590952
7,9,30.549984
8,0,0.0
8,1,6.858917
8,10,35.529873
8,11,35.244255
8,12,34.472004
8,13,33.27164
8,14,31.731424
8,15,30.0
8,2,13.308916
8,3,19.04022
8,4,23.887142
8,5,27.798874
8,6,30.813562
8,7,33.006706
8,8,34.470604
8,9,35.28974
9,0,0.0
9,1,8.500687
9,10,40.734688
9,11,39.914223
9,12,38.366608
9,13,36.106262
9,14,33.238174
9,15,30.0
9,2,16.37175
9,3,23.197933
9,4,28.804514
9,5,33.199234
9,6,36.477173
9,7,38.76831
9,8,40.19024
9,9,40.829292
