0,0,0.0
0,1,0.0
0,10,0.0
0,11,0.0
0,12,0.0
0,13,0.0
0,14,0.0
0,15,30.0
0,2,0.0
0,3,0.0
0,4,0.0
0,5,0.0
0,6,0.0
0,7,0.0
0,8,0.0
0,9,0.0
1,0,0.0
1,1,0.63568604
1,10,5.176543
1,11,5.9455943
1,12,7.235822
1,13,9.736564
1,14,15.342289
1,15,30.0
1,2,1.2555944
1,3,1.8458279
1,4,2.3960714
1,5,2.9010692
1,6,3.3620515
1,7,3.7885873
1,8,4.2017827
1,9,4.640727
10,0,0.0
10,1,11.119965
10,10,49.448772
10,11,47.82415
10,12,45.03061
10,13,41.01531
10,14,35.87394
10,15,30.0
10,2,21.194412
10,3,29.671444
10,4,36.44102
10,5,41.626198
10,6,45.42172
10,7,48.00717
10,8,49.509567
10,9,49.991096
11,0,0.0
11,1,14.543734
11,10,57.063614
11,11,54.924526
11,12,51.284607
11,13,45.88594
11,14,38.63662
11,15,30.0
11,2,27.116274
11,3,37.07293
11,4,44.5747
11,5,50.036892
11,6,53.861866
11,7,56.35019
11,8,57.684887
11,9,57.935677
12,0,0.0
12,1,19.9387
12,10,65.945496
12,11,63.52574
12,12,59.297363
12,13,52.60724
12,14,42.786587
12,15,30.0
12,2,35.65402
12,3,46.92932
12,4,54.747948
12,5,60.084835
12,6,63.638676
12,7,65.84683
12,8,66.94412
12,9,67.00312
13,0,0.0
13,1,29.557045
13,10,76.189514
13,11,73.93558
13,12,69.771866
13,13,62.459076
13,14,49.90249
13,15,30.0
13,2,48.63179
13,3,60.242374
13,4,67.40296
13,5,71.915825
13,6,74.76117
13,7,76.45436
13,8,77.24167
13,9,77.187195
14,0,0.0
14,1,49.657692
14,10,87.689804
14,11,86.2552
14,12,83.39545
14,13,77.5547
14,14,64.364296
14,15,30.0
14,2,69.07373
14,3,78.00545
14,4,82.70569
14,5,85.41434
14,6,87.03583
14,7,87.96779
14,8,88.38099
14,9,88.3145
15,0,0.0
15,1,100.0
15,10,100.0
15,11,100.0
15,12,100.0
15,13,100.0
15,14,100.0
15,15,30.0
15,2,100.0
15,3,100.0
15,4,100.0
15,5,100.0
15,6,100.0
15,7,100.0
15,8,100.0
15,9,100.0
2,0,0.0
2,1,1.2871505
2,10,10.119856
2,11,11.370015
2,12,13.261131
2,13,16.368143
2,14,21.632591
2,15,30.0
2,2,2.540865
2,3,3.7316475
2,4,4.8373914
2,5,5.846156
2,6,6.7585535
2,7,7.5905175
2,8,8.377822
2,9,9.184585
3,0,0.0
3,1,1.9720521
3,10,14.7482815
3,11,16.153484
3,12,18.070553
3,13,20.842289
3,14,24.819939
3,15,30.0
3,2,3.8890707
3,3,5.70251
3,4,7.3756948
3,5,8.887617
3,6,10.235495
3,7,11.437115
3,8,12.534405
3,9,13.599945
4,0,0.0
4,1,2.7119899
4,10,19.119852
4,11,20.425097
4,12,22.025307
4,13,24.110529
4,14,26.804873
4,15,30.0
4,2,5.340859
4,3,7.813632
4,4,10.075268
4,5,12.093132
4,6,13.858702
4,7,15.38805
4,8,16.722754
4,9,17.932514
5,0,0.0
5,1,3.535049
5,10,23.373524
5,11,24.401752
5,12,25.495062
5,13,26.769648
5,14,28.289026
5,15,30.0
5,2,6.9487505
5,3,10.135896
5,4,13.018623
5,5,15.550949
5,6,17.718142
5,7,19.533646
5,8,21.036047
5,9,22.28752
6,0,0.0
6,1,4.4794607
6,10,27.684988
6,11,28.313335
6,12,28.783543
6,13,29.183983
6,14,29.58159
6,15,30.0
6,2,8.783199
6,3,12.76259
6,4,16.312386
6,5,19.373915
6,6,21.92929
6,7,23.992348
6,8,25.600292
6,9,26.808
7,0,0.0
7,1,5.599594
7,10,32.245094
7,11,32.383076
7,12,32.141804
7,13,31.601158
7,14,30.853355
7,15,30.0
7,2,10.942007
7,3,15.818887
7,4,20.094435
7,5,23.70304
7,6,26.63277
7,7,28.906185
7,8,30.564783
7,9,31.659227
8,0,0.0
8,1,6.9769144
8,10,37.253113
8,11,36.832077
8,12,35.79944
8,13,34.22551
8,14,32.230675
8,15,30.0
8,2,13.566353
8,3,19.476522
8,4,24.54344
8,5,28.711052
8,6,31.99258
8,7,34.434853
8,8,36.093452
8,9,37.019035
9,0,0.0
9,1,8.741712
9,10,42.916237
9,11,41.892708
9,12,39.998375
9,13,37.27076
9,14,33.84384
9,15,30.0
9,2,16.869974
9,3,23.977425
9,4,29.891762
9,5,34.605164
9,6,38.191666
9,7,40.747204
9,8,42.35515
9,9,43.070374
