0,0,0.0
0,1,0.0
0,10,0.0
0,11,0.0
0,12,0.0
0,13,0.0
0,14,0.0
0,15,30.0
0,2,0.0
0,3,0.0
0,4,0.0
0,5,0.0
0,6,0.0
0,7,0.0
0,8,0.0
0,9,0.0
1,0,0.0
1,1,0.6877954
1,10,5.255336
1,11,6.0004306
1,12,7.2708406
1,13,9.756593
1,14,15.351163
1,15,30.0
1,2,1.3546693
1,3,1.9819269
1,4,2.5566912
1,5,3.0718725
1,6,3.5299199
1,7,3.9420867
1,8,4.333246
1,9,4.7460475
10,0,0.0
10,1,10.8863535
10,10,47.90127
10,11,46.441975
10,12,43.903053
10,13,40.21679
10,14,35.460358
10,15,30.0
10,2,20.724817
10,3,28.964663
10,4,35.499016
10,5,40.461765
10,6,44.060455
10,7,46.492683
10,8,47.90324
10,9,48.369637
11,0,0.0
11,1,14.297904
11,10,55.54686
11,11,53.577305
11,12,50.188652
11,13,45.112553
11,14,38.236256
11,15,30.0
11,2,26.625088
11,3,36.338295
11,4,43.60507
11,5,48.849174
11,6,52.48712
11,7,54.834457
11,8,56.09005
11,9,56.337868
12,0,0.0
12,1,19.714657
12,10,64.6225
12,11,62.353516
12,12,58.346878
12,13,51.937065
12,14,42.440346
12,15,30.0
12,2,35.20722
12,3,46.26452
12,4,53.87466
12,5,59.021893
12,6,62.41545
12,7,64.50589
12,8,65.54087
12,9,65.603165
13,0,0.0
13,1,29.38653
13,10,75.209526
13,11,73.069626
13,12,69.07026
13,13,61.965363
13,14,49.64735
13,15,30.0
13,2,48.292587
13,3,59.73864
13,4,66.74373
13,5,71.11602
13,6,73.84429
13,7,75.452835
13,8,76.19679
13,9,76.14821
14,0,0.0
14,1,49.56569
14,10,87.168686
14,11,85.79494
14,12,83.02314
14,13,77.29266
14,14,64.22905
14,15,30.0
14,2,68.89073
14,3,77.73424
14,4,82.3512
14,5,84.98523
14,6,86.54482
14,7,87.43247
14,8,87.82363
14,9,87.76095
15,0,0.0
15,1,100.0
15,10,100.0
15,11,100.0
15,12,100.0
15,13,100.0
15,14,100.0
15,15,30.0
15,2,100.0
15,3,100.0
15,4,100.0
15,5,100.0
15,6,100.0
15,7,100.0
15,8,100.0
15,9,100.0
2,0,0.0
2,1,1.3801177
2,10,10.236287
2,11,11.444739
2,12,13.304116
2,13,16.389465
2,14,21.640938
2,15,30.0
2,2,2.7166967
2,3,3.972495
2,4,5.118844
2,5,6.1427794
2,6,7.0451946
2,7,7.847576
2,8,8.59153
2,9,9.349118
3,0,0.0
3,1,2.0849435
3,10,14.827859
3,11,16.185658
3,12,18.07235
3,13,20.831657
3,14,24.810635
3,15,30.0
3,2,4.1018147
3,3,5.9899917
3,4,7.7068014
3,5,9.227256
3,6,10.552788
3,7,11.706668
3,8,12.741649
3,9,13.7405
4,0,0.0
4,1,2.8187733
4,10,19.070333
4,11,20.336512
4,12,21.925798
4,13,24.02624
4,14,26.757126
4,15,30.0
4,2,5.5387716
4,3,8.075441
4,4,10.364273
4,5,12.372644
4,6,14.094347
4,7,15.556485
4,8,16.812073
4,9,17.945099
5,0,0.0
5,1,3.6081421
5,10,23.102907
5,11,24.11634
5,12,25.234375
5,13,26.571766
5,14,28.18215
5,15,30.0
5,2,7.079796
5,3,10.295984
5,4,13.173384
5,5,15.663399
5,6,17.759607
5,7,19.48547
5,8,20.896025
5,9,22.068785
6,0,0.0
6,1,4.496269
6,10,27.123152
6,11,27.772074
6,12,28.317757
6,13,28.841831
6,14,29.400738
6,15,30.0
6,2,8.802103
6,3,12.758958
6,4,16.254242
6,5,19.232899
6,6,21.683403
6,7,23.635414
6,8,25.142262
6,9,26.276655
7,0,0.0
7,1,5.545264
7,10,31.358925
7,11,31.561565
7,12,31.451744
7,13,31.103573
7,14,30.592379
7,15,30.0
7,2,10.821995
7,3,15.611979
7,4,19.778175
7,5,23.256762
7,6,26.0485
7,7,28.190315
7,8,29.743341
7,9,30.776356
8,0,0.0
8,1,6.849128
8,10,36.060776
8,11,35.74686
8,12,34.901684
8,13,33.583412
8,14,31.896244
8,15,30.0
8,2,13.301836
8,3,19.061916
8,4,23.963467
8,5,27.958614
8,6,31.071323
8,7,33.36707
8,8,34.920094
8,9,35.79918
9,0,0.0
9,1,8.550028
9,10,41.487083
9,11,40.60791
9,12,38.943466
9,13,36.521576
9,14,33.4545
9,15,30.0
9,2,16.481848
9,3,23.384665
9,4,29.09008
9,5,33.596825
9,6,36.994255
9,7,39.39493
9,8,40.901783
9,9,41.5875
