0,0,0.0
0,1,0.0
0,10,0.0
0,11,0.0
0,12,0.0
0,13,0.0
0,14,0.0
0,15,30.0
0,2,0.0
0,3,0.0
0,4,0.0
0,5,0.0
0,6,0.0
0,7,0.0
0,8,0.0
0,9,0.0
1,0,0.0
1,1,0.63565016
1,10,5.176394
1,11,5.9454665
1,12,7.2357206
1,13,9.736493
1,14,15.342253
1,15,30.0
1,2,1.2555244
1,3,1.8457265
1,4,2.3959432
1,5,2.90092
1,6,3.3618875
1,7,3.7884157
1,8,4.2016115
1,9,4.640563
10,0,0.0
10,1,11.119814
10,10,49.44815
10,11,47.82362
10,12,45.03019
10,13,41.015015
10,14,35.873795
10,15,30.0
10,2,21.194122
10,3,29.671024
10,4,36.44049
10,5,41.625576
10,6,45.421036
10,7,48.00645
10,8,49.508858
10,9,49.990414
11,0,0.0
11,1,14.543606
11,10,57.063084
11,11,54.924072
11,12,51.284245
11,13,45.885696
11,14,38.636486
11,15,30.0
11,2,27.116022
11,3,37.07257
11,4,44.57424
11,5,50.03636
11,6,53.86128
11,7,56.34958
11,8,57.684277
11,9,57.93509
12,0,0.0
12,1,19.938599
12,10,65.945076
12,11,63.525375
12,12,59.297077
12,13,52.60704
12,14,42.786488
12,15,30.0
12,2,35.65382
12,3,46.92903
12,4,54.747585
12,5,60.084415
12,6,63.63821
12,7,65.84636
12,8,66.94364
12,9,67.00266
13,0,0.0
13,1,29.556976
13,10,76.189224
13,11,73.935326
13,12,69.77167
13,13,62.458942
13,14,49.902416
13,15,30.0
13,2,48.63166
13,3,60.24218
13,4,67.40271
13,5,71.91553
13,6,74.76086
13,7,76.45403
13,8,77.24133
13,9,77.18688
14,0,0.0
14,1,49.65766
14,10,87.68965
14,11,86.25508
14,12,83.39534
14,13,77.554634
14,14,64.36426
14,15,30.0
14,2,69.07366
14,3,78.00535
14,4,82.70556
14,5,85.414185
14,6,87.03566
14,7,87.96762
14,8,88.38081
14,9,88.31433
15,0,0.0
15,1,100.0
15,10,100.0
15,11,100.0
15,12,100.0
15,13,100.0
15,14,100.0
15,15,30.0
15,2,100.0
15,3,100.0
15,4,100.0
15,5,100.0
15,6,100.0
15,7,100.0
15,8,100.0
15,9,100.0
2,0,0.0
2,1,1.2870803
2,10,10.119562
2,11,11.369764
2,12,13.260935
2,13,16.368006
2,14,21.632523
2,15,30.0
2,2,2.5407276
2,3,3.7314496
2,4,4.837141
2,5,5.845864
2,6,6.7582326
2,7,7.5901814
2,8,8.377485
2,9,9.184264
3,0,0.0
3,1,1.9719508
3,10,14.74786
3,11,16.153122
3,12,18.070267
3,13,20.84209
3,14,24.819838
3,15,30.0
3,2,3.8888724
3,3,5.702223
3,4,7.3753324
3,5,8.887195
3,6,10.235031
3,7,11.436629
3,8,12.53392
3,9,13.59948
4,0,0.0
4,1,2.7118614
4,10,19.119316
4,11,20.424639
4,12,22.024944
4,13,24.11028
4,14,26.804743
4,15,30.0
4,2,5.3406086
4,3,7.813269
4,4,10.07481
4,5,12.092598
4,6,13.858115
4,7,15.387436
4,8,16.722137
4,9,17.931927
5,0,0.0
5,1,3.5349
5,10,23.372902
5,11,24.401218
5,12,25.494638
5,13,26.769356
5,14,28.288877
5,15,30.0
5,2,6.9484577
5,3,10.135475
5,4,13.018087
5,5,15.550327
5,6,17.71746
5,7,19.532928
5,8,21.035334
5,9,22.286837
6,0,0.0
6,1,4.479296
6,10,27.684303
6,11,28.312748
6,12,28.783083
6,13,29.183662
6,14,29.581427
6,15,30.0
6,2,8.78288
6,3,12.762127
6,4,16.311802
6,5,19.37323
6,6,21.92854
6,7,23.991566
6,8,25.599508
6,9,26.807251
7,0,0.0
7,1,5.5994234
7,10,32.24438
7,11,32.38246
7,12,32.141315
7,13,31.600826
7,14,30.853184
7,15,30.0
7,2,10.941671
7,3,15.818402
7,4,20.093822
7,5,23.702326
7,6,26.631987
7,7,28.905365
7,8,30.563965
7,9,31.658443
8,0,0.0
8,1,6.9767427
8,10,37.252396
8,11,36.831467
8,12,35.798958
8,13,34.22517
8,14,32.230507
8,15,30.0
8,2,13.566017
8,3,19.47604
8,4,24.542828
8,5,28.710339
8,6,31.991796
8,7,34.43403
8,8,36.092632
8,9,37.01825
9,0,0.0
9,1,8.741549
9,10,42.915554
9,11,41.892128
9,12,39.997913
9,13,37.27044
9,14,33.843678
9,15,30.0
9,2,16.869652
9,3,23.976961
9,4,29.891174
9,5,34.604485
9,6,38.190914
9,7,40.746418
9,8,42.35436
9,9,43.06963
