0,0,0.0
0,1,0.0
0,10,0.0
0,11,0.0
0,12,0.0
0,13,0.0
0,14,0.0
0,15,30.0
0,2,0.0
0,3,0.0
0,4,0.0
0,5,0.0
0,6,0.0
0,7,0.0
0,8,0.0
0,9,0.0
1,0,0.0
1,1,0.62780285
1,10,5.1348057
1,11,5.908906
1,12,7.206238
1,13,9.715795
1,14,15.331581
1,15,30.0
1,2,1.239982
1,3,1.822848
1,4,2.3662827
1,5,2.865347
1,6,3.3215492
1,7,3.7448282
1,8,4.156576
1,9,4.5961485
10,0,0.0
10,1,11.057505
10,10,49.151566
10,11,47.56552
10,12,44.823647
10,13,40.870895
10,14,35.79972
10,15,30.0
10,2,21.071482
10,3,29.491985
10,4,36.211143
10,5,41.35404
10,6,45.11759
10,7,47.68325
10,8,49.179634
10,9,49.66998
11,0,0.0
11,1,14.487235
11,10,56.796482
11,11,54.692154
11,12,51.09881
11,13,45.756298
11,14,38.57003
11,15,30.0
11,2,27.005074
11,3,36.910725
11,4,44.367012
11,5,49.791245
11,6,53.587566
11,7,56.058304
11,8,57.387848
11,9,57.64679
12,0,0.0
12,1,19.8921
12,10,65.72625
12,11,63.33516
12,12,59.144997
12,13,52.500988
12,14,42.732002
12,15,30.0
12,2,35.562355
12,3,46.795624
12,4,54.57689
12,5,59.882587
12,6,63.41301
12,7,65.60686
12,8,66.70006
12,9,66.76593
13,0,0.0
13,1,29.523819
13,10,76.033714
13,11,73.80016
13,12,69.66366
13,13,62.383606
13,14,49.86374
13,15,30.0
13,2,48.56643
13,3,60.147087
13,4,67.28105
13,5,71.771774
13,6,74.6005
13,7,76.28359
13,8,77.06807
13,9,77.01854
14,0,0.0
14,1,49.6404
14,10,87.60886
14,11,86.184875
14,12,83.33924
14,13,77.515526
14,14,64.34417
14,15,30.0
14,2,69.03971
14,3,77.95586
14,4,82.642265
14,5,85.3394
14,6,86.95227
14,7,87.879005
14,8,88.29076
14,9,88.22687
15,0,0.0
15,1,100.0
15,10,100.0
15,11,100.0
15,12,100.0
15,13,100.0
15,14,100.0
15,15,30.0
15,2,100.0
15,3,100.0
15,4,100.0
15,5,100.0
15,6,100.0
15,7,100.0
15,8,100.0
15,9,100.0
2,0,0.0
2,1,1.271114
2,10,10.03567
2,11,11.296079
2,12,13.201532
2,13,16.326332
2,14,21.611034
2,15,30.0
2,2,2.5091488
2,3,3.6849575
2,4,4.7769666
2,5,5.7737246
2,6,6.6765585
2,7,7.5019965
2,8,8.286485
2,9,9.0946
3,0,0.0
3,1,1.9474682
3,10,14.620718
3,11,16.04155
3,12,17.980421
3,13,20.77908
3,14,24.787369
3,15,30.0
3,2,3.8404398
3,3,5.631049
3,4,7.28327
3,5,8.777059
3,6,10.110483
3,7,11.302416
3,8,12.395615
3,9,13.4634075
4,0,0.0
4,1,2.678492
4,10,18.948551
4,11,20.275005
4,12,21.904545
4,13,24.025925
4,14,26.761286
4,15,30.0
4,2,5.2746987
4,3,7.7164593
4,4,9.949862
4,5,11.94331
4,6,13.689687
4,7,15.206238
4,8,16.535791
4,9,17.748903
5,0,0.0
5,1,3.4926417
5,10,23.159813
5,11,24.214718
5,12,25.344778
5,13,26.664413
5,14,28.234858
5,15,30.0
5,2,6.864999
5,3,10.01312
5,4,12.860339
5,5,15.3622875
5,6,17.505665
5,7,19.305592
5,8,20.801971
5,9,22.058052
6,0,0.0
6,1,4.4286737
6,10,27.432775
6,11,28.092955
6,12,28.606606
6,13,29.060223
6,14,29.51789
6,15,30.0
6,2,8.683038
6,3,12.615849
6,4,16.123589
6,5,19.149197
6,6,21.676764
6,7,23.721796
6,8,25.323145
6,9,26.536804
7,0,0.0
7,1,5.5417976
7,10,31.961788
7,11,32.135777
7,12,31.943508
7,13,31.462515
7,14,30.782053
7,15,30.0
7,2,10.828035
7,3,15.652174
7,4,19.880156
7,5,23.44849
7,6,26.347157
7,7,28.600779
7,8,30.25247
7,9,31.3541
8,0,0.0
8,1,6.9142914
8,10,36.949734
8,11,36.56762
8,12,35.587513
8,13,34.077477
8,14,32.15455
8,15,30.0
8,2,13.442996
8,3,19.296173
8,4,24.312
8,5,28.436434
8,6,31.68498
8,7,34.106422
8,8,35.75812
8,9,36.691917
9,0,0.0
9,1,8.677338
9,10,42.6074
9,11,41.62368
9,12,39.783016
9,13,37.12036
9,14,33.766556
9,15,30.0
9,2,16.743177
9,3,23.79226
9,4,29.654312
9,5,34.323822
9,6,37.8769
9,7,40.4116
9,8,42.012943
9,9,42.736946
