0,0,0.0
0,1,0.0
0,10,0.0
0,11,0.0
0,12,0.0
0,13,0.0
0,14,0.0
0,15,30.0
0,2,0.0
0,3,0.0
0,4,0.0
0,5,0.0
0,6,0.0
0,7,0.0
0,8,0.0
0,9,0.0
1,0,0.0
1,1,1.0313883
1,10,6.058979
1,11,6.651057
1,12,7.763035
1,13,10.085993
1,14,15.516533
1,15,30.0
1,2,2.008553
1,3,2.8884912
1,4,3.6383097
1,5,4.2500343
1,6,4.7274685
1,7,5.097957
1,8,5.399328
1,9,5.6907654
10,0,0.0
10,1,10.52367
10,10,43.92874
10,11,42.851444
10,12,40.944565
10,13,38.11448
10,14,34.36656
10,15,30.0
10,2,19.954416
10,3,27.705946
10,4,33.677666
10,5,38.025276
10,6,41.02138
10,7,42.93093
10,8,43.97383
10,9,44.292366
11,0,0.0
11,1,13.787611
11,10,51.311462
11,11,49.777508
11,12,47.084324
11,13,42.910904
11,14,37.096375
11,15,30.0
11,2,25.572006
11,3,34.697582
11,4,41.331173
11,5,45.93598
11,6,48.975266
11,7,50.83364
11,8,51.773945
11,9,51.929848
12,0,0.0
12,1,19.175303
12,10,60.708347
12,11,58.866615
12,12,55.503693
12,13,49.930153
12,14,41.4004
12,15,30.0
12,2,34.111927
12,3,44.585205
12,4,51.598625
12,5,56.159615
12,6,59.027603
12,7,60.703156
12,8,61.48611
12,9,61.50491
13,0,0.0
13,1,28.942162
13,10,72.20446
13,11,70.39696
13,12,66.90007
13,13,60.432663
13,14,48.855614
13,15,30.0
13,2,47.393795
13,3,58.37597
13,4,64.91326
13,5,68.84041
13,6,71.17518
13,7,72.48175
13,8,73.05191
13,9,72.98439
14,0,0.0
14,1,49.315205
14,10,85.53528
14,11,84.34694
14,12,81.84668
14,13,76.46417
14,14,63.800346
14,15,30.0
14,2,68.386734
14,3,76.97214
14,4,81.3342
14,5,83.72633
14,6,85.076126
14,7,85.80461
14,8,86.10599
14,9,86.03942
15,0,0.0
15,1,100.0
15,10,100.0
15,11,100.0
15,12,100.0
15,13,100.0
15,14,100.0
15,15,30.0
15,2,100.0
15,3,100.0
15,4,100.0
15,5,100.0
15,6,100.0
15,7,100.0
15,8,100.0
15,9,100.0
2,0,0.0
2,1,2.0173607
2,10,11.670916
2,11,12.600648
2,12,14.172638
2,13,16.969776
2,14,21.930817
2,15,30.0
2,2,3.9309123
2,3,5.6485367
2,4,7.116947
2,5,8.30686
2,6,9.238028
2,7,9.950154
2,8,10.520311
2,9,11.047232
3,0,0.0
3,1,2.9268236
3,10,16.579613
3,11,17.577482
3,12,19.10873
3,13,21.51648
3,14,25.151918
3,15,30.0
3,2,5.6982493
3,3,8.190244
3,4,10.309485
3,5,12.030882
3,6,13.363327
3,7,14.375622
3,8,15.158573
3,9,15.840634
4,0,0.0
4,1,3.74512
4,10,20.7322
4,11,21.623062
4,12,22.85767
4,13,24.631899
4,14,27.053886
4,15,30.0
4,2,7.293004
4,3,10.470926
4,4,13.176726
4,5,15.356713
4,6,17.041319
4,7,18.295353
4,8,19.23566
4,9,19.995895
5,0,0.0
5,1,4.4938536
5,10,24.250528
5,11,24.93316
5,12,25.782133
5,13,26.900965
5,14,28.336744
5,15,30.0
5,2,8.740899
5,3,12.543511
5,4,15.75938
5,5,18.347063
5,6,20.320568
5,7,21.771341
5,8,22.814238
5,9,23.591558
6,0,0.0
6,1,5.220912
6,10,27.378588
6,11,27.807638
6,12,28.231218
6,13,28.728983
6,14,29.32551
6,15,30.0
6,2,10.147837
6,3,14.531935
6,4,18.227455
6,5,21.168343
6,6,23.395525
6,7,24.994946
6,8,26.100721
6,9,26.851088
7,0,0.0
7,1,6.0213695
7,10,30.472187
7,11,30.600288
7,12,30.572905
7,13,30.434233
7,14,30.233368
7,15,30.0
7,2,11.674752
7,3,16.674644
7,4,20.8388
7,5,24.12431
7,6,26.568756
7,7,28.290142
7,8,29.423807
7,9,30.109787
8,0,0.0
8,1,7.025942
8,10,33.948505
8,11,33.73464
8,12,33.182743
8,13,32.334755
8,14,31.237938
8,15,30.0
8,2,13.5752735
8,3,19.284481
8,4,23.973154
8,5,27.600628
8,6,30.254667
8,7,32.069027
8,8,33.20269
8,9,33.7957
9,0,0.0
9,1,8.431901
9,10,38.281876
9,11,37.65623
9,12,36.488903
9,13,34.759663
9,14,32.5365
9,15,30.0
9,2,16.178513
9,3,22.789623
9,4,28.076044
9,5,32.071632
9,6,34.91407
9,7,36.798397
9,8,37.90417
9,9,38.369633
