0,0,0.0
0,1,0.0
0,2,0.0
0,3,0.0
0,4,0.0
0,5,0.0
0,6,0.0
0,7,30.0
1,0,0.0
1,1,2.9491684
1,2,5.558692
1,3,7.6966105
1,4,9.548644
1,5,11.830777
1,6,16.577116
1,7,30.0
2,0,0.0
2,1,6.2458487
2,2,11.60306
2,3,15.697275
2,4,18.685663
2,5,21.212412
2,6,24.486237
2,7,30.0
3,0,0.0
3,1,10.445683
3,2,18.937452
3,3,24.837729
3,4,28.319132
3,5,29.87555
3,6,30.171303
3,7,30.0
4,0,0.0
4,1,16.619127
4,2,28.898746
4,3,36.442413
4,4,39.923824
4,5,39.83684
4,6,36.34475
4,7,30.0
5,0,0.0
5,1,27.1528
5,2,43.634235
5,3,52.157597
5,4,55.14598
5,5,53.24359
5,6,45.39319
5,7,30.0
6,0,0.0
6,1,48.375656
6,2,66.359985
6,3,73.448685
6,4,75.30072
6,5,72.632065
6,6,62.0036
6,7,30.0
7,0,0.0
7,1,100.0
7,2,100.0
7,3,100.0
7,4,100.0
7,5,100.0
7,6,100.0
7,7,30.0
