0,0,0.0
0,1,0.0
0,10,0.0
0,11,0.0
0,12,0.0
0,13,0.0
0,14,0.0
0,15,30.0
0,2,0.0
0,3,0.0
0,4,0.0
0,5,0.0
0,6,0.0
0,7,0.0
0,8,0.0
0,9,0.0
1,0,0.0
1,1,0.633971
1,10,5.1693525
1,11,5.9394197
1,12,7.2309346
1,13,9.733179
1,14,15.340559
1,15,30.0
1,2,1.2522383
1,3,1.8409754
1,4,2.3899326
1,5,2.89391
1,6,3.354183
1,7,3.7803514
1,8,4.1935396
1,9,4.632837
10,0,0.0
10,1,11.112662
10,10,49.41816
10,11,47.797867
10,12,45.009804
10,13,41.00091
10,14,35.866577
10,15,30.0
10,2,21.180122
10,3,29.650787
10,4,36.414886
10,5,41.59572
10,6,45.38822
10,7,47.97211
10,8,49.47448
10,9,49.957508
11,0,0.0
11,1,14.537451
11,10,57.037285
11,11,54.901917
11,12,51.266716
11,13,45.873554
11,14,38.630283
11,15,30.0
11,2,27.103983
11,3,37.05516
11,4,44.55222
11,5,50.010677
11,6,53.83305
11,7,56.32003
11,8,57.654705
11,9,57.906788
12,0,0.0
12,1,19.933722
12,10,65.92463
12,11,63.50782
12,12,59.28318
12,13,52.59742
12,14,42.781567
12,15,30.0
12,2,35.64428
12,3,46.915237
12,4,54.730133
12,5,60.064056
12,6,63.615837
12,7,65.82294
12,8,66.92021
12,9,66.980225
13,0,0.0
13,1,29.553596
13,10,76.175064
13,11,73.92316
13,12,69.76204
13,13,62.45227
13,14,49.89901
13,15,30.0
13,2,48.625046
13,3,60.23262
13,4,67.39061
13,5,71.90141
13,6,74.745346
13,7,76.437805
13,8,77.22509
13,9,77.17134
14,0,0.0
14,1,49.65593
14,10,87.6824
14,11,86.248856
14,12,83.39041
14,13,77.55122
14,14,64.36252
14,15,30.0
14,2,69.07028
14,3,78.00046
14,4,82.69936
14,5,85.40696
14,6,87.027725
14,7,87.95932
14,8,88.37251
14,9,88.30638
15,0,0.0
15,1,100.0
15,10,100.0
15,11,100.0
15,12,100.0
15,13,100.0
15,14,100.0
15,15,30.0
15,2,100.0
15,3,100.0
15,4,100.0
15,5,100.0
15,6,100.0
15,7,100.0
15,8,100.0
15,9,100.0
2,0,0.0
2,1,1.283792
2,10,10.105773
2,11,11.3579235
2,12,13.251561
2,13,16.361519
2,14,21.629204
2,15,30.0
2,2,2.5342932
2,3,3.722146
2,4,4.825371
2,5,5.8321376
2,6,6.743145
2,7,7.574391
2,8,8.361679
2,9,9.169135
3,0,0.0
3,1,1.9671912
3,10,14.7279005
3,11,16.135983
3,12,18.0567
3,13,20.832699
3,14,24.815035
3,15,30.0
3,2,3.8795586
3,3,5.688757
3,4,7.3582964
3,5,8.867327
3,6,10.213192
3,7,11.413773
3,8,12.511042
3,9,13.57758
4,0,0.0
4,1,2.705831
4,10,19.09403
4,11,20.402922
4,12,22.00776
4,13,24.098381
4,14,26.79866
4,15,30.0
4,2,5.328808
4,3,7.7962074
4,4,10.053225
4,5,12.067425
4,6,13.830446
4,7,15.358478
4,8,16.69315
4,9,17.90418
5,0,0.0
5,1,3.5278544
5,10,23.343359
5,11,24.375847
5,12,25.47456
5,13,26.755455
5,14,28.281769
5,15,30.0
5,2,6.93467
5,3,10.1155405
5,4,12.99287
5,5,15.520916
5,6,17.685133
5,7,19.499092
5,8,21.001467
5,9,22.254417
6,0,0.0
6,1,4.4715366
6,10,27.651764
6,11,28.284807
6,12,28.760963
6,13,29.168352
6,14,29.573597
6,15,30.0
6,2,8.767694
6,3,12.740172
6,4,16.284027
6,5,19.34084
6,6,21.892935
6,7,23.9543
6,8,25.562206
6,9,26.77155
7,0,0.0
7,1,5.591283
7,10,32.21025
7,11,32.353153
7,12,32.11812
7,13,31.584766
7,14,30.844973
7,15,30.0
7,2,10.925743
7,3,15.795372
7,4,20.064688
7,5,23.668346
7,6,26.594639
7,7,28.866276
7,8,30.524837
7,9,31.62099
8,0,0.0
8,1,6.9685774
8,10,37.218155
8,11,36.802067
8,12,35.775684
8,13,34.209064
8,14,32.222267
8,15,30.0
8,2,13.550038
8,3,19.452938
8,4,24.5136
8,5,28.676252
8,6,31.954332
8,7,34.39482
8,8,36.053383
8,9,36.980686
9,0,0.0
9,1,8.733715
9,10,42.882713
9,11,41.86392
9,12,39.975597
9,13,37.254982
9,14,33.835777
9,15,30.0
9,2,16.854326
9,3,23.954798
9,4,29.86314
9,5,34.571785
9,6,38.15498
9,7,40.708805
9,8,42.31672
9,9,43.033592
