0,0,0.0
0,1,0.0
0,10,0.0
0,11,0.0
0,12,0.0
0,13,0.0
0,14,0.0
0,15,30.0
0,2,0.0
0,3,0.0
0,4,0.0
0,5,0.0
0,6,0.0
0,7,0.0
0,8,0.0
0,9,0.0
1,0,0.0
1,1,1.4422415
1,10,6.9334617
1,11,7.387774
1,12,8.340408
1,13,10.486756
1,14,15.721195
1,15,30.0
1,2,2.781469
1,3,3.9294944
1,4,4.848412
1,5,5.524107
1,6,5.9932528
1,7,6.2992725
1,8,6.5084863
1,9,6.6896834
10,0,0.0
10,1,10.304199
10,10,40.1527
10,11,39.44066
10,12,38.15193
10,13,36.123367
10,14,33.335987
10,15,30.0
10,2,19.424318
10,3,26.736168
10,4,32.123737
10,5,35.819416
10,6,38.165287
10,7,39.53167
10,8,40.21135
10,9,40.39099
11,0,0.0
11,1,13.342976
11,10,47.023495
11,11,45.949837
11,12,43.947643
11,13,40.694523
11,14,35.942787
11,15,30.0
11,2,24.627865
11,3,33.15457
11,4,39.120453
11,5,43.021797
11,6,45.416767
11,7,46.75849
11,8,47.378647
11,9,47.462223
12,0,0.0
12,1,18.641567
12,10,56.56423
12,11,55.16763
12,12,52.496185
12,13,47.795578
12,14,40.297672
12,15,30.0
12,2,33.003525
12,3,42.856823
12,4,49.204487
12,5,53.117676
12,6,55.40304
12,7,56.63491
12,8,57.163376
12,9,57.145172
13,0,0.0
13,1,28.46758
13,10,68.902115
13,11,67.468704
13,12,64.51086
13,13,58.74852
13,14,47.980324
13,15,30.0
13,2,46.42816
13,3,56.887817
13,4,62.898518
13,5,66.31525
13,6,68.21209
13,7,69.19005
13,8,69.578705
13,9,69.50765
14,0,0.0
14,1,49.038754
14,10,83.706085
14,11,82.72049
14,12,80.52743
14,13,75.529236
14,14,63.31771
14,15,30.0
14,2,67.82395
14,3,76.116516
14,4,80.18112
14,5,82.29674
14,6,83.407524
14,7,83.96144
14,8,84.170654
14,9,84.10396
15,0,0.0
15,1,100.0
15,10,100.0
15,11,100.0
15,12,100.0
15,13,100.0
15,14,100.0
15,15,30.0
15,2,100.0
15,3,100.0
15,4,100.0
15,5,100.0
15,6,100.0
15,7,100.0
15,8,100.0
15,9,100.0
2,0,0.0
2,1,2.7832904
2,10,13.238625
2,11,13.913181
2,12,15.204022
2,13,17.680658
2,14,22.296036
2,15,30.0
2,2,5.3602986
2,3,7.5809884
2,4,9.342987
2,5,10.65176
2,6,11.546629
2,7,12.134932
2,8,12.523589
2,9,12.8422
3,0,0.0
3,1,3.9385211
3,10,18.511696
3,11,19.190754
3,12,20.364962
3,13,22.385464
3,14,25.594627
3,15,30.0
3,2,7.5934153
3,3,10.7255945
3,4,13.227615
3,5,15.065132
3,6,16.332968
3,7,17.148314
3,8,17.676786
3,9,18.075096
4,0,0.0
4,1,4.8784356
4,10,22.633755
4,11,23.185211
4,12,24.07051
4,13,25.46054
4,14,27.47825
4,15,30.0
4,2,9.393882
4,3,13.277449
4,4,16.35582
4,5,18.63206
4,6,20.180721
4,7,21.178112
4,8,21.798264
4,9,22.226185
5,0,0.0
5,1,5.606351
5,10,25.70842
5,11,26.101673
5,12,26.663393
5,13,27.500484
5,14,28.638138
5,15,30.0
5,2,10.801439
5,3,15.247628
5,4,18.784752
5,5,21.375134
5,6,23.14548
5,7,24.26403
5,8,24.943708
5,9,25.371183
6,0,0.0
6,1,6.1952124
6,10,28.040558
6,11,28.264648
6,12,28.543621
6,13,28.91975
6,14,29.419495
6,15,30.0
6,2,11.920112
6,3,16.8226
6,4,20.693834
6,5,23.534618
6,6,25.45303
6,7,26.661795
6,8,27.371428
6,9,27.77875
7,0,0.0
7,1,6.75052
7,10,30.05951
7,11,30.123627
7,12,30.122017
7,13,30.0957
7,14,30.049171
7,15,30.0
7,2,12.979164
7,3,18.276037
7,4,22.449516
7,5,25.479216
7,6,27.521452
7,7,28.78646
7,8,29.51032
7,9,29.88832
8,0,0.0
8,1,7.4478993
8,10,32.325104
8,11,32.19081
8,12,31.883587
8,13,31.391228
8,14,30.74655
8,15,30.0
8,2,14.2746935
8,3,20.037611
8,4,24.516695
8,5,27.744814
8,6,29.886906
8,7,31.199324
8,8,31.923182
8,9,32.253777
9,0,0.0
9,1,8.516648
9,10,35.459583
9,11,35.082848
9,12,34.35072
9,13,33.23831
9,14,31.74093
9,15,30.0
9,2,16.238678
9,3,22.629694
9,4,27.51204
9,5,30.953638
9,6,33.20542
9,7,34.55136
9,8,35.260994
9,9,35.531136
