0,0,0.0
0,1,0.0
0,10,0.0
0,11,0.0
0,12,0.0
0,13,0.0
0,14,0.0
0,15,30.0
0,2,0.0
0,3,0.0
0,4,0.0
0,5,0.0
0,6,0.0
0,7,0.0
0,8,0.0
0,9,0.0
1,0,0.0
1,1,0.62910974
1,10,5.1327395
1,11,5.906409
1,12,7.203775
1,13,9.713851
1,14,15.330505
1,15,30.0
1,2,1.2424039
1,3,1.8259556
1,4,2.369629
1,5,2.8683496
1,6,3.3238044
1,7,3.7459698
1,8,4.1565113
1,9,4.594944
10,0,0.0
10,1,11.037987
10,10,49.038895
10,11,47.4657
10,12,44.74279
10,13,40.813847
10,14,35.77027
10,15,30.0
10,2,21.032593
10,3,29.434345
10,4,36.13563
10,5,41.262505
10,6,45.012573
10,7,47.568462
10,8,49.05979
10,9,49.550575
11,0,0.0
11,1,14.467997
11,10,56.689453
11,11,54.597775
11,12,51.022377
11,13,45.702587
11,14,38.54226
11,15,30.0
11,2,26.966927
11,3,36.85424
11,4,44.293465
11,5,49.702393
11,6,53.486195
11,7,55.94802
11,8,57.27319
11,9,57.533115
12,0,0.0
12,1,19.87529
12,10,65.63494
12,11,63.254677
12,12,59.080048
12,13,52.4553
12,14,42.708454
12,15,30.0
12,2,35.528996
12,3,46.74643
12,4,54.51291
12,5,59.805626
12,6,63.325443
12,7,65.51192
12,8,66.60169
12,9,66.668594
13,0,0.0
13,1,29.511343
13,10,75.96701
13,11,73.74154
13,12,69.6163
13,13,62.3504
13,14,49.84659
13,15,30.0
13,2,48.541733
13,3,60.110664
13,4,67.233826
13,5,71.71503
13,6,74.5361
13,7,76.213905
13,8,76.99599
13,9,76.94741
14,0,0.0
14,1,49.63376
14,10,87.573685
14,11,86.153946
14,12,83.314316
14,13,77.49801
14,14,64.33516
14,15,30.0
14,2,69.026566
14,3,77.9365
14,4,82.61717
14,5,85.3093
14,6,86.918144
14,7,87.842125
14,8,88.25266
14,9,88.189285
15,0,0.0
15,1,100.0
15,10,100.0
15,11,100.0
15,12,100.0
15,13,100.0
15,14,100.0
15,15,30.0
15,2,100.0
15,3,100.0
15,4,100.0
15,5,100.0
15,6,100.0
15,7,100.0
15,8,100.0
15,9,100.0
2,0,0.0
2,1,1.2731806
2,10,10.029512
2,11,11.289345
2,12,13.195291
2,13,16.321514
2,14,21.608429
2,15,30.0
2,2,2.5128465
2,3,3.6896436
2,4,4.7816267
2,5,5.777525
2,6,6.6785846
2,7,7.5018163
2,8,8.2838955
2,9,9.089903
3,0,0.0
3,1,1.9492282
3,10,14.606813
3,11,16.027576
3,12,17.967985
3,13,20.769802
3,14,24.78239
3,15,30.0
3,2,3.8434994
3,3,5.634365
3,4,7.2858105
3,5,8.777489
3,6,10.108004
3,7,11.296389
3,8,12.386171
3,9,13.451154
4,0,0.0
4,1,2.6787293
4,10,18.922571
4,11,20.250053
4,12,21.883144
4,13,24.010197
4,14,26.752989
4,15,30.0
4,2,5.2745357
4,3,7.7150164
4,4,9.945735
4,5,11.935513
4,6,13.677212
4,7,15.188982
4,8,16.514145
4,9,17.724134
5,0,0.0
5,1,3.4900205
5,10,23.117594
5,11,24.175495
5,12,25.311703
5,13,26.640549
5,14,28.222305
5,15,30.0
5,2,6.8592997
5,3,10.003263
5,4,12.845432
5,5,15.341204
5,6,17.478144
5,7,19.27177
5,8,20.763102
5,9,22.01615
6,0,0.0
6,1,4.422294
6,10,27.371712
6,11,28.037134
6,12,28.560339
6,13,29.02702
6,14,29.500595
6,15,30.0
6,2,8.6697645
6,3,12.595109
6,4,16.094439
6,5,19.11138
6,6,21.63025
6,7,23.667747
6,8,25.2635
6,9,26.47454
7,0,0.0
7,1,5.5311112
7,10,31.881313
7,11,32.063297
7,12,31.883812
7,13,31.420092
7,14,30.759956
7,15,30.0
7,2,10.806464
7,3,15.619156
7,4,19.835583
7,5,23.392305
7,6,26.28042
7,7,28.525225
7,8,30.171091
7,9,31.270864
8,0,0.0
8,1,6.899581
8,10,36.852417
8,11,36.480515
8,12,35.51642
8,13,34.02703
8,14,32.128426
8,15,30.0
8,2,13.413397
8,3,19.25176
8,4,24.2528
8,5,28.363403
8,6,31.599592
8,7,34.011448
8,8,35.65732
8,9,36.59004
9,0,0.0
9,1,8.659427
9,10,42.49839
9,11,41.52688
9,12,39.704174
9,13,37.06475
9,14,33.737732
9,15,30.0
9,2,16.707493
9,3,23.738941
9,4,29.584183
9,5,34.23806
9,6,37.777878
9,7,40.302563
9,8,41.898315
9,9,42.62217
