0,0,0.0
0,1,0.0
0,10,0.0
0,11,0.0
0,12,0.0
0,13,0.0
0,14,0.0
0,15,30.0
0,2,0.0
0,3,0.0
0,4,0.0
0,5,0.0
0,6,0.0
0,7,0.0
0,8,0.0
0,9,0.0
1,0,0.0
1,1,0.6286935
1,10,5.132738
1,11,5.906575
1,12,7.204017
1,13,9.714075
1,14,15.330637
1,15,30.0
1,2,1.2416242
1,3,1.8249149
1,4,2.3684525
1,5,2.8671803
1,6,3.3227649
1,7,3.7451594
1,8,4.15598
1,9,4.594699
10,0,0.0
10,1,11.042002
10,10,49.06284
10,11,47.48695
10,12,44.760048
10,13,40.826035
10,14,35.776573
10,15,30.0
10,2,21.0406
10,3,29.446262
10,4,36.15129
10,5,41.281578
10,6,45.03455
10,7,47.59259
10,8,49.085083
10,9,49.575863
11,0,0.0
11,1,14.472012
11,10,56.712368
11,11,54.618034
11,12,51.0388
11,13,45.71415
11,14,38.548237
11,15,30.0
11,2,26.974905
11,3,36.866074
11,4,44.30892
11,5,49.72113
11,6,53.507652
11,7,55.97144
11,8,57.297615
11,9,57.557404
12,0,0.0
12,1,19.878834
12,10,65.65461
12,11,63.272034
12,12,59.094078
12,13,52.465176
12,14,42.713547
12,15,30.0
12,2,35.536034
12,3,46.756836
12,4,54.526466
12,5,59.821987
12,6,63.34411
12,7,65.53222
12,8,66.62278
12,9,66.68951
13,0,0.0
13,1,29.513988
13,10,75.98143
13,11,73.754234
13,12,69.626564
13,13,62.357605
13,14,49.85031
13,15,30.0
13,2,48.546978
13,3,60.118412
13,4,67.2439
13,5,71.72715
13,6,74.5499
13,7,76.22887
13,8,77.011505
13,9,76.96276
14,0,0.0
14,1,49.635174
14,10,87.58131
14,11,86.16066
14,12,83.31973
14,13,77.501816
14,14,64.33712
14,15,30.0
14,2,69.029366
14,3,77.94063
14,4,82.622536
14,5,85.31575
14,6,86.92547
14,7,87.85007
14,8,88.26088
14,9,88.1974
15,0,0.0
15,1,100.0
15,10,100.0
15,11,100.0
15,12,100.0
15,13,100.0
15,14,100.0
15,15,30.0
15,2,100.0
15,3,100.0
15,4,100.0
15,5,100.0
15,6,100.0
15,7,100.0
15,8,100.0
15,9,100.0
2,0,0.0
2,1,1.2724826
2,10,10.029999
2,11,11.290092
2,12,13.1960945
2,13,16.322184
2,14,21.608805
2,15,30.0
2,2,2.511554
2,3,3.6879365
2,4,4.7797494
2,5,5.7757225
2,6,6.6770916
2,7,7.500791
2,8,8.283421
2,9,9.089961
3,0,0.0
3,1,1.9484966
3,10,14.608664
3,11,16.029636
3,12,17.969929
3,13,20.771305
3,14,24.783213
3,15,30.0
3,2,3.842166
3,3,5.6326804
3,4,7.284075
3,5,8.776036
3,6,10.107101
3,7,11.296226
3,8,12.386799
3,9,13.452496
4,0,0.0
4,1,2.6782675
4,10,18.926847
4,11,20.254326
4,12,21.886913
4,13,24.013008
4,14,26.75449
4,15,30.0
4,2,5.273765
4,3,7.714196
4,4,9.945212
4,5,11.935608
4,6,13.678205
4,7,15.190999
4,8,16.517168
4,9,17.727962
5,0,0.0
5,1,3.4901414
5,10,23.125315
5,11,24.182817
5,12,25.317957
5,13,26.645107
5,14,28.224712
5,15,30.0
5,2,6.85968
5,3,10.004171
5,4,12.847162
5,5,15.344058
5,6,17.482298
5,7,19.277267
5,8,20.769764
5,9,22.023607
6,0,0.0
6,1,4.423239
6,10,27.38358
6,11,28.048096
6,12,28.569506
6,13,29.033625
6,14,29.504051
6,15,30.0
6,2,8.671783
6,3,12.598402
6,4,16.09926
6,5,19.117905
6,6,21.638548
6,7,23.677677
6,8,25.274715
6,9,26.486464
7,0,0.0
7,1,5.533016
7,10,31.897537
7,11,32.07802
7,12,31.895987
7,13,31.428782
7,14,30.764488
7,15,30.0
7,2,10.810357
7,3,15.625191
7,4,19.843884
7,5,23.402939
7,6,26.293272
7,7,28.539982
7,8,30.187191
7,9,31.287512
8,0,0.0
8,1,6.9024186
8,10,36.872528
8,11,36.49858
8,12,35.53123
8,13,34.03755
8,14,32.13389
8,15,30.0
8,2,13.4191265
8,3,19.260433
8,4,24.26445
8,5,28.37793
8,6,31.616726
8,7,34.030678
8,8,35.67789
8,9,36.61097
9,0,0.0
9,1,8.663019
9,10,42.52128
9,11,41.547283
9,12,39.720825
9,13,37.076523
9,14,33.743835
9,15,30.0
9,2,16.714682
9,3,23.749718
9,4,29.59845
9,5,34.255604
9,6,37.798267
9,7,40.32514
9,8,41.92218
9,9,42.646183
