0,0,0.0
0,1,0.0
0,2,0.0
0,3,0.0
0,4,0.0
0,5,0.0
0,6,0.0
0,7,30.0
1,0,0.0
1,1,2.9706817
1,2,5.597627
1,3,7.7455826
1,4,9.598028
1,5,11.870682
1,6,16.59939
1,7,30.0
2,0,0.0
2,1,6.2852774
2,2,11.674564
2,3,15.787075
2,4,18.776247
2,5,21.28563
2,6,24.527058
2,7,30.0
3,0,0.0
3,1,10.496183
3,2,19.028854
3,3,24.952623
3,4,28.43498
3,5,29.96911
3,6,30.22353
3,7,30.0
4,0,0.0
4,1,16.671003
4,2,28.992765
4,3,36.560482
4,4,40.04284
4,5,39.93302
4,6,36.39835
4,7,30.0
5,0,0.0
5,1,27.195461
5,2,43.711452
5,3,52.254593
5,4,55.243767
5,5,53.322517
5,6,45.43724
5,7,30.0
6,0,0.0
6,1,48.39971
6,2,66.403564
6,3,73.5034
6,4,75.35585
6,5,72.67662
6,6,62.02842
6,7,30.0
7,0,0.0
7,1,100.0
7,2,100.0
7,3,100.0
7,4,100.0
7,5,100.0
7,6,100.0
7,7,30.0
