0,0,0.0
0,1,0.0
0,2,0.0
0,3,0.0
0,4,0.0
0,5,0.0
0,6,0.0
0,7,30.0
1,0,0.0
1,1,2.929085
1,2,5.520101
1,3,7.6425486
1,4,9.488763
1,5,11.7785015
1,6,16.546276
1,7,30.0
2,0,0.0
2,1,6.200306
2,2,11.514548
2,3,15.577937
2,4,18.55523
2,5,21.099733
2,6,24.42104
2,7,30.0
3,0,0.0
3,1,10.370062
3,2,18.795525
3,3,24.647734
3,4,28.115728
3,5,29.703144
3,6,30.071365
3,7,30.0
4,0,0.0
4,1,16.524115
4,2,28.719835
4,3,36.207718
4,4,39.675713
4,5,39.627457
4,6,36.225414
4,7,30.0
5,0,0.0
5,1,27.061644
5,2,43.465168
5,3,51.936676
5,4,54.913967
5,5,53.050354
5,6,45.28238
5,7,30.0
6,0,0.0
6,1,48.31972
6,2,66.25588
6,3,73.31356
6,4,75.159775
6,5,72.51428
6,6,61.936913
6,7,30.0
7,0,0.0
7,1,100.0
7,2,100.0
7,3,100.0
7,4,100.0
7,5,100.0
7,6,100.0
7,7,30.0
