0,0,0.0
0,1,0.0
0,10,0.0
0,11,0.0
0,12,0.0
0,13,0.0
0,14,0.0
0,15,30.0
0,2,0.0
0,3,0.0
0,4,0.0
0,5,0.0
0,6,0.0
0,7,0.0
0,8,0.0
0,9,0.0
1,0,0.0
1,1,0.6303811
1,10,5.153374
1,11,5.925607
1,12,7.219945
1,13,9.72554
1,14,15.336643
1,15,30.0
1,2,1.2451934
1,3,1.8307469
1,4,2.376916
1,5,2.878625
1,6,3.3372502
1,7,3.7624834
1,8,4.175504
1,9,4.6154346
10,0,0.0
10,1,11.094294
10,10,49.337387
10,11,47.728138
10,12,44.954376
10,13,40.962418
10,14,35.846855
10,15,30.0
10,2,21.144108
10,3,29.59853
10,4,36.348473
10,5,41.51783
10,6,45.302082
10,7,47.881348
10,8,49.38303
10,9,49.869408
11,0,0.0
11,1,14.521358
11,10,56.966576
11,11,54.84088
11,12,51.218204
11,13,45.839867
11,14,38.61302
11,15,30.0
11,2,27.072418
11,3,37.009377
11,4,44.494026
11,5,49.94245
11,6,53.7576
11,7,56.240543
11,8,57.574623
11,9,57.82965
12,0,0.0
12,1,19.92077
12,10,65.86779
12,11,63.458763
12,12,59.24419
12,13,52.57035
12,14,42.767693
12,15,30.0
12,2,35.61889
12,3,46.878395
12,4,54.683327
12,5,60.00917
12,6,63.555157
12,7,65.75902
12,8,66.85582
12,9,66.91821
13,0,0.0
13,1,29.544523
13,10,76.135254
13,11,73.88881
13,12,69.73473
13,13,62.43331
13,14,49.889297
13,15,30.0
13,2,48.60725
13,3,60.20681
13,4,67.35781
13,5,71.862976
13,6,74.702835
13,7,76.39303
13,8,77.17999
13,9,77.1279
14,0,0.0
14,1,49.651257
14,10,87.66191
14,11,86.23116
14,12,83.37636
14,13,77.54146
14,14,64.35751
14,15,30.0
14,2,69.06111
14,3,77.98716
14,4,82.68247
14,5,85.38716
14,6,87.00583
14,7,87.93626
14,8,88.34928
14,9,88.28402
15,0,0.0
15,1,100.0
15,10,100.0
15,11,100.0
15,12,100.0
15,13,100.0
15,14,100.0
15,15,30.0
15,2,100.0
15,3,100.0
15,4,100.0
15,5,100.0
15,6,100.0
15,7,100.0
15,8,100.0
15,9,100.0
2,0,0.0
2,1,1.2766981
2,10,10.074223
2,11,11.330654
2,12,13.229864
2,13,16.346437
2,14,21.621475
2,15,30.0
2,2,2.520376
2,3,3.701935
2,4,4.799658
2,5,5.801941
2,6,6.7097015
2,7,7.5390983
2,8,8.326063
2,9,9.13477
3,0,0.0
3,1,1.9567773
3,10,14.681625
3,11,16.09599
3,12,18.024883
3,13,20.810585
3,14,24.8037
3,15,30.0
3,2,3.8591237
3,3,5.6590905
3,4,7.3205495
3,5,8.82301
3,6,10.164111
3,7,11.36199
3,8,12.458786
3,9,13.527172
4,0,0.0
4,1,2.6923857
4,10,19.034367
4,11,20.351368
4,12,21.966745
4,13,24.069878
4,14,26.784052
4,15,30.0
4,2,5.302433
4,3,7.7579126
4,4,10.004515
4,5,12.010237
4,6,13.767128
4,7,15.291678
4,8,16.625761
4,9,17.83918
5,0,0.0
5,1,3.511797
5,10,23.272203
5,11,24.31437
5,12,25.425661
5,13,26.721478
5,14,28.264357
5,15,30.0
5,2,6.903167
5,3,10.069814
5,4,12.934705
5,5,15.45265
5,6,17.609554
5,7,19.419388
5,8,20.921062
5,9,22.176882
6,0,0.0
6,1,4.453417
6,10,27.571606
6,11,28.215565
6,12,28.705894
6,13,29.130093
6,14,29.55399
6,15,30.0
6,2,8.732154
6,3,12.688582
6,4,16.218426
6,5,19.263847
6,6,21.807728
6,7,23.864445
6,8,25.471596
6,9,26.684185
7,0,0.0
7,1,5.5717955
7,10,32.124172
7,11,32.278805
7,12,32.059006
7,13,31.543692
7,14,30.823929
7,15,30.0
7,2,10.887514
7,3,15.739897
7,4,19.994144
7,5,23.585583
7,6,26.50305
7,7,28.769728
7,8,30.42749
7,9,31.527157
8,0,0.0
8,1,6.9485326
8,10,37.12977
8,11,36.72574
8,12,35.714996
8,13,34.16691
8,14,32.200665
8,15,30.0
8,2,13.510729
8,3,19.39589
8,4,24.44108
8,5,28.591177
8,6,31.86021
8,7,34.295616
8,8,35.953384
8,9,36.884315
9,0,0.0
9,1,8.71403
9,10,42.79603
9,11,41.789074
9,12,39.9161
9,13,37.213657
9,14,33.814606
9,15,30.0
9,2,16.815716
9,3,23.898783
9,4,29.791933
9,5,34.488274
9,6,38.06259
9,7,40.611458
9,8,42.218605
9,9,42.93906
