0,0,0.0
0,1,0.0
0,10,0.0
0,11,0.0
0,12,0.0
0,13,0.0
0,14,0.0
0,15,30.0
0,2,0.0
0,3,0.0
0,4,0.0
0,5,0.0
0,6,0.0
0,7,0.0
0,8,0.0
0,9,0.0
1,0,0.0
1,1,0.63558316
1,10,5.1761146
1,11,5.9452267
1,12,7.235531
1,13,9.7363615
1,14,15.342186
1,15,30.0
1,2,1.2553931
1,3,1.845537
1,4,2.3957036
1,5,2.9006405
1,6,3.3615808
1,7,3.788095
1,8,4.20129
1,9,4.6402564
10,0,0.0
10,1,11.119535
10,10,49.446987
10,11,47.822617
10,12,45.0294
10,13,41.014473
10,14,35.873516
10,15,30.0
10,2,21.193573
10,3,29.670235
10,4,36.43949
10,5,41.624413
10,6,45.419758
10,7,48.00511
10,8,49.507515
10,9,49.989136
11,0,0.0
11,1,14.5433655
11,10,57.06208
11,11,54.923214
11,12,51.283566
11,13,45.885227
11,14,38.63625
11,15,30.0
11,2,27.115555
11,3,37.07189
11,4,44.57338
11,5,50.035366
11,6,53.860176
11,7,56.348427
11,8,57.68313
11,9,57.933994
12,0,0.0
12,1,19.938408
12,10,65.94429
12,11,63.524696
12,12,59.296543
12,13,52.60667
12,14,42.786297
12,15,30.0
12,2,35.65345
12,3,46.928497
12,4,54.74691
12,5,60.083614
12,6,63.637344
12,7,65.845436
12,8,66.94273
12,9,67.001785
13,0,0.0
13,1,29.556847
13,10,76.188675
13,11,73.93486
13,12,69.77129
13,13,62.45868
13,14,49.902287
13,15,30.0
13,2,48.631397
13,3,60.24181
13,4,67.40224
13,5,71.914986
13,6,74.76024
13,7,76.453415
13,8,77.2407
13,9,77.18628
14,0,0.0
14,1,49.657593
14,10,87.68938
14,11,86.25484
14,12,83.39516
14,13,77.554504
14,14,64.3642
14,15,30.0
14,2,69.07353
14,3,78.00516
14,4,82.705315
14,5,85.4139
14,6,87.035355
14,7,87.9673
14,8,88.3805
14,9,88.314026
15,0,0.0
15,1,100.0
15,10,100.0
15,11,100.0
15,12,100.0
15,13,100.0
15,14,100.0
15,15,30.0
15,2,100.0
15,3,100.0
15,4,100.0
15,5,100.0
15,6,100.0
15,7,100.0
15,8,100.0
15,9,100.0
2,0,0.0
2,1,1.2869492
2,10,10.119017
2,11,11.369295
2,12,13.260563
2,13,16.36775
2,14,21.632391
2,15,30.0
2,2,2.5404713
2,3,3.7310784
2,4,4.8366714
2,5,5.845318
2,6,6.7576323
2,7,7.5895543
2,8,8.376859
2,9,9.183664
3,0,0.0
3,1,1.9717613
3,10,14.747069
3,11,16.152445
3,12,18.069729
3,13,20.84172
3,14,24.819647
3,15,30.0
3,2,3.8885014
3,3,5.701687
3,4,7.374655
3,5,8.886406
3,6,10.234164
3,7,11.435722
3,8,12.533014
3,9,13.598614
4,0,0.0
4,1,2.7116218
4,10,19.11832
4,11,20.423782
4,12,22.02427
4,13,24.10981
4,14,26.804504
4,15,30.0
4,2,5.34014
4,3,7.812592
4,4,10.073953
4,5,12.0916
4,6,13.857019
4,7,15.3862915
4,8,16.720993
4,9,17.930832
5,0,0.0
5,1,3.5346208
5,10,23.371737
5,11,24.400219
5,12,25.49385
5,13,26.76881
5,14,28.288599
5,15,30.0
5,2,6.9479113
5,3,10.134684
5,4,13.017091
5,5,15.549164
5,6,17.716183
5,7,19.531593
5,8,21.033997
5,9,22.285559
6,0,0.0
6,1,4.4789896
6,10,27.683025
6,11,28.311653
6,12,28.782215
6,13,29.183064
6,14,29.581121
6,15,30.0
6,2,8.78228
6,3,12.76126
6,4,16.310705
6,5,19.371952
6,6,21.927135
6,7,23.990099
6,8,25.59804
6,9,26.805847
7,0,0.0
7,1,5.5991025
7,10,32.243042
7,11,32.381317
7,12,32.14041
7,13,31.600199
7,14,30.852863
7,15,30.0
7,2,10.941044
7,3,15.817495
7,4,20.092676
7,5,23.700989
7,6,26.630518
7,7,28.903828
7,8,30.562431
7,9,31.656975
8,0,0.0
8,1,6.976422
8,10,37.25106
8,11,36.83032
8,12,35.79805
8,13,34.22454
8,14,32.230183
8,15,30.0
8,2,13.565391
8,3,19.475132
8,4,24.541681
8,5,28.709003
8,6,31.990326
8,7,34.432495
8,8,36.091095
8,9,37.016785
9,0,0.0
9,1,8.741241
9,10,42.914276
9,11,41.89103
9,12,39.997044
9,13,37.269836
9,14,33.843372
9,15,30.0
9,2,16.869053
9,3,23.976093
9,4,29.890076
9,5,34.603203
9,6,38.18951
9,7,40.74495
9,8,42.352894
9,9,43.068222
