0,0,0.0
0,1,0.0
0,10,0.0
0,11,0.0
0,12,0.0
0,13,0.0
0,14,0.0
0,15,30.0
0,2,0.0
0,3,0.0
0,4,0.0
0,5,0.0
0,6,0.0
0,7,0.0
0,8,0.0
0,9,0.0
1,0,0.0
1,1,0.63356113
1,10,5.16761
1,11,5.9379206
1,12,7.2297473
1,13,9.732357
1,14,15.3401375
1,15,30.0
1,2,1.2514358
1,3,1.8398142
1,4,2.3884616
1,5,2.8921914
1,6,3.3522906
1,7,3.778367
1,8,4.19155
1,9,4.630928
10,0,0.0
10,1,11.110837
10,10,49.410416
10,11,47.791206
10,12,45.004528
10,13,40.997253
10,14,35.864708
10,15,30.0
10,2,21.176552
10,3,29.645618
10,4,36.40834
10,5,41.588074
10,6,45.379803
10,7,47.96328
10,8,49.465626
10,9,49.94902
11,0,0.0
11,1,14.535875
11,10,57.030594
11,11,54.896156
11,12,51.262154
11,13,45.870388
11,14,38.628666
11,15,30.0
11,2,27.100893
11,3,37.05069
11,4,44.546555
11,5,50.004066
11,6,53.82577
11,7,56.312397
11,8,57.64705
11,9,57.89945
12,0,0.0
12,1,19.932467
12,10,65.9193
12,11,63.503242
12,12,59.27955
12,13,52.59491
12,14,42.780277
12,15,30.0
12,2,35.64182
12,3,46.911682
12,4,54.725624
12,5,60.0588
12,6,63.610046
12,7,65.816864
12,8,66.914116
12,9,66.97439
13,0,0.0
13,1,29.552723
13,10,76.17136
13,11,73.919975
13,12,69.759514
13,13,62.45052
13,14,49.898117
13,15,30.0
13,2,48.623333
13,3,60.230145
13,4,67.38748
13,5,71.897766
13,6,74.74132
13,7,76.433586
13,8,77.220856
13,9,77.167274
14,0,0.0
14,1,49.655483
14,10,87.68051
14,11,86.24722
14,12,83.38912
14,13,77.55032
14,14,64.36206
14,15,30.0
14,2,69.069405
14,3,77.99919
14,4,82.69776
14,5,85.40509
14,6,87.025665
14,7,87.95716
14,8,88.370346
14,9,88.3043
15,0,0.0
15,1,100.0
15,10,100.0
15,11,100.0
15,12,100.0
15,13,100.0
15,14,100.0
15,15,30.0
15,2,100.0
15,3,100.0
15,4,100.0
15,5,100.0
15,6,100.0
15,7,100.0
15,8,100.0
15,9,100.0
2,0,0.0
2,1,1.282988
2,10,10.102355
2,11,11.354983
2,12,13.249231
2,13,16.359903
2,14,21.628378
2,15,30.0
2,2,2.5327187
2,3,3.719867
2,4,4.822484
2,5,5.828766
2,6,6.7394323
2,7,7.5704966
2,8,8.357774
2,9,9.16539
3,0,0.0
3,1,1.9660234
3,10,14.722937
3,11,16.131714
3,12,18.053318
3,13,20.830357
3,14,24.813835
3,15,30.0
3,2,3.877272
3,3,5.685448
3,4,7.3541045
3,5,8.86243
3,6,10.207802
3,7,11.408119
3,8,12.505371
3,9,13.572144
4,0,0.0
4,1,2.7043452
4,10,19.087713
4,11,20.397491
4,12,22.003454
4,13,24.095398
4,14,26.797134
4,15,30.0
4,2,5.3258986
4,3,7.791997
4,4,10.047892
4,5,12.061194
4,6,13.823586
4,7,15.351283
4,8,16.685936
4,9,17.897263
5,0,0.0
5,1,3.5261092
5,10,23.335941
5,11,24.369469
5,12,25.469505
5,13,26.751955
5,14,28.27998
5,15,30.0
5,2,6.9312534
5,3,10.110596
5,4,12.986607
5,5,15.513599
5,6,17.677078
5,7,19.490648
5,8,20.992996
5,9,22.246294
6,0,0.0
6,1,4.4696035
6,10,27.64355
6,11,28.277742
6,12,28.755367
6,13,29.164476
6,14,29.571615
6,15,30.0
6,2,8.76391
6,3,12.734695
6,4,16.277088
6,5,19.332733
6,6,21.884014
6,7,23.944942
6,8,25.552826
6,9,26.76255
7,0,0.0
7,1,5.5892434
7,10,32.201584
7,11,32.3457
7,12,32.112213
7,13,31.580675
7,14,30.84288
7,15,30.0
7,2,10.921749
7,3,15.789592
7,4,20.057367
7,5,23.659794
7,6,26.585224
7,7,28.856401
7,8,30.514938
7,9,31.6115
8,0,0.0
8,1,6.966518
8,10,37.20941
8,11,36.79454
8,12,35.769726
8,13,34.204933
8,14,32.220154
8,15,30.0
8,2,13.546007
8,3,19.447104
8,4,24.506208
8,5,28.667624
8,6,31.944828
8,7,34.384857
8,8,36.04339
8,9,36.971104
9,0,0.0
9,1,8.7317295
9,10,42.874275
9,11,41.856667
9,12,39.96984
9,13,37.251
9,14,33.83374
9,15,30.0
9,2,16.850435
9,3,23.94917
9,4,29.85601
9,5,34.563454
9,6,38.14581
9,7,40.699192
9,8,42.307076
9,9,43.024345
