0,0,0.0
0,1,0.0
0,10,0.0
0,11,0.0
0,12,0.0
0,13,0.0
0,14,0.0
0,15,30.0
0,2,0.0
0,3,0.0
0,4,0.0
0,5,0.0
0,6,0.0
0,7,0.0
0,8,0.0
0,9,0.0
1,0,0.0
1,1,0.7937307
1,10,5.5067863
1,11,6.201111
1,12,7.420417
1,13,9.855271
1,14,15.400269
1,15,30.0
1,2,1.5569516
1,3,2.264258
1,4,2.895783
1,5,3.4440966
1,6,3.9102664
1,7,4.31038
1,8,4.6724014
1,9,5.0448046
10,0,0.0
10,1,10.743928
10,10,46.53576
10,11,45.207054
10,12,42.883427
10,13,39.49174
10,14,35.08254
10,15,30.0
10,2,20.429274
10,3,28.494877
10,4,34.837975
10,5,39.59632
10,6,42.9981
10,7,45.259808
10,8,46.550056
10,9,46.968777
11,0,0.0
11,1,14.114723
11,10,54.121197
11,11,52.296223
11,12,49.141266
11,13,44.368526
11,14,37.850994
11,15,30.0
11,2,26.250563
11,3,35.762844
11,4,42.817863
11,5,47.85244
11,6,51.29539
11,7,53.483856
11,8,54.63697
11,9,54.854362
12,0,0.0
12,1,19.52864
12,10,63.323723
12,11,61.195763
12,12,57.40144
12,13,51.26946
12,14,42.094048
12,15,30.0
12,2,34.83191
12,3,45.693497
12,4,53.107418
12,5,58.06371
12,6,61.2873
12,7,63.24358
12,8,64.19647
12,9,64.24477
13,0,0.0
13,1,29.236717
13,10,74.22292
13,11,72.19098
13,12,68.356445
13,13,61.460663
13,14,49.386642
13,15,30.0
13,2,47.99074
13,3,59.283802
13,4,66.136246
13,5,70.36476
13,6,72.96628
13,7,74.47744
13,8,75.16525
13,9,75.109955
14,0,0.0
14,1,49.48219
14,10,86.6355
14,11,85.32201
14,12,82.63844
14,13,77.02168
14,14,64.08872
14,15,30.0
14,2,68.72337
14,3,77.482285
14,4,82.01669
14,5,84.572815
14,6,86.06507
14,7,86.901596
14,8,87.26362
14,9,87.19961
15,0,0.0
15,1,100.0
15,10,100.0
15,11,100.0
15,12,100.0
15,13,100.0
15,14,100.0
15,15,30.0
15,2,100.0
15,3,100.0
15,4,100.0
15,5,100.0
15,6,100.0
15,7,100.0
15,8,100.0
15,9,100.0
2,0,0.0
2,1,1.5756543
2,10,10.681365
2,11,11.797748
2,12,13.5646305
2,13,16.560942
2,14,21.725582
2,15,30.0
2,2,3.091026
2,3,4.4919815
2,4,5.743009
2,5,6.823197
2,6,7.738816
2,7,8.51399
2,8,9.201801
2,9,9.882491
3,0,0.0
3,1,2.3414426
3,10,15.361872
3,11,16.60104
3,12,18.374954
3,13,21.027292
3,14,24.906853
3,15,30.0
3,2,4.589746
3,3,6.667006
3,4,8.512697
3,5,10.101856
3,6,11.433411
3,7,12.5445175
3,8,13.497414
3,9,14.390874
4,0,0.0
4,1,3.0969646
4,10,19.557594
4,11,20.701675
4,12,22.180122
4,13,24.186071
4,14,26.833237
4,15,30.0
4,2,6.068098
4,3,8.801705
4,4,11.223305
4,5,13.2888365
4,6,15.003042
4,7,16.399818
4,8,17.55293
4,9,18.562023
5,0,0.0
5,1,3.8682942
5,10,23.404299
5,11,24.311201
5,12,25.350048
5,13,26.631186
5,14,28.20691
5,15,30.0
5,2,7.5687175
5,3,10.96149
5,4,13.942121
5,5,16.464857
5,6,18.523354
5,7,20.162224
5,8,21.452477
5,9,22.494028
6,0,0.0
6,1,4.6997423
6,10,27.116497
6,11,27.698238
6,12,28.21446
6,13,28.749485
6,14,29.346184
6,15,30.0
6,2,9.181244
6,3,13.258291
6,4,16.810534
6,5,19.77407
6,6,22.153751
6,7,23.991632
6,8,25.367317
6,9,26.374922
7,0,0.0
7,1,5.666112
7,10,30.969795
7,11,31.153305
7,12,31.084251
7,13,30.824991
7,14,30.443476
7,15,30.0
7,2,11.035952
7,3,15.874536
7,4,20.028091
7,5,23.440521
7,6,26.118168
7,7,28.123554
7,8,29.539082
7,9,30.45759
8,0,0.0
8,1,6.8728523
8,10,35.270634
8,11,34.99701
8,12,34.26057
8,13,33.117687
8,14,31.650219
8,15,30.0
8,2,13.328652
8,3,19.05085
8,4,23.871803
8,5,27.741356
8,6,30.703783
8,7,32.841972
8,8,34.2575
8,9,35.043205
9,0,0.0
9,1,8.481535
9,10,40.352085
9,11,39.561504
9,12,38.072666
9,13,35.895065
9,14,33.127975
9,15,30.0
9,2,16.32683
9,3,23.116499
9,4,28.673798
9,5,33.00966
9,6,36.22431
9,7,38.456364
9,8,39.832047
9,9,40.44548
