0,0,0.0
0,1,0.0
0,10,0.0
0,11,0.0
0,12,0.0
0,13,0.0
0,14,0.0
0,15,30.0
0,2,0.0
0,3,0.0
0,4,0.0
0,5,0.0
0,6,0.0
0,7,0.0
0,8,0.0
0,9,0.0
1,0,0.0
1,1,0.6356548
1,10,5.1764135
1,11,5.945483
1,12,7.235734
1,13,9.736502
1,14,15.342257
1,15,30.0
1,2,1.2555332
1,3,1.8457395
1,4,2.3959599
1,5,2.900939
1,6,3.3619087
1,7,3.7884374
1,8,4.2016335
1,9,4.640584
10,0,0.0
10,1,11.119834
10,10,49.448235
10,11,47.82369
10,12,45.030243
10,13,41.01506
10,14,35.87381
10,15,30.0
10,2,21.194159
10,3,29.671078
10,4,36.44056
10,5,41.625656
10,6,45.421124
10,7,48.006546
10,8,49.50895
10,9,49.990498
11,0,0.0
11,1,14.543623
11,10,57.063152
11,11,54.924126
11,12,51.284294
11,13,45.88572
11,14,38.636505
11,15,30.0
11,2,27.116056
11,3,37.072617
11,4,44.5743
11,5,50.036434
11,6,53.86136
11,7,56.349655
11,8,57.684353
11,9,57.935165
12,0,0.0
12,1,19.938612
12,10,65.94513
12,11,63.525425
12,12,59.297108
12,13,52.60707
12,14,42.7865
12,15,30.0
12,2,35.653854
12,3,46.92907
12,4,54.74764
12,5,60.084465
12,6,63.638275
12,7,65.84641
12,8,66.9437
12,9,67.00272
13,0,0.0
13,1,29.556986
13,10,76.18926
13,11,73.93536
13,12,69.7717
13,13,62.458954
13,14,49.902428
13,15,30.0
13,2,48.631676
13,3,60.24221
13,4,67.40274
13,5,71.91557
13,6,74.760895
13,7,76.45408
13,8,77.24138
13,9,77.18692
14,0,0.0
14,1,49.65766
14,10,87.689674
14,11,86.2551
14,12,83.395355
14,13,77.55464
14,14,64.364265
14,15,30.0
14,2,69.07367
14,3,78.005356
14,4,82.705574
14,5,85.4142
14,6,87.03568
14,7,87.96764
14,8,88.38084
14,9,88.314354
15,0,0.0
15,1,100.0
15,10,100.0
15,11,100.0
15,12,100.0
15,13,100.0
15,14,100.0
15,15,30.0
15,2,100.0
15,3,100.0
15,4,100.0
15,5,100.0
15,6,100.0
15,7,100.0
15,8,100.0
15,9,100.0
2,0,0.0
2,1,1.2870893
2,10,10.119601
2,11,11.369797
2,12,13.260959
2,13,16.368025
2,14,21.63253
2,15,30.0
2,2,2.5407455
2,3,3.7314749
2,4,4.8371725
2,5,5.8459015
2,6,6.7582736
2,7,7.590225
2,8,8.377528
2,9,9.184306
3,0,0.0
3,1,1.9719638
3,10,14.747914
3,11,16.153168
3,12,18.070303
3,13,20.842115
3,14,24.819849
3,15,30.0
3,2,3.8888974
3,3,5.70226
3,4,7.375379
3,5,8.887249
3,6,10.23509
3,7,11.436691
3,8,12.533983
3,9,13.59954
4,0,0.0
4,1,2.7118778
4,10,19.119387
4,11,20.424698
4,12,22.02499
4,13,24.11031
4,14,26.80476
4,15,30.0
4,2,5.3406405
4,3,7.813316
4,4,10.074868
4,5,12.092667
4,6,13.858191
4,7,15.387516
4,8,16.722216
4,9,17.932003
5,0,0.0
5,1,3.5349188
5,10,23.372982
5,11,24.401287
5,12,25.494694
5,13,26.769392
5,14,28.288897
5,15,30.0
5,2,6.948496
5,3,10.135529
5,4,13.018158
5,5,15.550407
5,6,17.717548
5,7,19.53302
5,8,21.035427
5,9,22.286922
6,0,0.0
6,1,4.479317
6,10,27.68439
6,11,28.312828
6,12,28.783136
6,13,29.183704
6,14,29.581446
6,15,30.0
6,2,8.782921
6,3,12.762186
6,4,16.311876
6,5,19.373318
6,6,21.928635
6,7,23.991665
6,8,25.599607
6,9,26.807348
7,0,0.0
7,1,5.5994453
7,10,32.244473
7,11,32.382538
7,12,32.14138
7,13,31.600864
7,14,30.853207
7,15,30.0
7,2,10.941714
7,3,15.818464
7,4,20.093903
7,5,23.70242
7,6,26.632086
7,7,28.905468
7,8,30.564072
7,9,31.65854
8,0,0.0
8,1,6.9767647
8,10,37.252487
8,11,36.831547
8,12,35.799015
8,13,34.225216
8,14,32.230526
8,15,30.0
8,2,13.566061
8,3,19.4761
8,4,24.542908
8,5,28.710432
8,6,31.991898
8,7,34.434135
8,8,36.092735
8,9,37.018353
9,0,0.0
9,1,8.741569
9,10,42.91564
9,11,41.892197
9,12,39.997974
9,13,37.270477
9,14,33.8437
9,15,30.0
9,2,16.869694
9,3,23.97702
9,4,29.89125
9,5,34.604572
9,6,38.191013
9,7,40.74652
9,8,42.35446
9,9,43.06972
