0,0,0.0
0,1,0.0
0,10,0.0
0,11,0.0
0,12,0.0
0,13,0.0
0,14,0.0
0,15,0.0
0,16,0.0
0,17,0.0
0,18,0.0
0,19,0.0
0,2,0.0
0,20,0.0
0,21,0.0
0,22,0.0
0,23,0.0
0,24,0.0
0,25,0.0
0,26,0.0
0,27,0.0
0,28,0.0
0,29,30.0
0,3,0.0
0,4,0.0
0,5,0.0
0,6,0.0
0,7,0.0
0,8,0.0
0,9,0.0
1,0,0.0
1,1,0.39999324
1,10,2.9621835
1,11,3.0898871
1,12,3.192382
1,13,3.2741575
1,14,3.3395967
1,15,3.3935957
1,16,3.4411287
1,17,3.4877422
1,18,3.539867
1,19,3.6054165
1,2,0.7916564
1,20,3.69518
1,21,3.8243606
1,22,4.016577
1,23,4.3100185
1,24,4.7724085
1,25,5.5336556
1,26,6.8729444
1,27,9.468051
1,28,15.199884
1,29,30.0
1,3,1.1673408
1,4,1.5200391
1,5,1.8445485
1,6,2.136659
1,7,2.3944921
1,8,2.6170988
1,9,2.8057282
10,0,0.0
10,1,2.9600334
10,10,21.896446
10,11,22.830463
10,12,23.574574
10,13,24.15675
10,14,24.606884
10,15,24.952965
10,16,25.221962
10,17,25.438381
10,18,25.624556
10,19,25.801155
10,2,5.858713
10,20,25.986553
10,21,26.19845
10,22,26.451986
10,23,26.76147
10,24,27.137066
10,25,27.585838
10,26,28.107628
10,27,28.695688
10,28,29.334068
10,29,30.0
10,3,8.637881
10,4,11.24776
10,5,13.646818
10,6,15.807242
10,7,17.711231
10,8,19.355515
10,9,20.7451
11,0,0.0
11,1,3.0862215
11,10,22.825651
11,11,23.798676
11,12,24.57236
11,13,25.177147
11,14,25.642607
11,15,25.998192
11,16,26.270706
11,17,26.484743
11,18,26.662235
11,19,26.822342
11,2,6.108154
11,20,26.982449
11,21,27.157146
11,22,27.359882
11,23,27.600824
11,24,27.888407
11,25,28.226347
11,26,28.614845
11,27,29.047913
11,28,29.514883
11,29,30.0
11,3,9.006004
11,4,11.726471
11,5,14.228056
11,6,16.4796
11,7,18.464897
11,8,20.178059
11,9,21.626717
12,0,0.0
12,1,3.186219
12,10,23.562672
12,11,24.565687
12,12,25.363213
12,13,25.985111
12,14,26.462614
12,15,26.82491
12,16,27.099424
12,17,27.310493
12,18,27.479427
12,19,27.624863
12,2,6.306296
12,20,27.762295
12,21,27.9054
12,22,28.064774
12,23,28.249546
12,24,28.465317
12,25,28.715656
12,26,28.999842
12,27,29.314249
12,28,29.651056
12,29,30.0
12,3,9.297724
12,4,12.106654
12,5,14.688654
12,6,17.013405
12,7,19.062117
12,8,20.830826
12,9,22.325272
13,0,0.0
13,1,3.2639947
13,10,24.134272
13,11,25.161072
13,12,25.976383
13,13,26.61173
13,14,27.097961
13,15,27.465187
13,16,27.740604
13,17,27.948524
13,18,28.109966
13,19,28.242535
13,2,6.4599943
13,20,28.36124
13,21,28.477879
13,22,28.602451
13,23,28.74189
13,24,28.901575
13,25,29.083662
13,26,29.28846
13,27,29.513031
13,28,29.752563
13,29,30.0
13,3,9.52458
13,4,12.401562
13,5,15.046735
13,6,17.427467
13,7,19.526224
13,8,21.337143
13,9,22.867859
14,0,0.0
14,1,3.3230462
14,10,24.568762
14,11,25.612997
14,12,26.442125
14,13,27.087175
14,14,27.58004
14,15,27.950562
14,16,28.226295
14,17,28.431347
14,18,28.586304
14,19,28.708506
14,2,6.5770226
14,20,28.811817
14,21,28.907696
14,22,29.00457
14,23,29.109192
14,24,29.225567
14,25,29.356285
14,26,29.501362
14,27,29.659449
14,28,29.827118
14,29,30.0
14,3,9.696822
14,4,12.626053
14,5,15.318609
14,6,17.742544
14,7,19.87859
14,8,21.722233
14,9,23.279778
15,0,0.0
15,1,3.3670664
15,10,24.891586
15,11,25.949137
15,12,26.788094
15,13,27.440502
15,14,27.937946
15,15,28.31082
15,16,28.586487
15,17,28.789017
15,18,28.938837
15,19,29.05267
15,2,6.663988
15,20,29.144186
15,21,29.223804
15,22,29.299828
15,23,29.377882
15,24,29.462154
15,25,29.554592
15,26,29.656029
15,27,29.765476
15,28,29.881111
15,29,30.0
15,3,9.825197
15,4,12.792875
15,5,15.521172
15,6,17.97668
15,7,20.141003
15,8,22.008385
15,9,23.586369
16,0,0.0
16,1,3.3990808
16,10,25.126698
16,11,26.19355
16,12,27.039858
16,13,27.69733
16,14,28.198143
16,15,28.572506
16,16,28.84797
16,17,29.048481
16,18,29.194216
16,19,29.301775
16,2,6.7274446
16,20,29.384209
16,21,29.45185
16,22,29.512184
16,23,29.57091
16,24,29.631536
16,25,29.696436
16,26,29.7663
16,27,29.841059
16,28,29.919502
16,29,30.0
16,3,9.91856
16,4,12.914568
16,5,15.668489
16,6,18.147402
16,7,20.33184
16,8,22.216919
16,9,23.809322
17,0,0.0
17,1,3.421948
17,10,25.294006
17,11,26.367697
17,12,27.218992
17,13,27.880167
17,14,28.383202
17,15,28.758595
17,16,29.033787
17,17,29.232698
17,18,29.37542
17,19,29.478233
17,2,6.772607
17,20,29.554127
17,21,29.612898
17,22,29.66205
17,23,29.706726
17,24,29.75065
17,25,29.795872
17,26,29.843597
17,27,29.893898
17,28,29.946365
17,29,30.0
17,3,9.985234
17,4,13.001177
17,5,15.773653
17,6,18.268902
17,7,20.468002
17,8,22.36533
17,9,23.9683
18,0,0.0
18,1,3.4378736
18,10,25.410717
18,11,26.48896
18,12,27.34385
18,13,28.007452
18,14,28.512066
18,15,28.888079
18,16,29.163021
18,17,29.360756
18,18,29.501236
18,19,29.600704
18,2,6.8041773
18,20,29.671833
18,21,29.724419
18,22,29.765566
18,23,29.800518
18,24,29.83267
18,25,29.86435
18,26,29.896679
18,27,29.930206
18,28,29.964783
18,29,30.0
18,3,10.031668
18,4,13.061701
18,5,15.846891
18,6,18.353771
18,7,20.562824
18,8,22.468927
18,9,24.079006
19,0,0.0
19,1,3.4487696
19,10,25.49024
19,11,26.571701
19,12,27.428915
19,13,28.094229
19,14,28.599836
19,15,28.976265
19,16,29.250996
19,17,29.447857
19,18,29.586788
19,19,29.68386
19,2,6.8256907
19,20,29.751743
19,21,29.79997
19,22,29.835695
19,23,29.863894
19,24,29.888111
19,25,29.910507
19,26,29.932486
19,27,29.954638
19,28,29.977192
19,29,30.0
19,3,10.06343
19,4,13.102943
19,5,15.896969
19,6,18.411598
19,7,20.627625
19,8,22.539518
19,9,24.154608
2,0,0.0
2,1,0.7916529
2,10,5.86282
2,11,6.1151896
2,12,6.318082
2,13,6.4794707
2,14,6.608641
2,15,6.714693
2,16,6.8075695
2,17,6.8978558
2,18,6.9976726
2,19,7.12204
2,2,1.5669856
2,20,7.2902966
2,21,7.5299726
2,22,7.8810263
2,23,8.406257
2,24,9.207107
2,25,10.45763
2,26,12.465593
2,27,15.782965
2,28,21.323112
2,29,30.0
2,3,2.3103602
2,4,3.0087004
2,5,3.6506634
2,6,4.2291474
2,7,4.7390795
2,8,5.179985
2,9,5.5529366
20,0,0.0
20,1,3.456034
20,10,25.543354
20,11,26.626862
20,12,27.485682
20,13,28.15207
20,14,28.658356
20,15,29.035023
20,16,29.309586
20,17,29.505856
20,18,29.643692
20,19,29.73917
20,2,6.8400936
20,20,29.804802
20,21,29.850147
20,22,29.882164
20,23,29.905909
20,24,29.924765
20,25,29.941051
20,26,29.956118
20,27,29.970781
20,28,29.98537
20,29,30.0
20,3,10.084605
20,4,13.130546
20,5,15.930351
20,6,18.450281
20,7,20.670822
20,8,22.586704
20,9,24.205004
21,0,0.0
21,1,3.460793
21,10,25.577991
21,11,26.66289
21,12,27.522701
21,13,28.189816
21,14,28.696512
21,15,29.073334
21,16,29.347775
21,17,29.543629
21,18,29.680756
21,19,29.775145
21,2,6.8494864
21,20,29.839323
21,21,29.882729
21,22,29.912357
21,23,29.93314
21,24,29.948545
21,25,29.960814
21,26,29.971426
21,27,29.981215
21,28,29.990667
21,29,30.0
21,3,10.0984745
21,4,13.148546
21,5,15.9522085
21,6,18.475506
21,7,20.699085
21,8,22.617476
21,9,24.237953
22,0,0.0
22,1,3.4638293
22,10,25.600136
22,11,26.685873
22,12,27.546347
22,13,28.213892
22,14,28.720863
22,15,29.097767
22,16,29.37212
22,17,29.567709
22,18,29.704357
22,19,29.798063
22,2,6.8555074
22,20,29.861277
22,21,29.903463
22,22,29.931528
22,23,29.95045
22,24,29.963625
22,25,29.973362
22,26,29.981123
22,27,29.987833
22,28,29.994019
22,29,30.0
22,3,10.107323
22,4,13.160081
22,5,15.966151
22,6,18.491661
22,7,20.717113
22,8,22.637167
22,9,24.25897
23,0,0.0
23,1,3.4657335
23,10,25.61395
23,11,26.70024
23,12,27.5611
23,13,28.228931
23,14,28.736053
23,15,29.113014
23,16,29.387306
23,17,29.582718
23,18,29.719074
23,19,29.812332
23,2,6.8592634
23,20,29.874958
23,21,29.916355
23,22,29.943466
23,23,29.9612
23,24,29.973001
23,25,29.98115
23,26,29.987148
23,27,29.991936
23,28,29.996101
23,29,30.0
23,3,10.11287
23,4,13.167276
23,5,15.974886
23,6,18.50174
23,7,20.728401
23,8,22.649452
23,9,24.27212
24,0,0.0
24,1,3.4668949
24,10,25.622402
24,11,26.709003
24,12,27.570114
24,13,28.238104
24,14,28.745329
24,15,29.122314
24,16,29.396572
24,17,29.591875
24,18,29.728043
24,19,29.821033
24,2,6.8615685
24,20,29.883286
24,21,29.924217
24,22,29.950724
24,23,29.96775
24,24,29.978703
24,25,29.985886
24,26,29.990808
24,27,29.994432
24,28,29.997364
24,29,30.0
24,3,10.116255
24,4,13.171688
24,5,15.980218
24,6,18.507914
24,7,20.73529
24,8,22.65697
24,9,24.28014
25,0,0.0
25,1,3.4675922
25,10,25.627441
25,11,26.714245
25,12,27.57549
25,13,28.243586
25,14,28.750862
25,15,29.127867
25,16,29.402096
25,17,29.597336
25,18,29.733393
25,19,29.826218
25,2,6.8629427
25,20,29.888252
25,21,29.928892
25,22,29.955051
25,23,29.971645
25,24,29.982094
25,25,29.9887
25,26,29.992985
25,27,29.995914
25,28,29.998116
25,29,30.0
25,3,10.118285
25,4,13.17432
25,5,15.983414
25,6,18.511599
25,7,20.739414
25,8,22.661457
25,9,24.284939
26,0,0.0
26,1,3.4679987
26,10,25.63039
26,11,26.7173
26,12,27.578636
26,13,28.24678
26,14,28.754093
26,15,29.131102
26,16,29.405323
26,17,29.600521
26,18,29.736511
26,19,29.829243
26,2,6.8637495
26,20,29.891144
26,21,29.931622
26,22,29.95757
26,23,29.973913
26,24,29.984068
26,25,29.990341
26,26,29.994251
26,27,29.996777
26,28,29.998554
26,29,30.0
26,3,10.11947
26,4,13.175864
26,5,15.985278
26,6,18.513756
26,7,20.741825
26,8,22.664083
26,9,24.287743
27,0,0.0
27,1,3.4682322
27,10,25.632072
27,11,26.719048
27,12,27.580427
27,13,28.248608
27,14,28.755934
27,15,29.132952
27,16,29.40716
27,17,29.602337
27,18,29.73829
27,19,29.830967
27,2,6.8642097
27,20,29.892796
27,21,29.933174
27,22,29.959003
27,23,29.975204
27,24,29.985195
27,25,29.991276
27,26,29.994972
27,27,29.997269
27,28,29.9988
27,29,30.0
27,3,10.120149
27,4,13.176744
27,5,15.986347
27,6,18.514988
27,7,20.7432
27,8,22.665583
27,9,24.289345
28,0,0.0
28,1,3.4683623
28,10,25.633013
28,11,26.72002
28,12,27.581429
28,13,28.249624
28,14,28.756964
28,15,29.133982
28,16,29.408186
28,17,29.603352
28,18,29.739283
28,19,29.831926
28,2,6.8644676
28,20,29.893715
28,21,29.934042
28,22,29.959806
28,23,29.975925
28,24,29.98582
28,25,29.991795
28,26,29.995375
28,27,29.997541
28,28,29.99894
28,29,30.0
28,3,10.120527
28,4,13.177238
28,5,15.986942
28,6,18.515676
28,7,20.743969
28,8,22.66642
28,9,24.290237
29,0,0.0
29,1,3.4684334
29,10,25.633524
29,11,26.720554
29,12,27.581976
29,13,28.250181
29,14,28.757523
29,15,29.134546
29,16,29.408745
29,17,29.603903
29,18,29.739822
29,19,29.83245
29,2,6.8646083
29,20,29.894215
29,21,29.934513
29,22,29.960241
29,23,29.976318
29,24,29.986162
29,25,29.992079
29,26,29.995592
29,27,29.997692
29,28,29.999016
29,29,30.0
29,3,10.120734
29,4,13.177507
29,5,15.987268
29,6,18.516052
29,7,20.744389
29,8,22.666878
29,9,24.290728
3,0,0.0
3,1,1.1673257
3,10,8.643618
3,11,9.015804
3,12,9.314198
3,13,9.551706
3,14,9.7408905
3,15,9.895604
3,16,10.029687
3,17,10.158197
3,18,10.29801
3,19,10.468996
3,2,2.310341
3,20,10.696892
3,21,11.015518
3,22,11.473259
3,23,12.139267
3,24,13.117439
3,25,14.562259
3,26,16.701841
3,27,19.842957
3,28,24.293545
3,29,30.0
3,3,3.4066958
3,4,4.4359684
3,5,5.382926
3,6,6.2353277
3,7,6.987632
3,8,7.6371155
3,9,8.187347
30,0,0.0
30,1,3.4684715
30,10,25.633799
30,11,26.720839
30,12,27.582264
30,13,28.250479
30,14,28.757824
30,15,29.134842
30,16,29.409042
30,17,29.604195
30,18,29.74011
30,19,29.83273
30,2,6.864683
30,20,29.894482
30,21,29.934765
30,22,29.960474
30,23,29.976526
30,24,29.986343
30,25,29.992228
30,26,29.99571
30,27,29.99777
30,28,29.999058
30,29,30.0
30,3,10.120846
30,4,13.17765
30,5,15.987442
30,6,18.516254
30,7,20.744614
30,8,22.667122
30,9,24.290989
31,0,0.0
31,1,3.4684916
31,10,25.633942
31,11,26.720985
31,12,27.58242
31,13,28.25063
31,14,28.75798
31,15,29.135
31,16,29.409197
31,17,29.60435
31,18,29.740261
31,19,29.832874
31,2,6.864723
31,20,29.89462
31,21,29.934896
31,22,29.960592
31,23,29.976635
31,24,29.986439
31,25,29.99231
31,26,29.99577
31,27,29.997814
31,28,29.999077
31,29,30.0
31,3,10.120903
31,4,13.177727
31,5,15.987534
31,6,18.516361
31,7,20.744732
31,8,22.667248
31,9,24.291122
32,0,0.0
32,1,3.4685016
32,10,25.634014
32,11,26.721062
32,12,27.58249
32,13,28.25071
32,14,28.758057
32,15,29.135078
32,16,29.409279
32,17,29.604425
32,18,29.740335
32,19,29.832947
32,2,6.8647428
32,20,29.894691
32,21,29.93496
32,22,29.960655
32,23,29.97669
32,24,29.986488
32,25,29.992348
32,26,29.995804
32,27,29.997833
32,28,29.999088
32,29,30.0
32,3,10.120934
32,4,13.177765
32,5,15.987581
32,6,18.516415
32,7,20.744793
32,8,22.667313
32,9,24.291193
33,0,0.0
33,1,3.4685068
33,10,25.634048
33,11,26.721098
33,12,27.582533
33,13,28.250748
33,14,28.758095
33,15,29.135117
33,16,29.409313
33,17,29.604465
33,18,29.740372
33,19,29.832985
33,2,6.8647532
33,20,29.894726
33,21,29.934996
33,22,29.960682
33,23,29.976719
33,24,29.98651
33,25,29.99237
33,26,29.995815
33,27,29.997845
33,28,29.999092
33,29,30.0
33,3,10.120948
33,4,13.177784
33,5,15.987602
33,6,18.516441
33,7,20.744822
33,8,22.667345
33,9,24.291227
34,0,0.0
34,1,3.4685092
34,10,25.63407
34,11,26.721115
34,12,27.58255
34,13,28.250767
34,14,28.758114
34,15,29.135136
34,16,29.409332
34,17,29.60448
34,18,29.74039
34,19,29.833
34,2,6.864758
34,20,29.894745
34,21,29.935009
34,22,29.960701
34,23,29.97673
34,24,29.986523
34,25,29.992378
34,26,29.995825
34,27,29.997849
34,28,29.999096
34,29,30.0
34,3,10.120955
34,4,13.177792
34,5,15.987615
34,6,18.516453
34,7,20.744835
34,8,22.667362
34,9,24.291243
35,0,0.0
35,1,3.4685104
35,10,25.634077
35,11,26.721125
35,12,27.582561
35,13,28.250774
35,14,28.758125
35,15,29.135143
35,16,29.409342
35,17,29.604492
35,18,29.740398
35,19,29.833012
35,2,6.8647604
35,20,29.894749
35,21,29.93502
35,22,29.960707
35,23,29.97674
35,24,29.986526
35,25,29.992384
35,26,29.995827
35,27,29.997852
35,28,29.999096
35,29,30.0
35,3,10.120958
35,4,13.177797
35,5,15.9876175
35,6,18.516459
35,7,20.744843
35,8,22.66737
35,9,24.29125
36,0,0.0
36,1,3.4685109
36,10,25.634079
36,11,26.721128
36,12,27.582561
36,13,28.250782
36,14,28.75813
36,15,29.13515
36,16,29.409346
36,17,29.604496
36,18,29.740404
36,19,29.833014
36,2,6.8647614
36,20,29.894756
36,21,29.93502
36,22,29.96071
36,23,29.976742
36,24,29.98653
36,25,29.992384
36,26,29.99583
36,27,29.997852
36,28,29.999098
36,29,30.0
36,3,10.12096
36,4,13.177799
36,5,15.987621
36,6,18.516462
36,7,20.744846
36,8,22.667374
36,9,24.291256
37,0,0.0
37,1,3.468511
37,10,25.634083
37,11,26.72113
37,12,27.582565
37,13,28.250782
37,14,28.758133
37,15,29.13515
37,16,29.40935
37,17,29.604496
37,18,29.740406
37,19,29.833017
37,2,6.8647614
37,20,29.894754
37,21,29.935024
37,22,29.96071
37,23,29.976742
37,24,29.986532
37,25,29.992384
37,26,29.995832
37,27,29.997854
37,28,29.999098
37,29,30.0
37,3,10.12096
37,4,13.177799
37,5,15.987623
37,6,18.516462
37,7,20.744848
37,8,22.667374
37,9,24.29126
38,0,0.0
38,1,3.4685113
38,10,25.634083
38,11,26.72113
38,12,27.582567
38,13,28.250782
38,14,28.758133
38,15,29.13515
38,16,29.409351
38,17,29.604498
38,18,29.740406
38,19,29.833015
38,2,6.8647614
38,20,29.894758
38,21,29.935022
38,22,29.960712
38,23,29.976742
38,24,29.98653
38,25,29.992388
38,26,29.99583
38,27,29.997854
38,28,29.999098
38,29,30.0
38,3,10.12096
38,4,13.177801
38,5,15.987622
38,6,18.516464
38,7,20.744846
38,8,22.667376
38,9,24.29126
39,0,0.0
39,1,3.4685113
39,10,25.634083
39,11,26.721134
39,12,27.582565
39,13,28.250782
39,14,28.758133
39,15,29.135155
39,16,29.40935
39,17,29.6045
39,18,29.740406
39,19,29.83302
39,2,6.864762
39,20,29.894756
39,21,29.935026
39,22,29.96071
39,23,29.976742
39,24,29.986532
39,25,29.992386
39,26,29.995832
39,27,29.997852
39,28,29.999098
39,29,30.0
39,3,10.120961
39,4,13.1778
39,5,15.987623
39,6,18.51646
39,7,20.744848
39,8,22.667376
39,9,24.291256
4,0,0.0
4,1,1.5199975
4,10,11.254629
4,11,11.738296
4,12,12.126478
4,13,12.434267
4,14,12.678976
4,15,12.877365
4,16,13.0472975
4,17,13.207146
4,18,13.37698
4,19,13.580263
4,2,3.0086322
4,20,13.845003
4,21,14.207933
4,22,14.716568
4,23,15.436268
4,24,16.453823
4,25,17.884754
4,26,19.868979
4,27,22.54816
4,28,25.984993
4,29,30.0
4,3,4.4359055
4,4,5.7766356
4,5,7.009118
4,6,8.119611
4,7,9.098467
4,8,9.944653
4,9,10.660299
40,0,0.0
40,1,3.468511
40,10,25.634083
40,11,26.72113
40,12,27.58257
40,13,28.250782
40,14,28.758133
40,15,29.135153
40,16,29.409351
40,17,29.6045
40,18,29.74041
40,19,29.833015
40,2,6.864762
40,20,29.894758
40,21,29.93502
40,22,29.960712
40,23,29.976742
40,24,29.986528
40,25,29.992386
40,26,29.995829
40,27,29.997854
40,28,29.999098
40,29,30.0
40,3,10.12096
40,4,13.177801
40,5,15.987621
40,6,18.516464
40,7,20.744846
40,8,22.667376
40,9,24.291256
41,0,0.0
41,1,3.468511
41,10,25.634079
41,11,26.721134
41,12,27.582565
41,13,28.250786
41,14,28.75813
41,15,29.135157
41,16,29.40935
41,17,29.604502
41,18,29.740406
41,19,29.83302
41,2,6.8647614
41,20,29.894756
41,21,29.935024
41,22,29.960709
41,23,29.976742
41,24,29.98653
41,25,29.992382
41,26,29.99583
41,27,29.997852
41,28,29.999096
41,29,30.0
41,3,10.12096
41,4,13.177799
41,5,15.987623
41,6,18.51646
41,7,20.744848
41,8,22.667372
41,9,24.291258
42,0,0.0
42,1,3.468511
42,10,25.63408
42,11,26.72113
42,12,27.58257
42,13,28.250782
42,14,28.758133
42,15,29.13515
42,16,29.409351
42,17,29.604498
42,18,29.74041
42,19,29.833015
42,2,6.864762
42,20,29.894758
42,21,29.93502
42,22,29.960712
42,23,29.976742
42,24,29.986528
42,25,29.992384
42,26,29.995829
42,27,29.997852
42,28,29.999098
42,29,30.0
42,3,10.12096
42,4,13.177801
42,5,15.987621
42,6,18.516462
42,7,20.744843
42,8,22.667376
42,9,24.291252
43,0,0.0
43,1,3.468511
43,10,25.634079
43,11,26.72113
43,12,27.582565
43,13,28.250782
43,14,28.75813
43,15,29.135155
43,16,29.40935
43,17,29.6045
43,18,29.740406
43,19,29.83302
43,2,6.8647614
43,20,29.894756
43,21,29.935026
43,22,29.96071
43,23,29.976744
43,24,29.986528
43,25,29.992384
43,26,29.995829
43,27,29.997852
43,28,29.999096
43,29,30.0
43,3,10.12096
43,4,13.177799
43,5,15.987622
43,6,18.51646
43,7,20.744846
43,8,22.66737
43,9,24.291256
44,0,0.0
44,1,3.468511
44,10,25.634079
44,11,26.721128
44,12,27.582567
44,13,28.250782
44,14,28.758133
44,15,29.13515
44,16,29.40935
44,17,29.604496
44,18,29.74041
44,19,29.833015
44,2,6.8647614
44,20,29.894758
44,21,29.93502
44,22,29.960712
44,23,29.97674
44,24,29.986532
44,25,29.992386
44,26,29.99583
44,27,29.997852
44,28,29.999096
44,29,30.0
44,3,10.120959
44,4,13.177799
44,5,15.987621
44,6,18.51646
44,7,20.744844
44,8,22.667372
44,9,24.291254
45,0,0.0
45,1,3.468511
45,10,25.634079
45,11,26.72113
45,12,27.582565
45,13,28.250782
45,14,28.75813
45,15,29.13515
45,16,29.409348
45,17,29.6045
45,18,29.740404
45,19,29.83302
45,2,6.8647614
45,20,29.894756
45,21,29.935024
45,22,29.960709
45,23,29.976742
45,24,29.98653
45,25,29.992386
45,26,29.99583
45,27,29.997852
45,28,29.999098
45,29,30.0
45,3,10.120959
45,4,13.177799
45,5,15.987621
45,6,18.51646
45,7,20.744846
45,8,22.667374
45,9,24.291252
46,0,0.0
46,1,3.468511
46,10,25.634079
46,11,26.721128
46,12,27.582565
46,13,28.250782
46,14,28.758133
46,15,29.13515
46,16,29.40935
46,17,29.604496
46,18,29.740408
46,19,29.833015
46,2,6.8647614
46,20,29.894758
46,21,29.935022
46,22,29.960712
46,23,29.97674
46,24,29.986532
46,25,29.992384
46,26,29.99583
46,27,29.997852
46,28,29.999098
46,29,30.0
46,3,10.120959
46,4,13.177799
46,5,15.987621
46,6,18.51646
46,7,20.744846
46,8,22.667372
46,9,24.291254
47,0,0.0
47,1,3.468511
47,10,25.63408
47,11,26.72113
47,12,27.582565
47,13,28.250782
47,14,28.758133
47,15,29.135153
47,16,29.409348
47,17,29.6045
47,18,29.740406
47,19,29.83302
47,2,6.8647614
47,20,29.894756
47,21,29.935026
47,22,29.96071
47,23,29.976744
47,24,29.986528
47,25,29.992386
47,26,29.995827
47,27,29.997852
47,28,29.999096
47,29,30.0
47,3,10.120959
47,4,13.177798
47,5,15.987621
47,6,18.516462
47,7,20.744846
47,8,22.667374
47,9,24.291254
48,0,0.0
48,1,3.468511
48,10,25.634079
48,11,26.72113
48,12,27.582565
48,13,28.250782
48,14,28.758133
48,15,29.13515
48,16,29.409351
48,17,29.604498
48,18,29.740408
48,19,29.833015
48,2,6.8647614
48,20,29.894758
48,21,29.935022
48,22,29.960712
48,23,29.976742
48,24,29.98653
48,25,29.992382
48,26,29.99583
48,27,29.997852
48,28,29.999098
48,29,30.0
48,3,10.120959
48,4,13.177799
48,5,15.987621
48,6,18.51646
48,7,20.744846
48,8,22.667374
48,9,24.291256
49,0,0.0
49,1,3.468511
49,10,25.634083
49,11,26.72113
49,12,27.582565
49,13,28.250782
49,14,28.758133
49,15,29.13515
49,16,29.40935
49,17,29.6045
49,18,29.740406
49,19,29.83302
49,2,6.8647614
49,20,29.894756
49,21,29.935024
49,22,29.960712
49,23,29.976742
49,24,29.986528
49,25,29.992386
49,26,29.995827
49,27,29.997852
49,28,29.999096
49,29,30.0
49,3,10.12096
49,4,13.177799
49,5,15.987621
49,6,18.516462
49,7,20.744846
49,8,22.667374
49,9,24.291254
5,0,0.0
5,1,1.8444542
5,10,13.654296
5,11,14.240971
5,12,14.710434
5,13,15.082565
5,14,15.376622
5,15,15.613359
5,16,15.812986
5,17,15.996575
5,18,16.186455
5,19,16.407055
5,2,3.6504939
5,20,16.687546
5,21,17.062338
5,22,17.575472
5,23,18.280586
5,24,19.244883
5,25,20.544613
5,26,22.25817
5,27,24.438953
5,28,27.06991
5,29,30.0
5,3,5.3827252
5,4,7.008958
5,5,8.504985
5,6,9.851597
5,7,11.039859
5,8,12.065613
5,9,12.934282
50,0,0.0
50,1,3.468511
50,10,25.63408
50,11,26.72113
50,12,27.582565
50,13,28.250784
50,14,28.758133
50,15,29.13515
50,16,29.409351
50,17,29.604498
50,18,29.740408
50,19,29.833015
50,2,6.8647614
50,20,29.894758
50,21,29.935022
50,22,29.960712
50,23,29.97674
50,24,29.986532
50,25,29.992382
50,26,29.99583
50,27,29.997852
50,28,29.999098
50,29,30.0
50,3,10.12096
50,4,13.177799
50,5,15.987621
50,6,18.516462
50,7,20.744846
50,8,22.667374
50,9,24.291256
51,0,0.0
51,1,3.468511
51,10,25.634083
51,11,26.72113
51,12,27.582565
51,13,28.250782
51,14,28.758133
51,15,29.135155
51,16,29.409348
51,17,29.6045
51,18,29.740406
51,19,29.833017
51,2,6.8647614
51,20,29.894756
51,21,29.935024
51,22,29.96071
51,23,29.976742
51,24,29.986528
51,25,29.992384
51,26,29.995829
51,27,29.997852
51,28,29.999096
51,29,30.0
51,3,10.12096
51,4,13.177799
51,5,15.987621
51,6,18.51646
51,7,20.744846
51,8,22.667374
51,9,24.291254
52,0,0.0
52,1,3.468511
52,10,25.634079
52,11,26.72113
52,12,27.582565
52,13,28.250782
52,14,28.758133
52,15,29.135153
52,16,29.409351
52,17,29.604496
52,18,29.740408
52,19,29.833015
52,2,6.8647614
52,20,29.894758
52,21,29.935022
52,22,29.960712
52,23,29.97674
52,24,29.98653
52,25,29.992382
52,26,29.995829
52,27,29.997852
52,28,29.999096
52,29,30.0
52,3,10.12096
52,4,13.177799
52,5,15.987621
52,6,18.516462
52,7,20.744846
52,8,22.667374
52,9,24.291256
53,0,0.0
53,1,3.468511
53,10,25.634083
53,11,26.721128
53,12,27.582567
53,13,28.250782
53,14,28.758133
53,15,29.13515
53,16,29.409348
53,17,29.6045
53,18,29.740406
53,19,29.833017
53,2,6.864762
53,20,29.894758
53,21,29.935026
53,22,29.96071
53,23,29.976742
53,24,29.986528
53,25,29.992384
53,26,29.995829
53,27,29.997852
53,28,29.999096
53,29,30.0
53,3,10.12096
53,4,13.177799
53,5,15.987622
53,6,18.516462
53,7,20.744846
53,8,22.667374
53,9,24.291254
54,0,0.0
54,1,3.468511
54,10,25.634079
54,11,26.72113
54,12,27.582565
54,13,28.250782
54,14,28.758133
54,15,29.13515
54,16,29.409351
54,17,29.604496
54,18,29.740406
54,19,29.833017
54,2,6.8647614
54,20,29.894758
54,21,29.935024
54,22,29.960712
54,23,29.976742
54,24,29.98653
54,25,29.992382
54,26,29.99583
54,27,29.997852
54,28,29.999096
54,29,30.0
54,3,10.12096
54,4,13.177799
54,5,15.987623
54,6,18.51646
54,7,20.744846
54,8,22.667374
54,9,24.291254
55,0,0.0
55,1,3.468511
55,10,25.634083
55,11,26.72113
55,12,27.582565
55,13,28.250782
55,14,28.75813
55,15,29.13515
55,16,29.409348
55,17,29.604498
55,18,29.740406
55,19,29.833017
55,2,6.8647614
55,20,29.894758
55,21,29.935024
55,22,29.960712
55,23,29.976742
55,24,29.98653
55,25,29.992386
55,26,29.995829
55,27,29.997852
55,28,29.999098
55,29,30.0
55,3,10.12096
55,4,13.177801
55,5,15.987621
55,6,18.516464
55,7,20.744846
55,8,22.667374
55,9,24.291254
56,0,0.0
56,1,3.4685113
56,10,25.634079
56,11,26.72113
56,12,27.582567
56,13,28.250782
56,14,28.758133
56,15,29.13515
56,16,29.409348
56,17,29.604498
56,18,29.740406
56,19,29.833017
56,2,6.8647614
56,20,29.894758
56,21,29.935024
56,22,29.96071
56,23,29.976742
56,24,29.986532
56,25,29.992388
56,26,29.99583
56,27,29.997852
56,28,29.999098
56,29,30.0
56,3,10.12096
56,4,13.177799
56,5,15.987625
56,6,18.516462
56,7,20.744848
56,8,22.667374
56,9,24.291254
57,0,0.0
57,1,3.468511
57,10,25.634083
57,11,26.72113
57,12,27.582565
57,13,28.250782
57,14,28.75813
57,15,29.135153
57,16,29.40935
57,17,29.604498
57,18,29.740406
57,19,29.833017
57,2,6.8647614
57,20,29.894758
57,21,29.935024
57,22,29.96071
57,23,29.976742
57,24,29.986532
57,25,29.992386
57,26,29.99583
57,27,29.997852
57,28,29.999098
57,29,30.0
57,3,10.12096
57,4,13.177802
57,5,15.987621
57,6,18.516464
57,7,20.744843
57,8,22.667374
57,9,24.291252
58,0,0.0
58,1,3.4685113
58,10,25.634079
58,11,26.72113
58,12,27.58257
58,13,28.250782
58,14,28.758133
58,15,29.13515
58,16,29.40935
58,17,29.604498
58,18,29.740406
58,19,29.833017
58,2,6.864761
58,20,29.894758
58,21,29.935022
58,22,29.96071
58,23,29.976742
58,24,29.98653
58,25,29.992386
58,26,29.99583
58,27,29.997852
58,28,29.999098
58,29,30.0
58,3,10.120961
58,4,13.177799
58,5,15.987625
58,6,18.51646
58,7,20.744848
58,8,22.66737
58,9,24.291258
59,0,0.0
59,1,3.4685106
59,10,25.634083
59,11,26.721132
59,12,27.582565
59,13,28.250782
59,14,28.758133
59,15,29.135153
59,16,29.409348
59,17,29.604498
59,18,29.740406
59,19,29.833017
59,2,6.864762
59,20,29.894756
59,21,29.935022
59,22,29.960709
59,23,29.976742
59,24,29.98653
59,25,29.992384
59,26,29.995829
59,27,29.997852
59,28,29.999098
59,29,30.0
59,3,10.12096
59,4,13.177801
59,5,15.987621
59,6,18.516464
59,7,20.744844
59,8,22.667376
59,9,24.291252
6,0,0.0
6,1,2.1364644
6,10,15.814689
6,11,16.49273
6,12,17.03561
6,13,17.464165
6,14,17.80176
6,15,18.070707
6,16,18.293985
6,17,18.494202
6,18,18.694544
6,19,18.920101
6,2,4.228788
6,20,19.197992
6,21,19.560371
6,22,20.043468
6,23,20.690704
6,24,21.548937
6,25,22.667267
6,26,24.084724
6,27,25.815607
6,28,27.823067
6,29,30.0
6,3,6.2348595
6,4,8.119132
6,5,9.851248
6,6,11.411673
6,7,12.78705
6,8,13.975655
6,9,14.9806595
60,0,0.0
60,1,3.468511
60,10,25.634079
60,11,26.721134
60,12,27.58257
60,13,28.250782
60,14,28.758133
60,15,29.135155
60,16,29.409351
60,17,29.6045
60,18,29.740408
60,19,29.833015
60,2,6.8647614
60,20,29.894758
60,21,29.93502
60,22,29.960709
60,23,29.976742
60,24,29.986528
60,25,29.992388
60,26,29.995827
60,27,29.997852
60,28,29.999096
60,29,30.0
60,3,10.120961
60,4,13.177799
60,5,15.987625
60,6,18.51646
60,7,20.744848
60,8,22.66737
60,9,24.291258
61,0,0.0
61,1,3.468511
61,10,25.634085
61,11,26.72113
61,12,27.58257
61,13,28.250786
61,14,28.758133
61,15,29.135155
61,16,29.409351
61,17,29.6045
61,18,29.740406
61,19,29.83302
61,2,6.8647623
61,20,29.894756
61,21,29.935022
61,22,29.960712
61,23,29.976742
61,24,29.986532
61,25,29.992384
61,26,29.99583
61,27,29.997852
61,28,29.999096
61,29,30.0
61,3,10.12096
61,4,13.177802
61,5,15.987621
61,6,18.516466
61,7,20.744846
61,8,22.667377
61,9,24.291256
62,0,0.0
62,1,3.4685118
62,10,25.634085
62,11,26.721134
62,12,27.582571
62,13,28.250788
62,14,28.758137
62,15,29.135159
62,16,29.409353
62,17,29.604502
62,18,29.74041
62,19,29.833017
62,2,6.8647623
62,20,29.89476
62,21,29.935026
62,22,29.960712
62,23,29.976748
62,24,29.98653
62,25,29.992388
62,26,29.99583
62,27,29.997852
62,28,29.999096
62,29,30.0
62,3,10.120962
62,4,13.1778
62,5,15.987626
62,6,18.516464
62,7,20.74485
62,8,22.667374
62,9,24.29126
63,0,0.0
63,1,3.4685118
63,10,25.634089
63,11,26.721138
63,12,27.582575
63,13,28.25079
63,14,28.758142
63,15,29.135162
63,16,29.409357
63,17,29.604507
63,18,29.740416
63,19,29.833027
63,2,6.864764
63,20,29.894764
63,21,29.935028
63,22,29.960718
63,23,29.976746
63,24,29.986536
63,25,29.99239
63,26,29.99583
63,27,29.997856
63,28,29.999096
63,29,30.0
63,3,10.120962
63,4,13.177805
63,5,15.987625
63,6,18.51647
63,7,20.74485
63,8,22.667381
63,9,24.29126
64,0,0.0
64,1,3.4685137
64,10,25.634096
64,11,26.721148
64,12,27.582584
64,13,28.250801
64,14,28.758148
64,15,29.135172
64,16,29.409367
64,17,29.604515
64,18,29.740425
64,19,29.83303
64,2,6.864765
64,20,29.894773
64,21,29.935038
64,22,29.960724
64,23,29.976757
64,24,29.986544
64,25,29.992393
64,26,29.995836
64,27,29.997856
64,28,29.9991
64,29,30.0
64,3,10.120968
64,4,13.177807
64,5,15.987635
64,6,18.516472
64,7,20.744862
64,8,22.667387
64,9,24.291271
65,0,0.0
65,1,3.4685159
65,10,25.634117
65,11,26.721169
65,12,27.582603
65,13,28.250822
65,14,28.758171
65,15,29.135193
65,16,29.409388
65,17,29.604538
65,18,29.740444
65,19,29.833052
65,2,6.8647723
65,20,29.894793
65,21,29.935057
65,22,29.960743
65,23,29.97677
65,24,29.986555
65,25,29.992405
65,26,29.995846
65,27,29.997864
65,28,29.999104
65,29,30.0
65,3,10.120975
65,4,13.17782
65,5,15.987644
65,6,18.51649
65,7,20.744875
65,8,22.667406
65,9,24.29129
66,0,0.0
66,1,3.4685225
66,10,25.63416
66,11,26.72121
66,12,27.58265
66,13,28.250866
66,14,28.758217
66,15,29.135237
66,16,29.409433
66,17,29.604582
66,18,29.740486
66,19,29.833096
66,2,6.8647833
66,20,29.89483
66,21,29.935093
66,22,29.960777
66,23,29.9768
66,24,29.986582
66,25,29.992428
66,26,29.995863
66,27,29.997875
66,28,29.99911
66,29,30.0
66,3,10.120994
66,4,13.177841
66,5,15.987674
66,6,18.51652
66,7,20.744913
66,8,22.66744
66,9,24.291332
67,0,0.0
67,1,3.4685347
67,10,25.634247
67,11,26.7213
67,12,27.582739
67,13,28.250957
67,14,28.758307
67,15,29.13533
67,16,29.409525
67,17,29.604671
67,18,29.740574
67,19,29.83318
67,2,6.864809
67,20,29.894913
67,21,29.935171
67,22,29.960848
67,23,29.976864
67,24,29.986637
67,25,29.992474
67,26,29.9959
67,27,29.9979
67,28,29.999123
67,29,30.0
67,3,10.121029
67,4,13.177889
67,5,15.987728
67,6,18.516586
67,7,20.744982
67,8,22.667522
67,9,24.291409
68,0,0.0
68,1,3.4685602
68,10,25.634417
68,11,26.721478
68,12,27.582922
68,13,28.251144
68,14,28.758495
68,15,29.135513
68,16,29.40971
68,17,29.604855
68,18,29.740753
68,19,29.833351
68,2,6.8648577
68,20,29.895077
68,21,29.935324
68,22,29.96099
68,23,29.976995
68,24,29.986748
68,25,29.992569
68,26,29.995968
68,27,29.99795
68,28,29.999146
68,29,30.0
68,3,10.121103
68,4,13.177982
68,5,15.987844
68,6,18.516716
68,7,20.745129
68,8,22.667675
68,9,24.291578
69,0,0.0
69,1,3.4686093
69,10,25.63476
69,11,26.72183
69,12,27.58328
69,13,28.251507
69,14,28.75886
69,15,29.135881
69,16,29.410072
69,17,29.605211
69,18,29.7411
69,19,29.83369
69,2,6.8649564
69,20,29.895401
69,21,29.935627
69,22,29.961271
69,23,29.977245
69,24,29.986969
69,25,29.99275
69,26,29.99611
69,27,29.998043
69,28,29.999195
69,29,30.0
69,3,10.121245
69,4,13.178169
69,5,15.988067
69,6,18.516973
69,7,20.74541
69,8,22.667986
69,9,24.291904
7,0,0.0
7,1,2.3941188
7,10,17.71804
7,11,18.47728
7,12,19.083456
7,13,19.56158
7,14,19.93582
7,15,20.231522
7,16,20.472677
7,17,20.683132
7,18,20.886576
7,19,21.106834
7,2,4.738372
7,20,21.369772
7,21,21.7024
7,22,22.135525
7,23,22.700819
7,24,23.431927
7,25,24.357464
7,26,25.4967
7,27,26.846502
7,28,28.372194
7,29,30.0
7,3,6.9866815
7,4,9.097395
7,5,11.038856
7,6,12.786362
7,7,14.328008
7,8,15.658649
7,9,16.784966
70,0,0.0
70,1,3.4687054
70,10,25.635416
70,11,26.722507
70,12,27.583971
70,13,28.252207
70,14,28.759563
70,15,29.136585
70,16,29.41077
70,17,29.605898
70,18,29.741777
70,19,29.834341
70,2,6.8651447
70,20,29.896025
70,21,29.936216
70,22,29.961811
70,23,29.977734
70,24,29.987394
70,25,29.9931
70,26,29.996382
70,27,29.99823
70,28,29.999287
70,29,30.0
70,3,10.121523
70,4,13.178528
70,5,15.988499
70,6,18.517467
70,7,20.745962
70,8,22.66858
70,9,24.292536
71,0,0.0
71,1,3.4688852
71,10,25.63665
71,11,26.723778
71,12,27.58527
71,13,28.253521
71,14,28.760887
71,15,29.137905
71,16,29.412083
71,17,29.607193
71,18,29.743038
71,19,29.835566
71,2,6.8655005
71,20,29.897192
71,21,29.937315
71,22,29.962828
71,23,29.978647
71,24,29.98819
71,25,29.99376
71,26,29.996893
71,27,29.998575
71,28,29.999464
71,29,30.0
71,3,10.122044
71,4,13.179201
71,5,15.989308
71,6,18.518398
71,7,20.746992
71,8,22.669695
71,9,24.293715
72,0,0.0
72,1,3.4692166
72,10,25.638916
72,11,26.726116
72,12,27.587656
72,13,28.255938
72,14,28.763315
72,15,29.140333
72,16,29.41449
72,17,29.609568
72,18,29.74536
72,19,29.837812
72,2,6.8661537
72,20,29.89934
72,21,29.939339
72,22,29.964695
72,23,29.980328
72,24,29.989649
72,25,29.994974
72,26,29.997828
72,27,29.999216
72,28,29.999786
72,29,30.0
72,3,10.123002
72,4,13.180441
72,5,15.990801
72,6,18.520107
72,7,20.74889
72,8,22.671745
72,9,24.295889
73,0,0.0
73,1,3.4698129
73,10,25.642986
73,11,26.730312
73,12,27.591938
73,13,28.260273
73,14,28.767677
73,15,29.144688
73,16,29.418814
73,17,29.613825
73,18,29.749527
73,19,29.84184
73,2,6.8673296
73,20,29.903196
73,21,29.942966
73,22,29.968046
73,23,29.983343
73,24,29.992275
73,25,29.99715
73,26,29.999512
73,27,30.000359
73,28,30.00037
73,29,30.0
73,3,10.124728
73,4,13.182671
73,5,15.993483
73,6,18.523182
73,7,20.7523
73,8,22.675426
73,9,24.29979
74,0,0.0
74,1,3.4708626
74,10,25.650135
74,11,26.737679
74,12,27.599457
74,13,28.267881
74,14,28.775322
74,15,29.152327
74,16,29.426394
74,17,29.6213
74,18,29.756828
74,19,29.848917
74,2,6.869401
74,20,29.909958
74,21,29.949339
74,22,29.973925
74,23,29.988642
74,24,29.996881
74,25,30.000978
74,26,30.002462
74,27,30.002375
74,28,30.001387
74,29,30.0
74,3,10.127764
74,4,13.186596
74,5,15.9981985
74,6,18.528593
74,7,20.75829
74,8,22.6819
74,9,24.306643
75,0,0.0
75,1,3.4726717
75,10,25.662409
75,11,26.750324
75,12,27.612352
75,13,28.280933
75,14,28.788445
75,15,29.16543
75,16,29.4394
75,17,29.634115
75,18,29.769363
75,19,29.861046
75,2,6.872966
75,20,29.92157
75,21,29.960266
75,22,29.984028
75,23,29.997732
75,24,30.004803
75,25,30.007545
75,26,30.007547
75,27,30.005829
75,28,30.003141
75,29,30.0
75,3,10.132993
75,4,13.193348
75,5,16.00632
75,6,18.537893
75,7,20.768595
75,8,22.69302
75,9,24.31842
76,0,0.0
76,1,3.4757202
76,10,25.683027
76,11,26.771545
76,12,27.633999
76,13,28.302832
76,14,28.810448
76,15,29.187408
76,16,29.46121
76,17,29.655619
76,18,29.790384
76,19,29.881413
76,2,6.8789816
76,20,29.94104
76,21,29.97863
76,22,30.000982
76,23,30.013016
76,24,30.0181
76,25,30.018604
76,26,30.016083
76,27,30.011654
76,28,30.006088
76,29,30.0
76,3,10.141801
76,4,13.204732
76,5,16.019985
76,6,18.553553
76,7,20.78592
76,8,22.71172
76,9,24.3382
77,0,0.0
77,1,3.4807568
77,10,25.716887
77,11,26.806396
77,12,27.66952
77,13,28.338764
77,14,28.84655
77,15,29.223457
77,16,29.496994
77,17,29.690884
77,18,29.824886
77,19,29.914818
77,2,6.8889027
77,20,29.97303
77,21,30.008762
77,22,30.028862
77,23,30.03812
77,24,30.039993
77,25,30.036774
77,26,30.030146
77,27,30.021229
77,28,30.010946
77,29,30.0
77,3,10.156343
77,4,13.22349
77,5,16.04252
77,6,18.57933
77,7,20.814442
77,8,22.742466
77,9,24.37072
78,0,0.0
78,1,3.488894
78,10,25.77132
78,11,26.862373
78,12,27.726559
78,13,28.396431
78,14,28.90448
78,15,29.2813
78,16,29.554392
78,17,29.74749
78,18,29.880241
78,19,29.96848
78,2,6.9049487
78,20,30.02438
78,21,30.05722
78,22,30.073643
78,23,30.07854
78,24,30.075193
78,25,30.066063
78,26,30.052773
78,27,30.036678
78,28,30.018768
78,29,30.0
78,3,10.179822
78,4,13.253796
78,5,16.078857
78,6,18.620907
78,7,20.860373
78,8,22.791967
78,9,24.423006
79,0,0.0
79,1,3.5017903
79,10,25.85691
79,11,26.95036
79,12,27.816147
79,13,28.486984
79,14,28.995415
79,15,29.372082
79,16,29.644505
79,17,29.83632
79,18,29.967197
79,19,30.05273
79,2,6.9303393
79,20,30.105131
79,21,30.133366
79,22,30.144169
79,23,30.142126
79,24,30.130709
79,25,30.112196
79,26,30.08851
79,27,30.061026
79,28,30.031128
79,29,30.0
79,3,10.216997
79,4,13.301689
79,5,16.136295
79,6,18.686497
79,7,20.932827
79,8,22.869925
79,9,24.505331
8,0,0.0
8,1,2.6164083
8,10,19.360954
8,11,20.188868
8,12,20.850029
8,13,21.369501
8,14,21.774721
8,15,22.091564
8,16,22.345758
8,17,22.561525
8,18,22.762175
8,19,22.970928
8,2,5.1786747
8,20,23.210423
8,21,23.504787
8,22,23.877592
8,23,24.353714
8,24,24.954866
8,25,25.69925
8,26,26.593956
8,27,27.631708
8,28,28.783606
8,29,30.0
8,3,7.6353083
8,4,9.942547
8,5,12.063444
8,6,13.973748
8,7,15.657406
8,8,17.111921
8,9,18.341438
80,0,0.0
80,1,3.521798
80,10,25.988684
80,11,27.085663
80,12,27.95386
80,13,28.626099
80,14,29.135075
80,15,29.511505
80,16,29.782862
80,17,29.972809
80,18,30.10075
80,19,30.182308
80,2,6.969758
80,20,30.229267
80,21,30.250656
80,22,30.252724
80,23,30.240234
80,24,30.216282
80,25,30.183489
80,26,30.143661
80,27,30.098705
80,28,30.05022
80,29,30.0
80,3,10.274609
80,4,13.375924
80,5,16.225142
80,6,18.78794
80,7,21.044655
80,8,22.990202
80,9,24.63213
81,0,0.0
81,1,3.5522668
81,10,26.187178
81,11,27.289364
81,12,28.160988
81,13,28.835238
81,14,29.34497
81,15,29.720982
81,16,29.990812
81,17,30.17789
81,18,30.301647
81,19,30.377167
81,2,7.0296936
81,20,30.416267
81,21,30.427275
81,22,30.416569
81,23,30.388239
81,24,30.345715
81,25,30.291233
81,26,30.227232
81,27,30.155724
81,28,30.079176
81,29,30.0
81,3,10.362222
81,4,13.488585
81,5,16.359934
81,6,18.941494
81,7,21.213829
81,8,23.171785
81,9,24.823439
82,0,0.0
82,1,3.59774
82,10,26.480028
82,11,27.589462
82,12,28.465935
82,13,29.142931
82,14,29.653645
82,15,30.029041
82,16,30.296547
82,17,30.479647
82,18,30.597187
82,19,30.664259
82,2,7.1191726
82,20,30.691751
82,21,30.688034
82,22,30.658428
82,23,30.607285
82,24,30.537209
82,25,30.451077
82,26,30.351128
82,27,30.240463
82,28,30.122158
82,29,30.0
82,3,10.492765
82,4,13.656382
82,5,16.560211
82,6,19.16946
82,7,21.464384
82,8,23.44046
82,9,25.105923
83,0,0.0
83,1,3.6644232
83,10,26.902922
83,11,28.022415
83,12,28.90535
83,13,29.586021
83,14,30.097967
83,15,30.472324
83,16,30.736668
83,17,30.913975
83,18,31.023085
83,19,31.078001
83,2,7.250167
83,20,31.08954
83,21,31.064615
83,22,31.008621
83,23,30.924488
83,24,30.815317
83,25,30.6832
83,26,30.531544
83,27,30.363781
83,28,30.184845
83,29,30.0
83,3,10.683803
83,4,13.901335
83,5,16.85227
83,6,19.500982
83,7,21.828276
83,8,23.829683
83,9,25.514652
84,0,0.0
84,1,3.7604084
84,10,27.501219
84,11,28.633839
84,12,29.525312
84,13,30.210594
84,14,30.723938
84,15,31.096815
84,16,31.356575
84,17,31.526243
84,18,31.623537
84,19,31.662302
84,2,7.4386888
84,20,31.651531
84,21,31.597956
84,22,31.504868
84,23,31.375336
84,24,31.210804
84,25,31.014317
84,26,30.788923
84,27,30.540176
84,28,30.274452
84,29,30.0
84,3,10.958092
84,4,14.2526
84,5,17.269821
84,6,19.974134
84,7,22.34604
84,8,24.382534
84,9,26.093714
85,0,0.0
85,1,3.896379
85,10,28.33003
85,11,29.479609
85,12,30.381582
85,13,31.072487
85,14,31.587288
85,15,31.95781
85,16,32.21161
85,17,32.370804
85,18,32.45292
85,19,32.469776
85,2,7.7052145
85,20,32.42993
85,21,32.33733
85,22,32.1949
85,23,32.00293
85,24,31.76323
85,25,31.47725
85,26,31.149933
85,27,30.787642
85,28,30.400452
85,29,30.0
85,3,11.345394
85,4,14.747015
85,5,17.85627
85,6,20.636284
85,7,23.068916
85,8,25.151865
85,9,26.897892
86,0,0.0
86,1,4.0858884
86,10,29.455196
86,11,30.625172
86,12,31.539772
86,13,32.236923
86,14,32.752914
86,15,33.12014
86,16,33.365795
86,17,33.511913
86,18,33.574066
86,19,33.563465
86,2,8.076336
86,20,33.485355
86,21,33.34281
86,22,33.134747
86,23,32.860916
86,24,32.519753
86,25,32.113686
86,26,31.646877
86,27,31.129372
86,28,30.574457
86,29,30.0
86,3,11.8829975
86,4,15.4315815
86,5,18.66491
86,6,21.54649
86,7,24.058521
86,8,26.202066
86,9,27.991974
87,0,0.0
87,1,4.3465157
87,10,30.951431
87,11,32.14531
87,12,33.073677
87,13,33.777313
87,14,34.29377
87,15,34.65607
87,16,34.891624
87,17,35.020966
87,18,35.059048
87,19,35.013626
87,2,8.585364
87,20,34.888657
87,21,34.682163
87,22,34.391518
87,23,34.011017
87,24,33.53845
87,25,32.972786
87,26,32.320553
87,27,31.593315
87,28,30.811352
87,29,30.0
87,3,12.618433
87,4,16.363785
87,5,19.761784
87,6,22.774876
87,7,25.388853
87,8,27.60759
87,9,29.451628
88,0,0.0
88,1,4.700504
88,10,32.901787
88,11,34.120968
88,12,35.063457
88,13,35.77255
88,14,36.28795
88,15,36.64353
88,16,36.866116
88,17,36.97584
88,18,36.984535
88,19,36.898483
88,2,9.275176
88,20,36.716103
88,21,36.433
88,22,36.039238
88,23,35.526478
88,24,34.885605
88,25,34.1151
88,26,33.2192
88,27,32.214935
88,28,31.129164
88,29,30.0
88,3,13.610359
88,4,17.615221
88,5,21.225254
88,6,24.40525
88,7,27.144253
88,8,29.45391
88,9,31.36037
89,0,0.0
89,1,5.17712
89,10,35.392887
89,11,36.636906
89,12,37.591133
89,13,38.303307
89,14,38.815086
89,15,39.16117
89,16,39.36852
89,17,39.454945
89,18,39.431
89,19,39.297596
89,2,10.200045
89,20,39.05034
89,21,38.676445
89,22,38.16164
89,23,37.487335
89,24,36.64011
89,25,35.610405
89,26,34.403133
89,27,33.037018
89,28,31.551155
89,29,30.0
89,3,14.933384
89,4,19.272326
89,5,23.149862
89,6,26.533108
89,7,29.420883
89,8,31.833508
89,9,33.808884
9,0,0.0
9,1,2.804498
9,10,20.748371
9,11,21.635021
9,12,22.341347
9,13,22.895765
9,14,23.325748
9,15,23.659336
9,16,23.922447
9,17,24.139729
9,18,24.334225
9,19,24.527363
9,2,5.550579
9,20,24.740282
9,21,24.992569
9,22,25.30421
9,23,25.692608
9,24,26.173822
9,25,26.757648
9,26,27.447285
9,27,28.233784
9,28,29.096073
9,29,30.0
9,3,8.184086
9,4,10.656406
9,5,12.930139
9,6,14.976661
9,7,16.781628
9,8,18.339352
9,9,19.657204
90,0,0.0
90,1,5.81503
90,10,38.512222
90,11,39.77537
90,12,40.736313
90,13,41.44657
90,14,41.950653
90,15,42.284245
90,16,42.47325
90,17,42.53469
90,18,42.47458
90,19,42.291218
90,2,11.431868
90,20,41.971867
90,21,41.498646
90,22,40.844917
90,23,39.984406
90,24,38.889458
90,25,37.543846
90,26,35.944496
90,27,34.115074
90,28,32.106606
90,29,30.0
90,3,16.681301
90,4,21.442604
90,5,25.645771
90,6,29.268457
90,7,32.322334
90,8,34.84543
90,9,36.888786
91,0,0.0
91,1,6.668643
91,10,42.34008
91,11,43.611446
91,12,44.568863
91,13,45.26951
91,14,45.76012
91,15,46.076958
91,16,46.24577
91,17,46.280357
91,18,46.184753
91,19,45.950058
91,2,13.067251
91,20,45.55885
91,21,44.980835
91,22,44.180218
91,23,43.11235
91,24,41.73593
91,25,40.014725
91,26,37.936287
91,27,35.520283
91,28,32.835842
91,29,30.0
91,3,18.977634
91,4,24.258022
91,5,28.844501
91,6,32.732388
91,7,35.96003
91,8,38.587967
91,9,40.689865
92,0,0.0
92,1,7.817917
92,10,46.944664
92,11,48.203995
92,12,49.14276
92,13,49.822113
92,14,50.2913
92,15,50.587006
92,16,50.733215
92,17,50.74244
92,18,50.61329
92,19,50.33345
92,2,15.244734
92,20,49.875042
92,21,49.199677
92,22,48.253067
92,23,46.973885
92,24,45.292225
92,25,43.147118
92,26,40.497414
92,27,37.352863
92,28,33.79599
92,29,30.0
92,3,21.987398
92,4,27.887047
92,5,32.89916
92,6,37.059425
92,7,40.44555
92,8,43.155922
92,9,45.290237
93,0,0.0
93,1,9.390903
93,10,52.371216
93,11,53.589653
93,12,54.487427
93,13,55.130207
93,14,55.56802
93,15,55.836967
93,16,55.96003
93,17,55.946014
93,18,55.791473
93,19,55.476627
93,2,18.172003
93,20,54.968384
93,21,54.213688
93,22,53.144207
93,23,51.669884
93,24,49.689194
93,25,47.092796
93,26,43.79305
93,27,39.75882
93,28,35.077507
93,29,30.0
93,3,25.943182
93,4,32.544655
93,5,37.9915
93,6,42.39085
93,7,45.887787
93,8,48.628967
93,9,50.751045
94,0,0.0
94,1,11.609681
94,10,58.63586
94,11,59.772972
94,12,60.60179
94,13,61.188602
94,14,61.583115
94,15,61.819855
94,16,61.91902
94,17,61.887936
94,18,61.71846
94,19,61.388626
94,2,22.18317
94,20,60.856407
94,21,60.061203
94,22,58.91419
94,23,57.300198
94,24,55.0692
94,25,52.04785
94,26,48.056213
94,27,42.971626
94,28,36.835136
94,29,30.0
94,3,31.18077
94,4,38.5122
94,5,44.3293
94,6,48.8712
94,7,52.378574
94,8,55.064476
94,9,57.10314
95,0,0.0
95,1,14.901908
95,10,65.714066
95,11,66.72142
95,12,67.44737
95,13,67.95638
95,14,68.294525
95,15,68.49292
95,16,68.56941
95,17,68.52804
95,18,68.36011
95,19,68.0397
95,2,27.844662
95,20,67.52383
95,21,66.7429
95,22,65.59792
95,23,63.944595
95,24,61.58611
95,25,58.256687
95,26,53.63237
95,27,47.384186
95,28,39.366905
95,29,30.0
95,3,38.199295
95,4,46.148575
95,5,52.141403
95,6,56.627937
95,7,59.97982
95,8,62.479614
95,9,64.33912
96,0,0.0
96,1,20.187729
96,10,73.53577
96,11,74.35852
96,12,74.94597
96,13,75.35411
96,14,75.62256
96,15,75.77728
96,16,75.83209
96,17,75.78996
96,18,75.640724
96,19,75.361145
96,2,36.164497
96,20,74.90818
96,21,74.215775
96,22,73.180046
96,23,71.64612
96,24,69.37592
96,25,66.01197
96,26,61.023872
96,27,53.697113
96,28,43.31395
96,29,30.0
96,3,47.72873
96,4,55.885674
96,5,61.64141
96,6,65.74217
96,7,68.69441
96,8,70.837364
96,9,72.398636
97,0,0.0
97,1,29.713846
97,10,81.978615
97,11,82.56409
97,12,82.978645
97,13,83.26482
97,14,83.45159
97,15,83.55764
97,16,83.59292
97,17,83.55842
97,18,83.44656
97,19,83.23783
97,2,48.95529
97,20,82.89905
97,21,82.374596
97,22,81.577545
97,23,80.365685
97,24,78.50537
97,25,75.59243
97,26,70.910095
97,27,63.171272
97,28,50.245308
97,29,30.0
97,3,60.754868
97,4,68.1435
97,5,72.94892
97,6,76.18858
97,7,78.43559
97,8,80.02461
97,9,81.16169
98,0,0.0
98,1,49.733326
98,10,90.87109
98,11,91.175934
98,12,91.39078
98,13,91.538376
98,14,91.63425
98,15,91.68825
98,16,91.705345
98,17,91.68613
98,18,91.62591
98,19,91.51432
98,2,69.23057
98,20,91.33215
98,21,91.048386
98,22,90.61105
98,23,89.933304
98,24,88.85861
98,25,87.084885
98,26,83.96135
98,27,77.90697
98,28,64.53322
98,29,30.0
98,3,78.255745
98,4,83.071266
98,5,85.930756
98,6,87.75994
98,7,88.98897
98,8,89.84112
98,9,90.4427
99,0,0.0
99,1,100.0
99,10,100.0
99,11,100.0
99,12,100.0
99,13,100.0
99,14,100.0
99,15,100.0
99,16,100.0
99,17,100.0
99,18,100.0
99,19,100.0
99,2,100.0
99,20,100.0
99,21,100.0
99,22,100.0
99,23,100.0
99,24,100.0
99,25,100.0
99,26,100.0
99,27,100.0
99,28,100.0
99,29,30.0
99,3,100.0
99,4,100.0
99,5,100.0
99,6,100.0
99,7,100.0
99,8,100.0
99,9,100.0
