0,0,0.0
0,1,0.0
0,10,0.0
0,11,0.0
0,12,0.0
0,13,0.0
0,14,0.0
0,15,30.0
0,2,0.0
0,3,0.0
0,4,0.0
0,5,0.0
0,6,0.0
0,7,0.0
0,8,0.0
0,9,0.0
1,0,0.0
1,1,0.6341467
1,10,5.1700954
1,11,5.9400587
1,12,7.2314405
1,13,9.733531
1,14,15.340738
1,15,30.0
1,2,1.2525822
1,3,1.8414731
1,4,2.390563
1,5,2.8946457
1,6,3.3549924
1,7,3.7812
1,8,4.19439
1,9,4.6336517
10,0,0.0
10,1,11.113432
10,10,49.421417
10,11,47.800663
10,12,45.012024
10,13,41.00244
10,14,35.867363
10,15,30.0
10,2,21.181631
10,3,29.652967
10,4,36.41765
10,5,41.59894
10,6,45.391773
10,7,47.975822
10,8,49.478203
10,9,49.96108
11,0,0.0
11,1,14.538117
11,10,57.040096
11,11,54.904335
11,12,51.268623
11,13,45.874878
11,14,38.63096
11,15,30.0
11,2,27.105282
11,3,37.057045
11,4,44.5546
11,5,50.01346
11,6,53.836113
11,7,56.323235
11,8,57.657917
11,9,57.909863
12,0,0.0
12,1,19.934248
12,10,65.926865
12,11,63.50974
12,12,59.2847
12,13,52.598476
12,14,42.7821
12,15,30.0
12,2,35.645313
12,3,46.91673
12,4,54.73203
12,5,60.066265
12,6,63.61827
12,7,65.825485
12,8,66.92276
12,9,66.98268
13,0,0.0
13,1,29.553963
13,10,76.176605
13,11,73.9245
13,12,69.76309
13,13,62.453
13,14,49.899384
13,15,30.0
13,2,48.62576
13,3,60.233654
13,4,67.39192
13,5,71.902954
13,6,74.74703
13,7,76.439575
13,8,77.22687
13,9,77.173035
14,0,0.0
14,1,49.656116
14,10,87.6832
14,11,86.24954
14,12,83.39095
14,13,77.5516
14,14,64.36271
14,15,30.0
14,2,69.07065
14,3,78.000984
14,4,82.700035
14,5,85.407745
14,6,87.02859
14,7,87.96022
14,8,88.37341
14,9,88.30725
15,0,0.0
15,1,100.0
15,10,100.0
15,11,100.0
15,12,100.0
15,13,100.0
15,14,100.0
15,15,30.0
15,2,100.0
15,3,100.0
15,4,100.0
15,5,100.0
15,6,100.0
15,7,100.0
15,8,100.0
15,9,100.0
2,0,0.0
2,1,1.2841365
2,10,10.107231
2,11,11.359176
2,12,13.252555
2,13,16.362204
2,14,21.629557
2,15,30.0
2,2,2.5349674
2,3,3.7231216
2,4,4.8266063
2,5,5.83358
2,6,6.7447324
2,7,7.5760536
2,8,8.363346
2,9,9.170732
3,0,0.0
3,1,1.967691
3,10,14.730015
3,11,16.1378
3,12,18.05814
3,13,20.833698
3,14,24.815544
3,15,30.0
3,2,3.8805368
3,3,5.690172
3,4,7.3600883
3,5,8.869419
3,6,10.215495
3,7,11.416184
3,8,12.513458
3,9,13.579898
4,0,0.0
4,1,2.706466
4,10,19.096716
4,11,20.405231
4,12,22.009586
4,13,24.099646
4,14,26.799309
4,15,30.0
4,2,5.330051
4,3,7.798006
4,4,10.055502
4,5,12.070082
4,6,13.833371
4,7,15.361542
4,8,16.69622
4,9,17.907124
5,0,0.0
5,1,3.5285985
5,10,23.346504
5,11,24.378553
5,12,25.4767
5,13,26.756939
5,14,28.282528
5,15,30.0
5,2,6.9361277
5,3,10.117648
5,4,12.99554
5,5,15.524032
5,6,17.68856
5,7,19.502686
5,8,21.005066
5,9,22.257866
6,0,0.0
6,1,4.472359
6,10,27.655245
6,11,28.287796
6,12,28.763332
6,13,29.169992
6,14,29.574436
6,15,30.0
6,2,8.769304
6,3,12.742502
6,4,16.286976
6,5,19.344282
6,6,21.896725
6,7,23.958271
6,8,25.566187
6,9,26.775362
7,0,0.0
7,1,5.5921497
7,10,32.213913
7,11,32.356304
7,12,32.120613
7,13,31.586494
7,14,30.845856
7,15,30.0
7,2,10.927439
7,3,15.797827
7,4,20.067793
7,5,23.671974
7,6,26.598629
7,7,28.870457
7,8,30.529028
7,9,31.625008
8,0,0.0
8,1,6.96945
8,10,37.221848
8,11,36.805237
8,12,35.7782
8,13,34.2108
8,14,32.22316
8,15,30.0
8,2,13.551748
8,3,19.455408
8,4,24.51673
8,5,28.679905
8,6,31.958355
8,7,34.39903
8,8,36.057602
8,9,36.98473
9,0,0.0
9,1,8.734556
9,10,42.886265
9,11,41.866978
9,12,39.978012
9,13,37.25666
9,14,33.83663
9,15,30.0
9,2,16.855972
9,3,23.95718
9,4,29.866152
9,5,34.575306
9,6,38.158848
9,7,40.712864
9,8,42.320778
9,9,43.037483
