0,0,0.0
0,1,0.0
0,10,0.0
0,11,0.0
0,12,0.0
0,13,0.0
0,14,0.0
0,15,30.0
0,2,0.0
0,3,0.0
0,4,0.0
0,5,0.0
0,6,0.0
0,7,0.0
0,8,0.0
0,9,0.0
1,0,0.0
1,1,0.6342437
1,10,5.1705055
1,11,5.9404106
1,12,7.23172
1,13,9.733724
1,14,15.3408375
1,15,30.0
1,2,1.2527721
1,3,1.841748
1,4,2.3909106
1,5,2.8950515
1,6,3.3554392
1,7,3.7816672
1,8,4.1948586
1,9,4.6341
10,0,0.0
10,1,11.113855
10,10,49.423203
10,11,47.802197
10,12,45.013237
10,13,41.00329
10,14,35.867794
10,15,30.0
10,2,21.182459
10,3,29.654165
10,4,36.419167
10,5,41.60071
10,6,45.393715
10,7,47.977863
10,8,49.480244
10,9,49.96303
11,0,0.0
11,1,14.538481
11,10,57.041637
11,11,54.905655
11,12,51.269672
11,13,45.875603
11,14,38.631332
11,15,30.0
11,2,27.105997
11,3,37.058075
11,4,44.55591
11,5,50.014984
11,6,53.83779
11,7,56.32499
11,8,57.659676
11,9,57.911552
12,0,0.0
12,1,19.93454
12,10,65.928085
12,11,63.51079
12,12,59.28553
12,13,52.599052
12,14,42.7824
12,15,30.0
12,2,35.645878
12,3,46.91755
12,4,54.733063
12,5,60.067474
12,6,63.6196
12,7,65.82687
12,8,66.92416
12,9,66.98402
13,0,0.0
13,1,29.554165
13,10,76.17746
13,11,73.92523
13,12,69.76367
13,13,62.453403
13,14,49.89959
13,15,30.0
13,2,48.626152
13,3,60.234222
13,4,67.39264
13,5,71.90379
13,6,74.747955
13,7,76.44054
13,8,77.22783
13,9,77.173965
14,0,0.0
14,1,49.65622
14,10,87.68363
14,11,86.24991
14,12,83.39125
14,13,77.5518
14,14,64.362816
14,15,30.0
14,2,69.07085
14,3,78.00128
14,4,82.70041
14,5,85.40817
14,6,87.02906
14,7,87.96072
14,8,88.37391
14,9,88.307724
15,0,0.0
15,1,100.0
15,10,100.0
15,11,100.0
15,12,100.0
15,13,100.0
15,14,100.0
15,15,30.0
15,2,100.0
15,3,100.0
15,4,100.0
15,5,100.0
15,6,100.0
15,7,100.0
15,8,100.0
15,9,100.0
2,0,0.0
2,1,1.2843268
2,10,10.108034
2,11,11.359867
2,12,13.253101
2,13,16.362585
2,14,21.62975
2,15,30.0
2,2,2.53534
2,3,3.7236602
2,4,4.8272877
2,5,5.8343754
2,6,6.7456074
2,7,7.5769706
2,8,8.3642645
2,9,9.171612
3,0,0.0
3,1,1.9679667
3,10,14.731178
3,11,16.1388
3,12,18.058933
3,13,20.834248
3,14,24.815826
3,15,30.0
3,2,3.8810763
3,3,5.6909533
3,4,7.3610764
3,5,8.870572
3,6,10.2167635
3,7,11.417514
3,8,12.514791
3,9,13.581174
4,0,0.0
4,1,2.7068157
4,10,19.098192
4,11,20.406502
4,12,22.010593
4,13,24.100344
4,14,26.799664
4,15,30.0
4,2,5.330736
4,3,7.7989974
4,4,10.056757
4,5,12.071547
4,6,13.834982
4,7,15.363229
4,8,16.697912
4,9,17.908745
5,0,0.0
5,1,3.5290084
5,10,23.348236
5,11,24.380037
5,12,25.477882
5,13,26.757755
5,14,28.282948
5,15,30.0
5,2,6.9369297
5,3,10.118809
5,4,12.997009
5,5,15.525747
5,6,17.690447
5,7,19.504663
5,8,21.007046
5,9,22.259766
6,0,0.0
6,1,4.4728117
6,10,27.657152
6,11,28.289442
6,12,28.764633
6,13,29.170897
6,14,29.574898
6,15,30.0
6,2,8.770191
6,3,12.743785
6,4,16.2886
6,5,19.346176
6,6,21.89881
6,7,23.960453
6,8,25.568373
6,9,26.777458
7,0,0.0
7,1,5.5926266
7,10,32.215927
7,11,32.35803
7,12,32.121986
7,13,31.58744
7,14,30.846342
7,15,30.0
7,2,10.928372
7,3,15.799175
7,4,20.069504
7,5,23.673967
7,6,26.600822
7,7,28.872753
7,8,30.53133
7,9,31.627213
8,0,0.0
8,1,6.9699297
8,10,37.22387
8,11,36.806976
8,12,35.77957
8,13,34.211758
8,14,32.223644
8,15,30.0
8,2,13.552687
8,3,19.456766
8,4,24.518448
8,5,28.681911
8,6,31.960558
8,7,34.401344
8,8,36.059917
8,9,36.986946
9,0,0.0
9,1,8.735018
9,10,42.888214
9,11,41.868645
9,12,39.97934
9,13,37.257576
9,14,33.837105
9,15,30.0
9,2,16.856874
9,3,23.958488
9,4,29.867807
9,5,34.577236
9,6,38.160973
9,7,40.715088
9,8,42.323006
9,9,43.039616
