0,0,0.0
0,1,0.0
0,10,0.0
0,11,0.0
0,12,0.0
0,13,0.0
0,14,0.0
0,15,0.0
0,16,0.0
0,17,0.0
0,18,0.0
0,19,0.0
0,2,0.0
0,20,0.0
0,21,0.0
0,22,0.0
0,23,0.0
0,24,0.0
0,25,0.0
0,26,0.0
0,27,0.0
0,28,0.0
0,29,30.0
0,3,0.0
0,4,0.0
0,5,0.0
0,6,0.0
0,7,0.0
0,8,0.0
0,9,0.0
1,0,0.0
1,1,0.92061466
1,10,5.1304083
1,11,5.193737
1,12,5.230299
1,13,5.2506733
1,14,5.261414
1,15,5.267179
1,16,5.270845
1,17,5.274581
1,18,5.2808414
1,19,5.292787
1,2,1.7973903
1,20,5.316702
1,21,5.3625407
1,22,5.450147
1,23,5.6131954
1,24,5.918149
1,25,6.4931254
1,26,7.6202283
1,27,9.979943
1,28,15.460307
1,29,30.0
1,3,2.5944595
1,4,3.282837
1,5,3.851497
1,6,4.296535
1,7,4.6303134
1,8,4.86674
1,9,5.0275116
10,0,0.0
10,1,5.1304026
10,10,28.476595
10,11,28.818539
10,12,29.016209
10,13,29.124393
10,14,29.180668
10,15,29.208458
10,16,29.221718
10,17,29.228365
10,18,29.232708
10,19,29.237795
10,2,10.017443
10,20,29.245705
10,21,29.259699
10,22,29.282589
10,23,29.319658
10,24,29.37462
10,25,29.453278
10,26,29.557129
10,27,29.687115
10,28,29.837515
10,29,30.0
10,3,14.449874
10,4,18.280088
10,5,21.429375
10,6,23.896376
10,7,25.733507
10,8,27.03651
10,9,27.914047
11,0,0.0
11,1,5.193722
11,10,28.818535
11,11,29.164314
11,12,29.363808
11,13,29.473114
11,14,29.52983
11,15,29.557785
11,16,29.57098
11,17,29.577187
11,18,29.580732
11,19,29.583904
11,2,10.140122
11,20,29.588661
11,21,29.59638
11,22,29.60952
11,23,29.629877
11,24,29.660778
11,25,29.703697
11,26,29.760891
11,27,29.831154
11,28,29.912598
11,29,30.0
11,3,14.627519
11,4,18.502996
11,5,21.691082
11,6,24.186102
11,7,26.045456
11,8,27.3625
11,9,28.250326
12,0,0.0
12,1,5.2302513
12,10,29.016197
12,11,29.3638
12,12,29.564486
12,13,29.674305
12,14,29.731304
12,15,29.759335
12,16,29.772453
12,17,29.778454
12,18,29.781403
12,19,29.783575
12,2,10.21183
12,20,29.786161
12,21,29.790432
12,22,29.797232
12,23,29.808193
12,24,29.824188
12,25,29.846905
12,26,29.876427
12,27,29.913038
12,28,29.954933
12,29,30.0
12,3,14.730005
12,4,18.632965
12,5,21.842064
12,6,24.35448
12,7,26.225428
12,8,27.55136
12,9,28.444334
13,0,0.0
13,1,5.250546
13,10,29.124352
13,11,29.473095
13,12,29.674294
13,13,29.784431
13,14,29.841549
13,15,29.869617
13,16,29.882708
13,17,29.888554
13,18,29.891232
13,19,29.892735
13,2,10.251065
13,20,29.894247
13,21,29.896358
13,22,29.899872
13,23,29.905218
13,24,29.913326
13,25,29.924454
13,26,29.939217
13,27,29.957159
13,28,29.97787
13,29,30.0
13,3,14.78683
13,4,18.70408
13,5,21.9255
13,6,24.44661
13,7,26.324516
13,8,27.6547
13,9,28.550827
14,0,0.0
14,1,5.2610683
14,10,29.180555
14,11,29.529766
14,12,29.731277
14,13,29.841536
14,14,29.898724
14,15,29.92681
14,16,29.93987
14,17,29.945656
14,18,29.948154
14,19,29.949368
14,2,10.271736
14,20,29.950224
14,21,29.95132
14,22,29.952938
14,23,29.95553
14,24,29.959274
14,25,29.964598
14,26,29.971458
14,27,29.979952
14,28,29.989616
14,29,30.0
14,3,14.816294
14,4,18.74143
14,5,21.968761
14,6,24.494804
14,7,26.375895
14,8,27.708548
14,9,28.606045
15,0,0.0
15,1,5.2663307
15,10,29.208145
15,11,29.557627
15,12,29.759249
15,13,29.869583
15,14,29.926794
15,15,29.954885
15,16,29.96794
15,17,29.973682
15,18,29.976114
15,19,29.977152
15,2,10.281883
15,20,29.977737
15,21,29.97826
15,22,29.979029
15,23,29.980152
15,24,29.981865
15,25,29.984196
15,26,29.987297
15,27,29.991047
15,28,29.995382
15,29,30.0
15,3,14.830992
15,4,18.759764
15,5,21.990253
15,6,24.518457
15,7,26.4013
15,8,27.73498
15,9,28.633253
16,0,0.0
16,1,5.268773
16,10,29.220987
16,11,29.57056
16,12,29.772247
16,13,29.882605
16,14,29.939827
16,15,29.96792
16,16,29.980968
16,17,29.986702
16,18,29.98909
16,19,29.990068
16,2,10.286686
16,20,29.990494
16,21,29.990797
16,22,29.991123
16,23,29.99162
16,24,29.992321
16,25,29.993328
16,26,29.994617
16,27,29.996222
16,28,29.998043
16,29,30.0
16,3,14.837812
16,4,18.768406
16,5,22.000227
16,6,24.529556
16,7,26.413095
16,8,27.747324
16,9,28.645882
17,0,0.0
17,1,5.2698684
17,10,29.22662
17,11,29.576242
17,12,29.777946
17,13,29.888319
17,14,29.945545
17,15,29.97364
17,16,29.986687
17,17,29.992409
17,18,29.99479
17,19,29.995726
17,2,10.288791
17,20,29.996105
17,21,29.996288
17,22,29.996447
17,23,29.99664
17,24,29.996933
17,25,29.997322
17,26,29.99785
17,27,29.998482
17,28,29.999218
17,29,30.0
17,3,14.840863
17,4,18.772198
17,5,22.004667
17,6,24.53442
17,7,26.418312
17,8,27.752735
17,9,28.651445
18,0,0.0
18,1,5.270322
18,10,29.228958
18,11,29.578594
18,12,29.78031
18,13,29.890682
18,14,29.947914
18,15,29.97601
18,16,29.989052
18,17,29.994774
18,18,29.997143
18,19,29.998075
18,2,10.289682
18,20,29.998425
18,21,29.998568
18,22,29.998646
18,23,29.99873
18,24,29.998837
18,25,29.99899
18,26,29.999184
18,27,29.999428
18,28,29.999702
18,29,30.0
18,3,14.842124
18,4,18.773796
18,5,22.006498
18,6,24.53646
18,7,26.420471
18,8,27.75499
18,9,28.653748
19,0,0.0
19,1,5.2705026
19,10,29.229868
19,11,29.579512
19,12,29.781229
19,13,29.891605
19,14,29.948835
19,15,29.976929
19,16,29.989975
19,17,29.995693
19,18,29.998064
19,19,29.998985
19,2,10.290029
19,20,29.999332
19,21,29.999454
19,22,29.99951
19,23,29.999544
19,24,29.999588
19,25,29.999638
19,26,29.99971
19,27,29.999796
19,28,29.999893
19,29,30.0
19,3,14.842628
19,4,18.774418
19,5,22.007229
19,6,24.537254
19,7,26.421322
19,8,27.755867
19,9,28.654648
2,0,0.0
2,1,1.7973903
2,10,10.017452
2,11,10.140152
2,12,10.211912
2,13,10.251303
2,14,10.272343
2,15,10.283442
2,16,10.290364
2,17,10.297358
2,18,10.308425
2,19,10.330132
2,2,3.5110888
2,20,10.372036
2,21,10.453349
2,22,10.604355
2,23,10.882537
2,24,11.382868
2,25,12.280651
2,26,13.884298
2,27,16.755545
2,28,21.817448
2,29,30.0
2,3,5.0653725
2,4,6.412199
2,5,7.519589
2,6,8.391122
2,7,9.040136
2,8,9.503532
2,9,9.815618
20,0,0.0
20,1,5.270569
20,10,29.230202
20,11,29.57985
20,12,29.781567
20,13,29.891941
20,14,29.949173
20,15,29.977268
20,16,29.990314
20,17,29.996033
20,18,29.998402
20,19,29.999325
20,2,10.290159
20,20,29.999664
20,21,29.999784
20,22,29.999826
20,23,29.999844
20,24,29.99986
20,25,29.999878
20,26,29.999905
20,27,29.999931
20,28,29.999964
20,29,30.0
20,3,14.842812
20,4,18.77465
20,5,22.007494
20,6,24.53755
20,7,26.42163
20,8,27.756195
20,9,28.65498
21,0,0.0
21,1,5.2705927
21,10,29.23032
21,11,29.579964
21,12,29.781683
21,13,29.89206
21,14,29.94929
21,15,29.977386
21,16,29.990429
21,17,29.996151
21,18,29.998516
21,19,29.99944
21,2,10.290205
21,20,29.999779
21,21,29.999897
21,22,29.999935
21,23,29.999949
21,24,29.999958
21,25,29.999962
21,26,29.99997
21,27,29.99998
21,28,29.999989
21,29,30.0
21,3,14.842877
21,4,18.77473
21,5,22.00759
21,6,24.537651
21,7,26.421741
21,8,27.756306
21,9,28.655094
22,0,0.0
22,1,5.2706003
22,10,29.230356
22,11,29.580002
22,12,29.781721
22,13,29.892097
22,14,29.949326
22,15,29.97742
22,16,29.990469
22,17,29.99619
22,18,29.998556
22,19,29.999477
22,2,10.29022
22,20,29.999817
22,21,29.999931
22,22,29.99997
22,23,29.999985
22,24,29.999987
22,25,29.999992
22,26,29.999992
22,27,29.999996
22,28,29.999996
22,29,30.0
22,3,14.842898
22,4,18.774757
22,5,22.007618
22,6,24.537685
22,7,26.421778
22,8,27.756342
22,9,28.655132
23,0,0.0
23,1,5.2706027
23,10,29.230366
23,11,29.580013
23,12,29.78173
23,13,29.892105
23,14,29.949337
23,15,29.977434
23,16,29.990477
23,17,29.9962
23,18,29.998568
23,19,29.999489
23,2,10.290224
23,20,29.999828
23,21,29.999943
23,22,29.999983
23,23,29.999992
23,24,29.999998
23,25,29.999998
23,26,30.0
23,27,30.0
23,28,30.0
23,29,30.0
23,3,14.842904
23,4,18.774765
23,5,22.007627
23,6,24.537695
23,7,26.421787
23,8,27.756351
23,9,28.655142
24,0,0.0
24,1,5.270604
24,10,29.230371
24,11,29.580015
24,12,29.781734
24,13,29.89211
24,14,29.94934
24,15,29.977436
24,16,29.990482
24,17,29.9962
24,18,29.99857
24,19,29.999493
24,2,10.290225
24,20,29.99983
24,21,29.999947
24,22,29.999985
24,23,29.999996
24,24,30.0
24,25,30.0
24,26,30.0
24,27,30.0
24,28,30.0
24,29,30.0
24,3,14.842909
24,4,18.774765
24,5,22.007631
24,6,24.537697
24,7,26.42179
24,8,27.756357
24,9,28.655144
25,0,0.0
25,1,5.270603
25,10,29.23037
25,11,29.580017
25,12,29.781734
25,13,29.892109
25,14,29.949343
25,15,29.977438
25,16,29.99048
25,17,29.996202
25,18,29.99857
25,19,29.999493
25,2,10.290228
25,20,29.99983
25,21,29.999947
25,22,29.999987
25,23,29.999996
25,24,30.0
25,25,30.0
25,26,30.0
25,27,30.0
25,28,30.0
25,29,30.0
25,3,14.842905
25,4,18.774769
25,5,22.00763
25,6,24.537699
25,7,26.421791
25,8,27.756355
25,9,28.655146
26,0,0.0
26,1,5.270604
26,10,29.23037
26,11,29.580017
26,12,29.781734
26,13,29.892113
26,14,29.94934
26,15,29.97744
26,16,29.990482
26,17,29.996204
26,18,29.99857
26,19,29.999493
26,2,10.290225
26,20,29.99983
26,21,29.999947
26,22,29.999985
26,23,29.999996
26,24,30.0
26,25,30.0
26,26,30.0
26,27,30.0
26,28,30.0
26,29,30.0
26,3,14.842909
26,4,18.774767
26,5,22.007631
26,6,24.537697
26,7,26.42179
26,8,27.756357
26,9,28.655146
27,0,0.0
27,1,5.270603
27,10,29.23037
27,11,29.580017
27,12,29.781734
27,13,29.89211
27,14,29.949343
27,15,29.977438
27,16,29.990482
27,17,29.996202
27,18,29.998571
27,19,29.999493
27,2,10.290228
27,20,29.99983
27,21,29.999949
27,22,29.999987
27,23,29.999996
27,24,30.0
27,25,30.0
27,26,30.0
27,27,30.0
27,28,30.0
27,29,30.0
27,3,14.842907
27,4,18.774769
27,5,22.00763
27,6,24.537699
27,7,26.42179
27,8,27.756355
27,9,28.655146
28,0,0.0
28,1,5.270604
28,10,29.23037
28,11,29.580017
28,12,29.781736
28,13,29.89211
28,14,29.94934
28,15,29.977436
28,16,29.990482
28,17,29.996204
28,18,29.99857
28,19,29.99949
28,2,10.290226
28,20,29.999832
28,21,29.999949
28,22,29.999987
28,23,29.999996
28,24,30.0
28,25,30.0
28,26,30.0
28,27,30.0
28,28,30.0
28,29,30.0
28,3,14.842908
28,4,18.774769
28,5,22.007631
28,6,24.537699
28,7,26.421791
28,8,27.756355
28,9,28.655146
29,0,0.0
29,1,5.270604
29,10,29.230371
29,11,29.580017
29,12,29.781734
29,13,29.89211
29,14,29.94934
29,15,29.977436
29,16,29.990482
29,17,29.996204
29,18,29.998568
29,19,29.99949
29,2,10.290227
29,20,29.99983
29,21,29.999947
29,22,29.999987
29,23,29.999998
29,24,30.0
29,25,30.0
29,26,30.0
29,27,30.0
29,28,30.0
29,29,30.0
29,3,14.842908
29,4,18.774769
29,5,22.007631
29,6,24.537697
29,7,26.421791
29,8,27.756357
29,9,28.655144
3,0,0.0
3,1,2.5944595
3,10,14.449886
3,11,14.627553
3,12,14.730114
3,13,14.787119
3,14,14.8170805
3,15,14.83292
3,16,14.842522
3,17,14.851534
3,18,14.865845
3,19,14.892466
3,2,5.0653725
3,20,14.944908
3,21,15.043107
3,22,15.225271
3,23,15.54883
3,24,16.114143
3,25,17.071201
3,26,18.655514
3,27,21.181072
3,28,24.974232
3,29,30.0
3,3,7.311028
3,4,9.250457
3,5,10.851684
3,6,12.104816
3,7,13.043847
3,8,13.708996
3,9,14.160753
30,0,0.0
30,1,5.270603
30,10,29.23037
30,11,29.580017
30,12,29.781734
30,13,29.892109
30,14,29.949343
30,15,29.977438
30,16,29.990482
30,17,29.9962
30,18,29.99857
30,19,29.999493
30,2,10.290228
30,20,29.99983
30,21,29.999949
30,22,29.999987
30,23,29.999996
30,24,30.0
30,25,30.0
30,26,30.0
30,27,30.0
30,28,30.0
30,29,30.0
30,3,14.842907
30,4,18.774769
30,5,22.00763
30,6,24.5377
30,7,26.421791
30,8,27.756357
30,9,28.655146
31,0,0.0
31,1,5.270604
31,10,29.230371
31,11,29.580017
31,12,29.781734
31,13,29.89211
31,14,29.94934
31,15,29.977436
31,16,29.990482
31,17,29.9962
31,18,29.998566
31,19,29.999493
31,2,10.290226
31,20,29.99983
31,21,29.999949
31,22,29.999985
31,23,29.999998
31,24,30.0
31,25,30.0
31,26,30.0
31,27,30.0
31,28,30.0
31,29,30.0
31,3,14.842908
31,4,18.774767
31,5,22.007633
31,6,24.537697
31,7,26.421795
31,8,27.75636
31,9,28.655148
32,0,0.0
32,1,5.270603
32,10,29.23037
32,11,29.580017
32,12,29.781736
32,13,29.892113
32,14,29.949343
32,15,29.97744
32,16,29.990482
32,17,29.9962
32,18,29.998568
32,19,29.99949
32,2,10.290228
32,20,29.99983
32,21,29.999947
32,22,29.999985
32,23,29.999996
32,24,30.0
32,25,30.0
32,26,30.0
32,27,30.0
32,28,30.0
32,29,30.0
32,3,14.842906
32,4,18.774769
32,5,22.00763
32,6,24.5377
32,7,26.421791
32,8,27.75636
32,9,28.655146
33,0,0.0
33,1,5.270604
33,10,29.23037
33,11,29.580017
33,12,29.781734
33,13,29.892113
33,14,29.949343
33,15,29.977438
33,16,29.990482
33,17,29.9962
33,18,29.998566
33,19,29.99949
33,2,10.290226
33,20,29.99983
33,21,29.999947
33,22,29.999985
33,23,29.999996
33,24,30.0
33,25,30.0
33,26,30.0
33,27,30.0
33,28,30.0
33,29,30.0
33,3,14.842908
33,4,18.774767
33,5,22.007631
33,6,24.537699
33,7,26.421791
33,8,27.756355
33,9,28.655146
34,0,0.0
34,1,5.2706037
34,10,29.23037
34,11,29.580017
34,12,29.781736
34,13,29.892113
34,14,29.949343
34,15,29.977438
34,16,29.990482
34,17,29.9962
34,18,29.998566
34,19,29.99949
34,2,10.290228
34,20,29.99983
34,21,29.999947
34,22,29.999985
34,23,29.999996
34,24,30.0
34,25,30.0
34,26,30.0
34,27,30.0
34,28,30.0
34,29,30.0
34,3,14.842908
34,4,18.774769
34,5,22.007631
34,6,24.537699
34,7,26.421791
34,8,27.756355
34,9,28.655146
35,0,0.0
35,1,5.270604
35,10,29.23037
35,11,29.580017
35,12,29.781734
35,13,29.892113
35,14,29.949343
35,15,29.977438
35,16,29.990482
35,17,29.9962
35,18,29.998566
35,19,29.99949
35,2,10.290227
35,20,29.99983
35,21,29.999947
35,22,29.999985
35,23,29.999996
35,24,30.0
35,25,30.0
35,26,30.0
35,27,30.0
35,28,30.0
35,29,30.0
35,3,14.842908
35,4,18.774769
35,5,22.007631
35,6,24.537699
35,7,26.421791
35,8,27.756355
35,9,28.655146
36,0,0.0
36,1,5.2706037
36,10,29.23037
36,11,29.580017
36,12,29.781734
36,13,29.892113
36,14,29.949343
36,15,29.977438
36,16,29.990482
36,17,29.9962
36,18,29.998566
36,19,29.99949
36,2,10.290228
36,20,29.99983
36,21,29.999947
36,22,29.999985
36,23,29.999996
36,24,30.0
36,25,30.0
36,26,30.0
36,27,30.0
36,28,30.0
36,29,30.0
36,3,14.842908
36,4,18.774769
36,5,22.007631
36,6,24.537699
36,7,26.421791
36,8,27.756355
36,9,28.655146
37,0,0.0
37,1,5.270604
37,10,29.23037
37,11,29.580017
37,12,29.781736
37,13,29.892113
37,14,29.949343
37,15,29.977438
37,16,29.990482
37,17,29.9962
37,18,29.998566
37,19,29.99949
37,2,10.290227
37,20,29.99983
37,21,29.999947
37,22,29.999985
37,23,29.999996
37,24,30.0
37,25,30.0
37,26,30.0
37,27,30.0
37,28,30.0
37,29,30.0
37,3,14.842908
37,4,18.774769
37,5,22.007631
37,6,24.537697
37,7,26.421791
37,8,27.756355
37,9,28.655146
38,0,0.0
38,1,5.2706037
38,10,29.23037
38,11,29.580017
38,12,29.781736
38,13,29.892113
38,14,29.949343
38,15,29.977438
38,16,29.99048
38,17,29.9962
38,18,29.998566
38,19,29.99949
38,2,10.290226
38,20,29.99983
38,21,29.999947
38,22,29.999985
38,23,29.999996
38,24,30.0
38,25,30.0
38,26,30.0
38,27,30.0
38,28,30.0
38,29,30.0
38,3,14.842908
38,4,18.774769
38,5,22.007631
38,6,24.537699
38,7,26.421791
38,8,27.756355
38,9,28.655146
39,0,0.0
39,1,5.270603
39,10,29.23037
39,11,29.580017
39,12,29.781736
39,13,29.892113
39,14,29.949343
39,15,29.977438
39,16,29.990482
39,17,29.996199
39,18,29.998568
39,19,29.99949
39,2,10.290226
39,20,29.999828
39,21,29.999947
39,22,29.999985
39,23,29.999996
39,24,30.0
39,25,30.0
39,26,30.0
39,27,30.0
39,28,30.0
39,29,30.0
39,3,14.842907
39,4,18.774769
39,5,22.00763
39,6,24.537697
39,7,26.421791
39,8,27.756357
39,9,28.655146
4,0,0.0
4,1,3.2828367
4,10,18.280098
4,11,18.503035
4,12,18.633074
4,13,18.704395
4,14,18.742231
4,15,18.76183
4,16,18.773266
4,17,18.783491
4,18,18.798325
4,19,18.826458
4,2,6.412199
4,20,18.87939
4,21,18.979618
4,22,19.158815
4,23,19.473198
4,24,19.99929
4,25,20.854208
4,26,22.17925
4,27,24.131546
4,28,26.789711
4,29,30.0
4,3,9.250457
4,4,11.708414
4,5,13.729401
4,6,15.318343
4,7,16.501598
4,8,17.345215
4,9,17.913372
40,0,0.0
40,1,5.270603
40,10,29.230371
40,11,29.580017
40,12,29.781736
40,13,29.89211
40,14,29.94934
40,15,29.977436
40,16,29.990479
40,17,29.9962
40,18,29.998568
40,19,29.99949
40,2,10.290226
40,20,29.999828
40,21,29.999949
40,22,29.999985
40,23,29.999996
40,24,30.0
40,25,30.0
40,26,30.0
40,27,30.0
40,28,30.0
40,29,30.0
40,3,14.842907
40,4,18.774767
40,5,22.007631
40,6,24.537697
40,7,26.42179
40,8,27.756357
40,9,28.655146
41,0,0.0
41,1,5.270603
41,10,29.230371
41,11,29.580015
41,12,29.781734
41,13,29.892109
41,14,29.94934
41,15,29.977436
41,16,29.990482
41,17,29.9962
41,18,29.998566
41,19,29.99949
41,2,10.290226
41,20,29.99983
41,21,29.999947
41,22,29.999985
41,23,29.999996
41,24,30.0
41,25,30.0
41,26,30.0
41,27,30.0
41,28,30.0
41,29,30.0
41,3,14.842907
41,4,18.774767
41,5,22.00763
41,6,24.537697
41,7,26.421791
41,8,27.756357
41,9,28.655146
42,0,0.0
42,1,5.270603
42,10,29.23037
42,11,29.580017
42,12,29.781734
42,13,29.892109
42,14,29.94934
42,15,29.977438
42,16,29.990482
42,17,29.9962
42,18,29.99857
42,19,29.999493
42,2,10.290226
42,20,29.999828
42,21,29.999947
42,22,29.999985
42,23,29.999996
42,24,30.0
42,25,30.0
42,26,30.0
42,27,30.0
42,28,30.0
42,29,30.0
42,3,14.842906
42,4,18.774767
42,5,22.00763
42,6,24.537697
42,7,26.42179
42,8,27.756357
42,9,28.655146
43,0,0.0
43,1,5.270603
43,10,29.230371
43,11,29.580017
43,12,29.781736
43,13,29.892109
43,14,29.94934
43,15,29.977438
43,16,29.990482
43,17,29.996204
43,18,29.998566
43,19,29.999493
43,2,10.290226
43,20,29.99983
43,21,29.999947
43,22,29.999985
43,23,29.999996
43,24,30.0
43,25,30.0
43,26,30.0
43,27,30.0
43,28,30.0
43,29,30.0
43,3,14.842906
43,4,18.774767
43,5,22.00763
43,6,24.537697
43,7,26.42179
43,8,27.756357
43,9,28.655144
44,0,0.0
44,1,5.270603
44,10,29.23037
44,11,29.580017
44,12,29.781736
44,13,29.892109
44,14,29.94934
44,15,29.977436
44,16,29.990482
44,17,29.9962
44,18,29.99857
44,19,29.999493
44,2,10.290226
44,20,29.99983
44,21,29.999949
44,22,29.999985
44,23,29.999996
44,24,30.0
44,25,30.0
44,26,30.0
44,27,30.0
44,28,30.0
44,29,30.0
44,3,14.842906
44,4,18.774767
44,5,22.00763
44,6,24.537697
44,7,26.42179
44,8,27.756357
44,9,28.655146
45,0,0.0
45,1,5.270603
45,10,29.230371
45,11,29.580017
45,12,29.781734
45,13,29.89211
45,14,29.94934
45,15,29.977438
45,16,29.990482
45,17,29.996202
45,18,29.99857
45,19,29.999493
45,2,10.290226
45,20,29.99983
45,21,29.999947
45,22,29.999985
45,23,29.999996
45,24,30.0
45,25,30.0
45,26,30.0
45,27,30.0
45,28,30.0
45,29,30.0
45,3,14.842907
45,4,18.774767
45,5,22.00763
45,6,24.537697
45,7,26.421791
45,8,27.756357
45,9,28.655144
46,0,0.0
46,1,5.270603
46,10,29.23037
46,11,29.580017
46,12,29.781734
46,13,29.892109
46,14,29.94934
46,15,29.977436
46,16,29.990482
46,17,29.996202
46,18,29.99857
46,19,29.999493
46,2,10.290226
46,20,29.99983
46,21,29.999947
46,22,29.999985
46,23,29.999996
46,24,30.0
46,25,30.0
46,26,30.0
46,27,30.0
46,28,30.0
46,29,30.0
46,3,14.842906
46,4,18.774767
46,5,22.00763
46,6,24.537697
46,7,26.421791
46,8,27.756357
46,9,28.655146
47,0,0.0
47,1,5.270603
47,10,29.230371
47,11,29.580017
47,12,29.781734
47,13,29.89211
47,14,29.94934
47,15,29.977436
47,16,29.990482
47,17,29.996202
47,18,29.99857
47,19,29.999493
47,2,10.290226
47,20,29.999832
47,21,29.999947
47,22,29.999985
47,23,29.999996
47,24,30.0
47,25,30.0
47,26,30.0
47,27,30.0
47,28,30.0
47,29,30.0
47,3,14.842907
47,4,18.774767
47,5,22.00763
47,6,24.537697
47,7,26.42179
47,8,27.75636
47,9,28.655146
48,0,0.0
48,1,5.270603
48,10,29.23037
48,11,29.580017
48,12,29.781736
48,13,29.892109
48,14,29.94934
48,15,29.977438
48,16,29.990482
48,17,29.996202
48,18,29.99857
48,19,29.999493
48,2,10.290227
48,20,29.99983
48,21,29.999949
48,22,29.999987
48,23,29.999996
48,24,30.0
48,25,30.0
48,26,30.0
48,27,30.0
48,28,30.0
48,29,30.0
48,3,14.842907
48,4,18.774769
48,5,22.007633
48,6,24.537697
48,7,26.421791
48,8,27.756355
48,9,28.655146
49,0,0.0
49,1,5.270604
49,10,29.230371
49,11,29.580015
49,12,29.781738
49,13,29.892109
49,14,29.94934
49,15,29.977436
49,16,29.990482
49,17,29.996204
49,18,29.998571
49,19,29.999493
49,2,10.290226
49,20,29.999832
49,21,29.999947
49,22,29.999985
49,23,29.999998
49,24,30.0
49,25,30.0
49,26,30.0
49,27,30.0
49,28,30.0
49,29,30.0
49,3,14.842909
49,4,18.774769
49,5,22.007631
49,6,24.5377
49,7,26.421791
49,8,27.75636
49,9,28.655146
5,0,0.0
5,1,3.851497
5,10,21.429386
5,11,21.691113
5,12,21.84217
5,13,21.925777
5,14,21.96952
5,15,21.992107
5,16,22.004774
5,17,22.01491
5,18,22.029173
5,19,22.054346
5,2,7.5195885
5,20,22.10276
5,21,22.190659
5,22,22.348295
5,23,22.614555
5,24,23.051493
5,25,23.730103
5,26,24.73754
5,27,26.136717
5,28,27.933346
5,29,30.0
5,3,10.851685
5,4,13.729401
5,5,16.10299
5,6,17.960577
5,7,19.350483
5,8,20.335001
5,9,21.002304
50,0,0.0
50,1,5.2706037
50,10,29.23037
50,11,29.580017
50,12,29.781734
50,13,29.892109
50,14,29.94934
50,15,29.977436
50,16,29.990482
50,17,29.996202
50,18,29.99857
50,19,29.999493
50,2,10.290228
50,20,29.999832
50,21,29.999947
50,22,29.999985
50,23,29.999996
50,24,30.0
50,25,30.0
50,26,30.0
50,27,30.0
50,28,30.0
50,29,30.0
50,3,14.842906
50,4,18.774769
50,5,22.007631
50,6,24.537697
50,7,26.421793
50,8,27.756355
50,9,28.655146
51,0,0.0
51,1,5.270604
51,10,29.23037
51,11,29.580015
51,12,29.781734
51,13,29.89211
51,14,29.94934
51,15,29.977436
51,16,29.990482
51,17,29.996202
51,18,29.998571
51,19,29.999493
51,2,10.290227
51,20,29.999832
51,21,29.999947
51,22,29.999985
51,23,29.999996
51,24,30.0
51,25,30.0
51,26,30.0
51,27,30.0
51,28,30.0
51,29,30.0
51,3,14.842907
51,4,18.774769
51,5,22.00763
51,6,24.5377
51,7,26.421791
51,8,27.75636
51,9,28.655146
52,0,0.0
52,1,5.270604
52,10,29.230371
52,11,29.580015
52,12,29.781738
52,13,29.89211
52,14,29.94934
52,15,29.977436
52,16,29.99048
52,17,29.996204
52,18,29.99857
52,19,29.999495
52,2,10.290226
52,20,29.99983
52,21,29.999947
52,22,29.999985
52,23,29.999996
52,24,30.0
52,25,30.0
52,26,30.0
52,27,30.0
52,28,30.0
52,29,30.0
52,3,14.842908
52,4,18.774767
52,5,22.007633
52,6,24.537697
52,7,26.421791
52,8,27.756357
52,9,28.655144
53,0,0.0
53,1,5.2706037
53,10,29.23037
53,11,29.580017
53,12,29.781734
53,13,29.892109
53,14,29.94934
53,15,29.977436
53,16,29.990482
53,17,29.996202
53,18,29.99857
53,19,29.999493
53,2,10.290228
53,20,29.99983
53,21,29.999949
53,22,29.999985
53,23,29.999996
53,24,30.0
53,25,30.0
53,26,30.0
53,27,30.0
53,28,30.0
53,29,30.0
53,3,14.842907
53,4,18.774769
53,5,22.00763
53,6,24.5377
53,7,26.42179
53,8,27.756355
53,9,28.655146
54,0,0.0
54,1,5.270604
54,10,29.23037
54,11,29.580013
54,12,29.781734
54,13,29.892109
54,14,29.94934
54,15,29.977436
54,16,29.99048
54,17,29.996202
54,18,29.99857
54,19,29.999493
54,2,10.290227
54,20,29.999832
54,21,29.999947
54,22,29.999985
54,23,29.999996
54,24,30.0
54,25,30.0
54,26,30.0
54,27,30.0
54,28,30.0
54,29,30.0
54,3,14.842909
54,4,18.774767
54,5,22.007631
54,6,24.537697
54,7,26.421791
54,8,27.756357
54,9,28.655146
55,0,0.0
55,1,5.270603
55,10,29.23037
55,11,29.580015
55,12,29.781734
55,13,29.892109
55,14,29.94934
55,15,29.977436
55,16,29.99048
55,17,29.996204
55,18,29.99857
55,19,29.999493
55,2,10.290227
55,20,29.999832
55,21,29.999947
55,22,29.999985
55,23,29.999996
55,24,30.0
55,25,30.0
55,26,30.0
55,27,30.0
55,28,30.0
55,29,30.0
55,3,14.842906
55,4,18.774769
55,5,22.00763
55,6,24.537699
55,7,26.421791
55,8,27.756355
55,9,28.655146
56,0,0.0
56,1,5.270604
56,10,29.23037
56,11,29.580017
56,12,29.781734
56,13,29.89211
56,14,29.94934
56,15,29.977436
56,16,29.990482
56,17,29.996202
56,18,29.99857
56,19,29.999493
56,2,10.290226
56,20,29.999832
56,21,29.999947
56,22,29.999985
56,23,29.999996
56,24,30.0
56,25,30.0
56,26,30.0
56,27,30.0
56,28,30.0
56,29,30.0
56,3,14.842909
56,4,18.774767
56,5,22.007633
56,6,24.537697
56,7,26.421793
56,8,27.75636
56,9,28.655146
57,0,0.0
57,1,5.270603
57,10,29.230371
57,11,29.580015
57,12,29.781736
57,13,29.892109
57,14,29.94934
57,15,29.977436
57,16,29.99048
57,17,29.996202
57,18,29.99857
57,19,29.999493
57,2,10.290227
57,20,29.99983
57,21,29.999947
57,22,29.999985
57,23,29.999996
57,24,30.0
57,25,30.0
57,26,30.0
57,27,30.0
57,28,30.0
57,29,30.0
57,3,14.842906
57,4,18.774769
57,5,22.00763
57,6,24.5377
57,7,26.421791
57,8,27.756357
57,9,28.655146
58,0,0.0
58,1,5.270604
58,10,29.23037
58,11,29.580017
58,12,29.781734
58,13,29.89211
58,14,29.94934
58,15,29.977438
58,16,29.990482
58,17,29.996204
58,18,29.99857
58,19,29.99949
58,2,10.290226
58,20,29.999832
58,21,29.999947
58,22,29.999985
58,23,29.999996
58,24,30.0
58,25,30.0
58,26,30.0
58,27,30.0
58,28,30.0
58,29,30.0
58,3,14.842908
58,4,18.774767
58,5,22.007633
58,6,24.537697
58,7,26.421791
58,8,27.756355
58,9,28.655146
59,0,0.0
59,1,5.270603
59,10,29.230371
59,11,29.580015
59,12,29.781736
59,13,29.892109
59,14,29.94934
59,15,29.977436
59,16,29.990482
59,17,29.996204
59,18,29.99857
59,19,29.999493
59,2,10.290227
59,20,29.99983
59,21,29.999949
59,22,29.999985
59,23,29.999998
59,24,30.0
59,25,30.0
59,26,30.0
59,27,30.0
59,28,30.0
59,29,30.0
59,3,14.842907
59,4,18.774769
59,5,22.00763
59,6,24.5377
59,7,26.421791
59,8,27.756357
59,9,28.655144
6,0,0.0
6,1,4.2965345
6,10,23.896385
6,11,24.186134
6,12,24.35456
6,13,24.446848
6,14,24.495407
6,15,24.520033
6,16,24.533249
6,17,24.543013
6,18,24.554985
6,19,24.576273
6,2,8.391122
6,20,24.614962
6,21,24.686487
6,22,24.809805
6,23,25.017572
6,24,25.346012
6,25,25.84514
6,26,26.55598
6,27,27.508583
6,28,28.683338
6,29,30.0
6,3,12.104817
6,4,15.318344
6,5,17.960575
6,6,20.03515
6,7,21.580046
6,8,22.679367
6,9,23.419731
60,0,0.0
60,1,5.270604
60,10,29.23037
60,11,29.580017
60,12,29.781734
60,13,29.89211
60,14,29.94934
60,15,29.977436
60,16,29.990482
60,17,29.996204
60,18,29.99857
60,19,29.999493
60,2,10.290226
60,20,29.999832
60,21,29.999949
60,22,29.999987
60,23,29.999996
60,24,30.0
60,25,30.0
60,26,30.0
60,27,30.0
60,28,30.0
60,29,30.0
60,3,14.842909
60,4,18.774767
60,5,22.007633
60,6,24.537697
60,7,26.421791
60,8,27.756357
60,9,28.655146
61,0,0.0
61,1,5.270603
61,10,29.23037
61,11,29.580015
61,12,29.781736
61,13,29.892109
61,14,29.94934
61,15,29.977436
61,16,29.990482
61,17,29.996202
61,18,29.998573
61,19,29.999493
61,2,10.290228
61,20,29.999832
61,21,29.999949
61,22,29.999987
61,23,29.999998
61,24,30.0
61,25,30.0
61,26,30.0
61,27,30.0
61,28,30.0
61,29,30.0
61,3,14.842907
61,4,18.774769
61,5,22.00763
61,6,24.537699
61,7,26.421791
61,8,27.756355
61,9,28.655146
62,0,0.0
62,1,5.270604
62,10,29.23037
62,11,29.580017
62,12,29.781734
62,13,29.89211
62,14,29.94934
62,15,29.977436
62,16,29.990482
62,17,29.996204
62,18,29.99857
62,19,29.999496
62,2,10.290226
62,20,29.99983
62,21,29.999949
62,22,29.999987
62,23,29.999998
62,24,30.0
62,25,30.0
62,26,30.0
62,27,30.0
62,28,30.0
62,29,30.0
62,3,14.842908
62,4,18.774767
62,5,22.007631
62,6,24.537697
62,7,26.42179
62,8,27.756357
62,9,28.655146
63,0,0.0
63,1,5.270603
63,10,29.230371
63,11,29.580017
63,12,29.781736
63,13,29.892109
63,14,29.949343
63,15,29.977438
63,16,29.990482
63,17,29.996202
63,18,29.998571
63,19,29.999493
63,2,10.290227
63,20,29.999832
63,21,29.999947
63,22,29.999987
63,23,29.999998
63,24,30.0
63,25,30.0
63,26,30.0
63,27,30.0
63,28,30.0
63,29,30.0
63,3,14.842906
63,4,18.774767
63,5,22.00763
63,6,24.537697
63,7,26.42179
63,8,27.756357
63,9,28.655146
64,0,0.0
64,1,5.270603
64,10,29.23037
64,11,29.580017
64,12,29.781734
64,13,29.892113
64,14,29.94934
64,15,29.977438
64,16,29.990482
64,17,29.996202
64,18,29.99857
64,19,29.999495
64,2,10.290226
64,20,29.999832
64,21,29.999949
64,22,29.999987
64,23,29.999996
64,24,30.0
64,25,30.0
64,26,30.0
64,27,30.0
64,28,30.0
64,29,30.0
64,3,14.842906
64,4,18.774767
64,5,22.00763
64,6,24.537697
64,7,26.42179
64,8,27.756357
64,9,28.655146
65,0,0.0
65,1,5.270603
65,10,29.230371
65,11,29.580017
65,12,29.781736
65,13,29.892109
65,14,29.949343
65,15,29.977438
65,16,29.990482
65,17,29.996202
65,18,29.998571
65,19,29.999493
65,2,10.290226
65,20,29.99983
65,21,29.999947
65,22,29.999987
65,23,29.999998
65,24,30.0
65,25,30.0
65,26,30.0
65,27,30.0
65,28,30.0
65,29,30.0
65,3,14.842906
65,4,18.774767
65,5,22.00763
65,6,24.537697
65,7,26.42179
65,8,27.756357
65,9,28.655146
66,0,0.0
66,1,5.270603
66,10,29.23037
66,11,29.580017
66,12,29.781734
66,13,29.892113
66,14,29.94934
66,15,29.977438
66,16,29.990482
66,17,29.996202
66,18,29.99857
66,19,29.999495
66,2,10.290226
66,20,29.999832
66,21,29.999949
66,22,29.999987
66,23,29.999996
66,24,30.0
66,25,30.0
66,26,30.0
66,27,30.0
66,28,30.0
66,29,30.0
66,3,14.842906
66,4,18.774767
66,5,22.00763
66,6,24.537697
66,7,26.42179
66,8,27.756355
66,9,28.655146
67,0,0.0
67,1,5.270603
67,10,29.230371
67,11,29.580017
67,12,29.781734
67,13,29.892109
67,14,29.949343
67,15,29.977438
67,16,29.990482
67,17,29.996202
67,18,29.998571
67,19,29.999493
67,2,10.290224
67,20,29.99983
67,21,29.999947
67,22,29.999987
67,23,29.999998
67,24,30.0
67,25,30.0
67,26,30.0
67,27,30.0
67,28,30.0
67,29,30.0
67,3,14.842906
67,4,18.774767
67,5,22.00763
67,6,24.537697
67,7,26.42179
67,8,27.756357
67,9,28.655146
68,0,0.0
68,1,5.270603
68,10,29.23037
68,11,29.580017
68,12,29.781734
68,13,29.892113
68,14,29.94934
68,15,29.977438
68,16,29.990482
68,17,29.996202
68,18,29.99857
68,19,29.999495
68,2,10.290226
68,20,29.999828
68,21,29.999949
68,22,29.999985
68,23,29.999996
68,24,30.0
68,25,30.0
68,26,30.0
68,27,30.0
68,28,30.0
68,29,30.0
68,3,14.842906
68,4,18.774767
68,5,22.00763
68,6,24.537697
68,7,26.42179
68,8,27.756353
68,9,28.655146
69,0,0.0
69,1,5.270603
69,10,29.23037
69,11,29.580017
69,12,29.781734
69,13,29.89211
69,14,29.949343
69,15,29.977436
69,16,29.990482
69,17,29.996202
69,18,29.998571
69,19,29.999493
69,2,10.290224
69,20,29.99983
69,21,29.999947
69,22,29.999985
69,23,29.999996
69,24,30.0
69,25,30.0
69,26,30.0
69,27,30.0
69,28,30.0
69,29,30.0
69,3,14.842906
69,4,18.774767
69,5,22.00763
69,6,24.537697
69,7,26.42179
69,8,27.756357
69,9,28.655144
7,0,0.0
7,1,4.630314
7,10,25.733513
7,11,26.045477
7,12,26.225494
7,13,26.324684
7,14,26.376368
7,15,26.402452
7,16,26.41594
7,17,26.424704
7,18,26.434605
7,19,26.45043
7,2,9.040136
7,20,26.479925
7,21,26.53189
7,22,26.622728
7,23,26.770218
7,24,27.002174
7,25,27.34277
7,26,27.818567
7,27,28.435772
7,28,29.180164
7,29,30.0
7,3,13.043848
7,4,16.501598
7,5,19.350483
7,6,21.580046
7,7,23.245485
7,8,24.425175
7,9,25.222939
70,0,0.0
70,1,5.270603
70,10,29.230371
70,11,29.580017
70,12,29.781736
70,13,29.892109
70,14,29.949343
70,15,29.977438
70,16,29.990479
70,17,29.996204
70,18,29.998568
70,19,29.999493
70,2,10.290226
70,20,29.99983
70,21,29.999947
70,22,29.999985
70,23,29.999996
70,24,30.0
70,25,30.0
70,26,30.0
70,27,30.0
70,28,30.0
70,29,30.0
70,3,14.842905
70,4,18.774767
70,5,22.00763
70,6,24.537697
70,7,26.421791
70,8,27.756355
70,9,28.655146
71,0,0.0
71,1,5.270603
71,10,29.23037
71,11,29.580017
71,12,29.781734
71,13,29.89211
71,14,29.94934
71,15,29.977436
71,16,29.990482
71,17,29.9962
71,18,29.998573
71,19,29.999493
71,2,10.290225
71,20,29.99983
71,21,29.999949
71,22,29.999985
71,23,29.999996
71,24,30.0
71,25,30.0
71,26,30.0
71,27,30.0
71,28,30.0
71,29,30.0
71,3,14.842906
71,4,18.774767
71,5,22.00763
71,6,24.537697
71,7,26.421791
71,8,27.756355
71,9,28.655146
72,0,0.0
72,1,5.270603
72,10,29.230371
72,11,29.580015
72,12,29.781734
72,13,29.892109
72,14,29.94934
72,15,29.977438
72,16,29.99048
72,17,29.996202
72,18,29.99857
72,19,29.999493
72,2,10.290226
72,20,29.99983
72,21,29.999947
72,22,29.999985
72,23,29.999996
72,24,30.0
72,25,30.0
72,26,30.0
72,27,30.0
72,28,30.0
72,29,30.0
72,3,14.842905
72,4,18.774767
72,5,22.00763
72,6,24.537697
72,7,26.421791
72,8,27.756357
72,9,28.655146
73,0,0.0
73,1,5.270603
73,10,29.23037
73,11,29.580015
73,12,29.781734
73,13,29.89211
73,14,29.94934
73,15,29.977438
73,16,29.990482
73,17,29.996202
73,18,29.998571
73,19,29.999493
73,2,10.290226
73,20,29.99983
73,21,29.999949
73,22,29.999985
73,23,29.999998
73,24,30.0
73,25,30.0
73,26,30.0
73,27,30.0
73,28,30.0
73,29,30.0
73,3,14.842906
73,4,18.774767
73,5,22.00763
73,6,24.5377
73,7,26.421791
73,8,27.756357
73,9,28.655146
74,0,0.0
74,1,5.270603
74,10,29.230371
74,11,29.580017
74,12,29.781734
74,13,29.89211
74,14,29.94934
74,15,29.97744
74,16,29.990482
74,17,29.996204
74,18,29.998568
74,19,29.999493
74,2,10.290226
74,20,29.99983
74,21,29.999947
74,22,29.999985
74,23,29.999996
74,24,30.0
74,25,30.0
74,26,30.0
74,27,30.0
74,28,30.0
74,29,30.0
74,3,14.842907
74,4,18.774767
74,5,22.00763
74,6,24.537697
74,7,26.421791
74,8,27.756357
74,9,28.655146
75,0,0.0
75,1,5.270604
75,10,29.230371
75,11,29.580019
75,12,29.781738
75,13,29.89211
75,14,29.949345
75,15,29.977438
75,16,29.990482
75,17,29.996202
75,18,29.998573
75,19,29.999493
75,2,10.290227
75,20,29.999834
75,21,29.99995
75,22,29.999987
75,23,30.0
75,24,30.0
75,25,30.0
75,26,30.0
75,27,30.0
75,28,30.0
75,29,30.0
75,3,14.842909
75,4,18.774769
75,5,22.007631
75,6,24.5377
75,7,26.421791
75,8,27.75636
75,9,28.655148
76,0,0.0
76,1,5.270605
76,10,29.230381
76,11,29.580025
76,12,29.781744
76,13,29.892118
76,14,29.949348
76,15,29.977448
76,16,29.99049
76,17,29.996214
76,18,29.998577
76,19,29.999504
76,2,10.29023
76,20,29.99984
76,21,29.999954
76,22,29.999992
76,23,30.000002
76,24,30.000006
76,25,30.000006
76,26,30.000004
76,27,30.000002
76,28,30.0
76,29,30.0
76,3,14.842913
76,4,18.774775
76,5,22.007639
76,6,24.537708
76,7,26.4218
76,8,27.756367
76,9,28.655153
77,0,0.0
77,1,5.2706113
77,10,29.230406
77,11,29.580051
77,12,29.78177
77,13,29.892143
77,14,29.949377
77,15,29.97747
77,16,29.990517
77,17,29.996237
77,18,29.998606
77,19,29.999525
77,2,10.290241
77,20,29.999866
77,21,29.99998
77,22,30.00002
77,23,30.000027
77,24,30.000027
77,25,30.000023
77,26,30.00002
77,27,30.000011
77,28,30.000006
77,29,30.0
77,3,14.842928
77,4,18.774794
77,5,22.007664
77,6,24.537731
77,7,26.421825
77,8,27.75639
77,9,28.655182
78,0,0.0
78,1,5.2706304
78,10,29.230494
78,11,29.58014
78,12,29.781858
78,13,29.892233
78,14,29.949463
78,15,29.977562
78,16,29.990604
78,17,29.996326
78,18,29.998692
78,19,29.999615
78,2,10.2902775
78,20,29.99995
78,21,30.000069
78,22,30.000101
78,23,30.000107
78,24,30.0001
78,25,30.00009
78,26,30.000069
78,27,30.00005
78,28,30.000023
78,29,30.0
78,3,14.842979
78,4,18.774857
78,5,22.007732
78,6,24.537811
78,7,26.421906
78,8,27.756477
78,9,28.655266
79,0,0.0
79,1,5.270689
79,10,29.230762
79,11,29.58041
79,12,29.78213
79,13,29.892502
79,14,29.949738
79,15,29.977833
79,16,29.990877
79,17,29.996597
79,18,29.998964
79,19,29.999886
79,2,10.290391
79,20,30.000221
79,21,30.000328
79,22,30.000355
79,23,30.000349
79,24,30.000324
79,25,30.000282
79,26,30.000229
79,27,30.00016
79,28,30.000084
79,29,30.0
79,3,14.84314
79,4,18.775055
79,5,22.007957
79,6,24.538054
79,7,26.422165
79,8,27.75674
79,9,28.655537
8,0,0.0
8,1,4.86674
8,10,27.036516
8,11,27.362514
8,12,27.5514
8,13,27.654821
8,14,27.708857
8,15,27.735804
8,16,27.74925
8,17,27.757256
8,18,27.764698
8,19,27.776276
8,2,9.503531
8,20,27.79627
8,21,27.832518
8,22,27.893215
8,23,27.99283
8,24,28.144297
8,25,28.365562
8,26,28.665855
8,27,29.050161
8,28,29.504189
8,29,30.0
8,3,13.708994
8,4,17.345217
8,5,20.335
8,6,22.679369
8,7,24.425173
8,8,25.665134
8,9,26.50021
80,0,0.0
80,1,5.270857
80,10,29.231546
80,11,29.581198
80,12,29.782917
80,13,29.893293
80,14,29.950523
80,15,29.978622
80,16,29.991665
80,17,29.997385
80,18,29.999748
80,19,30.00067
80,2,10.290716
80,20,30.000996
80,21,30.001093
80,22,30.001093
80,23,30.001049
80,24,30.000965
80,25,30.000845
80,26,30.000679
80,27,30.00048
80,28,30.000248
80,29,30.0
80,3,14.843599
80,4,18.775623
80,5,22.00861
80,6,24.538761
80,7,26.422907
80,8,27.757507
80,9,28.656313
81,0,0.0
81,1,5.2713146
81,10,29.233685
81,11,29.583345
81,12,29.78507
81,13,29.895445
81,14,29.95268
81,15,29.980774
81,16,29.993816
81,17,29.999535
81,18,30.001896
81,19,30.002802
81,2,10.2915945
81,20,30.00311
81,21,30.003166
81,22,30.003105
81,23,30.002949
81,24,30.002712
81,25,30.00236
81,26,30.001907
81,27,30.001339
81,28,30.000696
81,29,30.0
81,3,14.84485
81,4,18.777166
81,5,22.01038
81,6,24.54068
81,7,26.424934
81,8,27.75959
81,9,28.658434
82,0,0.0
82,1,5.272478
82,10,29.239168
82,11,29.588852
82,12,29.790585
82,13,29.90097
82,14,29.958199
82,15,29.986298
82,16,29.999338
82,17,30.00505
82,18,30.007397
82,19,30.008276
82,2,10.293852
82,20,30.008524
82,21,30.008486
82,22,30.008244
82,23,30.007826
82,24,30.007158
82,25,30.006248
82,26,30.005022
82,27,30.003542
82,28,30.001827
82,29,30.0
82,3,14.848038
82,4,18.781124
82,5,22.014893
82,6,24.545609
82,7,26.43011
82,8,27.764935
82,9,28.663864
83,0,0.0
83,1,5.2753
83,10,29.25241
83,11,29.602154
83,12,29.803917
83,13,29.914307
83,14,29.971546
83,15,29.999638
83,16,30.012676
83,17,30.01837
83,18,30.020687
83,19,30.021488
83,2,10.299279
83,20,30.02161
83,21,30.021305
83,22,30.020662
83,23,30.019545
83,24,30.017914
83,25,30.015568
83,26,30.012558
83,27,30.008816
83,28,30.004568
83,29,30.0
83,3,14.855757
83,4,18.79065
83,5,22.025826
83,6,24.55748
83,7,26.442638
83,8,27.777832
83,9,28.676994
84,0,0.0
84,1,5.2817245
84,10,29.28261
84,11,29.63248
84,12,29.83431
84,13,29.944729
84,14,30.001972
84,15,30.030066
84,16,30.043083
84,17,30.048746
84,18,30.050968
84,19,30.051617
84,2,10.311717
84,20,30.051392
84,21,30.05055
84,22,30.048885
84,23,30.046299
84,24,30.042313
84,25,30.036877
84,26,30.029636
84,27,30.020885
84,28,30.010777
84,29,30.0
84,3,14.873329
84,4,18.812449
84,5,22.050701
84,6,24.584606
84,7,26.47116
84,8,27.80727
84,9,28.706913
85,0,0.0
85,1,5.2956805
85,10,29.347641
85,11,29.697815
85,12,29.899769
85,13,30.010246
85,14,30.067505
85,15,30.095592
85,16,30.108578
85,17,30.114147
85,18,30.116207
85,19,30.116455
85,2,10.338563
85,20,30.11558
85,21,30.113415
85,22,30.109766
85,23,30.103748
85,24,30.095024
85,25,30.082603
85,26,30.066597
85,27,30.046778
85,28,30.024227
85,29,30.0
85,3,14.911434
85,4,18.859434
85,5,22.104515
85,6,24.643024
85,7,26.532726
85,8,27.870644
85,9,28.7714
86,0,0.0
86,1,5.3243103
86,10,29.480204
86,11,29.8309
86,12,30.03313
86,13,30.143703
86,14,30.201004
86,15,30.229073
86,16,30.241978
86,17,30.247389
86,18,30.249035
86,19,30.24859
86,2,10.393866
86,20,30.246197
86,21,30.241655
86,22,30.233587
86,23,30.22115
86,24,30.202232
86,25,30.176277
86,26,30.14183
86,27,30.09996
86,28,30.051634
86,29,30.0
86,3,14.989449
86,4,18.955904
86,5,22.214409
86,6,24.762545
86,7,26.658236
86,8,27.999994
86,9,28.902782
87,0,0.0
87,1,5.380467
87,10,29.735924
87,11,30.087688
87,12,30.290337
87,13,30.40112
87,14,30.458462
87,15,30.48649
87,16,30.499271
87,17,30.504303
87,18,30.505295
87,19,30.5033
87,2,10.501708
87,20,30.49839
87,21,30.488811
87,22,30.473076
87,23,30.44754
87,24,30.410225
87,25,30.35722
87,26,30.288338
87,27,30.202915
87,28,30.105152
87,29,30.0
87,3,15.141912
87,4,19.14328
87,5,22.428102
87,6,24.99383
87,7,26.901276
87,8,28.24974
87,9,29.156563
88,0,0.0
88,1,5.4850616
88,10,30.20383
88,11,30.557117
88,12,30.76056
88,13,30.87159
88,14,30.92901
88,15,30.956972
88,16,30.969452
88,17,30.973946
88,18,30.973537
88,19,30.9692
88,2,10.702946
88,20,30.959225
88,21,30.941607
88,22,30.911068
88,23,30.86361
88,24,30.791517
88,25,30.69137
88,26,30.557924
88,27,30.393978
88,28,30.20394
88,29,30.0
88,3,15.424549
88,4,19.49067
88,5,22.821821
88,6,25.419838
88,7,27.347004
88,8,28.70773
88,9,29.620892
89,0,0.0
89,1,5.6720204
89,10,31.015598
89,11,31.37144
89,12,31.57578
89,13,31.687225
89,14,31.744686
89,15,31.772469
89,16,31.78456
89,17,31.787933
89,18,31.785614
89,19,31.776794
89,2,11.060396
89,20,31.759462
89,21,31.727198
89,22,31.673906
89,23,31.587452
89,24,31.459211
89,25,31.275684
89,26,31.03337
89,27,30.73007
89,28,30.379133
89,29,30.0
89,3,15.926117
89,4,20.102491
89,5,23.513968
89,6,26.164173
89,7,28.124825
89,8,29.504011
89,9,30.427807
9,0,0.0
9,1,5.0275097
9,10,27.914047
9,11,28.250334
9,12,28.44436
9,13,28.5509
9,14,28.606255
9,15,28.633757
9,16,28.647154
9,17,28.654299
9,18,28.660099
9,19,28.667675
9,2,9.815615
9,20,28.680988
9,21,28.70372
9,22,28.74284
9,23,28.804611
9,24,28.899405
9,25,29.033855
9,26,29.215746
9,27,29.443512
9,28,29.710773
9,29,30.0
9,3,14.160749
9,4,17.913368
9,5,21.002304
9,6,23.419727
9,7,25.222937
9,8,26.50021
9,9,27.362305
90,0,0.0
90,1,5.9916
90,10,32.353462
90,11,32.711983
90,12,32.917595
90,13,33.02928
90,14,33.086723
90,15,33.114235
90,16,33.12553
90,17,33.12754
90,18,33.121746
90,19,33.107094
90,2,11.670575
90,20,33.07714
90,21,33.024475
90,22,32.93332
90,23,32.789223
90,24,32.568054
90,25,32.254333
90,26,31.829927
90,27,31.298473
90,28,30.674862
90,29,30.0
90,3,16.774931
90,4,21.13385
90,5,24.670952
90,6,27.40434
90,7,29.413418
90,8,30.820963
90,9,31.75846
91,0,0.0
91,1,6.5194464
91,10,34.447296
91,11,34.808907
91,12,35.015015
91,13,35.12679
91,14,35.1839
91,15,35.21084
91,16,35.22123
91,17,35.22087
91,18,35.211098
91,19,35.187054
91,2,12.669664
91,20,35.141487
91,21,35.05729
91,22,34.91578
91,23,34.683384
91,24,34.32997
91,25,33.81369
91,26,33.113003
91,27,32.216293
91,28,31.156895
91,29,30.0
91,3,18.156141
91,4,22.793344
91,5,26.520678
91,6,29.369925
91,7,31.447742
91,8,32.889908
91,9,33.845425
92,0,0.0
92,1,7.363105
92,10,37.56382
92,11,37.92567
92,12,38.13134
92,13,38.242016
92,14,38.298317
92,15,38.32441
92,16,38.333267
92,17,38.330555
92,18,38.314796
92,19,38.28074
92,2,14.254229
92,20,38.21298
92,21,38.09208
92,22,37.88025
92,23,37.53614
92,24,36.994926
92,25,36.200203
92,26,35.09001
92,27,33.649864
92,28,31.912952
92,29,30.0
92,3,20.315292
92,4,25.359034
92,5,29.343235
92,6,32.345966
92,7,34.50301
92,8,35.985367
92,9,36.955994
93,0,0.0
93,1,8.685409
93,10,41.97397
93,11,42.331955
93,12,42.53334
93,13,42.641422
93,14,42.695827
93,15,42.720444
93,16,42.72782
93,17,42.72179
93,18,42.70081
93,19,42.653862
93,2,16.695847
93,20,42.564583
93,21,42.398037
93,22,42.1104
93,23,41.625652
93,24,40.859295
93,25,39.69467
93,26,38.03604
93,27,35.81331
93,28,33.072212
93,29,30.0
93,3,23.584877
93,4,29.167873
93,5,33.473858
93,6,36.643234
93,7,38.880646
93,8,40.390915
93,9,41.369354
94,0,0.0
94,1,10.74034
94,10,47.913506
94,11,48.256657
94,12,48.448902
94,13,48.55094
94,14,48.602036
94,15,48.624626
94,16,48.629936
94,17,48.621643
94,18,48.59472
94,19,48.538475
94,2,20.397196
94,20,48.42643
94,21,48.221645
94,22,47.85393
94,23,47.23269
94,24,46.21318
94,25,44.629753
94,26,42.27908
94,27,39.014324
94,28,34.822193
94,29,30.0
94,3,28.393223
94,4,34.62905
94,5,39.264675
94,6,42.578712
94,7,44.85612
94,8,46.365993
94,9,47.32597
95,0,0.0
95,1,13.983801
95,10,55.524033
95,11,55.838577
95,12,56.012516
95,13,56.10459
95,14,56.150124
95,15,56.169716
95,16,56.17347
95,17,56.162933
95,18,56.133873
95,19,56.070393
95,2,25.973707
95,20,55.947674
95,21,55.714096
95,22,55.29605
95,23,54.562523
95,24,53.334976
95,25,51.340183
95,26,48.248413
95,27,43.693054
95,28,37.490677
95,29,30.0
95,3,35.31962
95,4,42.194393
95,5,47.065086
95,6,50.40767
95,7,52.638836
95,8,54.079697
95,9,54.981655
96,0,0.0
96,1,19.347023
96,10,64.80736
96,11,65.072014
96,12,65.21783
96,13,65.294106
96,14,65.33168
96,15,65.34752
96,16,65.34951
96,17,65.33925
96,18,65.3103
96,19,65.24994
96,2,34.461792
96,20,65.12822
96,21,64.89931
96,22,64.474335
96,23,63.719383
96,24,62.400322
96,25,60.16719
96,26,56.470467
96,27,50.5775
96,28,41.726795
96,29,30.0
96,3,45.125984
96,4,52.346443
96,5,57.13787
96,6,60.275368
96,7,62.29291
96,8,63.5652
96,9,64.34406
97,0,0.0
97,1,29.072567
97,10,75.58299
97,11,75.776825
97,12,75.88233
97,13,75.9375
97,14,75.96437
97,15,75.97547
97,16,75.976555
97,17,75.96777
97,18,75.9451
97,19,75.895676
97,2,47.659275
97,20,75.798355
97,21,75.60878
97,22,75.25648
97,23,74.60741
97,24,73.439964
97,25,71.34515
97,26,67.6033
97,27,60.90373
97,28,49.092625
97,29,30.0
97,3,58.784378
97,4,65.4767
97,5,69.57668
97,6,72.116
97,7,73.69226
97,8,74.65896
97,9,75.241936
98,0,0.0
98,1,49.386257
98,10,87.48743
98,11,87.58994
98,12,87.64575
98,13,87.67467
98,14,87.68876
98,15,87.69452
98,16,87.69484
98,17,87.69003
98,18,87.67705
98,19,87.64981
98,2,68.530914
98,20,87.59424
98,21,87.487366
98,22,87.28298
98,23,86.90254
98,24,86.19098
98,25,84.849365
98,26,82.21947
98,27,76.71346
98,28,63.92595
98,29,30.0
98,3,77.1937
98,4,81.639084
98,5,84.12433
98,6,85.58588
98,7,86.46314
98,8,86.99156
98,9,87.30505
99,0,0.0
99,1,100.0
99,10,100.0
99,11,100.0
99,12,100.0
99,13,100.0
99,14,100.0
99,15,100.0
99,16,100.0
99,17,100.0
99,18,100.0
99,19,100.0
99,2,100.0
99,20,100.0
99,21,100.0
99,22,100.0
99,23,100.0
99,24,100.0
99,25,100.0
99,26,100.0
99,27,100.0
99,28,100.0
99,29,30.0
99,3,100.0
99,4,100.0
99,5,100.0
99,6,100.0
99,7,100.0
99,8,100.0
99,9,100.0
