0,0,0.0
0,1,0.0
0,10,0.0
0,11,0.0
0,12,0.0
0,13,0.0
0,14,0.0
0,15,30.0
0,2,0.0
0,3,0.0
0,4,0.0
0,5,0.0
0,6,0.0
0,7,0.0
0,8,0.0
0,9,0.0
1,0,0.0
1,1,0.6356785
1,10,5.176512
1,11,5.945567
1,12,7.2358003
1,13,9.736548
1,14,15.342281
1,15,30.0
1,2,1.2555797
1,3,1.8458065
1,4,2.3960445
1,5,2.9010377
1,6,3.3620172
1,7,3.788551
1,8,4.201747
1,9,4.6406927
10,0,0.0
10,1,11.119933
10,10,49.44864
10,11,47.82404
10,12,45.03052
10,13,41.01525
10,14,35.87391
10,15,30.0
10,2,21.194351
10,3,29.67136
10,4,36.440914
10,5,41.62607
10,6,45.421577
10,7,48.00702
10,8,49.509422
10,9,49.99095
11,0,0.0
11,1,14.543706
11,10,57.0635
11,11,54.92443
11,12,51.28453
11,13,45.885887
11,14,38.63659
11,15,30.0
11,2,27.116222
11,3,37.072853
11,4,44.5746
11,5,50.036785
11,6,53.861748
11,7,56.35006
11,8,57.684757
11,9,57.935547
12,0,0.0
12,1,19.938679
12,10,65.94541
12,11,63.525665
12,12,59.2973
12,13,52.6072
12,14,42.786568
12,15,30.0
12,2,35.653976
12,3,46.92926
12,4,54.74788
12,5,60.08474
12,6,63.638577
12,7,65.84673
12,8,66.944016
12,9,67.00302
13,0,0.0
13,1,29.557032
13,10,76.18946
13,11,73.93553
13,12,69.77183
13,13,62.45904
13,14,49.902473
13,15,30.0
13,2,48.631767
13,3,60.24234
13,4,67.40291
13,5,71.91576
13,6,74.7611
13,7,76.45429
13,8,77.2416
13,9,77.187126
14,0,0.0
14,1,49.657684
14,10,87.68977
14,11,86.25518
14,12,83.395424
14,13,77.55469
14,14,64.36429
14,15,30.0
14,2,69.07372
14,3,78.005424
14,4,82.70566
14,5,85.41429
14,6,87.03579
14,7,87.96775
14,8,88.38095
14,9,88.31447
15,0,0.0
15,1,100.0
15,10,100.0
15,11,100.0
15,12,100.0
15,13,100.0
15,14,100.0
15,15,30.0
15,2,100.0
15,3,100.0
15,4,100.0
15,5,100.0
15,6,100.0
15,7,100.0
15,8,100.0
15,9,100.0
2,0,0.0
2,1,1.2871358
2,10,10.119793
2,11,11.369963
2,12,13.26109
2,13,16.368114
2,14,21.632578
2,15,30.0
2,2,2.540836
2,3,3.731606
2,4,4.837339
2,5,5.8460946
2,6,6.758486
2,7,7.5904465
2,8,8.37775
2,9,9.184518
3,0,0.0
3,1,1.9720308
3,10,14.748192
3,11,16.153408
3,12,18.070492
3,13,20.842247
3,14,24.819918
3,15,30.0
3,2,3.889029
3,3,5.7024493
3,4,7.375619
3,5,8.887528
3,6,10.235397
3,7,11.437012
3,8,12.534303
3,9,13.599847
4,0,0.0
4,1,2.7119627
4,10,19.11974
4,11,20.425001
4,12,22.02523
4,13,24.110477
4,14,26.804846
4,15,30.0
4,2,5.3408065
4,3,7.8135557
4,4,10.075171
4,5,12.0930195
4,6,13.858578
4,7,15.38792
4,8,16.722622
4,9,17.93239
5,0,0.0
5,1,3.5350177
5,10,23.373394
5,11,24.401638
5,12,25.494974
5,13,26.769587
5,14,28.288996
5,15,30.0
5,2,6.9486895
5,3,10.135808
5,4,13.018511
5,5,15.550819
5,6,17.717999
5,7,19.533493
5,8,21.035896
5,9,22.287376
6,0,0.0
6,1,4.4794264
6,10,27.684843
6,11,28.313215
6,12,28.783445
6,13,29.183918
6,14,29.581556
6,15,30.0
6,2,8.783133
6,3,12.762493
6,4,16.312263
6,5,19.373772
6,6,21.929132
6,7,23.992184
6,8,25.600128
6,9,26.807842
7,0,0.0
7,1,5.599559
7,10,32.244946
7,11,32.38295
7,12,32.141705
7,13,31.60109
7,14,30.853321
7,15,30.0
7,2,10.941937
7,3,15.818785
7,4,20.094309
7,5,23.702888
7,6,26.632607
7,7,28.906012
7,8,30.56461
7,9,31.659061
8,0,0.0
8,1,6.9768786
8,10,37.25296
8,11,36.83195
8,12,35.79934
8,13,34.225437
8,14,32.230637
8,15,30.0
8,2,13.566282
8,3,19.476423
8,4,24.543312
8,5,28.710903
8,6,31.992416
8,7,34.434677
8,8,36.093277
8,9,37.018867
9,0,0.0
9,1,8.741677
9,10,42.916092
9,11,41.892586
9,12,39.99828
9,13,37.27069
9,14,33.843807
9,15,30.0
9,2,16.869907
9,3,23.977325
9,4,29.89164
9,5,34.605022
9,6,38.19151
9,7,40.74704
9,8,42.35498
9,9,43.070217
