0,0,0.0
0,1,0.0
0,10,0.0
0,11,0.0
0,12,0.0
0,13,0.0
0,14,0.0
0,15,30.0
0,2,0.0
0,3,0.0
0,4,0.0
0,5,0.0
0,6,0.0
0,7,0.0
0,8,0.0
0,9,0.0
1,0,0.0
1,1,0.88732314
1,10,5.7282877
1,11,6.380648
1,12,7.555629
1,13,9.946058
1,14,15.445581
1,15,30.0
1,2,1.7361383
1,3,2.5118728
1,4,3.193077
1,5,3.7672844
1,6,4.2404537
1,7,4.628732
1,8,4.9667053
1,9,5.3055425
10,0,0.0
10,1,10.64676
10,10,45.461052
10,11,44.231186
10,12,42.082924
10,13,38.919785
10,14,34.786625
10,15,30.0
10,2,20.220549
10,3,28.157139
10,4,34.345818
10,5,38.940483
10,6,42.177296
10,7,44.29725
10,8,45.487858
10,9,45.863068
11,0,0.0
11,1,13.976443
11,10,52.971638
11,11,51.26836
11,12,48.2978
11,13,43.77317
11,14,37.541183
11,15,30.0
11,2,25.967285
11,3,35.318924
11,4,42.205322
11,5,47.065
11,6,50.346935
11,7,52.402214
11,8,53.46799
11,9,53.662045
12,0,0.0
12,1,19.38353
12,10,62.26558
12,11,60.249702
12,12,56.633106
12,13,50.72472
12,14,41.81314
12,15,30.0
12,2,34.535652
12,3,45.241333
12,4,52.492332
12,5,57.291645
12,6,60.37186
12,7,62.215332
12,8,63.100426
12,9,63.134216
13,0,0.0
13,1,29.116623
13,10,73.408714
13,11,71.46915
13,12,67.768074
13,13,61.046947
13,14,49.17197
13,15,30.0
13,2,47.748943
13,3,58.91574
13,4,65.64317
13,5,69.75028
13,6,72.24579
13,7,73.674965
13,8,74.31446
13,9,74.25523
14,0,0.0
14,1,49.41485
14,10,86.1945
14,11,84.92979
14,12,82.32099
14,13,76.79722
14,14,63.973106
14,15,30.0
14,2,68.5873
14,3,77.27724
14,4,81.74222
14,5,84.233505
14,6,85.66865
14,7,86.46188
14,8,86.79985
14,9,86.733734
15,0,0.0
15,1,100.0
15,10,100.0
15,11,100.0
15,12,100.0
15,13,100.0
15,14,100.0
15,15,30.0
15,2,100.0
15,3,100.0
15,4,100.0
15,5,100.0
15,6,100.0
15,7,100.0
15,8,100.0
15,9,100.0
2,0,0.0
2,1,1.7502201
2,10,11.077928
2,11,12.116205
2,12,13.804531
2,13,16.720282
2,14,21.805569
2,15,30.0
2,2,3.4222817
2,3,4.952197
2,4,6.290227
2,5,7.419499
2,6,8.342164
2,7,9.09486
2,8,9.734354
2,9,10.351606
3,0,0.0
3,1,2.5710087
3,10,15.846308
3,11,16.986782
3,12,18.660542
3,13,21.216936
3,14,25.000618
3,15,30.0
3,2,5.0278726
3,3,7.2687693
3,4,9.229409
3,5,10.8723755
3,6,12.210243
3,7,13.281591
3,8,14.166688
3,9,14.972603
4,0,0.0
4,1,3.351204
4,10,20.02042
4,11,21.05824
4,12,22.439886
4,13,24.353245
4,14,26.915945
4,15,30.0
4,2,6.5473595
4,3,9.461009
4,4,11.995204
4,5,14.113782
4,6,15.816711
4,7,17.159946
4,8,18.225714
4,9,19.131823
5,0,0.0
5,1,4.1100836
5,10,23.725819
5,11,24.542387
5,12,25.50315
5,13,26.725021
5,14,28.24995
5,15,30.0
5,2,8.025783
5,3,11.577368
5,4,14.657021
5,5,17.205248
5,6,19.235664
5,7,20.798206
5,8,21.98882
5,9,22.921432
6,0,0.0
6,1,4.8992386
6,10,27.196484
6,11,27.71328
6,12,28.197075
6,13,28.720451
6,14,29.327698
6,15,30.0
6,2,9.54936
6,3,13.748589
6,4,17.35421
6,5,20.313993
6,6,22.63156
6,7,24.376163
6,8,25.641382
6,9,26.542032
7,0,0.0
7,1,5.796115
7,10,30.734426
7,11,30.898882
7,12,30.847034
7,13,30.64637
7,14,30.346062
7,15,30.0
7,2,11.272335
7,3,16.166908
7,4,20.3262
7,5,23.684715
7,6,26.272285
7,7,28.161976
7,8,29.462887
7,9,30.286608
8,0,0.0
8,1,6.9226885
8,10,34.70314
8,11,34.451447
8,12,33.797348
8,13,32.77802
8,14,31.472633
8,15,30.0
8,2,13.403984
8,3,19.117226
8,4,23.878765
8,5,27.653425
8,6,30.489681
8,7,32.49834
8,8,33.799255
8,9,34.504005
9,0,0.0
9,1,8.449537
9,10,39.482376
9,11,38.763645
9,12,37.40494
9,13,35.418583
9,14,32.877995
9,15,30.0
9,2,16.247498
9,3,22.956455
9,4,28.40458
9,5,32.599884
9,6,35.66647
9,7,37.757244
9,8,39.022465
9,9,39.57694
