0,0,0.0
0,1,0.0
0,10,0.0
0,11,0.0
0,12,0.0
0,13,0.0
0,14,0.0
0,15,30.0
0,2,0.0
0,3,0.0
0,4,0.0
0,5,0.0
0,6,0.0
0,7,0.0
0,8,0.0
0,9,0.0
1,0,0.0
1,1,2.0639732
1,10,8.101566
1,11,8.414255
1,12,9.176465
1,13,11.084126
1,14,16.031988
1,15,30.0
1,2,3.9215493
1,3,5.407618
1,4,6.488439
1,5,7.1765366
1,6,7.578883
1,7,7.78428
1,8,7.891095
1,9,7.9713774
10,0,0.0
10,1,10.2721815
10,10,36.012115
10,11,35.687134
10,12,35.04158
10,13,33.884483
10,14,32.165386
10,15,30.0
10,2,19.165964
10,3,25.969637
10,4,30.599916
10,5,33.43762
10,6,34.984447
10,7,35.736736
10,8,36.04563
10,9,36.11116
11,0,0.0
11,1,12.91077
11,10,41.860573
11,11,41.299015
11,12,40.09543
11,13,37.935616
11,14,34.49526
11,15,30.0
11,2,23.631527
11,3,31.393822
11,4,36.45705
11,5,39.429867
11,6,41.016766
11,7,41.76433
11,8,42.053364
11,9,42.08057
12,0,0.0
12,1,17.971
12,10,51.15628
12,11,50.301632
12,12,48.484627
12,13,44.91404
12,14,38.7943
12,15,30.0
12,2,31.573381
12,3,40.562725
12,4,45.97644
12,5,49.002457
12,6,50.541866
12,7,51.249302
12,8,51.504723
12,9,51.474342
13,0,0.0
13,1,27.796879
13,10,64.333664
13,11,63.374077
13,12,61.127865
13,13,56.33121
13,14,46.712723
13,15,30.0
13,2,45.046417
13,3,54.73636
13,4,59.97435
13,5,62.67437
13,6,63.992973
13,7,64.57196
13,8,64.76459
13,9,64.70881
14,0,0.0
14,1,48.624023
14,10,81.07892
14,11,80.36255
14,12,78.58746
14,13,74.13694
14,14,62.592033
14,15,30.0
14,2,66.974365
14,3,74.81862
14,4,78.43674
14,5,80.153885
14,6,80.94396
14,7,81.28226
14,8,81.38908
14,9,81.33645
15,0,0.0
15,1,100.0
15,10,100.0
15,11,100.0
15,12,100.0
15,13,100.0
15,14,100.0
15,15,30.0
15,2,100.0
15,3,100.0
15,4,100.0
15,5,100.0
15,6,100.0
15,7,100.0
15,8,100.0
15,9,100.0
2,0,0.0
2,1,3.9216266
2,10,15.271948
2,11,15.693783
2,12,16.65901
2,13,18.71523
2,14,22.837473
2,15,30.0
2,2,7.4304333
2,3,10.267501
2,4,12.294055
2,5,13.612657
2,6,14.359746
2,7,14.751868
2,8,14.94449
2,9,15.075584
3,0,0.0
3,1,5.4081755
3,10,20.916458
3,11,21.29629
3,12,22.078293
3,13,23.609013
3,14,26.231476
3,15,30.0
3,2,10.268355
3,3,14.156393
3,4,16.971096
3,5,18.762625
3,6,19.800213
3,7,20.324991
3,8,20.580414
3,9,20.732685
4,0,0.0
4,1,6.4913816
4,10,24.903183
4,11,25.15913
4,12,25.678123
4,13,26.603191
4,14,28.075869
4,15,30.0
4,2,12.299101
4,3,16.976519
4,4,20.317163
4,5,22.472479
4,6,23.691734
4,7,24.3177
4,8,24.606731
4,9,24.755543
5,0,0.0
5,1,7.1887484
5,10,27.430458
5,11,27.584784
5,12,27.862144
5,13,28.353506
5,14,29.081951
5,15,30.0
5,2,13.634993
5,3,18.790197
5,4,22.497566
5,5,24.85596
5,6,26.204857
5,7,26.881504
5,8,27.1904
5,9,27.331566
6,0,0.0
6,1,7.6234593
6,10,28.931164
6,11,29.001513
6,12,29.127804
6,13,29.330173
6,14,29.63298
6,15,30.0
6,2,14.440204
6,3,19.905308
6,4,23.804005
6,5,26.297287
6,6,27.705185
6,7,28.41532
6,8,28.731129
6,9,28.861897
7,0,0.0
7,1,7.923145
7,10,29.906988
7,11,29.926064
7,12,29.934822
7,13,29.953432
7,14,29.97254
7,15,30.0
7,2,15.007406
7,3,20.657528
7,4,24.692076
7,5,27.250418
7,6,28.698952
7,7,29.421541
7,8,29.740602
7,9,29.86501
8,0,0.0
8,1,8.279198
8,10,30.936642
8,11,30.889507
8,12,30.786234
8,13,30.595509
8,14,30.328592
8,15,30.0
8,2,15.64948
8,3,21.508942
8,4,25.655516
8,5,28.280075
8,6,29.751652
8,7,30.485083
8,8,30.804144
8,9,30.91771
9,0,0.0
9,1,8.931775
9,10,32.686867
9,11,32.547527
9,12,32.236053
9,13,31.716301
9,14,30.941298
9,15,30.0
9,2,16.826332
9,3,23.013552
9,4,27.350018
9,5,30.05299
9,6,31.56089
9,7,32.302185
9,8,32.617996
9,9,32.7176
