0,0,0.0
0,1,0.0
0,10,0.0
0,11,0.0
0,12,0.0
0,13,0.0
0,14,0.0
0,15,30.0
0,2,0.0
0,3,0.0
0,4,0.0
0,5,0.0
0,6,0.0
0,7,0.0
0,8,0.0
0,9,0.0
1,0,0.0
1,1,0.6355326
1,10,5.1759043
1,11,5.9450455
1,12,7.2353888
1,13,9.736263
1,14,15.342135
1,15,30.0
1,2,1.2552943
1,3,1.8453943
1,4,2.395523
1,5,2.9004302
1,6,3.3613496
1,7,3.7878532
1,8,4.201049
1,9,4.640025
10,0,0.0
10,1,11.119324
10,10,49.446114
10,11,47.821873
10,12,45.0288
10,13,41.01407
10,14,35.873302
10,15,30.0
10,2,21.193161
10,3,29.669636
10,4,36.438736
10,5,41.623535
10,6,45.418797
10,7,48.004112
10,8,49.50651
10,9,49.988174
11,0,0.0
11,1,14.543186
11,10,57.061333
11,11,54.922565
11,12,51.283066
11,13,45.884872
11,14,38.63607
11,15,30.0
11,2,27.1152
11,3,37.07138
11,4,44.572735
11,5,50.03461
11,6,53.859356
11,7,56.347565
11,8,57.682262
11,9,57.933167
12,0,0.0
12,1,19.938267
12,10,65.943695
12,11,63.524193
12,12,59.296135
12,13,52.60639
12,14,42.786156
12,15,30.0
12,2,35.65317
12,3,46.928093
12,4,54.746395
12,5,60.083023
12,6,63.636684
12,7,65.84476
12,8,66.942055
12,9,67.00114
13,0,0.0
13,1,29.556747
13,10,76.18827
13,11,73.93451
13,12,69.77102
13,13,62.45849
13,14,49.902187
13,15,30.0
13,2,48.63121
13,3,60.24153
13,4,67.401886
13,5,71.914566
13,6,74.75979
13,7,76.45293
13,8,77.240234
13,9,77.18583
14,0,0.0
14,1,49.65754
14,10,87.68916
14,11,86.254654
14,12,83.39501
14,13,77.554405
14,14,64.36414
14,15,30.0
14,2,69.07343
14,3,78.00502
14,4,82.70513
14,5,85.4137
14,6,87.03512
14,7,87.96706
14,8,88.38026
14,9,88.3138
15,0,0.0
15,1,100.0
15,10,100.0
15,11,100.0
15,12,100.0
15,13,100.0
15,14,100.0
15,15,30.0
15,2,100.0
15,3,100.0
15,4,100.0
15,5,100.0
15,6,100.0
15,7,100.0
15,8,100.0
15,9,100.0
2,0,0.0
2,1,1.2868505
2,10,10.118604
2,11,11.368943
2,12,13.260284
2,13,16.367558
2,14,21.632292
2,15,30.0
2,2,2.540278
2,3,3.730799
2,4,4.8363185
2,5,5.844906
2,6,6.75718
2,7,7.589081
2,8,8.376386
2,9,9.183212
3,0,0.0
3,1,1.9716184
3,10,14.746475
3,11,16.151934
3,12,18.069326
3,13,20.84144
3,14,24.819506
3,15,30.0
3,2,3.8882222
3,3,5.7012835
3,4,7.3741446
3,5,8.88581
3,6,10.233511
3,7,11.4350395
3,8,12.53233
3,9,13.5979595
4,0,0.0
4,1,2.7114413
4,10,19.117567
4,11,20.423136
4,12,22.023756
4,13,24.109455
4,14,26.804323
4,15,30.0
4,2,5.3397865
4,3,7.8120813
4,4,10.073308
4,5,12.090847
4,6,13.856193
4,7,15.385426
4,8,16.720127
4,9,17.930004
5,0,0.0
5,1,3.5344102
5,10,23.370861
5,11,24.399466
5,12,25.493256
5,13,26.768396
5,14,28.288387
5,15,30.0
5,2,6.9475
5,3,10.13409
5,4,13.016338
5,5,15.548287
5,6,17.71522
5,7,19.530586
5,8,21.03299
5,9,22.284594
6,0,0.0
6,1,4.4787583
6,10,27.68206
6,11,28.31083
6,12,28.781559
6,13,29.18261
6,14,29.580889
6,15,30.0
6,2,8.781827
6,3,12.760607
6,4,16.30988
6,5,19.370989
6,6,21.926079
6,7,23.98899
6,8,25.596931
6,9,26.80479
7,0,0.0
7,1,5.5988607
7,10,32.24204
7,11,32.38045
7,12,32.139725
7,13,31.599724
7,14,30.85262
7,15,30.0
7,2,10.940571
7,3,15.816812
7,4,20.091812
7,5,23.699982
7,6,26.62941
7,7,28.902672
7,8,30.561274
7,9,31.655869
8,0,0.0
8,1,6.97618
8,10,37.250053
8,11,36.82946
8,12,35.797363
8,13,34.22407
8,14,32.229942
8,15,30.0
8,2,13.564917
8,3,19.474447
8,4,24.540817
8,5,28.707994
8,6,31.98922
8,7,34.431343
8,8,36.08994
8,9,37.015682
9,0,0.0
9,1,8.741011
9,10,42.913315
9,11,41.890198
9,12,39.9964
9,13,37.269386
9,14,33.84314
9,15,30.0
9,2,16.868599
9,3,23.97544
9,4,29.889252
9,5,34.60224
9,6,38.188454
9,7,40.743843
9,8,42.351788
9,9,43.06716
