0,0,0.0
0,1,0.0
0,10,0.0
0,11,0.0
0,12,0.0
0,13,0.0
0,14,0.0
0,15,30.0
0,2,0.0
0,3,0.0
0,4,0.0
0,5,0.0
0,6,0.0
0,7,0.0
0,8,0.0
0,9,0.0
1,0,0.0
1,1,0.63559246
1,10,5.1761537
1,11,5.94526
1,12,7.2355576
1,13,9.73638
1,14,15.342195
1,15,30.0
1,2,1.2554115
1,3,1.8455634
1,4,2.3957372
1,5,2.9006793
1,6,3.3616238
1,7,3.7881396
1,8,4.2013354
1,9,4.6402993
10,0,0.0
10,1,11.119574
10,10,49.44715
10,11,47.82276
10,12,45.02951
10,13,41.01455
10,14,35.873554
10,15,30.0
10,2,21.193651
10,3,29.670345
10,4,36.43963
10,5,41.624573
10,6,45.419933
10,7,48.005302
10,8,49.507706
10,9,49.989315
11,0,0.0
11,1,14.543399
11,10,57.062225
11,11,54.923332
11,12,51.283665
11,13,45.885292
11,14,38.636284
11,15,30.0
11,2,27.11562
11,3,37.071987
11,4,44.5735
11,5,50.035503
11,6,53.86033
11,7,56.348587
11,8,57.683285
11,9,57.934147
12,0,0.0
12,1,19.938437
12,10,65.9444
12,11,63.524796
12,12,59.296616
12,13,52.60672
12,14,42.78632
12,15,30.0
12,2,35.653503
12,3,46.92857
12,4,54.747005
12,5,60.083725
12,6,63.637466
12,7,65.845566
12,8,66.942856
12,9,67.00191
13,0,0.0
13,1,29.556864
13,10,76.18875
13,11,73.93494
13,12,69.77135
13,13,62.458714
13,14,49.902306
13,15,30.0
13,2,48.631435
13,3,60.241863
13,4,67.4023
13,5,71.915054
13,6,74.76032
13,7,76.45349
13,8,77.24078
13,9,77.18636
14,0,0.0
14,1,49.6576
14,10,87.68942
14,11,86.25487
14,12,83.39518
14,13,77.55452
14,14,64.364204
14,15,30.0
14,2,69.073555
14,3,78.00518
14,4,82.705345
14,5,85.41394
14,6,87.03539
14,7,87.96734
14,8,88.38054
14,9,88.314064
15,0,0.0
15,1,100.0
15,10,100.0
15,11,100.0
15,12,100.0
15,13,100.0
15,14,100.0
15,15,30.0
15,2,100.0
15,3,100.0
15,4,100.0
15,5,100.0
15,6,100.0
15,7,100.0
15,8,100.0
15,9,100.0
2,0,0.0
2,1,1.2869675
2,10,10.119093
2,11,11.369362
2,12,13.260615
2,13,16.367786
2,14,21.63241
2,15,30.0
2,2,2.540507
2,3,3.7311304
2,4,4.836737
2,5,5.8453946
2,6,6.7577157
2,7,7.5896416
2,8,8.3769455
2,9,9.183748
3,0,0.0
3,1,1.9717877
3,10,14.74718
3,11,16.15254
3,12,18.069805
3,13,20.841772
3,14,24.819675
3,15,30.0
3,2,3.8885534
3,3,5.7017617
3,4,7.37475
3,5,8.886516
3,6,10.234285
3,7,11.435849
3,8,12.533139
3,9,13.598735
4,0,0.0
4,1,2.7116551
4,10,19.11846
4,11,20.4239
4,12,22.02436
4,13,24.109875
4,14,26.804539
4,15,30.0
4,2,5.3402047
4,3,7.812687
4,4,10.074073
4,5,12.09174
4,6,13.857172
4,7,15.38645
4,8,16.721151
4,9,17.930983
5,0,0.0
5,1,3.5346594
5,10,23.3719
5,11,24.40036
5,12,25.49396
5,13,26.768887
5,14,28.288637
5,15,30.0
5,2,6.947988
5,3,10.134794
5,4,13.017231
5,5,15.549326
5,6,17.716362
5,7,19.53178
5,8,21.034184
5,9,22.285738
6,0,0.0
6,1,4.4790325
6,10,27.683205
6,11,28.311804
6,12,28.782337
6,13,29.183147
6,14,29.581163
6,15,30.0
6,2,8.782363
6,3,12.761382
6,4,16.310858
6,5,19.372131
6,6,21.927334
6,7,23.990303
6,8,25.598246
6,9,26.806044
7,0,0.0
7,1,5.599147
7,10,32.24323
7,11,32.381477
7,12,32.140537
7,13,31.600286
7,14,30.85291
7,15,30.0
7,2,10.941132
7,3,15.817621
7,4,20.092836
7,5,23.701176
7,6,26.630722
7,7,28.904043
7,8,30.562643
7,9,31.657179
8,0,0.0
8,1,6.9764667
8,10,37.251244
8,11,36.830482
8,12,35.798176
8,13,34.224632
8,14,32.23023
8,15,30.0
8,2,13.565477
8,3,19.475258
8,4,24.54184
8,5,28.709188
8,6,31.990532
8,7,34.43271
8,8,36.09131
8,9,37.016987
9,0,0.0
9,1,8.741284
9,10,42.914455
9,11,41.891182
9,12,39.997166
9,13,37.26992
9,14,33.843414
9,15,30.0
9,2,16.869137
9,3,23.976215
9,4,29.890232
9,5,34.603382
9,6,38.189705
9,7,40.745155
9,8,42.353096
9,9,43.068417
