0,0,0.0
0,1,0.0
0,10,0.0
0,11,0.0
0,12,0.0
0,13,0.0
0,14,0.0
0,15,30.0
0,2,0.0
0,3,0.0
0,4,0.0
0,5,0.0
0,6,0.0
0,7,0.0
0,8,0.0
0,9,0.0
1,0,0.0
1,1,0.6561134
1,10,5.1830244
1,11,5.943698
1,12,7.2294226
1,13,9.729659
1,14,15.337954
1,15,30.0
1,2,1.2939626
1,3,1.8973237
1,4,2.4547672
1,5,2.9602551
1,6,3.4159021
1,7,3.8323536
1,8,4.2329264
1,9,4.6587477
10,0,0.0
10,1,10.946234
10,10,48.397854
10,11,46.89081
10,12,44.27234
10,13,40.479908
10,14,35.597084
10,15,30.0
10,2,20.847492
10,3,29.154297
10,4,35.759926
10,5,40.794815
10,6,44.461895
10,7,46.951576
10,8,48.401337
10,9,48.882145
11,0,0.0
11,1,14.368839
11,10,56.05435
11,11,54.03191
11,12,50.560886
11,13,45.376354
11,14,38.373184
11,15,30.0
11,2,26.768373
11,3,36.556232
11,4,43.89844
11,5,49.216167
11,6,52.920593
11,7,55.321335
11,8,56.610695
11,9,56.86658
12,0,0.0
12,1,19.783552
12,10,65.07716
12,11,62.75917
12,12,58.677444
12,13,52.17099
12,14,42.561436
12,15,30.0
12,2,35.345734
12,3,46.473072
12,4,54.152634
12,5,59.3655
12,6,62.816975
12,7,64.95233
12,8,66.013916
12,9,66.080154
13,0,0.0
13,1,29.440905
13,10,75.55207
13,11,73.37405
13,12,69.318016
13,13,62.14021
13,14,49.737877
13,15,30.0
13,2,48.401436
13,3,59.901863
13,4,66.959854
13,5,71.38159
13,6,74.1526
13,7,75.79361
13,8,76.55608
13,9,76.50868
14,0,0.0
14,1,49.59558
14,10,87.35252
14,11,85.95819
14,12,83.15571
14,13,77.38623
14,14,64.27742
14,15,30.0
14,2,68.95053
14,3,77.82361
14,4,82.46925
14,5,85.12976
14,6,86.71209
14,7,87.61679
14,8,88.017365
14,9,87.95494
15,0,0.0
15,1,100.0
15,10,100.0
15,11,100.0
15,12,100.0
15,13,100.0
15,14,100.0
15,15,30.0
15,2,100.0
15,3,100.0
15,4,100.0
15,5,100.0
15,6,100.0
15,7,100.0
15,8,100.0
15,9,100.0
2,0,0.0
2,1,1.3219181
2,10,10.110686
2,11,11.347448
2,12,13.233828
2,13,16.34429
2,14,21.61889
2,15,30.0
2,2,2.6055145
2,3,3.817682
2,4,4.9332476
2,5,5.9402122
2,6,6.839715
2,7,7.651092
2,8,8.41356
2,9,9.195793
3,0,0.0
3,1,2.0098896
3,10,14.683701
3,11,16.076994
3,12,17.996185
3,13,20.783836
3,14,24.787775
3,15,30.0
3,2,3.9585817
3,3,5.7918086
3,4,7.4704666
3,5,8.972034
3,6,10.296681
3,7,11.465657
3,8,12.527248
3,9,13.559868
4,0,0.0
4,1,2.7390695
4,10,18.951422
4,11,20.253677
4,12,21.872463
4,13,23.995686
4,14,26.743416
4,15,30.0
4,2,5.3877034
4,3,7.867812
4,4,10.120207
4,5,12.113243
4,6,13.840406
4,7,15.324508
4,8,16.613873
4,9,17.786396
5,0,0.0
5,1,3.5370042
5,10,23.054392
5,11,24.096878
5,12,25.233456
5,13,26.57833
5,14,28.187857
5,15,30.0
5,2,6.945917
5,3,10.115413
5,4,12.966
5,5,15.451349
5,6,17.562302
5,7,19.318535
5,8,20.768297
5,9,21.982555
6,0,0.0
6,1,4.445092
6,10,27.182127
6,11,27.847351
6,12,28.392908
6,13,28.90202
6,14,29.433947
6,15,30.0
6,2,8.708151
6,3,12.636822
6,4,16.123293
6,5,19.11225
6,6,21.590342
6,7,23.581036
6,8,25.131031
6,9,26.305439
7,0,0.0
7,1,5.5223684
7,10,31.547668
7,11,31.749016
7,12,31.616728
7,13,31.22602
7,14,30.6577
7,15,30.0
7,2,10.783266
7,3,15.570726
7,4,19.74997
7,5,23.257755
7,6,26.090374
7,7,28.27921
7,8,29.877289
7,9,30.945667
8,0,0.0
8,1,6.85761
8,10,36.38021
8,11,36.0469
8,12,35.155357
8,13,33.767582
8,14,31.992939
8,15,30.0
8,2,13.324824
8,3,19.10936
8,4,24.047855
8,5,28.090298
8,6,31.25703
8,7,33.606148
8,8,35.204227
8,9,36.11232
9,0,0.0
9,1,8.587911
9,10,41.9163
9,11,41.000645
9,12,39.270203
9,13,36.75561
9,14,33.576767
9,15,30.0
9,2,16.561745
9,3,23.514109
9,4,29.276592
9,5,33.846424
9,6,37.307323
9,7,39.76535
9,8,41.315346
9,9,42.02241
