0,0,0.0
0,1,0.0
0,10,0.0
0,11,0.0
0,12,0.0
0,13,0.0
0,14,0.0
0,15,30.0
0,2,0.0
0,3,0.0
0,4,0.0
0,5,0.0
0,6,0.0
0,7,0.0
0,8,0.0
0,9,0.0
1,0,0.0
1,1,0.63289297
1,10,5.164739
1,11,5.9354486
1,12,7.227786
1,13,9.730997
1,14,15.339441
1,15,30.0
1,2,1.2501271
1,3,1.8379184
1,4,2.3860579
1,5,2.88938
1,6,3.3491907
1,7,3.775111
1,8,4.1882796
1,9,4.6277876
10,0,0.0
10,1,11.107762
10,10,49.397232
10,11,47.779854
10,12,44.99553
10,13,40.991013
10,14,35.861515
10,15,30.0
10,2,21.170528
10,3,29.636894
10,4,36.397278
10,5,41.57514
10,6,45.365543
10,7,47.94832
10,8,49.450607
10,9,49.934597
11,0,0.0
11,1,14.533208
11,10,57.019154
11,11,54.88632
11,12,51.25435
11,13,45.864983
11,14,38.625896
11,15,30.0
11,2,27.095669
11,3,37.043125
11,4,44.536964
11,5,49.99285
11,6,53.81341
11,7,56.299416
11,8,57.634018
11,9,57.88694
12,0,0.0
12,1,19.930338
12,10,65.91019
12,11,63.495384
12,12,59.273323
12,13,52.59059
12,14,42.77807
12,15,30.0
12,2,35.637653
12,3,46.90564
12,4,54.71797
12,5,60.049843
12,6,63.60018
12,7,65.8065
12,8,66.90372
12,9,66.9644
13,0,0.0
13,1,29.551243
13,10,76.165
13,11,73.914505
13,12,69.75518
13,13,62.447514
13,14,49.896576
13,15,30.0
13,2,48.62043
13,3,60.225945
13,4,67.38215
13,5,71.891525
13,6,74.73445
13,7,76.42637
13,8,77.21362
13,9,77.160324
14,0,0.0
14,1,49.654724
14,10,87.677246
14,11,86.244415
14,12,83.386894
14,13,77.54878
14,14,64.36127
14,15,30.0
14,2,69.06792
14,3,77.99703
14,4,82.69502
14,5,85.401886
14,6,87.02213
14,7,87.95346
14,8,88.366615
14,9,88.300735
15,0,0.0
15,1,100.0
15,10,100.0
15,11,100.0
15,12,100.0
15,13,100.0
15,14,100.0
15,15,30.0
15,2,100.0
15,3,100.0
15,4,100.0
15,5,100.0
15,6,100.0
15,7,100.0
15,8,100.0
15,9,100.0
2,0,0.0
2,1,1.281675
2,10,10.096713
2,11,11.350124
2,12,13.2453785
2,13,16.357231
2,14,21.62701
2,15,30.0
2,2,2.5301461
2,3,3.7161417
2,4,4.8177595
2,5,5.8232403
2,6,6.7333393
2,7,7.564099
2,8,8.351349
2,9,9.15922
3,0,0.0
3,1,1.9641117
3,10,14.7147255
3,11,16.124643
3,12,18.04771
3,13,20.826466
3,14,24.811844
3,15,30.0
3,2,3.8735273
3,3,5.680024
3,4,7.347227
3,5,8.854387
3,6,10.198933
3,7,11.398806
3,8,12.496018
3,9,13.563162
4,0,0.0
4,1,2.7019043
4,10,19.077234
4,11,20.388466
4,12,21.996296
4,13,24.090433
4,14,26.794596
4,15,30.0
4,2,5.321117
4,3,7.785073
4,4,10.03911
4,5,12.050926
4,6,13.812265
4,7,15.339395
4,8,16.673998
4,9,17.885798
5,0,0.0
5,1,3.523231
5,10,23.323587
5,11,24.358833
5,12,25.46107
5,13,26.746103
5,14,28.276983
5,15,30.0
5,2,6.9256167
5,3,10.10243
5,4,12.976255
5,5,15.501493
5,6,17.66373
5,7,19.476633
5,8,20.97892
5,9,22.232784
6,0,0.0
6,1,4.4664016
6,10,27.629814
6,11,28.265915
6,12,28.745987
6,13,29.15797
6,14,29.568285
6,15,30.0
6,2,8.757637
6,3,12.725612
6,4,16.265572
6,5,19.319265
6,6,21.869167
6,7,23.929352
6,8,25.53717
6,9,26.74752
7,0,0.0
7,1,5.5858483
7,10,32.18702
7,11,32.333164
7,12,32.102272
7,13,31.57378
7,14,30.839352
7,15,30.0
7,2,10.915099
7,3,15.779963
7,4,20.045156
7,5,23.64552
7,6,26.569485
7,7,28.839876
7,8,30.498344
7,9,31.595566
8,0,0.0
8,1,6.9630756
8,10,37.194653
8,11,36.781837
8,12,35.759647
8,13,34.197945
8,14,32.21658
8,15,30.0
8,2,13.539265
8,3,19.437338
8,4,24.49383
8,5,28.653145
8,6,31.928871
8,7,34.368103
8,8,36.02657
8,9,36.954956
9,0,0.0
9,1,8.728393
9,10,42.859978
9,11,41.844353
9,12,39.96008
9,13,37.244232
9,14,33.830276
9,15,30.0
9,2,16.8439
9,3,23.939705
9,4,29.84401
9,5,34.54943
9,6,38.13035
9,7,40.68296
9,8,42.29078
9,9,43.0087
