0,0,0.0
0,1,0.0
0,10,0.0
0,11,0.0
0,12,0.0
0,13,0.0
0,14,0.0
0,15,30.0
0,2,0.0
0,3,0.0
0,4,0.0
0,5,0.0
0,6,0.0
0,7,0.0
0,8,0.0
0,9,0.0
1,0,0.0
1,1,0.63065195
1,10,5.1338506
1,11,5.9068375
1,12,7.2037954
1,13,9.71368
1,14,15.330372
1,15,30.0
1,2,1.2452798
1,3,1.8298979
1,4,2.374132
1,5,2.8730369
1,6,3.328158
1,7,3.7497149
1,8,4.159383
1,9,4.596899
10,0,0.0
10,1,11.026842
10,10,48.97049
10,11,47.405006
10,12,44.693256
10,13,40.778957
10,14,35.75215
10,15,30.0
10,2,21.010418
10,3,29.401125
10,4,36.09194
10,5,41.20896
10,6,44.950706
10,7,47.50026
10,8,48.98799
10,9,49.478683
11,0,0.0
11,1,14.45674
11,10,56.623672
11,11,54.539375
11,12,50.975113
11,13,45.669167
11,14,38.525032
11,15,30.0
11,2,26.944447
11,3,36.820927
11,4,44.249706
11,5,49.649303
11,6,53.425167
11,7,55.881207
11,8,57.20336
11,9,57.46341
12,0,0.0
12,1,19.865227
12,10,65.578094
12,11,63.20455
12,12,59.039356
12,13,52.426735
12,14,42.693653
12,15,30.0
12,2,35.509045
12,3,46.716816
12,4,54.47431
12,5,59.758873
12,6,63.272003
12,7,65.45366
12,8,66.540985
12,9,66.60836
13,0,0.0
13,1,29.503809
13,10,75.92531
13,11,73.70467
13,12,69.58656
13,13,62.329422
13,14,49.835793
13,15,30.0
13,2,48.52675
13,3,60.088554
13,4,67.20498
13,5,71.68025
13,6,74.49644
13,7,76.170784
13,8,76.951225
13,9,76.90299
14,0,0.0
14,1,49.629715
14,10,87.55156
14,11,86.134476
14,12,83.29855
14,13,77.48696
14,14,64.32944
14,15,30.0
14,2,69.018555
14,3,77.92465
14,4,82.601776
14,5,85.29074
14,6,86.89702
14,7,87.81921
14,8,88.22887
14,9,88.16576
15,0,0.0
15,1,100.0
15,10,100.0
15,11,100.0
15,12,100.0
15,13,100.0
15,14,100.0
15,15,30.0
15,2,100.0
15,3,100.0
15,4,100.0
15,5,100.0
15,6,100.0
15,7,100.0
15,8,100.0
15,9,100.0
2,0,0.0
2,1,1.2758081
2,10,10.030174
2,11,11.2889385
2,12,13.194285
2,13,16.320507
2,14,21.607792
2,15,30.0
2,2,2.517833
2,3,3.696266
2,4,4.7892447
2,5,5.785121
2,6,6.6855354
2,7,7.5073843
2,8,8.287826
2,9,9.092095
3,0,0.0
3,1,1.952234
3,10,14.604321
3,11,16.023949
3,12,17.964222
3,13,20.76667
3,14,24.78066
3,15,30.0
3,2,3.8489838
3,3,5.641681
3,4,7.293706
3,5,8.785099
3,6,10.114125
3,7,11.300497
3,8,12.38782
3,9,13.450486
4,0,0.0
4,1,2.6810565
4,10,18.913464
4,11,20.240473
4,12,21.874306
4,13,24.003521
4,14,26.749352
4,15,30.0
4,2,5.278802
4,3,7.7201233
4,4,9.950803
4,5,11.939091
4,6,13.678583
4,7,15.1873255
4,8,16.50948
4,9,17.716827
5,0,0.0
5,1,3.4907968
5,10,23.09873
5,11,24.157095
5,12,25.295849
5,13,26.628784
5,14,28.21611
5,15,30.0
5,2,6.860244
5,3,10.003717
5,4,12.84403
5,5,15.337202
5,6,17.47048
5,7,19.260353
5,8,20.748085
5,9,21.998459
6,0,0.0
6,1,4.420599
6,10,27.340563
6,11,28.008173
6,12,28.535797
6,13,29.009338
6,14,29.49126
6,15,30.0
6,2,8.666067
6,3,12.588432
6,4,16.084198
6,5,19.096497
6,6,21.6106
6,7,23.643276
6,8,25.235146
6,9,26.443811
7,0,0.0
7,1,5.526621
7,10,31.837265
7,11,32.02293
7,12,31.850414
7,13,31.396057
7,14,30.747467
7,15,30.0
7,2,10.797035
7,3,15.604462
7,4,19.814766
7,5,23.365295
7,6,26.24704
7,7,28.486374
7,8,30.128147
7,9,31.225935
8,0,0.0
8,1,6.8921804
8,10,36.796368
8,11,36.43011
8,12,35.474823
8,13,33.997524
8,14,32.11303
8,15,30.0
8,2,13.398508
8,3,19.22887
8,4,24.221947
8,5,28.324398
8,6,31.553267
8,7,33.95894
8,8,35.600708
8,9,36.53216
9,0,0.0
9,1,8.649736
9,10,42.433815
9,11,41.468987
9,12,39.656998
9,13,37.031204
9,14,33.720394
9,15,30.0
9,2,16.687933
9,3,23.709635
9,4,29.545008
9,5,34.18975
9,6,37.721306
9,7,40.239597
9,8,41.831463
9,9,42.554512
