0,0,0.0
0,1,0.0
0,10,0.0
0,11,0.0
0,12,0.0
0,13,0.0
0,14,0.0
0,15,30.0
0,2,0.0
0,3,0.0
0,4,0.0
0,5,0.0
0,6,0.0
0,7,0.0
0,8,0.0
0,9,0.0
1,0,0.0
1,1,0.6326525
1,10,5.1636953
1,11,5.9345484
1,12,7.227071
1,13,9.730501
1,14,15.339188
1,15,30.0
1,2,1.249656
1,3,1.8372355
1,4,2.385191
1,5,2.8883648
1,6,3.3480701
1,7,3.7739325
1,8,4.187094
1,9,4.626648
10,0,0.0
10,1,11.106619
10,10,49.392303
10,11,47.775597
10,12,44.992153
10,13,40.98867
10,14,35.860317
10,15,30.0
10,2,21.168287
10,3,29.633648
10,4,36.393166
10,5,41.570324
10,6,45.36023
10,7,47.942726
10,8,49.44499
10,9,49.929195
11,0,0.0
11,1,14.532213
11,10,57.01486
11,11,54.88262
11,12,51.25141
11,13,45.862946
11,14,38.624855
11,15,30.0
11,2,27.09372
11,3,37.040302
11,4,44.53338
11,5,49.988655
11,6,53.808784
11,7,56.294556
11,8,57.62913
11,9,57.882248
12,0,0.0
12,1,19.929543
12,10,65.90675
12,11,63.492424
12,12,59.270977
12,13,52.58896
12,14,42.777233
12,15,30.0
12,2,35.636093
12,3,46.90338
12,4,54.715103
12,5,60.04649
12,6,63.596478
12,7,65.80261
12,8,66.89981
12,9,66.960655
13,0,0.0
13,1,29.550686
13,10,76.162605
13,11,73.912445
13,12,69.75354
13,13,62.44638
13,14,49.895996
13,15,30.0
13,2,48.619343
13,3,60.224358
13,4,67.38014
13,5,71.88918
13,6,74.731865
13,7,76.42365
13,8,77.21089
13,9,77.1577
14,0,0.0
14,1,49.654434
14,10,87.67602
14,11,86.243355
14,12,83.38605
14,13,77.5482
14,14,64.36097
14,15,30.0
14,2,69.06735
14,3,77.99622
14,4,82.69399
14,5,85.40068
14,6,87.020805
14,7,87.95206
14,8,88.36522
14,9,88.299385
15,0,0.0
15,1,100.0
15,10,100.0
15,11,100.0
15,12,100.0
15,13,100.0
15,14,100.0
15,15,30.0
15,2,100.0
15,3,100.0
15,4,100.0
15,5,100.0
15,6,100.0
15,7,100.0
15,8,100.0
15,9,100.0
2,0,0.0
2,1,1.2812018
2,10,10.09466
2,11,11.348353
2,12,13.243973
2,13,16.356255
2,14,21.62651
2,15,30.0
2,2,2.5292187
2,3,3.7147975
2,4,4.816053
2,5,5.821243
2,6,6.731134
2,7,7.5617795
2,8,8.349014
2,9,9.156976
3,0,0.0
3,1,1.9634211
3,10,14.711729
3,11,16.122059
3,12,18.045658
3,13,20.825043
3,14,24.811117
3,15,30.0
3,2,3.872174
3,3,5.678062
3,4,7.3447375
3,5,8.851471
3,6,10.195715
3,7,11.39542
3,8,12.492615
3,9,13.559888
4,0,0.0
4,1,2.70102
4,10,19.073397
4,11,20.385159
4,12,21.993671
4,13,24.088612
4,14,26.793663
4,15,30.0
4,2,5.319383
4,3,7.7825603
4,4,10.035921
4,5,12.047192
4,6,13.808144
4,7,15.33506
4,8,16.66964
4,9,17.881607
5,0,0.0
5,1,3.522184
5,10,23.31905
5,11,24.35492
5,12,25.457962
5,13,26.743948
5,14,28.275883
5,15,30.0
5,2,6.9235644
5,3,10.099457
5,4,12.972481
5,5,15.497074
5,6,17.658854
5,7,19.471504
5,8,20.973763
5,9,22.227821
6,0,0.0
6,1,4.4652314
6,10,27.624744
6,11,28.261545
6,12,28.74252
6,13,29.155567
6,14,29.567055
6,15,30.0
6,2,8.755343
6,3,12.722289
6,4,16.261353
6,5,19.314331
6,6,21.863716
6,7,23.923624
6,8,25.53141
6,9,26.741982
7,0,0.0
7,1,5.5846024
7,10,32.181625
7,11,32.328514
7,12,32.098583
7,13,31.57122
7,14,30.838043
7,15,30.0
7,2,10.912658
7,3,15.7764225
7,4,20.040667
7,5,23.640263
7,6,26.563683
7,7,28.83378
7,8,30.492212
7,9,31.589674
8,0,0.0
8,1,6.9618073
8,10,37.189163
8,11,36.777107
8,12,35.755894
8,13,34.19534
8,14,32.21525
8,15,30.0
8,2,13.536777
8,3,19.433735
8,4,24.48926
8,5,28.647795
8,6,31.922966
8,7,34.361893
8,8,36.02033
8,9,36.94895
9,0,0.0
9,1,8.727157
9,10,42.854633
9,11,41.839756
9,12,39.95643
9,13,37.2417
9,14,33.82898
9,15,30.0
9,2,16.84148
9,3,23.9362
9,4,29.839561
9,5,34.54422
9,6,38.124596
9,7,40.676918
9,8,42.284702
9,9,43.002865
