0,0,0.0
0,1,0.0
0,10,0.0
0,11,0.0
0,12,0.0
0,13,0.0
0,14,0.0
0,15,30.0
0,2,0.0
0,3,0.0
0,4,0.0
0,5,0.0
0,6,0.0
0,7,0.0
0,8,0.0
0,9,0.0
1,0,0.0
1,1,0.7020106
1,10,5.2885857
1,11,6.0266523
1,12,7.290299
1,13,9.769236
1,14,15.357469
1,15,30.0
1,2,1.3816462
1,3,2.0198863
1,4,2.6020584
1,5,3.122008
1,6,3.5809126
1,7,3.9915862
1,8,4.37858
1,9,4.785803
10,0,0.0
10,1,10.863606
10,10,47.700615
10,11,46.261543
10,12,43.753242
10,13,40.110924
10,14,35.404808
10,15,30.0
10,2,20.678627
10,3,28.89155
10,4,35.398354
10,5,40.331013
10,6,43.90204
10,7,46.31012
10,8,47.70366
10,9,48.164246
11,0,0.0
11,1,14.2703
11,10,55.340813
11,11,53.391373
11,12,50.037407
11,13,45.00448
11,14,38.18062
11,15,30.0
11,2,26.568508
11,3,36.25255
11,4,43.488087
11,5,48.702625
11,6,52.31266
11,7,54.637665
11,8,55.87924
11,9,56.122498
12,0,0.0
12,1,19.68706
12,10,64.435585
12,11,62.187595
12,12,58.210705
12,13,51.841385
12,14,42.390427
12,15,30.0
12,2,35.15205
12,3,46.180557
12,4,53.76286
12,5,58.8826
12,6,62.252323
12,7,64.32395
12,8,65.347244
12,9,65.408226
13,0,0.0
13,1,29.3647
13,10,75.06882
13,11,72.94381
13,12,68.96848
13,13,61.89302
13,14,49.610172
13,15,30.0
13,2,48.248505
13,3,59.672718
13,4,66.655754
13,5,71.007866
13,6,73.71817
13,7,75.313034
13,8,76.04938
13,9,75.99961
14,0,0.0
14,1,49.55354
14,10,87.0926
14,11,85.72771
14,12,82.9682
14,13,77.254135
14,14,64.20899
14,15,30.0
14,2,68.86654
14,3,77.697784
14,4,82.303116
14,5,84.926025
14,6,86.4762
14,7,87.35671
14,8,87.74371
14,9,87.68109
15,0,0.0
15,1,100.0
15,10,100.0
15,11,100.0
15,12,100.0
15,13,100.0
15,14,100.0
15,15,30.0
15,2,100.0
15,3,100.0
15,4,100.0
15,5,100.0
15,6,100.0
15,7,100.0
15,8,100.0
15,9,100.0
2,0,0.0
2,1,1.4060681
2,10,10.2944975
2,11,11.490582
2,12,13.337369
2,13,16.411304
2,14,21.651537
2,15,30.0
2,2,2.7667887
2,3,4.0416026
2,4,5.202532
2,5,6.2335386
2,6,7.1381607
2,7,7.9363894
2,8,8.672736
2,9,9.419594
3,0,0.0
3,1,2.1190188
3,10,14.896604
3,11,16.23806
3,12,18.110203
3,13,20.855495
3,14,24.822388
3,15,30.0
3,2,4.1661606
3,3,6.0800524
3,4,7.8133216
3,5,9.343626
3,6,10.669186
3,7,11.817526
3,8,12.840815
3,9,13.825096
4,0,0.0
4,1,2.8549871
4,10,19.130169
4,11,20.380428
4,12,21.954948
4,13,24.044312
4,14,26.765305
4,15,30.0
4,2,5.6083417
4,3,8.170088
4,4,10.477142
4,5,12.491976
4,6,14.213069
4,7,15.665446
4,8,16.90703
4,9,18.022907
5,0,0.0
5,1,3.641683
5,10,23.135273
5,11,24.134237
5,12,25.24332
5,13,26.574392
5,14,28.182888
5,15,30.0
5,2,7.142097
5,3,10.381629
5,4,13.271043
5,5,15.765671
5,6,17.855371
5,7,19.56947
5,8,20.963009
5,9,22.117582
6,0,0.0
6,1,4.521145
6,10,27.11046
6,11,27.75182
6,12,28.294407
6,13,28.823065
6,14,29.389729
6,15,30.0
6,2,8.849061
6,3,12.819466
6,4,16.321941
6,5,19.296463
6,6,21.737284
6,7,23.672615
6,8,25.16132
6,9,26.278473
7,0,0.0
7,1,5.5588145
7,10,31.292706
7,11,31.493124
7,12,31.39176
7,13,31.05782
7,14,30.568352
7,15,30.0
7,2,10.844828
7,3,15.6398325
7,4,19.801458
7,5,23.270512
7,6,26.044924
7,7,28.167824
7,8,29.7016
7,9,30.718624
8,0,0.0
8,1,6.848795
8,10,35.93783
8,11,35.631737
8,12,34.80272
8,13,33.512306
8,14,31.858334
8,15,30.0
8,2,13.299316
8,3,19.05079
8,4,23.940071
8,5,27.915636
8,6,31.007284
8,7,33.280407
8,8,34.814182
8,9,35.680984
9,0,0.0
9,1,8.537445
9,10,41.317833
9,11,40.451275
9,12,38.81411
9,13,36.42784
9,14,33.40603
9,15,30.0
9,2,16.453836
9,3,23.339169
9,4,29.021397
9,5,33.503838
9,6,36.87458
9,7,39.251625
9,8,40.74033
9,9,41.41577
