0,0,0.0
0,1,0.0
0,10,0.0
0,11,0.0
0,12,0.0
0,13,0.0
0,14,0.0
0,15,30.0
0,2,0.0
0,3,0.0
0,4,0.0
0,5,0.0
0,6,0.0
0,7,0.0
0,8,0.0
0,9,0.0
1,0,0.0
1,1,1.0854684
1,10,6.1798706
1,11,6.7509995
1,12,7.840328
1,13,10.138727
1,14,15.54335
1,15,30.0
1,2,2.1106777
1,3,3.028384
1,4,3.802814
1,5,4.4265347
1,6,4.9046364
1,7,5.2676487
1,8,5.5558453
1,9,5.8306127
10,0,0.0
10,1,10.484348
10,10,43.383194
10,11,42.359627
10,12,40.5405
10,13,37.827858
10,14,34.217648
10,15,30.0
10,2,19.866442
10,3,27.553453
10,4,33.44544
10,5,37.703117
10,6,40.610188
10,7,42.44312
10,8,43.433155
10,9,43.731133
11,0,0.0
11,1,13.721627
11,10,50.71019
11,11,49.23931
11,12,46.645317
11,13,42.599953
11,14,36.93547
11,15,30.0
11,2,25.433346
11,3,34.476498
11,4,41.018135
11,5,45.528217
11,6,48.478523
11,7,50.264793
11,8,51.15938
11,9,51.30291
12,0,0.0
12,1,19.100464
12,10,60.138924
12,11,58.360092
12,12,55.09117
12,13,49.639122
12,14,41.249634
12,15,30.0
12,2,33.95847
12,3,44.34699
12,4,51.271904
12,5,55.745014
12,6,58.534184
12,7,60.148033
12,8,60.894325
12,9,60.90755
13,0,0.0
13,1,28.878153
13,10,71.75951
13,11,70.00174
13,12,66.57936
13,13,60.206226
13,14,48.73865
13,15,30.0
13,2,47.263504
13,3,58.17685
13,4,64.64372
13,5,68.50343
13,6,70.778694
13,7,72.0401
13,8,72.58476
13,9,72.51521
14,0,0.0
14,1,49.278404
14,10,85.29086
14,11,84.13048
14,12,81.670906
14,13,76.3404
14,14,63.73629
14,15,30.0
14,2,68.312355
14,3,76.85896
14,4,81.1823
14,5,83.53753
14,6,84.85544
14,7,85.55997
14,8,85.84816
14,9,85.78141
15,0,0.0
15,1,100.0
15,10,100.0
15,11,100.0
15,12,100.0
15,13,100.0
15,14,100.0
15,15,30.0
15,2,100.0
15,3,100.0
15,4,100.0
15,5,100.0
15,6,100.0
15,7,100.0
15,8,100.0
15,9,100.0
2,0,0.0
2,1,2.1179833
2,10,11.888113
2,11,12.779715
2,12,14.310499
2,13,17.063839
2,14,21.978485
2,15,30.0
2,2,4.121123
2,3,5.907981
2,4,7.4216967
2,5,8.632041
2,6,9.563326
2,7,10.259841
2,8,10.8045
2,9,11.299839
3,0,0.0
3,1,3.0606475
3,10,16.848776
3,11,17.797346
3,12,19.27724
3,13,21.630732
3,14,25.20982
3,15,30.0
3,2,5.9500732
3,3,8.533063
3,4,10.709155
3,5,12.4548645
3,6,13.783168
3,7,14.771566
3,8,15.517854
3,9,16.15654
4,0,0.0
4,1,3.894341
4,10,20.996216
4,11,21.835403
4,12,23.018023
4,13,24.739891
4,14,27.108187
4,15,30.0
4,2,7.5732822
4,3,10.849195
4,4,13.614232
4,5,15.814238
4,6,17.487717
4,7,18.708221
4,8,19.602814
4,9,20.3121
5,0,0.0
5,1,4.6398945
5,10,24.449623
5,11,25.086384
5,12,25.89413
5,13,26.97429
5,14,28.373192
5,15,30.0
5,2,9.012872
5,3,12.907087
5,4,16.172186
5,5,18.769552
5,6,20.720234
5,7,22.12793
5,8,23.117964
5,9,23.841183
6,0,0.0
6,1,5.345832
6,10,27.458504
6,11,27.856123
6,12,28.25822
6,13,28.742804
6,14,29.331072
6,15,30.0
6,2,10.378193
6,3,14.832917
6,4,18.55888
6,5,21.491518
6,6,23.68204
6,7,25.228127
6,8,26.27641
6,9,26.974043
7,0,0.0
7,1,6.111283
7,10,30.393751
7,11,30.51031
7,12,30.489094
7,13,30.370157
7,14,30.198978
7,15,30.0
7,2,11.836079
7,3,16.876152
7,4,21.043339
7,5,24.299196
7,6,26.690647
7,7,28.34948
7,8,29.423243
7,9,30.061457
8,0,0.0
8,1,7.0719385
8,10,33.693867
8,11,33.492283
8,12,32.976727
8,13,32.185684
8,14,31.159634
8,15,30.0
8,2,13.6516075
8,3,19.363783
8,4,24.025314
8,5,27.599308
8,6,30.184916
8,7,31.928686
8,8,33.00245
8,9,33.55572
9,0,0.0
9,1,8.432417
9,10,37.861656
9,11,37.270737
9,12,36.169456
9,13,34.531178
9,14,32.417656
9,15,30.0
9,2,16.166565
9,3,22.744152
9,4,27.97349
9,5,31.894676
9,6,34.655388
9,7,36.464157
9,8,37.512436
9,9,37.94739
