0,0,0.0
0,1,0.0
0,10,0.0
0,11,0.0
0,12,0.0
0,13,0.0
0,14,0.0
0,15,0.0
0,16,0.0
0,17,0.0
0,18,0.0
0,19,0.0
0,2,0.0
0,20,0.0
0,21,0.0
0,22,0.0
0,23,0.0
0,24,0.0
0,25,0.0
0,26,0.0
0,27,0.0
0,28,0.0
0,29,30.0
0,3,0.0
0,4,0.0
0,5,0.0
0,6,0.0
0,7,0.0
0,8,0.0
0,9,0.0
1,0,0.0
1,1,0.7563429
1,10,4.5608616
1,11,4.645023
1,12,4.699409
1,13,4.7329617
1,14,4.7533317
1,15,4.7657924
1,16,4.774549
1,17,4.7830977
1,18,4.7949257
1,19,4.8150496
1,2,1.4835956
1,20,4.8504944
1,21,4.9138975
1,22,5.0253468
1,23,5.221841
1,24,5.56894
1,25,6.197631
1,26,7.387382
1,27,9.81956
1,28,15.378171
1,29,30.0
1,3,2.1549058
1,4,2.751626
1,5,3.2599435
1,6,3.6774898
1,7,4.0055633
1,8,4.254449
1,9,4.434683
10,0,0.0
10,1,4.5608263
10,10,27.418373
10,11,27.918243
10,12,28.237907
10,13,28.434391
10,14,28.550133
10,15,28.61605
10,16,28.652973
10,17,28.674603
10,18,28.690212
10,19,28.705936
10,2,8.942797
10,20,28.727623
10,21,28.759932
10,22,28.809534
10,23,28.881788
10,24,28.984276
10,25,29.121033
10,26,29.295954
10,27,29.50612
10,28,29.745201
10,29,30.0
10,3,12.989183
10,4,16.577488
10,5,19.63644
10,6,22.13922
10,7,24.107845
10,8,25.592955
10,9,26.66994
11,0,0.0
11,1,4.6449313
11,10,27.918198
11,11,28.426144
11,12,28.75138
11,13,28.95082
11,14,29.068333
11,15,29.134897
11,16,29.171646
11,17,29.192314
11,18,29.205519
11,19,29.217264
11,2,9.1082945
11,20,29.231491
11,21,29.252428
11,22,29.28323
11,23,29.328516
11,24,29.391151
11,25,29.474957
11,26,29.58024
11,27,29.70651
11,28,29.848696
11,29,30.0
11,3,13.228321
11,4,16.883362
11,5,19.996918
11,6,22.546024
11,7,24.548897
11,8,26.061195
11,9,27.156313
12,0,0.0
12,1,4.699193
12,10,28.237764
12,11,28.751308
12,12,29.079668
12,13,29.28117
12,14,29.399645
12,15,29.466614
12,16,29.50323
12,17,29.523096
12,18,29.534805
12,19,29.543509
12,2,9.214104
12,20,29.553001
12,21,29.565693
12,22,29.58445
12,23,29.611088
12,24,29.648314
12,25,29.697067
12,26,29.758545
12,27,29.83129
12,28,29.913223
12,29,30.0
12,3,13.382458
12,4,17.078922
12,5,20.228878
12,6,22.806114
12,7,24.83215
12,8,26.360565
12,9,27.46811
13,0,0.0
13,1,4.73245
13,10,28.434042
13,11,28.950605
13,12,29.281067
13,13,29.483646
13,14,29.602764
13,15,29.669928
13,16,29.70641
13,17,29.725815
13,18,29.736414
13,19,29.74333
13,2,9.279579
13,20,29.749504
13,21,29.757248
13,22,29.767923
13,23,29.783278
13,24,29.80412
13,25,29.831715
13,26,29.865906
13,27,29.906544
13,28,29.951906
13,29,30.0
13,3,13.476928
13,4,17.199753
13,5,20.371044
13,6,22.966486
13,7,25.005756
13,8,26.54476
13,9,27.65921
14,0,0.0
14,1,4.7521963
14,10,28.549318
14,11,29.067835
14,12,29.399353
14,13,29.602633
14,14,29.72206
14,15,29.789343
14,16,29.825747
14,17,29.844812
14,18,29.854813
14,19,29.860514
14,2,9.318031
14,20,29.864834
14,21,29.869356
14,22,29.875422
14,23,29.883701
14,24,29.895126
14,25,29.909887
14,26,29.928375
14,27,29.95005
14,28,29.974354
14,29,30.0
14,3,13.532954
14,4,17.270716
14,5,20.455193
14,6,23.060669
14,7,25.108265
14,8,26.652939
14,9,27.771801
15,0,0.0
15,1,4.7633038
15,10,28.614319
15,11,29.133778
15,12,29.46596
15,13,29.669565
15,14,29.789188
15,15,29.85652
15,16,29.892864
15,17,29.911762
15,18,29.921364
15,19,29.926434
15,2,9.33991
15,20,29.92958
15,21,29.932384
15,22,29.935642
15,23,29.940075
15,24,29.945946
15,25,29.953665
15,26,29.963139
15,27,29.974356
15,28,29.986813
15,29,30.0
15,3,13.564469
15,4,17.311018
15,5,20.50252
15,6,23.114027
15,7,25.16592
15,8,26.714066
15,9,27.835133
16,0,0.0
16,1,4.7693624
16,10,28.64932
16,11,29.169348
16,12,29.501825
16,13,29.705631
16,14,29.825336
16,15,29.892696
16,16,29.929014
16,17,29.9478
16,18,29.957214
16,19,29.961897
16,2,9.35169
16,20,29.964458
16,21,29.966242
16,22,29.968067
16,23,29.970297
16,24,29.973278
16,25,29.977074
16,26,29.981806
16,27,29.98732
16,28,29.993496
16,29,30.0
16,3,13.581636
16,4,17.332718
16,5,20.52824
16,6,23.142756
16,7,25.197165
16,8,26.746979
16,9,27.869362
17,0,0.0
17,1,4.772483
17,10,28.6674
17,11,29.187672
17,12,29.520325
17,13,29.724213
17,14,29.843967
17,15,29.911337
17,16,29.947632
17,17,29.966373
17,18,29.97567
17,19,29.980177
17,2,9.3578415
17,20,29.982403
17,21,29.983704
17,22,29.984728
17,23,29.985878
17,24,29.987297
17,25,29.989132
17,26,29.99136
17,27,29.993996
17,28,29.996914
17,29,30.0
17,3,13.590477
17,4,17.344025
17,5,20.541487
17,6,23.157679
17,7,25.213255
17,8,26.764025
17,9,27.886992
18,0,0.0
18,1,4.774044
18,10,28.676304
18,11,29.196716
18,12,29.529436
18,13,29.73337
18,14,29.853142
18,15,29.920519
18,16,29.956808
18,17,29.975517
18,18,29.98477
18,19,29.989174
18,2,9.36087
18,20,29.991253
18,21,29.992287
18,22,29.99295
18,23,29.993532
18,24,29.994219
18,25,29.995049
18,26,29.996078
18,27,29.997265
18,28,29.9986
18,29,30.0
18,3,13.594893
18,4,17.349592
18,5,20.54808
18,6,23.165026
18,7,25.221241
18,8,26.772415
18,9,27.895712
19,0,0.0
19,1,4.7747784
19,10,28.680508
19,11,29.200968
19,12,29.53373
19,13,29.737679
19,14,29.857464
19,15,29.92484
19,16,29.961126
19,17,29.979828
19,18,29.989048
19,19,29.993414
19,2,9.362318
19,20,29.99541
19,21,29.99634
19,22,29.99681
19,23,29.997149
19,24,29.997463
19,25,29.997845
19,26,29.998287
19,27,29.998812
19,28,29.999388
19,29,30.0
19,3,13.59697
19,4,17.352245
19,5,20.551186
19,6,23.168518
19,7,25.224995
19,8,26.776392
19,9,27.899813
2,0,0.0
2,1,1.4835956
2,10,8.942863
2,11,9.1084585
2,12,9.214509
2,13,9.280508
2,14,9.320146
2,15,9.34445
2,16,9.361284
2,17,9.377214
2,18,9.399216
2,19,9.435551
2,2,2.9090111
2,20,9.500004
2,21,9.612827
2,22,9.810089
2,23,10.148844
2,24,10.730224
2,25,11.72629
2,26,13.449295
2,27,16.454504
2,28,21.664036
2,29,30.0
2,3,4.226768
2,4,5.3953457
2,5,6.3938255
2,6,7.210765
2,7,7.855598
2,8,8.342056
2,9,8.696514
20,0,0.0
20,1,4.775114
20,10,28.682396
20,11,29.202887
20,12,29.535658
20,13,29.739616
20,14,29.859402
20,15,29.926785
20,16,29.963066
20,17,29.98176
20,18,29.990974
20,19,29.99532
20,2,9.362968
20,20,29.997288
20,21,29.998154
20,22,29.998558
20,23,29.998766
20,24,29.998934
20,25,29.999094
20,26,29.999289
20,27,29.999504
20,28,29.999746
20,29,30.0
20,3,13.597918
20,4,17.35344
20,5,20.552597
20,6,23.17009
20,7,25.2267
20,8,26.778173
20,9,27.901667
21,0,0.0
21,1,4.775258
21,10,28.683207
21,11,29.203707
21,12,29.536484
21,13,29.740446
21,14,29.860233
21,15,29.927616
21,16,29.963898
21,17,29.98259
21,18,29.991798
21,19,29.996138
21,2,9.363253
21,20,29.99809
21,21,29.99894
21,22,29.9993
21,23,29.999466
21,24,29.999557
21,25,29.999636
21,26,29.999714
21,27,29.999804
21,28,29.999899
21,29,30.0
21,3,13.598324
21,4,17.353958
21,5,20.553202
21,6,23.170769
21,7,25.227427
21,8,26.778946
21,9,27.902458
22,0,0.0
22,1,4.7753177
22,10,28.68354
22,11,29.204042
22,12,29.536823
22,13,29.740786
22,14,29.860577
22,15,29.927956
22,16,29.964237
22,17,29.98293
22,18,29.992138
22,19,29.996471
22,2,9.363369
22,20,29.99842
22,21,29.999258
22,22,29.999609
22,23,29.99975
22,24,29.999819
22,25,29.999857
22,26,29.999891
22,27,29.999926
22,28,29.999962
22,29,30.0
22,3,13.598493
22,4,17.35417
22,5,20.553452
22,6,23.171045
22,7,25.227728
22,8,26.779259
22,9,27.902786
23,0,0.0
23,1,4.775341
23,10,28.683668
23,11,29.204174
23,12,29.536955
23,13,29.74092
23,14,29.860706
23,15,29.92809
23,16,29.96437
23,17,29.983063
23,18,29.992268
23,19,29.996601
23,2,9.363413
23,20,29.998547
23,21,29.999384
23,22,29.999727
23,23,29.999866
23,24,29.99992
23,25,29.999945
23,26,29.999962
23,27,29.999973
23,28,29.999987
23,29,30.0
23,3,13.598558
23,4,17.354252
23,5,20.553549
23,6,23.171154
23,7,25.227844
23,8,26.779383
23,9,27.902912
24,0,0.0
24,1,4.7753496
24,10,28.683718
24,11,29.204222
24,12,29.537004
24,13,29.740969
24,14,29.860758
24,15,29.928137
24,16,29.96442
24,17,29.983112
24,18,29.992317
24,19,29.996647
24,2,9.363431
24,20,29.998592
24,21,29.999428
24,22,29.999773
24,23,29.999905
24,24,29.999958
24,25,29.999979
24,26,29.999985
24,27,29.999994
24,28,29.999996
24,29,30.0
24,3,13.598583
24,4,17.354284
24,5,20.553583
24,6,23.171196
24,7,25.227888
24,8,26.77943
24,9,27.902958
25,0,0.0
25,1,4.775353
25,10,28.683731
25,11,29.204239
25,12,29.537022
25,13,29.740986
25,14,29.860773
25,15,29.928156
25,16,29.964436
25,17,29.983128
25,18,29.992332
25,19,29.996666
25,2,9.363436
25,20,29.998611
25,21,29.999447
25,22,29.999786
25,23,29.99992
25,24,29.99997
25,25,29.999989
25,26,29.999996
25,27,29.999998
25,28,30.0
25,29,30.0
25,3,13.598591
25,4,17.354294
25,5,20.553596
25,6,23.171207
25,7,25.227903
25,8,26.779446
25,9,27.902975
26,0,0.0
26,1,4.775354
26,10,28.683739
26,11,29.204247
26,12,29.53703
26,13,29.740992
26,14,29.860779
26,15,29.928158
26,16,29.96444
26,17,29.983131
26,18,29.99234
26,19,29.99667
26,2,9.36344
26,20,29.998617
26,21,29.99945
26,22,29.999792
26,23,29.999924
26,24,29.999973
26,25,29.99999
26,26,29.999996
26,27,30.0
26,28,30.0
26,29,30.0
26,3,13.598595
26,4,17.354298
26,5,20.553602
26,6,23.171215
26,7,25.22791
26,8,26.779453
26,9,27.90298
27,0,0.0
27,1,4.7753544
27,10,28.683743
27,11,29.204247
27,12,29.53703
27,13,29.740993
27,14,29.860779
27,15,29.928162
27,16,29.964443
27,17,29.983131
27,18,29.99234
27,19,29.996674
27,2,9.3634405
27,20,29.99862
27,21,29.999453
27,22,29.999794
27,23,29.999928
27,24,29.999973
27,25,29.999992
27,26,29.999998
27,27,30.0
27,28,30.0
27,29,30.0
27,3,13.598597
27,4,17.3543
27,5,20.553604
27,6,23.171217
27,7,25.22791
27,8,26.779453
27,9,27.902985
28,0,0.0
28,1,4.775355
28,10,28.683743
28,11,29.204247
28,12,29.53703
28,13,29.740993
28,14,29.860779
28,15,29.928162
28,16,29.964443
28,17,29.983131
28,18,29.99234
28,19,29.996672
28,2,9.3634405
28,20,29.99862
28,21,29.999453
28,22,29.999794
28,23,29.999928
28,24,29.999973
28,25,29.999992
28,26,30.0
28,27,30.0
28,28,30.0
28,29,30.0
28,3,13.598597
28,4,17.354301
28,5,20.553606
28,6,23.171217
28,7,25.227911
28,8,26.779453
28,9,27.90298
29,0,0.0
29,1,4.7753544
29,10,28.683743
29,11,29.204247
29,12,29.53703
29,13,29.740993
29,14,29.860779
29,15,29.928158
29,16,29.964441
29,17,29.983131
29,18,29.99234
29,19,29.99667
29,2,9.363441
29,20,29.99862
29,21,29.99945
29,22,29.999794
29,23,29.999928
29,24,29.999973
29,25,29.999992
29,26,30.0
29,27,30.0
29,28,30.0
29,29,30.0
29,3,13.598597
29,4,17.354301
29,5,20.553606
29,6,23.171217
29,7,25.227913
29,8,26.779453
29,9,27.902983
3,0,0.0
3,1,2.1549058
3,10,12.989269
3,11,13.22854
3,12,13.3829775
3,13,13.478162
3,14,13.535687
3,15,13.570452
3,16,13.594058
3,17,13.615796
3,18,13.644373
3,19,13.691606
3,2,4.226768
3,20,13.772959
3,21,13.915171
3,22,14.157108
3,23,14.564589
3,24,15.235741
3,25,16.327785
3,26,18.069626
3,27,20.777472
3,28,24.767523
3,29,30.0
3,3,6.1392565
3,4,7.838844
3,5,9.28664
3,6,10.475428
3,7,11.409477
3,8,12.117667
3,9,12.63051
30,0,0.0
30,1,4.775355
30,10,28.683743
30,11,29.204247
30,12,29.53703
30,13,29.740992
30,14,29.860779
30,15,29.92816
30,16,29.96444
30,17,29.983131
30,18,29.99234
30,19,29.99667
30,2,9.3634405
30,20,29.998617
30,21,29.99945
30,22,29.999794
30,23,29.999924
30,24,29.999973
30,25,29.999992
30,26,30.0
30,27,30.0
30,28,30.0
30,29,30.0
30,3,13.598597
30,4,17.354301
30,5,20.553604
30,6,23.171219
30,7,25.227913
30,8,26.779453
30,9,27.902985
31,0,0.0
31,1,4.7753544
31,10,28.683743
31,11,29.20425
31,12,29.53703
31,13,29.740993
31,14,29.86078
31,15,29.928158
31,16,29.964443
31,17,29.983133
31,18,29.99234
31,19,29.99667
31,2,9.3634405
31,20,29.998617
31,21,29.99945
31,22,29.999794
31,23,29.999928
31,24,29.999975
31,25,29.999994
31,26,29.999998
31,27,30.0
31,28,30.0
31,29,30.0
31,3,13.598596
31,4,17.354301
31,5,20.553604
31,6,23.171219
31,7,25.227913
31,8,26.779453
31,9,27.902985
32,0,0.0
32,1,4.775355
32,10,28.683744
32,11,29.204248
32,12,29.537031
32,13,29.740993
32,14,29.86078
32,15,29.928162
32,16,29.96444
32,17,29.983133
32,18,29.992338
32,19,29.99667
32,2,9.36344
32,20,29.998615
32,21,29.99945
32,22,29.999794
32,23,29.999924
32,24,29.999977
32,25,29.999992
32,26,30.0
32,27,30.0
32,28,30.0
32,29,30.0
32,3,13.598597
32,4,17.354298
32,5,20.553606
32,6,23.171215
32,7,25.227913
32,8,26.779453
32,9,27.902985
33,0,0.0
33,1,4.7753544
33,10,28.683744
33,11,29.20425
33,12,29.537033
33,13,29.740993
33,14,29.860783
33,15,29.928162
33,16,29.964443
33,17,29.983133
33,18,29.992338
33,19,29.99667
33,2,9.363441
33,20,29.998615
33,21,29.99945
33,22,29.999794
33,23,29.999924
33,24,29.999977
33,25,29.999992
33,26,30.0
33,27,30.0
33,28,30.0
33,29,30.0
33,3,13.598596
33,4,17.354301
33,5,20.553604
33,6,23.171219
33,7,25.22791
33,8,26.779453
33,9,27.902985
34,0,0.0
34,1,4.7753553
34,10,28.683744
34,11,29.20425
34,12,29.537033
34,13,29.740997
34,14,29.860783
34,15,29.928162
34,16,29.964443
34,17,29.983133
34,18,29.992338
34,19,29.99667
34,2,9.36344
34,20,29.998615
34,21,29.99945
34,22,29.999794
34,23,29.999924
34,24,29.999977
34,25,29.999992
34,26,30.0
34,27,30.0
34,28,30.0
34,29,30.0
34,3,13.598598
34,4,17.354298
34,5,20.553606
34,6,23.171215
34,7,25.227913
34,8,26.779451
34,9,27.902985
35,0,0.0
35,1,4.7753544
35,10,28.683744
35,11,29.20425
35,12,29.537033
35,13,29.740995
35,14,29.860783
35,15,29.928162
35,16,29.964443
35,17,29.983133
35,18,29.992338
35,19,29.99667
35,2,9.363441
35,20,29.998615
35,21,29.99945
35,22,29.999794
35,23,29.999924
35,24,29.999977
35,25,29.999992
35,26,30.0
35,27,30.0
35,28,30.0
35,29,30.0
35,3,13.598596
35,4,17.354301
35,5,20.553604
35,6,23.171215
35,7,25.22791
35,8,26.779451
35,9,27.902985
36,0,0.0
36,1,4.775355
36,10,28.683744
36,11,29.20425
36,12,29.537033
36,13,29.740997
36,14,29.860783
36,15,29.928162
36,16,29.964443
36,17,29.983133
36,18,29.992338
36,19,29.99667
36,2,9.36344
36,20,29.998615
36,21,29.99945
36,22,29.999794
36,23,29.999924
36,24,29.999977
36,25,29.999992
36,26,30.0
36,27,30.0
36,28,30.0
36,29,30.0
36,3,13.598597
36,4,17.354301
36,5,20.553604
36,6,23.171215
36,7,25.22791
36,8,26.779451
36,9,27.902985
37,0,0.0
37,1,4.7753544
37,10,28.683744
37,11,29.20425
37,12,29.537033
37,13,29.740995
37,14,29.860783
37,15,29.928162
37,16,29.964443
37,17,29.983133
37,18,29.992338
37,19,29.99667
37,2,9.3634405
37,20,29.998617
37,21,29.99945
37,22,29.999794
37,23,29.999924
37,24,29.999977
37,25,29.999992
37,26,30.0
37,27,30.0
37,28,30.0
37,29,30.0
37,3,13.598597
37,4,17.354301
37,5,20.553604
37,6,23.171215
37,7,25.22791
37,8,26.779453
37,9,27.902985
38,0,0.0
38,1,4.7753544
38,10,28.683744
38,11,29.20425
38,12,29.537033
38,13,29.740995
38,14,29.860783
38,15,29.928162
38,16,29.964443
38,17,29.983133
38,18,29.992338
38,19,29.99667
38,2,9.36344
38,20,29.998615
38,21,29.99945
38,22,29.999794
38,23,29.999924
38,24,29.999977
38,25,29.999992
38,26,30.0
38,27,30.0
38,28,30.0
38,29,30.0
38,3,13.598596
38,4,17.354301
38,5,20.553604
38,6,23.171215
38,7,25.227913
38,8,26.779451
38,9,27.902985
39,0,0.0
39,1,4.7753544
39,10,28.683743
39,11,29.204248
39,12,29.537033
39,13,29.740993
39,14,29.860783
39,15,29.928162
39,16,29.964443
39,17,29.983133
39,18,29.99234
39,19,29.99667
39,2,9.36344
39,20,29.998617
39,21,29.99945
39,22,29.999794
39,23,29.999924
39,24,29.999973
39,25,29.999992
39,26,30.0
39,27,30.0
39,28,30.0
39,29,30.0
39,3,13.598597
39,4,17.3543
39,5,20.553604
39,6,23.171215
39,7,25.227913
39,8,26.779455
39,9,27.902985
4,0,0.0
4,1,2.751626
4,10,16.577585
4,11,16.8836
4,12,17.079506
4,13,17.201092
4,14,17.273762
4,15,17.317535
4,16,17.346447
4,17,17.371569
4,18,17.403694
4,19,17.45439
4,2,5.395345
4,20,17.541798
4,21,17.690125
4,22,17.939991
4,23,18.34703
4,24,18.997253
4,25,20.002853
4,26,21.511051
4,27,23.669052
4,28,26.553993
4,29,30.0
4,3,7.8388433
4,4,10.00572
4,5,11.856352
4,6,13.370506
4,7,14.564848
4,8,15.46585
4,9,16.121748
40,0,0.0
40,1,4.7753544
40,10,28.683743
40,11,29.20425
40,12,29.53703
40,13,29.740995
40,14,29.860783
40,15,29.928162
40,16,29.964443
40,17,29.983133
40,18,29.992338
40,19,29.996672
40,2,9.36344
40,20,29.998617
40,21,29.99945
40,22,29.99979
40,23,29.999924
40,24,29.999977
40,25,29.999992
40,26,30.0
40,27,30.0
40,28,30.0
40,29,30.0
40,3,13.598595
40,4,17.354301
40,5,20.553602
40,6,23.171215
40,7,25.227913
40,8,26.779453
40,9,27.902985
41,0,0.0
41,1,4.7753544
41,10,28.683743
41,11,29.204248
41,12,29.537031
41,13,29.740993
41,14,29.860783
41,15,29.928162
41,16,29.964443
41,17,29.983133
41,18,29.99234
41,19,29.996672
41,2,9.36344
41,20,29.998617
41,21,29.99945
41,22,29.999794
41,23,29.999928
41,24,29.999977
41,25,29.999992
41,26,30.0
41,27,30.0
41,28,30.0
41,29,30.0
41,3,13.598597
41,4,17.354298
41,5,20.553604
41,6,23.171215
41,7,25.227913
41,8,26.779455
41,9,27.902985
42,0,0.0
42,1,4.775354
42,10,28.683743
42,11,29.204248
42,12,29.537031
42,13,29.740993
42,14,29.860779
42,15,29.928162
42,16,29.964443
42,17,29.983131
42,18,29.99234
42,19,29.99667
42,2,9.36344
42,20,29.998617
42,21,29.99945
42,22,29.999794
42,23,29.999924
42,24,29.999977
42,25,29.999992
42,26,30.0
42,27,30.0
42,28,30.0
42,29,30.0
42,3,13.598595
42,4,17.354301
42,5,20.5536
42,6,23.171215
42,7,25.22791
42,8,26.779453
42,9,27.902985
43,0,0.0
43,1,4.7753544
43,10,28.683743
43,11,29.204247
43,12,29.53703
43,13,29.740993
43,14,29.860783
43,15,29.928162
43,16,29.964443
43,17,29.983133
43,18,29.99234
43,19,29.996672
43,2,9.363439
43,20,29.99862
43,21,29.99945
43,22,29.999794
43,23,29.999924
43,24,29.999977
43,25,29.999992
43,26,29.999998
43,27,30.0
43,28,30.0
43,29,30.0
43,3,13.598595
43,4,17.354298
43,5,20.553604
43,6,23.171215
43,7,25.22791
43,8,26.779453
43,9,27.902983
44,0,0.0
44,1,4.775354
44,10,28.683743
44,11,29.204247
44,12,29.53703
44,13,29.740993
44,14,29.860783
44,15,29.928162
44,16,29.964445
44,17,29.983133
44,18,29.992338
44,19,29.996672
44,2,9.36344
44,20,29.998617
44,21,29.999454
44,22,29.999794
44,23,29.999928
44,24,29.999977
44,25,29.999992
44,26,30.0
44,27,30.0
44,28,30.0
44,29,30.0
44,3,13.598595
44,4,17.3543
44,5,20.5536
44,6,23.171215
44,7,25.22791
44,8,26.779453
44,9,27.902985
45,0,0.0
45,1,4.775354
45,10,28.683743
45,11,29.204248
45,12,29.53703
45,13,29.740993
45,14,29.860783
45,15,29.928162
45,16,29.964445
45,17,29.983133
45,18,29.99234
45,19,29.99667
45,2,9.36344
45,20,29.99862
45,21,29.99945
45,22,29.999794
45,23,29.999928
45,24,29.999977
45,25,29.999994
45,26,30.0
45,27,30.0
45,28,30.0
45,29,30.0
45,3,13.598595
45,4,17.354298
45,5,20.553604
45,6,23.171215
45,7,25.227913
45,8,26.779453
45,9,27.902985
46,0,0.0
46,1,4.7753544
46,10,28.683743
46,11,29.204247
46,12,29.53703
46,13,29.740993
46,14,29.860779
46,15,29.928164
46,16,29.964445
46,17,29.983135
46,18,29.99234
46,19,29.996674
46,2,9.363439
46,20,29.998615
46,21,29.999453
46,22,29.999794
46,23,29.999928
46,24,29.999977
46,25,29.999994
46,26,30.0
46,27,30.0
46,28,30.0
46,29,30.0
46,3,13.598595
46,4,17.354298
46,5,20.553604
46,6,23.171213
46,7,25.227913
46,8,26.779455
46,9,27.902985
47,0,0.0
47,1,4.775354
47,10,28.683743
47,11,29.204248
47,12,29.53703
47,13,29.740993
47,14,29.860783
47,15,29.928162
47,16,29.964443
47,17,29.983135
47,18,29.99234
47,19,29.996672
47,2,9.36344
47,20,29.99862
47,21,29.99945
47,22,29.999794
47,23,29.999928
47,24,29.999977
47,25,29.999996
47,26,30.0
47,27,30.0
47,28,30.0
47,29,30.0
47,3,13.598595
47,4,17.3543
47,5,20.5536
47,6,23.171215
47,7,25.227913
47,8,26.779453
47,9,27.902985
48,0,0.0
48,1,4.7753544
48,10,28.683743
48,11,29.204247
48,12,29.53703
48,13,29.740993
48,14,29.86078
48,15,29.928162
48,16,29.964443
48,17,29.983135
48,18,29.99234
48,19,29.996672
48,2,9.363439
48,20,29.99862
48,21,29.999453
48,22,29.999792
48,23,29.999924
48,24,29.999977
48,25,29.999992
48,26,30.0
48,27,30.0
48,28,30.0
48,29,30.0
48,3,13.598595
48,4,17.3543
48,5,20.553604
48,6,23.171215
48,7,25.227913
48,8,26.779453
48,9,27.902985
49,0,0.0
49,1,4.7753544
49,10,28.683743
49,11,29.204247
49,12,29.53703
49,13,29.740992
49,14,29.860779
49,15,29.928162
49,16,29.964443
49,17,29.983135
49,18,29.992342
49,19,29.996672
49,2,9.36344
49,20,29.99862
49,21,29.999454
49,22,29.999794
49,23,29.999926
49,24,29.999977
49,25,29.999992
49,26,30.0
49,27,30.0
49,28,30.0
49,29,30.0
49,3,13.598596
49,4,17.354301
49,5,20.553604
49,6,23.171217
49,7,25.227913
49,8,26.779453
49,9,27.902985
5,0,0.0
5,1,3.2599435
5,10,19.636532
5,11,19.997154
5,12,20.229439
5,13,20.37238
5,14,20.458136
5,15,20.508959
5,16,20.541534
5,17,20.568426
5,18,20.600218
5,19,20.649727
5,2,6.3938255
5,20,20.731842
5,21,20.870914
5,22,21.098104
5,23,21.462173
5,24,22.022661
5,25,22.859076
5,26,24.05088
5,27,25.663591
5,28,27.690998
5,29,30.0
5,3,9.28664
5,4,11.856351
5,5,14.045364
5,6,15.841503
5,7,17.252758
5,8,18.32169
5,9,19.09576
50,0,0.0
50,1,4.7753544
50,10,28.683743
50,11,29.204247
50,12,29.53703
50,13,29.74099
50,14,29.860779
50,15,29.928162
50,16,29.964443
50,17,29.983137
50,18,29.992342
50,19,29.996674
50,2,9.36344
50,20,29.99862
50,21,29.99945
50,22,29.999794
50,23,29.999928
50,24,29.999977
50,25,29.999996
50,26,30.0
50,27,30.0
50,28,30.0
50,29,30.0
50,3,13.598597
50,4,17.354301
50,5,20.553606
50,6,23.171215
50,7,25.227913
50,8,26.779453
50,9,27.902983
51,0,0.0
51,1,4.7753544
51,10,28.683743
51,11,29.204248
51,12,29.53703
51,13,29.740992
51,14,29.860779
51,15,29.92816
51,16,29.964443
51,17,29.983133
51,18,29.992342
51,19,29.996674
51,2,9.3634405
51,20,29.99862
51,21,29.999453
51,22,29.999794
51,23,29.999928
51,24,29.999977
51,25,29.999994
51,26,30.0
51,27,30.0
51,28,30.0
51,29,30.0
51,3,13.598597
51,4,17.3543
51,5,20.553604
51,6,23.171215
51,7,25.22791
51,8,26.779453
51,9,27.902985
52,0,0.0
52,1,4.7753544
52,10,28.683743
52,11,29.204248
52,12,29.53703
52,13,29.740993
52,14,29.860779
52,15,29.928162
52,16,29.964443
52,17,29.983133
52,18,29.99234
52,19,29.996672
52,2,9.36344
52,20,29.99862
52,21,29.99945
52,22,29.999794
52,23,29.999928
52,24,29.999977
52,25,29.999992
52,26,30.0
52,27,30.0
52,28,30.0
52,29,30.0
52,3,13.598595
52,4,17.354301
52,5,20.553602
52,6,23.171217
52,7,25.227913
52,8,26.779455
52,9,27.902983
53,0,0.0
53,1,4.7753544
53,10,28.683743
53,11,29.204247
53,12,29.53703
53,13,29.740993
53,14,29.860779
53,15,29.928162
53,16,29.964443
53,17,29.983135
53,18,29.992338
53,19,29.996672
53,2,9.36344
53,20,29.998617
53,21,29.99945
53,22,29.99979
53,23,29.999928
53,24,29.999973
53,25,29.999994
53,26,30.0
53,27,30.0
53,28,30.0
53,29,30.0
53,3,13.598598
53,4,17.3543
53,5,20.553604
53,6,23.171215
53,7,25.227913
53,8,26.779453
53,9,27.902985
54,0,0.0
54,1,4.7753544
54,10,28.683743
54,11,29.204247
54,12,29.53703
54,13,29.740993
54,14,29.860783
54,15,29.928162
54,16,29.964443
54,17,29.983133
54,18,29.99234
54,19,29.99667
54,2,9.3634405
54,20,29.99862
54,21,29.99945
54,22,29.999794
54,23,29.999928
54,24,29.999977
54,25,29.999992
54,26,30.0
54,27,30.0
54,28,30.0
54,29,30.0
54,3,13.598595
54,4,17.354301
54,5,20.553604
54,6,23.171215
54,7,25.227913
54,8,26.779453
54,9,27.902985
55,0,0.0
55,1,4.7753553
55,10,28.683743
55,11,29.204247
55,12,29.53703
55,13,29.740992
55,14,29.860779
55,15,29.928162
55,16,29.964443
55,17,29.983135
55,18,29.99234
55,19,29.996674
55,2,9.363439
55,20,29.99862
55,21,29.999453
55,22,29.999794
55,23,29.999928
55,24,29.999977
55,25,29.999992
55,26,30.0
55,27,30.0
55,28,30.0
55,29,30.0
55,3,13.598597
55,4,17.354298
55,5,20.553604
55,6,23.171215
55,7,25.227913
55,8,26.779453
55,9,27.902985
56,0,0.0
56,1,4.775354
56,10,28.683744
56,11,29.204247
56,12,29.53703
56,13,29.740992
56,14,29.86078
56,15,29.928162
56,16,29.964443
56,17,29.983133
56,18,29.992338
56,19,29.99667
56,2,9.363441
56,20,29.99862
56,21,29.99945
56,22,29.999794
56,23,29.999928
56,24,29.999977
56,25,29.999992
56,26,30.0
56,27,30.0
56,28,30.0
56,29,30.0
56,3,13.598595
56,4,17.354301
56,5,20.5536
56,6,23.171215
56,7,25.227911
56,8,26.779453
56,9,27.902985
57,0,0.0
57,1,4.7753553
57,10,28.683743
57,11,29.20425
57,12,29.53703
57,13,29.740993
57,14,29.860779
57,15,29.928162
57,16,29.964443
57,17,29.983133
57,18,29.99234
57,19,29.996672
57,2,9.363439
57,20,29.99862
57,21,29.99945
57,22,29.99979
57,23,29.999928
57,24,29.999977
57,25,29.999996
57,26,30.0
57,27,30.0
57,28,30.0
57,29,30.0
57,3,13.598597
57,4,17.354298
57,5,20.553606
57,6,23.171215
57,7,25.22791
57,8,26.779453
57,9,27.902985
58,0,0.0
58,1,4.7753544
58,10,28.683744
58,11,29.204247
58,12,29.537033
58,13,29.740993
58,14,29.860783
58,15,29.928162
58,16,29.964443
58,17,29.983133
58,18,29.992338
58,19,29.99667
58,2,9.363441
58,20,29.998617
58,21,29.999453
58,22,29.999794
58,23,29.999928
58,24,29.999977
58,25,29.999994
58,26,30.0
58,27,30.0
58,28,30.0
58,29,30.0
58,3,13.598596
58,4,17.354301
58,5,20.553602
58,6,23.171215
58,7,25.227913
58,8,26.779453
58,9,27.90298
59,0,0.0
59,1,4.775355
59,10,28.683743
59,11,29.20425
59,12,29.53703
59,13,29.740995
59,14,29.860779
59,15,29.928162
59,16,29.964443
59,17,29.983135
59,18,29.992338
59,19,29.996674
59,2,9.36344
59,20,29.99862
59,21,29.99945
59,22,29.999794
59,23,29.999924
59,24,29.999977
59,25,29.999994
59,26,30.0
59,27,30.0
59,28,30.0
59,29,30.0
59,3,13.598597
59,4,17.354298
59,5,20.553604
59,6,23.171215
59,7,25.227913
59,8,26.779453
59,9,27.902985
6,0,0.0
6,1,3.6774895
6,10,22.139301
6,11,22.546232
6,12,22.806625
6,13,22.967655
6,14,23.063334
6,15,23.119703
6,16,23.154678
6,17,23.181414
6,18,23.211252
6,19,23.254658
6,2,7.210764
6,20,23.326458
6,21,23.443993
6,22,23.634943
6,23,23.931551
6,24,24.379257
6,25,25.023415
6,26,25.910797
6,27,27.061892
6,28,28.455637
6,29,30.0
6,3,10.475426
6,4,13.370504
6,5,15.841501
6,6,17.863228
6,7,19.456406
6,8,20.658283
6,9,21.532063
60,0,0.0
60,1,4.7753544
60,10,28.683744
60,11,29.204245
60,12,29.537033
60,13,29.740992
60,14,29.860783
60,15,29.928158
60,16,29.964445
60,17,29.983133
60,18,29.992342
60,19,29.996674
60,2,9.3634405
60,20,29.99862
60,21,29.99945
60,22,29.99979
60,23,29.999928
60,24,29.999977
60,25,29.999992
60,26,30.0
60,27,30.0
60,28,30.0
60,29,30.0
60,3,13.598595
60,4,17.354301
60,5,20.553602
60,6,23.171215
60,7,25.22791
60,8,26.779455
60,9,27.902985
61,0,0.0
61,1,4.775355
61,10,28.68374
61,11,29.20425
61,12,29.53703
61,13,29.740993
61,14,29.860779
61,15,29.928162
61,16,29.96444
61,17,29.983135
61,18,29.99234
61,19,29.996674
61,2,9.36344
61,20,29.99862
61,21,29.99945
61,22,29.999792
61,23,29.999928
61,24,29.999975
61,25,29.999994
61,26,29.999998
61,27,30.0
61,28,30.0
61,29,30.0
61,3,13.598598
61,4,17.354298
61,5,20.553604
61,6,23.171215
61,7,25.22791
61,8,26.779453
61,9,27.902985
62,0,0.0
62,1,4.775354
62,10,28.683744
62,11,29.204247
62,12,29.537031
62,13,29.740992
62,14,29.860779
62,15,29.92816
62,16,29.964443
62,17,29.983131
62,18,29.992342
62,19,29.996672
62,2,9.3634405
62,20,29.99862
62,21,29.99945
62,22,29.999794
62,23,29.999924
62,24,29.999977
62,25,29.999992
62,26,30.0
62,27,30.0
62,28,30.0
62,29,30.0
62,3,13.598595
62,4,17.354301
62,5,20.553602
62,6,23.171215
62,7,25.22791
62,8,26.779453
62,9,27.902985
63,0,0.0
63,1,4.7753544
63,10,28.683743
63,11,29.20425
63,12,29.53703
63,13,29.740992
63,14,29.860779
63,15,29.928162
63,16,29.96444
63,17,29.983135
63,18,29.99234
63,19,29.996674
63,2,9.363439
63,20,29.99862
63,21,29.99945
63,22,29.999792
63,23,29.999928
63,24,29.999975
63,25,29.999994
63,26,29.999998
63,27,30.0
63,28,30.0
63,29,30.0
63,3,13.598596
63,4,17.354298
63,5,20.553604
63,6,23.171215
63,7,25.227911
63,8,26.779453
63,9,27.902985
64,0,0.0
64,1,4.7753534
64,10,28.683744
64,11,29.204247
64,12,29.537031
64,13,29.740993
64,14,29.86078
64,15,29.928162
64,16,29.964445
64,17,29.983131
64,18,29.992342
64,19,29.99667
64,2,9.363439
64,20,29.99862
64,21,29.99945
64,22,29.999794
64,23,29.999924
64,24,29.999977
64,25,29.999992
64,26,30.0
64,27,30.0
64,28,30.0
64,29,30.0
64,3,13.598594
64,4,17.354298
64,5,20.5536
64,6,23.171215
64,7,25.22791
64,8,26.779455
64,9,27.902985
65,0,0.0
65,1,4.775354
65,10,28.683743
65,11,29.20425
65,12,29.53703
65,13,29.740993
65,14,29.860783
65,15,29.928162
65,16,29.96444
65,17,29.983135
65,18,29.99234
65,19,29.996674
65,2,9.363439
65,20,29.99862
65,21,29.99945
65,22,29.999794
65,23,29.999924
65,24,29.999975
65,25,29.999994
65,26,29.999998
65,27,30.0
65,28,30.0
65,29,30.0
65,3,13.598594
65,4,17.354298
65,5,20.553602
65,6,23.171213
65,7,25.227913
65,8,26.779453
65,9,27.902985
66,0,0.0
66,1,4.7753534
66,10,28.683744
66,11,29.204248
66,12,29.537031
66,13,29.740993
66,14,29.860783
66,15,29.928162
66,16,29.964445
66,17,29.983131
66,18,29.992342
66,19,29.99667
66,2,9.363439
66,20,29.99862
66,21,29.99945
66,22,29.999794
66,23,29.999928
66,24,29.999977
66,25,29.999992
66,26,30.0
66,27,30.0
66,28,30.0
66,29,30.0
66,3,13.598594
66,4,17.354298
66,5,20.5536
66,6,23.171215
66,7,25.22791
66,8,26.779455
66,9,27.902985
67,0,0.0
67,1,4.775354
67,10,28.683743
67,11,29.20425
67,12,29.53703
67,13,29.740993
67,14,29.860783
67,15,29.928162
67,16,29.96444
67,17,29.983135
67,18,29.99234
67,19,29.996674
67,2,9.363439
67,20,29.99862
67,21,29.99945
67,22,29.999794
67,23,29.999924
67,24,29.999975
67,25,29.999994
67,26,29.999998
67,27,30.0
67,28,30.0
67,29,30.0
67,3,13.598594
67,4,17.354298
67,5,20.553602
67,6,23.171213
67,7,25.227913
67,8,26.779453
67,9,27.902985
68,0,0.0
68,1,4.7753534
68,10,28.683744
68,11,29.204248
68,12,29.537031
68,13,29.740993
68,14,29.860783
68,15,29.928162
68,16,29.964443
68,17,29.983133
68,18,29.99234
68,19,29.99667
68,2,9.363439
68,20,29.99862
68,21,29.99945
68,22,29.999794
68,23,29.999928
68,24,29.999977
68,25,29.999992
68,26,30.0
68,27,30.0
68,28,30.0
68,29,30.0
68,3,13.598594
68,4,17.354298
68,5,20.553602
68,6,23.171215
68,7,25.22791
68,8,26.779455
68,9,27.902985
69,0,0.0
69,1,4.775354
69,10,28.683743
69,11,29.20425
69,12,29.53703
69,13,29.740993
69,14,29.860779
69,15,29.928162
69,16,29.964443
69,17,29.983133
69,18,29.99234
69,19,29.996674
69,2,9.363439
69,20,29.99862
69,21,29.999454
69,22,29.999794
69,23,29.999928
69,24,29.999975
69,25,29.999994
69,26,29.999998
69,27,30.0
69,28,30.0
69,29,30.0
69,3,13.598594
69,4,17.354298
69,5,20.553602
69,6,23.171215
69,7,25.227913
69,8,26.779453
69,9,27.902983
7,0,0.0
7,1,4.005562
7,10,24.107912
7,11,24.549068
7,12,24.832561
7,13,25.006737
7,14,25.110424
7,15,25.17065
7,16,25.206877
7,17,25.232845
7,18,25.25879
7,19,25.295198
7,2,7.855595
7,20,25.352406
7,21,25.446138
7,22,25.593737
7,23,25.821228
7,24,26.154469
7,25,26.624716
7,26,27.252254
7,27,28.045433
7,28,28.980177
7,29,30.0
7,3,11.409472
7,4,14.564842
7,5,17.252754
7,6,19.456402
7,7,21.187847
7,8,22.49774
7,9,23.446297
70,0,0.0
70,1,4.775354
70,10,28.683743
70,11,29.204247
70,12,29.53703
70,13,29.740992
70,14,29.86078
70,15,29.928162
70,16,29.964443
70,17,29.983135
70,18,29.992338
70,19,29.996672
70,2,9.36344
70,20,29.99862
70,21,29.999453
70,22,29.999794
70,23,29.999928
70,24,29.999977
70,25,29.999992
70,26,30.0
70,27,30.0
70,28,30.0
70,29,30.0
70,3,13.598595
70,4,17.354298
70,5,20.553602
70,6,23.171215
70,7,25.22791
70,8,26.779453
70,9,27.90298
71,0,0.0
71,1,4.775354
71,10,28.683743
71,11,29.20425
71,12,29.53703
71,13,29.740993
71,14,29.860779
71,15,29.928162
71,16,29.964445
71,17,29.983135
71,18,29.99234
71,19,29.996672
71,2,9.36344
71,20,29.99862
71,21,29.999454
71,22,29.999794
71,23,29.999928
71,24,29.999977
71,25,29.999992
71,26,30.0
71,27,30.0
71,28,30.0
71,29,30.0
71,3,13.598595
71,4,17.354298
71,5,20.553602
71,6,23.171213
71,7,25.227913
71,8,26.779453
71,9,27.902985
72,0,0.0
72,1,4.7753544
72,10,28.683744
72,11,29.20425
72,12,29.537031
72,13,29.740993
72,14,29.860783
72,15,29.928162
72,16,29.964445
72,17,29.983135
72,18,29.992342
72,19,29.996674
72,2,9.363439
72,20,29.998621
72,21,29.999454
72,22,29.999794
72,23,29.999928
72,24,29.999977
72,25,29.999996
72,26,30.0
72,27,30.0
72,28,30.0
72,29,30.0
72,3,13.598596
72,4,17.3543
72,5,20.553604
72,6,23.171215
72,7,25.227913
72,8,26.779457
72,9,27.902987
73,0,0.0
73,1,4.775355
73,10,28.683748
73,11,29.204254
73,12,29.537035
73,13,29.740997
73,14,29.860786
73,15,29.928167
73,16,29.964447
73,17,29.98314
73,18,29.992346
73,19,29.99668
73,2,9.363441
73,20,29.998625
73,21,29.999458
73,22,29.9998
73,23,29.99993
73,24,29.99998
73,25,29.999996
73,26,30.0
73,27,30.0
73,28,30.0
73,29,30.0
73,3,13.5985985
73,4,17.354303
73,5,20.553608
73,6,23.171219
73,7,25.227917
73,8,26.779457
73,9,27.90299
74,0,0.0
74,1,4.775358
74,10,28.683762
74,11,29.204268
74,12,29.537048
74,13,29.741013
74,14,29.860802
74,15,29.92818
74,16,29.964462
74,17,29.983152
74,18,29.99236
74,19,29.99669
74,2,9.363447
74,20,29.998638
74,21,29.99947
74,22,29.999811
74,23,29.999943
74,24,29.999989
74,25,30.000004
74,26,30.000008
74,27,30.000004
74,28,30.000004
74,29,30.0
74,3,13.598606
74,4,17.354313
74,5,20.553617
74,6,23.17123
74,7,25.227928
74,8,26.77947
74,9,27.903002
75,0,0.0
75,1,4.775366
75,10,28.683802
75,11,29.204308
75,12,29.53709
75,13,29.74105
75,14,29.86084
75,15,29.928223
75,16,29.9645
75,17,29.983194
75,18,29.992397
75,19,29.99673
75,2,9.363462
75,20,29.998676
75,21,29.99951
75,22,29.999847
75,23,29.999977
75,24,30.000021
75,25,30.00003
75,26,30.000027
75,27,30.000021
75,28,30.00001
75,29,30.0
75,3,13.598627
75,4,17.35434
75,5,20.553648
75,6,23.171267
75,7,25.227964
75,8,26.779509
75,9,27.903042
76,0,0.0
76,1,4.775388
76,10,28.683912
76,11,29.20442
76,12,29.5372
76,13,29.741165
76,14,29.860954
76,15,29.928333
76,16,29.964617
76,17,29.983307
76,18,29.992512
76,19,29.996841
76,2,9.363504
76,20,29.998789
76,21,29.999615
76,22,29.99995
76,23,30.000072
76,24,30.000109
76,25,30.000105
76,26,30.000088
76,27,30.000061
76,28,30.00003
76,29,30.0
76,3,13.598689
76,4,17.354416
76,5,20.553738
76,6,23.171364
76,7,25.22807
76,8,26.779617
76,9,27.903152
77,0,0.0
77,1,4.775446
77,10,28.684217
77,11,29.204727
77,12,29.53751
77,13,29.741474
77,14,29.861261
77,15,29.928646
77,16,29.964924
77,17,29.983616
77,18,29.992817
77,19,29.997147
77,2,9.363619
77,20,29.999084
77,21,29.999908
77,22,30.000227
77,23,30.000334
77,24,30.000341
77,25,30.000307
77,26,30.000248
77,27,30.000174
77,28,30.00009
77,29,30.0
77,3,13.598851
77,4,17.35462
77,5,20.553974
77,6,23.171627
77,7,25.228348
77,8,26.77991
77,9,27.903452
78,0,0.0
78,1,4.775596
78,10,28.684998
78,11,29.205515
78,12,29.538301
78,13,29.74227
78,14,29.862059
78,15,29.929436
78,16,29.96572
78,17,29.984406
78,18,29.993607
78,19,29.997925
78,2,9.363909
78,20,29.999853
78,21,30.00065
78,22,30.000942
78,23,30.000998
78,24,30.000946
78,25,30.000822
78,26,30.000658
78,27,30.000458
78,28,30.000237
78,29,30.0
78,3,13.59927
78,4,17.355145
78,5,20.554586
78,6,23.1723
78,7,25.229069
78,8,26.780659
78,9,27.904224
79,0,0.0
79,1,4.7759614
79,10,28.68691
79,11,29.207441
79,12,29.54024
79,13,29.74421
79,14,29.863998
79,15,29.931381
79,16,29.967657
79,17,29.986343
79,18,29.99553
79,19,29.999834
79,2,9.364622
79,20,30.001724
79,21,30.002476
79,22,30.002682
79,23,30.002626
79,24,30.00241
79,25,30.002083
79,26,30.001656
79,27,30.001156
79,28,30.000591
79,29,30.0
79,3,13.600288
79,4,17.356426
79,5,20.556072
79,6,23.17395
79,7,25.230827
79,8,26.782495
79,9,27.906103
8,0,0.0
8,1,4.254444
8,10,25.593002
8,11,26.061321
8,12,26.360886
8,13,26.545496
8,14,26.654625
8,15,26.717644
8,16,26.754494
8,17,26.77889
8,18,26.801193
8,19,26.82942
8,2,8.342047
8,20,26.873236
8,21,26.942186
8,22,27.050922
8,23,27.21376
8,24,27.450336
8,25,27.77536
8,26,28.202211
8,27,28.72903
8,28,29.34045
8,29,30.0
8,3,12.117655
8,4,15.4658375
8,5,18.321676
8,6,20.658274
8,7,22.497732
8,8,23.8854
8,9,24.89287
80,0,0.0
80,1,4.776817
80,10,28.691368
80,11,29.211943
80,12,29.544758
80,13,29.74874
80,14,29.868538
80,15,29.935911
80,16,29.972187
80,17,29.990856
80,18,30.000021
80,19,30.004274
80,2,9.366281
80,20,30.006098
80,21,30.006716
80,22,30.006746
80,23,30.00641
80,24,30.00583
80,25,30.005009
80,26,30.003988
80,27,30.002771
80,28,30.001427
80,29,30.0
80,3,13.602673
80,4,17.359413
80,5,20.559551
80,6,23.177784
80,7,25.23493
80,8,26.78677
80,9,27.910496
81,0,0.0
81,1,4.778716
81,10,28.701298
81,11,29.221956
81,12,29.554821
81,13,29.758827
81,14,29.878626
81,15,29.946007
81,16,29.982262
81,17,30.000904
81,18,30.01001
81,19,30.01417
81,2,9.369984
81,20,30.015808
81,21,30.016167
81,22,30.015759
81,23,30.014841
81,24,30.013407
81,25,30.011528
81,26,30.00915
81,27,30.006378
81,28,30.00327
81,29,30.0
81,3,13.607967
81,4,17.366074
81,5,20.567276
81,6,23.186338
81,7,25.244053
81,8,26.796297
81,9,27.920265
82,0,0.0
82,1,4.7827744
82,10,28.72239
82,11,29.243237
82,12,29.576202
82,13,29.780254
82,14,29.900074
82,15,29.967445
82,16,30.003677
82,17,30.022247
82,18,30.031239
82,19,30.035166
82,2,9.377855
82,20,30.036457
82,21,30.036203
82,22,30.034943
82,23,30.032701
82,24,30.029554
82,25,30.025331
82,26,30.020153
82,27,30.01401
82,28,30.007204
82,29,30.0
82,3,13.619272
82,4,17.380226
82,5,20.583744
82,6,23.204504
82,7,25.263474
82,8,26.816528
82,9,27.941044
83,0,0.0
83,1,4.7910414
83,10,28.765242
83,11,29.286446
83,12,29.619614
83,13,29.823761
83,14,29.943615
83,15,30.01098
83,16,30.047142
83,17,30.06559
83,18,30.07431
83,19,30.07782
83,2,9.393953
83,20,30.078331
83,21,30.076942
83,22,30.07382
83,23,30.069057
83,24,30.062263
83,25,30.05347
83,26,30.042446
83,27,30.029583
83,28,30.015175
83,29,30.0
83,3,13.642281
83,4,17.40912
83,5,20.617228
83,6,23.241516
83,7,25.302917
83,8,26.85768
83,9,27.983232
84,0,0.0
84,1,4.8072586
84,10,28.84845
84,11,29.370373
84,12,29.703896
84,13,29.90823
84,14,30.028143
84,15,30.095474
84,16,30.13153
84,17,30.1497
84,18,30.157963
84,19,30.160564
84,2,9.425389
84,20,30.15971
84,21,30.155952
84,22,30.149479
84,23,30.139576
84,24,30.126038
84,25,30.108086
84,26,30.086002
84,27,30.059832
84,28,30.03077
84,29,30.0
84,3,13.687335
84,4,17.465443
84,5,20.682613
84,6,23.31353
84,7,25.379759
84,8,26.937634
84,9,28.065264
85,0,0.0
85,1,4.8376856
85,10,29.003187
85,11,29.52629
85,12,29.860489
85,13,30.065115
85,14,30.185133
85,15,30.252419
85,16,30.28823
85,17,30.305954
85,18,30.313269
85,19,30.314384
85,2,9.484526
85,20,30.310795
85,21,30.303015
85,22,30.289997
85,23,30.271114
85,24,30.24462
85,25,30.210232
85,26,30.167114
85,27,30.116545
85,28,30.059841
85,29,30.0
85,3,13.771696
85,4,17.57106
85,5,20.804686
85,6,23.44808
85,7,25.52284
85,8,27.086594
85,9,28.217766
86,0,0.0
86,1,4.8927555
86,10,29.27855
86,11,29.803759
86,12,30.138966
86,13,30.344109
86,14,30.464268
86,15,30.531431
86,16,30.566875
86,17,30.583712
86,18,30.589571
86,19,30.587833
86,2,9.591095
86,20,30.579895
86,21,30.564602
86,22,30.540823
86,23,30.505442
86,24,30.456964
86,25,30.392637
86,26,30.312876
86,27,30.218061
86,28,30.112213
86,29,30.0
86,3,13.923899
86,4,17.760674
86,5,21.02389
86,6,23.688648
86,7,25.778652
86,8,27.352116
86,9,28.489597
87,0,0.0
87,1,4.9884453
87,10,29.748373
87,11,30.27658
87,12,30.61346
87,13,30.819271
87,14,30.939629
87,15,31.0066
87,16,31.041328
87,17,31.056892
87,18,31.060074
87,19,31.054117
87,2,9.776472
87,20,31.038422
87,21,31.011562
87,22,30.968937
87,23,30.907215
87,24,30.820522
87,25,30.706818
87,26,30.56339
87,27,30.393656
87,28,30.202478
87,29,30.0
87,3,14.187305
87,4,18.088673
87,5,21.401085
87,6,24.10224
87,7,26.216637
87,8,27.80643
87,9,28.953533
88,0,0.0
88,1,5.1492834
88,10,30.516354
88,11,31.049173
88,12,31.3881
88,13,31.59489
88,14,31.715405
88,15,31.781963
88,16,31.81572
88,17,31.829031
88,18,31.828548
88,19,31.815414
88,2,10.0865965
88,20,31.78863
88,21,31.74253
88,22,31.67178
88,23,31.566555
88,24,31.420567
88,25,31.225077
88,26,30.979427
88,27,30.68481
88,28,30.353045
88,29,30.0
88,3,14.62751
88,4,18.633486
88,5,22.02633
88,6,24.784065
88,7,26.937447
88,8,28.5513
88,9,29.71345
89,0,0.0
89,1,5.4101577
89,10,31.721046
89,11,32.259228
89,12,32.600906
89,13,32.808563
89,14,32.929146
89,15,32.99507
89,16,33.02714
89,17,33.037605
89,18,33.031185
89,19,33.008614
89,2,10.589056
89,20,32.96437
89,21,32.891705
89,22,32.77708
89,23,32.608917
89,24,32.369946
89,25,32.050888
89,26,31.642773
89,27,31.15238
89,28,30.594532
89,29,30.0
89,3,15.336002
89,4,19.507345
89,5,23.022112
89,6,25.866344
89,7,28.075397
89,8,29.724726
89,9,30.906693
9,0,0.0
9,1,4.434669
9,10,26.669968
9,11,27.156399
9,12,27.46833
9,13,27.659748
9,14,27.77299
9,15,27.837744
9,16,27.874702
9,17,27.897747
9,18,27.91618
9,19,27.937801
9,2,8.696489
9,20,27.968868
9,21,28.017818
9,22,28.092451
9,23,28.204376
9,24,28.362848
9,25,28.579048
9,26,28.856834
9,27,29.196014
9,28,29.583935
9,29,30.0
9,3,12.630477
9,4,16.12171
9,5,19.095726
9,6,21.532032
9,7,23.446274
9,8,24.892857
9,9,25.940392
90,0,0.0
90,1,5.821559
90,10,33.53329
90,11,34.07791
90,12,34.4218
90,13,34.630196
90,14,34.750393
90,15,34.81514
90,16,34.845154
90,17,34.85121
90,18,34.837692
90,19,34.80112
90,2,11.37644
90,20,34.734867
90,21,34.623333
90,22,34.45028
90,23,34.189552
90,24,33.81994
90,25,33.31553
90,26,32.667374
90,27,31.875965
90,28,30.970823
90,29,30.0
90,3,16.441017
90,4,20.858192
90,5,24.552814
90,6,27.517208
90,7,29.804104
90,8,31.498375
90,9,32.706383
91,0,0.0
91,1,6.4529457
91,10,36.151215
91,11,36.700138
91,12,37.045403
91,13,37.25316
91,14,37.372223
91,15,37.435253
91,16,37.46215
91,17,37.46341
91,18,37.44001
91,19,37.387634
91,2,12.578613
91,20,37.291466
91,21,37.13318
91,22,36.88054
91,23,36.50099
91,24,35.949135
91,25,35.1908
91,26,34.19483
91,27,32.96559
91,28,31.538952
91,29,30.0
91,3,18.110275
91,4,22.88128
91,5,26.820475
91,6,29.945503
91,7,32.327354
91,8,34.07639
91,9,35.3111
92,0,0.0
92,1,7.404971
92,10,39.78065
92,11,40.33029
92,12,40.67287
92,13,40.87805
92,14,40.99443
92,15,41.05465
92,16,41.078194
92,17,41.07315
92,18,41.04001
92,19,40.967937
92,2,14.370814
92,20,40.84025
92,21,40.62404
92,22,40.280655
92,23,39.750248
92,24,38.97282
92,25,37.87564
92,26,36.411392
92,27,34.560654
92,28,32.379585
92,29,30.0
92,3,20.568611
92,4,25.81577
92,5,30.071106
92,6,33.38543
92,7,35.874763
92,8,37.675644
92,9,38.934143
93,0,0.0
93,1,8.825372
93,10,44.614502
93,11,45.154087
93,12,45.48842
93,13,45.686646
93,14,45.79815
93,15,45.854523
93,16,45.87366
93,17,45.86321
93,18,45.819107
93,19,45.72986
93,2,17.004457
93,20,45.56774
93,21,45.295807
93,22,44.851223
93,23,44.1595
93,24,43.115
93,25,41.612007
93,26,39.54147
93,27,36.855583
93,28,33.603516
93,29,30.0
93,3,24.106094
93,4,29.959095
93,5,34.57725
93,6,38.09118
93,7,40.672688
93,8,42.51011
93,9,43.773342
94,0,0.0
94,1,10.956616
94,10,50.79575
94,11,51.310562
94,12,51.625767
94,13,51.811607
94,14,51.914852
94,15,51.965675
94,16,51.980762
94,17,51.964752
94,18,51.913628
94,19,51.808945
94,2,20.848518
94,20,51.622215
94,21,51.299816
94,22,50.770557
94,23,49.92141
94,24,48.613716
94,25,46.662132
94,26,43.881268
94,27,40.118286
94,28,35.387672
94,29,30.0
94,3,29.117027
94,4,35.65941
94,5,40.636425
94,6,44.30074
94,7,46.925213
94,8,48.75059
94,9,49.986137
95,0,0.0
95,1,14.238313
95,10,58.389114
95,11,58.85481
95,12,59.13807
95,13,59.303196
95,14,59.39421
95,15,59.43799
95,16,59.448555
95,17,59.43013
95,18,59.3749
95,19,59.265923
95,2,26.498505
95,20,59.066154
95,21,58.721848
95,22,58.139572
95,23,57.19009
95,24,55.67302
95,25,53.32665
95,26,49.80754
95,27,44.77221
95,28,38.04068
95,29,30.0
95,3,36.13533
95,4,43.32952
95,5,48.53212
95,6,52.213562
95,7,54.764427
95,8,56.497574
95,9,57.646107
96,0,0.0
96,1,19.596497
96,10,67.34488
96,11,67.73421
96,12,67.9682
96,13,68.10398
96,14,68.177986
96,15,68.212746
96,16,68.21988
96,17,68.20102
96,18,68.15005
96,19,68.04722
96,2,34.96853
96,20,67.86072
96,21,67.53033
96,22,66.966385
96,23,66.01582
96,24,64.44989
96,25,61.901817
96,26,57.83753
96,27,51.519234
96,28,42.209114
96,29,30.0
96,3,45.90716
96,4,53.412872
96,5,58.500786
96,6,61.926666
96,7,64.21875
96,8,65.73283
96,9,66.71826
97,0,0.0
97,1,29.270144
97,10,77.48705
97,11,77.76863
97,12,77.9371
97,13,78.033966
97,14,78.086494
97,15,78.1108
97,16,78.11473
97,17,78.099815
97,18,78.05939
97,19,77.97975
97,2,48.06066
97,20,77.83167
97,21,77.56941
97,22,77.10954
97,23,76.319275
97,24,74.96278
97,25,72.63864
97,26,68.61831
97,27,61.606155
97,28,49.450584
97,29,30.0
97,3,59.395782
97,4,66.3077
97,5,70.62637
97,6,73.38118
97,7,75.155045
97,8,76.29864
97,9,77.02818
98,0,0.0
98,1,49.495773
98,10,88.50865
98,11,88.657265
98,12,88.74547
98,13,88.79611
98,14,88.82341
98,15,88.83586
98,16,88.83771
98,17,88.82915
98,18,88.80717
98,19,88.76285
98,2,68.75173
98,20,88.681335
98,21,88.533905
98,22,88.27406
98,23,87.81566
98,24,87.00578
98,25,85.538864
98,26,82.76277
98,27,77.08769
98,28,64.1176
98,29,30.0
98,3,77.5303
98,4,82.09285
98,5,84.69679
98,6,86.2713
98,7,87.25427
98,8,87.87445
98,9,88.26552
99,0,0.0
99,1,100.0
99,10,100.0
99,11,100.0
99,12,100.0
99,13,100.0
99,14,100.0
99,15,100.0
99,16,100.0
99,17,100.0
99,18,100.0
99,19,100.0
99,2,100.0
99,20,100.0
99,21,100.0
99,22,100.0
99,23,100.0
99,24,100.0
99,25,100.0
99,26,100.0
99,27,100.0
99,28,100.0
99,29,30.0
99,3,100.0
99,4,100.0
99,5,100.0
99,6,100.0
99,7,100.0
99,8,100.0
99,9,100.0
