0,0,0.0
0,1,0.0
0,10,0.0
0,11,0.0
0,12,0.0
0,13,0.0
0,14,0.0
0,15,30.0
0,2,0.0
0,3,0.0
0,4,0.0
0,5,0.0
0,6,0.0
0,7,0.0
0,8,0.0
0,9,0.0
1,0,0.0
1,1,0.6352288
1,10,5.174638
1,11,5.9439583
1,12,7.2345285
1,13,9.735667
1,14,15.341831
1,15,30.0
1,2,1.2547
1,3,1.8445351
1,4,2.3944368
1,5,2.899164
1,6,3.3599594
1,7,3.786399
1,8,4.1995945
1,9,4.6386337
10,0,0.0
10,1,11.118053
10,10,49.44081
10,11,47.81732
10,12,45.025208
10,13,41.011574
10,14,35.87203
10,15,30.0
10,2,21.190678
10,3,29.666044
10,4,36.434196
10,5,41.61824
10,6,45.41298
10,7,47.998024
10,8,49.500427
10,9,49.98235
11,0,0.0
11,1,14.542095
11,10,57.05678
11,11,54.918663
11,12,51.279972
11,13,45.882732
11,14,38.63498
11,15,30.0
11,2,27.113064
11,3,37.0683
11,4,44.568836
11,5,50.03006
11,6,53.854362
11,7,56.342335
11,8,57.677036
11,9,57.92817
12,0,0.0
12,1,19.9374
12,10,65.940094
12,11,63.521103
12,12,59.293694
12,13,52.604702
12,14,42.785286
12,15,30.0
12,2,35.65148
12,3,46.925648
12,4,54.743313
12,5,60.079426
12,6,63.632732
12,7,65.84062
12,8,66.93792
12,9,66.997185
13,0,0.0
13,1,29.556149
13,10,76.185776
13,11,73.93237
13,12,69.769325
13,13,62.457314
13,14,49.901592
13,15,30.0
13,2,48.630035
13,3,60.239838
13,4,67.39974
13,5,71.91208
13,6,74.75706
13,7,76.450066
13,8,77.237366
13,9,77.18309
14,0,0.0
14,1,49.657234
14,10,87.6879
14,11,86.25356
14,12,83.39414
14,13,77.5538
14,14,64.36384
14,15,30.0
14,2,69.07284
14,3,78.00415
14,4,82.70404
14,5,85.412415
14,6,87.03372
14,7,87.96559
14,8,88.37879
14,9,88.31239
15,0,0.0
15,1,100.0
15,10,100.0
15,11,100.0
15,12,100.0
15,13,100.0
15,14,100.0
15,15,30.0
15,2,100.0
15,3,100.0
15,4,100.0
15,5,100.0
15,6,100.0
15,7,100.0
15,8,100.0
15,9,100.0
2,0,0.0
2,1,1.286256
2,10,10.116125
2,11,11.366816
2,12,13.2586
2,13,16.366392
2,14,21.631697
2,15,30.0
2,2,2.539115
2,3,3.7291183
2,4,4.8341928
2,5,5.842429
2,6,6.7544594
2,7,7.586236
2,8,8.373539
2,9,9.1804905
3,0,0.0
3,1,1.970759
3,10,14.742891
3,11,16.148857
3,12,18.066895
3,13,20.839756
3,14,24.818644
3,15,30.0
3,2,3.886541
3,3,5.6988535
3,4,7.371073
3,5,8.882229
3,6,10.229577
3,7,11.430925
3,8,12.528215
3,9,13.594025
4,0,0.0
4,1,2.7103543
4,10,19.113033
4,11,20.419247
4,12,22.02068
4,13,24.107327
4,14,26.803238
4,15,30.0
4,2,5.33766
4,3,7.8090086
4,4,10.069422
4,5,12.086318
4,6,13.851217
4,7,15.380222
4,8,16.714924
4,9,17.925026
5,0,0.0
5,1,3.5331428
5,10,23.365578
5,11,24.394932
5,12,25.489668
5,13,26.765915
5,14,28.287119
5,15,30.0
5,2,6.945021
5,3,10.1305065
5,4,13.011808
5,5,15.543006
5,6,17.70942
5,7,19.52452
5,8,21.026922
5,9,22.278791
6,0,0.0
6,1,4.4773664
6,10,27.676256
6,11,28.305843
6,12,28.777618
6,13,29.179882
6,14,29.579493
6,15,30.0
6,2,8.779103
6,3,12.75667
6,4,16.3049
6,5,19.365187
6,6,21.919704
6,7,23.982325
6,8,25.590267
6,9,26.798414
7,0,0.0
7,1,5.597404
7,10,32.235962
7,11,32.37524
7,12,32.135605
7,13,31.59687
7,14,30.851162
7,15,30.0
7,2,10.93772
7,3,15.812692
7,4,20.086601
7,5,23.693909
7,6,26.622742
7,7,28.895699
7,8,30.554295
7,9,31.649195
8,0,0.0
8,1,6.974722
8,10,37.243973
8,11,36.82424
8,12,35.793236
8,13,34.221214
8,14,32.22848
8,15,30.0
8,2,13.562065
8,3,19.470325
8,4,24.535603
8,5,28.70192
8,6,31.98255
8,7,34.424362
8,8,36.08296
8,9,37.009003
9,0,0.0
9,1,8.739616
9,10,42.907497
9,11,41.88521
9,12,39.992447
9,13,37.266655
9,14,33.841743
9,15,30.0
9,2,16.865871
9,3,23.971497
9,4,29.884262
9,5,34.596428
9,6,38.182068
9,7,40.737167
9,8,42.345104
9,9,43.060776
