0,0,0.0
0,1,0.0
0,10,0.0
0,11,0.0
0,12,0.0
0,13,0.0
0,14,0.0
0,15,30.0
0,2,0.0
0,3,0.0
0,4,0.0
0,5,0.0
0,6,0.0
0,7,0.0
0,8,0.0
0,9,0.0
1,0,0.0
1,1,0.6345265
1,10,5.1716957
1,11,5.941433
1,12,7.2325296
1,13,9.734283
1,14,15.341124
1,15,30.0
1,2,1.2533256
1,3,1.8425483
1,4,2.3919234
1,5,2.8962336
1,6,3.3567386
1,7,3.7830286
1,8,4.1962214
1,9,4.635406
10,0,0.0
10,1,11.115077
10,10,49.42834
10,11,47.806618
10,12,45.016735
10,13,41.005707
10,14,35.869034
10,15,30.0
10,2,21.184849
10,3,29.657623
10,4,36.42354
10,5,41.605816
10,6,45.399323
10,7,47.983738
10,8,49.486122
10,9,49.96867
11,0,0.0
11,1,14.539534
11,10,57.04606
11,11,54.90946
11,12,51.272686
11,13,45.877693
11,14,38.6324
11,15,30.0
11,2,27.108055
11,3,37.061054
11,4,44.559673
11,5,50.01938
11,6,53.842625
11,7,56.33005
11,8,57.66474
11,9,57.9164
12,0,0.0
12,1,19.935375
12,10,65.931595
12,11,63.513805
12,12,59.287918
12,13,52.600708
12,14,42.78324
12,15,30.0
12,2,35.647514
12,3,46.91991
12,4,54.736053
12,5,60.070965
12,6,63.623436
12,7,65.830894
12,8,66.92818
12,9,66.98786
13,0,0.0
13,1,29.554745
13,10,76.179886
13,11,73.927315
13,12,69.76533
13,13,62.454548
13,14,49.900173
13,15,30.0
13,2,48.627285
13,3,60.235867
13,4,67.394714
13,5,71.90621
13,6,74.750626
13,7,76.44333
13,8,77.23062
13,9,77.17663
14,0,0.0
14,1,49.656517
14,10,87.68488
14,11,86.25098
14,12,83.3921
14,13,77.55238
14,14,64.36311
14,15,30.0
14,2,69.07143
14,3,78.00211
14,4,82.70147
14,5,85.409424
14,6,87.030426
14,7,87.96215
14,8,88.37534
14,9,88.3091
15,0,0.0
15,1,100.0
15,10,100.0
15,11,100.0
15,12,100.0
15,13,100.0
15,14,100.0
15,15,30.0
15,2,100.0
15,3,100.0
15,4,100.0
15,5,100.0
15,6,100.0
15,7,100.0
15,8,100.0
15,9,100.0
2,0,0.0
2,1,1.2848809
2,10,10.110367
2,11,11.36187
2,12,13.254686
2,13,16.363682
2,14,21.63031
2,15,30.0
2,2,2.5364242
2,3,3.7252283
2,4,4.8292723
2,5,5.836691
2,6,6.748154
2,7,7.5796375
2,8,8.366936
2,9,9.1741705
3,0,0.0
3,1,1.9687693
3,10,14.734559
3,11,16.141703
3,12,18.061232
3,13,20.835838
3,14,24.81664
3,15,30.0
3,2,3.8826475
3,3,5.6932254
3,4,7.363952
3,5,8.873927
3,6,10.220453
3,7,11.421378
3,8,12.5186615
3,9,13.584881
4,0,0.0
4,1,2.7078342
4,10,19.102482
4,11,20.410187
4,12,22.013508
4,13,24.102364
4,14,26.8007
4,15,30.0
4,2,5.3327293
4,3,7.80188
4,4,10.060406
4,5,12.075804
4,6,13.8396635
4,7,15.368132
4,8,16.702824
4,9,17.913446
5,0,0.0
5,1,3.5302005
5,10,23.353254
5,11,24.38435
5,12,25.481293
5,13,26.76012
5,14,28.284157
5,15,30.0
5,2,6.9392624
5,3,10.122184
5,4,13.001278
5,5,15.530729
5,6,17.695927
5,7,19.510399
5,8,21.012793
5,9,22.265266
6,0,0.0
6,1,4.474127
6,10,27.66269
6,11,28.294199
6,12,28.768402
6,13,29.173504
6,14,29.576233
6,15,30.0
6,2,8.772765
6,3,12.747507
6,4,16.29331
6,5,19.351673
6,6,21.904854
6,7,23.966784
6,8,25.574713
6,9,26.783531
7,0,0.0
7,1,5.594008
7,10,32.22175
7,11,32.36303
7,12,32.125942
7,13,31.59018
7,14,30.847744
7,15,30.0
7,2,10.931077
7,3,15.803087
7,4,20.074455
7,5,23.679745
7,6,26.607176
7,7,28.879406
7,8,30.537994
7,9,31.63359
8,0,0.0
8,1,6.9713187
8,10,37.229717
8,11,36.812004
8,12,35.78355
8,13,34.21451
8,14,32.22505
8,15,30.0
8,2,13.555405
8,3,19.460697
8,4,24.523424
8,5,28.687717
8,6,31.966942
8,7,34.408028
8,8,36.066612
8,9,36.993362
9,0,0.0
9,1,8.736352
9,10,42.893837
9,11,41.873474
9,12,39.983162
9,13,37.260227
9,14,33.83846
9,15,30.0
9,2,16.85949
9,3,23.962263
9,4,29.872593
9,5,34.582813
9,6,38.167107
9,7,40.721508
9,8,42.32944
9,9,43.04578
