0,0,0.0
0,1,0.0
0,10,0.0
0,11,0.0
0,12,0.0
0,13,0.0
0,14,0.0
0,15,30.0
0,2,0.0
0,3,0.0
0,4,0.0
0,5,0.0
0,6,0.0
0,7,0.0
0,8,0.0
0,9,0.0
1,0,0.0
1,1,0.6325262
1,10,5.136221
1,11,5.9083457
1,12,7.2046504
1,13,9.714093
1,14,15.330528
1,15,30.0
1,2,1.2488284
1,3,1.8347676
1,4,2.379836
1,5,2.879064
1,6,3.333998
1,7,3.7549634
1,8,4.1637516
1,9,4.6002607
10,0,0.0
10,1,11.01667
10,10,48.90551
10,11,47.347084
10,12,44.646004
10,13,40.74554
10,14,35.734833
10,15,30.0
10,2,20.990063
10,3,29.37059
10,4,36.0515
10,5,41.15921
10,6,44.892857
10,7,47.436172
10,8,48.920242
10,9,49.410507
11,0,0.0
11,1,14.44624
11,10,56.56053
11,11,54.4833
11,12,50.92955
11,13,45.637
11,14,38.5084
11,15,30.0
11,2,26.923494
11,3,36.789715
11,4,44.208633
11,5,49.599216
11,6,53.367393
11,7,55.81771
11,8,57.136734
11,9,57.396767
12,0,0.0
12,1,19.855753
12,10,65.523285
12,11,63.15605
12,12,59.000015
12,13,52.39902
12,14,42.679325
12,15,30.0
12,2,35.4902
12,3,46.688824
12,4,54.43767
12,5,59.7144
12,6,63.220978
12,7,65.39788
12,8,66.48271
12,9,66.55033
13,0,0.0
13,1,29.49665
13,10,75.88487
13,11,73.66895
13,12,69.55765
13,13,62.30906
13,14,49.82528
13,15,30.0
13,2,48.512524
13,3,60.067486
13,4,67.17747
13,5,71.64697
13,6,74.45837
13,7,76.12929
13,8,76.90802
13,9,76.86007
14,0,0.0
14,1,49.625866
14,10,87.53009
14,11,86.11554
14,12,83.283226
14,13,77.47618
14,14,64.32387
14,15,30.0
14,2,69.01091
14,3,77.913345
14,4,82.587036
14,5,85.272934
14,6,86.876686
14,7,87.79708
14,8,88.20587
14,9,88.14295
15,0,0.0
15,1,100.0
15,10,100.0
15,11,100.0
15,12,100.0
15,13,100.0
15,14,100.0
15,15,30.0
15,2,100.0
15,3,100.0
15,4,100.0
15,5,100.0
15,6,100.0
15,7,100.0
15,8,100.0
15,9,100.0
2,0,0.0
2,1,1.2791035
2,10,10.033281
2,11,11.290586
2,12,13.194915
2,13,16.320604
2,14,21.60773
2,15,30.0
2,2,2.5240664
2,3,3.7047455
2,4,4.7991056
2,5,5.795375
2,6,6.6952934
2,7,7.515893
2,8,8.294622
2,9,9.096996
3,0,0.0
3,1,1.9561453
3,10,14.605247
3,11,16.023254
3,12,17.962717
3,13,20.765125
3,14,24.779718
3,15,30.0
3,2,3.8563025
3,3,5.651527
3,4,7.3048754
3,5,8.796362
3,6,10.124292
3,7,11.308702
3,8,12.393538
3,9,13.453646
4,0,0.0
4,1,2.6845412
4,10,18.908579
4,11,20.234419
4,12,21.868286
4,13,23.998735
4,14,26.746702
4,15,30.0
4,2,5.285228
4,3,7.7284465
4,4,9.959754
4,5,11.947262
4,6,13.684811
4,7,15.1907425
4,8,16.509768
4,9,17.714182
5,0,0.0
5,1,3.492817
5,10,23.08451
5,11,24.1427
5,12,25.283054
5,13,26.619186
5,14,28.210976
5,15,30.0
5,2,6.8637075
5,3,10.007645
5,4,12.847112
5,5,15.338209
5,6,17.468348
5,7,19.254543
5,8,20.738617
5,9,21.985996
6,0,0.0
6,1,4.4202623
6,10,27.314335
6,11,27.983284
6,12,28.514536
6,13,28.99383
6,14,29.48307
6,15,30.0
6,2,8.664909
6,3,12.5855255
6,4,16.078508
6,5,19.086979
6,6,21.59663
6,7,23.624714
6,8,25.21257
6,9,26.418491
7,0,0.0
7,1,5.5234227
7,10,31.797962
7,11,31.98668
7,12,31.820124
7,13,31.37424
7,14,30.736057
7,15,30.0
7,2,10.79022
7,3,15.593372
7,4,19.798588
7,5,23.343472
7,6,26.219357
7,7,28.453312
7,8,30.090885
7,9,31.186386
8,0,0.0
8,1,6.8860483
8,10,36.74486
8,11,36.383423
8,12,35.43624
8,13,33.970005
8,14,32.098686
8,15,30.0
8,2,13.385986
8,3,19.20949
8,4,24.195335
8,5,28.290375
8,6,31.512218
8,7,33.91189
8,8,35.549454
8,9,36.479248
9,0,0.0
9,1,8.641139
9,10,42.373165
9,11,41.41452
9,12,39.612373
9,13,36.999504
9,14,33.703945
9,15,30.0
9,2,16.670582
9,3,23.683369
9,4,29.509747
9,5,34.145813
9,6,37.669502
9,7,40.181488
9,8,41.76934
9,9,42.49136
