0,0,0.0
0,1,0.0
0,10,0.0
0,11,0.0
0,12,0.0
0,13,0.0
0,14,0.0
0,15,30.0
0,2,0.0
0,3,0.0
0,4,0.0
0,5,0.0
0,6,0.0
0,7,0.0
0,8,0.0
0,9,0.0
1,0,0.0
1,1,0.6356889
1,10,5.1765556
1,11,5.9456053
1,12,7.2358303
1,13,9.736568
1,14,15.342292
1,15,30.0
1,2,1.2556
1,3,1.8458359
1,4,2.396082
1,5,2.901081
1,6,3.3620648
1,7,3.788601
1,8,4.2017965
1,9,4.6407404
10,0,0.0
10,1,11.119976
10,10,49.44882
10,11,47.82419
10,12,45.03064
10,13,41.015335
10,14,35.873955
10,15,30.0
10,2,21.194437
10,3,29.671478
10,4,36.441063
10,5,41.626244
10,6,45.421776
10,7,48.00722
10,8,49.50963
10,9,49.991146
11,0,0.0
11,1,14.543744
11,10,57.06365
11,11,54.924553
11,12,51.28463
11,13,45.885963
11,14,38.636627
11,15,30.0
11,2,27.116293
11,3,37.07296
11,4,44.574734
11,5,50.036938
11,6,53.861908
11,7,56.35023
11,8,57.68493
11,9,57.935722
12,0,0.0
12,1,19.938707
12,10,65.945526
12,11,63.52576
12,12,59.29738
12,13,52.60725
12,14,42.786594
12,15,30.0
12,2,35.654034
12,3,46.929344
12,4,54.74798
12,5,60.08486
12,6,63.638702
12,7,65.84686
12,8,66.94415
12,9,67.00315
13,0,0.0
13,1,29.557053
13,10,76.18953
13,11,73.93559
13,12,69.77187
13,13,62.45908
13,14,49.902493
13,15,30.0
13,2,48.631805
13,3,60.24239
13,4,67.40298
13,5,71.91584
13,6,74.761185
13,7,76.454384
13,8,77.241684
13,9,77.18722
14,0,0.0
14,1,49.657696
14,10,87.68981
14,11,86.25522
14,12,83.39545
14,13,77.5547
14,14,64.364296
14,15,30.0
14,2,69.07374
14,3,78.005455
14,4,82.70569
14,5,85.41434
14,6,87.03583
14,7,87.967804
14,8,88.381
14,9,88.3145
15,0,0.0
15,1,100.0
15,10,100.0
15,11,100.0
15,12,100.0
15,13,100.0
15,14,100.0
15,15,30.0
15,2,100.0
15,3,100.0
15,4,100.0
15,5,100.0
15,6,100.0
15,7,100.0
15,8,100.0
15,9,100.0
2,0,0.0
2,1,1.2871561
2,10,10.119879
2,11,11.370035
2,12,13.261148
2,13,16.368156
2,14,21.632599
2,15,30.0
2,2,2.5408762
2,3,3.7316635
2,4,4.8374114
2,5,5.84618
2,6,6.7585793
2,7,7.590544
2,8,8.377849
2,9,9.18461
3,0,0.0
3,1,1.9720603
3,10,14.748315
3,11,16.153513
3,12,18.070576
3,13,20.842306
3,14,24.819946
3,15,30.0
3,2,3.8890862
3,3,5.702533
3,4,7.375724
3,5,8.887651
3,6,10.235532
3,7,11.437153
3,8,12.534443
3,9,13.599981
4,0,0.0
4,1,2.712
4,10,19.119894
4,11,20.425133
4,12,22.025337
4,13,24.110548
4,14,26.804882
4,15,30.0
4,2,5.3408794
4,3,7.8136606
4,4,10.075304
4,5,12.093173
4,6,13.858749
4,7,15.388097
4,8,16.7228
4,9,17.93256
5,0,0.0
5,1,3.5350614
5,10,23.373573
5,11,24.401794
5,12,25.495094
5,13,26.76967
5,14,28.28904
5,15,30.0
5,2,6.9487734
5,3,10.13593
5,4,13.018665
5,5,15.550999
5,6,17.718197
5,7,19.533699
5,8,21.036104
5,9,22.287573
6,0,0.0
6,1,4.479473
6,10,27.68504
6,11,28.313383
6,12,28.78358
6,13,29.184008
6,14,29.581604
6,15,30.0
6,2,8.783226
6,3,12.762628
6,4,16.312435
6,5,19.373966
6,6,21.92935
6,7,23.992409
6,8,25.600355
6,9,26.808064
7,0,0.0
7,1,5.5996084
7,10,32.24515
7,11,32.383125
7,12,32.14184
7,13,31.601185
7,14,30.853367
7,15,30.0
7,2,10.942034
7,3,15.818926
7,4,20.094484
7,5,23.703098
7,6,26.632832
7,7,28.90625
7,8,30.564848
7,9,31.659286
8,0,0.0
8,1,6.9769278
8,10,37.253166
8,11,36.832127
8,12,35.79948
8,13,34.225533
8,14,32.23069
8,15,30.0
8,2,13.5663805
8,3,19.476562
8,4,24.54349
8,5,28.71111
8,6,31.992643
8,7,34.434914
8,8,36.093513
8,9,37.0191
9,0,0.0
9,1,8.741726
9,10,42.91629
9,11,41.892754
9,12,39.998413
9,13,37.270782
9,14,33.843857
9,15,30.0
9,2,16.869999
9,3,23.977463
9,4,29.891808
9,5,34.60522
9,6,38.19172
9,7,40.747265
9,8,42.35521
9,9,43.070435
