0,0,0.0
0,1,0.0
0,2,0.0
0,3,0.0
0,4,0.0
0,5,0.0
0,6,0.0
0,7,30.0
1,0,0.0
1,1,3.3845472
1,2,6.271038
1,3,8.414928
1,4,10.105322
1,5,12.162929
1,6,16.713667
1,7,30.0
2,0,0.0
2,1,6.777091
2,2,12.372568
2,3,16.398352
2,4,19.078636
2,5,21.310696
2,6,24.471546
2,7,30.0
3,0,0.0
3,1,10.592249
3,2,19.032791
3,3,24.58448
3,4,27.69349
3,5,29.12465
3,6,29.64255
3,7,30.0
4,0,0.0
4,1,16.22689
4,2,27.967075
4,3,34.947845
4,4,38.05685
4,5,38.058933
4,6,35.27719
4,7,30.0
5,0,0.0
5,1,26.416727
5,2,42.16633
5,3,50.03788
5,4,52.718163
5,5,51.10446
5,6,44.111183
5,7,30.0
6,0,0.0
6,1,47.814945
6,2,65.252556
6,3,71.91593
6,4,73.60632
6,5,71.14444
6,6,61.144066
6,7,30.0
7,0,0.0
7,1,100.0
7,2,100.0
7,3,100.0
7,4,100.0
7,5,100.0
7,6,100.0
7,7,30.0
