0,0,0.0
0,1,0.0
0,2,0.0
0,3,0.0
0,4,0.0
0,5,0.0
0,6,0.0
0,7,30.0
1,0,0.0
1,1,2.9698577
1,2,5.596143
1,3,7.7437315
1,4,9.596176
1,5,11.869198
1,6,16.598566
1,7,30.0
2,0,0.0
2,1,6.2837925
2,2,11.671888
2,3,15.783737
2,4,18.772913
2,5,21.282951
2,6,24.525572
2,7,30.0
3,0,0.0
3,1,10.494332
3,2,19.025517
3,3,24.948463
3,4,28.430817
3,5,29.965773
3,6,30.221676
3,7,30.0
4,0,0.0
4,1,16.669151
4,2,28.98943
4,3,36.556316
4,4,40.038673
4,5,39.92968
4,6,36.396492
4,7,30.0
5,0,0.0
5,1,27.193974
5,2,43.708775
5,3,52.25125
5,4,55.240425
5,5,53.319836
5,6,45.435753
5,7,30.0
6,0,0.0
6,1,48.398888
6,2,66.40207
6,3,73.50155
6,4,75.35399
6,5,72.675125
6,6,62.02759
6,7,30.0
7,0,0.0
7,1,100.0
7,2,100.0
7,3,100.0
7,4,100.0
7,5,100.0
7,6,100.0
7,7,30.0
