0,0,0.0
0,1,0.0
0,10,0.0
0,11,0.0
0,12,0.0
0,13,0.0
0,14,0.0
0,15,30.0
0,2,0.0
0,3,0.0
0,4,0.0
0,5,0.0
0,6,0.0
0,7,0.0
0,8,0.0
0,9,0.0
1,0,0.0
1,1,1.7781761
1,10,7.5806
1,11,7.947771
1,12,8.796188
1,13,10.807124
1,14,15.889097
1,15,30.0
1,2,3.3946962
1,3,4.7418213
1,4,5.75235
1,5,6.4525366
1,6,6.8858137
1,7,7.13983
1,8,7.2868047
1,9,7.4046736
10,0,0.0
10,1,10.24365
10,10,37.698933
10,11,37.23523
10,12,36.318058
10,13,34.821598
10,14,32.649857
10,15,30.0
10,2,19.217237
10,3,26.226223
10,4,31.199585
10,5,34.405304
10,6,36.297295
10,7,37.298832
10,8,37.750904
10,9,37.863243
11,0,0.0
11,1,13.079483
11,10,44.061264
11,11,43.275143
11,12,41.759274
11,13,39.119076
11,14,35.127876
11,15,30.0
11,2,24.026611
11,3,32.13397
11,4,37.58745
11,5,40.97709
11,6,42.90374
11,7,43.89807
11,8,44.319767
11,9,44.3593
12,0,0.0
12,1,18.258636
12,10,53.518715
12,11,52.453148
12,12,50.251266
12,13,46.205765
12,14,39.46152
12,15,30.0
12,2,32.20485
12,3,41.572533
12,4,47.417843
12,5,50.82857
12,6,52.695793
12,7,53.61955
12,8,53.981377
12,9,53.959415
13,0,0.0
13,1,28.103165
13,10,66.38649
13,11,65.20917
13,12,62.66762
13,13,57.42433
13,14,47.29591
13,15,30.0
13,2,45.671116
13,3,55.723167
13,4,61.30498
13,5,64.33387
13,6,65.899666
13,7,66.64807
13,8,66.92146
13,9,66.8501
14,0,0.0
14,1,48.81458
14,10,82.267944
14,11,81.442406
14,12,79.472466
14,13,74.782936
14,14,62.9255
14,15,30.0
14,2,67.37051
14,3,75.418106
14,4,79.24698
14,5,81.139885
14,6,82.07351
14,7,82.502235
14,8,82.649216
14,9,82.59237
15,0,0.0
15,1,100.0
15,10,100.0
15,11,100.0
15,12,100.0
15,13,100.0
15,14,100.0
15,15,30.0
15,2,100.0
15,3,100.0
15,4,100.0
15,5,100.0
15,6,100.0
15,7,100.0
15,8,100.0
15,9,100.0
2,0,0.0
2,1,3.3950708
2,10,14.371959
2,11,14.900962
2,12,15.997916
2,13,18.246937
2,14,22.587816
2,15,30.0
2,2,6.4937196
2,3,9.053462
2,4,10.9967785
2,5,12.319337
2,6,13.153521
2,7,13.628279
2,8,13.901679
2,9,14.103947
3,0,0.0
3,1,4.74408
3,10,19.879267
3,11,20.368795
3,12,21.322153
3,13,23.057583
3,14,25.946964
3,15,30.0
3,2,9.056669
3,3,12.643419
3,4,15.333488
3,5,17.189127
3,6,18.334816
3,7,18.9953
3,8,19.357128
3,9,19.598444
4,0,0.0
4,1,5.7614117
4,10,23.942436
4,11,24.316162
4,12,24.974918
4,13,26.105133
4,14,27.809801
4,15,30.0
4,2,11.012671
4,3,15.349613
4,4,18.62847
4,5,20.858257
4,6,22.251827
4,7,23.035015
4,8,23.456715
4,9,23.707384
5,0,0.0
5,1,6.4834394
5,10,26.720179
5,11,26.95464
5,12,27.350918
5,13,27.979527
5,14,28.88964
5,15,30.0
5,2,12.375167
5,3,17.259085
5,4,20.91899
5,5,23.426556
5,6,24.970287
5,7,25.842838
5,8,26.29491
5,9,26.53624
6,0,0.0
6,1,6.976967
6,10,28.554783
6,11,28.683739
6,12,28.863312
6,13,29.146437
6,14,29.533276
6,15,30.0
6,2,13.322595
6,3,18.555017
6,4,22.488167
6,5,25.156681
6,6,26.807877
6,7,27.72638
6,8,28.195675
6,9,28.425108
7,0,0.0
7,1,7.383712
7,10,29.939259
7,11,29.96746
7,12,29.981579
7,13,29.983702
7,14,29.992432
7,15,30.0
7,2,14.0777645
7,3,19.594305
7,4,23.708542
7,5,26.502464
7,6,28.212818
7,7,29.164162
7,8,29.639027
7,9,29.851513
8,0,0.0
8,1,7.873627
8,10,31.446167
8,11,31.37312
8,12,31.187677
8,13,30.895035
8,14,30.48235
8,15,30.0
8,2,14.989099
8,3,20.8004
8,4,25.114206
8,5,28.00937
8,6,29.777128
8,7,30.747047
8,8,31.221912
8,9,31.415821
9,0,0.0
9,1,8.706499
9,10,33.774616
9,11,33.535603
9,12,33.075394
9,13,32.31453
9,14,31.262806
9,15,30.0
9,2,16.490685
9,3,22.767105
9,4,27.340025
9,5,30.37652
9,6,32.198654
9,7,33.188698
9,8,33.65799
9,9,33.815887
