0,0,0.0
0,1,0.0
0,10,0.0
0,11,0.0
0,12,0.0
0,13,0.0
0,14,0.0
0,15,30.0
0,2,0.0
0,3,0.0
0,4,0.0
0,5,0.0
0,6,0.0
0,7,0.0
0,8,0.0
0,9,0.0
1,0,0.0
1,1,0.63543177
1,10,5.1754837
1,11,5.9446855
1,12,7.2351027
1,13,9.736067
1,14,15.342033
1,15,30.0
1,2,1.2550967
1,3,1.8451089
1,4,2.395162
1,5,2.9000096
1,6,3.360888
1,7,3.7873702
1,8,4.2005663
1,9,4.6395636
10,0,0.0
10,1,11.118904
10,10,49.44435
10,11,47.820354
10,12,45.027607
10,13,41.013237
10,14,35.87288
10,15,30.0
10,2,21.192337
10,3,29.668447
10,4,36.437233
10,5,41.621777
10,6,45.416862
10,7,48.00209
10,8,49.504498
10,9,49.98624
11,0,0.0
11,1,14.542824
11,10,57.05982
11,11,54.921272
11,12,51.282032
11,13,45.884163
11,14,38.635704
11,15,30.0
11,2,27.114494
11,3,37.07036
11,4,44.57144
11,5,50.0331
11,6,53.857704
11,7,56.34583
11,8,57.68053
11,9,57.931515
12,0,0.0
12,1,19.93798
12,10,65.9425
12,11,63.52316
12,12,59.295326
12,13,52.605835
12,14,42.785866
12,15,30.0
12,2,35.65261
12,3,46.927284
12,4,54.745377
12,5,60.081833
12,6,63.635376
12,7,65.84339
12,8,66.94068
12,9,66.99982
13,0,0.0
13,1,29.55655
13,10,76.18744
13,11,73.9338
13,12,69.77046
13,13,62.4581
13,14,49.901993
13,15,30.0
13,2,48.63082
13,3,60.24097
13,4,67.40118
13,5,71.91374
13,6,74.758896
13,7,76.45198
13,8,77.23928
13,9,77.18492
14,0,0.0
14,1,49.65744
14,10,87.68874
14,11,86.2543
14,12,83.39472
14,13,77.55421
14,14,64.364044
14,15,30.0
14,2,69.07324
14,3,78.00473
14,4,82.70477
14,5,85.41327
14,6,87.03465
14,7,87.96658
14,8,88.379776
14,9,88.31334
15,0,0.0
15,1,100.0
15,10,100.0
15,11,100.0
15,12,100.0
15,13,100.0
15,14,100.0
15,15,30.0
15,2,100.0
15,3,100.0
15,4,100.0
15,5,100.0
15,6,100.0
15,7,100.0
15,8,100.0
15,9,100.0
2,0,0.0
2,1,1.2866528
2,10,10.117783
2,11,11.368237
2,12,13.259726
2,13,16.36717
2,14,21.632095
2,15,30.0
2,2,2.5398917
2,3,3.7302406
2,4,4.835613
2,5,5.8440833
2,6,6.7562776
2,7,7.5881367
2,8,8.375441
2,9,9.182308
3,0,0.0
3,1,1.9713329
3,10,14.745285
3,11,16.150915
3,12,18.068518
3,13,20.840883
3,14,24.819218
3,15,30.0
3,2,3.8876636
3,3,5.7004766
3,4,7.373124
3,5,8.884622
3,6,10.232204
3,7,11.433674
3,8,12.530964
3,9,13.596654
4,0,0.0
4,1,2.71108
4,10,19.116062
4,11,20.421844
4,12,22.022738
4,13,24.108747
4,14,26.803963
4,15,30.0
4,2,5.33908
4,3,7.8110604
4,4,10.072018
4,5,12.089343
4,6,13.854543
4,7,15.383699
4,8,16.7184
4,9,17.928352
5,0,0.0
5,1,3.5339894
5,10,23.369106
5,11,24.397964
5,12,25.492062
5,13,26.767576
5,14,28.287966
5,15,30.0
5,2,6.9466763
5,3,10.1329
5,4,13.014834
5,5,15.5465355
5,6,17.713295
5,7,19.528574
5,8,21.030975
5,9,22.28267
6,0,0.0
6,1,4.4782963
6,10,27.680134
6,11,28.309174
6,12,28.78025
6,13,29.181705
6,14,29.580427
6,15,30.0
6,2,8.780923
6,3,12.759299
6,4,16.308228
6,5,19.369064
6,6,21.923965
6,7,23.986778
6,8,25.594723
6,9,26.802673
7,0,0.0
7,1,5.598377
7,10,32.24002
7,11,32.37872
7,12,32.13836
7,13,31.598778
7,14,30.852139
7,15,30.0
7,2,10.939625
7,3,15.815445
7,4,20.090084
7,5,23.697968
7,6,26.627201
7,7,28.90036
7,8,30.55896
7,9,31.653656
8,0,0.0
8,1,6.975696
8,10,37.24803
8,11,36.827724
8,12,35.795994
8,13,34.22312
8,14,32.229458
8,15,30.0
8,2,13.5639715
8,3,19.47308
8,4,24.539087
8,5,28.70598
8,6,31.98701
8,7,34.429024
8,8,36.087624
8,9,37.013462
9,0,0.0
9,1,8.740548
9,10,42.911385
9,11,41.888542
9,12,39.99508
9,13,37.26848
9,14,33.842678
9,15,30.0
9,2,16.867695
9,3,23.974133
9,4,29.887594
9,5,34.60031
9,6,38.186337
9,7,40.74163
9,8,42.34957
9,9,43.065044
