0,0,0.0
0,1,0.0
0,10,0.0
0,11,0.0
0,12,0.0
0,13,0.0
0,14,0.0
0,15,30.0
0,2,0.0
0,3,0.0
0,4,0.0
0,5,0.0
0,6,0.0
0,7,0.0
0,8,0.0
0,9,0.0
1,0,0.0
1,1,0.6293388
1,10,5.14813
1,11,5.921019
1,12,7.216257
1,13,9.7229595
1,14,15.335314
1,15,30.0
1,2,1.2431386
1,3,1.8277302
1,4,2.3730326
1,5,2.8739915
1,6,3.3320374
1,7,3.756885
1,8,4.169761
1,9,4.609804
10,0,0.0
10,1,11.086941
10,10,49.302986
10,11,47.698235
10,12,44.930496
10,13,40.945755
10,14,35.838306
10,15,30.0
10,2,21.129637
10,3,29.577446
10,4,36.321503
10,5,41.485977
10,6,45.266556
10,7,47.84361
10,8,49.344673
10,9,49.832153
11,0,0.0
11,1,14.514748
11,10,56.935814
11,11,54.81417
11,12,51.196865
11,13,45.824997
11,14,38.605385
11,15,30.0
11,2,27.05943
11,3,36.990437
11,4,44.46983
11,5,49.91387
11,6,53.725765
11,7,56.20674
11,8,57.540295
11,9,57.796333
12,0,0.0
12,1,19.915352
12,10,65.84265
12,11,63.43694
12,12,59.226772
12,13,52.558205
12,14,42.761463
12,15,30.0
12,2,35.608227
12,3,46.86288
12,4,54.66349
12,5,59.98577
12,6,63.529087
12,7,65.73135
12,8,66.827736
12,9,66.890976
13,0,0.0
13,1,29.540672
13,10,76.11745
13,11,73.87335
13,12,69.7224
13,13,62.424713
13,14,49.884884
13,15,30.0
13,2,48.599686
13,3,60.195786
13,4,67.343735
13,5,71.84636
13,6,74.68434
13,7,76.373405
13,8,77.16008
13,9,77.1086
14,0,0.0
14,1,49.649254
14,10,87.65268
14,11,86.22315
14,12,83.369965
14,13,77.537
14,14,64.35523
14,15,30.0
14,2,69.05719
14,3,77.98144
14,4,82.67516
14,5,85.37853
14,6,86.99623
14,7,87.92607
14,8,88.33895
14,9,88.274
15,0,0.0
15,1,100.0
15,10,100.0
15,11,100.0
15,12,100.0
15,13,100.0
15,14,100.0
15,15,30.0
15,2,100.0
15,3,100.0
15,4,100.0
15,5,100.0
15,6,100.0
15,7,100.0
15,8,100.0
15,9,100.0
2,0,0.0
2,1,1.2746
2,10,10.063707
2,11,11.321455
2,12,13.222477
2,13,16.341265
2,14,21.618814
2,15,30.0
2,2,2.5162299
2,3,3.6958654
2,4,4.791832
2,5,5.7926264
2,6,6.699214
2,7,7.5278554
2,8,8.314528
2,9,9.123473
3,0,0.0
3,1,1.9535966
3,10,14.665823
3,11,16.08218
3,12,18.013794
3,13,20.80283
3,14,24.79971
3,15,30.0
3,2,3.8528562
3,3,5.6499004
3,4,7.308733
3,5,8.808936
3,6,10.148301
3,7,11.345043
3,8,12.441431
3,9,13.510182
4,0,0.0
4,1,2.6881242
4,10,19.01337
4,11,20.33303
4,12,21.952038
4,13,24.05959
4,14,26.778763
4,15,30.0
4,2,5.2940207
4,3,7.745612
4,4,9.9886875
4,5,11.991434
4,6,13.746009
4,7,15.26909
4,8,16.60264
4,9,17.81658
5,0,0.0
5,1,3.5064805
5,10,23.246296
5,11,24.29177
5,12,25.407541
5,13,26.708817
5,14,28.257843
5,15,30.0
5,2,6.8926983
5,3,10.054491
5,4,12.915041
5,5,15.429288
5,6,17.583376
5,7,19.391403
5,8,20.892475
5,9,22.148968
6,0,0.0
6,1,4.447155
6,10,27.541374
6,11,28.18921
6,12,28.684792
6,13,29.115347
6,14,29.546413
6,15,30.0
6,2,8.7198105
6,3,12.670558
6,4,16.195286
6,5,19.236423
6,6,21.777008
6,7,23.831676
6,8,25.438148
6,9,26.65157
7,0,0.0
7,1,5.564763
7,10,32.090557
7,11,32.249542
7,12,32.035572
7,13,31.527342
7,14,30.81552
7,15,30.0
7,2,10.873678
7,3,15.719681
7,4,19.96825
7,5,23.554897
7,6,26.468748
7,7,28.733156
7,8,30.390224
7,9,31.490856
8,0,0.0
8,1,6.9410157
8,10,37.094116
8,11,36.694717
8,12,35.690193
8,13,34.14959
8,14,32.191772
8,15,30.0
8,2,13.495926
8,3,19.3743
8,4,24.41342
8,5,28.55846
8,6,31.823656
8,7,34.25671
8,8,35.91377
8,9,36.845776
9,0,0.0
9,1,8.706379
9,10,42.76002
9,11,41.75778
9,12,39.891064
9,13,37.19621
9,14,33.805634
9,15,30.0
9,2,16.80067
9,3,23.876831
9,4,29.763853
9,5,34.455067
9,6,38.02555
9,7,40.572052
9,8,42.17853
9,9,42.90011
