0,0,0.0
0,1,0.0
0,10,0.0
0,11,0.0
0,12,0.0
0,13,0.0
0,14,0.0
0,15,30.0
0,2,0.0
0,3,0.0
0,4,0.0
0,5,0.0
0,6,0.0
0,7,0.0
0,8,0.0
0,9,0.0
1,0,0.0
1,1,0.63568854
1,10,5.176554
1,11,5.9456034
1,12,7.235829
1,13,9.736568
1,14,15.342291
1,15,30.0
1,2,1.2555994
1,3,1.845835
1,4,2.3960805
1,5,2.9010797
1,6,3.362063
1,7,3.7885993
1,8,4.201795
1,9,4.6407385
10,0,0.0
10,1,11.119974
10,10,49.44881
10,11,47.82419
10,12,45.03064
10,13,41.01533
10,14,35.87395
10,15,30.0
10,2,21.194433
10,3,29.671476
10,4,36.44106
10,5,41.62624
10,6,45.42177
10,7,48.007217
10,8,49.509617
10,9,49.991142
11,0,0.0
11,1,14.543743
11,10,57.06365
11,11,54.924553
11,12,51.28463
11,13,45.885956
11,14,38.636623
11,15,30.0
11,2,27.116291
11,3,37.072956
11,4,44.57473
11,5,50.036934
11,6,53.861908
11,7,56.350227
11,8,57.684925
11,9,57.93571
12,0,0.0
12,1,19.938707
12,10,65.94552
12,11,63.52576
12,12,59.29738
12,13,52.60725
12,14,42.786594
12,15,30.0
12,2,35.654034
12,3,46.929337
12,4,54.747974
12,5,60.084858
12,6,63.638702
12,7,65.84686
12,8,66.94415
12,9,67.00314
13,0,0.0
13,1,29.557053
13,10,76.18953
13,11,73.93559
13,12,69.77187
13,13,62.45908
13,14,49.902493
13,15,30.0
13,2,48.631805
13,3,60.24239
13,4,67.40297
13,5,71.91583
13,6,74.761185
13,7,76.454384
13,8,77.241684
13,9,77.18721
14,0,0.0
14,1,49.657696
14,10,87.68981
14,11,86.25522
14,12,83.39545
14,13,77.5547
14,14,64.364296
14,15,30.0
14,2,69.07374
14,3,78.005455
14,4,82.70569
14,5,85.41434
14,6,87.03583
14,7,87.967804
14,8,88.381
14,9,88.3145
15,0,0.0
15,1,100.0
15,10,100.0
15,11,100.0
15,12,100.0
15,13,100.0
15,14,100.0
15,15,30.0
15,2,100.0
15,3,100.0
15,4,100.0
15,5,100.0
15,6,100.0
15,7,100.0
15,8,100.0
15,9,100.0
2,0,0.0
2,1,1.2871554
2,10,10.119875
2,11,11.370033
2,12,13.261147
2,13,16.368153
2,14,21.632599
2,15,30.0
2,2,2.5408747
2,3,3.7316613
2,4,4.837409
2,5,5.8461766
2,6,6.758576
2,7,7.590541
2,8,8.377845
2,9,9.1846075
3,0,0.0
3,1,1.9720592
3,10,14.748312
3,11,16.15351
3,12,18.070572
3,13,20.842304
3,14,24.819946
3,15,30.0
3,2,3.8890843
3,3,5.70253
3,4,7.37572
3,5,8.887648
3,6,10.235527
3,7,11.437149
3,8,12.534439
3,9,13.599977
4,0,0.0
4,1,2.7119985
4,10,19.119888
4,11,20.425129
4,12,22.025333
4,13,24.110546
4,14,26.804882
4,15,30.0
4,2,5.3408766
4,3,7.8136563
4,4,10.0753
4,5,12.093169
4,6,13.858742
4,7,15.388092
4,8,16.722794
4,9,17.932554
5,0,0.0
5,1,3.5350597
5,10,23.37357
5,11,24.401789
5,12,25.495092
5,13,26.76967
5,14,28.28904
5,15,30.0
5,2,6.94877
5,3,10.135925
5,4,13.018661
5,5,15.550993
5,6,17.718191
5,7,19.533693
5,8,21.036095
5,9,22.287567
6,0,0.0
6,1,4.479472
6,10,27.685034
6,11,28.31338
6,12,28.783577
6,13,29.184008
6,14,29.581604
6,15,30.0
6,2,8.783222
6,3,12.762624
6,4,16.312428
6,5,19.373962
6,6,21.92934
6,7,23.992401
6,8,25.600346
6,9,26.808052
7,0,0.0
7,1,5.5996065
7,10,32.245144
7,11,32.383118
7,12,32.141838
7,13,31.601181
7,14,30.853367
7,15,30.0
7,2,10.942031
7,3,15.81892
7,4,20.094479
7,5,23.703089
7,6,26.632824
7,7,28.906242
7,8,30.56484
7,9,31.65928
8,0,0.0
8,1,6.9769263
8,10,37.25316
8,11,36.832123
8,12,35.79947
8,13,34.22553
8,14,32.230686
8,15,30.0
8,2,13.566378
8,3,19.476559
8,4,24.543482
8,5,28.711102
8,6,31.992634
8,7,34.434906
8,8,36.093506
8,9,37.019093
9,0,0.0
9,1,8.741724
9,10,42.916286
9,11,41.892746
9,12,39.99841
9,13,37.27078
9,14,33.843853
9,15,30.0
9,2,16.869997
9,3,23.977455
9,4,29.8918
9,5,34.605213
9,6,38.191715
9,7,40.747257
9,8,42.3552
9,9,43.070427
