0,0,0.0
0,1,0.0
0,10,0.0
0,11,0.0
0,12,0.0
0,13,0.0
0,14,0.0
0,15,30.0
0,2,0.0
0,3,0.0
0,4,0.0
0,5,0.0
0,6,0.0
0,7,0.0
0,8,0.0
0,9,0.0
1,0,0.0
1,1,0.6344478
1,10,5.171365
1,11,5.9411488
1,12,7.2323046
1,13,9.734129
1,14,15.341043
1,15,30.0
1,2,1.2531716
1,3,1.8423256
1,4,2.3916416
1,5,2.8959045
1,6,3.3563771
1,7,3.7826502
1,8,4.1958427
1,9,4.635043
10,0,0.0
10,1,11.1147375
10,10,49.426918
10,11,47.80539
10,12,45.015766
10,13,41.005035
10,14,35.86869
10,15,30.0
10,2,21.184189
10,3,29.656664
10,4,36.42233
10,5,41.6044
10,6,45.39777
10,7,47.98211
10,8,49.4845
10,9,49.967102
11,0,0.0
11,1,14.539243
11,10,57.04483
11,11,54.90841
11,12,51.27185
11,13,45.877117
11,14,38.632107
11,15,30.0
11,2,27.107487
11,3,37.06023
11,4,44.55863
11,5,50.01817
11,6,53.841286
11,7,56.32865
11,8,57.66334
11,9,57.915066
12,0,0.0
12,1,19.935143
12,10,65.930626
12,11,63.512974
12,12,59.287262
12,13,52.600246
12,14,42.783012
12,15,30.0
12,2,35.64706
12,3,46.91926
12,4,54.73523
12,5,60.069992
12,6,63.622375
12,7,65.82977
12,8,66.92706
12,9,66.98679
13,0,0.0
13,1,29.554585
13,10,76.179214
13,11,73.92674
13,12,69.76486
13,13,62.45423
13,14,49.900013
13,15,30.0
13,2,48.626976
13,3,60.235413
13,4,67.39414
13,5,71.905556
13,6,74.74988
13,7,76.44256
13,8,77.22985
13,9,77.17589
14,0,0.0
14,1,49.656437
14,10,87.68453
14,11,86.25069
14,12,83.39186
14,13,77.55223
14,14,64.36303
14,15,30.0
14,2,69.071266
14,3,78.001884
14,4,82.70118
14,5,85.40907
14,6,87.03005
14,7,87.961754
14,8,88.37495
14,9,88.308716
15,0,0.0
15,1,100.0
15,10,100.0
15,11,100.0
15,12,100.0
15,13,100.0
15,14,100.0
15,15,30.0
15,2,100.0
15,3,100.0
15,4,100.0
15,5,100.0
15,6,100.0
15,7,100.0
15,8,100.0
15,9,100.0
2,0,0.0
2,1,1.2847266
2,10,10.109718
2,11,11.361313
2,12,13.254248
2,13,16.363377
2,14,21.630156
2,15,30.0
2,2,2.5361228
2,3,3.724792
2,4,4.8287206
2,5,5.836047
2,6,6.747446
2,7,7.5788956
2,8,8.366194
2,9,9.173459
3,0,0.0
3,1,1.9685462
3,10,14.73362
3,11,16.140898
3,12,18.060593
3,13,20.835398
3,14,24.816414
3,15,30.0
3,2,3.8822107
3,3,5.6925936
3,4,7.3631535
3,5,8.872995
3,6,10.219428
3,7,11.420304
3,8,12.517586
3,9,13.583851
4,0,0.0
4,1,2.7075515
4,10,19.101292
4,11,20.40916
4,12,22.012701
4,13,24.101799
4,14,26.800413
4,15,30.0
4,2,5.3321753
4,3,7.801079
4,4,10.059391
4,5,12.074621
4,6,13.838364
4,7,15.36677
4,8,16.701458
4,9,17.91214
5,0,0.0
5,1,3.529869
5,10,23.35186
5,11,24.383156
5,12,25.480343
5,13,26.759464
5,14,28.283821
5,15,30.0
5,2,6.938615
5,3,10.121245
5,4,13.000093
5,5,15.529346
5,6,17.694405
5,7,19.508808
5,8,21.011196
5,9,22.263742
6,0,0.0
6,1,4.4737616
6,10,27.66116
6,11,28.292877
6,12,28.767359
6,13,29.17278
6,14,29.575863
6,15,30.0
6,2,8.772051
6,3,12.746474
6,4,16.292004
6,5,19.350147
6,6,21.90318
6,7,23.965027
6,8,25.572956
6,9,26.781845
7,0,0.0
7,1,5.593625
7,10,32.22013
7,11,32.36165
7,12,32.124844
7,13,31.589426
7,14,30.847355
7,15,30.0
7,2,10.930326
7,3,15.802002
7,4,20.073078
7,5,23.678143
7,6,26.605412
7,7,28.877563
7,8,30.536144
7,9,31.631826
8,0,0.0
8,1,6.970933
8,10,37.2281
8,11,36.810608
8,12,35.782455
8,13,34.213745
8,14,32.224663
8,15,30.0
8,2,13.554651
8,3,19.459606
8,4,24.522045
8,5,28.686108
8,6,31.965172
8,7,34.406174
8,8,36.064762
8,9,36.99158
9,0,0.0
9,1,8.735983
9,10,42.892277
9,11,41.872143
9,12,39.9821
9,13,37.259495
9,14,33.838085
9,15,30.0
9,2,16.858763
9,3,23.961218
9,4,29.87126
9,5,34.58127
9,6,38.165405
9,7,40.719734
9,8,42.32766
9,9,43.04408
