0,0,0.0
0,1,0.0
0,10,0.0
0,11,0.0
0,12,0.0
0,13,0.0
0,14,0.0
0,15,30.0
0,2,0.0
0,3,0.0
0,4,0.0
0,5,0.0
0,6,0.0
0,7,0.0
0,8,0.0
0,9,0.0
1,0,0.0
1,1,0.6356472
1,10,5.1763816
1,11,5.945456
1,12,7.235712
1,13,9.736487
1,14,15.34225
1,15,30.0
1,2,1.2555183
1,3,1.845718
1,4,2.3959327
1,5,2.9009073
1,6,3.3618736
1,7,3.7884016
1,8,4.2015967
1,9,4.6405497
10,0,0.0
10,1,11.119802
10,10,49.4481
10,11,47.823578
10,12,45.03015
10,13,41.015
10,14,35.87378
10,15,30.0
10,2,21.194096
10,3,29.67099
10,4,36.440445
10,5,41.625526
10,6,45.42098
10,7,48.006393
10,8,49.508797
10,9,49.990356
11,0,0.0
11,1,14.543594
11,10,57.06304
11,11,54.924026
11,12,51.284218
11,13,45.88567
11,14,38.63648
11,15,30.0
11,2,27.116001
11,3,37.07254
11,4,44.5742
11,5,50.036316
11,6,53.86123
11,7,56.349525
11,8,57.684223
11,9,57.935047
12,0,0.0
12,1,19.93859
12,10,65.94504
12,11,63.52535
12,12,59.297047
12,13,52.607025
12,14,42.786472
12,15,30.0
12,2,35.65381
12,3,46.92901
12,4,54.74756
12,5,60.084373
12,6,63.638176
12,7,65.84631
12,8,66.9436
12,9,67.002625
13,0,0.0
13,1,29.55697
13,10,76.1892
13,11,73.9353
13,12,69.77165
13,13,62.45892
13,14,49.902412
13,15,30.0
13,2,48.631645
13,3,60.242165
13,4,67.40269
13,5,71.91551
13,6,74.760826
13,7,76.45401
13,8,77.2413
13,9,77.18685
14,0,0.0
14,1,49.657654
14,10,87.689644
14,11,86.255066
14,12,83.39533
14,13,77.55463
14,14,64.36426
14,15,30.0
14,2,69.07366
14,3,78.00534
14,4,82.70555
14,5,85.41417
14,6,87.035645
14,7,87.967606
14,8,88.380806
14,9,88.314316
15,0,0.0
15,1,100.0
15,10,100.0
15,11,100.0
15,12,100.0
15,13,100.0
15,14,100.0
15,15,30.0
15,2,100.0
15,3,100.0
15,4,100.0
15,5,100.0
15,6,100.0
15,7,100.0
15,8,100.0
15,9,100.0
2,0,0.0
2,1,1.2870743
2,10,10.119538
2,11,11.369743
2,12,13.260918
2,13,16.367996
2,14,21.632517
2,15,30.0
2,2,2.5407164
2,3,3.7314324
2,4,4.8371196
2,5,5.8458395
2,6,6.7582054
2,7,7.5901537
2,8,8.377458
2,9,9.1842375
3,0,0.0
3,1,1.9719423
3,10,14.747824
3,11,16.153093
3,12,18.070242
3,13,20.842073
3,14,24.819828
3,15,30.0
3,2,3.8888555
3,3,5.7021995
3,4,7.375302
3,5,8.887159
3,6,10.234992
3,7,11.436588
3,8,12.533879
3,9,13.599442
4,0,0.0
4,1,2.7118506
4,10,19.119272
4,11,20.424599
4,12,22.024914
4,13,24.110256
4,14,26.804733
4,15,30.0
4,2,5.3405876
4,3,7.813239
4,4,10.074772
4,5,12.092552
4,6,13.858067
4,7,15.387385
4,8,16.722086
4,9,17.931877
5,0,0.0
5,1,3.534887
5,10,23.37285
5,11,24.401173
5,12,25.494604
5,13,26.769331
5,14,28.288866
5,15,30.0
5,2,6.9484334
5,3,10.135439
5,4,13.018045
5,5,15.550276
5,6,17.717403
5,7,19.53287
5,8,21.035275
5,9,22.286777
6,0,0.0
6,1,4.4792824
6,10,27.684246
6,11,28.312702
6,12,28.783041
6,13,29.18364
6,14,29.581413
6,15,30.0
6,2,8.782852
6,3,12.762088
6,4,16.311752
6,5,19.373173
6,6,21.928478
6,7,23.991497
6,8,25.599442
6,9,26.80719
7,0,0.0
7,1,5.5994086
7,10,32.244324
7,11,32.38241
7,12,32.14128
7,13,31.600796
7,14,30.853172
7,15,30.0
7,2,10.941644
7,3,15.818361
7,4,20.093771
7,5,23.702265
7,6,26.63192
7,7,28.905296
7,8,30.563894
7,9,31.658377
8,0,0.0
8,1,6.9767284
8,10,37.252335
8,11,36.831417
8,12,35.798912
8,13,34.225147
8,14,32.23049
8,15,30.0
8,2,13.56599
8,3,19.475998
8,4,24.542776
8,5,28.710278
8,6,31.99173
8,7,34.43396
8,8,36.09256
8,9,37.01819
9,0,0.0
9,1,8.741534
9,10,42.915504
9,11,41.89207
9,12,39.99788
9,13,37.270412
9,14,33.843666
9,15,30.0
9,2,16.869627
9,3,23.976921
9,4,29.891129
9,5,34.604427
9,6,38.19085
9,7,40.746353
9,8,42.3543
9,9,43.069565
