0,0,0.0
0,1,0.0
0,10,0.0
0,11,0.0
0,12,0.0
0,13,0.0
0,14,0.0
0,15,30.0
0,2,0.0
0,3,0.0
0,4,0.0
0,5,0.0
0,6,0.0
0,7,0.0
0,8,0.0
0,9,0.0
1,0,0.0
1,1,0.92226934
1,10,5.8097906
1,11,6.4470816
1,12,7.606125
1,13,9.980101
1,14,15.462699
1,15,30.0
1,2,1.8026931
1,3,2.603764
1,4,3.3026333
1,5,3.8861213
1,6,4.3611593
1,7,4.745021
1,8,5.0740995
1,9,5.400962
10,0,0.0
10,1,10.61439
10,10,45.077534
10,11,43.88418
10,12,41.797745
10,13,38.71687
10,14,34.681343
10,15,30.0
10,2,20.150534
10,3,28.041252
10,4,34.175068
10,5,38.709644
10,6,41.88659
10,7,43.954723
10,8,45.10892
10,9,45.469032
11,0,0.0
11,1,13.928268
11,10,52.558044
11,11,50.89805
11,12,47.994957
11,13,43.558937
11,14,37.430084
11,15,30.0
11,2,25.86763
11,3,35.16219
11,4,41.986958
11,5,46.78321
11,6,50.005928
11,7,52.012547
11,8,53.046806
11,9,53.232
12,0,0.0
12,1,19.33167
12,10,61.881233
12,11,59.90702
12,12,56.354317
12,13,50.527664
12,14,41.71127
12,15,30.0
12,2,34.429783
12,3,45.07866
12,4,52.27058
12,5,57.012016
12,6,60.039783
12,7,61.84195
12,8,62.702084
12,9,62.73124
13,0,0.0
13,1,29.073336
13,10,73.11192
13,11,71.20569
13,12,67.55392
13,13,60.89604
13,14,49.093887
13,15,30.0
13,2,47.661385
13,3,58.78238
13,4,65.463715
13,5,69.52638
13,6,71.98277
13,7,73.38181
13,8,74.003876
13,9,73.94299
14,0,0.0
14,1,49.390366
14,10,86.03297
14,11,84.78645
14,12,82.20479
14,13,76.71527
14,14,63.9308
14,15,30.0
14,2,68.537865
14,3,77.20242
14,4,81.642006
14,5,84.10929
14,6,85.52344
14,7,86.30077
14,8,86.62985
14,9,86.56324
15,0,0.0
15,1,100.0
15,10,100.0
15,11,100.0
15,12,100.0
15,13,100.0
15,14,100.0
15,15,30.0
15,2,100.0
15,3,100.0
15,4,100.0
15,5,100.0
15,6,100.0
15,7,100.0
15,8,100.0
15,9,100.0
2,0,0.0
2,1,1.8153079
2,10,11.224148
2,11,12.234676
2,12,13.894313
2,13,16.780521
2,14,21.835857
2,15,30.0
2,2,3.5458667
2,3,5.122778
2,4,6.492703
2,5,7.6386104
2,6,8.563477
2,7,9.307129
2,8,9.929189
2,9,10.523699
3,0,0.0
3,1,2.6571338
3,10,16.026253
3,11,17.131142
3,12,18.768799
3,13,21.28921
3,14,25.036732
3,15,30.0
3,2,5.191331
3,3,7.4931436
3,4,9.494704
3,5,11.157043
3,6,12.495568
3,7,13.55224
3,8,14.412378
3,9,15.187017
4,0,0.0
4,1,3.4467716
4,10,20.194344
4,11,21.194422
4,12,22.540157
4,13,24.419025
4,14,26.948584
4,15,30.0
4,2,6.727718
4,3,9.707396
4,4,12.283333
4,5,14.419507
4,6,16.117981
4,7,17.440533
4,8,18.474794
4,9,19.344055
5,0,0.0
5,1,4.202159
5,10,23.85123
5,11,24.634727
5,12,25.56705
5,13,26.765074
5,14,28.269112
5,15,30.0
5,2,8.198739
5,3,11.8105545
5,4,14.925615
5,5,17.483337
5,6,19.501831
5,7,21.03654
5,8,22.190739
5,9,23.084274
6,0,0.0
6,1,4.9761057
6,10,27.235947
6,11,27.729748
6,12,28.199993
6,13,28.717484
6,14,29.32479
6,15,30.0
6,2,9.691694
6,3,13.9367285
6,4,17.563366
6,5,20.520517
6,6,22.81554
6,7,24.525291
6,8,25.750607
6,9,26.613094
7,0,0.0
7,1,5.8483477
7,10,30.661493
7,11,30.817905
7,12,30.771727
7,13,30.589031
7,14,30.315075
7,15,30.0
7,2,11.366625
7,3,16.284813
7,4,20.4463
7,5,23.786037
7,6,26.339714
7,7,28.187458
7,8,29.44678
7,9,30.23618
8,0,0.0
8,1,6.9452724
8,10,34.508827
8,11,34.265453
8,12,33.638844
8,13,32.66257
8,14,31.411999
8,15,30.0
8,2,13.440163
8,3,19.151932
8,4,23.893848
8,5,27.633375
8,6,30.424097
8,7,32.385193
8,8,33.644512
8,9,34.320564
9,0,0.0
9,1,8.442115
9,10,39.17742
9,11,38.483326
9,12,37.1715
9,13,35.25155
9,14,32.7908
9,15,30.0
9,2,16.225761
9,3,22.908234
9,4,28.316944
9,5,32.461994
9,6,35.474052
9,7,37.51352
9,8,38.738834
9,9,39.271603
