0,0,0.0
0,1,0.0
0,10,0.0
0,11,0.0
0,12,0.0
0,13,0.0
0,14,0.0
0,15,30.0
0,2,0.0
0,3,0.0
0,4,0.0
0,5,0.0
0,6,0.0
0,7,0.0
0,8,0.0
0,9,0.0
1,0,0.0
1,1,0.635941
1,10,5.1417437
1,11,5.9122696
1,12,7.207181
1,13,9.715588
1,14,15.331189
1,15,30.0
1,2,1.2553775
1,3,1.8437343
1,4,2.3905306
1,5,2.8904378
1,6,3.3453088
1,7,3.7653518
1,8,4.1727586
1,9,4.6075544
10,0,0.0
10,1,11.002115
10,10,48.80843
10,11,47.26005
10,12,44.57511
10,13,40.695137
10,14,35.708794
10,15,30.0
10,2,20.960686
10,3,29.326542
10,4,35.99262
10,5,41.08655
10,6,44.80777
10,7,47.341442
10,8,48.819702
10,9,49.308746
11,0,0.0
11,1,14.430826
11,10,56.465088
11,11,54.398613
11,12,50.860416
11,13,45.58831
11,14,38.483105
11,15,30.0
11,2,26.892796
11,3,36.743683
11,4,44.148018
11,5,49.524837
11,6,53.28133
11,7,55.722755
11,8,57.036667
11,9,57.296516
12,0,0.0
12,1,19.84173
12,10,65.440155
12,11,63.08217
12,12,58.9402
12,13,52.356705
12,14,42.657516
12,15,30.0
12,2,35.462166
12,3,46.647213
12,4,54.38292
12,5,59.647827
12,6,63.144306
12,7,65.31377
12,8,66.394684
12,9,66.46231
13,0,0.0
13,1,29.485949
13,10,75.82318
13,11,73.61449
13,12,69.51339
13,13,62.277973
13,14,49.809166
13,15,30.0
13,2,48.49128
13,3,60.035877
13,4,67.13617
13,5,71.59682
13,6,74.40088
13,7,76.06647
13,8,76.84238
13,9,76.79483
14,0,0.0
14,1,49.620102
14,10,87.497345
14,11,86.08653
14,12,83.259796
14,13,77.45964
14,14,64.31535
14,15,30.0
14,2,68.999435
14,3,77.896355
14,4,82.5648
14,5,85.24604
14,6,86.845894
14,7,87.76348
14,8,88.17089
14,9,88.10814
15,0,0.0
15,1,100.0
15,10,100.0
15,11,100.0
15,12,100.0
15,13,100.0
15,14,100.0
15,15,30.0
15,2,100.0
15,3,100.0
15,4,100.0
15,5,100.0
15,6,100.0
15,7,100.0
15,8,100.0
15,9,100.0
2,0,0.0
2,1,1.2852492
2,10,10.041677
2,11,11.296104
2,12,13.198267
2,13,16.322327
2,14,21.608465
2,15,30.0
2,2,2.5356307
2,3,3.7207553
2,4,4.8177853
2,5,5.8153143
2,6,6.7146206
2,7,7.5334835
2,8,8.309399
2,9,9.108572
3,0,0.0
3,1,1.9635761
3,10,14.611591
3,11,16.026403
3,12,17.96358
3,13,20.765
3,14,24.77936
3,15,30.0
3,2,3.8704624
3,3,5.6705914
3,4,7.3271546
3,5,8.819258
3,6,10.1460905
3,7,11.32744
3,8,12.408359
3,9,13.4641
4,0,0.0
4,1,2.6916971
4,10,18.906982
4,11,20.229948
4,12,21.862915
4,13,23.993917
4,14,26.743977
4,15,30.0
4,2,5.2984004
4,3,7.746186
4,4,9.979346
4,5,11.966734
4,6,13.701523
4,7,15.203407
4,8,16.517315
4,9,17.716713
5,0,0.0
5,1,3.497763
5,10,23.06883
5,11,24.12589
5,12,25.267338
5,13,26.607265
5,14,28.204441
5,15,30.0
5,2,6.8728127
5,3,10.018766
5,4,12.8584585
5,5,15.346947
5,6,17.472977
5,7,19.253452
5,8,20.731712
5,9,21.973953
6,0,0.0
6,1,4.4217134
6,10,27.28024
6,11,27.95002
6,12,28.485909
6,13,28.972586
6,14,29.47189
6,15,30.0
6,2,8.666709
6,3,12.586441
6,4,16.076077
6,5,19.079802
6,6,21.582823
6,7,23.604067
6,8,25.185429
6,9,26.386486
7,0,0.0
7,1,5.5202436
7,10,31.743013
7,11,31.93572
7,12,31.777
7,13,31.343218
7,14,30.719685
7,15,30.0
7,2,10.783324
7,3,15.581101
7,4,19.779915
7,5,23.316616
7,6,26.184105
7,7,28.409698
7,8,30.040535
7,9,31.132048
8,0,0.0
8,1,6.8782682
8,10,36.670544
8,11,36.315414
8,12,35.38006
8,13,33.9296
8,14,32.077705
8,15,30.0
8,2,13.369704
8,3,19.184164
8,4,24.159607
8,5,28.244148
8,6,31.455315
8,7,33.84583
8,8,35.47667
8,9,36.40326
9,0,0.0
9,1,8.629197
9,10,42.283497
9,11,41.333977
9,12,39.54594
9,13,36.952427
9,14,33.679375
9,15,30.0
9,2,16.646551
9,3,23.646473
9,4,29.460037
9,5,34.083057
9,6,37.595028
9,7,40.09721
9,8,41.678574
9,9,42.39869
