0,0,0.0
0,1,0.0
0,10,0.0
0,11,0.0
0,12,0.0
0,13,0.0
0,14,0.0
0,15,30.0
0,2,0.0
0,3,0.0
0,4,0.0
0,5,0.0
0,6,0.0
0,7,0.0
0,8,0.0
0,9,0.0
1,0,0.0
1,1,0.62915045
1,10,5.147113
1,11,5.9201236
1,12,7.2155333
1,13,9.722451
1,14,15.335051
1,15,30.0
1,2,1.2427653
1,3,1.8271796
1,4,2.3723178
1,5,2.8731315
1,6,3.3310604
1,7,3.755826
1,8,4.1686645
1,9,4.60872
10,0,0.0
10,1,11.085381
10,10,49.295513
10,11,47.691727
10,12,44.92529
10,13,40.94212
10,14,35.836437
10,15,30.0
10,2,21.126564
10,3,29.57296
10,4,36.31575
10,5,41.479164
10,6,45.258938
10,7,47.835487
10,8,49.336395
10,9,49.82409
11,0,0.0
11,1,14.513331
11,10,56.92909
11,11,54.808315
11,12,51.192177
11,13,45.821728
11,14,38.603706
11,15,30.0
11,2,27.056643
11,3,36.98637
11,4,44.464622
11,5,49.907707
11,6,53.71888
11,7,56.199406
11,8,57.532825
11,9,57.789062
12,0,0.0
12,1,19.914185
12,10,65.83713
12,11,63.43213
12,12,59.22293
12,13,52.555515
12,14,42.760086
12,15,30.0
12,2,35.605927
12,3,46.85952
12,4,54.65919
12,5,59.980682
12,6,63.52341
12,7,65.72531
12,8,66.82159
12,9,66.884995
13,0,0.0
13,1,29.539837
13,10,76.11351
13,11,73.869934
13,12,69.719666
13,13,62.42281
13,14,49.883904
13,15,30.0
13,2,48.598038
13,3,60.193386
13,4,67.34067
13,5,71.84273
13,6,74.68029
13,7,76.36911
13,8,77.15571
13,9,77.10434
14,0,0.0
14,1,49.64882
14,10,87.650635
14,11,86.221375
14,12,83.368546
14,13,77.53602
14,14,64.35472
14,15,30.0
14,2,69.05633
14,3,77.98019
14,4,82.67357
14,5,85.37665
14,6,86.994125
14,7,87.923836
14,8,88.33668
14,9,88.27179
15,0,0.0
15,1,100.0
15,10,100.0
15,11,100.0
15,12,100.0
15,13,100.0
15,14,100.0
15,15,30.0
15,2,100.0
15,3,100.0
15,4,100.0
15,5,100.0
15,6,100.0
15,7,100.0
15,8,100.0
15,9,100.0
2,0,0.0
2,1,1.2742157
2,10,10.061651
2,11,11.319645
2,12,13.221016
2,13,16.340239
2,14,21.618284
2,15,30.0
2,2,2.5154684
2,3,3.6947436
2,4,4.790376
2,5,5.790879
2,6,6.6972294
2,7,7.5257072
2,8,8.312306
2,9,9.121279
3,0,0.0
3,1,1.9530038
3,10,14.662696
3,11,16.079432
3,12,18.011578
3,13,20.801275
3,14,24.798906
3,15,30.0
3,2,3.8516834
3,3,5.6481733
3,4,7.306497
3,5,8.806253
3,6,10.145264
3,7,11.341761
3,8,12.438041
3,9,13.506842
4,0,0.0
4,1,2.6873121
4,10,19.009155
4,11,20.32933
4,12,21.949059
4,13,24.057503
4,14,26.777685
4,15,30.0
4,2,5.292414
4,3,7.743252
4,4,9.985634
4,5,11.987782
4,6,13.7418785
4,7,15.264639
4,8,16.598053
4,9,17.812069
5,0,0.0
5,1,3.505445
5,10,23.241013
5,11,24.287144
5,12,25.403818
5,13,26.706207
5,14,28.2565
5,15,30.0
5,2,6.890653
5,3,10.051489
5,4,12.911167
5,5,15.424662
5,6,17.578157
5,7,19.385792
5,8,20.886705
5,9,22.143303
6,0,0.0
6,1,4.4459085
6,10,27.535114
6,11,28.183735
6,12,28.680393
6,13,29.112267
6,14,29.544828
6,15,30.0
6,2,8.717348
6,3,12.66695
6,4,16.190636
6,5,19.230885
6,6,21.770773
6,7,23.82499
6,8,25.431284
6,9,26.644848
7,0,0.0
7,1,5.5633354
7,10,32.0835
7,11,32.243378
7,12,32.030624
7,13,31.52388
7,14,30.81374
7,15,30.0
7,2,10.870864
7,3,15.715559
7,4,19.962948
7,5,23.548592
7,6,26.461664
7,7,28.72557
7,8,30.382462
7,9,31.483265
8,0,0.0
8,1,6.9394627
8,10,37.086536
8,11,36.6881
8,12,35.684887
8,13,34.14588
8,14,32.189865
8,15,30.0
8,2,13.492863
8,3,19.369823
8,4,24.407665
8,5,28.55163
8,6,31.815994
8,7,34.248524
8,8,35.905403
8,9,36.8376
9,0,0.0
9,1,8.704776
9,10,42.752277
9,11,41.75103
9,12,39.88566
9,13,37.19243
9,14,33.803696
9,15,30.0
9,2,16.797512
9,3,23.872215
9,4,29.757929
9,5,34.44804
9,6,38.017685
9,7,40.56366
9,8,42.169968
9,9,42.891754
