0,0,0.0
0,1,0.0
0,10,0.0
0,11,0.0
0,12,0.0
0,13,0.0
0,14,0.0
0,15,0.0
0,16,0.0
0,17,0.0
0,18,0.0
0,19,0.0
0,2,0.0
0,20,0.0
0,21,0.0
0,22,0.0
0,23,0.0
0,24,0.0
0,25,0.0
0,26,0.0
0,27,0.0
0,28,0.0
0,29,30.0
0,3,0.0
0,4,0.0
0,5,0.0
0,6,0.0
0,7,0.0
0,8,0.0
0,9,0.0
1,0,0.0
1,1,0.6643743
1,10,4.202984
1,11,4.3002834
1,12,4.3662996
1,13,4.4100666
1,14,4.4383907
1,15,4.4572268
1,16,4.4712257
1,17,4.4846087
1,18,4.5019536
1,19,4.528742
1,2,1.3058391
1,20,4.5735636
1,21,4.6490912
1,22,4.7773495
1,23,4.994733
1,24,5.3687205
1,25,6.028877
1,26,7.2558885
1,27,9.729015
1,28,15.332186
1,29,30.0
1,3,1.9045398
1,4,2.4433703
1,5,2.912675
1,6,3.3062863
1,7,3.6260986
1,8,3.87596
1,9,4.0652657
10,0,0.0
10,1,4.20288
10,10,26.531744
10,11,27.137918
10,12,27.548925
10,13,27.81739
10,14,27.987272
10,15,28.091717
10,16,28.15551
10,17,28.196384
10,18,28.226873
10,19,28.256943
10,2,8.261531
10,20,28.29411
10,21,28.34663
10,22,28.421322
10,23,28.52702
10,24,28.669931
10,25,28.856861
10,26,29.08889
10,27,29.364136
10,28,29.67266
10,29,30.0
10,3,12.045019
10,4,15.451914
10,5,18.412006
10,6,20.896791
10,7,22.90829
10,8,24.481663
10,9,25.667765
11,0,0.0
11,1,4.3000503
11,10,27.137749
11,11,27.757586
11,12,28.177027
11,13,28.451248
11,14,28.624176
11,15,28.73009
11,16,28.793827
11,17,28.832989
11,18,28.860022
11,19,28.883423
11,2,8.451822
11,20,28.910309
11,21,28.94588
11,22,28.996113
11,23,29.065289
11,24,29.15874
11,25,29.27875
11,26,29.427147
11,27,29.600967
11,28,29.79506
11,29,30.0
11,3,12.3231125
11,4,15.807272
11,5,18.83604
11,6,21.376303
11,7,23.434273
11,8,25.042072
11,9,26.25534
12,0,0.0
12,1,4.3657837
12,10,27.54845
12,11,28.176773
12,12,28.60231
12,13,28.88002
12,14,29.05512
12,15,29.161865
12,16,29.225414
12,17,29.263357
12,18,29.287544
12,19,29.306343
12,2,8.581411
12,20,29.325245
12,21,29.349102
12,22,29.381182
12,23,29.425339
12,24,29.48367
12,25,29.558632
12,26,29.649982
12,27,29.756819
12,28,29.875166
12,29,30.0
12,3,12.511233
12,4,16.049051
12,5,19.12289
12,6,21.70213
12,7,23.790087
12,8,25.42234
12,9,26.65282
13,0,0.0
13,1,4.40898
13,10,27.816303
13,11,28.45056
13,12,28.879667
13,13,29.15983
13,14,29.336159
13,15,29.443443
13,16,29.506824
13,17,29.543777
13,18,29.56612
13,19,29.581453
13,2,8.665926
13,20,29.59515
13,21,29.610563
13,22,29.630785
13,23,29.6576
13,24,29.693136
13,25,29.737974
13,26,29.792728
13,27,29.856073
13,28,29.926254
13,29,30.0
13,3,12.634771
13,4,16.20673
13,5,19.311028
13,6,21.914625
13,7,24.0231
13,8,25.670345
13,9,26.912735
14,0,0.0
14,1,4.4361315
14,10,27.985035
14,11,28.622652
14,12,29.054197
14,13,29.33571
14,14,29.512873
14,15,29.62043
14,16,29.683647
14,17,29.71999
14,18,29.740982
14,19,29.754192
14,2,8.719475
14,20,29.76424
14,21,29.774418
14,22,29.786627
14,23,29.80266
14,24,29.823296
14,25,29.849476
14,26,29.880974
14,27,29.917522
14,28,29.957726
14,29,30.0
14,3,12.712421
14,4,16.306534
14,5,19.42928
14,6,22.048912
14,7,24.169563
14,8,25.826805
14,9,27.07611
15,0,0.0
15,1,4.4527245
15,10,28.087223
15,11,28.727055
15,12,29.1599
15,13,29.442307
15,14,29.6199
15,15,29.727623
15,16,29.790737
15,17,29.826637
15,18,29.846855
15,19,29.858608
15,2,8.751905
15,20,29.86652
15,21,29.873253
15,22,29.880714
15,23,29.88987
15,24,29.90165
15,25,29.916243
15,26,29.933916
15,27,29.95419
15,28,29.976562
15,29,30.0
15,3,12.759836
15,4,16.366972
15,5,19.50138
15,6,22.130236
15,7,24.2587
15,8,25.921558
15,9,27.175364
16,0,0.0
16,1,4.4624033
16,10,28.146982
16,11,28.787956
16,12,29.221636
16,13,29.504494
16,14,29.682356
16,15,29.790161
16,16,29.853191
16,17,29.888857
16,18,29.908546
16,19,29.919506
16,2,8.771004
16,20,29.926044
16,21,29.930841
16,22,29.93535
16,23,29.9406
16,24,29.947008
16,25,29.954988
16,26,29.964472
16,27,29.975424
16,28,29.987411
16,29,30.0
16,3,12.787493
16,4,16.40252
16,5,19.543438
16,6,22.177975
16,7,24.310694
16,8,25.977068
16,9,27.233257
17,0,0.0
17,1,4.467897
17,10,28.180544
17,11,28.822227
17,12,29.25631
17,13,29.539444
17,14,29.717438
17,15,29.825285
17,16,29.888277
17,17,29.923782
17,18,29.943209
17,19,29.953663
17,2,8.781729
17,20,29.95947
17,21,29.963095
17,22,29.96601
17,23,29.96895
17,24,29.97243
17,25,29.97659
17,26,29.981571
17,27,29.987238
17,28,29.993477
17,29,30.0
17,3,12.803177
17,4,16.422478
17,5,19.567242
17,6,22.204784
17,7,24.34006
17,8,26.008244
17,9,27.265892
18,0,0.0
18,1,4.470866
18,10,28.198742
18,11,28.84075
18,12,29.27508
18,13,29.558338
18,14,29.736412
18,15,29.844276
18,16,29.907238
18,17,29.94267
18,18,29.96193
18,19,29.972134
18,2,8.787589
18,20,29.97751
18,21,29.980536
18,22,29.98253
18,23,29.984272
18,24,29.986103
18,25,29.988255
18,26,29.990751
18,27,29.993612
18,28,29.99673
18,29,30.0
18,3,12.811653
18,4,16.433372
18,5,19.580109
18,6,22.21938
18,7,24.355934
18,8,26.025177
18,9,27.28353
19,0,0.0
19,1,4.4724293
19,10,28.208199
19,11,28.850405
19,12,29.28484
19,13,29.568176
19,14,29.74628
19,15,29.854156
19,16,29.917105
19,17,29.952486
19,18,29.971672
19,19,29.98173
19,2,8.790637
19,20,29.986904
19,21,29.989586
19,22,29.991133
19,23,29.992216
19,24,29.993217
19,25,29.994293
19,26,29.995527
19,27,29.996906
19,28,29.998423
19,29,30.0
19,3,12.816111
19,4,16.439035
19,5,19.58686
19,6,22.22697
19,7,24.364239
19,8,26.033981
19,9,27.29274
2,0,0.0
2,1,1.3058391
2,10,8.261723
2,11,8.452262
2,12,8.582363
2,13,8.667967
2,14,8.723653
2,15,8.760321
2,16,8.787316
2,17,8.812784
2,18,8.844906
2,19,8.894495
2,2,2.5673866
2,20,8.975868
2,21,9.112652
2,22,9.340443
2,23,9.720085
2,24,10.350815
2,25,11.407836
2,26,13.199984
2,27,16.283691
2,28,21.576824
2,29,30.0
2,3,3.7434053
2,4,4.803685
2,5,5.7249126
2,6,6.499835
2,7,7.1271596
2,8,7.6193075
2,9,7.9903464
20,0,0.0
20,1,4.473211
20,10,28.212944
20,11,28.855232
20,12,29.289726
20,13,29.573093
20,14,29.751217
20,15,29.859098
20,16,29.922037
20,17,29.957401
20,18,29.976538
20,19,29.986534
20,2,8.79218
20,20,29.991592
20,21,29.994122
20,22,29.995422
20,23,29.996195
20,24,29.996767
20,25,29.997318
20,26,29.997902
20,27,29.998558
20,28,29.999262
20,29,30.0
20,3,12.818338
20,4,16.441896
20,5,19.590237
20,6,22.230797
20,7,24.368395
20,8,26.03841
20,9,27.297344
21,0,0.0
21,1,4.4735913
21,10,28.215223
21,11,28.857555
21,12,29.292074
21,13,29.575459
21,14,29.753588
21,15,29.861471
21,16,29.924408
21,17,29.959759
21,18,29.978882
21,19,29.98884
21,2,8.792922
21,20,29.99385
21,21,29.996298
21,22,29.997494
21,23,29.998104
21,24,29.998478
21,25,29.998768
21,26,29.99905
21,27,29.999352
21,28,29.99967
21,29,30.0
21,3,12.819422
21,4,16.443272
21,5,19.591873
21,6,22.232635
21,7,24.370403
21,8,26.040535
21,9,27.299566
22,0,0.0
22,1,4.4737673
22,10,28.21628
22,11,28.858627
22,12,29.29316
22,13,29.57655
22,14,29.754683
22,15,29.862568
22,16,29.925499
22,17,29.96085
22,18,29.979961
22,19,29.989906
22,2,8.793268
22,20,29.994892
22,21,29.997307
22,22,29.998446
22,23,29.998987
22,24,29.999264
22,25,29.99944
22,26,29.99958
22,27,29.999718
22,28,29.999859
22,29,30.0
22,3,12.819922
22,4,16.443914
22,5,19.59263
22,6,22.23349
22,7,24.37133
22,8,26.041523
22,9,27.30059
23,0,0.0
23,1,4.473847
23,10,28.21675
23,11,28.859104
23,12,29.29364
23,13,29.577034
23,14,29.755167
23,15,29.863052
23,16,29.925985
23,17,29.961332
23,18,29.98044
23,19,29.990377
23,2,8.793423
23,20,29.995354
23,21,29.997751
23,22,29.99887
23,23,29.999378
23,24,29.999617
23,25,29.999739
23,26,29.999817
23,27,29.99988
23,28,29.999939
23,29,30.0
23,3,12.8201475
23,4,16.444199
23,5,19.592968
23,6,22.233868
23,7,24.371746
23,8,26.041962
23,9,27.301048
24,0,0.0
24,1,4.4738803
24,10,28.216948
24,11,28.85931
24,12,29.293844
24,13,29.57724
24,14,29.755373
24,15,29.863258
24,16,29.926191
24,17,29.961536
24,18,29.980644
24,19,29.990582
24,2,8.793489
24,20,29.99555
24,21,29.997942
24,22,29.999048
24,23,29.999546
24,24,29.999765
24,25,29.999865
24,26,29.999916
24,27,29.999949
24,28,29.999977
24,29,30.0
24,3,12.820242
24,4,16.44432
24,5,19.593113
24,6,22.234032
24,7,24.371922
24,8,26.042149
24,9,27.301243
25,0,0.0
25,1,4.473894
25,10,28.217031
25,11,28.85939
25,12,29.29393
25,13,29.577322
25,14,29.755457
25,15,29.863342
25,16,29.926275
25,17,29.96162
25,18,29.980728
25,19,29.990662
25,2,8.793516
25,20,29.99563
25,21,29.99802
25,22,29.999123
25,23,29.999615
25,24,29.999825
25,25,29.999916
25,26,29.999954
25,27,29.999977
25,28,29.999989
25,29,30.0
25,3,12.820283
25,4,16.444372
25,5,19.59317
25,6,22.2341
25,7,24.371994
25,8,26.042225
25,9,27.301321
26,0,0.0
26,1,4.4738994
26,10,28.21706
26,11,28.859425
26,12,29.29396
26,13,29.577356
26,14,29.755491
26,15,29.863375
26,16,29.926308
26,17,29.961653
26,18,29.980757
26,19,29.990692
26,2,8.793528
26,20,29.995663
26,21,29.99805
26,22,29.999153
26,23,29.999641
26,24,29.999851
26,25,29.999937
26,26,29.999975
26,27,29.999989
26,28,29.999996
26,29,30.0
26,3,12.820298
26,4,16.444391
26,5,19.593195
26,6,22.234125
26,7,24.372023
26,8,26.042255
26,9,27.301355
27,0,0.0
27,1,4.4739017
27,10,28.217075
27,11,28.859434
27,12,29.293972
27,13,29.57737
27,14,29.755503
27,15,29.863388
27,16,29.926321
27,17,29.961666
27,18,29.98077
27,19,29.990707
27,2,8.7935295
27,20,29.995674
27,21,29.998062
27,22,29.999165
27,23,29.999651
27,24,29.999859
27,25,29.999947
27,26,29.99998
27,27,29.999992
27,28,29.999998
27,29,30.0
27,3,12.820303
27,4,16.444399
27,5,19.5932
27,6,22.234135
27,7,24.372034
27,8,26.042265
27,9,27.301365
28,0,0.0
28,1,4.4739017
28,10,28.217077
28,11,28.85944
28,12,29.293978
28,13,29.577372
28,14,29.755507
28,15,29.86339
28,16,29.926323
28,17,29.96167
28,18,29.980774
28,19,29.99071
28,2,8.793532
28,20,29.995678
28,21,29.998066
28,22,29.999165
28,23,29.999657
28,24,29.999863
28,25,29.99995
28,26,29.99998
28,27,29.999996
28,28,30.0
28,29,30.0
28,3,12.820305
28,4,16.4444
28,5,19.593206
28,6,22.234138
28,7,24.372038
28,8,26.04227
28,9,27.301369
29,0,0.0
29,1,4.4739027
29,10,28.21708
29,11,28.859442
29,12,29.29398
29,13,29.577374
29,14,29.755508
29,15,29.863392
29,16,29.926323
29,17,29.96167
29,18,29.980776
29,19,29.990711
29,2,8.793531
29,20,29.995678
29,21,29.998066
29,22,29.999165
29,23,29.999657
29,24,29.999863
29,25,29.99995
29,26,29.999985
29,27,29.999996
29,28,30.0
29,29,30.0
29,3,12.820307
29,4,16.444403
29,5,19.593208
29,6,22.23414
29,7,24.372036
29,8,26.04227
29,9,27.30137
3,0,0.0
3,1,1.9045396
3,10,12.045278
3,11,12.32369
3,12,12.512518
3,13,12.637468
3,14,12.71802
3,15,12.77096
3,16,12.809214
3,17,12.844103
3,18,12.887296
3,19,12.951912
3,2,3.7434053
3,20,13.057535
3,21,13.231049
3,22,13.516359
3,23,13.977747
3,24,14.718319
3,25,15.89163
3,26,17.72974
3,27,20.543411
3,28,24.648647
3,29,30.0
3,3,5.4594965
3,4,7.0039787
3,5,8.348884
3,6,9.4768715
3,7,10.393068
3,8,11.108868
3,9,11.65094
30,0,0.0
30,1,4.473902
30,10,28.21708
30,11,28.859442
30,12,29.29398
30,13,29.577377
30,14,29.755508
30,15,29.863392
30,16,29.926323
30,17,29.96167
30,18,29.980776
30,19,29.990711
30,2,8.793533
30,20,29.995678
30,21,29.998066
30,22,29.99917
30,23,29.999653
30,24,29.999865
30,25,29.99995
30,26,29.999985
30,27,29.999996
30,28,30.0
30,29,30.0
30,3,12.820305
30,4,16.444405
30,5,19.593206
30,6,22.234138
30,7,24.37204
30,8,26.04227
30,9,27.301373
31,0,0.0
31,1,4.4739027
31,10,28.217081
31,11,28.859442
31,12,29.29398
31,13,29.577375
31,14,29.755508
31,15,29.863392
31,16,29.926323
31,17,29.96167
31,18,29.980776
31,19,29.990711
31,2,8.793531
31,20,29.99568
31,21,29.998068
31,22,29.999168
31,23,29.999659
31,24,29.999865
31,25,29.99995
31,26,29.999985
31,27,29.999996
31,28,30.0
31,29,30.0
31,3,12.820308
31,4,16.4444
31,5,19.593208
31,6,22.23414
31,7,24.372038
31,8,26.042273
31,9,27.301373
32,0,0.0
32,1,4.473902
32,10,28.21708
32,11,28.859444
32,12,29.293982
32,13,29.577375
32,14,29.755508
32,15,29.863392
32,16,29.926323
32,17,29.96167
32,18,29.980776
32,19,29.990711
32,2,8.793533
32,20,29.99568
32,21,29.998066
32,22,29.99917
32,23,29.999655
32,24,29.999866
32,25,29.99995
32,26,29.999985
32,27,29.999996
32,28,30.0
32,29,30.0
32,3,12.820305
32,4,16.444405
32,5,19.593206
32,6,22.234142
32,7,24.37204
32,8,26.042274
32,9,27.301373
33,0,0.0
33,1,4.473903
33,10,28.217083
33,11,28.859444
33,12,29.293983
33,13,29.577375
33,14,29.755512
33,15,29.863392
33,16,29.926325
33,17,29.96167
33,18,29.980776
33,19,29.990711
33,2,8.793531
33,20,29.99568
33,21,29.998068
33,22,29.999168
33,23,29.999659
33,24,29.999865
33,25,29.99995
33,26,29.999985
33,27,29.999996
33,28,30.0
33,29,30.0
33,3,12.820308
33,4,16.4444
33,5,19.593208
33,6,22.234138
33,7,24.37204
33,8,26.04227
33,9,27.301373
34,0,0.0
34,1,4.473902
34,10,28.217083
34,11,28.859444
34,12,29.293983
34,13,29.57738
34,14,29.755512
34,15,29.863392
34,16,29.926325
34,17,29.96167
34,18,29.980776
34,19,29.990711
34,2,8.793533
34,20,29.99568
34,21,29.998068
34,22,29.99917
34,23,29.999659
34,24,29.999866
34,25,29.99995
34,26,29.999985
34,27,29.999996
34,28,30.0
34,29,30.0
34,3,12.820305
34,4,16.444405
34,5,19.593206
34,6,22.234142
34,7,24.372038
34,8,26.042274
34,9,27.301373
35,0,0.0
35,1,4.473903
35,10,28.217083
35,11,28.859444
35,12,29.293983
35,13,29.57738
35,14,29.755512
35,15,29.863392
35,16,29.926325
35,17,29.96167
35,18,29.980776
35,19,29.990711
35,2,8.793531
35,20,29.99568
35,21,29.998068
35,22,29.99917
35,23,29.999659
35,24,29.999866
35,25,29.99995
35,26,29.999985
35,27,29.999996
35,28,30.0
35,29,30.0
35,3,12.820308
35,4,16.4444
35,5,19.593208
35,6,22.234138
35,7,24.37204
35,8,26.04227
35,9,27.301373
36,0,0.0
36,1,4.473902
36,10,28.217083
36,11,28.859444
36,12,29.293983
36,13,29.57738
36,14,29.755512
36,15,29.863392
36,16,29.926325
36,17,29.96167
36,18,29.980776
36,19,29.990711
36,2,8.793533
36,20,29.99568
36,21,29.998068
36,22,29.99917
36,23,29.999659
36,24,29.999866
36,25,29.99995
36,26,29.999985
36,27,29.999996
36,28,30.0
36,29,30.0
36,3,12.820305
36,4,16.444405
36,5,19.593208
36,6,22.234142
36,7,24.372038
36,8,26.042273
36,9,27.301373
37,0,0.0
37,1,4.4739027
37,10,28.217083
37,11,28.859444
37,12,29.293983
37,13,29.57738
37,14,29.755512
37,15,29.863392
37,16,29.926325
37,17,29.96167
37,18,29.980776
37,19,29.990711
37,2,8.793531
37,20,29.99568
37,21,29.998068
37,22,29.99917
37,23,29.999659
37,24,29.999866
37,25,29.99995
37,26,29.999985
37,27,29.999996
37,28,30.0
37,29,30.0
37,3,12.820307
37,4,16.444403
37,5,19.593208
37,6,22.234138
37,7,24.37204
37,8,26.04227
37,9,27.301373
38,0,0.0
38,1,4.473902
38,10,28.217083
38,11,28.859444
38,12,29.293983
38,13,29.577377
38,14,29.755512
38,15,29.863392
38,16,29.926325
38,17,29.96167
38,18,29.980776
38,19,29.990711
38,2,8.793532
38,20,29.99568
38,21,29.998068
38,22,29.99917
38,23,29.999659
38,24,29.999866
38,25,29.99995
38,26,29.999985
38,27,29.999996
38,28,30.0
38,29,30.0
38,3,12.820307
38,4,16.444403
38,5,19.593208
38,6,22.23414
38,7,24.372038
38,8,26.042274
38,9,27.301373
39,0,0.0
39,1,4.473902
39,10,28.21708
39,11,28.859444
39,12,29.29398
39,13,29.57738
39,14,29.755508
39,15,29.863392
39,16,29.926323
39,17,29.96167
39,18,29.980776
39,19,29.990711
39,2,8.793532
39,20,29.99568
39,21,29.998068
39,22,29.999168
39,23,29.999659
39,24,29.999865
39,25,29.999952
39,26,29.999985
39,27,29.999996
39,28,30.0
39,29,30.0
39,3,12.820305
39,4,16.444405
39,5,19.593208
39,6,22.23414
39,7,24.37204
39,8,26.042273
39,9,27.301373
4,0,0.0
4,1,2.4433699
4,10,15.452203
4,11,15.807936
4,12,16.050484
4,13,16.209808
4,14,16.312807
4,15,16.379576
4,16,16.426819
4,17,16.468447
4,18,16.517437
4,19,16.589638
4,2,4.8036847
4,20,16.704185
4,21,16.890774
4,22,17.189339
4,23,17.66162
4,24,18.390625
4,25,19.493603
4,26,21.11231
4,27,23.395828
4,28,26.414484
4,29,30.0
4,3,7.003978
4,4,8.987268
4,5,10.710458
4,6,12.159412
4,7,13.332386
4,8,14.252095
4,9,14.945466
40,0,0.0
40,1,4.4739027
40,10,28.217081
40,11,28.85944
40,12,29.293983
40,13,29.577377
40,14,29.755512
40,15,29.863392
40,16,29.926325
40,17,29.96167
40,18,29.980776
40,19,29.990711
40,2,8.793531
40,20,29.99568
40,21,29.998066
40,22,29.999168
40,23,29.999657
40,24,29.999866
40,25,29.99995
40,26,29.999983
40,27,29.999996
40,28,30.0
40,29,30.0
40,3,12.820307
40,4,16.4444
40,5,19.593208
40,6,22.23414
40,7,24.372038
40,8,26.042274
40,9,27.301373
41,0,0.0
41,1,4.4739017
41,10,28.21708
41,11,28.859444
41,12,29.293982
41,13,29.577375
41,14,29.755512
41,15,29.863392
41,16,29.926327
41,17,29.96167
41,18,29.980776
41,19,29.990711
41,2,8.793533
41,20,29.99568
41,21,29.998066
41,22,29.999168
41,23,29.999657
41,24,29.999866
41,25,29.99995
41,26,29.999983
41,27,29.999994
41,28,30.0
41,29,30.0
41,3,12.820305
41,4,16.444403
41,5,19.593206
41,6,22.234138
41,7,24.37204
41,8,26.04227
41,9,27.301373
42,0,0.0
42,1,4.4739027
42,10,28.21708
42,11,28.859442
42,12,29.293982
42,13,29.577375
42,14,29.755512
42,15,29.863392
42,16,29.926323
42,17,29.96167
42,18,29.980776
42,19,29.990711
42,2,8.793531
42,20,29.99568
42,21,29.998068
42,22,29.999168
42,23,29.999659
42,24,29.999866
42,25,29.99995
42,26,29.999985
42,27,29.999996
42,28,30.0
42,29,30.0
42,3,12.820307
42,4,16.4444
42,5,19.593208
42,6,22.234138
42,7,24.372038
42,8,26.042274
42,9,27.30137
43,0,0.0
43,1,4.473902
43,10,28.21708
43,11,28.859442
43,12,29.293982
43,13,29.577375
43,14,29.755512
43,15,29.863394
43,16,29.926327
43,17,29.96167
43,18,29.980776
43,19,29.990711
43,2,8.793532
43,20,29.995678
43,21,29.998068
43,22,29.99917
43,23,29.999659
43,24,29.999866
43,25,29.99995
43,26,29.999985
43,27,29.999996
43,28,30.0
43,29,30.0
43,3,12.820305
43,4,16.4444
43,5,19.593206
43,6,22.23414
43,7,24.372038
43,8,26.04227
43,9,27.301373
44,0,0.0
44,1,4.473902
44,10,28.21708
44,11,28.859442
44,12,29.29398
44,13,29.577375
44,14,29.75551
44,15,29.863394
44,16,29.926327
44,17,29.96167
44,18,29.980778
44,19,29.990711
44,2,8.793531
44,20,29.99568
44,21,29.998068
44,22,29.99917
44,23,29.999659
44,24,29.999866
44,25,29.999952
44,26,29.999985
44,27,29.999996
44,28,30.0
44,29,30.0
44,3,12.820305
44,4,16.4444
44,5,19.593204
44,6,22.234138
44,7,24.37204
44,8,26.042273
44,9,27.301373
45,0,0.0
45,1,4.473902
45,10,28.217081
45,11,28.859442
45,12,29.29398
45,13,29.577377
45,14,29.75551
45,15,29.863396
45,16,29.926327
45,17,29.96167
45,18,29.980776
45,19,29.990711
45,2,8.793531
45,20,29.99568
45,21,29.998068
45,22,29.99917
45,23,29.999659
45,24,29.999866
45,25,29.99995
45,26,29.999985
45,27,29.999996
45,28,30.0
45,29,30.0
45,3,12.820305
45,4,16.4444
45,5,19.593208
45,6,22.23414
45,7,24.37204
45,8,26.042273
45,9,27.301373
46,0,0.0
46,1,4.473902
46,10,28.21708
46,11,28.85944
46,12,29.293982
46,13,29.577375
46,14,29.755512
46,15,29.863392
46,16,29.926327
46,17,29.96167
46,18,29.980778
46,19,29.990711
46,2,8.793531
46,20,29.99568
46,21,29.998068
46,22,29.99917
46,23,29.999659
46,24,29.999866
46,25,29.99995
46,26,29.999985
46,27,29.999996
46,28,30.0
46,29,30.0
46,3,12.820305
46,4,16.4444
46,5,19.593208
46,6,22.234142
46,7,24.37204
46,8,26.042273
46,9,27.301373
47,0,0.0
47,1,4.473902
47,10,28.21708
47,11,28.859442
47,12,29.29398
47,13,29.577377
47,14,29.755508
47,15,29.863396
47,16,29.926325
47,17,29.961672
47,18,29.980776
47,19,29.990711
47,2,8.793531
47,20,29.99568
47,21,29.998068
47,22,29.999168
47,23,29.999659
47,24,29.999866
47,25,29.99995
47,26,29.999985
47,27,29.999996
47,28,30.0
47,29,30.0
47,3,12.820305
47,4,16.4444
47,5,19.593206
47,6,22.234138
47,7,24.37204
47,8,26.042273
47,9,27.301373
48,0,0.0
48,1,4.473902
48,10,28.21708
48,11,28.859442
48,12,29.29398
48,13,29.577375
48,14,29.755508
48,15,29.86339
48,16,29.926325
48,17,29.96167
48,18,29.980776
48,19,29.990711
48,2,8.793531
48,20,29.99568
48,21,29.998066
48,22,29.99917
48,23,29.999657
48,24,29.999866
48,25,29.99995
48,26,29.999985
48,27,29.999996
48,28,30.0
48,29,30.0
48,3,12.820305
48,4,16.4444
48,5,19.593206
48,6,22.23414
48,7,24.37204
48,8,26.042273
48,9,27.301373
49,0,0.0
49,1,4.4739027
49,10,28.217081
49,11,28.85944
49,12,29.29398
49,13,29.577374
49,14,29.755508
49,15,29.863392
49,16,29.926323
49,17,29.96167
49,18,29.980776
49,19,29.990711
49,2,8.793532
49,20,29.995678
49,21,29.998068
49,22,29.999168
49,23,29.999659
49,24,29.999865
49,25,29.99995
49,26,29.999983
49,27,29.999996
49,28,30.0
49,29,30.0
49,3,12.820306
49,4,16.444403
49,5,19.593206
49,6,22.23414
49,7,24.37204
49,8,26.042274
49,9,27.301373
5,0,0.0
5,1,2.9126737
5,10,18.4123
5,11,18.836704
5,12,19.124361
5,13,19.31411
5,14,19.435673
5,15,19.514019
5,16,19.567986
5,17,19.613121
5,18,19.664074
5,19,19.735592
5,2,5.7249107
5,20,19.84787
5,21,20.025595
5,22,20.306257
5,23,20.73679
5,24,21.38294
5,25,22.31971
5,26,23.630486
5,27,25.374044
5,28,27.54393
5,29,30.0
5,3,8.348882
5,4,10.710455
5,5,12.766073
5,6,14.490146
5,7,15.889683
5,8,16.983097
5,9,17.810461
50,0,0.0
50,1,4.4739027
50,10,28.21708
50,11,28.859442
50,12,29.29398
50,13,29.577374
50,14,29.755508
50,15,29.863392
50,16,29.926325
50,17,29.96167
50,18,29.980776
50,19,29.990711
50,2,8.793531
50,20,29.99568
50,21,29.998066
50,22,29.99917
50,23,29.999657
50,24,29.999865
50,25,29.999949
50,26,29.999985
50,27,29.999996
50,28,30.0
50,29,30.0
50,3,12.820307
50,4,16.4444
50,5,19.593208
50,6,22.23414
50,7,24.37204
50,8,26.042273
50,9,27.301373
51,0,0.0
51,1,4.473902
51,10,28.217081
51,11,28.859444
51,12,29.29398
51,13,29.577377
51,14,29.755508
51,15,29.863392
51,16,29.926323
51,17,29.96167
51,18,29.980776
51,19,29.990711
51,2,8.793533
51,20,29.99568
51,21,29.998066
51,22,29.99917
51,23,29.999657
51,24,29.999866
51,25,29.99995
51,26,29.999985
51,27,29.999996
51,28,30.0
51,29,30.0
51,3,12.820305
51,4,16.444405
51,5,19.593206
51,6,22.234138
51,7,24.372038
51,8,26.042274
51,9,27.301373
52,0,0.0
52,1,4.4739027
52,10,28.21708
52,11,28.859444
52,12,29.293982
52,13,29.577377
52,14,29.755508
52,15,29.863392
52,16,29.926323
52,17,29.96167
52,18,29.980776
52,19,29.990711
52,2,8.793531
52,20,29.99568
52,21,29.998068
52,22,29.999166
52,23,29.999657
52,24,29.99986
52,25,29.99995
52,26,29.999985
52,27,29.999996
52,28,30.0
52,29,30.0
52,3,12.820307
52,4,16.4444
52,5,19.593208
52,6,22.234138
52,7,24.37204
52,8,26.04227
52,9,27.301373
53,0,0.0
53,1,4.473902
53,10,28.217081
53,11,28.859442
53,12,29.29398
53,13,29.577377
53,14,29.755512
53,15,29.863392
53,16,29.926325
53,17,29.96167
53,18,29.980776
53,19,29.990711
53,2,8.793533
53,20,29.995678
53,21,29.998066
53,22,29.99917
53,23,29.999655
53,24,29.999865
53,25,29.999949
53,26,29.999985
53,27,29.999994
53,28,30.0
53,29,30.0
53,3,12.820305
53,4,16.444403
53,5,19.593206
53,6,22.234138
53,7,24.372036
53,8,26.042274
53,9,27.301373
54,0,0.0
54,1,4.4739027
54,10,28.21708
54,11,28.859442
54,12,29.29398
54,13,29.577375
54,14,29.755508
54,15,29.863392
54,16,29.926327
54,17,29.96167
54,18,29.980776
54,19,29.990711
54,2,8.793531
54,20,29.99568
54,21,29.998068
54,22,29.999168
54,23,29.999657
54,24,29.99986
54,25,29.99995
54,26,29.99998
54,27,29.999996
54,28,30.0
54,29,30.0
54,3,12.820307
54,4,16.4444
54,5,19.593208
54,6,22.23414
54,7,24.37204
54,8,26.04227
54,9,27.301373
55,0,0.0
55,1,4.4739017
55,10,28.217081
55,11,28.859442
55,12,29.293982
55,13,29.577375
55,14,29.755512
55,15,29.863392
55,16,29.926325
55,17,29.96167
55,18,29.980776
55,19,29.990711
55,2,8.793533
55,20,29.99568
55,21,29.998066
55,22,29.99917
55,23,29.999657
55,24,29.999865
55,25,29.999947
55,26,29.999985
55,27,29.999994
55,28,30.0
55,29,30.0
55,3,12.820305
55,4,16.444403
55,5,19.593206
55,6,22.23414
55,7,24.37204
55,8,26.042274
55,9,27.301373
56,0,0.0
56,1,4.4739027
56,10,28.217077
56,11,28.859442
56,12,29.29398
56,13,29.577375
56,14,29.755508
56,15,29.863392
56,16,29.926325
56,17,29.96167
56,18,29.980776
56,19,29.990711
56,2,8.793531
56,20,29.99568
56,21,29.998068
56,22,29.99917
56,23,29.999659
56,24,29.999865
56,25,29.99995
56,26,29.99998
56,27,29.999996
56,28,30.0
56,29,30.0
56,3,12.820307
56,4,16.4444
56,5,19.593208
56,6,22.23414
56,7,24.37204
56,8,26.042273
56,9,27.301373
57,0,0.0
57,1,4.4739017
57,10,28.217081
57,11,28.859442
57,12,29.293982
57,13,29.577375
57,14,29.755508
57,15,29.86339
57,16,29.926323
57,17,29.96167
57,18,29.980776
57,19,29.990711
57,2,8.793533
57,20,29.99568
57,21,29.998068
57,22,29.99917
57,23,29.999659
57,24,29.999866
57,25,29.999952
57,26,29.999985
57,27,29.999996
57,28,30.0
57,29,30.0
57,3,12.820305
57,4,16.4444
57,5,19.593206
57,6,22.23414
57,7,24.372038
57,8,26.042273
57,9,27.301369
58,0,0.0
58,1,4.4739027
58,10,28.217077
58,11,28.859442
58,12,29.29398
58,13,29.577375
58,14,29.755508
58,15,29.863392
58,16,29.926323
58,17,29.96167
58,18,29.980776
58,19,29.990711
58,2,8.793531
58,20,29.99568
58,21,29.998066
58,22,29.99917
58,23,29.999659
58,24,29.999866
58,25,29.99995
58,26,29.999983
58,27,29.999996
58,28,30.0
58,29,30.0
58,3,12.820306
58,4,16.4444
58,5,19.593206
58,6,22.23414
58,7,24.37204
58,8,26.04227
58,9,27.301373
59,0,0.0
59,1,4.473902
59,10,28.217081
59,11,28.85944
59,12,29.293983
59,13,29.577375
59,14,29.75551
59,15,29.86339
59,16,29.926327
59,17,29.96167
59,18,29.980776
59,19,29.990711
59,2,8.793533
59,20,29.995678
59,21,29.998068
59,22,29.999168
59,23,29.999659
59,24,29.999866
59,25,29.99995
59,26,29.999985
59,27,29.999996
59,28,30.0
59,29,30.0
59,3,12.820305
59,4,16.4444
59,5,19.593206
59,6,22.23414
59,7,24.372038
59,8,26.042274
59,9,27.301369
6,0,0.0
6,1,3.3062835
6,10,20.89706
6,11,21.376926
6,12,21.70348
6,13,21.91752
6,14,22.05479
6,15,22.142006
6,16,22.200516
6,17,22.247099
6,18,22.295914
6,19,22.362276
6,2,6.49983
6,20,22.462357
6,21,22.619364
6,22,22.86042
6,23,23.224163
6,24,23.752996
6,25,24.497543
6,26,25.498938
6,27,26.779629
6,28,28.311493
6,29,30.0
6,3,9.476864
6,4,12.159405
6,5,14.49014
6,6,16.448866
6,7,18.034513
6,8,19.276806
6,9,20.213352
60,0,0.0
60,1,4.4739027
60,10,28.21708
60,11,28.859444
60,12,29.29398
60,13,29.577377
60,14,29.755507
60,15,29.863392
60,16,29.926323
60,17,29.96167
60,18,29.980776
60,19,29.990711
60,2,8.793531
60,20,29.99568
60,21,29.998066
60,22,29.99917
60,23,29.999657
60,24,29.999866
60,25,29.99995
60,26,29.999985
60,27,29.999996
60,28,30.0
60,29,30.0
60,3,12.820306
60,4,16.4444
60,5,19.593206
60,6,22.234138
60,7,24.37204
60,8,26.04227
60,9,27.301373
61,0,0.0
61,1,4.473902
61,10,28.217081
61,11,28.859442
61,12,29.293982
61,13,29.577375
61,14,29.755512
61,15,29.86339
61,16,29.926327
61,17,29.96167
61,18,29.980776
61,19,29.990711
61,2,8.793533
61,20,29.995678
61,21,29.998068
61,22,29.999168
61,23,29.999659
61,24,29.999865
61,25,29.99995
61,26,29.999985
61,27,29.999996
61,28,30.0
61,29,30.0
61,3,12.820305
61,4,16.4444
61,5,19.593206
61,6,22.23414
61,7,24.372038
61,8,26.042274
61,9,27.301369
62,0,0.0
62,1,4.4739027
62,10,28.217077
62,11,28.859442
62,12,29.293982
62,13,29.577375
62,14,29.755508
62,15,29.863394
62,16,29.926323
62,17,29.961672
62,18,29.980776
62,19,29.990711
62,2,8.793531
62,20,29.99568
62,21,29.998066
62,22,29.999168
62,23,29.999657
62,24,29.999866
62,25,29.99995
62,26,29.999985
62,27,29.999996
62,28,30.0
62,29,30.0
62,3,12.820306
62,4,16.4444
62,5,19.593206
62,6,22.234138
62,7,24.37204
62,8,26.04227
62,9,27.301373
63,0,0.0
63,1,4.473902
63,10,28.217081
63,11,28.859442
63,12,29.29398
63,13,29.577374
63,14,29.755508
63,15,29.863392
63,16,29.926327
63,17,29.96167
63,18,29.980776
63,19,29.990711
63,2,8.793532
63,20,29.995678
63,21,29.998066
63,22,29.999168
63,23,29.999657
63,24,29.999865
63,25,29.99995
63,26,29.999985
63,27,29.999996
63,28,30.0
63,29,30.0
63,3,12.820305
63,4,16.4444
63,5,19.593206
63,6,22.23414
63,7,24.372036
63,8,26.042273
63,9,27.301373
64,0,0.0
64,1,4.473902
64,10,28.21708
64,11,28.859442
64,12,29.29398
64,13,29.577375
64,14,29.755508
64,15,29.863392
64,16,29.926325
64,17,29.96167
64,18,29.980776
64,19,29.990711
64,2,8.793531
64,20,29.99568
64,21,29.998066
64,22,29.999168
64,23,29.999657
64,24,29.999865
64,25,29.99995
64,26,29.999985
64,27,29.999996
64,28,30.0
64,29,30.0
64,3,12.820305
64,4,16.4444
64,5,19.593206
64,6,22.234138
64,7,24.37204
64,8,26.04227
64,9,27.301373
65,0,0.0
65,1,4.473902
65,10,28.217081
65,11,28.859442
65,12,29.293983
65,13,29.577374
65,14,29.755508
65,15,29.863394
65,16,29.926327
65,17,29.96167
65,18,29.980776
65,19,29.990711
65,2,8.793531
65,20,29.995678
65,21,29.998066
65,22,29.999168
65,23,29.999657
65,24,29.999865
65,25,29.99995
65,26,29.999985
65,27,29.999996
65,28,30.0
65,29,30.0
65,3,12.820305
65,4,16.4444
65,5,19.593206
65,6,22.23414
65,7,24.372036
65,8,26.042274
65,9,27.301373
66,0,0.0
66,1,4.473902
66,10,28.217081
66,11,28.859442
66,12,29.293982
66,13,29.577375
66,14,29.755508
66,15,29.863392
66,16,29.926327
66,17,29.96167
66,18,29.980776
66,19,29.990711
66,2,8.793531
66,20,29.99568
66,21,29.998066
66,22,29.99917
66,23,29.999657
66,24,29.999865
66,25,29.99995
66,26,29.999985
66,27,29.999996
66,28,30.0
66,29,30.0
66,3,12.820305
66,4,16.4444
66,5,19.593206
66,6,22.234138
66,7,24.37204
66,8,26.04227
66,9,27.301373
67,0,0.0
67,1,4.473902
67,10,28.217081
67,11,28.859442
67,12,29.293983
67,13,29.577375
67,14,29.755508
67,15,29.863394
67,16,29.926327
67,17,29.96167
67,18,29.980776
67,19,29.990711
67,2,8.793531
67,20,29.99568
67,21,29.998068
67,22,29.999168
67,23,29.999659
67,24,29.999865
67,25,29.99995
67,26,29.999985
67,27,29.999996
67,28,30.0
67,29,30.0
67,3,12.820305
67,4,16.4444
67,5,19.593206
67,6,22.23414
67,7,24.372036
67,8,26.042274
67,9,27.301373
68,0,0.0
68,1,4.473902
68,10,28.217081
68,11,28.859442
68,12,29.29398
68,13,29.577375
68,14,29.75551
68,15,29.863392
68,16,29.926327
68,17,29.96167
68,18,29.980776
68,19,29.990711
68,2,8.793531
68,20,29.99568
68,21,29.998066
68,22,29.99917
68,23,29.999657
68,24,29.999866
68,25,29.999952
68,26,29.999985
68,27,29.999996
68,28,30.0
68,29,30.0
68,3,12.820305
68,4,16.4444
68,5,19.593206
68,6,22.234138
68,7,24.37204
68,8,26.04227
68,9,27.301373
69,0,0.0
69,1,4.473902
69,10,28.217081
69,11,28.859442
69,12,29.293983
69,13,29.577375
69,14,29.755508
69,15,29.863394
69,16,29.926327
69,17,29.96167
69,18,29.980778
69,19,29.990711
69,2,8.793531
69,20,29.99568
69,21,29.998068
69,22,29.999168
69,23,29.999659
69,24,29.999866
69,25,29.99995
69,26,29.999985
69,27,29.999996
69,28,30.0
69,29,30.0
69,3,12.820305
69,4,16.4444
69,5,19.593208
69,6,22.23414
69,7,24.372038
69,8,26.042274
69,9,27.301373
7,0,0.0
7,1,3.6260912
7,10,22.908524
7,11,23.434801
7,12,23.791267
7,13,24.02557
7,14,24.174679
7,15,24.268764
7,16,24.330147
7,17,24.3761
7,18,24.421244
7,19,24.478363
7,2,7.127145
7,20,24.56292
7,21,24.691229
7,22,24.88646
7,23,25.173126
7,24,25.582716
7,25,26.14249
7,26,26.876291
7,27,27.78643
7,28,28.848606
7,29,30.0
7,3,10.39305
7,4,13.332367
7,5,15.889664
7,6,18.034498
7,7,19.774345
7,8,21.133617
7,9,22.161137
70,0,0.0
70,1,4.473902
70,10,28.217081
70,11,28.859444
70,12,29.293982
70,13,29.577377
70,14,29.755508
70,15,29.863394
70,16,29.926327
70,17,29.961674
70,18,29.980778
70,19,29.990711
70,2,8.793532
70,20,29.99568
70,21,29.998068
70,22,29.99917
70,23,29.999659
70,24,29.999866
70,25,29.999952
70,26,29.999985
70,27,29.999996
70,28,30.0
70,29,30.0
70,3,12.820306
70,4,16.444403
70,5,19.593208
70,6,22.234142
70,7,24.37204
70,8,26.042273
70,9,27.301373
71,0,0.0
71,1,4.4739027
71,10,28.217087
71,11,28.859447
71,12,29.293987
71,13,29.577381
71,14,29.755516
71,15,29.863396
71,16,29.92633
71,17,29.961678
71,18,29.980782
71,19,29.990717
71,2,8.793533
71,20,29.995686
71,21,29.99807
71,22,29.999174
71,23,29.99966
71,24,29.999866
71,25,29.999952
71,26,29.999985
71,27,29.999996
71,28,30.0
71,29,30.0
71,3,12.820307
71,4,16.444405
71,5,19.59321
71,6,22.234144
71,7,24.372044
71,8,26.042278
71,9,27.301374
72,0,0.0
72,1,4.4739046
72,10,28.217094
72,11,28.859455
72,12,29.293995
72,13,29.57739
72,14,29.755524
72,15,29.863409
72,16,29.92634
72,17,29.961685
72,18,29.980795
72,19,29.990726
72,2,8.793537
72,20,29.995695
72,21,29.998081
72,22,29.99918
72,23,29.999668
72,24,29.999874
72,25,29.999956
72,26,29.999989
72,27,30.0
72,28,30.0
72,29,30.0
72,3,12.8203125
72,4,16.44441
72,5,19.593216
72,6,22.23415
72,7,24.372051
72,8,26.042286
72,9,27.301388
73,0,0.0
73,1,4.47391
73,10,28.217121
73,11,28.859486
73,12,29.294025
73,13,29.57742
73,14,29.755554
73,15,29.863438
73,16,29.92637
73,17,29.961718
73,18,29.98082
73,19,29.990757
73,2,8.793547
73,20,29.995722
73,21,29.998108
73,22,29.999207
73,23,29.999693
73,24,29.999893
73,25,29.999975
73,26,30.000004
73,27,30.000008
73,28,30.000006
73,29,30.0
73,3,12.820326
73,4,16.444427
73,5,19.593239
73,6,22.234173
73,7,24.372076
73,8,26.042313
73,9,27.301413
74,0,0.0
74,1,4.4739237
74,10,28.217197
74,11,28.859562
74,12,29.294102
74,13,29.577496
74,14,29.755629
74,15,29.863514
74,16,29.926447
74,17,29.961792
74,18,29.980898
74,19,29.99083
74,2,8.793573
74,20,29.995796
74,21,29.998178
74,22,29.999273
74,23,29.999756
74,24,29.99995
74,25,30.000023
74,26,30.000038
74,27,30.000034
74,28,30.00002
74,29,30.0
74,3,12.820366
74,4,16.444477
74,5,19.593294
74,6,22.234238
74,7,24.372147
74,8,26.042385
74,9,27.301487
75,0,0.0
75,1,4.4739585
75,10,28.217388
75,11,28.859756
75,12,29.294296
75,13,29.577692
75,14,29.755827
75,15,29.86371
75,16,29.926641
75,17,29.961987
75,18,29.98109
75,19,29.99102
75,2,8.793642
75,20,29.995981
75,21,29.99836
75,22,29.999447
75,23,29.999912
75,24,30.000093
75,25,30.000145
75,26,30.000135
75,27,30.0001
75,28,30.000053
75,29,30.0
75,3,12.820463
75,4,16.4446
75,5,19.59344
75,6,22.234398
75,7,24.372318
75,8,26.042566
75,9,27.301674
76,0,0.0
76,1,4.474043
76,10,28.217857
76,11,28.860231
76,12,29.294777
76,13,29.578175
76,14,29.75631
76,15,29.864195
76,16,29.927124
76,17,29.962467
76,18,29.981565
76,19,29.99149
76,2,8.793807
76,20,29.996443
76,21,29.998802
76,22,29.999866
76,23,30.000301
76,24,30.000443
76,25,30.000439
76,26,30.00037
76,27,30.000263
76,28,30.000135
76,29,30.0
76,3,12.820702
76,4,16.444902
76,5,19.593792
76,6,22.234795
76,7,24.372742
76,8,26.043015
76,9,27.302134
77,0,0.0
77,1,4.4742417
77,10,28.218964
77,11,28.861351
77,12,29.295906
77,13,29.579306
77,14,29.757446
77,15,29.865326
77,16,29.928257
77,17,29.963593
77,18,29.982685
77,19,29.992592
77,2,8.794193
77,20,29.99752
77,21,29.999844
77,22,30.000854
77,23,30.001217
77,24,30.001259
77,25,30.001137
77,26,30.00092
77,27,30.00064
77,28,30.000332
77,29,30.0
77,3,12.82126
77,4,16.44561
77,5,19.594624
77,6,22.23572
77,7,24.373743
77,8,26.04406
77,9,27.303219
78,0,0.0
78,1,4.4746885
78,10,28.221464
78,11,28.86388
78,12,29.298452
78,13,29.581865
78,14,29.760004
78,15,29.86789
78,16,29.930809
78,17,29.966137
78,18,29.985205
78,19,29.995079
78,2,8.79507
78,20,29.99995
78,21,30.002192
78,22,30.003078
78,23,30.003279
78,24,30.0031
78,25,30.0027
78,26,30.002151
78,27,30.001495
78,28,30.000767
78,29,30.0
78,3,12.822521
78,4,16.447206
78,5,19.596495
78,6,22.237812
78,7,24.375992
78,8,26.04643
78,9,27.305664
79,0,0.0
79,1,4.4756613
79,10,28.226873
79,11,28.86936
79,12,29.303972
79,13,29.587406
79,14,29.765556
79,15,29.873434
79,16,29.93635
79,17,29.971643
79,18,29.990671
79,19,30.000462
79,2,8.796965
79,20,30.005215
79,21,30.007269
79,22,30.007904
79,23,30.007732
79,24,30.007088
79,25,30.006086
79,26,30.004826
79,27,30.003342
79,28,30.001713
79,29,30.0
79,3,12.82526
79,4,16.450666
79,5,19.600557
79,6,22.242334
79,7,24.380875
79,8,26.051558
79,9,27.310966
8,0,0.0
8,1,3.8759413
8,10,24.481834
8,11,25.042498
8,12,25.423279
8,13,25.672367
8,14,25.830902
8,15,25.929747
8,16,25.992653
8,17,26.037302
8,18,26.077198
8,19,26.124878
8,2,7.6192737
8,20,26.191578
8,21,26.291796
8,22,26.43996
8,23,26.655584
8,24,26.955984
8,25,27.360096
8,26,27.87687
8,27,28.506004
8,28,29.226536
8,29,30.0
8,3,11.108822
8,4,14.252045
8,5,16.983044
8,6,19.276762
8,7,21.133587
8,8,22.58709
8,9,23.682842
80,0,0.0
80,1,4.4776864
80,10,28.238136
80,11,28.880764
80,12,29.31546
80,13,29.598938
80,14,29.777103
80,15,29.884981
80,16,29.947865
80,17,29.983112
80,18,30.00203
80,19,30.011673
80,2,8.800924
80,20,30.01616
80,21,30.017849
80,22,30.01792
80,23,30.01702
80,24,30.015366
80,25,30.013145
80,26,30.010376
80,27,30.007195
80,28,30.003677
80,29,30.0
80,3,12.830961
80,4,16.457886
80,5,19.609009
80,6,22.251774
80,7,24.39103
80,8,26.062243
80,9,27.321999
81,0,0.0
81,1,4.4817615
81,10,28.260674
81,11,28.903584
81,12,29.33844
81,13,29.622
81,14,29.800201
81,15,29.908066
81,16,29.970903
81,17,30.00603
81,18,30.024765
81,19,30.034065
81,2,8.808863
81,20,30.03807
81,21,30.038973
81,22,30.037987
81,23,30.03555
81,24,30.031973
81,25,30.027233
81,26,30.021519
81,27,30.014883
81,28,30.007626
81,29,30.0
81,3,12.8424225
81,4,16.472351
81,5,19.625977
81,6,22.270662
81,7,24.411388
81,8,26.083616
81,9,27.344086
82,0,0.0
82,1,4.4896345
82,10,28.30405
82,11,28.947477
82,12,29.382643
82,13,29.666363
82,14,29.84462
82,15,29.952469
82,16,30.01519
82,17,30.050121
82,18,30.068462
82,19,30.077171
82,2,8.824246
82,20,30.08017
82,21,30.07967
82,22,30.07654
82,23,30.071306
82,24,30.063877
82,25,30.054451
82,26,30.042942
82,27,30.029757
82,28,30.015213
82,29,30.0
82,3,12.86455
82,4,16.50034
82,5,19.658695
82,6,22.30714
82,7,24.450596
82,8,26.124817
82,9,27.38659
83,0,0.0
83,1,4.5043564
83,10,28.38436
83,11,29.028751
83,12,29.464443
83,13,29.748451
83,14,29.926805
83,15,30.034607
83,16,30.097153
83,17,30.131664
83,18,30.149351
83,19,30.156883
83,2,8.852903
83,20,30.158173
83,21,30.15493
83,22,30.14808
83,23,30.137463
83,24,30.123192
83,25,30.104858
83,26,30.082836
83,27,30.057323
83,28,30.029366
83,29,30.0
83,3,12.905857
83,4,16.55239
83,5,19.719624
83,6,22.374842
83,7,24.523424
83,8,26.20116
83,9,27.46539
84,0,0.0
84,1,4.530848
84,10,28.527605
84,11,29.17356
84,12,29.610191
84,13,29.894644
84,14,30.073164
84,15,30.180891
84,16,30.243073
84,17,30.276936
84,18,30.29336
84,19,30.298992
84,2,8.904583
84,20,30.297075
84,21,30.289305
84,22,30.275566
84,23,30.255823
84,24,30.229038
84,25,30.195261
84,26,30.154137
84,27,30.106865
84,28,30.054684
84,29,30.0
84,3,12.98006
84,4,16.64599
84,5,19.828772
84,6,22.49619
84,7,24.65355
84,8,26.337608
84,9,27.60592
85,0,0.0
85,1,4.5770435
85,10,28.773533
85,11,29.42215
85,12,29.860188
85,13,30.145391
85,14,30.324137
85,15,30.43169
85,16,30.493328
85,17,30.52598
85,18,30.540483
85,19,30.54269
85,2,8.994379
85,20,30.535748
85,21,30.519936
85,22,30.495104
85,23,30.45932
85,24,30.41185
85,25,30.351051
85,26,30.277662
85,27,30.192427
85,28,30.098637
85,29,30.0
85,3,13.109112
85,4,16.808107
85,5,20.01783
85,6,22.705572
85,7,24.878038
85,8,26.572323
85,9,27.847618
86,0,0.0
86,1,4.6547966
86,10,29.180672
86,11,29.833118
86,12,30.2734
86,13,30.55961
86,14,30.738672
86,15,30.845955
86,16,30.9066
86,17,30.93751
86,18,30.94868
86,19,30.945824
86,2,9.1456585
86,20,30.930332
86,21,30.902271
86,22,30.85875
86,23,30.79779
86,24,30.715565
86,25,30.611217
86,26,30.483574
86,27,30.335806
86,28,30.17207
86,29,30.0
86,3,13.325615
86,4,17.079973
86,5,20.33345
86,6,23.054813
86,7,25.251064
86,8,26.962051
86,9,28.247921
87,0,0.0
87,1,4.781885
87,10,29.830015
87,11,30.488235
87,12,30.93141
87,13,31.21907
87,14,31.39845
87,15,31.505194
87,16,31.564466
87,17,31.592455
87,18,31.59901
87,19,31.587906
87,2,9.391996
87,20,31.560175
87,21,31.512386
87,22,31.441164
87,23,31.339748
87,24,31.204323
87,25,31.029692
87,26,30.816645
87,27,30.567402
87,28,30.29127
87,29,30.0
87,3,13.677898
87,4,17.520107
87,5,20.843544
87,6,23.616539
87,7,25.850063
87,8,27.585629
87,9,28.887745
88,0,0.0
88,1,4.9831796
88,10,30.829306
88,11,31.494677
88,12,31.94179
88,13,32.230988
88,14,32.41063
88,15,32.51655
88,16,32.573563
88,17,32.597748
88,18,32.59711
88,19,32.57498
88,2,9.78191
88,20,32.52848
88,21,32.453285
88,22,32.33969
88,23,32.17987
88,24,31.962505
88,25,31.682743
88,26,31.336597
88,27,30.931055
88,28,30.478188
88,29,30.0
88,3,14.232565
88,4,18.211267
88,5,21.639807
88,6,24.490883
88,7,26.777855
88,8,28.549477
88,9,29.873512
89,0,0.0
89,1,5.2939997
89,10,32.311996
89,11,32.986397
89,12,33.43746
89,13,33.7283
89,14,33.907814
89,15,34.012253
89,16,34.066418
89,17,34.084923
89,18,34.075356
89,19,34.037197
89,2,10.38106
89,20,33.966484
89,21,33.851635
89,22,33.680897
89,23,33.435852
89,24,33.10305
89,25,32.66716
89,26,32.125862
89,27,31.483664
89,28,30.76378
89,29,30.0
89,3,15.081988
89,4,19.262215
89,5,22.845127
89,6,25.80563
89,7,28.167866
89,8,29.986671
89,9,31.340137
9,0,0.0
9,1,4.0652213
9,10,25.667866
9,11,26.255638
9,12,26.653532
9,13,26.91425
9,14,27.079262
9,15,27.18155
9,16,27.245178
9,17,27.287819
9,18,27.322952
9,19,27.360846
9,2,7.990263
9,20,27.41195
9,21,27.485514
9,22,27.5937
9,23,27.747208
9,24,27.95937
9,25,28.238598
9,26,28.591309
9,27,29.013033
9,28,29.490963
9,29,30.0
9,3,11.65083
9,4,14.945342
9,5,17.810337
9,6,20.213238
9,7,22.161045
9,8,23.682785
9,9,24.832006
90,0,0.0
90,1,5.761999
90,10,34.43579
90,11,35.118576
90,12,35.57344
90,13,35.86486
90,14,36.043526
90,15,36.14582
90,16,36.195786
90,17,36.207726
90,18,36.185886
90,19,36.12877
90,2,11.280125
90,20,36.02517
90,21,35.861034
90,22,35.612083
90,23,35.255424
90,24,34.761047
90,25,34.109764
90,26,33.28689
90,27,32.302895
90,28,31.187742
90,29,30.0
90,3,16.346407
90,4,20.816511
90,5,24.612015
90,6,27.72145
90,7,30.179434
90,8,32.058304
90,9,33.44523
91,0,0.0
91,1,6.4541464
91,10,37.37065
91,11,38.060062
91,12,38.515705
91,13,38.80609
91,14,38.98237
91,15,39.081207
91,16,39.126385
91,17,39.129726
91,18,39.094765
91,19,39.013695
91,2,12.599237
91,20,38.873165
91,21,38.646587
91,22,38.304214
91,23,37.802597
91,24,37.10228
91,25,36.159622
91,26,34.95391
91,27,33.48597
91,28,31.80474
91,29,30.0
91,3,18.185863
91,4,23.051573
91,5,27.129337
91,6,30.423779
91,7,32.99784
91,8,34.941887
91,9,36.36443
92,0,0.0
92,1,7.4640694
92,10,41.287186
92,11,41.9752
92,12,42.427055
92,13,42.712364
92,14,42.883938
92,15,42.978027
92,16,43.01693
92,17,43.011898
92,18,42.961643
92,19,42.857025
92,2,14.50569
92,20,42.67404
92,21,42.38154
92,22,41.92919
92,23,41.261703
92,24,40.306606
92,25,39.0007
92,26,37.288597
92,27,35.164974
92,28,32.686584
92,29,30.0
92,3,20.805359
92,4,26.190577
92,5,30.61356
92,6,34.123077
92,7,36.817074
92,8,38.82393
92,9,40.27226
93,0,0.0
93,1,8.934639
93,10,46.331345
93,11,47.00592
93,12,47.444134
93,13,47.71893
93,14,47.882156
93,15,47.969368
93,16,48.001926
93,17,47.98775
93,18,47.924915
93,19,47.79656
93,2,17.23438
93,20,47.57629
93,21,47.216312
93,22,46.65678
93,23,45.809372
93,24,44.575974
93,25,42.83893
93,26,40.50242
93,27,37.51418
93,28,33.939846
93,29,30.0
93,3,24.480347
93,4,30.500792
93,5,35.313114
93,6,39.034073
93,7,41.83087
93,8,43.87375
93,9,45.327286
94,0,0.0
94,1,11.099572
94,10,52.60484
94,11,53.24392
94,12,53.655834
94,13,53.91131
94,14,54.061554
94,15,54.139893
94,16,54.165184
94,17,54.1446
94,18,54.071293
94,19,53.92813
94,2,21.144741
94,20,53.677986
94,21,53.268982
94,22,52.616745
94,23,51.61332
94,24,50.106144
94,25,47.920544
94,26,44.862152
94,27,40.793873
94,28,35.730827
94,29,30.0
94,3,29.580551
94,4,36.311295
94,5,41.489277
94,6,45.366676
94,7,48.200165
94,8,50.22648
94,9,51.64057
95,0,0.0
95,1,14.395088
95,10,60.13456
95,11,60.71082
95,12,61.077805
95,13,61.303875
95,14,61.435204
95,15,61.501976
95,16,61.52088
95,17,61.495766
95,18,61.420326
95,19,61.27199
95,2,26.817581
95,20,61.014793
95,21,60.584263
95,22,59.88984
95,23,58.788857
95,24,57.08825
95,25,54.514824
95,26,50.7379
95,27,45.40972
95,28,38.366203
95,29,30.0
95,3,36.629566
95,4,44.008488
95,5,49.40809
95,6,53.286644
95,7,56.032883
95,8,57.94558
95,9,59.256073
96,0,0.0
96,1,19.74238
96,10,68.857376
96,11,69.335266
96,12,69.63747
96,13,69.82173
96,14,69.92793
96,15,69.980865
96,16,69.99348
96,17,69.969055
96,18,69.898865
96,19,69.764015
96,2,35.265354
96,20,69.52549
96,21,69.12444
96,22,68.460495
96,23,67.38469
96,24,65.657036
96,25,62.919437
96,26,58.630585
96,27,52.06536
96,28,42.48649
96,29,30.0
96,3,46.360336
96,4,54.03179
96,5,59.287598
96,6,62.88382
96,7,65.3372
96,8,67.002266
96,9,68.1189
97,0,0.0
97,1,29.383097
97,10,78.60312
97,11,78.94797
97,12,79.1639
97,13,79.29501
97,14,79.3699
97,15,79.40658
97,16,79.41436
97,17,79.39432
97,18,79.34061
97,19,79.235886
97,2,48.288414
97,20,79.05152
97,21,78.735
97,22,78.204704
97,23,77.31942
97,24,75.84794
97,25,73.38166
97,26,69.20001
97,27,62.004715
97,28,49.65408
97,29,30.0
97,3,59.743435
97,4,66.777504
97,5,71.22204
97,6,74.09917
97,7,75.99142
97,8,77.24165
97,9,78.065994
98,0,0.0
98,1,49.557083
98,10,89.10191
98,11,89.28288
98,12,89.39587
98,13,89.46403
98,14,89.50284
98,15,89.521675
98,16,89.525185
98,17,89.514175
98,18,89.48454
98,19,89.42767
98,2,68.875786
98,20,89.3259
98,21,89.15102
98,22,88.85238
98,23,88.34543
98,24,87.47291
98,25,85.93259
98,26,83.06959
98,27,77.298965
98,28,64.2249
98,29,30.0
98,3,77.71824
98,4,82.347084
98,5,85.01686
98,6,86.656975
98,7,87.701126
98,8,88.377884
98,9,88.817604
99,0,0.0
99,1,100.0
99,10,100.0
99,11,100.0
99,12,100.0
99,13,100.0
99,14,100.0
99,15,100.0
99,16,100.0
99,17,100.0
99,18,100.0
99,19,100.0
99,2,100.0
99,20,100.0
99,21,100.0
99,22,100.0
99,23,100.0
99,24,100.0
99,25,100.0
99,26,100.0
99,27,100.0
99,28,100.0
99,29,30.0
99,3,100.0
99,4,100.0
99,5,100.0
99,6,100.0
99,7,100.0
99,8,100.0
99,9,100.0
