0,0,0.0
0,1,0.0
0,10,0.0
0,11,0.0
0,12,0.0
0,13,0.0
0,14,0.0
0,15,30.0
0,2,0.0
0,3,0.0
0,4,0.0
0,5,0.0
0,6,0.0
0,7,0.0
0,8,0.0
0,9,0.0
1,0,0.0
1,1,0.63565207
1,10,5.176402
1,11,5.945473
1,12,7.235726
1,13,9.736498
1,14,15.342255
1,15,30.0
1,2,1.255528
1,3,1.8457319
1,4,2.39595
1,5,2.9009278
1,6,3.361896
1,7,3.788425
1,8,4.2016206
1,9,4.6405716
10,0,0.0
10,1,11.119822
10,10,49.448185
10,11,47.823647
10,12,45.030212
10,13,41.015034
10,14,35.873802
10,15,30.0
10,2,21.194136
10,3,29.671047
10,4,36.440517
10,5,41.62561
10,6,45.421074
10,7,48.006493
10,8,49.508896
10,9,49.990448
11,0,0.0
11,1,14.5436125
11,10,57.063118
11,11,54.924095
11,12,51.284264
11,13,45.885708
11,14,38.636494
11,15,30.0
11,2,27.116035
11,3,37.07259
11,4,44.574265
11,5,50.036392
11,6,53.861313
11,7,56.349606
11,8,57.68431
11,9,57.935123
12,0,0.0
12,1,19.938602
12,10,65.9451
12,11,63.5254
12,12,59.297096
12,13,52.60705
12,14,42.78649
12,15,30.0
12,2,35.65383
12,3,46.929047
12,4,54.74761
12,5,60.084435
12,6,63.638237
12,7,65.846375
12,8,66.943665
12,9,67.002686
13,0,0.0
13,1,29.55698
13,10,76.18924
13,11,73.93535
13,12,69.771675
13,13,62.458946
13,14,49.90242
13,15,30.0
13,2,48.631664
13,3,60.242188
13,4,67.402725
13,5,71.91554
13,6,74.76087
13,7,76.45405
13,8,77.241356
13,9,77.1869
14,0,0.0
14,1,49.65766
14,10,87.68967
14,11,86.25509
14,12,83.39535
14,13,77.55464
14,14,64.36426
14,15,30.0
14,2,69.07366
14,3,78.005356
14,4,82.70556
14,5,85.414185
14,6,87.03567
14,7,87.967636
14,8,88.38083
14,9,88.31434
15,0,0.0
15,1,100.0
15,10,100.0
15,11,100.0
15,12,100.0
15,13,100.0
15,14,100.0
15,15,30.0
15,2,100.0
15,3,100.0
15,4,100.0
15,5,100.0
15,6,100.0
15,7,100.0
15,8,100.0
15,9,100.0
2,0,0.0
2,1,1.2870841
2,10,10.119578
2,11,11.369778
2,12,13.260945
2,13,16.368013
2,14,21.632526
2,15,30.0
2,2,2.5407348
2,3,3.7314599
2,4,4.837154
2,5,5.8458796
2,6,6.7582493
2,7,7.5901995
2,8,8.377503
2,9,9.184281
3,0,0.0
3,1,1.9719561
3,10,14.747883
3,11,16.153141
3,12,18.07028
3,13,20.842102
3,14,24.819841
3,15,30.0
3,2,3.8888829
3,3,5.702238
3,4,7.3753514
3,5,8.8872175
3,6,10.235055
3,7,11.436655
3,8,12.533945
3,9,13.599504
4,0,0.0
4,1,2.7118683
4,10,19.119347
4,11,20.424664
4,12,22.024965
4,13,24.11029
4,14,26.80475
4,15,30.0
4,2,5.340622
4,3,7.813288
4,4,10.074835
4,5,12.092627
4,6,13.858147
4,7,15.387468
4,8,16.722172
4,9,17.931957
5,0,0.0
5,1,3.5349078
5,10,23.372934
5,11,24.401247
5,12,25.49466
5,13,26.769371
5,14,28.288885
5,15,30.0
5,2,6.948473
5,3,10.135497
5,4,13.018116
5,5,15.550362
5,6,17.717495
5,7,19.532967
5,8,21.03537
5,9,22.286871
6,0,0.0
6,1,4.4793053
6,10,27.68434
6,11,28.312778
6,12,28.783106
6,13,29.18368
6,14,29.581436
6,15,30.0
6,2,8.782897
6,3,12.762152
6,4,16.311832
6,5,19.373268
6,6,21.92858
6,7,23.991608
6,8,25.59955
6,9,26.807291
7,0,0.0
7,1,5.599432
7,10,32.244415
7,11,32.382496
7,12,32.141342
7,13,31.600845
7,14,30.853191
7,15,30.0
7,2,10.9416895
7,3,15.818427
7,4,20.093857
7,5,23.702362
7,6,26.632029
7,7,28.905409
7,8,30.564007
7,9,31.658485
8,0,0.0
8,1,6.976752
8,10,37.252434
8,11,36.831497
8,12,35.79898
8,13,34.22519
8,14,32.230515
8,15,30.0
8,2,13.566035
8,3,19.476063
8,4,24.542858
8,5,28.710377
8,6,31.991837
8,7,34.434074
8,8,36.092678
8,9,37.01829
9,0,0.0
9,1,8.741557
9,10,42.915592
9,11,41.892155
9,12,39.997936
9,13,37.270454
9,14,33.843685
9,15,30.0
9,2,16.86967
9,3,23.976984
9,4,29.891205
9,5,34.60452
9,6,38.190952
9,7,40.74646
9,8,42.3544
9,9,43.069668
