0,0,0.0
0,1,0.0
0,10,0.0
0,11,0.0
0,12,0.0
0,13,0.0
0,14,0.0
0,15,30.0
0,2,0.0
0,3,0.0
0,4,0.0
0,5,0.0
0,6,0.0
0,7,0.0
0,8,0.0
0,9,0.0
1,0,0.0
1,1,1.2173357
1,10,6.466803
1,11,6.99032
1,12,8.027107
1,13,10.26709
1,14,15.608956
1,15,30.0
1,2,2.3586042
1,3,3.3658667
1,4,4.196498
1,5,4.8455577
1,6,5.322344
1,7,5.6660967
1,8,5.923261
1,9,6.160142
10,0,0.0
10,1,10.402037
10,10,42.115707
10,11,41.218033
10,12,39.60289
10,13,37.162804
10,14,33.87203
10,15,30.0
10,2,19.676783
10,3,27.214443
10,4,32.917244
10,5,36.959946
10,6,39.65479
10,7,41.306824
10,8,42.17386
10,9,42.425484
11,0,0.0
11,1,13.571024
11,10,49.293373
11,11,47.971516
11,12,45.611084
11,13,41.866997
11,14,36.55608
11,15,30.0
11,2,25.114096
11,3,33.96248
11,4,40.284218
11,5,44.56714
11,6,47.30486
11,7,48.920403
11,8,49.70822
11,9,49.824295
12,0,0.0
12,1,18.92408
12,10,58.78164
12,11,57.152805
12,12,54.107353
12,13,48.94467
12,14,40.889618
12,15,30.0
12,2,33.595448
12,3,43.780758
12,4,50.492416
12,5,54.753635
12,6,57.35378
12,7,58.82093
12,8,59.481308
12,9,59.48282
13,0,0.0
13,1,28.724741
13,10,70.689804
13,11,69.05136
13,12,65.80772
13,13,59.660866
13,14,48.45681
13,15,30.0
13,2,46.95049
13,3,57.697296
13,4,63.99328
13,5,67.68971
13,6,69.82161
13,7,70.97525
13,8,71.45996
13,9,71.38672
14,0,0.0
14,1,49.189404
14,10,84.7001
14,11,83.60716
14,12,81.24556
14,13,76.040665
14,14,63.581028
14,15,30.0
14,2,68.13219
14,3,76.58432
14,4,80.813354
14,5,83.07886
14,6,84.31979
14,7,84.96697
14,8,85.22414
14,9,85.15759
15,0,0.0
15,1,100.0
15,10,100.0
15,11,100.0
15,12,100.0
15,13,100.0
15,14,100.0
15,15,30.0
15,2,100.0
15,3,100.0
15,4,100.0
15,5,100.0
15,6,100.0
15,7,100.0
15,8,100.0
15,9,100.0
2,0,0.0
2,1,2.3631167
2,10,12.403065
2,11,13.208365
2,12,14.643631
2,13,17.29297
2,14,22.095188
2,15,30.0
2,2,4.5826044
2,3,6.533205
2,4,8.150282
2,5,9.402965
2,6,10.329136
2,7,10.985794
2,8,11.470501
2,9,11.894255
3,0,0.0
3,1,3.3866136
3,10,17.486822
3,11,18.324112
3,12,19.685375
3,13,21.909916
3,14,25.35215
3,15,30.0
3,2,6.5606894
3,3,9.358782
3,4,11.663714
3,5,13.458815
3,6,14.76995
3,7,15.698051
3,8,16.35843
3,9,16.89899
4,0,0.0
4,1,4.2582817
4,10,21.624067
4,11,22.3472
4,12,23.409767
4,13,25.00672
4,14,27.243336
4,15,30.0
4,2,8.253822
4,3,11.761156
4,4,14.659906
4,5,16.897827
4,6,18.536722
4,7,19.67397
4,8,20.46179
4,9,21.056154
5,0,0.0
5,1,4.9978895
5,10,24.929832
5,11,25.463905
5,12,26.1762
5,13,27.162476
5,14,28.467878
5,15,30.0
5,2,9.676453
5,3,13.787756
5,4,17.16311
5,5,19.774075
5,6,21.662788
5,7,22.965084
5,8,23.832119
5,9,24.433487
6,0,0.0
6,1,5.6556153
6,10,27.666748
6,11,27.994255
6,12,28.345718
6,13,28.794533
6,14,29.354849
6,15,30.0
6,2,10.9467945
6,3,15.570567
6,4,19.363815
6,5,22.269146
6,6,24.366196
6,7,25.783749
6,8,26.698586
6,9,27.277466
7,0,0.0
7,1,6.3398333
7,10,30.238256
7,11,30.329649
7,12,30.320644
7,13,30.241577
7,14,30.130093
7,15,30.0
7,2,12.244739
7,3,17.383783
7,4,21.555717
7,5,24.735737
7,6,26.997137
7,7,28.506784
7,8,29.44174
7,9,29.972279
8,0,0.0
8,1,7.197049
8,10,33.12837
8,11,32.955704
8,12,32.52191
8,13,31.857262
8,14,30.98731
8,15,30.0
8,2,13.860426
8,3,19.585049
8,4,24.181774
8,5,27.625847
8,6,30.046585
8,7,31.623306
8,8,32.558266
8,9,33.021725
9,0,0.0
9,1,8.448275
9,10,36.902397
9,11,36.392372
9,12,35.442513
9,13,34.011597
9,14,32.147507
9,15,30.0
9,2,16.163857
9,3,22.667368
9,4,27.761925
9,5,31.504799
9,6,34.070435
9,7,35.700886
9,8,36.615715
9,9,36.98171
