0,0,0.0
0,1,0.0
0,10,0.0
0,11,0.0
0,12,0.0
0,13,0.0
0,14,0.0
0,15,30.0
0,2,0.0
0,3,0.0
0,4,0.0
0,5,0.0
0,6,0.0
0,7,0.0
0,8,0.0
0,9,0.0
1,0,0.0
1,1,0.6278736
1,10,5.138302
1,11,5.912219
1,12,7.2090616
1,13,9.7178545
1,14,15.332667
1,15,30.0
1,2,1.2401891
1,3,1.8232979
1,4,2.367116
1,5,2.8666809
1,6,3.323472
1,7,3.7473445
1,8,4.1596127
1,9,4.599537
10,0,0.0
10,1,11.068444
10,10,49.210457
10,11,47.617344
10,12,44.865498
10,13,40.900288
10,14,35.814888
10,15,30.0
10,2,21.093151
10,3,29.52395
10,4,36.252632
10,5,41.403923
10,6,45.174267
10,7,47.74462
10,8,49.24318
10,9,49.732754
11,0,0.0
11,1,14.497665
11,10,56.851364
11,11,54.74038
11,12,51.137672
11,13,45.783577
11,14,38.584087
11,15,30.0
11,2,27.025723
11,3,36.94111
11,4,44.40636
11,5,49.838406
11,6,53.640984
11,7,56.115982
11,8,57.44738
11,9,57.705456
12,0,0.0
12,1,19.90104
12,10,65.77252
12,11,63.375748
12,12,59.17768
12,13,52.5239
12,14,42.74381
12,15,30.0
12,2,35.580017
12,3,46.821594
12,4,54.61046
12,5,59.922752
12,6,63.458397
12,7,65.65576
12,8,66.75043
12,9,66.81546
13,0,0.0
13,1,29.530357
13,10,76.06721
13,11,73.82952
13,12,69.68727
13,13,62.40016
13,14,49.87226
13,15,30.0
13,2,48.579353
13,3,60.166058
13,4,67.30555
13,5,71.80104
13,6,74.63354
13,7,76.31912
13,8,77.10463
13,9,77.05444
14,0,0.0
14,1,49.643852
14,10,87.62645
14,11,86.20029
14,12,83.35163
14,13,77.52421
14,14,64.34865
14,15,30.0
14,2,69.04654
14,3,77.96587
14,4,82.65518
14,5,85.35483
14,6,86.969666
14,7,87.897705
14,8,88.30998
14,9,88.24573
15,0,0.0
15,1,100.0
15,10,100.0
15,11,100.0
15,12,100.0
15,13,100.0
15,14,100.0
15,15,30.0
15,2,100.0
15,3,100.0
15,4,100.0
15,5,100.0
15,6,100.0
15,7,100.0
15,8,100.0
15,9,100.0
2,0,0.0
2,1,1.271473
2,10,10.043421
2,11,11.303337
2,12,13.207675
2,13,16.33079
2,14,21.613377
2,15,30.0
2,2,2.5099757
2,3,3.68646
2,4,4.7793684
2,5,5.7772493
2,6,6.681311
2,7,7.507966
2,8,8.293467
2,9,9.102224
3,0,0.0
3,1,1.9484932
3,10,14.634037
3,11,16.053867
3,12,17.990736
3,13,20.786516
3,14,24.791265
3,15,30.0
3,2,3.8426383
3,3,5.634653
3,4,7.2885733
3,5,8.7842655
3,6,10.119693
3,7,11.313475
3,8,12.408144
3,9,13.476761
4,0,0.0
4,1,2.6806555
4,10,18.96899
4,11,20.293653
4,12,21.92003
4,13,24.037014
4,14,26.767075
4,15,30.0
4,2,5.279158
4,3,7.723466
4,4,9.959639
4,5,11.956028
4,6,13.705268
4,7,15.224354
4,8,16.55576
4,9,17.769728
5,0,0.0
5,1,3.496374
5,10,23.18869
5,11,24.240808
5,12,25.366257
5,13,26.679722
5,14,28.242817
5,15,30.0
5,2,6.8725843
5,3,10.024711
5,4,12.876094
5,5,15.382162
5,6,17.529392
5,7,19.332516
5,8,20.831059
5,9,22.08789
6,0,0.0
6,1,4.4342866
6,10,27.470781
6,11,28.126987
6,12,28.634468
6,13,29.079977
6,14,29.528145
6,15,30.0
6,2,8.694309
6,3,12.632856
6,4,16.14627
6,5,19.177319
6,6,21.709717
6,7,23.758587
6,8,25.362307
6,9,26.576466
7,0,0.0
7,1,5.549352
7,10,32.008564
7,11,32.177418
7,12,31.977413
7,13,31.486486
7,14,30.794462
7,15,30.0
7,2,10.84314
7,3,15.674726
7,4,19.90993
7,5,23.484928
7,6,26.389357
7,7,28.647333
7,8,30.301506
7,9,31.403313
8,0,0.0
8,1,6.923581
8,10,37.003723
8,11,36.61543
8,12,35.626312
8,13,34.104824
8,14,32.16869
8,15,30.0
8,2,13.461473
8,3,19.32363
8,4,24.347942
8,5,28.480085
8,6,31.735085
8,7,34.16125
8,8,35.81543
8,9,36.74904
9,0,0.0
9,1,8.687835
9,10,42.66576
9,11,41.675198
9,12,39.824688
9,13,37.14969
9,14,33.781693
9,15,30.0
9,2,16.764023
9,3,23.82308
9,4,29.69448
9,5,34.3723
9,6,37.93222
9,7,40.47177
9,8,42.07549
9,9,42.798977
