0,0,0.0
0,1,0.0
0,10,0.0
0,11,0.0
0,12,0.0
0,13,0.0
0,14,0.0
0,15,30.0
0,2,0.0
0,3,0.0
0,4,0.0
0,5,0.0
0,6,0.0
0,7,0.0
0,8,0.0
0,9,0.0
1,0,0.0
1,1,0.6356915
1,10,5.176566
1,11,5.9456134
1,12,7.235837
1,13,9.736573
1,14,15.342293
1,15,30.0
1,2,1.2556052
1,3,1.8458434
1,4,2.3960915
1,5,2.901092
1,6,3.3620768
1,7,3.7886128
1,8,4.201809
1,9,4.640752
10,0,0.0
10,1,11.119986
10,10,49.44886
10,11,47.824226
10,12,45.03067
10,13,41.01535
10,14,35.873962
10,15,30.0
10,2,21.194456
10,3,29.671509
10,4,36.4411
10,5,41.62629
10,6,45.421818
10,7,48.007263
10,8,49.509666
10,9,49.991188
11,0,0.0
11,1,14.543753
11,10,57.063683
11,11,54.924587
11,12,51.284657
11,13,45.88598
11,14,38.636635
11,15,30.0
11,2,27.11631
11,3,37.072983
11,4,44.574764
11,5,50.036972
11,6,53.861946
11,7,56.350266
11,8,57.684967
11,9,57.935753
12,0,0.0
12,1,19.938713
12,10,65.94555
12,11,63.525787
12,12,59.297394
12,13,52.60726
12,14,42.7866
12,15,30.0
12,2,35.654045
12,3,46.929356
12,4,54.747997
12,5,60.08489
12,6,63.638733
12,7,65.84689
12,8,66.94418
12,9,67.00318
13,0,0.0
13,1,29.557053
13,10,76.18955
13,11,73.93561
13,12,69.77188
13,13,62.459084
13,14,49.902493
13,15,30.0
13,2,48.63181
13,3,60.2424
13,4,67.402985
13,5,71.91585
13,6,74.7612
13,7,76.4544
13,8,77.24171
13,9,77.18724
14,0,0.0
14,1,49.657696
14,10,87.68982
14,11,86.25522
14,12,83.39545
14,13,77.5547
14,14,64.364296
14,15,30.0
14,2,69.07374
14,3,78.005455
14,4,82.705696
14,5,85.41434
14,6,87.035835
14,7,87.96781
14,8,88.381004
14,9,88.314514
15,0,0.0
15,1,100.0
15,10,100.0
15,11,100.0
15,12,100.0
15,13,100.0
15,14,100.0
15,15,30.0
15,2,100.0
15,3,100.0
15,4,100.0
15,5,100.0
15,6,100.0
15,7,100.0
15,8,100.0
15,9,100.0
2,0,0.0
2,1,1.2871614
2,10,10.1199
2,11,11.370053
2,12,13.261162
2,13,16.368162
2,14,21.6326
2,15,30.0
2,2,2.5408862
2,3,3.7316782
2,4,4.83743
2,5,5.846201
2,6,6.758602
2,7,7.5905685
2,8,8.3778715
2,9,9.184634
3,0,0.0
3,1,1.9720677
3,10,14.748345
3,11,16.15354
3,12,18.070595
3,13,20.842318
3,14,24.81995
3,15,30.0
3,2,3.8891013
3,3,5.7025537
3,4,7.3757505
3,5,8.887682
3,6,10.235564
3,7,11.437188
3,8,12.534479
3,9,13.600014
4,0,0.0
4,1,2.7120094
4,10,19.119932
4,11,20.425165
4,12,22.025362
4,13,24.110565
4,14,26.80489
4,15,30.0
4,2,5.3408976
4,3,7.8136873
4,4,10.075338
4,5,12.093212
4,6,13.858791
4,7,15.388143
4,8,16.722843
4,9,17.932602
5,0,0.0
5,1,3.5350718
5,10,23.373615
5,11,24.401833
5,12,25.495125
5,13,26.769691
5,14,28.28905
5,15,30.0
5,2,6.9487953
5,3,10.135962
5,4,13.018703
5,5,15.551044
5,6,17.718246
5,7,19.533752
5,8,21.036154
5,9,22.28762
6,0,0.0
6,1,4.479485
6,10,27.685087
6,11,28.313423
6,12,28.783613
6,13,29.184032
6,14,29.581615
6,15,30.0
6,2,8.78325
6,3,12.762661
6,4,16.312477
6,5,19.374016
6,6,21.929403
6,7,23.992466
6,8,25.600409
6,9,26.808113
7,0,0.0
7,1,5.599621
7,10,32.2452
7,11,32.383167
7,12,32.141876
7,13,31.601212
7,14,30.853382
7,15,30.0
7,2,10.942058
7,3,15.81896
7,4,20.094528
7,5,23.703148
7,6,26.632887
7,7,28.906307
7,8,30.564903
7,9,31.659342
8,0,0.0
8,1,6.976939
8,10,37.253212
8,11,36.83217
8,12,35.79951
8,13,34.225555
8,14,32.230698
8,15,30.0
8,2,13.566403
8,3,19.476595
8,4,24.543533
8,5,28.71116
8,6,31.992699
8,7,34.43497
8,8,36.09357
8,9,37.01915
9,0,0.0
9,1,8.741736
9,10,42.916336
9,11,41.89279
9,12,39.998444
9,13,37.270805
9,14,33.843864
9,15,30.0
9,2,16.870022
9,3,23.977493
9,4,29.89185
9,5,34.605267
9,6,38.191772
9,7,40.747314
9,8,42.35526
9,9,43.070484
