0,0,0.0
0,1,0.0
0,10,0.0
0,11,0.0
0,12,0.0
0,13,0.0
0,14,0.0
0,15,30.0
0,2,0.0
0,3,0.0
0,4,0.0
0,5,0.0
0,6,0.0
0,7,0.0
0,8,0.0
0,9,0.0
1,0,0.0
1,1,0.6311811
1,10,5.1571307
1,11,5.9288726
1,12,7.2225537
1,13,9.727361
1,14,15.337578
1,15,30.0
1,2,1.2467687
1,3,1.8330414
1,4,2.379854
1,5,2.8820944
1,6,3.341123
1,7,3.766598
1,8,4.1796894
1,9,4.6195
10,0,0.0
10,1,11.099037
10,10,49.3589
10,11,47.746765
10,12,44.969227
10,13,40.972748
10,14,35.852158
10,15,30.0
10,2,21.153416
10,3,29.612072
10,4,36.365734
10,5,41.538155
10,6,45.324642
10,7,47.905228
10,8,49.40719
10,9,49.89278
11,0,0.0
11,1,14.525562
11,10,56.985607
11,11,54.85736
11,12,51.23133
11,13,45.849003
11,14,38.617706
11,15,30.0
11,2,27.08068
11,3,37.02138
11,4,44.50934
11,5,49.960457
11,6,53.777596
11,7,56.26169
11,8,57.59602
11,9,57.85034
12,0,0.0
12,1,19.924189
12,10,65.883224
12,11,63.472115
12,12,59.25483
12,13,52.57775
12,14,42.771492
12,15,30.0
12,2,35.625595
12,3,46.888153
12,4,54.695755
12,5,60.023796
12,6,63.57138
12,7,65.77618
12,8,66.87317
12,9,66.93499
13,0,0.0
13,1,29.546934
13,10,76.14612
13,11,73.898224
13,12,69.74223
13,13,62.438526
13,14,49.89197
13,15,30.0
13,2,48.61198
13,3,60.21369
13,4,67.36658
13,5,71.87329
13,6,74.71428
13,7,76.40512
13,8,77.19222
13,9,77.139725
14,0,0.0
14,1,49.652504
14,10,87.66753
14,11,86.23602
14,12,83.38023
14,13,77.54416
14,14,64.3589
14,15,30.0
14,2,69.06356
14,3,77.990715
14,4,82.68701
14,5,85.392494
14,6,87.01175
14,7,87.94252
14,8,88.355606
14,9,88.29012
15,0,0.0
15,1,100.0
15,10,100.0
15,11,100.0
15,12,100.0
15,13,100.0
15,14,100.0
15,15,30.0
15,2,100.0
15,3,100.0
15,4,100.0
15,5,100.0
15,6,100.0
15,7,100.0
15,8,100.0
15,9,100.0
2,0,0.0
2,1,1.2782936
2,10,10.081693
2,11,11.337143
2,12,13.235052
2,13,16.350054
2,14,21.623333
2,15,30.0
2,2,2.5235114
2,3,3.7065103
2,4,4.8055043
2,5,5.808854
2,6,6.717406
2,7,7.54729
2,8,8.334385
2,9,9.142857
3,0,0.0
3,1,1.9591482
3,10,14.692699
3,11,16.10561
3,12,18.032566
3,13,20.815945
3,14,24.806452
3,15,30.0
3,2,3.863791
3,3,5.665887
3,4,7.3292456
3,5,8.833275
3,6,10.175559
3,7,11.3741455
3,8,12.47114
3,9,13.539164
4,0,0.0
4,1,2.6955004
4,10,19.048847
4,11,20.363937
4,12,21.976788
4,13,24.076876
4,14,26.787647
4,15,30.0
4,2,5.308552
4,3,7.766835
4,4,10.01591
4,5,12.023698
4,6,13.782117
4,7,15.307599
4,8,16.641922
4,9,17.854866
5,0,0.0
5,1,3.515585
5,10,23.289747
5,11,24.329596
5,12,25.437817
5,13,26.729948
5,14,28.268703
5,15,30.0
5,2,6.910619
5,3,10.080659
5,4,12.948569
5,5,15.468999
5,6,17.627766
5,7,19.438702
5,8,20.94067
5,9,22.1959
6,0,0.0
6,1,4.457779
6,10,27.591705
6,11,28.232998
6,12,28.71981
6,13,29.139786
6,14,29.558968
6,15,30.0
6,2,8.740722
6,3,12.701065
6,4,16.234356
6,5,19.28264
6,6,21.82863
6,7,23.88662
6,8,25.49408
6,9,26.70598
7,0,0.0
7,1,5.576577
7,10,32.14612
7,11,32.29784
7,12,32.074184
7,13,31.55427
7,14,30.829353
7,15,30.0
7,2,10.896917
7,3,15.753574
7,4,20.01161
7,5,23.60616
7,6,26.52594
7,7,28.793976
7,8,30.452076
7,9,31.550972
8,0,0.0
8,1,6.9535465
8,10,37.152668
8,11,36.745586
8,12,35.73083
8,13,34.177925
8,14,32.20632
8,15,30.0
8,2,13.520573
8,3,19.41022
8,4,24.459356
8,5,28.612713
8,6,31.88414
8,7,34.320965
8,8,35.979057
8,9,36.909176
9,0,0.0
9,1,8.719036
9,10,42.818817
9,11,41.808823
9,12,39.931835
9,13,37.224617
9,14,33.820225
9,15,30.0
9,2,16.825554
9,3,23.913084
9,4,29.810179
9,5,34.50975
9,6,38.086464
9,7,40.63672
9,8,42.244186
9,9,42.96381
