0,0,0.0
0,1,0.0
0,10,0.0
0,11,0.0
0,12,0.0
0,13,0.0
0,14,0.0
0,15,0.0
0,16,0.0
0,17,0.0
0,18,0.0
0,19,0.0
0,2,0.0
0,20,0.0
0,21,0.0
0,22,0.0
0,23,0.0
0,24,0.0
0,25,0.0
0,26,0.0
0,27,0.0
0,28,0.0
0,29,30.0
0,3,0.0
0,4,0.0
0,5,0.0
0,6,0.0
0,7,0.0
0,8,0.0
0,9,0.0
1,0,0.0
1,1,0.8213974
1,10,4.7961836
1,11,4.8715687
1,12,4.918412
1,13,4.9460115
1,14,4.9619517
1,15,4.9711714
1,16,4.977395
1,17,4.983594
1,18,4.992693
1,19,5.0091343
1,2,1.6085701
1,20,5.0393014
1,21,5.0952377
1,22,5.196313
1,23,5.37908
1,24,5.708526
1,25,6.3156633
1,26,7.4799085
1,27,9.883351
1,28,15.410698
1,29,30.0
1,3,2.330145
1,4,2.9651308
1,5,3.498519
1,6,3.9293323
1,7,4.260728
1,8,4.5062065
1,9,4.678954
10,0,0.0
10,1,4.7961674
10,10,27.905066
10,11,28.337185
10,12,28.602554
10,13,28.758518
10,14,28.845936
10,15,28.893034
10,16,28.91782
10,17,28.931442
10,18,28.941006
10,19,28.950966
10,2,9.388243
10,20,28.965696
10,21,28.988712
10,22,29.025597
10,23,29.080854
10,24,29.161436
10,25,29.271069
10,26,29.413847
10,27,29.587452
10,28,29.78674
10,29,30.0
10,3,13.59924
10,4,17.294605
10,5,20.401056
10,6,22.898396
10,7,24.821589
10,8,26.23677
10,9,27.234114
11,0,0.0
11,1,4.871522
11,10,28.337168
11,11,28.77502
11,12,29.044254
11,13,29.202127
11,14,29.29066
11,15,29.338123
11,16,29.362757
11,17,29.375723
11,18,29.383583
11,19,29.390701
11,2,9.536354
11,20,29.399818
11,21,29.414108
11,22,29.435955
11,23,29.46927
11,24,29.51647
11,25,29.581142
11,26,29.663696
11,27,29.764114
11,28,29.878113
11,29,30.0
11,3,13.8124485
11,4,17.566402
11,5,20.719723
11,6,23.256376
11,7,25.20765
11,8,26.644764
11,9,27.65607
12,0,0.0
12,1,4.9182944
12,10,28.602495
12,11,29.044228
12,12,29.315475
12,13,29.47465
12,14,29.563744
12,15,29.61143
12,16,29.635963
12,17,29.648396
12,18,29.655277
12,19,29.660286
12,2,9.627299
12,20,29.666061
12,21,29.674225
12,22,29.686945
12,23,29.705593
12,24,29.732485
12,25,29.768425
12,26,29.814651
12,27,29.870026
12,28,29.933014
12,29,30.0
12,3,13.944624
12,4,17.733295
12,5,20.916857
12,6,23.476187
12,7,25.445889
12,8,26.89529
12,9,27.9159
13,0,0.0
13,1,4.945712
13,10,28.758366
13,11,29.202038
13,12,29.47461
13,13,29.634407
13,14,29.723866
13,15,29.771654
13,16,29.796093
13,17,29.80825
13,18,29.814428
13,19,29.81829
13,2,9.681222
13,20,29.821793
13,21,29.826508
13,22,29.833324
13,23,29.843573
13,24,29.85786
13,25,29.877285
13,26,29.90176
13,27,29.931305
13,28,29.964561
13,29,30.0
13,3,14.022104
13,4,17.832058
13,5,21.032413
13,6,23.605925
13,7,25.585545
13,8,27.042767
13,9,28.068213
14,0,0.0
14,1,4.9612494
14,10,28.845547
14,11,29.29044
14,12,29.563618
14,13,29.723816
14,14,29.81343
14,15,29.861275
14,16,29.88567
14,17,29.897629
14,18,29.903461
14,19,29.906563
14,2,9.711382
14,20,29.908895
14,21,29.911446
14,22,29.915106
14,23,29.920303
14,24,29.927742
14,25,29.937572
14,26,29.95016
14,27,29.965103
14,28,29.982046
14,29,30.0
14,3,14.065946
14,4,17.887295
14,5,21.097631
14,6,23.678486
14,7,25.664124
14,8,27.125248
14,9,28.153688
15,0,0.0
15,1,4.9695354
15,10,28.892159
15,11,29.337585
15,12,29.611137
15,13,29.771496
15,14,29.861214
15,15,29.909079
15,16,29.933441
15,17,29.945312
15,18,29.95092
15,19,29.953669
15,2,9.727688
15,20,29.955278
15,21,29.956764
15,22,29.95858
15,23,29.961205
15,24,29.96479
15,25,29.969654
15,26,29.975735
15,27,29.983059
15,28,29.991264
15,29,30.0
15,3,14.089325
15,4,17.917091
15,5,21.13241
15,6,23.7175
15,7,25.706028
15,8,27.169456
15,9,28.199274
16,0,0.0
16,1,4.973813
16,10,28.915846
16,11,29.361586
16,12,29.635284
16,13,29.795746
16,14,29.885496
16,15,29.933374
16,16,29.957726
16,17,29.96954
16,18,29.975054
16,19,29.977585
16,2,9.735972
16,20,29.978878
16,21,29.979748
16,22,29.980701
16,23,29.981918
16,24,29.983631
16,25,29.985867
16,26,29.98873
16,27,29.992111
16,28,29.995945
16,29,30.0
16,3,14.101372
16,4,17.93223
16,5,21.150272
16,6,23.737324
16,7,25.727472
16,8,27.191921
16,9,28.222528
17,0,0.0
17,1,4.9758816
17,10,28.927338
17,11,29.373198
17,12,29.646984
17,13,29.807476
17,14,29.89725
17,15,29.945131
17,16,29.969473
17,17,29.981268
17,18,29.986723
17,19,29.989172
17,2,9.740048
17,20,29.99028
17,21,29.990898
17,22,29.991379
17,23,29.991966
17,24,29.992718
17,25,29.993732
17,26,29.994987
17,27,29.996502
17,28,29.998196
17,29,30.0
17,3,14.107199
17,4,17.939655
17,5,21.158915
17,6,23.74701
17,7,25.737846
17,8,27.202854
17,9,28.233782
18,0,0.0
18,1,4.9768524
18,10,28.93263
18,11,29.378555
18,12,29.652367
18,13,29.812881
18,14,29.90266
18,15,29.950544
18,16,29.974884
18,17,29.986664
18,18,29.992104
18,19,29.9945
18,2,9.741923
18,20,29.995544
18,21,29.996017
18,22,29.996315
18,23,29.996582
18,24,29.996918
18,25,29.997337
18,26,29.99788
18,27,29.998514
18,28,29.999237
18,29,30.0
18,3,14.109927
18,4,17.94307
18,5,21.162943
18,6,23.751465
18,7,25.742664
18,8,27.207882
18,9,28.238983
19,0,0.0
19,1,4.977277
19,10,28.934952
19,11,29.380898
19,12,29.654726
19,13,29.815247
19,14,29.90503
19,15,29.952915
19,16,29.97725
19,17,29.989029
19,18,29.994452
19,19,29.99684
19,2,9.74276
19,20,29.99784
19,21,29.998268
19,22,29.998466
19,23,29.998611
19,24,29.998749
19,25,29.99893
19,26,29.99914
19,27,29.999403
19,28,29.999691
19,29,30.0
19,3,14.111118
19,4,17.94459
19,5,21.164703
19,6,23.753437
19,7,25.744768
19,8,27.2101
19,9,28.241257
2,0,0.0
2,1,1.6085699
2,10,9.388273
2,11,9.536436
2,12,9.62752
2,13,9.681757
2,14,9.712685
2,15,9.730637
2,16,9.742566
2,17,9.753994
2,18,9.770838
2,19,9.800223
2,2,3.1486902
2,20,9.854807
2,21,9.953542
2,22,10.13144
2,23,10.444267
2,24,10.992671
2,25,11.94804
2,26,13.623309
2,27,16.574345
2,28,21.72522
2,29,30.0
2,3,4.562977
2,4,5.8040857
2,5,6.8503466
2,6,7.6914587
2,7,8.341975
2,8,8.820661
2,9,9.159985
20,0,0.0
20,1,4.977456
20,10,28.935915
20,11,29.381872
20,12,29.655704
20,13,29.816229
20,14,29.906015
20,15,29.953897
20,16,29.978235
20,17,29.99001
20,18,29.995434
20,19,29.997807
20,2,9.743106
20,20,29.9988
20,21,29.999199
20,22,29.999369
20,23,29.99945
20,24,29.99952
20,25,29.999584
20,26,29.999672
20,27,29.999771
20,28,29.999884
20,29,30.0
20,3,14.111623
20,4,17.945219
20,5,21.165447
20,6,23.754255
20,7,25.745651
20,8,27.211018
20,9,28.242208
21,0,0.0
21,1,4.9775276
21,10,28.936296
21,11,29.382256
21,12,29.656092
21,13,29.816616
21,14,29.9064
21,15,29.954287
21,16,29.978622
21,17,29.990396
21,18,29.99582
21,19,29.998192
21,2,9.743246
21,20,29.999176
21,21,29.99957
21,22,29.999722
21,23,29.999788
21,24,29.99982
21,25,29.999851
21,26,29.999878
21,27,29.999916
21,28,29.999958
21,29,30.0
21,3,14.111822
21,4,17.945473
21,5,21.16574
21,6,23.754581
21,7,25.745998
21,8,27.211386
21,9,28.24258
22,0,0.0
22,1,4.9775543
22,10,28.93644
22,11,29.3824
22,12,29.656237
22,13,29.816761
22,14,29.906546
22,15,29.95443
22,16,29.978765
22,17,29.990543
22,18,29.995962
22,19,29.998333
22,2,9.743299
22,20,29.99932
22,21,29.999706
22,22,29.999859
22,23,29.999912
22,24,29.999937
22,25,29.999947
22,26,29.999958
22,27,29.999973
22,28,29.999985
22,29,30.0
22,3,14.1118965
22,4,17.945566
22,5,21.16585
22,6,23.754704
22,7,25.74613
22,8,27.211521
22,9,28.242723
23,0,0.0
23,1,4.977564
23,10,28.93649
23,11,29.38245
23,12,29.656286
23,13,29.81681
23,14,29.906597
23,15,29.954481
23,16,29.978817
23,17,29.990591
23,18,29.996014
23,19,29.998384
23,2,9.743317
23,20,29.99937
23,21,29.999756
23,22,29.9999
23,23,29.999958
23,24,29.999973
23,25,29.999983
23,26,29.999989
23,27,29.99999
23,28,29.999996
23,29,30.0
23,3,14.111925
23,4,17.9456
23,5,21.16589
23,6,23.754745
23,7,25.746178
23,8,27.211567
23,9,28.242771
24,0,0.0
24,1,4.9775667
24,10,28.936504
24,11,29.382465
24,12,29.656303
24,13,29.816828
24,14,29.906614
24,15,29.954498
24,16,29.978834
24,17,29.990608
24,18,29.99603
24,19,29.9984
24,2,9.743324
24,20,29.999386
24,21,29.999775
24,22,29.999918
24,23,29.99997
24,24,29.999989
24,25,29.999996
24,26,29.999998
24,27,29.999998
24,28,30.0
24,29,30.0
24,3,14.111933
24,4,17.945612
24,5,21.165901
24,6,23.75476
24,7,25.746191
24,8,27.211586
24,9,28.242786
25,0,0.0
25,1,4.977569
25,10,28.93651
25,11,29.382471
25,12,29.656307
25,13,29.816833
25,14,29.90662
25,15,29.954506
25,16,29.97884
25,17,29.990616
25,18,29.996035
25,19,29.998407
25,2,9.743324
25,20,29.99939
25,21,29.999777
25,22,29.999924
25,23,29.999975
25,24,29.999992
25,25,30.0
25,26,30.0
25,27,30.0
25,28,30.0
25,29,30.0
25,3,14.111937
25,4,17.945614
25,5,21.165905
25,6,23.754765
25,7,25.746197
25,8,27.21159
25,9,28.242794
26,0,0.0
26,1,4.9775686
26,10,28.936512
26,11,29.382473
26,12,29.65631
26,13,29.816833
26,14,29.90662
26,15,29.954506
26,16,29.97884
26,17,29.990616
26,18,29.996037
26,19,29.998405
26,2,9.743327
26,20,29.999393
26,21,29.999779
26,22,29.999924
26,23,29.999977
26,24,29.999994
26,25,30.0
26,26,30.0
26,27,30.0
26,28,30.0
26,29,30.0
26,3,14.111936
26,4,17.945616
26,5,21.165905
26,6,23.754766
26,7,25.746199
26,8,27.211592
26,9,28.242794
27,0,0.0
27,1,4.9775696
27,10,28.936512
27,11,29.382473
27,12,29.656311
27,13,29.816835
27,14,29.90662
27,15,29.954506
27,16,29.97884
27,17,29.990616
27,18,29.996037
27,19,29.99841
27,2,9.743326
27,20,29.99939
27,21,29.999779
27,22,29.999924
27,23,29.999977
27,24,29.999994
27,25,30.0
27,26,30.0
27,27,30.0
27,28,30.0
27,29,30.0
27,3,14.111938
27,4,17.945616
27,5,21.165907
27,6,23.754768
27,7,25.7462
27,8,27.211592
27,9,28.242794
28,0,0.0
28,1,4.977569
28,10,28.936512
28,11,29.382475
28,12,29.656311
28,13,29.816835
28,14,29.90662
28,15,29.954506
28,16,29.97884
28,17,29.990616
28,18,29.996037
28,19,29.998405
28,2,9.743327
28,20,29.999393
28,21,29.999779
28,22,29.999924
28,23,29.999977
28,24,29.999994
28,25,30.0
28,26,30.0
28,27,30.0
28,28,30.0
28,29,30.0
28,3,14.111938
28,4,17.945618
28,5,21.165909
28,6,23.754768
28,7,25.7462
28,8,27.211594
28,9,28.242794
29,0,0.0
29,1,4.977569
29,10,28.936512
29,11,29.382473
29,12,29.656311
29,13,29.816833
29,14,29.90662
29,15,29.954502
29,16,29.97884
29,17,29.990614
29,18,29.996037
29,19,29.998407
29,2,9.743327
29,20,29.99939
29,21,29.99978
29,22,29.999924
29,23,29.999977
29,24,29.999994
29,25,30.0
29,26,30.0
29,27,30.0
29,28,30.0
29,29,30.0
29,3,14.1119375
29,4,17.945618
29,5,21.165909
29,6,23.754768
29,7,25.7462
29,8,27.211592
29,9,28.242796
3,0,0.0
3,1,2.330145
3,10,13.5992775
3,11,13.812557
3,12,13.9449005
3,13,14.02281
3,14,14.067598
3,15,14.093176
3,16,14.109777
3,17,14.1252365
3,18,14.146739
3,19,14.184574
3,2,4.562977
3,20,14.252546
3,21,14.375838
3,22,14.591497
3,23,14.964161
3,24,15.590523
3,25,16.627827
3,26,18.304869
3,27,20.939667
3,28,24.850235
3,29,30.0
3,3,6.6097393
3,4,8.410345
3,5,9.922855
3,6,11.143873
3,7,12.08312
3,8,12.77835
3,9,13.267594
30,0,0.0
30,1,4.9775696
30,10,28.936512
30,11,29.382475
30,12,29.656311
30,13,29.816833
30,14,29.90662
30,15,29.954506
30,16,29.97884
30,17,29.990616
30,18,29.996033
30,19,29.998407
30,2,9.743326
30,20,29.99939
30,21,29.999779
30,22,29.999924
30,23,29.999977
30,24,29.999994
30,25,30.0
30,26,30.0
30,27,30.0
30,28,30.0
30,29,30.0
30,3,14.111938
30,4,17.945616
30,5,21.165909
30,6,23.754768
30,7,25.746202
30,8,27.211596
30,9,28.242796
31,0,0.0
31,1,4.9775686
31,10,28.936512
31,11,29.382473
31,12,29.656311
31,13,29.816833
31,14,29.90662
31,15,29.954504
31,16,29.97884
31,17,29.990612
31,18,29.996037
31,19,29.998405
31,2,9.743327
31,20,29.99939
31,21,29.999779
31,22,29.999924
31,23,29.999977
31,24,29.999994
31,25,30.0
31,26,30.0
31,27,30.0
31,28,30.0
31,29,30.0
31,3,14.111937
31,4,17.945618
31,5,21.165907
31,6,23.754772
31,7,25.7462
31,8,27.211596
31,9,28.242796
32,0,0.0
32,1,4.9775696
32,10,28.936514
32,11,29.382477
32,12,29.656311
32,13,29.816835
32,14,29.90662
32,15,29.954506
32,16,29.97884
32,17,29.990616
32,18,29.996033
32,19,29.998405
32,2,9.743326
32,20,29.999392
32,21,29.999779
32,22,29.999924
32,23,29.999977
32,24,29.999992
32,25,30.0
32,26,30.0
32,27,30.0
32,28,30.0
32,29,30.0
32,3,14.111938
32,4,17.945616
32,5,21.165909
32,6,23.754768
32,7,25.746202
32,8,27.211596
32,9,28.242796
33,0,0.0
33,1,4.9775686
33,10,28.936516
33,11,29.382475
33,12,29.656313
33,13,29.816837
33,14,29.906622
33,15,29.954506
33,16,29.97884
33,17,29.990616
33,18,29.996033
33,19,29.998405
33,2,9.743327
33,20,29.999392
33,21,29.999779
33,22,29.999924
33,23,29.999977
33,24,29.999992
33,25,30.0
33,26,30.0
33,27,30.0
33,28,30.0
33,29,30.0
33,3,14.1119375
33,4,17.945618
33,5,21.165905
33,6,23.754772
33,7,25.7462
33,8,27.211596
33,9,28.242796
34,0,0.0
34,1,4.9775696
34,10,28.936516
34,11,29.382475
34,12,29.656313
34,13,29.816837
34,14,29.906622
34,15,29.954506
34,16,29.97884
34,17,29.990616
34,18,29.996033
34,19,29.998405
34,2,9.743327
34,20,29.999392
34,21,29.999779
34,22,29.999924
34,23,29.999977
34,24,29.999992
34,25,30.0
34,26,30.0
34,27,30.0
34,28,30.0
34,29,30.0
34,3,14.111938
34,4,17.945616
34,5,21.165909
34,6,23.754768
34,7,25.746202
34,8,27.211596
34,9,28.242796
35,0,0.0
35,1,4.977569
35,10,28.936516
35,11,29.382475
35,12,29.656313
35,13,29.816837
35,14,29.906622
35,15,29.954506
35,16,29.97884
35,17,29.990616
35,18,29.996033
35,19,29.998405
35,2,9.743327
35,20,29.999392
35,21,29.999779
35,22,29.999924
35,23,29.999977
35,24,29.999992
35,25,30.0
35,26,30.0
35,27,30.0
35,28,30.0
35,29,30.0
35,3,14.111938
35,4,17.945618
35,5,21.165907
35,6,23.754768
35,7,25.7462
35,8,27.211596
35,9,28.242796
36,0,0.0
36,1,4.9775696
36,10,28.936516
36,11,29.382475
36,12,29.656313
36,13,29.816837
36,14,29.906622
36,15,29.954506
36,16,29.97884
36,17,29.990616
36,18,29.996033
36,19,29.998405
36,2,9.743327
36,20,29.999392
36,21,29.999779
36,22,29.999924
36,23,29.999977
36,24,29.999992
36,25,30.0
36,26,30.0
36,27,30.0
36,28,30.0
36,29,30.0
36,3,14.111938
36,4,17.945618
36,5,21.165907
36,6,23.754768
36,7,25.7462
36,8,27.211596
36,9,28.242796
37,0,0.0
37,1,4.977569
37,10,28.936516
37,11,29.382475
37,12,29.656313
37,13,29.816837
37,14,29.906622
37,15,29.954506
37,16,29.97884
37,17,29.990616
37,18,29.996033
37,19,29.998405
37,2,9.743327
37,20,29.999392
37,21,29.999779
37,22,29.999924
37,23,29.999977
37,24,29.999992
37,25,30.0
37,26,30.0
37,27,30.0
37,28,30.0
37,29,30.0
37,3,14.111938
37,4,17.945618
37,5,21.165907
37,6,23.754768
37,7,25.7462
37,8,27.211596
37,9,28.242796
38,0,0.0
38,1,4.9775696
38,10,28.936516
38,11,29.382475
38,12,29.656313
38,13,29.816837
38,14,29.906622
38,15,29.954506
38,16,29.97884
38,17,29.990616
38,18,29.996033
38,19,29.998405
38,2,9.743327
38,20,29.99939
38,21,29.999779
38,22,29.999924
38,23,29.999977
38,24,29.999992
38,25,30.0
38,26,30.0
38,27,30.0
38,28,30.0
38,29,30.0
38,3,14.1119375
38,4,17.945618
38,5,21.165905
38,6,23.754768
38,7,25.7462
38,8,27.211596
38,9,28.242796
39,0,0.0
39,1,4.9775686
39,10,28.936516
39,11,29.382477
39,12,29.656313
39,13,29.816835
39,14,29.906622
39,15,29.954508
39,16,29.97884
39,17,29.990616
39,18,29.996033
39,19,29.998405
39,2,9.743326
39,20,29.99939
39,21,29.99978
39,22,29.999924
39,23,29.999977
39,24,29.999992
39,25,30.0
39,26,30.0
39,27,30.0
39,28,30.0
39,29,30.0
39,3,14.111937
39,4,17.945616
39,5,21.165905
39,6,23.754768
39,7,25.7462
39,8,27.211594
39,9,28.242796
4,0,0.0
4,1,2.9651308
4,10,17.294647
4,11,17.566517
4,12,17.733603
4,13,17.832802
4,14,17.889114
4,15,17.921192
4,16,17.941385
4,17,17.958904
4,18,17.982716
4,19,18.022503
4,2,5.8040853
4,20,18.094557
4,21,18.221031
4,22,18.440826
4,23,18.807589
4,24,19.406494
4,25,20.348732
4,26,21.782518
4,27,23.856041
4,28,26.649467
4,29,30.0
4,3,8.410346
4,4,10.697473
4,5,12.624425
4,6,14.173544
4,7,15.370584
4,8,16.251427
4,9,16.875076
40,0,0.0
40,1,4.9775686
40,10,28.936512
40,11,29.382475
40,12,29.656311
40,13,29.816837
40,14,29.90662
40,15,29.954506
40,16,29.97884
40,17,29.990616
40,18,29.996033
40,19,29.998405
40,2,9.743326
40,20,29.99939
40,21,29.999779
40,22,29.999926
40,23,29.999977
40,24,29.999996
40,25,30.0
40,26,30.0
40,27,30.0
40,28,30.0
40,29,30.0
40,3,14.111937
40,4,17.945618
40,5,21.165907
40,6,23.754766
40,7,25.746199
40,8,27.211594
40,9,28.242796
41,0,0.0
41,1,4.9775686
41,10,28.936512
41,11,29.382475
41,12,29.656311
41,13,29.816837
41,14,29.90662
41,15,29.954506
41,16,29.97884
41,17,29.990616
41,18,29.996033
41,19,29.998405
41,2,9.743326
41,20,29.99939
41,21,29.99978
41,22,29.999924
41,23,29.999977
41,24,29.999996
41,25,30.0
41,26,30.0
41,27,30.0
41,28,30.0
41,29,30.0
41,3,14.111937
41,4,17.945616
41,5,21.165907
41,6,23.754768
41,7,25.746199
41,8,27.211596
41,9,28.242796
42,0,0.0
42,1,4.9775686
42,10,28.936514
42,11,29.382475
42,12,29.656311
42,13,29.816835
42,14,29.90662
42,15,29.954506
42,16,29.97884
42,17,29.990616
42,18,29.996033
42,19,29.998405
42,2,9.743326
42,20,29.99939
42,21,29.999779
42,22,29.999924
42,23,29.999977
42,24,29.999992
42,25,30.0
42,26,30.0
42,27,30.0
42,28,30.0
42,29,30.0
42,3,14.111937
42,4,17.945618
42,5,21.165905
42,6,23.754766
42,7,25.7462
42,8,27.211592
42,9,28.242796
43,0,0.0
43,1,4.9775686
43,10,28.936512
43,11,29.382477
43,12,29.65631
43,13,29.816835
43,14,29.90662
43,15,29.954506
43,16,29.97884
43,17,29.990612
43,18,29.996033
43,19,29.998405
43,2,9.743326
43,20,29.999392
43,21,29.999779
43,22,29.999924
43,23,29.999977
43,24,29.999992
43,25,30.0
43,26,30.0
43,27,30.0
43,28,30.0
43,29,30.0
43,3,14.111937
43,4,17.945614
43,5,21.165905
43,6,23.754766
43,7,25.746197
43,8,27.211592
43,9,28.242794
44,0,0.0
44,1,4.9775686
44,10,28.936512
44,11,29.382473
44,12,29.656311
44,13,29.816837
44,14,29.90662
44,15,29.954506
44,16,29.97884
44,17,29.990616
44,18,29.996033
44,19,29.998405
44,2,9.743326
44,20,29.99939
44,21,29.999779
44,22,29.999924
44,23,29.999977
44,24,29.999994
44,25,30.0
44,26,30.0
44,27,30.0
44,28,30.0
44,29,30.0
44,3,14.111937
44,4,17.945614
44,5,21.165905
44,6,23.754768
44,7,25.746199
44,8,27.211594
44,9,28.242796
45,0,0.0
45,1,4.9775686
45,10,28.936514
45,11,29.382475
45,12,29.656313
45,13,29.816833
45,14,29.906622
45,15,29.954506
45,16,29.97884
45,17,29.990616
45,18,29.996037
45,19,29.998405
45,2,9.743326
45,20,29.999393
45,21,29.999779
45,22,29.999924
45,23,29.999977
45,24,29.999992
45,25,30.0
45,26,30.0
45,27,30.0
45,28,30.0
45,29,30.0
45,3,14.111937
45,4,17.945614
45,5,21.165907
45,6,23.754766
45,7,25.7462
45,8,27.211594
45,9,28.242796
46,0,0.0
46,1,4.9775686
46,10,28.936514
46,11,29.382477
46,12,29.656311
46,13,29.816837
46,14,29.90662
46,15,29.954506
46,16,29.97884
46,17,29.990616
46,18,29.996033
46,19,29.99841
46,2,9.743326
46,20,29.99939
46,21,29.999779
46,22,29.999926
46,23,29.999977
46,24,29.999996
46,25,30.0
46,26,30.0
46,27,30.0
46,28,30.0
46,29,30.0
46,3,14.111937
46,4,17.945616
46,5,21.165905
46,6,23.754768
46,7,25.746199
46,8,27.211594
46,9,28.242794
47,0,0.0
47,1,4.9775686
47,10,28.936514
47,11,29.382475
47,12,29.656311
47,13,29.816833
47,14,29.90662
47,15,29.954506
47,16,29.97884
47,17,29.990616
47,18,29.996037
47,19,29.998405
47,2,9.743326
47,20,29.999393
47,21,29.99978
47,22,29.999924
47,23,29.999977
47,24,29.999996
47,25,30.0
47,26,30.0
47,27,30.0
47,28,30.0
47,29,30.0
47,3,14.111937
47,4,17.945618
47,5,21.165905
47,6,23.754768
47,7,25.7462
47,8,27.211594
47,9,28.242798
48,0,0.0
48,1,4.9775686
48,10,28.936514
48,11,29.382475
48,12,29.65631
48,13,29.816835
48,14,29.90662
48,15,29.954506
48,16,29.97884
48,17,29.990616
48,18,29.996037
48,19,29.99841
48,2,9.743326
48,20,29.999392
48,21,29.999779
48,22,29.999928
48,23,29.999977
48,24,29.999994
48,25,30.0
48,26,30.0
48,27,30.0
48,28,30.0
48,29,30.0
48,3,14.1119375
48,4,17.945616
48,5,21.165907
48,6,23.754768
48,7,25.7462
48,8,27.211596
48,9,28.242796
49,0,0.0
49,1,4.9775686
49,10,28.936512
49,11,29.382473
49,12,29.656311
49,13,29.816833
49,14,29.90662
49,15,29.954506
49,16,29.97884
49,17,29.990616
49,18,29.996037
49,19,29.998407
49,2,9.743326
49,20,29.999393
49,21,29.99978
49,22,29.999924
49,23,29.999977
49,24,29.999994
49,25,29.999998
49,26,30.0
49,27,30.0
49,28,30.0
49,29,30.0
49,3,14.111937
49,4,17.945616
49,5,21.165907
49,6,23.754768
49,7,25.7462
49,8,27.211594
49,9,28.242796
5,0,0.0
5,1,3.498519
5,10,20.401096
5,11,20.719837
5,12,20.917141
5,13,21.033146
5,14,21.099337
5,15,21.136387
5,16,21.158913
5,17,21.177376
5,18,21.200281
5,19,21.23841
5,2,6.8503466
5,20,21.30458
5,21,21.42116
5,22,21.617126
5,23,21.939741
5,24,22.446863
5,25,23.217926
5,26,24.332325
5,27,25.857674
5,28,27.78999
5,29,30.0
5,3,9.922855
5,4,12.624425
5,5,14.8937435
5,6,16.724092
5,7,18.132053
5,8,19.172905
5,9,19.905365
50,0,0.0
50,1,4.977569
50,10,28.936512
50,11,29.382475
50,12,29.65631
50,13,29.816833
50,14,29.906616
50,15,29.954506
50,16,29.97884
50,17,29.990616
50,18,29.996037
50,19,29.99841
50,2,9.743326
50,20,29.999392
50,21,29.99978
50,22,29.999924
50,23,29.999977
50,24,29.999992
50,25,30.0
50,26,30.0
50,27,30.0
50,28,30.0
50,29,30.0
50,3,14.111938
50,4,17.945618
50,5,21.165907
50,6,23.754768
50,7,25.746199
50,8,27.211594
50,9,28.242796
51,0,0.0
51,1,4.9775686
51,10,28.936514
51,11,29.382473
51,12,29.656311
51,13,29.816833
51,14,29.90662
51,15,29.954502
51,16,29.97884
51,17,29.990616
51,18,29.996037
51,19,29.99841
51,2,9.743327
51,20,29.999393
51,21,29.999779
51,22,29.999926
51,23,29.999977
51,24,29.999996
51,25,30.0
51,26,30.0
51,27,30.0
51,28,30.0
51,29,30.0
51,3,14.111938
51,4,17.945616
51,5,21.165909
51,6,23.754768
51,7,25.746202
51,8,27.211592
51,9,28.242796
52,0,0.0
52,1,4.9775686
52,10,28.936514
52,11,29.382473
52,12,29.656311
52,13,29.816833
52,14,29.90662
52,15,29.954502
52,16,29.978842
52,17,29.990616
52,18,29.996037
52,19,29.998407
52,2,9.743327
52,20,29.999393
52,21,29.999779
52,22,29.999926
52,23,29.999977
52,24,29.999996
52,25,30.0
52,26,30.0
52,27,30.0
52,28,30.0
52,29,30.0
52,3,14.1119375
52,4,17.945618
52,5,21.165905
52,6,23.754768
52,7,25.746199
52,8,27.211594
52,9,28.242796
53,0,0.0
53,1,4.977569
53,10,28.936514
53,11,29.382473
53,12,29.656311
53,13,29.816833
53,14,29.90662
53,15,29.954506
53,16,29.978842
53,17,29.990618
53,18,29.996037
53,19,29.998407
53,2,9.743326
53,20,29.99939
53,21,29.999779
53,22,29.999924
53,23,29.999977
53,24,29.999994
53,25,30.0
53,26,30.0
53,27,30.0
53,28,30.0
53,29,30.0
53,3,14.111938
53,4,17.945614
53,5,21.165909
53,6,23.754766
53,7,25.7462
53,8,27.211594
53,9,28.242796
54,0,0.0
54,1,4.9775686
54,10,28.936512
54,11,29.382475
54,12,29.65631
54,13,29.816835
54,14,29.90662
54,15,29.954506
54,16,29.978842
54,17,29.990616
54,18,29.996037
54,19,29.998405
54,2,9.743327
54,20,29.999392
54,21,29.999779
54,22,29.999924
54,23,29.999977
54,24,29.999996
54,25,30.0
54,26,30.0
54,27,30.0
54,28,30.0
54,29,30.0
54,3,14.111937
54,4,17.945618
54,5,21.165905
54,6,23.754768
54,7,25.746199
54,8,27.211594
54,9,28.242798
55,0,0.0
55,1,4.977569
55,10,28.936512
55,11,29.382475
55,12,29.65631
55,13,29.816833
55,14,29.90662
55,15,29.954506
55,16,29.97884
55,17,29.990616
55,18,29.996037
55,19,29.998405
55,2,9.743326
55,20,29.99939
55,21,29.999779
55,22,29.999924
55,23,29.999977
55,24,29.999994
55,25,30.0
55,26,30.0
55,27,30.0
55,28,30.0
55,29,30.0
55,3,14.111938
55,4,17.945614
55,5,21.165907
55,6,23.754766
55,7,25.746199
55,8,27.211594
55,9,28.242796
56,0,0.0
56,1,4.9775686
56,10,28.936512
56,11,29.382473
56,12,29.656311
56,13,29.816833
56,14,29.90662
56,15,29.954506
56,16,29.97884
56,17,29.990616
56,18,29.996037
56,19,29.998405
56,2,9.743327
56,20,29.99939
56,21,29.999779
56,22,29.999924
56,23,29.999977
56,24,29.999994
56,25,30.0
56,26,30.0
56,27,30.0
56,28,30.0
56,29,30.0
56,3,14.111937
56,4,17.945618
56,5,21.165905
56,6,23.754768
56,7,25.746199
56,8,27.211594
56,9,28.242796
57,0,0.0
57,1,4.977569
57,10,28.936512
57,11,29.382477
57,12,29.65631
57,13,29.816835
57,14,29.90662
57,15,29.954506
57,16,29.97884
57,17,29.990616
57,18,29.996037
57,19,29.998407
57,2,9.743326
57,20,29.99939
57,21,29.999779
57,22,29.999924
57,23,29.999977
57,24,29.999994
57,25,30.0
57,26,30.0
57,27,30.0
57,28,30.0
57,29,30.0
57,3,14.111938
57,4,17.945614
57,5,21.165907
57,6,23.754766
57,7,25.7462
57,8,27.211594
57,9,28.242796
58,0,0.0
58,1,4.9775686
58,10,28.936516
58,11,29.382473
58,12,29.656313
58,13,29.816833
58,14,29.906622
58,15,29.954506
58,16,29.978842
58,17,29.990616
58,18,29.996037
58,19,29.998405
58,2,9.743327
58,20,29.999393
58,21,29.999779
58,22,29.999924
58,23,29.999977
58,24,29.999994
58,25,30.0
58,26,30.0
58,27,30.0
58,28,30.0
58,29,30.0
58,3,14.111937
58,4,17.945618
58,5,21.165905
58,6,23.754768
58,7,25.7462
58,8,27.211594
58,9,28.242796
59,0,0.0
59,1,4.9775696
59,10,28.936512
59,11,29.382477
59,12,29.65631
59,13,29.816837
59,14,29.906616
59,15,29.954508
59,16,29.97884
59,17,29.990618
59,18,29.996037
59,19,29.998407
59,2,9.743326
59,20,29.999392
59,21,29.99978
59,22,29.999926
59,23,29.999977
59,24,29.999992
59,25,30.0
59,26,30.0
59,27,30.0
59,28,30.0
59,29,30.0
59,3,14.111938
59,4,17.945616
59,5,21.165909
59,6,23.754768
59,7,25.746199
59,8,27.211596
59,9,28.242796
6,0,0.0
6,1,3.9293323
6,10,22.898434
6,11,23.256472
6,12,23.47644
6,13,23.606539
6,14,23.679995
6,15,23.720894
6,16,23.744888
6,17,23.76281
6,18,23.783785
6,19,23.816185
6,2,7.6914587
6,20,23.872799
6,21,23.968872
6,22,24.130253
6,23,24.387241
6,24,24.784327
6,25,25.365932
6,26,26.179699
6,27,27.247179
6,28,28.550247
6,29,30.0
6,3,11.143874
6,4,14.173544
6,5,16.72409
6,6,18.774532
6,7,20.357048
6,8,21.521545
6,9,22.344673
60,0,0.0
60,1,4.9775686
60,10,28.936514
60,11,29.382473
60,12,29.656311
60,13,29.816833
60,14,29.90662
60,15,29.954502
60,16,29.97884
60,17,29.990616
60,18,29.996037
60,19,29.998407
60,2,9.743328
60,20,29.999393
60,21,29.99978
60,22,29.999924
60,23,29.999977
60,24,29.999996
60,25,30.0
60,26,30.0
60,27,30.0
60,28,30.0
60,29,30.0
60,3,14.111937
60,4,17.945618
60,5,21.165907
60,6,23.754768
60,7,25.746202
60,8,27.211592
60,9,28.242796
61,0,0.0
61,1,4.977569
61,10,28.936514
61,11,29.382477
61,12,29.65631
61,13,29.816835
61,14,29.906616
61,15,29.954506
61,16,29.97884
61,17,29.990616
61,18,29.996037
61,19,29.99841
61,2,9.743325
61,20,29.999393
61,21,29.999779
61,22,29.999926
61,23,29.999977
61,24,29.999992
61,25,30.0
61,26,30.0
61,27,30.0
61,28,30.0
61,29,30.0
61,3,14.111938
61,4,17.945614
61,5,21.165907
61,6,23.754768
61,7,25.746197
61,8,27.211594
61,9,28.242796
62,0,0.0
62,1,4.9775686
62,10,28.936516
62,11,29.382473
62,12,29.656311
62,13,29.816833
62,14,29.90662
62,15,29.954502
62,16,29.97884
62,17,29.990616
62,18,29.99604
62,19,29.998407
62,2,9.743327
62,20,29.999393
62,21,29.99978
62,22,29.999924
62,23,29.999973
62,24,29.999994
62,25,30.0
62,26,30.0
62,27,30.0
62,28,30.0
62,29,30.0
62,3,14.111937
62,4,17.945618
62,5,21.165905
62,6,23.754768
62,7,25.7462
62,8,27.211594
62,9,28.242796
63,0,0.0
63,1,4.9775686
63,10,28.936512
63,11,29.382477
63,12,29.656311
63,13,29.816833
63,14,29.90662
63,15,29.954506
63,16,29.97884
63,17,29.990618
63,18,29.996037
63,19,29.99841
63,2,9.743326
63,20,29.999392
63,21,29.99978
63,22,29.999924
63,23,29.999977
63,24,29.999992
63,25,30.0
63,26,30.0
63,27,30.0
63,28,30.0
63,29,30.0
63,3,14.111937
63,4,17.945614
63,5,21.165905
63,6,23.754766
63,7,25.7462
63,8,27.211592
63,9,28.242796
64,0,0.0
64,1,4.9775686
64,10,28.936516
64,11,29.382475
64,12,29.656311
64,13,29.816835
64,14,29.90662
64,15,29.954506
64,16,29.978842
64,17,29.990616
64,18,29.996037
64,19,29.998405
64,2,9.743326
64,20,29.999393
64,21,29.999779
64,22,29.999924
64,23,29.999977
64,24,29.999994
64,25,30.0
64,26,30.0
64,27,30.0
64,28,30.0
64,29,30.0
64,3,14.111937
64,4,17.945614
64,5,21.165905
64,6,23.754768
64,7,25.746197
64,8,27.211594
64,9,28.242796
65,0,0.0
65,1,4.9775686
65,10,28.936512
65,11,29.382477
65,12,29.656311
65,13,29.816833
65,14,29.90662
65,15,29.954506
65,16,29.97884
65,17,29.990616
65,18,29.996037
65,19,29.998407
65,2,9.743326
65,20,29.99939
65,21,29.99978
65,22,29.999924
65,23,29.999977
65,24,29.999992
65,25,30.0
65,26,30.0
65,27,30.0
65,28,30.0
65,29,30.0
65,3,14.111937
65,4,17.945614
65,5,21.165905
65,6,23.754766
65,7,25.7462
65,8,27.211592
65,9,28.242796
66,0,0.0
66,1,4.9775686
66,10,28.936516
66,11,29.382475
66,12,29.656311
66,13,29.816835
66,14,29.90662
66,15,29.954506
66,16,29.97884
66,17,29.990616
66,18,29.996037
66,19,29.998405
66,2,9.743326
66,20,29.999392
66,21,29.999779
66,22,29.999924
66,23,29.999977
66,24,29.999994
66,25,30.0
66,26,30.0
66,27,30.0
66,28,30.0
66,29,30.0
66,3,14.111937
66,4,17.945614
66,5,21.165905
66,6,23.754768
66,7,25.746197
66,8,27.211594
66,9,28.242796
67,0,0.0
67,1,4.9775686
67,10,28.936512
67,11,29.382477
67,12,29.656311
67,13,29.816833
67,14,29.90662
67,15,29.954506
67,16,29.97884
67,17,29.990616
67,18,29.996035
67,19,29.998407
67,2,9.743326
67,20,29.99939
67,21,29.99978
67,22,29.999924
67,23,29.999977
67,24,29.999992
67,25,30.0
67,26,30.0
67,27,30.0
67,28,30.0
67,29,30.0
67,3,14.111937
67,4,17.945614
67,5,21.165905
67,6,23.754766
67,7,25.7462
67,8,27.211592
67,9,28.242796
68,0,0.0
68,1,4.9775686
68,10,28.936516
68,11,29.382475
68,12,29.656311
68,13,29.816835
68,14,29.90662
68,15,29.954506
68,16,29.97884
68,17,29.990616
68,18,29.996037
68,19,29.998405
68,2,9.743326
68,20,29.999392
68,21,29.999779
68,22,29.999924
68,23,29.999977
68,24,29.999994
68,25,30.0
68,26,30.0
68,27,30.0
68,28,30.0
68,29,30.0
68,3,14.111937
68,4,17.945616
68,5,21.165905
68,6,23.754766
68,7,25.746197
68,8,27.211592
68,9,28.242796
69,0,0.0
69,1,4.9775686
69,10,28.936514
69,11,29.382475
69,12,29.656311
69,13,29.816833
69,14,29.90662
69,15,29.954506
69,16,29.97884
69,17,29.990616
69,18,29.996033
69,19,29.998407
69,2,9.743326
69,20,29.99939
69,21,29.99978
69,22,29.999924
69,23,29.999977
69,24,29.999992
69,25,30.0
69,26,30.0
69,27,30.0
69,28,30.0
69,29,30.0
69,3,14.111937
69,4,17.945616
69,5,21.165905
69,6,23.754766
69,7,25.746199
69,8,27.211592
69,9,28.242796
7,0,0.0
7,1,4.260727
7,10,24.821617
7,11,25.207726
7,12,25.446083
7,13,25.586048
7,14,25.665295
7,15,25.708775
7,16,25.733418
7,17,25.75052
7,18,25.76808
7,19,25.794495
7,2,8.341974
7,20,25.83815
7,21,25.912899
7,22,26.034222
7,23,26.226711
7,24,26.514854
7,25,26.929705
7,26,27.491577
7,27,28.210506
7,28,29.0644
7,29,30.0
7,3,12.083118
7,4,15.370582
7,5,18.132051
7,6,20.357048
7,7,22.068584
7,8,23.331993
7,9,24.221066
70,0,0.0
70,1,4.9775686
70,10,28.936512
70,11,29.382477
70,12,29.65631
70,13,29.816835
70,14,29.90662
70,15,29.954506
70,16,29.97884
70,17,29.990612
70,18,29.996037
70,19,29.998405
70,2,9.743326
70,20,29.999393
70,21,29.999779
70,22,29.999924
70,23,29.999977
70,24,29.999996
70,25,30.0
70,26,30.0
70,27,30.0
70,28,30.0
70,29,30.0
70,3,14.1119375
70,4,17.945614
70,5,21.165907
70,6,23.754766
70,7,25.7462
70,8,27.211594
70,9,28.242796
71,0,0.0
71,1,4.977568
71,10,28.936512
71,11,29.382473
71,12,29.656311
71,13,29.816835
71,14,29.90662
71,15,29.954506
71,16,29.97884
71,17,29.990616
71,18,29.996035
71,19,29.99841
71,2,9.743326
71,20,29.999392
71,21,29.999779
71,22,29.999926
71,23,29.999977
71,24,29.999996
71,25,30.0
71,26,30.0
71,27,30.0
71,28,30.0
71,29,30.0
71,3,14.111937
71,4,17.945616
71,5,21.165905
71,6,23.754768
71,7,25.746199
71,8,27.211596
71,9,28.242796
72,0,0.0
72,1,4.9775686
72,10,28.936512
72,11,29.382475
72,12,29.65631
72,13,29.816835
72,14,29.90662
72,15,29.954506
72,16,29.97884
72,17,29.990616
72,18,29.996037
72,19,29.998407
72,2,9.743326
72,20,29.99939
72,21,29.999779
72,22,29.999924
72,23,29.999977
72,24,29.999994
72,25,30.0
72,26,30.0
72,27,30.0
72,28,30.0
72,29,30.0
72,3,14.111937
72,4,17.945614
72,5,21.165905
72,6,23.754768
72,7,25.7462
72,8,27.211596
72,9,28.242796
73,0,0.0
73,1,4.9775686
73,10,28.936514
73,11,29.382473
73,12,29.656311
73,13,29.816837
73,14,29.90662
73,15,29.954506
73,16,29.978842
73,17,29.990616
73,18,29.996037
73,19,29.99841
73,2,9.743327
73,20,29.999393
73,21,29.99978
73,22,29.999928
73,23,29.999977
73,24,29.999996
73,25,30.0
73,26,30.0
73,27,30.0
73,28,30.0
73,29,30.0
73,3,14.111937
73,4,17.945618
73,5,21.165907
73,6,23.754768
73,7,25.7462
73,8,27.211596
73,9,28.242798
74,0,0.0
74,1,4.9775696
74,10,28.93652
74,11,29.382477
74,12,29.656315
74,13,29.816837
74,14,29.906624
74,15,29.95451
74,16,29.978844
74,17,29.99062
74,18,29.99604
74,19,29.998411
74,2,9.743327
74,20,29.999395
74,21,29.999784
74,22,29.999928
74,23,29.99998
74,24,29.999996
74,25,30.0
74,26,30.0
74,27,30.0
74,28,30.0
74,29,30.0
74,3,14.11194
74,4,17.94562
74,5,21.165909
74,6,23.754772
74,7,25.746202
74,8,27.211597
74,9,28.2428
75,0,0.0
75,1,4.9775715
75,10,28.936527
75,11,29.382492
75,12,29.656326
75,13,29.816853
75,14,29.906635
75,15,29.954521
75,16,29.978857
75,17,29.990631
75,18,29.99605
75,19,29.998425
75,2,9.743333
75,20,29.999409
75,21,29.999796
75,22,29.99994
75,23,29.999992
75,24,30.000008
75,25,30.000008
75,26,30.000006
75,27,30.000004
75,28,30.000002
75,29,30.0
75,3,14.111947
75,4,17.94563
75,5,21.16592
75,6,23.754784
75,7,25.746216
75,8,27.211609
75,9,28.242813
76,0,0.0
76,1,4.97758
76,10,28.93657
76,11,29.38253
76,12,29.656368
76,13,29.81689
76,14,29.906675
76,15,29.954561
76,16,29.978897
76,17,29.990671
76,18,29.996092
76,19,29.998463
76,2,9.743348
76,20,29.999449
76,21,29.999834
76,22,29.999977
76,23,30.000027
76,24,30.000038
76,25,30.000034
76,26,30.00003
76,27,30.00002
76,28,30.000011
76,29,30.0
76,3,14.111969
76,4,17.945656
76,5,21.16595
76,6,23.754818
76,7,25.746252
76,8,27.211645
76,9,28.242851
77,0,0.0
77,1,4.977604
77,10,28.936687
77,11,29.382648
77,12,29.656487
77,13,29.817009
77,14,29.906794
77,15,29.954681
77,16,29.979015
77,17,29.990791
77,18,29.996212
77,19,29.99858
77,2,9.743395
77,20,29.999563
77,21,29.999947
77,22,30.000084
77,23,30.000128
77,24,30.000132
77,25,30.000116
77,26,30.000095
77,27,30.000069
77,28,30.000034
77,29,30.0
77,3,14.112036
77,4,17.945738
77,5,21.166046
77,6,23.754923
77,7,25.74636
77,8,27.211761
77,9,28.242966
78,0,0.0
78,1,4.9776716
78,10,28.93702
78,11,29.382986
78,12,29.656822
78,13,29.817348
78,14,29.907135
78,15,29.955017
78,16,29.979355
78,17,29.991127
78,18,29.996548
78,19,29.998917
78,2,9.743525
78,20,29.999893
78,21,30.00027
78,22,30.000395
78,23,30.00042
78,24,30.000397
78,25,30.000347
78,26,30.000278
78,27,30.000196
78,28,30.000101
78,29,30.0
78,3,14.112222
78,4,17.94597
78,5,21.166315
78,6,23.755215
78,7,25.746674
78,8,27.212084
78,9,28.243298
79,0,0.0
79,1,4.977851
79,10,28.937916
79,11,29.383883
79,12,29.657726
79,13,29.818253
79,14,29.908037
79,15,29.955925
79,16,29.980255
79,17,29.992031
79,18,29.997446
79,19,29.99981
79,2,9.743875
79,20,30.000774
79,21,30.001133
79,22,30.00122
79,23,30.001198
79,24,30.001102
79,25,30.00096
79,26,30.000767
79,27,30.000536
79,28,30.000277
79,29,30.0
79,3,14.112718
79,4,17.94659
79,5,21.16703
79,6,23.756002
79,7,25.747507
79,8,27.212952
79,9,28.244179
8,0,0.0
8,1,4.5062046
8,10,26.23679
8,11,26.64482
8,12,26.895435
8,13,27.043121
8,14,27.126133
8,15,27.171444
8,16,27.19637
8,17,27.212101
8,18,27.226734
8,19,27.246346
8,2,8.820656
8,20,27.27877
8,21,27.331898
8,22,27.418825
8,23,27.552456
8,24,27.751568
8,25,28.030241
8,26,28.402391
8,27,28.867035
8,28,29.410925
8,29,30.0
8,3,12.778345
8,4,16.251421
8,5,19.1729
8,6,21.521542
8,7,23.33199
8,8,24.664211
8,9,25.604332
80,0,0.0
80,1,4.978306
80,10,28.940184
80,11,29.38617
80,12,29.660019
80,13,29.820549
80,14,29.910336
80,15,29.958218
80,16,29.982553
80,17,29.99432
80,18,29.999727
80,19,30.002071
80,2,9.744753
80,20,30.003008
80,21,30.003307
80,22,30.00332
80,23,30.003162
80,24,30.002892
80,25,30.002497
80,26,30.001999
80,27,30.001396
80,28,30.00072
80,29,30.0
80,3,14.1139765
80,4,17.948158
80,5,21.168846
80,6,23.75799
80,7,25.749624
80,8,27.215141
80,9,28.246426
81,0,0.0
81,1,4.979396
81,10,28.945648
81,11,29.391668
81,12,29.665535
81,13,29.826075
81,14,29.915863
81,15,29.963749
81,16,29.988075
81,17,29.999834
81,18,30.005217
81,19,30.00752
81,2,9.746874
81,20,30.008375
81,21,30.008554
81,22,30.00835
81,23,30.007896
81,24,30.007172
81,25,30.006203
81,26,30.004948
81,27,30.003466
81,28,30.001781
81,29,30.0
81,3,14.116995
81,4,17.951935
81,5,21.173199
81,6,23.762783
81,7,25.754704
81,8,27.220423
81,9,28.251816
82,0,0.0
82,1,4.9818964
82,10,28.958128
82,11,29.404238
82,12,29.678146
82,13,29.838703
82,14,29.928501
82,15,29.976383
82,16,30.000702
82,17,30.01243
82,18,30.017761
82,19,30.019958
82,2,9.751708
82,20,30.020649
82,21,30.020512
82,22,30.019857
82,23,30.018667
82,24,30.016968
82,25,30.014622
82,26,30.011698
82,27,30.008162
82,28,30.00421
82,29,30.0
82,3,14.123913
82,4,17.960548
82,5,21.183168
82,6,23.773714
82,7,25.766327
82,8,27.232471
82,9,28.264145
83,0,0.0
83,1,4.987329
83,10,28.98525
83,11,29.431534
83,12,29.70554
83,13,29.866138
83,14,29.955952
83,15,30.00383
83,16,30.02812
83,17,30.039795
83,18,30.045
83,19,30.04699
83,2,9.762268
83,20,30.047264
83,21,30.04651
83,22,30.044785
83,23,30.042107
83,24,30.038168
83,25,30.03297
83,26,30.026295
83,27,30.018406
83,28,30.00946
83,29,30.0
83,3,14.138938
83,4,17.979336
83,5,21.204811
83,6,23.797516
83,7,25.79156
83,8,27.258682
83,9,28.29092
84,0,0.0
84,1,4.998653
84,10,29.0413
84,11,29.48797
84,12,29.762156
84,13,29.922844
84,14,30.012684
84,15,30.06055
84,16,30.084791
84,17,30.09633
84,18,30.101307
84,19,30.102806
84,2,9.784157
84,20,30.102318
84,21,30.100155
84,22,30.096392
84,23,30.090443
84,24,30.08213
84,25,30.070795
84,26,30.056618
84,27,30.039528
84,28,30.020382
84,29,30.0
84,3,14.170209
84,4,18.018232
84,5,21.24975
84,6,23.84674
84,7,25.843842
84,8,27.31285
84,9,28.346312
85,0,0.0
85,1,5.0210977
85,10,29.151688
85,11,29.599028
85,12,29.873587
85,13,30.034428
85,14,30.124321
85,15,30.172167
85,16,30.196285
85,17,30.2076
85,18,30.212051
85,19,30.212708
85,2,9.827697
85,20,30.210556
85,21,30.205893
85,22,30.197838
85,23,30.18588
85,24,30.168575
85,25,30.145657
85,26,30.116295
85,27,30.081419
85,28,30.041893
85,29,30.0
85,3,14.232082
85,4,18.095379
85,5,21.338465
85,6,23.944067
85,7,25.946856
85,8,27.419693
85,9,28.455353
86,0,0.0
86,1,5.063842
86,10,29.35877
86,11,29.807407
86,12,30.082544
86,13,30.243683
86,14,30.333656
86,15,30.38144
86,16,30.40537
86,17,30.416183
86,18,30.419802
86,19,30.418694
86,2,9.910208
86,20,30.413788
86,21,30.404087
86,22,30.388659
86,23,30.36492
86,24,30.331635
86,25,30.286324
86,26,30.229223
86,27,30.16029
86,28,30.082691
86,29,30.0
86,3,14.349569
86,4,18.241096
86,5,21.506191
86,6,24.12727
86,7,26.140877
86,8,27.620342
86,9,28.660206
87,0,0.0
87,1,5.1415825
87,10,29.729572
87,11,30.180128
87,12,30.456316
87,13,30.617847
87,14,30.707947
87,15,30.755636
87,16,30.779161
87,17,30.789238
87,18,30.79118
87,19,30.787367
87,2,10.060545
87,20,30.777174
87,21,30.759407
87,22,30.730213
87,23,30.686867
87,24,30.624182
87,25,30.540337
87,26,30.432478
87,27,30.30327
87,28,30.156301
87,29,30.0
87,3,14.562453
87,4,18.505207
87,5,21.808556
87,6,24.457458
87,7,26.489157
87,8,27.980469
87,9,29.027016
88,0,0.0
88,1,5.277813
88,10,30.362896
88,11,30.81663
88,12,31.094147
88,13,31.256317
88,14,31.346529
88,15,31.39399
88,16,31.41695
88,17,31.42561
88,18,31.42519
88,19,31.416428
88,2,10.322643
88,20,31.39841
88,21,31.366356
88,22,31.315853
88,23,31.238293
88,24,31.128216
88,25,30.977327
88,26,30.784702
88,27,30.550402
88,28,30.284405
88,29,30.0
88,3,14.933456
88,4,18.96259
88,5,22.33147
88,6,25.025398
88,7,27.087547
88,8,28.597015
88,9,29.654665
89,0,0.0
89,1,5.5070324
89,10,31.396612
89,11,31.854155
89,12,32.133617
89,13,32.29638
89,14,32.386673
89,15,32.433777
89,16,32.455677
89,17,32.46251
89,18,32.45797
89,19,32.442513
89,2,10.763406
89,20,32.411377
89,21,32.358948
89,22,32.273365
89,23,32.144592
89,24,31.956627
89,25,31.700829
89,26,31.36769
89,27,30.962612
89,28,30.497606
89,29,30.0
89,3,15.553083
89,4,19.724365
89,5,23.196247
89,6,25.962141
89,7,28.069365
89,8,29.607006
89,9,30.679802
9,0,0.0
9,1,4.6789484
9,10,27.234127
9,11,27.656107
9,12,27.915997
9,13,28.068466
9,14,28.154278
9,15,28.200668
9,16,28.225544
9,17,28.240223
9,18,28.251835
9,19,28.266289
9,2,9.159973
9,20,28.288282
9,21,28.324774
9,22,28.382284
9,23,28.471329
9,24,28.600298
9,25,28.78011
9,26,29.014717
9,27,29.304947
9,28,29.639534
9,29,30.0
9,3,13.26758
9,4,16.875063
9,5,19.90535
9,6,22.344662
9,7,24.221056
9,8,25.604328
9,9,26.577745
90,0,0.0
90,1,5.8805013
90,10,33.008007
90,11,33.470486
90,12,33.751556
90,13,33.914917
90,14,34.005016
90,15,34.051403
90,16,34.072006
90,17,34.075783
90,18,34.066216
90,19,34.040165
90,2,11.476819
90,20,33.992035
90,21,33.90815
90,22,33.774426
90,23,33.566822
90,24,33.26595
90,25,32.846405
90,26,32.29899
90,27,31.621792
90,28,30.841085
90,29,30.0
90,3,16.551855
90,4,20.941364
90,5,24.571
90,6,27.440157
90,7,29.613201
90,8,31.18771
90,9,32.281498
91,0,0.0
91,1,6.4697866
91,10,35.410587
91,11,35.876503
91,12,36.158802
91,13,36.321804
91,14,36.411247
91,15,36.456566
91,16,36.475048
91,17,36.47547
91,18,36.45842
91,19,36.420143
91,2,12.59721
91,20,36.347603
91,21,36.224876
91,22,36.022507
91,23,35.710854
91,24,35.246323
91,25,34.596092
91,26,33.72775
91,27,32.643585
91,28,31.374508
91,29,30.0
91,3,18.103706
91,4,22.817274
91,5,26.667658
91,6,29.679941
91,7,31.935677
91,8,33.55719
91,9,34.673164
92,0,0.0
92,1,7.379397
92,10,38.835114
92,11,39.30208
92,12,39.582542
92,13,39.743893
92,14,39.831577
92,15,39.875053
92,16,39.89127
92,17,39.88698
92,18,39.862434
92,19,39.807995
92,2,14.3069515
92,20,39.70912
92,21,39.535896
92,22,39.253246
92,23,38.804268
92,24,38.131977
92,25,37.164017
92,26,35.852978
92,27,34.175488
92,28,32.183067
92,29,30.0
92,3,20.444519
92,4,25.604897
92,5,29.749176
92,6,32.934612
92,7,35.287613
92,8,36.954994
92,9,38.09204
93,0,0.0
93,1,8.761842
93,10,43.506584
93,11,43.965878
93,12,44.240368
93,13,44.39673
93,14,44.481106
93,15,44.52201
93,16,44.535076
93,17,44.526737
93,18,44.49319
93,19,44.424335
93,2,16.867525
93,20,44.295055
93,21,44.07199
93,22,43.695858
93,23,43.09635
93,24,42.169888
93,25,40.812813
93,26,38.914032
93,27,36.423244
93,28,33.382755
93,29,30.0
93,3,23.878212
93,4,29.620426
93,5,34.109653
93,6,37.483646
93,7,39.922657
93,8,41.624664
93,9,42.766933
94,0,0.0
94,1,10.865218
94,10,49.60225
94,11,50.04197
94,12,50.30164
94,13,50.448887
94,14,50.52738
94,15,50.564426
94,16,50.57466
94,17,50.561874
94,18,50.522415
94,19,50.439568
94,2,20.658104
94,20,50.28772
94,21,50.016716
94,22,49.559826
94,23,48.807205
94,24,47.62396
94,25,45.824837
94,26,43.224567
94,27,39.665432
94,28,35.15669
94,29,30.0
94,3,28.8151
94,4,35.23134
94,5,40.07084
94,6,43.591557
94,7,46.074753
94,8,47.768467
94,9,48.8885
95,0,0.0
95,1,14.133576
95,10,57.216057
95,11,57.615273
95,12,57.849678
95,13,57.981087
95,14,58.05065
95,15,58.08274
95,16,58.08967
95,17,58.07499
95,18,58.03147
95,19,57.943916
95,2,26.283943
95,20,57.778
95,21,57.483757
95,22,56.971237
95,23,56.11556
95,24,54.718163
95,25,52.51961
95,26,49.17413
95,27,44.3359
95,28,37.81791
95,29,30.0
95,3,35.801952
95,4,42.868347
95,5,47.936092
95,6,51.481514
95,7,53.90099
95,8,55.514156
95,9,56.558517
96,0,0.0
96,1,19.496025
96,10,66.31451
96,11,66.64969
96,12,66.84407
96,13,66.95264
96,14,67.00947
96,15,67.03504
96,16,67.03962
96,17,67.0244
96,18,66.98387
96,19,66.8998
96,2,34.764084
96,20,66.742966
96,21,66.45598
96,22,65.95303
96,23,65.08358
96,24,63.622093
96,25,61.201736
96,26,57.288635
96,27,51.140778
96,28,42.016113
96,29,30.0
96,3,45.593506
96,4,52.984253
96,5,57.954422
96,6,61.26329
96,7,63.444656
96,8,64.85849
96,9,65.758
97,0,0.0
97,1,29.191174
97,10,76.718864
97,11,76.96203
97,12,77.10254
97,13,77.18025
97,14,77.22076
97,15,77.238716
97,16,77.24106
97,17,77.22902
97,18,77.19643
97,19,77.13082
97,2,47.90087
97,20,77.004684
97,21,76.774796
97,22,76.35988
97,23,75.630005
97,24,74.350426
97,25,72.12123
97,26,68.21228
97,27,61.326523
97,28,49.307823
97,29,30.0
97,3,59.151947
97,4,65.97727
97,5,70.2081
97,6,72.877205
97,7,74.570404
97,8,75.64191
97,9,76.30986
98,0,0.0
98,1,49.4524
98,10,88.098045
98,11,88.226715
98,12,88.300415
98,13,88.34118
98,14,88.36227
98,15,88.37148
98,16,88.37256
98,17,88.3656
98,18,88.34784
98,19,88.31099
98,2,68.66407
98,20,88.24124
98,21,88.11097
98,22,87.87522
98,23,87.44879
98,24,86.6801
98,25,85.26345
98,26,82.546875
98,27,76.93885
98,28,64.0417
98,29,30.0
98,3,77.39711
98,4,81.91292
98,5,84.47009
98,6,85.99905
98,7,86.93964
98,8,87.52194
98,9,87.88089
99,0,0.0
99,1,100.0
99,10,100.0
99,11,100.0
99,12,100.0
99,13,100.0
99,14,100.0
99,15,100.0
99,16,100.0
99,17,100.0
99,18,100.0
99,19,100.0
99,2,100.0
99,20,100.0
99,21,100.0
99,22,100.0
99,23,100.0
99,24,100.0
99,25,100.0
99,26,100.0
99,27,100.0
99,28,100.0
99,29,30.0
99,3,100.0
99,4,100.0
99,5,100.0
99,6,100.0
99,7,100.0
99,8,100.0
99,9,100.0
