0,0,0.0
0,1,0.0
0,10,0.0
0,11,0.0
0,12,0.0
0,13,0.0
0,14,0.0
0,15,0.0
0,16,0.0
0,17,0.0
0,18,0.0
0,19,0.0
0,2,0.0
0,20,0.0
0,21,0.0
0,22,0.0
0,23,0.0
0,24,0.0
0,25,0.0
0,26,0.0
0,27,0.0
0,28,0.0
0,29,30.0
0,3,0.0
0,4,0.0
0,5,0.0
0,6,0.0
0,7,0.0
0,8,0.0
0,9,0.0
1,0,0.0
1,1,2.6327276
1,10,8.966142
1,11,8.966671
1,12,8.966751
1,13,8.966759
1,14,8.966759
1,15,8.966759
1,16,8.966759
1,17,8.966759
1,18,8.966762
1,19,8.966805
1,2,4.936364
1,20,8.966994
1,21,8.968415
1,22,8.9736
1,23,8.996391
1,24,9.067094
1,25,9.292162
1,26,9.912701
1,27,11.62363
1,28,16.316364
1,29,30.0
1,3,6.6640916
1,4,7.8159103
1,5,8.455809
1,6,8.775759
1,7,8.903738
1,8,8.950276
1,9,8.962969
10,0,0.0
10,1,8.966142
10,10,29.997046
10,11,29.998354
10,12,29.998512
10,13,29.998524
10,14,29.998524
10,15,29.998524
10,16,29.998524
10,17,29.998524
10,18,29.998524
10,19,29.998524
10,2,16.736797
10,20,29.998524
10,21,29.998524
10,22,29.998524
10,23,29.998524
10,24,29.998524
10,25,29.998524
10,26,29.998621
10,27,29.998817
10,28,29.999336
10,29,30.0
10,3,22.564995
10,4,26.33618
10,5,28.431355
10,6,29.423805
10,7,29.820784
10,8,29.953112
10,9,29.9892
11,0,0.0
11,1,8.966671
11,10,29.998352
11,11,29.99966
11,12,29.999817
11,13,29.999828
11,14,29.999832
11,15,29.999832
11,16,29.999832
11,17,29.99983
11,18,29.99983
11,19,29.999832
11,2,16.737816
11,20,29.999832
11,21,29.99983
11,22,29.99983
11,23,29.99983
11,24,29.99983
11,25,29.999832
11,26,29.99983
11,27,29.999859
11,28,29.999908
11,29,30.0
11,3,22.566174
11,4,26.337488
11,5,28.432661
11,6,29.425112
11,7,29.822094
11,8,29.95442
11,9,29.990507
12,0,0.0
12,1,8.966751
12,10,29.998508
12,11,29.999819
12,12,29.999975
12,13,29.999989
12,14,29.999989
12,15,29.999989
12,16,29.999989
12,17,29.999989
12,18,29.999989
12,19,29.999989
12,2,16.737938
12,20,29.999989
12,21,29.999987
12,22,29.999989
12,23,29.999989
12,24,29.999989
12,25,29.999989
12,26,29.999989
12,27,29.999989
12,28,29.999992
12,29,30.0
12,3,22.56633
12,4,26.337643
12,5,28.43282
12,6,29.425268
12,7,29.82225
12,8,29.954575
12,9,29.990665
13,0,0.0
13,1,8.966759
13,10,29.998524
13,11,29.999832
13,12,29.999987
13,13,30.0
13,14,30.0
13,15,30.0
13,16,30.0
13,17,30.0
13,18,30.0
13,19,30.0
13,2,16.73795
13,20,30.0
13,21,30.0
13,22,30.0
13,23,30.0
13,24,30.0
13,25,30.0
13,26,30.0
13,27,30.0
13,28,30.0
13,29,30.0
13,3,22.566341
13,4,26.337656
13,5,28.432829
13,6,29.425282
13,7,29.822262
13,8,29.95459
13,9,29.990677
14,0,0.0
14,1,8.966759
14,10,29.998524
14,11,29.999832
14,12,29.999989
14,13,30.0
14,14,30.0
14,15,30.0
14,16,30.0
14,17,30.0
14,18,30.0
14,19,30.0
14,2,16.73795
14,20,30.0
14,21,30.0
14,22,30.0
14,23,30.0
14,24,30.0
14,25,30.0
14,26,30.0
14,27,30.0
14,28,30.0
14,29,30.0
14,3,22.566341
14,4,26.337654
14,5,28.432829
14,6,29.425282
14,7,29.822262
14,8,29.95459
14,9,29.990677
15,0,0.0
15,1,8.966759
15,10,29.998524
15,11,29.99983
15,12,29.999987
15,13,30.0
15,14,30.0
15,15,30.0
15,16,30.0
15,17,30.0
15,18,30.0
15,19,30.0
15,2,16.73795
15,20,30.0
15,21,30.0
15,22,30.0
15,23,30.0
15,24,30.0
15,25,30.0
15,26,30.0
15,27,30.0
15,28,30.0
15,29,30.0
15,3,22.566343
15,4,26.337656
15,5,28.43283
15,6,29.425282
15,7,29.822262
15,8,29.95459
15,9,29.990677
16,0,0.0
16,1,8.966759
16,10,29.998524
16,11,29.999828
16,12,29.999989
16,13,30.0
16,14,30.0
16,15,30.0
16,16,30.0
16,17,30.0
16,18,30.0
16,19,30.0
16,2,16.73795
16,20,30.0
16,21,30.0
16,22,30.0
16,23,30.0
16,24,30.0
16,25,30.0
16,26,30.0
16,27,30.0
16,28,30.0
16,29,30.0
16,3,22.566343
16,4,26.337656
16,5,28.43283
16,6,29.425282
16,7,29.822262
16,8,29.95459
16,9,29.990677
17,0,0.0
17,1,8.966759
17,10,29.998524
17,11,29.99983
17,12,29.999989
17,13,30.0
17,14,30.0
17,15,30.0
17,16,30.0
17,17,30.0
17,18,30.0
17,19,30.0
17,2,16.73795
17,20,30.0
17,21,30.0
17,22,30.0
17,23,30.0
17,24,30.0
17,25,30.0
17,26,30.0
17,27,30.0
17,28,30.0
17,29,30.0
17,3,22.566341
17,4,26.337658
17,5,28.43283
17,6,29.425282
17,7,29.822262
17,8,29.95459
17,9,29.990677
18,0,0.0
18,1,8.966759
18,10,29.998524
18,11,29.999832
18,12,29.999989
18,13,30.0
18,14,30.0
18,15,30.0
18,16,30.0
18,17,30.0
18,18,30.0
18,19,30.0
18,2,16.73795
18,20,30.0
18,21,30.0
18,22,30.0
18,23,30.0
18,24,30.0
18,25,30.0
18,26,30.0
18,27,30.0
18,28,30.0
18,29,30.0
18,3,22.566343
18,4,26.337656
18,5,28.43283
18,6,29.425282
18,7,29.822262
18,8,29.95459
18,9,29.990677
19,0,0.0
19,1,8.966759
19,10,29.998524
19,11,29.999832
19,12,29.999989
19,13,30.0
19,14,30.0
19,15,30.0
19,16,30.0
19,17,30.0
19,18,30.0
19,19,30.0
19,2,16.73795
19,20,30.0
19,21,30.0
19,22,30.0
19,23,30.0
19,24,30.0
19,25,30.0
19,26,30.0
19,27,30.0
19,28,30.0
19,29,30.0
19,3,22.566341
19,4,26.337656
19,5,28.43283
19,6,29.425282
19,7,29.822262
19,8,29.95459
19,9,29.990677
2,0,0.0
2,1,4.936364
2,10,16.736797
2,11,16.737816
2,12,16.737938
2,13,16.73795
2,14,16.73795
2,15,16.73795
2,16,16.73795
2,17,16.73795
2,18,16.737955
2,19,16.73798
2,2,9.214546
2,20,16.738327
2,21,16.7397
2,22,16.747852
2,23,16.774773
2,24,16.87371
2,25,17.146732
2,26,17.884857
2,27,19.607273
2,28,23.312733
2,29,30.0
2,3,12.478031
2,4,14.589699
2,5,15.805508
2,6,16.381416
2,7,16.625742
2,8,16.707182
2,9,16.73151
20,0,0.0
20,1,8.966759
20,10,29.998524
20,11,29.99983
20,12,29.999989
20,13,30.0
20,14,30.0
20,15,30.0
20,16,30.0
20,17,30.0
20,18,30.0
20,19,30.0
20,2,16.73795
20,20,30.0
20,21,30.0
20,22,30.0
20,23,30.0
20,24,30.0
20,25,30.0
20,26,30.0
20,27,30.0
20,28,30.0
20,29,30.0
20,3,22.566343
20,4,26.337656
20,5,28.43283
20,6,29.425282
20,7,29.822262
20,8,29.95459
20,9,29.990677
21,0,0.0
21,1,8.966759
21,10,29.998524
21,11,29.99983
21,12,29.999987
21,13,30.0
21,14,30.0
21,15,30.0
21,16,30.0
21,17,30.0
21,18,30.0
21,19,30.0
21,2,16.73795
21,20,30.0
21,21,30.0
21,22,30.0
21,23,30.0
21,24,30.0
21,25,30.0
21,26,30.0
21,27,30.0
21,28,30.0
21,29,30.0
21,3,22.566343
21,4,26.337656
21,5,28.43283
21,6,29.425282
21,7,29.822262
21,8,29.95459
21,9,29.990677
22,0,0.0
22,1,8.966759
22,10,29.998524
22,11,29.99983
22,12,29.999989
22,13,30.0
22,14,30.0
22,15,30.0
22,16,30.0
22,17,30.0
22,18,30.0
22,19,30.0
22,2,16.73795
22,20,30.0
22,21,30.0
22,22,30.0
22,23,30.0
22,24,30.0
22,25,30.0
22,26,30.0
22,27,30.0
22,28,30.0
22,29,30.0
22,3,22.566343
22,4,26.337658
22,5,28.43283
22,6,29.425282
22,7,29.822262
22,8,29.95459
22,9,29.990677
23,0,0.0
23,1,8.966759
23,10,29.998524
23,11,29.999832
23,12,29.999989
23,13,30.0
23,14,30.0
23,15,30.0
23,16,30.0
23,17,30.0
23,18,30.0
23,19,30.0
23,2,16.73795
23,20,30.0
23,21,30.0
23,22,30.0
23,23,30.0
23,24,30.0
23,25,30.0
23,26,30.0
23,27,30.0
23,28,30.0
23,29,30.0
23,3,22.566343
23,4,26.337656
23,5,28.43283
23,6,29.425282
23,7,29.822262
23,8,29.954586
23,9,29.990677
24,0,0.0
24,1,8.966759
24,10,29.998524
24,11,29.999832
24,12,29.999989
24,13,30.0
24,14,30.0
24,15,30.0
24,16,30.0
24,17,30.0
24,18,30.0
24,19,30.0
24,2,16.73795
24,20,30.0
24,21,30.0
24,22,30.0
24,23,30.0
24,24,30.0
24,25,30.0
24,26,30.0
24,27,30.0
24,28,30.0
24,29,30.0
24,3,22.566341
24,4,26.337658
24,5,28.43283
24,6,29.425282
24,7,29.822262
24,8,29.95459
24,9,29.990677
25,0,0.0
25,1,8.966759
25,10,29.998524
25,11,29.999832
25,12,29.999989
25,13,30.0
25,14,30.0
25,15,30.0
25,16,30.0
25,17,30.0
25,18,30.0
25,19,30.0
25,2,16.73795
25,20,30.0
25,21,30.0
25,22,30.0
25,23,30.0
25,24,30.0
25,25,30.0
25,26,30.0
25,27,30.0
25,28,30.0
25,29,30.0
25,3,22.566343
25,4,26.337656
25,5,28.43283
25,6,29.425282
25,7,29.822262
25,8,29.95459
25,9,29.990677
26,0,0.0
26,1,8.966759
26,10,29.998524
26,11,29.999832
26,12,29.999989
26,13,30.0
26,14,30.0
26,15,30.0
26,16,30.0
26,17,30.0
26,18,30.0
26,19,30.0
26,2,16.73795
26,20,30.0
26,21,30.0
26,22,30.0
26,23,30.0
26,24,30.0
26,25,30.0
26,26,30.0
26,27,30.0
26,28,30.0
26,29,30.0
26,3,22.566343
26,4,26.337658
26,5,28.43283
26,6,29.425282
26,7,29.822262
26,8,29.954586
26,9,29.990677
27,0,0.0
27,1,8.966759
27,10,29.998524
27,11,29.99983
27,12,29.999987
27,13,30.0
27,14,30.0
27,15,30.0
27,16,30.0
27,17,30.0
27,18,30.0
27,19,30.0
27,2,16.73795
27,20,30.0
27,21,30.0
27,22,30.0
27,23,30.0
27,24,30.0
27,25,30.0
27,26,30.0
27,27,30.0
27,28,30.0
27,29,30.0
27,3,22.566343
27,4,26.337658
27,5,28.432829
27,6,29.425282
27,7,29.822262
27,8,29.954586
27,9,29.990677
28,0,0.0
28,1,8.966759
28,10,29.998524
28,11,29.99983
28,12,29.999987
28,13,30.0
28,14,30.0
28,15,30.0
28,16,30.0
28,17,30.0
28,18,30.0
28,19,30.0
28,2,16.73795
28,20,30.0
28,21,30.0
28,22,30.0
28,23,30.0
28,24,30.0
28,25,30.0
28,26,30.0
28,27,30.0
28,28,30.0
28,29,30.0
28,3,22.566343
28,4,26.337658
28,5,28.43283
28,6,29.425282
28,7,29.822262
28,8,29.954586
28,9,29.990677
29,0,0.0
29,1,8.966759
29,10,29.998524
29,11,29.99983
29,12,29.999989
29,13,30.0
29,14,30.0
29,15,30.0
29,16,30.0
29,17,30.0
29,18,30.0
29,19,30.0
29,2,16.73795
29,20,30.0
29,21,30.0
29,22,30.0
29,23,30.0
29,24,30.0
29,25,30.0
29,26,30.0
29,27,30.0
29,28,30.0
29,29,30.0
29,3,22.566343
29,4,26.337656
29,5,28.43283
29,6,29.425282
29,7,29.822262
29,8,29.95459
29,9,29.990677
3,0,0.0
3,1,6.664092
3,10,22.564995
3,11,22.566174
3,12,22.56633
3,13,22.566343
3,14,22.566341
3,15,22.566343
3,16,22.566343
3,17,22.566343
3,18,22.566343
3,19,22.566372
3,2,12.478031
3,20,22.5665
3,21,22.567879
3,22,22.572845
3,23,22.597172
3,24,22.668818
3,25,22.890743
3,26,23.419243
3,27,24.593172
3,28,26.751392
3,29,30.0
3,3,16.838488
3,4,19.718033
3,5,21.317781
3,6,22.103111
3,7,22.417244
3,8,22.527771
3,9,22.557915
30,0,0.0
30,1,8.966759
30,10,29.998524
30,11,29.99983
30,12,29.999989
30,13,30.0
30,14,30.0
30,15,30.0
30,16,30.0
30,17,30.0
30,18,30.0
30,19,30.0
30,2,16.73795
30,20,30.0
30,21,30.0
30,22,30.0
30,23,30.0
30,24,30.0
30,25,30.0
30,26,30.0
30,27,30.0
30,28,30.0
30,29,30.0
30,3,22.566343
30,4,26.337658
30,5,28.43283
30,6,29.425282
30,7,29.822262
30,8,29.95459
30,9,29.990677
31,0,0.0
31,1,8.966759
31,10,29.998524
31,11,29.99983
31,12,29.999987
31,13,30.0
31,14,30.0
31,15,30.0
31,16,30.0
31,17,30.0
31,18,30.0
31,19,30.0
31,2,16.73795
31,20,30.0
31,21,30.0
31,22,30.0
31,23,30.0
31,24,30.0
31,25,30.0
31,26,30.0
31,27,30.0
31,28,30.0
31,29,30.0
31,3,22.566343
31,4,26.337658
31,5,28.43283
31,6,29.425282
31,7,29.822262
31,8,29.95459
31,9,29.990677
32,0,0.0
32,1,8.966759
32,10,29.998524
32,11,29.999832
32,12,29.999989
32,13,30.0
32,14,30.0
32,15,30.0
32,16,30.0
32,17,30.0
32,18,30.0
32,19,30.0
32,2,16.73795
32,20,30.0
32,21,30.0
32,22,30.0
32,23,30.0
32,24,30.0
32,25,30.0
32,26,30.0
32,27,30.0
32,28,30.0
32,29,30.0
32,3,22.566343
32,4,26.337658
32,5,28.43283
32,6,29.425282
32,7,29.822262
32,8,29.95459
32,9,29.990677
33,0,0.0
33,1,8.966759
33,10,29.998524
33,11,29.999832
33,12,29.999989
33,13,30.0
33,14,30.0
33,15,30.0
33,16,30.0
33,17,30.0
33,18,30.0
33,19,30.0
33,2,16.73795
33,20,30.0
33,21,30.0
33,22,30.0
33,23,30.0
33,24,30.0
33,25,30.0
33,26,30.0
33,27,30.0
33,28,30.0
33,29,30.0
33,3,22.566343
33,4,26.337658
33,5,28.43283
33,6,29.425282
33,7,29.822262
33,8,29.95459
33,9,29.990677
34,0,0.0
34,1,8.966759
34,10,29.998524
34,11,29.999832
34,12,29.999989
34,13,30.0
34,14,30.0
34,15,30.0
34,16,30.0
34,17,30.0
34,18,30.0
34,19,30.0
34,2,16.73795
34,20,30.0
34,21,30.0
34,22,30.0
34,23,30.0
34,24,30.0
34,25,30.0
34,26,30.0
34,27,30.0
34,28,30.0
34,29,30.0
34,3,22.566343
34,4,26.337658
34,5,28.43283
34,6,29.425282
34,7,29.822262
34,8,29.95459
34,9,29.990677
35,0,0.0
35,1,8.966759
35,10,29.998524
35,11,29.999832
35,12,29.999989
35,13,30.0
35,14,30.0
35,15,30.0
35,16,30.0
35,17,30.0
35,18,30.0
35,19,30.0
35,2,16.73795
35,20,30.0
35,21,30.0
35,22,30.0
35,23,30.0
35,24,30.0
35,25,30.0
35,26,30.0
35,27,30.0
35,28,30.0
35,29,30.0
35,3,22.566343
35,4,26.337658
35,5,28.43283
35,6,29.425282
35,7,29.822262
35,8,29.95459
35,9,29.990677
36,0,0.0
36,1,8.966759
36,10,29.998524
36,11,29.999832
36,12,29.999989
36,13,30.0
36,14,30.0
36,15,30.0
36,16,30.0
36,17,30.0
36,18,30.0
36,19,30.0
36,2,16.73795
36,20,30.0
36,21,30.0
36,22,30.0
36,23,30.0
36,24,30.0
36,25,30.0
36,26,30.0
36,27,30.0
36,28,30.0
36,29,30.0
36,3,22.566343
36,4,26.337658
36,5,28.43283
36,6,29.425282
36,7,29.822262
36,8,29.95459
36,9,29.990677
37,0,0.0
37,1,8.966759
37,10,29.998524
37,11,29.999832
37,12,29.999989
37,13,30.0
37,14,30.0
37,15,30.0
37,16,30.0
37,17,30.0
37,18,30.0
37,19,30.0
37,2,16.73795
37,20,30.0
37,21,30.0
37,22,30.0
37,23,30.0
37,24,30.0
37,25,30.0
37,26,30.0
37,27,30.0
37,28,30.0
37,29,30.0
37,3,22.566343
37,4,26.337658
37,5,28.43283
37,6,29.425282
37,7,29.822262
37,8,29.95459
37,9,29.990677
38,0,0.0
38,1,8.966759
38,10,29.998524
38,11,29.999832
38,12,29.999989
38,13,30.0
38,14,30.0
38,15,30.0
38,16,30.0
38,17,30.0
38,18,30.0
38,19,30.0
38,2,16.73795
38,20,30.0
38,21,30.0
38,22,30.0
38,23,30.0
38,24,30.0
38,25,30.0
38,26,30.0
38,27,30.0
38,28,30.0
38,29,30.0
38,3,22.566343
38,4,26.337656
38,5,28.43283
38,6,29.425282
38,7,29.822262
38,8,29.95459
38,9,29.990677
39,0,0.0
39,1,8.966759
39,10,29.998524
39,11,29.999832
39,12,29.999989
39,13,30.0
39,14,30.0
39,15,30.0
39,16,30.0
39,17,30.0
39,18,30.0
39,19,30.0
39,2,16.73795
39,20,30.0
39,21,30.0
39,22,30.0
39,23,30.0
39,24,30.0
39,25,30.0
39,26,30.0
39,27,30.0
39,28,30.0
39,29,30.0
39,3,22.566341
39,4,26.337658
39,5,28.432829
39,6,29.425282
39,7,29.822262
39,8,29.954586
39,9,29.990677
4,0,0.0
4,1,7.8159103
4,10,26.33618
4,11,26.337486
4,12,26.337646
4,13,26.337656
4,14,26.337658
4,15,26.337656
4,16,26.337656
4,17,26.337658
4,18,26.337656
4,19,26.337656
4,2,14.5897
4,20,26.337753
4,21,26.338148
4,22,26.341602
4,23,26.35283
4,24,26.398935
4,25,26.518183
4,26,26.82729
4,27,27.442966
4,28,28.523746
4,29,30.0
4,3,19.718033
4,4,23.036366
4,5,24.915344
4,6,25.805386
4,7,26.171871
4,8,26.294035
4,9,26.328653
40,0,0.0
40,1,8.966759
40,10,29.998524
40,11,29.999832
40,12,29.999989
40,13,30.0
40,14,30.0
40,15,30.0
40,16,30.0
40,17,30.0
40,18,30.0
40,19,30.0
40,2,16.73795
40,20,30.0
40,21,30.0
40,22,30.0
40,23,30.0
40,24,30.0
40,25,30.0
40,26,30.0
40,27,30.0
40,28,30.0
40,29,30.0
40,3,22.566343
40,4,26.337656
40,5,28.43283
40,6,29.425282
40,7,29.822262
40,8,29.95459
40,9,29.990677
41,0,0.0
41,1,8.966759
41,10,29.998524
41,11,29.999832
41,12,29.999989
41,13,30.0
41,14,30.0
41,15,30.0
41,16,30.0
41,17,30.0
41,18,30.0
41,19,30.0
41,2,16.73795
41,20,30.0
41,21,30.0
41,22,30.0
41,23,30.0
41,24,30.0
41,25,30.0
41,26,30.0
41,27,30.0
41,28,30.0
41,29,30.0
41,3,22.566343
41,4,26.337658
41,5,28.43283
41,6,29.425282
41,7,29.822262
41,8,29.954586
41,9,29.990677
42,0,0.0
42,1,8.966759
42,10,29.998524
42,11,29.999832
42,12,29.999989
42,13,30.0
42,14,30.0
42,15,30.0
42,16,30.0
42,17,30.0
42,18,30.0
42,19,30.0
42,2,16.73795
42,20,30.0
42,21,30.0
42,22,30.0
42,23,30.0
42,24,30.0
42,25,30.0
42,26,30.0
42,27,30.0
42,28,30.0
42,29,30.0
42,3,22.566343
42,4,26.337656
42,5,28.432829
42,6,29.425282
42,7,29.822262
42,8,29.954586
42,9,29.990677
43,0,0.0
43,1,8.966759
43,10,29.998524
43,11,29.99983
43,12,29.999989
43,13,30.0
43,14,30.0
43,15,30.0
43,16,30.0
43,17,30.0
43,18,30.0
43,19,30.0
43,2,16.73795
43,20,30.0
43,21,30.0
43,22,30.0
43,23,30.0
43,24,30.0
43,25,30.0
43,26,30.0
43,27,30.0
43,28,30.0
43,29,30.0
43,3,22.566343
43,4,26.337656
43,5,28.43283
43,6,29.425282
43,7,29.822262
43,8,29.95459
43,9,29.990677
44,0,0.0
44,1,8.966759
44,10,29.998524
44,11,29.99983
44,12,29.999987
44,13,30.0
44,14,30.0
44,15,30.0
44,16,30.0
44,17,30.0
44,18,30.0
44,19,30.0
44,2,16.73795
44,20,30.0
44,21,30.0
44,22,30.0
44,23,30.0
44,24,30.0
44,25,30.0
44,26,30.0
44,27,30.0
44,28,30.0
44,29,30.0
44,3,22.566343
44,4,26.337656
44,5,28.43283
44,6,29.425282
44,7,29.822262
44,8,29.954586
44,9,29.990677
45,0,0.0
45,1,8.966759
45,10,29.998524
45,11,29.999832
45,12,29.999989
45,13,30.0
45,14,30.0
45,15,30.0
45,16,30.0
45,17,30.0
45,18,30.0
45,19,30.0
45,2,16.73795
45,20,30.0
45,21,30.0
45,22,30.0
45,23,30.0
45,24,30.0
45,25,30.0
45,26,30.0
45,27,30.0
45,28,30.0
45,29,30.0
45,3,22.566341
45,4,26.337656
45,5,28.43283
45,6,29.425282
45,7,29.822262
45,8,29.95459
45,9,29.990677
46,0,0.0
46,1,8.966759
46,10,29.998524
46,11,29.999832
46,12,29.999989
46,13,30.0
46,14,30.0
46,15,30.0
46,16,30.0
46,17,30.0
46,18,30.0
46,19,30.0
46,2,16.73795
46,20,30.0
46,21,30.0
46,22,30.0
46,23,30.0
46,24,30.0
46,25,30.0
46,26,30.0
46,27,30.0
46,28,30.0
46,29,30.0
46,3,22.566341
46,4,26.337654
46,5,28.43283
46,6,29.425282
46,7,29.822262
46,8,29.95459
46,9,29.990677
47,0,0.0
47,1,8.966759
47,10,29.998524
47,11,29.999832
47,12,29.999989
47,13,30.0
47,14,30.0
47,15,30.0
47,16,30.0
47,17,30.0
47,18,30.0
47,19,30.0
47,2,16.73795
47,20,30.0
47,21,30.0
47,22,30.0
47,23,30.0
47,24,30.0
47,25,30.0
47,26,30.0
47,27,30.0
47,28,30.0
47,29,30.0
47,3,22.566341
47,4,26.337656
47,5,28.432829
47,6,29.425282
47,7,29.822262
47,8,29.95459
47,9,29.990677
48,0,0.0
48,1,8.966759
48,10,29.998524
48,11,29.999832
48,12,29.999989
48,13,30.0
48,14,30.0
48,15,30.0
48,16,30.0
48,17,30.0
48,18,30.0
48,19,30.0
48,2,16.73795
48,20,30.0
48,21,30.0
48,22,30.0
48,23,30.0
48,24,30.0
48,25,30.0
48,26,30.0
48,27,30.0
48,28,30.0
48,29,30.0
48,3,22.566343
48,4,26.337656
48,5,28.43283
48,6,29.425282
48,7,29.822262
48,8,29.95459
48,9,29.990677
49,0,0.0
49,1,8.966759
49,10,29.998524
49,11,29.999832
49,12,29.999989
49,13,30.0
49,14,30.0
49,15,30.0
49,16,30.0
49,17,30.0
49,18,30.0
49,19,30.0
49,2,16.73795
49,20,30.0
49,21,30.0
49,22,30.0
49,23,30.0
49,24,30.0
49,25,30.0
49,26,30.0
49,27,30.0
49,28,30.0
49,29,30.0
49,3,22.566343
49,4,26.337656
49,5,28.43283
49,6,29.425282
49,7,29.822262
49,8,29.95459
49,9,29.990677
5,0,0.0
5,1,8.455809
5,10,28.431355
5,11,28.432661
5,12,28.43282
5,13,28.43283
5,14,28.43283
5,15,28.43283
5,16,28.432833
5,17,28.43283
5,18,28.43283
5,19,28.432829
5,2,15.805509
5,20,28.43283
5,21,28.433052
5,22,28.433865
5,23,28.439793
5,24,28.456995
5,25,28.516407
5,26,28.648964
5,27,28.931797
5,28,29.388714
5,29,30.0
5,3,21.31778
5,4,24.915344
5,5,26.913988
5,6,27.873837
5,7,28.257776
5,8,28.387995
5,9,28.423508
50,0,0.0
50,1,8.966759
50,10,29.998524
50,11,29.999832
50,12,29.999989
50,13,30.0
50,14,30.0
50,15,30.0
50,16,30.0
50,17,30.0
50,18,30.0
50,19,30.0
50,2,16.73795
50,20,30.0
50,21,30.0
50,22,30.0
50,23,30.0
50,24,30.0
50,25,30.0
50,26,30.0
50,27,30.0
50,28,30.0
50,29,30.0
50,3,22.566343
50,4,26.337656
50,5,28.432829
50,6,29.425282
50,7,29.822262
50,8,29.95459
50,9,29.990677
51,0,0.0
51,1,8.966759
51,10,29.998524
51,11,29.999832
51,12,29.999989
51,13,30.0
51,14,30.0
51,15,30.0
51,16,30.0
51,17,30.0
51,18,30.0
51,19,30.0
51,2,16.73795
51,20,30.0
51,21,30.0
51,22,30.0
51,23,30.0
51,24,30.0
51,25,30.0
51,26,30.0
51,27,30.0
51,28,30.0
51,29,30.0
51,3,22.566343
51,4,26.337656
51,5,28.43283
51,6,29.425282
51,7,29.822262
51,8,29.95459
51,9,29.990677
52,0,0.0
52,1,8.966759
52,10,29.998524
52,11,29.999832
52,12,29.999989
52,13,30.0
52,14,30.0
52,15,30.0
52,16,30.0
52,17,30.0
52,18,30.0
52,19,30.0
52,2,16.73795
52,20,30.0
52,21,30.0
52,22,30.0
52,23,30.0
52,24,30.0
52,25,30.0
52,26,30.0
52,27,30.0
52,28,30.0
52,29,30.0
52,3,22.566343
52,4,26.337658
52,5,28.43283
52,6,29.425282
52,7,29.822262
52,8,29.95459
52,9,29.990677
53,0,0.0
53,1,8.966759
53,10,29.998524
53,11,29.99983
53,12,29.999987
53,13,30.0
53,14,30.0
53,15,30.0
53,16,30.0
53,17,30.0
53,18,30.0
53,19,30.0
53,2,16.73795
53,20,30.0
53,21,30.0
53,22,30.0
53,23,30.0
53,24,30.0
53,25,30.0
53,26,30.0
53,27,30.0
53,28,30.0
53,29,30.0
53,3,22.566343
53,4,26.337656
53,5,28.43283
53,6,29.425282
53,7,29.822262
53,8,29.95459
53,9,29.990677
54,0,0.0
54,1,8.966759
54,10,29.998524
54,11,29.99983
54,12,29.999989
54,13,30.0
54,14,30.0
54,15,30.0
54,16,30.0
54,17,30.0
54,18,30.0
54,19,30.0
54,2,16.73795
54,20,30.0
54,21,30.0
54,22,30.0
54,23,30.0
54,24,30.0
54,25,30.0
54,26,30.0
54,27,30.0
54,28,30.0
54,29,30.0
54,3,22.566343
54,4,26.337658
54,5,28.43283
54,6,29.425282
54,7,29.822262
54,8,29.95459
54,9,29.990677
55,0,0.0
55,1,8.966759
55,10,29.998524
55,11,29.99983
55,12,29.999989
55,13,30.0
55,14,30.0
55,15,30.0
55,16,30.0
55,17,30.0
55,18,30.0
55,19,30.0
55,2,16.73795
55,20,30.0
55,21,30.0
55,22,30.0
55,23,30.0
55,24,30.0
55,25,30.0
55,26,30.0
55,27,30.0
55,28,30.0
55,29,30.0
55,3,22.566343
55,4,26.337656
55,5,28.43283
55,6,29.425282
55,7,29.822262
55,8,29.95459
55,9,29.990677
56,0,0.0
56,1,8.966759
56,10,29.998524
56,11,29.999832
56,12,29.999987
56,13,30.0
56,14,30.0
56,15,30.0
56,16,30.0
56,17,30.0
56,18,30.0
56,19,30.0
56,2,16.73795
56,20,30.0
56,21,30.0
56,22,30.0
56,23,30.0
56,24,30.0
56,25,30.0
56,26,30.0
56,27,30.0
56,28,30.0
56,29,30.0
56,3,22.566343
56,4,26.337658
56,5,28.432829
56,6,29.425282
56,7,29.822262
56,8,29.95459
56,9,29.990677
57,0,0.0
57,1,8.966759
57,10,29.998524
57,11,29.99983
57,12,29.999989
57,13,30.0
57,14,30.0
57,15,30.0
57,16,30.0
57,17,30.0
57,18,30.0
57,19,30.0
57,2,16.73795
57,20,30.0
57,21,30.0
57,22,30.0
57,23,30.0
57,24,30.0
57,25,30.0
57,26,30.0
57,27,30.0
57,28,30.0
57,29,30.0
57,3,22.566343
57,4,26.337654
57,5,28.432829
57,6,29.425282
57,7,29.822262
57,8,29.95459
57,9,29.990677
58,0,0.0
58,1,8.966759
58,10,29.998524
58,11,29.999832
58,12,29.999989
58,13,30.0
58,14,30.0
58,15,30.0
58,16,30.0
58,17,30.0
58,18,30.0
58,19,30.0
58,2,16.73795
58,20,30.0
58,21,30.0
58,22,30.0
58,23,30.0
58,24,30.0
58,25,30.0
58,26,30.0
58,27,30.0
58,28,30.0
58,29,30.0
58,3,22.566343
58,4,26.337658
58,5,28.43283
58,6,29.425282
58,7,29.822262
58,8,29.95459
58,9,29.990677
59,0,0.0
59,1,8.966759
59,10,29.998524
59,11,29.999832
59,12,29.999989
59,13,30.0
59,14,30.0
59,15,30.0
59,16,30.0
59,17,30.0
59,18,30.0
59,19,30.0
59,2,16.73795
59,20,30.0
59,21,30.0
59,22,30.0
59,23,30.0
59,24,30.0
59,25,30.0
59,26,30.0
59,27,30.0
59,28,30.0
59,29,30.0
59,3,22.566343
59,4,26.337656
59,5,28.43283
59,6,29.425282
59,7,29.822262
59,8,29.95459
59,9,29.990677
6,0,0.0
6,1,8.775759
6,10,29.423805
6,11,29.425114
6,12,29.425268
6,13,29.425282
6,14,29.425282
6,15,29.425283
6,16,29.425282
6,17,29.425282
6,18,29.425282
6,19,29.425282
6,2,16.381416
6,20,29.425282
6,21,29.425283
6,22,29.425636
6,23,29.426817
6,24,29.434048
6,25,29.452555
6,26,29.50594
6,27,29.606644
6,28,29.779366
6,29,30.0
6,3,22.103111
6,4,25.805386
6,5,27.873837
6,6,28.853634
6,7,29.24831
6,8,29.37987
6,9,29.415958
60,0,0.0
60,1,8.966759
60,10,29.998524
60,11,29.99983
60,12,29.999989
60,13,30.0
60,14,30.0
60,15,30.0
60,16,30.0
60,17,30.0
60,18,30.0
60,19,30.0
60,2,16.73795
60,20,30.0
60,21,30.0
60,22,30.0
60,23,30.0
60,24,30.0
60,25,30.0
60,26,30.0
60,27,30.0
60,28,30.0
60,29,30.0
60,3,22.566343
60,4,26.337656
60,5,28.432833
60,6,29.425282
60,7,29.822262
60,8,29.954586
60,9,29.990677
61,0,0.0
61,1,8.966759
61,10,29.998524
61,11,29.999832
61,12,29.999989
61,13,30.0
61,14,30.0
61,15,30.0
61,16,30.0
61,17,30.0
61,18,30.0
61,19,30.0
61,2,16.73795
61,20,30.0
61,21,30.0
61,22,30.0
61,23,30.0
61,24,30.0
61,25,30.0
61,26,30.0
61,27,30.0
61,28,30.0
61,29,30.0
61,3,22.566341
61,4,26.337656
61,5,28.43283
61,6,29.425282
61,7,29.822262
61,8,29.954586
61,9,29.990677
62,0,0.0
62,1,8.966759
62,10,29.998524
62,11,29.99983
62,12,29.999989
62,13,30.0
62,14,30.0
62,15,30.0
62,16,30.0
62,17,30.0
62,18,30.0
62,19,30.0
62,2,16.73795
62,20,30.0
62,21,30.0
62,22,30.0
62,23,30.0
62,24,30.0
62,25,30.0
62,26,30.0
62,27,30.0
62,28,30.0
62,29,30.0
62,3,22.566343
62,4,26.337656
62,5,28.43283
62,6,29.425282
62,7,29.822262
62,8,29.95459
62,9,29.990677
63,0,0.0
63,1,8.966759
63,10,29.998524
63,11,29.99983
63,12,29.999987
63,13,30.0
63,14,30.0
63,15,30.0
63,16,30.0
63,17,30.0
63,18,30.0
63,19,30.0
63,2,16.73795
63,20,30.0
63,21,30.0
63,22,30.0
63,23,30.0
63,24,30.0
63,25,30.0
63,26,30.0
63,27,30.0
63,28,30.0
63,29,30.0
63,3,22.566341
63,4,26.337656
63,5,28.43283
63,6,29.425283
63,7,29.822262
63,8,29.95459
63,9,29.990677
64,0,0.0
64,1,8.966759
64,10,29.998524
64,11,29.99983
64,12,29.999989
64,13,30.0
64,14,30.0
64,15,30.0
64,16,30.0
64,17,30.0
64,18,30.0
64,19,30.0
64,2,16.73795
64,20,30.0
64,21,30.0
64,22,30.0
64,23,30.0
64,24,30.0
64,25,30.0
64,26,30.0
64,27,30.0
64,28,30.0
64,29,30.0
64,3,22.566341
64,4,26.337656
64,5,28.43283
64,6,29.425282
64,7,29.822262
64,8,29.95459
64,9,29.990677
65,0,0.0
65,1,8.966759
65,10,29.998524
65,11,29.99983
65,12,29.999987
65,13,30.0
65,14,30.0
65,15,30.0
65,16,30.0
65,17,30.0
65,18,30.0
65,19,30.0
65,2,16.73795
65,20,30.0
65,21,30.0
65,22,30.0
65,23,30.0
65,24,30.0
65,25,30.0
65,26,30.0
65,27,30.0
65,28,30.0
65,29,30.0
65,3,22.566341
65,4,26.337656
65,5,28.43283
65,6,29.425283
65,7,29.822262
65,8,29.95459
65,9,29.990677
66,0,0.0
66,1,8.966759
66,10,29.998524
66,11,29.99983
66,12,29.999989
66,13,30.0
66,14,30.0
66,15,30.0
66,16,30.0
66,17,30.0
66,18,30.0
66,19,30.0
66,2,16.73795
66,20,30.0
66,21,30.0
66,22,30.0
66,23,30.0
66,24,30.0
66,25,30.0
66,26,30.0
66,27,30.0
66,28,30.0
66,29,30.0
66,3,22.566341
66,4,26.337656
66,5,28.43283
66,6,29.425282
66,7,29.822262
66,8,29.95459
66,9,29.990677
67,0,0.0
67,1,8.966759
67,10,29.998524
67,11,29.99983
67,12,29.999987
67,13,30.0
67,14,30.0
67,15,30.0
67,16,30.0
67,17,30.0
67,18,30.0
67,19,30.0
67,2,16.73795
67,20,30.0
67,21,30.0
67,22,30.0
67,23,30.0
67,24,30.0
67,25,30.0
67,26,30.0
67,27,30.0
67,28,30.0
67,29,30.0
67,3,22.566341
67,4,26.337656
67,5,28.43283
67,6,29.425283
67,7,29.822262
67,8,29.95459
67,9,29.990677
68,0,0.0
68,1,8.966759
68,10,29.998524
68,11,29.99983
68,12,29.999989
68,13,30.0
68,14,30.0
68,15,30.0
68,16,30.0
68,17,30.0
68,18,30.0
68,19,30.0
68,2,16.73795
68,20,30.0
68,21,30.0
68,22,30.0
68,23,30.0
68,24,30.0
68,25,30.0
68,26,30.0
68,27,30.0
68,28,30.0
68,29,30.0
68,3,22.566341
68,4,26.337656
68,5,28.43283
68,6,29.425282
68,7,29.822262
68,8,29.95459
68,9,29.990677
69,0,0.0
69,1,8.966759
69,10,29.998524
69,11,29.99983
69,12,29.999987
69,13,30.0
69,14,30.0
69,15,30.0
69,16,30.0
69,17,30.0
69,18,30.0
69,19,30.0
69,2,16.73795
69,20,30.0
69,21,30.0
69,22,30.0
69,23,30.0
69,24,30.0
69,25,30.0
69,26,30.0
69,27,30.0
69,28,30.0
69,29,30.0
69,3,22.566341
69,4,26.337656
69,5,28.43283
69,6,29.425282
69,7,29.822262
69,8,29.954586
69,9,29.990677
7,0,0.0
7,1,8.903738
7,10,29.820784
7,11,29.822092
7,12,29.822248
7,13,29.822262
7,14,29.822262
7,15,29.822262
7,16,29.822262
7,17,29.822262
7,18,29.822262
7,19,29.822262
7,2,16.62574
7,20,29.822262
7,21,29.822262
7,22,29.822262
7,23,29.822674
7,24,29.823915
7,25,29.830269
7,26,29.844398
7,27,29.877888
7,28,29.930138
7,29,30.0
7,3,22.417244
7,4,26.171871
7,5,28.257778
7,6,29.24831
7,7,29.644524
7,8,29.77685
7,9,29.812939
70,0,0.0
70,1,8.966759
70,10,29.998524
70,11,29.99983
70,12,29.999989
70,13,30.0
70,14,30.0
70,15,30.0
70,16,30.0
70,17,30.0
70,18,30.0
70,19,30.0
70,2,16.73795
70,20,30.0
70,21,30.0
70,22,30.0
70,23,30.0
70,24,30.0
70,25,30.0
70,26,30.0
70,27,30.0
70,28,30.0
70,29,30.0
70,3,22.566343
70,4,26.337656
70,5,28.43283
70,6,29.425282
70,7,29.822262
70,8,29.954586
70,9,29.990677
71,0,0.0
71,1,8.966759
71,10,29.998524
71,11,29.99983
71,12,29.999989
71,13,30.0
71,14,30.0
71,15,30.0
71,16,30.0
71,17,30.0
71,18,30.0
71,19,30.0
71,2,16.73795
71,20,30.0
71,21,30.0
71,22,30.0
71,23,30.0
71,24,30.0
71,25,30.0
71,26,30.0
71,27,30.0
71,28,30.0
71,29,30.0
71,3,22.566341
71,4,26.337656
71,5,28.43283
71,6,29.425282
71,7,29.822262
71,8,29.95459
71,9,29.990677
72,0,0.0
72,1,8.966759
72,10,29.998524
72,11,29.999832
72,12,29.999989
72,13,30.0
72,14,30.0
72,15,30.0
72,16,30.0
72,17,30.0
72,18,30.0
72,19,30.0
72,2,16.73795
72,20,30.0
72,21,30.0
72,22,30.0
72,23,30.0
72,24,30.0
72,25,30.0
72,26,30.0
72,27,30.0
72,28,30.0
72,29,30.0
72,3,22.566343
72,4,26.337656
72,5,28.43283
72,6,29.425282
72,7,29.822262
72,8,29.95459
72,9,29.990677
73,0,0.0
73,1,8.966759
73,10,29.998524
73,11,29.999832
73,12,29.999989
73,13,30.0
73,14,30.0
73,15,30.0
73,16,30.0
73,17,30.0
73,18,30.0
73,19,30.0
73,2,16.73795
73,20,30.0
73,21,30.0
73,22,30.0
73,23,30.0
73,24,30.0
73,25,30.0
73,26,30.0
73,27,30.0
73,28,30.0
73,29,30.0
73,3,22.566341
73,4,26.337656
73,5,28.43283
73,6,29.425282
73,7,29.822262
73,8,29.954586
73,9,29.990677
74,0,0.0
74,1,8.966759
74,10,29.998524
74,11,29.999832
74,12,29.999989
74,13,30.0
74,14,30.0
74,15,30.0
74,16,30.0
74,17,30.0
74,18,30.0
74,19,30.0
74,2,16.73795
74,20,30.0
74,21,30.0
74,22,30.0
74,23,30.0
74,24,30.0
74,25,30.0
74,26,30.0
74,27,30.0
74,28,30.0
74,29,30.0
74,3,22.566341
74,4,26.337656
74,5,28.43283
74,6,29.425282
74,7,29.822262
74,8,29.95459
74,9,29.990677
75,0,0.0
75,1,8.966759
75,10,29.998524
75,11,29.999832
75,12,29.999989
75,13,30.0
75,14,30.0
75,15,30.0
75,16,30.0
75,17,30.0
75,18,30.0
75,19,30.0
75,2,16.73795
75,20,30.0
75,21,30.0
75,22,30.0
75,23,30.0
75,24,30.0
75,25,30.0
75,26,30.0
75,27,30.0
75,28,30.0
75,29,30.0
75,3,22.566341
75,4,26.337656
75,5,28.43283
75,6,29.425282
75,7,29.822262
75,8,29.954586
75,9,29.990677
76,0,0.0
76,1,8.966759
76,10,29.998524
76,11,29.999832
76,12,29.999989
76,13,30.0
76,14,30.0
76,15,30.0
76,16,30.0
76,17,30.0
76,18,30.0
76,19,30.0
76,2,16.73795
76,20,30.0
76,21,30.0
76,22,30.0
76,23,30.0
76,24,30.0
76,25,30.0
76,26,30.0
76,27,30.0
76,28,30.0
76,29,30.0
76,3,22.566341
76,4,26.337656
76,5,28.43283
76,6,29.425282
76,7,29.822262
76,8,29.954586
76,9,29.990677
77,0,0.0
77,1,8.966759
77,10,29.998524
77,11,29.999832
77,12,29.999989
77,13,30.0
77,14,30.0
77,15,30.0
77,16,30.0
77,17,30.0
77,18,30.0
77,19,30.0
77,2,16.73795
77,20,30.0
77,21,30.0
77,22,30.0
77,23,30.0
77,24,30.0
77,25,30.0
77,26,30.0
77,27,30.0
77,28,30.0
77,29,30.0
77,3,22.566343
77,4,26.337656
77,5,28.43283
77,6,29.425282
77,7,29.822262
77,8,29.95459
77,9,29.990677
78,0,0.0
78,1,8.966759
78,10,29.998524
78,11,29.999832
78,12,29.999989
78,13,30.0
78,14,30.0
78,15,30.0
78,16,30.0
78,17,30.0
78,18,30.0
78,19,30.0
78,2,16.73795
78,20,30.0
78,21,30.0
78,22,30.0
78,23,30.0
78,24,30.0
78,25,30.0
78,26,30.0
78,27,30.0
78,28,30.0
78,29,30.0
78,3,22.566343
78,4,26.337656
78,5,28.43283
78,6,29.425282
78,7,29.822262
78,8,29.954586
78,9,29.990677
79,0,0.0
79,1,8.966759
79,10,29.998524
79,11,29.999832
79,12,29.999989
79,13,30.0
79,14,30.0
79,15,30.0
79,16,30.0
79,17,30.0
79,18,30.0
79,19,30.0
79,2,16.73795
79,20,30.0
79,21,30.0
79,22,30.0
79,23,30.0
79,24,30.0
79,25,30.0
79,26,30.0
79,27,30.0
79,28,30.0
79,29,30.0
79,3,22.566341
79,4,26.337656
79,5,28.43283
79,6,29.425282
79,7,29.822262
79,8,29.95459
79,9,29.990677
8,0,0.0
8,1,8.950276
8,10,29.953112
8,11,29.954418
8,12,29.954576
8,13,29.95459
8,14,29.95459
8,15,29.95459
8,16,29.95459
8,17,29.95459
8,18,29.95459
8,19,29.95459
8,2,16.707184
8,20,29.95459
8,21,29.95459
8,22,29.95459
8,23,29.95459
8,24,29.95494
8,25,29.955889
8,26,29.959892
8,27,29.967485
8,28,29.981861
8,29,30.0
8,3,22.527771
8,4,26.294035
8,5,28.387993
8,6,29.37987
8,7,29.77685
8,8,29.909176
8,9,29.945265
80,0,0.0
80,1,8.966759
80,10,29.998524
80,11,29.999832
80,12,29.999989
80,13,30.0
80,14,30.0
80,15,30.0
80,16,30.0
80,17,30.0
80,18,30.0
80,19,30.0
80,2,16.73795
80,20,30.0
80,21,30.0
80,22,30.0
80,23,30.0
80,24,30.0
80,25,30.0
80,26,30.0
80,27,30.0
80,28,30.0
80,29,30.0
80,3,22.566343
80,4,26.337656
80,5,28.43283
80,6,29.425282
80,7,29.822262
80,8,29.95459
80,9,29.990677
81,0,0.0
81,1,8.966759
81,10,29.998524
81,11,29.999832
81,12,29.999989
81,13,30.0
81,14,30.0
81,15,30.0
81,16,30.0
81,17,30.0
81,18,30.0
81,19,30.0
81,2,16.73795
81,20,30.0
81,21,30.0
81,22,30.0
81,23,30.0
81,24,30.0
81,25,30.0
81,26,30.0
81,27,30.0
81,28,30.0
81,29,30.0
81,3,22.566343
81,4,26.337656
81,5,28.43283
81,6,29.425282
81,7,29.822262
81,8,29.95459
81,9,29.990677
82,0,0.0
82,1,8.966759
82,10,29.998524
82,11,29.999832
82,12,29.999987
82,13,30.0
82,14,30.0
82,15,30.0
82,16,30.0
82,17,30.0
82,18,30.0
82,19,30.0
82,2,16.73795
82,20,30.0
82,21,30.0
82,22,30.0
82,23,30.0
82,24,30.0
82,25,30.0
82,26,30.0
82,27,30.0
82,28,30.0
82,29,30.0
82,3,22.566343
82,4,26.337656
82,5,28.43283
82,6,29.425282
82,7,29.822262
82,8,29.95459
82,9,29.990677
83,0,0.0
83,1,8.966759
83,10,29.998524
83,11,29.99983
83,12,29.999989
83,13,30.0
83,14,30.0
83,15,30.0
83,16,30.0
83,17,30.0
83,18,30.0
83,19,30.0
83,2,16.73795
83,20,30.0
83,21,30.0
83,22,30.0
83,23,30.0
83,24,30.0
83,25,30.0
83,26,30.0
83,27,30.0
83,28,30.0
83,29,30.0
83,3,22.566341
83,4,26.337656
83,5,28.43283
83,6,29.425282
83,7,29.822262
83,8,29.95459
83,9,29.990677
84,0,0.0
84,1,8.966759
84,10,29.998524
84,11,29.999832
84,12,29.999987
84,13,30.0
84,14,30.0
84,15,30.0
84,16,30.0
84,17,30.0
84,18,30.0
84,19,30.0
84,2,16.73795
84,20,30.0
84,21,30.0
84,22,30.0
84,23,30.0
84,24,30.0
84,25,30.0
84,26,30.0
84,27,30.0
84,28,30.0
84,29,30.0
84,3,22.566343
84,4,26.337656
84,5,28.43283
84,6,29.425282
84,7,29.822262
84,8,29.95459
84,9,29.990677
85,0,0.0
85,1,8.966759
85,10,29.998524
85,11,29.99983
85,12,29.999989
85,13,30.0
85,14,30.0
85,15,30.0
85,16,30.0
85,17,30.0
85,18,30.0
85,19,30.0
85,2,16.73795
85,20,30.0
85,21,30.0
85,22,30.0
85,23,30.0
85,24,30.0
85,25,30.0
85,26,30.0
85,27,30.0
85,28,30.0
85,29,30.0
85,3,22.566343
85,4,26.337656
85,5,28.43283
85,6,29.425282
85,7,29.822262
85,8,29.954586
85,9,29.990677
86,0,0.0
86,1,8.96676
86,10,29.998524
86,11,29.999832
86,12,29.999989
86,13,30.0
86,14,30.0
86,15,30.0
86,16,30.0
86,17,30.0
86,18,30.0
86,19,30.0
86,2,16.737951
86,20,30.0
86,21,30.0
86,22,30.0
86,23,30.0
86,24,30.0
86,25,30.0
86,26,30.0
86,27,30.0
86,28,30.0
86,29,30.0
86,3,22.566345
86,4,26.337658
86,5,28.43283
86,6,29.425282
86,7,29.822262
86,8,29.95459
86,9,29.990679
87,0,0.0
87,1,8.966776
87,10,29.998554
87,11,29.999859
87,12,30.000015
87,13,30.000027
87,14,30.000029
87,15,30.00003
87,16,30.000029
87,17,30.000029
87,18,30.000027
87,19,30.00003
87,2,16.73798
87,20,30.000029
87,21,30.000027
87,22,30.000027
87,23,30.000027
87,24,30.000027
87,25,30.000027
87,26,30.00003
87,27,30.000027
87,28,30.000015
87,29,30.0
87,3,22.566372
87,4,26.337685
87,5,28.432858
87,6,29.425312
87,7,29.822292
87,8,29.954618
87,9,29.990707
88,0,0.0
88,1,8.966973
88,10,29.998919
88,11,30.000225
88,12,30.000381
88,13,30.000393
88,14,30.000395
88,15,30.000395
88,16,30.000395
88,17,30.000395
88,18,30.000395
88,19,30.000395
88,2,16.738281
88,20,30.000395
88,21,30.000397
88,22,30.000397
88,23,30.000395
88,24,30.000397
88,25,30.000393
88,26,30.000393
88,27,30.000328
88,28,30.000212
88,29,30.0
88,3,22.566738
88,4,26.33805
88,5,28.433228
88,6,29.425678
88,7,29.822659
88,8,29.954985
88,9,29.991074
89,0,0.0
89,1,8.968353
89,10,30.00197
89,11,30.003277
89,12,30.003433
89,13,30.003445
89,14,30.003447
89,15,30.003447
89,16,30.003445
89,17,30.003445
89,18,30.003448
89,19,30.003447
89,2,16.740738
89,20,30.003448
89,21,30.003447
89,22,30.003447
89,23,30.003445
89,24,30.003445
89,25,30.003445
89,26,30.003216
89,27,30.002756
89,28,30.001549
89,29,30.0
89,3,22.56959
89,4,26.341103
89,5,28.436277
89,6,29.42873
89,7,29.825708
89,8,29.958036
89,9,29.994123
9,0,0.0
9,1,8.962969
9,10,29.989199
9,11,29.990509
9,12,29.990665
9,13,29.990677
9,14,29.990677
9,15,29.990677
9,16,29.990677
9,17,29.990677
9,18,29.990677
9,19,29.990677
9,2,16.73151
9,20,29.990677
9,21,29.990677
9,22,29.990677
9,23,29.990677
9,24,29.990677
9,25,29.990898
9,26,29.991415
9,27,29.993183
9,28,29.995974
9,29,30.0
9,3,22.557915
9,4,26.328653
9,5,28.423508
9,6,29.415958
9,7,29.812939
9,8,29.945265
9,9,29.981354
90,0,0.0
90,1,8.976385
90,10,30.020275
90,11,30.021584
90,12,30.02174
90,13,30.021751
90,14,30.021751
90,15,30.021751
90,16,30.021751
90,17,30.021753
90,18,30.021751
90,19,30.021751
90,2,16.754234
90,20,30.021751
90,21,30.021751
90,22,30.021751
90,23,30.021751
90,24,30.021751
90,25,30.021236
90,26,30.020031
90,27,30.015907
90,28,30.009392
90,29,30.0
90,3,22.586533
90,4,26.358992
90,5,28.454584
90,6,29.447037
90,7,29.844013
90,8,29.976341
90,9,30.012432
91,0,0.0
91,1,9.010739
91,10,30.104485
91,11,30.10579
91,12,30.10595
91,13,30.105959
91,14,30.10596
91,15,30.10596
91,16,30.10596
91,17,30.10596
91,18,30.10596
91,19,30.10596
91,2,16.815567
91,20,30.10596
91,21,30.10596
91,22,30.10596
91,23,30.10596
91,24,30.105133
91,25,30.102932
91,26,30.093586
91,27,30.075869
91,28,30.042324
91,29,30.0
91,3,22.661465
91,4,26.441078
91,5,28.538189
91,6,29.531242
91,7,29.928223
91,8,30.06055
91,9,30.096638
92,0,0.0
92,1,9.136608
92,10,30.413246
92,11,30.414555
92,12,30.41471
92,13,30.414722
92,14,30.414722
92,15,30.414722
92,16,30.414722
92,17,30.414722
92,18,30.414722
92,19,30.414722
92,2,17.032785
92,20,30.414722
92,21,30.414722
92,22,30.414722
92,23,30.413757
92,24,30.410866
92,25,30.396038
92,26,30.363071
92,27,30.28493
92,28,30.16301
92,29,30.0
92,3,22.935917
92,4,26.737642
92,5,28.84473
92,6,29.839396
92,7,30.236984
92,8,30.36931
92,9,30.4054
93,0,0.0
93,1,9.511202
93,10,31.33953
93,11,31.34084
93,12,31.341
93,13,31.341011
93,14,31.34101
93,15,31.341011
93,16,31.341011
93,17,31.341011
93,18,31.34101
93,19,31.34101
93,2,17.692604
93,20,31.341011
93,21,31.341011
93,22,31.340183
93,23,31.337431
93,24,31.320557
93,25,31.277372
93,26,31.15281
93,27,30.917831
93,28,30.51481
93,29,30.0
93,3,23.74998
93,4,27.630205
93,5,29.76035
93,6,30.764248
93,7,31.162859
93,8,31.295597
93,9,31.331688
94,0,0.0
94,1,10.493425
94,10,33.65525
94,11,33.65656
94,12,33.656715
94,13,33.65673
94,14,33.65673
94,15,33.65673
94,16,33.65673
94,17,33.65673
94,18,33.65673
94,19,33.65673
94,2,19.366186
94,20,33.65673
94,21,33.65621
94,22,33.65432
94,23,33.640488
94,24,33.600346
94,25,33.461716
94,26,33.15242
94,27,32.492477
94,28,31.42633
94,29,30.0
94,3,25.82124
94,4,29.860653
94,5,32.057343
94,6,33.074535
94,7,33.478233
94,8,33.611153
94,9,33.647404
95,0,0.0
95,1,12.736751
95,10,38.54399
95,11,38.5453
95,12,38.545456
95,13,38.545467
95,14,38.545467
95,15,38.545467
95,16,38.545467
95,17,38.545467
95,18,38.545467
95,19,38.545467
95,2,23.113144
95,20,38.54524
95,21,38.54432
95,22,38.536263
95,23,38.510063
95,24,38.40248
95,25,38.124237
95,26,37.402996
95,27,35.966408
95,28,33.444588
95,29,30.0
95,3,30.29374
95,4,34.64242
95,5,36.91889
95,6,37.96262
95,7,38.36653
95,8,38.50021
95,9,38.536137
96,0,0.0
96,1,17.492788
96,10,47.34375
96,11,47.34503
96,12,47.34519
96,13,47.3452
96,14,47.3452
96,15,47.3452
96,16,47.345196
96,17,47.3452
96,18,47.3452
96,19,47.34513
96,2,30.50079
96,20,47.344833
96,21,47.341614
96,22,47.33003
96,23,47.273262
96,24,47.106087
96,25,46.588264
96,26,45.355095
96,27,42.61593
96,28,37.580086
96,29,30.0
96,3,38.77434
96,4,43.415554
96,5,45.755054
96,6,46.779205
96,7,47.174427
96,8,47.301506
96,9,47.33625
97,0,0.0
97,1,27.22725
97,10,60.94353
97,11,60.94463
97,12,60.94477
97,13,60.944786
97,14,60.944786
97,15,60.944786
97,16,60.944782
97,17,60.94478
97,18,60.944775
97,19,60.944714
97,2,43.856968
97,20,60.943905
97,21,60.940704
97,22,60.92167
97,23,60.858864
97,24,60.628006
97,25,59.990955
97,26,58.26867
97,27,54.249695
97,28,45.60362
97,29,30.0
97,3,52.86184
97,4,57.43392
97,5,59.559807
97,6,60.465508
97,7,60.79956
97,8,60.908188
97,9,60.937088
98,0,0.0
98,1,48.24485
98,10,79.0768
98,11,79.07747
98,12,79.07755
98,13,79.07756
98,14,79.07756
98,15,79.07756
98,16,79.07756
98,17,79.07756
98,18,79.07755
98,19,79.07745
98,2,66.19093
98,20,79.07701
98,21,79.0737
98,22,79.0616
98,23,79.008415
98,24,78.843445
98,25,78.31829
98,26,76.87036
98,27,72.878204
98,28,61.928482
98,29,30.0
98,3,73.62176
98,4,76.84204
98,5,78.23216
98,6,78.78779
98,7,78.991745
98,8,79.05556
98,9,79.07299
99,0,0.0
99,1,100.0
99,10,100.0
99,11,100.0
99,12,100.0
99,13,100.0
99,14,100.0
99,15,100.0
99,16,100.0
99,17,100.0
99,18,100.0
99,19,100.0
99,2,100.0
99,20,100.0
99,21,100.0
99,22,100.0
99,23,100.0
99,24,100.0
99,25,100.0
99,26,100.0
99,27,100.0
99,28,100.0
99,29,30.0
99,3,100.0
99,4,100.0
99,5,100.0
99,6,100.0
99,7,100.0
99,8,100.0
99,9,100.0
