0,0,0.0
0,1,0.0
0,10,0.0
0,11,0.0
0,12,0.0
0,13,0.0
0,14,0.0
0,15,30.0
0,2,0.0
0,3,0.0
0,4,0.0
0,5,0.0
0,6,0.0
0,7,0.0
0,8,0.0
0,9,0.0
1,0,0.0
1,1,0.6356051
1,10,5.176206
1,11,5.945306
1,12,7.2355933
1,13,9.736404
1,14,15.342208
1,15,30.0
1,2,1.2554362
1,3,1.8455989
1,4,2.3957825
1,5,2.9007318
1,6,3.3616815
1,7,3.7882
1,8,4.201396
1,9,4.640357
10,0,0.0
10,1,11.119627
10,10,49.44737
10,11,47.822945
10,12,45.02966
10,13,41.01465
10,14,35.873608
10,15,30.0
10,2,21.193754
10,3,29.670494
10,4,36.43982
10,5,41.624794
10,6,45.420177
10,7,48.00555
10,8,49.507957
10,9,49.989555
11,0,0.0
11,1,14.543446
11,10,57.06241
11,11,54.923492
11,12,51.283787
11,13,45.88538
11,14,38.63633
11,15,30.0
11,2,27.115707
11,3,37.072113
11,4,44.57366
11,5,50.03569
11,6,53.860542
11,7,56.3488
11,8,57.6835
11,9,57.934353
12,0,0.0
12,1,19.93847
12,10,65.94455
12,11,63.524918
12,12,59.296715
12,13,52.606792
12,14,42.786358
12,15,30.0
12,2,35.653572
12,3,46.928673
12,4,54.74713
12,5,60.083878
12,6,63.637627
12,7,65.84573
12,8,66.94303
12,9,67.002075
13,0,0.0
13,1,29.556892
13,10,76.18886
13,11,73.93502
13,12,69.771416
13,13,62.458763
13,14,49.90233
13,15,30.0
13,2,48.631485
13,3,60.241932
13,4,67.40239
13,5,71.91516
13,6,74.76044
13,7,76.453606
13,8,77.240906
13,9,77.18648
14,0,0.0
14,1,49.657616
14,10,87.68947
14,11,86.25491
14,12,83.39522
14,13,77.55454
14,14,64.36421
14,15,30.0
14,2,69.07358
14,3,78.00522
14,4,82.7054
14,5,85.41399
14,6,87.035446
14,7,87.9674
14,8,88.3806
14,9,88.314125
15,0,0.0
15,1,100.0
15,10,100.0
15,11,100.0
15,12,100.0
15,13,100.0
15,14,100.0
15,15,30.0
15,2,100.0
15,3,100.0
15,4,100.0
15,5,100.0
15,6,100.0
15,7,100.0
15,8,100.0
15,9,100.0
2,0,0.0
2,1,1.2869923
2,10,10.119195
2,11,11.369449
2,12,13.260685
2,13,16.367836
2,14,21.632433
2,15,30.0
2,2,2.540555
2,3,3.7312005
2,4,4.836825
2,5,5.845497
2,6,6.7578287
2,7,7.58976
2,8,8.377064
2,9,9.183861
3,0,0.0
3,1,1.9718232
3,10,14.747328
3,11,16.152668
3,12,18.069906
3,13,20.841843
3,14,24.81971
3,15,30.0
3,2,3.8886235
3,3,5.7018623
3,4,7.3748775
3,5,8.886664
3,6,10.2344475
3,7,11.436019
3,8,12.533311
3,9,13.598898
4,0,0.0
4,1,2.7117004
4,10,19.118649
4,11,20.424063
4,12,22.02449
4,13,24.109964
4,14,26.804583
4,15,30.0
4,2,5.340293
4,3,7.812814
4,4,10.074234
4,5,12.091927
4,6,13.857379
4,7,15.386665
4,8,16.721367
4,9,17.931189
5,0,0.0
5,1,3.5347118
5,10,23.372118
5,11,24.400547
5,12,25.494108
5,13,26.76899
5,14,28.28869
5,15,30.0
5,2,6.9480906
5,3,10.134943
5,4,13.017419
5,5,15.549546
5,6,17.7166
5,7,19.532032
5,8,21.034433
5,9,22.285976
6,0,0.0
6,1,4.4790897
6,10,27.683443
6,11,28.312012
6,12,28.7825
6,13,29.183262
6,14,29.581223
6,15,30.0
6,2,8.782475
6,3,12.761545
6,4,16.311064
6,5,19.372372
6,6,21.927597
6,7,23.990578
6,8,25.598522
6,9,26.806307
7,0,0.0
7,1,5.599207
7,10,32.243484
7,11,32.38169
7,12,32.14071
7,13,31.600405
7,14,30.85297
7,15,30.0
7,2,10.94125
7,3,15.817792
7,4,20.093052
7,5,23.701427
7,6,26.630999
7,7,28.904331
7,8,30.562931
7,9,31.657452
8,0,0.0
8,1,6.9765267
8,10,37.251495
8,11,36.830696
8,12,35.798347
8,13,34.224747
8,14,32.23029
8,15,30.0
8,2,13.565596
8,3,19.475428
8,4,24.542055
8,5,28.709438
8,6,31.990807
8,7,34.433
8,8,36.091595
8,9,37.017265
9,0,0.0
9,1,8.741343
9,10,42.914696
9,11,41.891388
9,12,39.99733
9,13,37.270035
9,14,33.84347
9,15,30.0
9,2,16.86925
9,3,23.976377
9,4,29.890436
9,5,34.603622
9,6,38.18997
9,7,40.74543
9,8,42.35338
9,9,43.06868
